150, 300, 15
16, 0, 0, 76
16, 68, 0, 26
16, 6, 0, 36
16, 233, 0, 40
16, 107, 0, 63
16, 47, 0, 82
16, 283, 0, 66
16, 178, 0, 23
16, 244, 0, 48
16, 119, 0, 98
16, 58, 0, 86
16, 187, 0, 48
16, 30, 0, 94
16, 2, 1, 15
16, 131, 1, 28
16, 262, 1, 81
16, 11, 1, 68
16, 21, 1, 34
16, 164, 1, 71
16, 179, 1, 93
16, 51, 1, 48
16, 183, 1, 32
16, 59, 1, 12
16, 76, 1, 47
16, 78, 1, 15
16, 81, 1, 51
16, 215, 1, 99
16, 92, 1, 90
16, 230, 1, 41
16, 233, 1, 40
16, 117, 1, 78
16, 246, 1, 87
16, 121, 1, 87
16, 192, 2, 14
16, 161, 2, 17
16, 32, 2, 66
16, 137, 2, 24
16, 170, 2, 74
16, 106, 2, 55
16, 77, 2, 87
16, 173, 2, 84
16, 47, 2, 82
16, 240, 2, 78
16, 49, 2, 16
16, 274, 2, 65
16, 51, 2, 48
16, 116, 2, 61
16, 53, 2, 46
16, 87, 2, 60
16, 63, 2, 19
16, 223, 2, 41
16, 224, 3, 31
16, 97, 3, 100
16, 162, 3, 17
16, 261, 3, 53
16, 295, 3, 29
16, 73, 3, 50
16, 137, 3, 24
16, 140, 3, 40
16, 78, 3, 15
16, 176, 3, 47
16, 16, 3, 60
16, 180, 3, 65
16, 53, 3, 46
16, 214, 3, 54
16, 56, 3, 15
16, 90, 3, 19
16, 156, 3, 60
16, 125, 3, 85
16, 37, 4, 8
16, 140, 4, 40
16, 85, 4, 80
16, 118, 4, 2
16, 278, 4, 38
16, 122, 4, 58
16, 252, 4, 54
16, 0, 5, 76
16, 135, 5, 25
16, 272, 5, 73
16, 144, 5, 67
16, 277, 5, 68
16, 152, 5, 8
16, 284, 5, 32
16, 296, 5, 91
16, 169, 5, 6
16, 43, 5, 55
16, 181, 5, 95
16, 184, 5, 47
16, 186, 5, 69
16, 190, 5, 74
16, 83, 5, 45
16, 215, 5, 99
16, 94, 5, 14
16, 228, 5, 66
16, 125, 5, 85
16, 37, 6, 8
16, 165, 6, 83
16, 109, 6, 53
16, 270, 6, 76
16, 205, 6, 35
16, 209, 6, 71
16, 87, 6, 60
16, 153, 6, 90
16, 189, 6, 40
16, 287, 6, 11
16, 43, 7, 55
16, 173, 7, 84
16, 176, 7, 47
16, 274, 7, 65
16, 55, 7, 68
16, 123, 7, 14
16, 128, 8, 21
16, 97, 8, 100
16, 290, 8, 39
16, 82, 8, 57
16, 118, 8, 2
16, 282, 8, 52
16, 196, 9, 61
16, 233, 9, 40
16, 44, 9, 86
16, 141, 9, 37
16, 60, 9, 52
16, 52, 9, 48
16, 181, 9, 95
16, 24, 9, 72
16, 284, 9, 32
16, 287, 9, 11
16, 65, 10, 78
16, 257, 10, 48
16, 194, 10, 36
16, 170, 10, 74
16, 174, 10, 62
16, 270, 10, 76
16, 50, 10, 44
16, 274, 10, 65
16, 245, 10, 4
16, 183, 10, 32
16, 187, 10, 48
16, 33, 11, 79
16, 98, 11, 49
16, 195, 11, 78
16, 259, 11, 73
16, 261, 11, 53
16, 200, 11, 9
16, 104, 11, 58
16, 235, 11, 74
16, 268, 11, 19
16, 209, 11, 71
16, 211, 11, 13
16, 148, 11, 50
16, 277, 11, 68
16, 84, 11, 56
16, 56, 11, 15
16, 126, 11, 67
16, 158, 11, 19
16, 287, 11, 11
16, 288, 12, 87
16, 227, 12, 63
16, 68, 12, 26
16, 260, 12, 28
16, 262, 12, 81
16, 165, 12, 83
16, 292, 12, 14
16, 43, 12, 55
16, 45, 12, 38
16, 145, 12, 80
16, 243, 12, 27
16, 83, 12, 45
16, 275, 12, 34
16, 179, 12, 93
16, 183, 12, 32
16, 123, 12, 14
16, 222, 12, 20
16, 223, 12, 41
16, 0, 13, 76
16, 257, 13, 48
16, 133, 13, 60
16, 38, 13, 89
16, 262, 13, 81
16, 266, 13, 91
16, 12, 13, 62
16, 205, 13, 35
16, 142, 13, 43
16, 54, 13, 98
16, 87, 13, 60
16, 61, 13, 37
16, 256, 14, 58
16, 0, 14, 76
16, 8, 14, 4
16, 17, 14, 93
16, 277, 14, 68
16, 149, 14, 87
16, 21, 14, 34
16, 25, 14, 79
16, 283, 14, 66
16, 156, 14, 60
16, 285, 14, 64
16, 293, 14, 59
16, 170, 14, 74
16, 179, 14, 93
16, 189, 14, 40
16, 77, 14, 87
16, 214, 14, 54
16, 217, 14, 42
16, 223, 14, 41
16, 233, 14, 40
16, 225, 15, 78
16, 161, 15, 17
16, 66, 15, 49
16, 100, 15, 61
16, 260, 15, 28
16, 165, 15, 83
16, 9, 15, 9
16, 202, 15, 6
16, 77, 15, 87
16, 78, 15, 15
16, 21, 15, 34
16, 61, 15, 37
16, 30, 15, 94
16, 32, 16, 66
16, 224, 16, 31
16, 2, 16, 15
16, 106, 16, 55
16, 140, 16, 40
16, 237, 16, 76
16, 205, 16, 35
16, 207, 16, 22
16, 112, 16, 35
16, 278, 16, 38
16, 183, 16, 32
16, 152, 16, 8
16, 249, 16, 64
16, 92, 16, 90
16, 29, 16, 47
16, 286, 16, 87
16, 225, 17, 78
16, 226, 17, 82
16, 39, 17, 31
16, 137, 17, 24
16, 45, 17, 38
16, 28, 17, 43
16, 271, 17, 84
16, 177, 17, 26
16, 82, 17, 57
16, 178, 17, 23
16, 244, 17, 48
16, 213, 17, 65
16, 189, 17, 40
16, 24, 17, 72
16, 27, 17, 26
16, 156, 17, 60
16, 221, 17, 87
16, 191, 17, 69
16, 290, 18, 39
16, 196, 18, 61
16, 5, 18, 29
16, 43, 18, 55
16, 80, 18, 10
16, 144, 18, 67
16, 148, 18, 50
16, 149, 18, 87
16, 215, 18, 99
16, 189, 18, 40
16, 223, 18, 41
16, 263, 19, 52
16, 8, 19, 4
16, 265, 19, 51
16, 42, 19, 78
16, 135, 19, 25
16, 78, 19, 15
16, 210, 19, 13
16, 275, 19, 34
16, 19, 19, 16
16, 21, 19, 34
16, 85, 19, 80
16, 215, 19, 99
16, 146, 19, 99
16, 126, 19, 67
16, 123, 19, 14
16, 29, 19, 47
16, 94, 19, 14
16, 193, 20, 20
16, 103, 20, 81
16, 137, 20, 24
16, 140, 20, 40
16, 246, 20, 87
16, 88, 20, 46
16, 288, 21, 87
16, 64, 21, 50
16, 3, 21, 89
16, 36, 21, 36
16, 5, 21, 29
16, 9, 21, 9
16, 10, 21, 52
16, 139, 21, 60
16, 175, 21, 24
16, 208, 21, 4
16, 145, 21, 80
16, 209, 21, 71
16, 81, 21, 51
16, 86, 21, 25
16, 216, 21, 60
16, 61, 21, 37
16, 31, 21, 43
16, 166, 22, 13
16, 167, 22, 63
16, 105, 22, 52
16, 42, 22, 78
16, 203, 22, 8
16, 265, 22, 51
16, 110, 22, 15
16, 175, 22, 24
16, 208, 22, 4
16, 271, 22, 84
16, 114, 22, 39
16, 117, 22, 78
16, 54, 22, 98
16, 153, 22, 90
16, 185, 23, 13
16, 231, 23, 92
16, 202, 23, 6
16, 266, 23, 91
16, 204, 23, 68
16, 173, 23, 84
16, 107, 23, 63
16, 207, 23, 22
16, 208, 23, 4
16, 49, 23, 16
16, 113, 23, 48
16, 275, 23, 34
16, 216, 23, 60
16, 89, 23, 91
16, 284, 23, 32
16, 57, 23, 62
16, 96, 24, 97
16, 260, 24, 28
16, 294, 24, 43
16, 76, 24, 47
16, 110, 24, 15
16, 79, 24, 86
16, 50, 24, 44
16, 242, 24, 68
16, 62, 24, 100
16, 129, 25, 18
16, 33, 25, 79
16, 37, 25, 8
16, 102, 25, 11
16, 40, 25, 30
16, 296, 25, 91
16, 138, 25, 70
16, 203, 25, 8
16, 136, 25, 16
16, 110, 25, 15
16, 112, 25, 35
16, 147, 25, 79
16, 212, 25, 69
16, 150, 25, 94
16, 152, 25, 8
16, 88, 25, 46
16, 124, 25, 17
16, 101, 26, 46
16, 172, 26, 80
16, 12, 26, 62
16, 80, 26, 10
16, 274, 26, 65
16, 275, 26, 34
16, 181, 26, 95
16, 88, 26, 46
16, 90, 26, 19
16, 64, 27, 50
16, 201, 27, 41
16, 203, 27, 8
16, 15, 27, 35
16, 18, 27, 7
16, 1, 28, 20
16, 3, 28, 89
16, 132, 28, 4
16, 264, 28, 46
16, 170, 28, 74
16, 141, 28, 37
16, 112, 28, 35
16, 17, 28, 93
16, 50, 28, 44
16, 84, 28, 56
16, 247, 28, 55
16, 121, 28, 87
16, 155, 28, 73
16, 279, 28, 31
16, 253, 28, 3
16, 163, 29, 12
16, 15, 29, 35
16, 243, 29, 27
16, 211, 29, 13
16, 93, 29, 93
16, 100, 30, 61
16, 41, 30, 20
16, 74, 30, 61
16, 187, 30, 48
16, 14, 30, 37
16, 211, 30, 13
16, 120, 30, 81
16, 91, 30, 60
16, 98, 31, 49
16, 137, 31, 24
16, 76, 31, 47
16, 13, 31, 4
16, 175, 31, 24
16, 87, 31, 60
16, 248, 31, 60
16, 26, 31, 20
16, 101, 32, 46
16, 39, 32, 31
16, 299, 32, 79
16, 12, 32, 62
16, 86, 32, 25
16, 123, 32, 14
16, 61, 32, 37
16, 127, 32, 57
16, 131, 33, 28
16, 259, 33, 73
16, 101, 33, 46
16, 35, 33, 43
16, 103, 33, 81
16, 168, 33, 78
16, 122, 33, 58
16, 196, 33, 61
16, 204, 33, 68
16, 46, 33, 64
16, 16, 33, 60
16, 50, 33, 44
16, 245, 33, 4
16, 58, 33, 86
16, 155, 33, 73
16, 284, 33, 32
16, 253, 33, 3
16, 32, 34, 66
16, 135, 34, 25
16, 8, 34, 4
16, 201, 34, 41
16, 299, 34, 79
16, 108, 34, 64
16, 235, 34, 74
16, 84, 34, 56
16, 86, 34, 25
16, 92, 34, 90
16, 189, 34, 40
16, 32, 35, 66
16, 257, 35, 48
16, 128, 35, 21
16, 193, 35, 20
16, 0, 35, 76
16, 165, 35, 83
16, 69, 35, 32
16, 7, 35, 87
16, 166, 35, 13
16, 44, 35, 86
16, 173, 35, 84
16, 271, 35, 84
16, 239, 35, 56
16, 248, 35, 60
16, 154, 35, 95
16, 91, 35, 60
16, 252, 35, 54
16, 63, 35, 19
16, 194, 36, 36
16, 132, 36, 4
16, 133, 36, 60
16, 69, 36, 32
16, 295, 36, 29
16, 40, 36, 30
16, 21, 36, 34
16, 119, 36, 98
16, 262, 37, 81
16, 235, 37, 74
16, 177, 37, 26
16, 148, 37, 50
16, 278, 37, 38
16, 187, 37, 48
16, 124, 37, 17
16, 158, 37, 19
16, 9, 38, 9
16, 18, 38, 7
16, 19, 38, 16
16, 277, 38, 68
16, 297, 38, 24
16, 47, 38, 82
16, 176, 38, 47
16, 50, 38, 44
16, 56, 38, 15
16, 57, 38, 62
16, 64, 38, 50
16, 70, 38, 39
16, 200, 38, 9
16, 208, 38, 4
16, 85, 38, 80
16, 216, 38, 60
16, 237, 38, 76
16, 251, 38, 70
16, 255, 38, 32
16, 264, 39, 46
16, 15, 39, 35
16, 16, 39, 60
16, 287, 39, 11
16, 174, 39, 62
16, 184, 39, 47
16, 67, 39, 50
16, 69, 39, 32
16, 198, 39, 100
16, 204, 39, 68
16, 80, 39, 10
16, 210, 39, 13
16, 218, 39, 84
16, 96, 39, 97
16, 101, 39, 46
16, 106, 39, 55
16, 107, 39, 63
16, 240, 39, 78
16, 113, 39, 48
16, 131, 40, 28
16, 37, 40, 8
16, 134, 40, 91
16, 199, 40, 62
16, 265, 40, 51
16, 235, 40, 74
16, 268, 40, 19
16, 299, 40, 79
16, 204, 40, 68
16, 11, 40, 68
16, 144, 40, 67
16, 113, 40, 48
16, 240, 40, 78
16, 275, 40, 34
16, 75, 40, 97
16, 154, 40, 95
16, 189, 40, 40
16, 255, 40, 32
16, 70, 41, 39
16, 6, 41, 36
16, 204, 41, 68
16, 269, 41, 82
16, 141, 41, 37
16, 12, 41, 62
16, 80, 41, 10
16, 238, 41, 43
16, 150, 41, 94
16, 281, 41, 65
16, 59, 41, 12
16, 290, 42, 39
16, 293, 42, 59
16, 107, 42, 63
16, 139, 42, 60
16, 148, 42, 50
16, 280, 42, 26
16, 186, 42, 69
16, 220, 42, 54
16, 62, 42, 100
16, 64, 43, 50
16, 99, 43, 44
16, 163, 43, 12
16, 295, 43, 29
16, 296, 43, 91
16, 233, 43, 40
16, 267, 43, 39
16, 18, 43, 7
16, 149, 43, 87
16, 215, 43, 99
16, 58, 43, 86
16, 31, 43, 43
16, 201, 44, 41
16, 10, 44, 52
16, 45, 44, 38
16, 272, 44, 73
16, 211, 44, 13
16, 196, 45, 61
16, 103, 45, 81
16, 75, 45, 97
16, 204, 45, 68
16, 46, 45, 64
16, 116, 45, 61
16, 244, 45, 48
16, 163, 46, 12
16, 293, 46, 59
16, 229, 46, 56
16, 168, 46, 78
16, 200, 46, 9
16, 204, 46, 68
16, 20, 46, 40
16, 52, 46, 48
16, 64, 47, 50
16, 161, 47, 17
16, 32, 47, 66
16, 66, 47, 49
16, 134, 47, 91
16, 103, 47, 81
16, 77, 47, 87
16, 79, 47, 86
16, 144, 47, 67
16, 113, 47, 48
16, 23, 47, 98
16, 280, 47, 26
16, 160, 48, 21
16, 226, 48, 82
16, 196, 48, 61
16, 134, 48, 91
16, 14, 48, 37
16, 240, 48, 78
16, 145, 48, 80
16, 209, 48, 71
16, 90, 48, 19
16, 192, 49, 14
16, 160, 49, 21
16, 39, 49, 31
16, 299, 49, 79
16, 85, 49, 80
16, 214, 49, 54
16, 218, 49, 84
16, 92, 49, 90
16, 125, 49, 85
16, 295, 50, 29
16, 234, 50, 69
16, 282, 50, 52
16, 268, 50, 19
16, 77, 50, 87
16, 46, 50, 64
16, 207, 50, 22
16, 47, 50, 82
16, 241, 50, 9
16, 56, 50, 15
16, 250, 50, 74
16, 60, 50, 52
16, 222, 50, 20
16, 287, 50, 11
16, 65, 51, 78
16, 66, 51, 49
16, 100, 51, 61
16, 264, 51, 46
16, 139, 51, 60
16, 78, 51, 15
16, 114, 51, 39
16, 19, 51, 16
16, 30, 51, 94
16, 50, 51, 44
16, 23, 51, 98
16, 153, 51, 90
16, 252, 51, 54
16, 253, 51, 3
16, 62, 51, 100
16, 262, 52, 81
16, 199, 52, 62
16, 40, 52, 30
16, 22, 52, 34
16, 118, 52, 2
16, 185, 52, 13
16, 252, 52, 54
16, 159, 52, 51
16, 129, 53, 18
16, 67, 53, 50
16, 294, 53, 43
16, 140, 53, 40
16, 207, 53, 22
16, 246, 53, 87
16, 153, 53, 90
16, 27, 53, 26
16, 63, 53, 19
16, 161, 54, 17
16, 162, 54, 17
16, 100, 54, 61
16, 165, 54, 83
16, 293, 54, 59
16, 200, 54, 9
16, 138, 54, 70
16, 78, 54, 15
16, 47, 54, 82
16, 50, 54, 44
16, 147, 54, 79
16, 116, 54, 61
16, 86, 54, 25
16, 57, 54, 62
16, 250, 54, 74
16, 31, 54, 43
16, 98, 55, 49
16, 35, 55, 43
16, 293, 55, 59
16, 165, 55, 83
16, 39, 55, 31
16, 40, 55, 30
16, 41, 55, 20
16, 139, 55, 60
16, 299, 55, 79
16, 148, 55, 50
16, 87, 55, 60
16, 279, 55, 31
16, 54, 55, 98
16, 89, 55, 91
16, 226, 56, 82
16, 259, 56, 73
16, 260, 56, 28
16, 293, 56, 59
16, 231, 56, 92
16, 135, 56, 25
16, 73, 56, 50
16, 16, 56, 60
16, 52, 56, 48
16, 246, 56, 87
16, 89, 56, 91
16, 253, 56, 3
16, 286, 56, 87
16, 6, 57, 36
16, 265, 57, 51
16, 17, 57, 93
16, 281, 57, 65
16, 25, 57, 79
16, 283, 57, 66
16, 33, 57, 79
16, 164, 57, 71
16, 59, 57, 12
16, 63, 57, 19
16, 195, 57, 78
16, 74, 57, 61
16, 206, 57, 23
16, 88, 57, 46
16, 225, 57, 78
16, 231, 57, 92
16, 117, 57, 78
16, 247, 57, 55
16, 255, 57, 32
16, 256, 58, 58
16, 227, 58, 63
16, 197, 58, 91
16, 201, 58, 41
16, 298, 58, 63
16, 279, 58, 31
16, 226, 59, 82
16, 229, 59, 56
16, 296, 59, 91
16, 147, 59, 79
16, 252, 59, 54
16, 97, 60, 100
16, 163, 60, 12
16, 67, 60, 50
16, 261, 60, 53
16, 102, 60, 11
16, 103, 60, 81
16, 9, 60, 9
16, 42, 60, 78
16, 267, 60, 39
16, 173, 60, 84
16, 110, 60, 15
16, 207, 60, 22
16, 82, 60, 57
16, 242, 60, 68
16, 149, 60, 87
16, 123, 60, 14
16, 253, 60, 3
16, 256, 61, 58
16, 9, 61, 9
16, 143, 61, 77
16, 149, 61, 87
16, 34, 61, 21
16, 163, 61, 12
16, 293, 61, 59
16, 168, 61, 78
16, 60, 61, 52
16, 195, 61, 78
16, 207, 61, 22
16, 79, 61, 86
16, 226, 61, 82
16, 231, 61, 92
16, 232, 61, 20
16, 235, 61, 74
16, 123, 61, 14
16, 244, 61, 48
16, 249, 61, 64
16, 251, 61, 70
16, 161, 62, 17
16, 35, 62, 43
16, 228, 62, 66
16, 199, 62, 62
16, 72, 62, 4
16, 138, 62, 70
16, 106, 62, 55
16, 76, 62, 47
16, 173, 62, 84
16, 48, 62, 81
16, 51, 62, 48
16, 20, 62, 40
16, 85, 62, 80
16, 154, 62, 95
16, 29, 62, 47
16, 62, 62, 100
16, 191, 62, 69
16, 193, 63, 20
16, 49, 63, 16
16, 22, 63, 34
16, 30, 63, 94
16, 56, 63, 15
16, 121, 63, 87
16, 158, 63, 19
16, 60, 63, 52
16, 286, 63, 87
16, 256, 64, 58
16, 97, 64, 100
16, 3, 64, 89
16, 131, 64, 28
16, 168, 64, 78
16, 139, 64, 60
16, 272, 64, 73
16, 210, 64, 13
16, 91, 64, 60
16, 125, 64, 85
16, 63, 64, 19
16, 101, 65, 46
16, 199, 65, 62
16, 172, 65, 80
16, 48, 65, 81
16, 17, 65, 93
16, 49, 65, 16
16, 242, 65, 68
16, 212, 65, 69
16, 52, 65, 48
16, 147, 65, 79
16, 56, 65, 15
16, 154, 65, 95
16, 190, 65, 74
16, 254, 65, 80
16, 31, 65, 43
16, 256, 66, 58
16, 166, 66, 13
16, 135, 66, 25
16, 111, 66, 68
16, 272, 66, 73
16, 65, 67, 78
16, 38, 67, 89
16, 74, 67, 61
16, 267, 67, 39
16, 106, 67, 55
16, 211, 67, 13
16, 52, 67, 48
16, 216, 67, 60
16, 220, 67, 54
16, 256, 68, 58
16, 33, 68, 79
16, 258, 68, 38
16, 66, 68, 49
16, 260, 68, 28
16, 296, 68, 91
16, 42, 68, 78
16, 139, 68, 60
16, 239, 68, 56
16, 278, 68, 38
16, 247, 68, 55
16, 248, 68, 60
16, 153, 68, 90
16, 155, 68, 73
16, 220, 68, 54
16, 128, 69, 21
16, 3, 69, 89
16, 73, 69, 50
16, 171, 69, 29
16, 236, 69, 34
16, 172, 69, 80
16, 75, 69, 97
16, 15, 69, 35
16, 240, 69, 78
16, 275, 69, 34
16, 277, 69, 68
16, 21, 69, 34
16, 248, 69, 60
16, 217, 69, 42
16, 124, 69, 17
16, 63, 69, 19
16, 225, 70, 78
16, 195, 70, 78
16, 35, 70, 43
16, 197, 70, 91
16, 261, 70, 53
16, 68, 70, 26
16, 78, 70, 15
16, 112, 70, 35
16, 177, 70, 26
16, 23, 70, 98
16, 68, 71, 26
16, 263, 71, 52
16, 76, 71, 47
16, 237, 71, 76
16, 178, 71, 23
16, 118, 71, 2
16, 57, 71, 62
16, 91, 71, 60
16, 252, 71, 54
16, 61, 71, 37
16, 137, 72, 24
16, 298, 72, 63
16, 267, 72, 39
16, 203, 72, 8
16, 299, 72, 79
16, 270, 72, 76
16, 42, 72, 78
16, 48, 72, 81
16, 147, 72, 79
16, 244, 72, 48
16, 215, 72, 99
16, 154, 72, 95
16, 91, 72, 60
16, 221, 72, 87
16, 131, 73, 28
16, 46, 73, 64
16, 273, 73, 35
16, 284, 73, 32
16, 279, 73, 31
16, 184, 73, 47
16, 185, 73, 13
16, 120, 73, 81
16, 253, 73, 3
16, 192, 74, 14
16, 256, 74, 58
16, 162, 74, 17
16, 257, 74, 48
16, 292, 74, 14
16, 7, 74, 87
16, 201, 74, 41
16, 11, 74, 68
16, 242, 74, 68
16, 149, 74, 87
16, 214, 74, 54
16, 182, 74, 29
16, 62, 74, 100
16, 126, 74, 67
16, 137, 75, 24
16, 273, 75, 35
16, 153, 75, 90
16, 154, 75, 95
16, 155, 75, 73
16, 156, 75, 60
16, 287, 75, 11
16, 177, 75, 26
16, 182, 75, 29
16, 55, 75, 68
16, 184, 75, 47
16, 60, 75, 52
16, 64, 75, 50
16, 201, 75, 41
16, 75, 75, 97
16, 77, 75, 87
16, 87, 75, 60
16, 221, 75, 87
16, 117, 75, 78
16, 121, 75, 87
16, 131, 76, 28
16, 101, 76, 46
16, 299, 76, 79
16, 176, 76, 47
16, 283, 76, 66
16, 212, 76, 69
16, 27, 76, 26
16, 220, 76, 54
16, 95, 76, 38
16, 136, 77, 16
16, 268, 77, 19
16, 14, 77, 37
16, 284, 77, 32
16, 34, 77, 21
16, 167, 77, 63
16, 296, 77, 91
16, 299, 77, 79
16, 174, 77, 62
16, 187, 77, 48
16, 188, 77, 29
16, 63, 77, 19
16, 78, 77, 15
16, 211, 77, 13
16, 92, 77, 90
16, 220, 77, 54
16, 227, 77, 63
16, 232, 77, 20
16, 106, 77, 55
16, 244, 77, 48
16, 32, 78, 66
16, 129, 78, 18
16, 66, 78, 49
16, 288, 78, 87
16, 166, 78, 13
16, 9, 78, 9
16, 204, 78, 68
16, 143, 78, 77
16, 146, 78, 99
16, 180, 78, 65
16, 87, 78, 60
16, 215, 78, 99
16, 157, 78, 58
16, 133, 79, 60
16, 7, 79, 87
16, 20, 79, 40
16, 152, 79, 8
16, 24, 79, 72
16, 154, 79, 95
16, 29, 79, 47
16, 162, 79, 17
16, 35, 79, 43
16, 292, 79, 14
16, 38, 79, 89
16, 50, 79, 44
16, 196, 79, 61
16, 208, 79, 4
16, 215, 79, 99
16, 89, 79, 91
16, 93, 79, 93
16, 238, 79, 43
16, 245, 79, 4
16, 126, 79, 67
16, 262, 80, 81
16, 105, 80, 52
16, 148, 80, 50
16, 186, 80, 69
16, 127, 80, 57
16, 34, 81, 21
16, 74, 81, 61
16, 272, 81, 73
16, 243, 81, 27
16, 213, 81, 65
16, 121, 81, 87
16, 29, 81, 47
16, 130, 82, 100
16, 165, 82, 83
16, 71, 82, 29
16, 104, 82, 58
16, 8, 82, 4
16, 138, 82, 70
16, 283, 82, 66
16, 273, 82, 35
16, 54, 82, 98
16, 280, 82, 26
16, 91, 82, 60
16, 286, 82, 87
16, 237, 83, 76
16, 270, 83, 76
16, 49, 83, 16
16, 179, 83, 93
16, 22, 83, 34
16, 280, 83, 26
16, 281, 83, 65
16, 60, 83, 52
16, 157, 83, 58
16, 289, 84, 40
16, 162, 84, 17
16, 132, 84, 4
16, 197, 84, 91
16, 134, 84, 91
16, 263, 84, 52
16, 107, 84, 63
16, 75, 84, 97
16, 268, 84, 19
16, 43, 84, 55
16, 271, 84, 84
16, 83, 84, 45
16, 245, 84, 4
16, 249, 84, 64
16, 285, 84, 64
16, 289, 85, 40
16, 290, 85, 39
16, 196, 85, 61
16, 137, 85, 24
16, 12, 85, 62
16, 237, 85, 76
16, 83, 85, 45
16, 148, 85, 50
16, 179, 85, 93
16, 152, 85, 8
16, 153, 85, 90
16, 282, 85, 52
16, 155, 85, 73
16, 189, 85, 40
16, 126, 85, 67
16, 31, 85, 43
16, 3, 86, 89
16, 198, 86, 100
16, 233, 86, 40
16, 106, 86, 55
16, 266, 86, 91
16, 54, 86, 98
16, 22, 86, 34
16, 249, 86, 64
16, 92, 86, 90
16, 130, 87, 100
16, 131, 87, 28
16, 290, 87, 39
16, 198, 87, 100
16, 47, 87, 82
16, 207, 87, 22
16, 241, 87, 9
16, 179, 87, 93
16, 276, 87, 26
16, 88, 87, 46
16, 24, 87, 72
16, 221, 87, 87
16, 64, 88, 50
16, 0, 88, 76
16, 70, 88, 39
16, 265, 88, 51
16, 172, 88, 80
16, 14, 88, 37
16, 80, 88, 10
16, 25, 88, 79
16, 159, 88, 51
16, 257, 89, 48
16, 69, 89, 32
16, 141, 89, 37
16, 46, 89, 64
16, 182, 89, 29
16, 27, 89, 26
16, 103, 90, 81
16, 297, 90, 24
16, 77, 90, 87
16, 82, 90, 57
16, 21, 90, 34
16, 184, 90, 47
16, 251, 90, 70
16, 190, 90, 74
16, 294, 91, 43
16, 134, 91, 91
16, 234, 91, 69
16, 78, 91, 15
16, 92, 91, 90
16, 131, 92, 28
16, 264, 92, 46
16, 11, 92, 68
16, 141, 92, 37
16, 14, 92, 37
16, 33, 92, 79
16, 161, 92, 17
16, 169, 92, 6
16, 42, 92, 78
16, 185, 92, 13
16, 203, 92, 8
16, 81, 92, 51
16, 212, 92, 69
16, 100, 92, 61
16, 235, 92, 74
16, 236, 92, 34
16, 107, 92, 63
16, 238, 92, 43
16, 111, 92, 68
16, 261, 93, 53
16, 268, 93, 19
16, 271, 93, 84
16, 278, 93, 38
16, 28, 93, 43
16, 288, 93, 87
16, 164, 93, 71
16, 38, 93, 89
16, 171, 93, 29
16, 177, 93, 26
16, 186, 93, 69
16, 192, 93, 14
16, 195, 93, 78
16, 70, 93, 39
16, 76, 93, 47
16, 205, 93, 35
16, 209, 93, 71
16, 92, 93, 90
16, 100, 93, 61
16, 246, 93, 87
16, 201, 94, 41
16, 202, 94, 6
16, 43, 94, 55
16, 46, 94, 64
16, 143, 94, 77
16, 15, 94, 35
16, 276, 94, 26
16, 118, 94, 2
16, 151, 94, 9
16, 63, 94, 19
16, 89, 95, 91
16, 33, 95, 79
16, 166, 95, 13
16, 167, 95, 63
16, 8, 95, 4
16, 202, 95, 6
16, 236, 95, 34
16, 78, 95, 15
16, 15, 95, 35
16, 79, 95, 86
16, 149, 95, 87
16, 213, 95, 65
16, 215, 95, 99
16, 56, 95, 15
16, 25, 95, 79
16, 90, 95, 19
16, 125, 95, 85
16, 269, 96, 82
16, 17, 96, 93
16, 145, 96, 80
16, 215, 96, 99
16, 252, 96, 54
16, 128, 97, 21
16, 66, 97, 49
16, 185, 97, 13
16, 292, 97, 14
16, 102, 97, 11
16, 135, 97, 25
16, 104, 97, 58
16, 167, 97, 63
16, 233, 97, 40
16, 204, 97, 68
16, 273, 97, 35
16, 183, 97, 32
16, 120, 97, 81
16, 89, 97, 91
16, 92, 97, 90
16, 158, 97, 19
16, 292, 98, 14
16, 74, 98, 61
16, 299, 98, 79
16, 203, 98, 8
16, 43, 98, 55
16, 207, 98, 22
16, 16, 98, 60
16, 20, 98, 40
16, 180, 98, 65
16, 94, 98, 14
16, 25, 98, 79
16, 250, 98, 74
16, 124, 98, 17
16, 125, 98, 85
16, 62, 98, 100
16, 127, 98, 57
16, 225, 99, 78
16, 226, 99, 82
16, 292, 99, 14
16, 69, 99, 32
16, 168, 99, 78
16, 170, 99, 74
16, 138, 99, 70
16, 238, 99, 43
16, 147, 99, 79
16, 276, 99, 26
16, 84, 99, 56
16, 54, 99, 98
16, 223, 99, 41
16, 8, 100, 4
16, 139, 100, 60
16, 272, 100, 73
16, 278, 100, 38
16, 283, 100, 66
16, 287, 100, 11
16, 41, 100, 20
16, 174, 100, 62
16, 183, 100, 32
16, 204, 100, 68
16, 79, 100, 86
16, 85, 100, 80
16, 86, 100, 25
16, 90, 100, 19
16, 219, 100, 49
16, 107, 100, 63
16, 121, 100, 87
16, 251, 100, 70
16, 124, 100, 17
16, 64, 101, 50
16, 0, 101, 76
16, 134, 101, 91
16, 266, 101, 91
16, 106, 101, 55
16, 172, 101, 80
16, 139, 101, 60
16, 286, 101, 87
16, 242, 101, 68
16, 188, 101, 29
16, 180, 101, 65
16, 182, 101, 29
16, 221, 101, 87
16, 252, 101, 54
16, 285, 101, 64
16, 95, 101, 38
16, 31, 101, 43
16, 256, 102, 58
16, 37, 102, 8
16, 138, 102, 70
16, 107, 102, 63
16, 177, 102, 26
16, 209, 102, 71
16, 185, 102, 13
16, 250, 102, 74
16, 157, 102, 58
16, 32, 103, 66
16, 292, 103, 14
16, 102, 103, 11
16, 296, 103, 91
16, 269, 103, 82
16, 18, 104, 7
16, 150, 104, 94
16, 282, 104, 52
16, 283, 104, 66
16, 161, 104, 17
16, 164, 104, 71
16, 39, 104, 31
16, 296, 104, 91
16, 49, 104, 16
16, 180, 104, 65
16, 186, 104, 69
16, 189, 104, 40
16, 199, 104, 62
16, 80, 104, 10
16, 227, 104, 63
16, 233, 104, 40
16, 108, 104, 64
16, 239, 104, 56
16, 115, 104, 4
16, 250, 104, 74
16, 192, 105, 14
16, 291, 105, 64
16, 293, 105, 59
16, 166, 105, 13
16, 7, 105, 87
16, 135, 105, 25
16, 268, 105, 19
16, 76, 105, 47
16, 110, 105, 15
16, 207, 105, 22
16, 208, 105, 4
16, 91, 105, 60
16, 158, 105, 19
16, 65, 106, 78
16, 226, 106, 82
16, 3, 106, 89
16, 132, 106, 4
16, 5, 106, 29
16, 167, 106, 63
16, 104, 106, 58
16, 170, 106, 74
16, 76, 106, 47
16, 142, 106, 43
16, 239, 106, 56
16, 48, 106, 81
16, 219, 106, 49
16, 18, 106, 7
16, 88, 106, 46
16, 217, 106, 42
16, 123, 106, 14
16, 30, 106, 94
16, 65, 107, 78
16, 133, 107, 60
16, 102, 107, 11
16, 229, 107, 56
16, 73, 107, 50
16, 297, 107, 24
16, 138, 107, 70
16, 273, 107, 35
16, 146, 107, 99
16, 178, 107, 23
16, 122, 107, 58
16, 7, 108, 87
16, 297, 108, 24
16, 73, 108, 50
16, 267, 108, 39
16, 237, 108, 76
16, 48, 108, 81
16, 80, 108, 10
16, 114, 108, 39
16, 257, 109, 48
16, 227, 109, 63
16, 295, 109, 29
16, 264, 109, 46
16, 233, 109, 40
16, 271, 109, 84
16, 145, 109, 80
16, 83, 109, 45
16, 22, 109, 34
16, 24, 109, 72
16, 56, 109, 15
16, 284, 109, 32
16, 286, 109, 87
16, 3, 110, 89
16, 133, 110, 60
16, 263, 110, 52
16, 142, 110, 43
16, 276, 110, 26
16, 150, 110, 94
16, 162, 110, 17
16, 41, 110, 20
16, 47, 110, 82
16, 52, 110, 48
16, 66, 110, 49
16, 72, 110, 4
16, 91, 110, 60
16, 95, 110, 38
16, 232, 110, 20
16, 236, 110, 34
16, 112, 110, 35
16, 246, 110, 87
16, 121, 110, 87
16, 123, 110, 14
16, 224, 111, 31
16, 8, 111, 4
16, 74, 111, 61
16, 271, 111, 84
16, 81, 111, 51
16, 113, 111, 48
16, 115, 111, 4
16, 125, 111, 85
16, 93, 111, 93
16, 129, 112, 18
16, 2, 112, 15
16, 67, 112, 50
16, 228, 112, 66
16, 3, 112, 89
16, 290, 112, 39
16, 234, 112, 69
16, 74, 112, 61
16, 242, 112, 68
16, 151, 112, 9
16, 184, 112, 47
16, 283, 112, 66
16, 287, 112, 11
16, 4, 113, 3
16, 143, 113, 77
16, 273, 113, 35
16, 17, 113, 93
16, 21, 113, 34
16, 159, 113, 51
16, 33, 113, 79
16, 39, 113, 31
16, 167, 113, 63
16, 298, 113, 63
16, 176, 113, 47
16, 64, 113, 50
16, 198, 113, 100
16, 73, 113, 50
16, 201, 113, 41
16, 79, 113, 86
16, 86, 113, 25
16, 99, 113, 44
16, 253, 113, 3
16, 127, 113, 57
16, 289, 114, 40
16, 66, 114, 49
16, 72, 114, 4
16, 9, 114, 9
16, 40, 114, 30
16, 108, 114, 64
16, 77, 114, 87
16, 172, 114, 80
16, 49, 114, 16
16, 275, 114, 34
16, 149, 114, 87
16, 85, 114, 80
16, 150, 114, 94
16, 88, 114, 46
16, 122, 114, 58
16, 221, 114, 87
16, 95, 114, 38
16, 258, 115, 38
16, 259, 115, 73
16, 5, 115, 29
16, 137, 115, 24
16, 22, 115, 34
16, 28, 115, 43
16, 169, 115, 6
16, 298, 115, 63
16, 48, 115, 81
16, 179, 115, 93
16, 191, 115, 69
16, 65, 115, 78
16, 71, 115, 29
16, 222, 115, 20
16, 228, 115, 66
16, 102, 115, 11
16, 110, 115, 15
16, 238, 115, 43
16, 248, 115, 60
16, 249, 115, 64
16, 257, 116, 48
16, 2, 116, 15
16, 34, 116, 21
16, 194, 116, 36
16, 262, 116, 81
16, 8, 116, 4
16, 123, 116, 14
16, 76, 116, 47
16, 205, 116, 35
16, 270, 116, 76
16, 175, 116, 24
16, 182, 116, 29
16, 24, 116, 72
16, 59, 116, 12
16, 286, 116, 87
16, 93, 116, 93
16, 62, 116, 100
16, 127, 116, 57
16, 35, 117, 43
16, 4, 117, 3
16, 102, 117, 11
16, 38, 117, 89
16, 236, 117, 34
16, 175, 117, 24
16, 273, 117, 35
16, 19, 117, 16
16, 245, 117, 4
16, 152, 117, 8
16, 249, 117, 64
16, 24, 117, 72
16, 227, 118, 63
16, 35, 118, 43
16, 261, 118, 53
16, 198, 118, 100
16, 166, 118, 13
16, 204, 118, 68
16, 268, 118, 19
16, 49, 118, 16
16, 51, 118, 48
16, 276, 118, 26
16, 117, 118, 78
16, 278, 118, 38
16, 219, 118, 49
16, 274, 119, 65
16, 153, 119, 90
16, 154, 119, 95
16, 27, 119, 26
16, 34, 119, 21
16, 38, 119, 89
16, 51, 119, 48
16, 180, 119, 65
16, 56, 119, 15
16, 185, 119, 13
16, 67, 119, 50
16, 72, 119, 4
16, 201, 119, 41
16, 206, 119, 23
16, 81, 119, 51
16, 86, 119, 25
16, 230, 119, 41
16, 118, 119, 2
16, 254, 119, 80
16, 97, 120, 100
16, 162, 120, 17
16, 229, 120, 56
16, 233, 120, 40
16, 74, 120, 61
16, 10, 120, 52
16, 236, 120, 34
16, 13, 120, 4
16, 110, 120, 15
16, 46, 120, 64
16, 211, 120, 13
16, 277, 120, 68
16, 183, 120, 32
16, 158, 120, 19
16, 28, 120, 43
16, 93, 120, 93
16, 190, 120, 74
16, 226, 121, 82
16, 130, 121, 100
16, 260, 121, 28
16, 228, 121, 66
16, 71, 121, 29
16, 296, 121, 91
16, 11, 121, 68
16, 208, 121, 4
16, 145, 121, 80
16, 50, 121, 44
16, 242, 121, 68
16, 244, 121, 48
16, 148, 121, 50
16, 54, 121, 98
16, 215, 121, 99
16, 121, 121, 87
16, 4, 122, 3
16, 138, 122, 70
16, 274, 122, 65
16, 276, 122, 26
16, 150, 122, 94
16, 280, 122, 26
16, 155, 122, 73
16, 159, 122, 51
16, 163, 122, 12
16, 296, 122, 91
16, 51, 122, 48
16, 58, 122, 86
16, 187, 122, 48
16, 62, 122, 100
16, 68, 122, 26
16, 78, 122, 15
16, 217, 122, 42
16, 219, 122, 49
16, 220, 122, 54
16, 231, 122, 92
16, 198, 123, 100
16, 201, 123, 41
16, 16, 123, 60
16, 248, 123, 60
16, 250, 123, 74
16, 156, 123, 60
16, 225, 124, 78
16, 259, 124, 73
16, 68, 124, 26
16, 133, 124, 60
16, 281, 124, 65
16, 167, 124, 63
16, 199, 124, 62
16, 42, 124, 78
16, 76, 124, 47
16, 83, 124, 45
16, 147, 124, 79
16, 212, 124, 69
16, 179, 124, 93
16, 89, 124, 91
16, 123, 124, 14
16, 126, 124, 67
16, 259, 125, 73
16, 35, 125, 43
16, 133, 125, 60
16, 199, 125, 62
16, 41, 125, 20
16, 77, 125, 87
16, 48, 125, 81
16, 16, 125, 60
16, 278, 125, 38
16, 87, 125, 60
16, 56, 125, 15
16, 125, 125, 85
16, 127, 125, 57
16, 288, 126, 87
16, 225, 126, 78
16, 255, 126, 32
16, 228, 126, 66
16, 133, 126, 60
16, 298, 126, 63
16, 43, 126, 55
16, 268, 126, 19
16, 141, 126, 37
16, 108, 126, 64
16, 111, 126, 68
16, 20, 126, 40
16, 54, 126, 98
16, 56, 126, 15
16, 63, 126, 19
16, 65, 127, 78
16, 99, 127, 44
16, 6, 127, 36
16, 176, 127, 47
16, 53, 127, 46
16, 220, 127, 54
16, 29, 127, 47
16, 139, 128, 60
16, 12, 128, 62
16, 274, 128, 65
16, 150, 128, 94
16, 280, 128, 26
16, 283, 128, 66
16, 287, 128, 11
16, 31, 128, 43
16, 293, 128, 59
16, 298, 128, 63
16, 170, 128, 74
16, 42, 128, 78
16, 181, 128, 95
16, 201, 128, 41
16, 210, 128, 13
16, 230, 128, 41
16, 106, 128, 55
16, 244, 128, 48
16, 251, 128, 70
16, 129, 129, 18
16, 9, 129, 9
16, 17, 129, 93
16, 19, 129, 16
16, 280, 129, 26
16, 26, 129, 20
16, 159, 129, 51
16, 164, 129, 71
16, 293, 129, 59
16, 172, 129, 80
16, 44, 129, 86
16, 47, 129, 82
16, 191, 129, 69
16, 65, 129, 78
16, 222, 129, 20
16, 99, 129, 44
16, 104, 129, 58
16, 111, 129, 68
16, 246, 129, 87
16, 128, 130, 21
16, 4, 130, 3
16, 6, 130, 36
16, 8, 130, 4
16, 11, 130, 68
16, 12, 130, 62
16, 13, 130, 4
16, 18, 130, 7
16, 19, 130, 16
16, 288, 130, 87
16, 38, 130, 89
16, 170, 130, 74
16, 179, 130, 93
16, 189, 130, 40
16, 214, 130, 54
16, 215, 130, 99
16, 93, 130, 93
16, 100, 130, 61
16, 248, 130, 60
16, 164, 131, 71
16, 292, 131, 14
16, 135, 131, 25
16, 297, 131, 24
16, 170, 131, 74
16, 205, 131, 35
16, 46, 131, 64
16, 246, 131, 87
16, 87, 131, 60
16, 86, 131, 25
16, 93, 131, 93
16, 126, 131, 67
16, 259, 132, 73
16, 269, 132, 82
16, 271, 132, 84
16, 150, 132, 94
16, 26, 132, 20
16, 159, 132, 51
16, 160, 132, 21
16, 179, 132, 93
16, 59, 132, 12
16, 85, 132, 80
16, 90, 132, 19
16, 93, 132, 93
16, 95, 132, 38
16, 104, 132, 58
16, 233, 132, 40
16, 107, 132, 63
16, 240, 132, 78
16, 243, 132, 27
16, 126, 132, 67
16, 127, 132, 57
16, 96, 133, 97
16, 194, 133, 36
16, 131, 133, 28
16, 66, 133, 49
16, 134, 133, 91
16, 167, 133, 63
16, 104, 133, 58
16, 297, 133, 24
16, 234, 133, 69
16, 272, 133, 73
16, 276, 133, 26
16, 53, 133, 46
16, 85, 133, 80
16, 186, 133, 69
16, 228, 134, 66
16, 267, 134, 39
16, 78, 134, 15
16, 84, 134, 56
16, 248, 134, 60
16, 100, 135, 61
16, 228, 135, 66
16, 6, 135, 36
16, 8, 135, 4
16, 104, 135, 58
16, 42, 135, 78
16, 201, 135, 41
16, 14, 135, 37
16, 115, 135, 4
16, 149, 135, 87
16, 54, 135, 98
16, 245, 135, 4
16, 184, 135, 47
16, 25, 135, 79
16, 31, 135, 43
16, 197, 136, 91
16, 70, 136, 39
16, 169, 136, 6
16, 202, 136, 6
16, 31, 136, 43
16, 176, 136, 47
16, 241, 136, 9
16, 178, 136, 23
16, 16, 136, 60
16, 48, 136, 81
16, 246, 136, 87
16, 87, 136, 60
16, 25, 136, 79
16, 220, 136, 54
16, 158, 136, 19
16, 57, 136, 62
16, 224, 137, 31
16, 259, 137, 73
16, 132, 137, 4
16, 195, 137, 78
16, 298, 137, 63
16, 155, 137, 73
16, 127, 137, 57
16, 251, 137, 70
16, 176, 137, 47
16, 156, 137, 60
16, 152, 137, 8
16, 26, 137, 20
16, 91, 137, 60
16, 252, 137, 54
16, 159, 137, 51
16, 138, 138, 70
16, 266, 138, 91
16, 144, 138, 67
16, 275, 138, 34
16, 28, 138, 43
16, 284, 138, 32
16, 161, 138, 17
16, 296, 138, 91
16, 178, 138, 23
16, 61, 138, 37
16, 62, 138, 100
16, 64, 138, 50
16, 195, 138, 78
16, 92, 138, 90
16, 93, 138, 93
16, 224, 138, 31
16, 238, 138, 43
16, 116, 138, 61
16, 122, 138, 58
16, 229, 139, 56
16, 297, 139, 24
16, 42, 139, 78
16, 201, 139, 41
16, 209, 139, 71
16, 125, 139, 85
16, 95, 139, 38
16, 3, 140, 89
16, 287, 140, 11
16, 261, 140, 53
16, 68, 140, 26
16, 168, 140, 78
16, 46, 140, 64
16, 238, 140, 43
16, 207, 140, 22
16, 83, 140, 45
16, 93, 140, 93
16, 181, 140, 95
16, 216, 140, 60
16, 60, 140, 52
16, 189, 140, 40
16, 95, 140, 38
16, 2, 141, 15
16, 261, 141, 53
16, 5, 141, 29
16, 207, 141, 22
16, 209, 141, 71
16, 21, 141, 34
16, 54, 141, 98
16, 214, 141, 54
16, 118, 141, 2
16, 279, 141, 31
16, 160, 142, 21
16, 129, 142, 18
16, 130, 142, 100
16, 166, 142, 13
16, 126, 142, 67
16, 288, 143, 87
16, 227, 143, 63
16, 101, 143, 46
16, 10, 143, 52
16, 269, 143, 82
16, 239, 143, 56
16, 79, 143, 86
16, 49, 143, 16
16, 47, 143, 82
16, 273, 143, 35
16, 245, 143, 4
16, 57, 143, 62
16, 282, 143, 52
16, 253, 143, 3
16, 289, 144, 40
16, 260, 144, 28
16, 101, 144, 46
16, 37, 144, 8
16, 4, 144, 3
16, 168, 144, 78
16, 265, 144, 51
16, 74, 144, 61
16, 269, 144, 82
16, 78, 144, 15
16, 111, 144, 68
16, 115, 144, 4
16, 117, 144, 78
16, 215, 144, 99
16, 185, 144, 13
16, 26, 144, 20
16, 283, 144, 66
16, 126, 144, 67
16, 96, 145, 97
16, 89, 145, 91
16, 161, 145, 17
16, 197, 145, 91
16, 198, 145, 100
16, 299, 145, 79
16, 44, 145, 86
16, 269, 145, 82
16, 211, 145, 13
16, 276, 145, 26
16, 54, 145, 98
16, 249, 145, 64
16, 219, 145, 49
16, 188, 145, 29
16, 160, 146, 21
16, 39, 146, 31
16, 136, 146, 16
16, 41, 146, 20
16, 138, 146, 70
16, 43, 146, 55
16, 267, 146, 39
16, 269, 146, 82
16, 238, 146, 43
16, 48, 146, 81
16, 209, 146, 71
16, 181, 146, 95
16, 250, 146, 74
16, 91, 146, 60
16, 189, 146, 40
16, 130, 147, 100
16, 35, 147, 43
16, 38, 147, 89
16, 142, 147, 43
16, 242, 147, 68
16, 117, 147, 78
16, 90, 147, 19
16, 29, 147, 47
16, 259, 148, 73
16, 232, 148, 20
16, 168, 148, 78
16, 235, 148, 74
16, 175, 148, 24
16, 80, 148, 10
16, 143, 148, 77
16, 275, 148, 34
16, 25, 148, 79
16, 248, 148, 60
16, 24, 148, 72
16, 284, 148, 32
16, 126, 148, 67
16, 65, 149, 78
16, 290, 149, 39
16, 287, 149, 11
16, 70, 149, 39
16, 139, 149, 60
16, 269, 149, 82
16, 272, 149, 73
16, 176, 149, 47
16, 114, 149, 39
16, 19, 149, 16
16, 220, 149, 54
16, 63, 149, 19
