150, 300, 15
44, 97, 0, 35
44, 163, 0, 67
44, 36, 0, 78
44, 6, 0, 89
44, 199, 0, 99
44, 180, 0, 2
44, 189, 0, 10
44, 223, 0, 5
44, 200, 1, 99
44, 265, 1, 61
44, 9, 1, 88
44, 11, 1, 95
44, 77, 1, 38
44, 175, 1, 77
44, 241, 1, 99
44, 275, 1, 75
44, 116, 1, 49
44, 214, 1, 97
44, 185, 1, 22
44, 125, 1, 62
44, 190, 1, 51
44, 163, 2, 67
44, 131, 2, 38
44, 133, 2, 32
44, 132, 2, 40
44, 232, 2, 22
44, 267, 2, 19
44, 76, 2, 60
44, 206, 2, 89
44, 147, 2, 26
44, 246, 2, 4
44, 56, 2, 11
44, 252, 2, 55
44, 157, 2, 21
44, 191, 2, 81
44, 131, 3, 38
44, 132, 3, 40
44, 67, 3, 41
44, 165, 3, 57
44, 106, 3, 56
44, 299, 3, 61
44, 269, 3, 95
44, 109, 3, 36
44, 275, 3, 75
44, 245, 3, 65
44, 53, 3, 14
44, 280, 3, 40
44, 57, 3, 12
44, 125, 3, 62
44, 184, 3, 44
44, 134, 4, 82
44, 176, 4, 63
44, 275, 4, 75
44, 19, 4, 43
44, 249, 4, 46
44, 65, 5, 20
44, 129, 5, 78
44, 227, 5, 31
44, 6, 5, 89
44, 199, 5, 99
44, 296, 5, 76
44, 294, 5, 6
44, 202, 5, 30
44, 138, 5, 7
44, 238, 5, 71
44, 271, 5, 24
44, 148, 5, 56
44, 181, 5, 57
44, 182, 5, 17
44, 118, 5, 100
44, 157, 5, 21
44, 62, 5, 12
44, 33, 6, 94
44, 133, 6, 32
44, 198, 6, 91
44, 229, 6, 4
44, 72, 6, 91
44, 263, 6, 59
44, 241, 6, 99
44, 88, 6, 100
44, 192, 7, 57
44, 256, 7, 68
44, 66, 7, 14
44, 259, 7, 66
44, 292, 7, 5
44, 143, 7, 99
44, 111, 7, 92
44, 21, 7, 7
44, 215, 7, 28
44, 281, 7, 98
44, 183, 7, 45
44, 64, 8, 52
44, 195, 8, 34
44, 167, 8, 81
44, 136, 8, 2
44, 91, 8, 76
44, 11, 8, 95
44, 12, 8, 33
44, 204, 8, 72
44, 270, 8, 19
44, 175, 8, 77
44, 47, 8, 69
44, 156, 8, 76
44, 145, 8, 46
44, 83, 8, 88
44, 56, 8, 11
44, 59, 8, 81
44, 220, 8, 9
44, 0, 9, 83
44, 160, 9, 98
44, 196, 9, 4
44, 200, 9, 99
44, 170, 9, 61
44, 244, 9, 1
44, 249, 10, 46
44, 236, 10, 20
44, 187, 10, 65
44, 242, 10, 82
44, 146, 10, 88
44, 150, 10, 77
44, 25, 10, 7
44, 123, 10, 75
44, 0, 11, 83
44, 132, 11, 40
44, 101, 11, 7
44, 229, 11, 4
44, 166, 11, 75
44, 22, 11, 20
44, 215, 11, 28
44, 281, 11, 98
44, 122, 11, 22
44, 156, 11, 76
44, 267, 12, 19
44, 268, 12, 24
44, 77, 12, 38
44, 245, 12, 65
44, 90, 12, 84
44, 60, 12, 10
44, 93, 12, 94
44, 191, 12, 81
44, 129, 13, 78
44, 193, 13, 90
44, 289, 13, 11
44, 297, 13, 94
44, 110, 13, 61
44, 209, 13, 14
44, 131, 14, 38
44, 3, 14, 65
44, 264, 14, 86
44, 11, 14, 95
44, 269, 14, 95
44, 22, 14, 20
44, 281, 14, 98
44, 287, 14, 54
44, 32, 14, 82
44, 295, 14, 17
44, 178, 14, 70
44, 192, 14, 57
44, 67, 14, 41
44, 202, 14, 30
44, 83, 14, 88
44, 213, 14, 80
44, 91, 14, 76
44, 236, 14, 20
44, 118, 14, 100
44, 255, 14, 6
44, 77, 15, 38
44, 276, 15, 96
44, 22, 15, 20
44, 151, 15, 50
44, 123, 15, 75
44, 253, 15, 29
44, 239, 16, 93
44, 208, 16, 70
44, 53, 16, 14
44, 149, 16, 97
44, 157, 16, 21
44, 160, 17, 98
44, 5, 17, 27
44, 295, 17, 17
44, 9, 17, 88
44, 13, 17, 55
44, 46, 17, 48
44, 177, 17, 56
44, 21, 17, 7
44, 229, 18, 4
44, 107, 18, 16
44, 139, 18, 54
44, 246, 18, 4
44, 254, 18, 72
44, 224, 19, 92
44, 161, 19, 33
44, 199, 19, 99
44, 74, 19, 86
44, 235, 19, 9
44, 299, 19, 61
44, 106, 19, 56
44, 112, 19, 19
44, 17, 19, 93
44, 208, 19, 70
44, 272, 19, 4
44, 180, 19, 2
44, 49, 19, 3
44, 123, 19, 75
44, 93, 19, 94
44, 31, 19, 61
44, 64, 20, 52
44, 2, 20, 87
44, 274, 20, 17
44, 114, 20, 49
44, 246, 20, 4
44, 254, 20, 72
44, 31, 20, 61
44, 0, 21, 83
44, 280, 21, 40
44, 99, 21, 93
44, 133, 21, 32
44, 14, 21, 33
44, 244, 21, 1
44, 213, 21, 80
44, 150, 21, 77
44, 183, 21, 45
44, 24, 21, 18
44, 222, 21, 68
44, 31, 21, 61
44, 291, 22, 67
44, 76, 22, 60
44, 275, 22, 75
44, 118, 22, 100
44, 249, 22, 46
44, 64, 23, 52
44, 194, 23, 39
44, 232, 23, 22
44, 170, 23, 61
44, 106, 23, 56
44, 77, 23, 38
44, 144, 23, 49
44, 240, 23, 35
44, 66, 24, 14
44, 99, 24, 93
44, 228, 24, 84
44, 201, 24, 90
44, 206, 24, 89
44, 273, 24, 12
44, 210, 24, 43
44, 85, 24, 96
44, 86, 24, 13
44, 279, 24, 41
44, 97, 25, 35
44, 66, 25, 14
44, 68, 25, 75
44, 249, 25, 46
44, 102, 25, 48
44, 40, 25, 28
44, 204, 25, 72
44, 237, 25, 43
44, 270, 25, 19
44, 15, 25, 23
44, 208, 25, 70
44, 22, 25, 20
44, 254, 25, 72
44, 248, 25, 24
44, 281, 25, 98
44, 94, 25, 81
44, 1, 26, 13
44, 261, 26, 33
44, 104, 26, 86
44, 44, 26, 49
44, 142, 26, 91
44, 239, 26, 93
44, 207, 26, 49
44, 189, 26, 10
44, 161, 27, 33
44, 296, 27, 76
44, 12, 27, 33
44, 144, 27, 49
44, 272, 27, 4
44, 242, 27, 82
44, 20, 27, 89
44, 26, 27, 4
44, 286, 27, 44
44, 159, 27, 100
44, 230, 28, 71
44, 135, 28, 67
44, 298, 28, 73
44, 299, 28, 61
44, 187, 28, 65
44, 129, 29, 78
44, 69, 29, 19
44, 11, 29, 95
44, 182, 29, 17
44, 279, 29, 41
44, 186, 29, 27
44, 161, 30, 33
44, 131, 30, 38
44, 126, 30, 40
44, 100, 30, 16
44, 228, 30, 84
44, 137, 30, 72
44, 269, 30, 95
44, 177, 30, 56
44, 53, 30, 14
44, 57, 30, 12
44, 186, 30, 27
44, 62, 30, 12
44, 169, 31, 66
44, 204, 31, 72
44, 268, 31, 24
44, 206, 31, 89
44, 209, 31, 14
44, 87, 31, 24
44, 151, 31, 50
44, 249, 31, 46
44, 92, 31, 68
44, 93, 31, 94
44, 194, 32, 39
44, 102, 32, 48
44, 231, 32, 78
44, 168, 32, 81
44, 186, 32, 27
44, 267, 32, 19
44, 171, 32, 92
44, 110, 32, 61
44, 79, 32, 37
44, 272, 32, 4
44, 15, 32, 23
44, 178, 32, 70
44, 50, 32, 84
44, 86, 32, 13
44, 24, 32, 18
44, 282, 32, 43
44, 92, 32, 68
44, 197, 33, 41
44, 166, 33, 75
44, 198, 33, 91
44, 231, 33, 78
44, 169, 33, 66
44, 236, 33, 20
44, 109, 33, 36
44, 174, 33, 49
44, 244, 33, 1
44, 27, 33, 37
44, 62, 33, 12
44, 289, 34, 11
44, 66, 34, 14
44, 68, 34, 75
44, 249, 34, 46
44, 11, 34, 95
44, 112, 34, 19
44, 213, 34, 80
44, 151, 34, 50
44, 153, 34, 45
44, 251, 34, 98
44, 60, 34, 10
44, 57, 34, 12
44, 135, 35, 67
44, 15, 35, 23
44, 274, 35, 17
44, 147, 35, 26
44, 21, 35, 7
44, 23, 35, 61
44, 280, 35, 40
44, 164, 35, 96
44, 294, 35, 6
44, 296, 35, 76
44, 47, 35, 69
44, 65, 35, 20
44, 68, 35, 75
44, 197, 35, 41
44, 84, 35, 57
44, 85, 35, 96
44, 114, 35, 49
44, 117, 35, 49
44, 246, 35, 4
44, 124, 35, 11
44, 160, 36, 98
44, 1, 36, 13
44, 98, 36, 26
44, 293, 36, 70
44, 229, 36, 4
44, 71, 36, 19
44, 134, 36, 82
44, 270, 36, 19
44, 14, 36, 33
44, 207, 36, 49
44, 49, 36, 3
44, 15, 36, 23
44, 116, 36, 49
44, 117, 36, 49
44, 53, 36, 14
44, 56, 36, 11
44, 281, 36, 98
44, 284, 36, 71
44, 128, 37, 8
44, 1, 37, 13
44, 3, 37, 65
44, 260, 37, 68
44, 144, 37, 49
44, 147, 37, 26
44, 23, 37, 61
44, 288, 37, 16
44, 160, 37, 98
44, 171, 37, 92
44, 177, 37, 56
44, 72, 37, 91
44, 203, 37, 12
44, 217, 37, 84
44, 99, 37, 93
44, 231, 37, 78
44, 115, 37, 17
44, 118, 37, 100
44, 251, 37, 98
44, 254, 37, 72
44, 131, 38, 38
44, 139, 38, 54
44, 23, 38, 61
44, 286, 38, 44
44, 31, 38, 61
44, 36, 38, 78
44, 169, 38, 66
44, 46, 38, 48
44, 49, 38, 3
44, 182, 38, 17
44, 185, 38, 22
44, 73, 38, 17
44, 75, 38, 8
44, 206, 38, 89
44, 215, 38, 28
44, 92, 38, 68
44, 102, 38, 48
44, 107, 38, 16
44, 249, 38, 46
44, 252, 38, 55
44, 226, 39, 93
44, 227, 39, 31
44, 106, 39, 56
44, 268, 39, 24
44, 237, 39, 43
44, 17, 39, 93
44, 242, 39, 82
44, 148, 39, 56
44, 248, 39, 24
44, 34, 40, 68
44, 3, 40, 65
44, 290, 40, 95
44, 269, 40, 95
44, 17, 40, 93
44, 215, 40, 28
44, 217, 40, 84
44, 154, 40, 95
44, 126, 40, 40
44, 32, 41, 82
44, 290, 41, 95
44, 2, 41, 87
44, 291, 41, 67
44, 131, 41, 38
44, 295, 41, 17
44, 167, 41, 81
44, 232, 41, 22
44, 234, 41, 32
44, 239, 41, 93
44, 272, 41, 4
44, 48, 41, 63
44, 16, 41, 24
44, 143, 41, 99
44, 54, 41, 99
44, 62, 41, 12
44, 284, 41, 71
44, 286, 41, 44
44, 33, 42, 94
44, 229, 42, 4
44, 133, 42, 32
44, 41, 42, 89
44, 202, 42, 30
44, 269, 42, 95
44, 46, 42, 48
44, 173, 42, 24
44, 17, 42, 93
44, 146, 42, 88
44, 91, 42, 76
44, 253, 42, 29
44, 30, 42, 77
44, 286, 42, 44
44, 194, 43, 39
44, 100, 43, 16
44, 70, 43, 61
44, 73, 43, 17
44, 298, 43, 73
44, 113, 43, 45
44, 251, 43, 98
44, 197, 44, 41
44, 200, 44, 99
44, 41, 44, 89
44, 76, 44, 60
44, 237, 44, 43
44, 110, 44, 61
44, 211, 44, 96
44, 244, 44, 1
44, 181, 44, 57
44, 184, 44, 44
44, 90, 44, 84
44, 156, 44, 76
44, 127, 44, 82
44, 192, 45, 57
44, 280, 45, 40
44, 290, 45, 95
44, 195, 45, 34
44, 260, 45, 68
44, 7, 45, 74
44, 88, 45, 100
44, 9, 45, 88
44, 105, 45, 89
44, 235, 45, 9
44, 108, 45, 76
44, 17, 45, 93
44, 115, 45, 17
44, 56, 45, 11
44, 59, 45, 81
44, 63, 45, 52
44, 64, 46, 52
44, 287, 46, 54
44, 198, 46, 91
44, 8, 46, 62
44, 168, 46, 81
44, 203, 46, 12
44, 236, 46, 20
44, 235, 46, 9
44, 142, 46, 91
44, 14, 46, 33
44, 141, 46, 24
44, 15, 46, 23
44, 171, 46, 92
44, 240, 46, 35
44, 281, 46, 98
44, 28, 46, 74
44, 190, 46, 51
44, 223, 46, 5
44, 0, 47, 83
44, 65, 47, 20
44, 98, 47, 26
44, 227, 47, 31
44, 207, 47, 49
44, 116, 47, 49
44, 53, 47, 14
44, 245, 47, 65
44, 25, 47, 7
44, 285, 47, 96
44, 258, 48, 64
44, 132, 48, 40
44, 140, 48, 79
44, 142, 48, 91
44, 145, 48, 46
44, 150, 48, 77
44, 34, 48, 68
44, 298, 48, 73
44, 205, 48, 37
44, 78, 48, 37
44, 79, 48, 37
44, 80, 48, 41
44, 209, 48, 14
44, 212, 48, 98
44, 93, 48, 94
44, 235, 48, 9
44, 237, 48, 43
44, 238, 48, 71
44, 248, 48, 24
44, 68, 49, 75
44, 235, 49, 9
44, 109, 49, 36
44, 273, 49, 12
44, 151, 49, 50
44, 1, 50, 13
44, 131, 50, 38
44, 231, 50, 78
44, 201, 50, 90
44, 202, 50, 30
44, 266, 50, 86
44, 299, 50, 61
44, 138, 50, 7
44, 19, 50, 43
44, 117, 50, 49
44, 119, 50, 81
44, 250, 50, 78
44, 60, 50, 10
44, 157, 50, 21
44, 63, 50, 52
44, 225, 51, 37
44, 34, 51, 68
44, 197, 51, 41
44, 199, 51, 99
44, 77, 51, 38
44, 216, 51, 4
44, 0, 52, 83
44, 130, 52, 48
44, 261, 52, 33
44, 7, 52, 74
44, 12, 52, 33
44, 140, 52, 79
44, 157, 52, 21
44, 162, 52, 82
44, 291, 52, 67
44, 175, 52, 77
44, 49, 52, 3
44, 185, 52, 22
44, 193, 52, 90
44, 69, 52, 19
44, 82, 52, 91
44, 83, 52, 88
44, 94, 52, 81
44, 115, 52, 17
44, 255, 52, 6
44, 65, 53, 20
44, 1, 53, 13
44, 3, 53, 65
44, 67, 53, 41
44, 34, 53, 68
44, 66, 53, 14
44, 266, 53, 86
44, 173, 53, 24
44, 15, 53, 23
44, 145, 53, 46
44, 147, 53, 26
44, 243, 53, 26
44, 51, 53, 61
44, 54, 53, 99
44, 23, 53, 61
44, 58, 53, 48
44, 285, 53, 96
44, 7, 54, 74
44, 71, 54, 19
44, 265, 54, 61
44, 106, 54, 56
44, 135, 54, 67
44, 272, 54, 4
44, 99, 55, 93
44, 229, 55, 4
44, 73, 55, 17
44, 170, 55, 61
44, 266, 55, 86
44, 79, 55, 37
44, 113, 55, 45
44, 179, 55, 78
44, 148, 55, 56
44, 246, 55, 4
44, 150, 55, 77
44, 155, 55, 95
44, 29, 55, 29
44, 63, 55, 52
44, 196, 56, 4
44, 72, 56, 91
44, 137, 56, 72
44, 76, 56, 60
44, 45, 56, 46
44, 271, 56, 24
44, 272, 56, 4
44, 49, 56, 3
44, 81, 56, 12
44, 213, 56, 80
44, 122, 56, 22
44, 284, 56, 71
44, 33, 57, 94
44, 166, 57, 75
44, 199, 57, 99
44, 169, 57, 66
44, 138, 57, 7
44, 139, 57, 54
44, 140, 57, 79
44, 76, 57, 60
44, 207, 57, 49
44, 84, 57, 57
44, 119, 57, 81
44, 57, 57, 12
44, 123, 57, 75
44, 158, 57, 14
44, 255, 57, 6
44, 288, 58, 16
44, 65, 58, 20
44, 290, 58, 95
44, 224, 58, 92
44, 166, 58, 75
44, 73, 58, 17
44, 156, 58, 76
44, 178, 58, 70
44, 188, 58, 19
44, 224, 59, 92
44, 97, 59, 35
44, 258, 59, 64
44, 133, 59, 32
44, 294, 59, 6
44, 69, 59, 19
44, 6, 59, 89
44, 70, 59, 61
44, 16, 59, 24
44, 17, 59, 93
44, 149, 59, 97
44, 182, 59, 17
44, 54, 59, 99
44, 29, 59, 29
44, 62, 59, 12
44, 255, 59, 6
44, 34, 60, 68
44, 100, 60, 16
44, 166, 60, 75
44, 202, 60, 30
44, 14, 60, 33
44, 87, 60, 24
44, 191, 60, 81
44, 225, 61, 37
44, 259, 61, 66
44, 261, 61, 33
44, 205, 61, 37
44, 238, 61, 71
44, 90, 61, 84
44, 157, 61, 21
44, 224, 62, 92
44, 256, 62, 68
44, 101, 62, 7
44, 134, 62, 82
44, 122, 62, 22
44, 41, 62, 89
44, 77, 62, 38
44, 149, 62, 97
44, 218, 62, 23
44, 59, 62, 81
44, 284, 62, 71
44, 30, 62, 77
44, 160, 63, 98
44, 129, 63, 78
44, 33, 63, 94
44, 4, 63, 1
44, 184, 63, 44
44, 250, 63, 78
44, 223, 63, 5
44, 291, 64, 67
44, 26, 64, 4
44, 293, 64, 70
44, 6, 64, 89
44, 103, 64, 75
44, 101, 64, 7
44, 10, 64, 60
44, 242, 64, 82
44, 118, 64, 100
44, 185, 64, 22
44, 90, 64, 84
44, 1, 65, 13
44, 258, 65, 64
44, 294, 65, 6
44, 71, 65, 19
44, 166, 65, 75
44, 297, 65, 94
44, 10, 65, 60
44, 135, 65, 67
44, 268, 65, 24
44, 141, 65, 24
44, 179, 65, 78
44, 276, 65, 96
44, 246, 65, 4
44, 56, 65, 11
44, 155, 65, 95
44, 220, 65, 9
44, 285, 65, 96
44, 64, 66, 52
44, 65, 66, 20
44, 22, 66, 20
44, 158, 66, 14
44, 63, 66, 52
44, 1, 67, 13
44, 290, 67, 95
44, 97, 67, 35
44, 132, 67, 40
44, 4, 67, 1
44, 295, 67, 17
44, 171, 67, 92
44, 78, 67, 37
44, 111, 67, 92
44, 14, 67, 33
44, 79, 67, 37
44, 206, 67, 89
44, 118, 67, 100
44, 155, 67, 95
44, 189, 67, 10
44, 190, 67, 51
44, 36, 68, 78
44, 133, 68, 32
44, 71, 68, 19
44, 73, 68, 17
44, 140, 68, 79
44, 283, 68, 93
44, 248, 68, 24
44, 123, 68, 75
44, 66, 69, 14
44, 249, 69, 46
44, 230, 69, 71
44, 294, 69, 6
44, 136, 69, 2
44, 41, 69, 89
44, 250, 69, 78
44, 11, 69, 95
44, 46, 69, 48
44, 243, 69, 26
44, 147, 69, 26
44, 21, 69, 7
44, 119, 69, 81
44, 185, 69, 22
44, 282, 69, 43
44, 91, 69, 76
44, 285, 69, 96
44, 254, 69, 72
44, 224, 70, 92
44, 35, 70, 49
44, 228, 70, 84
44, 133, 70, 32
44, 229, 70, 4
44, 69, 70, 19
44, 71, 70, 19
44, 265, 70, 61
44, 10, 70, 60
44, 296, 70, 76
44, 204, 70, 72
44, 238, 70, 71
44, 207, 70, 49
44, 175, 70, 77
44, 79, 70, 37
44, 157, 70, 21
44, 247, 70, 47
44, 221, 70, 78
44, 192, 71, 57
44, 98, 71, 26
44, 67, 71, 41
44, 227, 71, 31
44, 40, 71, 28
44, 171, 71, 92
44, 282, 71, 43
44, 140, 71, 79
44, 78, 71, 37
44, 19, 71, 43
44, 119, 71, 81
44, 184, 71, 44
44, 250, 71, 78
44, 94, 71, 81
44, 287, 71, 54
44, 258, 72, 64
44, 137, 72, 72
44, 138, 72, 7
44, 144, 72, 49
44, 154, 72, 95
44, 30, 72, 77
44, 158, 72, 14
44, 35, 72, 49
44, 170, 72, 61
44, 53, 72, 14
44, 193, 72, 90
44, 79, 72, 37
44, 208, 72, 70
44, 213, 72, 80
44, 219, 72, 59
44, 231, 72, 78
44, 232, 72, 22
44, 112, 72, 19
44, 118, 72, 100
44, 249, 72, 46
44, 33, 73, 94
44, 36, 73, 78
44, 102, 73, 48
44, 103, 73, 75
44, 171, 73, 92
44, 210, 73, 43
44, 147, 73, 26
44, 116, 73, 49
44, 93, 73, 94
44, 63, 73, 52
44, 160, 74, 98
44, 161, 74, 33
44, 96, 74, 50
44, 259, 74, 66
44, 32, 74, 82
44, 257, 74, 79
44, 294, 74, 6
44, 229, 74, 4
44, 293, 74, 70
44, 44, 74, 49
44, 45, 74, 46
44, 142, 74, 91
44, 238, 74, 71
44, 81, 74, 12
44, 114, 74, 49
44, 85, 74, 96
44, 249, 74, 46
44, 191, 74, 81
44, 128, 75, 8
44, 264, 75, 86
44, 138, 75, 7
44, 139, 75, 54
44, 268, 75, 24
44, 143, 75, 99
44, 18, 75, 37
44, 150, 75, 77
44, 26, 75, 4
44, 32, 75, 82
44, 41, 75, 89
44, 52, 75, 89
44, 182, 75, 17
44, 105, 75, 89
44, 235, 75, 9
44, 114, 75, 49
44, 247, 75, 47
44, 124, 75, 11
44, 254, 75, 72
44, 64, 76, 52
44, 132, 76, 40
44, 167, 76, 81
44, 73, 76, 17
44, 267, 76, 19
44, 204, 76, 72
44, 109, 76, 36
44, 142, 76, 91
44, 272, 76, 4
44, 274, 76, 17
44, 84, 76, 57
44, 125, 76, 62
44, 86, 76, 13
44, 249, 76, 46
44, 93, 76, 94
44, 63, 76, 52
44, 159, 77, 100
44, 226, 77, 93
44, 36, 77, 78
44, 167, 77, 81
44, 264, 77, 86
44, 298, 77, 73
44, 75, 77, 8
44, 145, 77, 46
44, 85, 77, 96
44, 214, 77, 97
44, 117, 77, 49
44, 154, 77, 95
44, 125, 77, 62
44, 158, 77, 14
44, 127, 77, 82
44, 288, 78, 16
44, 66, 78, 14
44, 293, 78, 70
44, 37, 78, 71
44, 263, 78, 59
44, 229, 78, 4
44, 7, 78, 74
44, 44, 78, 49
44, 140, 78, 79
44, 45, 78, 46
44, 111, 78, 92
44, 82, 78, 91
44, 18, 78, 37
44, 278, 78, 58
44, 56, 78, 11
44, 60, 78, 10
44, 190, 78, 51
44, 63, 78, 52
44, 289, 79, 11
44, 35, 79, 49
44, 260, 79, 68
44, 100, 79, 16
44, 53, 79, 14
44, 181, 79, 57
44, 280, 79, 40
44, 31, 79, 61
44, 63, 79, 52
44, 194, 80, 39
44, 163, 80, 67
44, 164, 80, 96
44, 229, 80, 4
44, 4, 80, 1
44, 73, 80, 17
44, 74, 80, 86
44, 48, 80, 63
44, 240, 80, 35
44, 177, 80, 56
44, 179, 80, 78
44, 275, 80, 75
44, 181, 80, 57
44, 118, 80, 100
44, 149, 80, 97
44, 152, 80, 95
44, 125, 80, 62
44, 63, 80, 52
44, 161, 81, 33
44, 67, 81, 41
44, 5, 81, 27
44, 247, 81, 47
44, 73, 81, 17
44, 9, 81, 88
44, 169, 81, 66
44, 206, 81, 89
44, 178, 81, 70
44, 52, 81, 89
44, 125, 81, 62
44, 30, 81, 77
44, 88, 81, 100
44, 251, 81, 98
44, 221, 81, 78
44, 62, 81, 12
44, 63, 81, 52
44, 100, 82, 16
44, 37, 82, 71
44, 136, 82, 2
44, 41, 82, 89
44, 72, 82, 91
44, 104, 82, 86
44, 237, 82, 43
44, 13, 82, 55
44, 206, 82, 89
44, 20, 82, 89
44, 182, 82, 17
44, 127, 82, 82
44, 224, 83, 92
44, 153, 83, 45
44, 4, 83, 1
44, 297, 83, 94
44, 73, 83, 17
44, 108, 83, 76
44, 48, 83, 63
44, 210, 83, 43
44, 22, 83, 20
44, 215, 83, 28
44, 89, 83, 51
44, 94, 83, 81
44, 0, 84, 83
44, 195, 84, 34
44, 100, 84, 16
44, 231, 84, 78
44, 106, 84, 56
44, 139, 84, 54
44, 203, 84, 12
44, 127, 84, 82
44, 15, 84, 23
44, 247, 84, 47
44, 185, 84, 22
44, 124, 84, 11
44, 190, 84, 51
44, 255, 84, 6
44, 280, 85, 40
44, 228, 85, 84
44, 6, 85, 89
44, 267, 85, 19
44, 299, 85, 61
44, 139, 85, 54
44, 12, 85, 33
44, 151, 85, 50
44, 216, 85, 4
44, 25, 85, 7
44, 128, 86, 8
44, 2, 86, 87
44, 7, 86, 74
44, 103, 86, 75
44, 233, 86, 28
44, 42, 86, 14
44, 268, 86, 24
44, 240, 86, 35
44, 156, 86, 76
44, 279, 86, 41
44, 217, 86, 84
44, 220, 86, 9
44, 34, 87, 68
44, 99, 87, 93
44, 102, 87, 48
44, 70, 87, 61
44, 45, 87, 46
44, 14, 87, 33
44, 245, 87, 65
44, 247, 87, 47
44, 280, 87, 40
44, 126, 87, 40
44, 2, 88, 87
44, 5, 88, 27
44, 70, 88, 61
44, 101, 88, 7
44, 168, 88, 81
44, 105, 88, 89
44, 74, 88, 86
44, 27, 88, 37
44, 6, 88, 89
44, 293, 88, 70
44, 113, 88, 45
44, 278, 88, 58
44, 122, 88, 22
44, 251, 88, 98
44, 220, 88, 9
44, 159, 88, 100
44, 44, 89, 49
44, 15, 89, 23
44, 112, 89, 19
44, 116, 89, 49
44, 217, 89, 84
44, 186, 89, 27
44, 123, 89, 75
44, 124, 89, 11
44, 231, 90, 78
44, 18, 90, 37
44, 179, 90, 78
44, 279, 90, 41
44, 60, 90, 10
44, 288, 91, 16
44, 259, 91, 66
44, 75, 91, 8
44, 14, 91, 33
44, 174, 91, 49
44, 111, 91, 92
44, 241, 91, 99
44, 274, 91, 17
44, 178, 91, 70
44, 22, 91, 20
44, 152, 91, 95
44, 217, 91, 84
44, 56, 91, 11
44, 216, 91, 4
44, 161, 92, 33
44, 225, 92, 37
44, 65, 92, 20
44, 227, 92, 31
44, 293, 92, 70
44, 299, 92, 61
44, 268, 92, 24
44, 17, 92, 93
44, 115, 92, 17
44, 180, 92, 2
44, 23, 92, 61
44, 126, 92, 40
44, 159, 93, 100
44, 96, 93, 50
44, 129, 93, 78
44, 228, 93, 84
44, 38, 93, 67
44, 11, 93, 95
44, 14, 93, 33
44, 142, 93, 91
44, 238, 93, 71
44, 83, 93, 88
44, 52, 93, 89
44, 181, 93, 57
44, 30, 93, 77
44, 183, 93, 45
44, 189, 93, 10
44, 158, 93, 14
44, 191, 93, 81
44, 4, 94, 1
44, 37, 94, 71
44, 293, 94, 70
44, 231, 94, 78
44, 68, 94, 75
44, 140, 94, 79
44, 49, 94, 3
44, 274, 94, 17
44, 148, 94, 56
44, 244, 94, 1
44, 213, 94, 80
44, 215, 94, 28
44, 185, 94, 22
44, 221, 94, 78
44, 127, 94, 82
44, 99, 95, 93
44, 260, 95, 68
44, 73, 95, 17
44, 172, 95, 50
44, 206, 95, 89
44, 239, 95, 93
44, 207, 95, 49
44, 273, 95, 12
44, 179, 95, 78
44, 213, 95, 80
44, 182, 95, 17
44, 149, 95, 97
44, 222, 95, 68
44, 30, 95, 77
44, 96, 96, 50
44, 257, 96, 79
44, 66, 96, 14
44, 288, 96, 16
44, 134, 96, 82
44, 199, 96, 99
44, 169, 96, 66
44, 203, 96, 12
44, 238, 96, 71
44, 271, 96, 24
44, 174, 96, 49
44, 147, 96, 26
44, 85, 96, 96
44, 249, 96, 46
44, 286, 96, 44
44, 2, 97, 87
44, 195, 97, 34
44, 261, 97, 33
44, 294, 97, 6
44, 16, 97, 24
44, 52, 97, 89
44, 151, 97, 50
44, 28, 97, 74
44, 132, 98, 40
44, 39, 98, 30
44, 136, 98, 2
44, 265, 98, 61
44, 270, 98, 19
44, 55, 98, 94
44, 248, 98, 24
44, 251, 98, 98
44, 67, 99, 41
44, 4, 99, 1
44, 69, 99, 19
44, 198, 99, 91
44, 200, 99, 99
44, 10, 99, 60
44, 44, 99, 49
44, 14, 99, 33
44, 15, 99, 23
44, 111, 99, 92
44, 148, 99, 56
44, 212, 99, 98
44, 116, 99, 49
44, 118, 99, 100
44, 90, 99, 84
44, 220, 99, 9
44, 157, 99, 21
44, 254, 99, 72
44, 2, 100, 87
44, 67, 100, 41
44, 233, 100, 28
44, 110, 100, 61
44, 112, 100, 19
44, 178, 100, 70
44, 54, 100, 99
44, 24, 100, 18
44, 187, 100, 65
44, 96, 101, 50
44, 161, 101, 33
44, 66, 101, 14
44, 133, 101, 32
44, 9, 101, 88
44, 11, 101, 95
44, 109, 101, 36
44, 77, 101, 38
44, 79, 101, 37
44, 48, 101, 63
44, 207, 101, 49
44, 178, 101, 70
44, 145, 101, 46
44, 245, 101, 65
44, 118, 101, 100
44, 182, 101, 17
44, 216, 101, 4
44, 186, 101, 27
44, 35, 102, 49
44, 163, 102, 67
44, 108, 102, 76
44, 244, 102, 1
44, 152, 102, 95
44, 284, 102, 71
44, 158, 102, 14
44, 289, 103, 11
44, 261, 103, 33
44, 262, 103, 97
44, 106, 103, 56
44, 266, 103, 86
44, 205, 103, 37
44, 117, 103, 49
44, 280, 103, 40
44, 252, 103, 55
44, 129, 104, 78
44, 141, 104, 24
44, 14, 104, 33
44, 277, 104, 23
44, 22, 104, 20
44, 283, 104, 93
44, 161, 104, 33
44, 44, 104, 49
44, 45, 104, 46
44, 59, 104, 81
44, 60, 104, 10
44, 66, 104, 14
44, 209, 104, 14
44, 82, 104, 91
44, 89, 104, 51
44, 226, 104, 93
44, 236, 104, 20
44, 244, 104, 1
44, 116, 104, 49
44, 250, 104, 78
44, 131, 105, 38
44, 100, 105, 16
44, 264, 105, 86
44, 168, 105, 81
44, 201, 105, 90
44, 267, 105, 19
44, 75, 105, 8
44, 240, 105, 35
44, 116, 105, 49
44, 53, 105, 14
44, 216, 105, 4
44, 156, 105, 76
44, 286, 105, 44
44, 191, 105, 81
44, 64, 106, 52
44, 32, 106, 82
44, 226, 106, 93
44, 292, 106, 5
44, 196, 106, 4
44, 294, 106, 6
44, 103, 106, 75
44, 107, 106, 16
44, 173, 106, 24
44, 237, 106, 43
44, 144, 106, 49
44, 52, 106, 89
44, 245, 106, 65
44, 121, 106, 56
44, 283, 106, 93
44, 189, 106, 10
44, 256, 107, 68
44, 129, 107, 78
44, 67, 107, 41
44, 196, 107, 4
44, 10, 107, 60
44, 170, 107, 61
44, 18, 107, 37
44, 22, 107, 20
44, 62, 107, 12
44, 195, 108, 34
44, 101, 108, 7
44, 102, 108, 48
44, 198, 108, 91
44, 7, 108, 74
44, 40, 108, 28
44, 107, 108, 16
44, 235, 108, 9
44, 75, 108, 8
44, 177, 108, 56
44, 23, 108, 61
44, 151, 108, 50
44, 91, 108, 76
44, 65, 109, 20
44, 197, 109, 41
44, 229, 109, 4
44, 135, 109, 67
44, 168, 109, 81
44, 8, 109, 62
44, 47, 109, 69
44, 272, 109, 4
44, 185, 109, 22
44, 186, 109, 27
44, 220, 109, 9
44, 25, 109, 7
44, 225, 110, 37
44, 163, 110, 67
44, 69, 110, 19
44, 234, 110, 32
44, 139, 110, 54
44, 183, 110, 45
44, 56, 110, 11
44, 254, 110, 72
44, 197, 111, 41
44, 231, 111, 78
44, 201, 111, 90
44, 177, 111, 56
44, 54, 111, 99
44, 254, 111, 72
44, 129, 112, 78
44, 263, 112, 59
44, 11, 112, 95
44, 146, 112, 88
44, 18, 112, 37
44, 20, 112, 89
44, 152, 112, 95
44, 281, 112, 98
44, 287, 112, 54
44, 162, 112, 82
44, 168, 112, 81
44, 41, 112, 89
44, 183, 112, 45
44, 73, 112, 17
44, 213, 112, 80
44, 93, 112, 94
44, 236, 112, 20
44, 109, 112, 36
44, 244, 112, 1
44, 121, 112, 56
44, 160, 113, 98
44, 70, 113, 61
44, 266, 113, 86
44, 141, 113, 24
44, 212, 113, 98
44, 183, 113, 45
44, 123, 113, 75
44, 253, 113, 29
44, 62, 113, 12
44, 32, 114, 82
44, 291, 114, 67
44, 249, 114, 46
44, 294, 114, 6
44, 8, 114, 62
44, 296, 114, 76
44, 9, 114, 88
44, 104, 114, 86
44, 77, 114, 38
44, 269, 114, 95
44, 175, 114, 77
44, 151, 114, 50
44, 24, 114, 18
44, 89, 114, 51
44, 92, 114, 68
44, 222, 114, 68
44, 127, 114, 82
44, 202, 115, 30
44, 140, 115, 79
44, 245, 115, 65
44, 120, 115, 64
44, 217, 115, 84
44, 122, 115, 22
44, 157, 115, 21
44, 32, 116, 82
44, 256, 116, 68
44, 231, 116, 78
44, 74, 116, 86
44, 51, 116, 61
44, 148, 116, 56
44, 181, 116, 57
44, 24, 116, 18
44, 282, 116, 43
44, 155, 116, 95
44, 221, 116, 78
44, 95, 116, 60
44, 294, 117, 6
44, 6, 117, 89
44, 105, 117, 89
44, 236, 117, 20
44, 176, 117, 63
44, 85, 117, 96
44, 22, 117, 20
44, 254, 117, 72
44, 154, 117, 95
44, 125, 117, 62
44, 126, 117, 40
44, 160, 118, 98
44, 165, 118, 57
44, 230, 118, 71
44, 202, 118, 30
44, 11, 118, 95
44, 270, 118, 19
44, 113, 118, 45
44, 274, 118, 17
44, 210, 118, 43
44, 116, 118, 49
44, 213, 118, 80
44, 22, 118, 20
44, 188, 118, 19
44, 285, 118, 96
44, 131, 119, 38
44, 18, 119, 37
44, 54, 119, 99
44, 183, 119, 45
44, 255, 119, 6
44, 0, 120, 83
44, 292, 120, 5
44, 250, 120, 78
44, 11, 120, 95
44, 13, 120, 55
44, 173, 120, 24
44, 77, 120, 38
44, 14, 120, 33
44, 78, 120, 37
44, 82, 120, 91
44, 18, 120, 37
44, 214, 120, 97
44, 86, 120, 13
44, 248, 120, 24
44, 218, 120, 23
44, 254, 120, 72
44, 95, 120, 60
44, 201, 121, 90
44, 138, 121, 7
44, 74, 121, 86
44, 144, 121, 49
44, 181, 121, 57
44, 279, 121, 41
44, 92, 121, 68
44, 68, 122, 75
44, 238, 122, 71
44, 15, 122, 23
44, 273, 122, 12
44, 187, 122, 65
44, 227, 123, 31
44, 10, 123, 60
44, 12, 123, 33
44, 109, 123, 36
44, 47, 123, 69
44, 85, 123, 96
44, 156, 123, 76
44, 253, 123, 29
44, 2, 124, 87
44, 133, 124, 32
44, 262, 124, 97
44, 9, 124, 88
44, 149, 124, 97
44, 156, 124, 76
44, 29, 124, 29
44, 170, 124, 61
44, 42, 124, 14
44, 173, 124, 24
44, 64, 124, 52
44, 194, 124, 39
44, 195, 124, 34
44, 200, 124, 99
44, 90, 124, 84
44, 239, 124, 93
44, 120, 124, 64
44, 121, 124, 56
44, 125, 124, 62
44, 101, 125, 7
44, 230, 125, 71
44, 72, 125, 91
44, 139, 125, 54
44, 140, 125, 79
44, 212, 125, 98
44, 285, 125, 96
44, 225, 126, 37
44, 2, 126, 87
44, 67, 126, 41
44, 199, 126, 99
44, 8, 126, 62
44, 298, 126, 73
44, 280, 126, 40
44, 218, 126, 23
44, 288, 127, 16
44, 6, 127, 89
44, 103, 127, 75
44, 148, 127, 56
44, 26, 127, 4
44, 155, 127, 95
44, 280, 128, 40
44, 292, 128, 5
44, 197, 128, 41
44, 37, 128, 71
44, 262, 128, 97
44, 296, 128, 76
44, 136, 128, 2
44, 232, 128, 22
44, 203, 128, 12
44, 238, 128, 71
44, 270, 128, 19
44, 78, 128, 37
44, 19, 128, 43
44, 245, 128, 65
44, 87, 128, 24
44, 152, 128, 95
44, 153, 128, 45
44, 90, 128, 84
44, 3, 129, 65
44, 133, 129, 32
44, 232, 129, 22
44, 169, 129, 66
44, 10, 129, 60
44, 142, 129, 91
44, 60, 129, 10
44, 206, 129, 89
44, 20, 129, 89
44, 53, 129, 14
44, 88, 129, 100
44, 284, 129, 71
44, 184, 129, 44
44, 128, 130, 8
44, 191, 130, 81
44, 195, 130, 34
44, 6, 130, 89
44, 27, 130, 37
44, 72, 130, 91
44, 42, 130, 14
44, 14, 130, 33
44, 82, 130, 91
44, 283, 130, 93
44, 159, 130, 100
44, 199, 131, 99
44, 204, 131, 72
44, 147, 131, 26
44, 211, 131, 96
44, 21, 131, 7
44, 56, 131, 11
44, 269, 132, 95
44, 151, 132, 50
44, 280, 132, 40
44, 283, 132, 93
44, 157, 132, 21
44, 30, 132, 77
44, 291, 132, 67
44, 293, 132, 70
44, 295, 132, 17
44, 296, 132, 76
44, 55, 132, 94
44, 61, 132, 40
44, 206, 132, 89
44, 213, 132, 80
44, 214, 132, 97
44, 91, 132, 76
44, 221, 132, 78
44, 103, 132, 75
44, 241, 132, 99
44, 119, 132, 81
44, 258, 133, 64
44, 66, 133, 14
44, 67, 133, 41
44, 165, 133, 57
44, 168, 133, 81
44, 265, 133, 61
44, 109, 133, 36
44, 239, 133, 93
44, 176, 133, 63
44, 240, 133, 35
44, 276, 133, 96
44, 215, 133, 28
44, 24, 133, 18
44, 59, 133, 81
44, 132, 134, 40
44, 9, 134, 88
44, 268, 134, 24
44, 276, 134, 96
44, 148, 134, 56
44, 288, 134, 16
44, 163, 134, 67
44, 169, 134, 66
44, 62, 134, 12
44, 194, 134, 39
44, 68, 134, 75
44, 206, 134, 89
44, 216, 134, 4
44, 89, 134, 51
44, 92, 134, 68
44, 98, 134, 26
44, 101, 134, 7
44, 253, 134, 29
44, 125, 134, 62
44, 258, 135, 64
44, 6, 135, 89
44, 262, 135, 97
44, 134, 135, 82
44, 264, 135, 86
44, 268, 135, 24
44, 276, 135, 96
44, 149, 135, 97
44, 23, 135, 61
44, 42, 135, 14
44, 56, 135, 11
44, 187, 135, 65
44, 59, 135, 81
44, 67, 135, 41
44, 220, 135, 9
44, 223, 135, 5
44, 106, 135, 56
44, 244, 135, 1
44, 121, 135, 56
44, 0, 136, 83
44, 259, 136, 66
44, 131, 136, 38
44, 270, 136, 19
44, 146, 136, 88
44, 19, 136, 43
44, 281, 136, 98
44, 162, 136, 82
44, 40, 136, 28
44, 169, 136, 66
44, 61, 136, 40
44, 64, 136, 52
44, 195, 136, 34
44, 203, 136, 12
44, 206, 136, 89
44, 209, 136, 14
44, 223, 136, 5
44, 226, 136, 93
44, 106, 136, 56
44, 127, 136, 82
44, 66, 137, 14
44, 42, 137, 14
44, 82, 137, 91
44, 63, 137, 52
44, 95, 137, 60
44, 288, 138, 16
44, 33, 138, 94
44, 163, 138, 67
44, 68, 138, 75
44, 41, 138, 89
44, 138, 138, 7
44, 79, 138, 37
44, 271, 138, 24
44, 83, 138, 88
44, 19, 138, 43
44, 125, 138, 62
44, 182, 138, 17
44, 183, 138, 45
44, 152, 138, 95
44, 282, 138, 43
44, 156, 138, 76
44, 221, 138, 78
44, 248, 139, 24
44, 226, 139, 93
44, 163, 139, 67
44, 292, 139, 5
44, 133, 139, 32
44, 102, 139, 48
44, 199, 139, 99
44, 168, 139, 81
44, 298, 139, 73
44, 12, 139, 33
44, 141, 139, 24
44, 16, 139, 24
44, 56, 139, 11
44, 186, 139, 27
44, 198, 140, 91
44, 136, 140, 2
44, 236, 140, 20
44, 146, 140, 88
44, 276, 140, 96
44, 55, 140, 94
44, 250, 140, 78
44, 287, 140, 54
44, 66, 141, 14
44, 292, 141, 5
44, 37, 141, 71
44, 166, 141, 75
44, 293, 141, 70
44, 105, 141, 89
44, 12, 141, 33
44, 86, 141, 13
44, 217, 141, 84
44, 186, 141, 27
44, 60, 141, 10
44, 222, 141, 68
44, 1, 142, 13
44, 167, 142, 81
44, 11, 142, 95
44, 282, 142, 43
44, 239, 142, 93
44, 272, 142, 4
44, 144, 142, 49
44, 175, 142, 77
44, 148, 142, 56
44, 151, 142, 50
44, 26, 142, 4
44, 157, 142, 21
44, 62, 142, 12
44, 102, 143, 48
44, 231, 143, 78
44, 39, 143, 30
44, 295, 143, 17
44, 297, 143, 94
44, 204, 143, 72
44, 86, 143, 13
44, 22, 143, 20
44, 154, 143, 95
44, 251, 143, 98
44, 265, 144, 61
44, 12, 144, 33
44, 288, 144, 16
44, 34, 144, 68
44, 37, 144, 71
44, 170, 144, 61
44, 45, 144, 46
44, 47, 144, 69
44, 209, 144, 14
44, 91, 144, 76
44, 220, 144, 9
44, 92, 144, 68
44, 225, 144, 37
44, 228, 144, 84
44, 245, 144, 65
44, 246, 144, 4
44, 249, 144, 46
44, 125, 144, 62
44, 127, 144, 82
44, 129, 145, 78
44, 98, 145, 26
44, 164, 145, 96
44, 228, 145, 84
44, 296, 145, 76
44, 297, 145, 94
44, 239, 145, 93
44, 175, 145, 77
44, 51, 145, 61
44, 29, 145, 29
44, 260, 146, 68
44, 14, 146, 33
44, 21, 146, 7
44, 24, 146, 18
44, 28, 146, 74
44, 170, 146, 61
44, 175, 146, 77
44, 189, 146, 10
44, 194, 146, 39
44, 195, 146, 34
44, 73, 146, 17
44, 212, 146, 98
44, 86, 146, 13
44, 220, 146, 9
44, 228, 146, 84
44, 101, 146, 7
44, 230, 146, 71
44, 236, 146, 20
44, 249, 146, 46
44, 227, 147, 31
44, 73, 147, 17
44, 19, 147, 43
44, 275, 147, 75
44, 244, 147, 1
44, 118, 147, 100
44, 153, 147, 45
44, 218, 147, 23
44, 286, 147, 44
44, 161, 148, 33
44, 231, 148, 78
44, 77, 148, 38
44, 80, 148, 41
44, 242, 148, 82
44, 116, 148, 49
44, 214, 148, 97
44, 279, 148, 41
44, 217, 148, 84
44, 219, 148, 59
44, 157, 148, 21
44, 127, 148, 82
44, 65, 149, 20
44, 103, 149, 75
44, 232, 149, 22
44, 7, 149, 74
44, 107, 149, 16
44, 111, 149, 92
44, 16, 149, 24
44, 273, 149, 12
44, 147, 149, 26
44, 244, 149, 1
44, 125, 149, 62
