150, 300, 15
34, 96, 0, 20
34, 289, 0, 52
34, 2, 0, 85
34, 292, 0, 93
34, 295, 0, 34
34, 234, 0, 45
34, 107, 0, 22
34, 53, 0, 10
34, 150, 0, 30
34, 214, 0, 24
34, 21, 0, 89
34, 279, 0, 39
34, 30, 0, 84
34, 191, 0, 27
34, 290, 1, 1
34, 3, 1, 77
34, 196, 1, 45
34, 229, 1, 43
34, 297, 1, 53
34, 10, 1, 3
34, 76, 1, 40
34, 80, 1, 31
34, 210, 1, 23
34, 179, 1, 55
34, 275, 1, 59
34, 183, 1, 66
34, 123, 1, 39
34, 160, 2, 95
34, 166, 2, 24
34, 105, 2, 99
34, 270, 2, 59
34, 14, 2, 11
34, 258, 3, 57
34, 134, 3, 92
34, 269, 3, 66
34, 141, 3, 13
34, 271, 3, 63
34, 18, 3, 60
34, 21, 3, 89
34, 150, 3, 30
34, 151, 3, 65
34, 153, 3, 1
34, 159, 3, 95
34, 36, 3, 72
34, 176, 3, 66
34, 54, 3, 60
34, 78, 3, 30
34, 100, 3, 16
34, 102, 3, 7
34, 237, 3, 38
34, 111, 3, 69
34, 118, 3, 72
34, 153, 4, 1
34, 255, 4, 40
34, 36, 4, 72
34, 165, 4, 79
34, 40, 4, 47
34, 91, 4, 31
34, 298, 4, 47
34, 18, 4, 60
34, 151, 4, 65
34, 25, 4, 23
34, 187, 4, 54
34, 30, 4, 84
34, 95, 4, 81
34, 32, 5, 29
34, 292, 5, 93
34, 267, 5, 9
34, 60, 5, 69
34, 83, 5, 4
34, 25, 5, 23
34, 28, 5, 4
34, 63, 5, 9
34, 130, 6, 65
34, 206, 6, 20
34, 270, 6, 59
34, 243, 6, 73
34, 124, 6, 99
34, 227, 7, 33
34, 233, 7, 44
34, 42, 7, 15
34, 266, 7, 6
34, 206, 7, 20
34, 49, 7, 45
34, 83, 7, 4
34, 179, 7, 55
34, 218, 7, 81
34, 155, 7, 92
34, 124, 7, 99
34, 225, 8, 42
34, 114, 8, 14
34, 22, 8, 13
34, 87, 8, 25
34, 285, 8, 40
34, 130, 9, 65
34, 227, 9, 33
34, 35, 9, 12
34, 99, 9, 64
34, 166, 9, 24
34, 39, 9, 2
34, 135, 9, 39
34, 290, 9, 1
34, 268, 9, 37
34, 76, 9, 40
34, 78, 9, 30
34, 273, 9, 51
34, 113, 9, 50
34, 83, 9, 4
34, 50, 9, 57
34, 245, 9, 16
34, 54, 9, 60
34, 89, 9, 62
34, 259, 10, 16
34, 103, 10, 91
34, 144, 10, 12
34, 117, 10, 23
34, 188, 10, 36
34, 95, 10, 81
34, 225, 11, 42
34, 290, 11, 1
34, 69, 11, 70
34, 232, 11, 89
34, 19, 11, 69
34, 127, 11, 63
34, 97, 12, 69
34, 133, 12, 21
34, 266, 12, 6
34, 18, 12, 60
34, 275, 12, 59
34, 94, 12, 86
34, 258, 13, 57
34, 7, 13, 36
34, 150, 13, 30
34, 278, 13, 27
34, 31, 13, 81
34, 291, 13, 34
34, 171, 13, 64
34, 177, 13, 57
34, 53, 13, 10
34, 188, 13, 36
34, 208, 13, 86
34, 81, 13, 5
34, 212, 13, 39
34, 217, 13, 66
34, 221, 13, 77
34, 97, 13, 69
34, 105, 13, 99
34, 112, 13, 20
34, 118, 13, 72
34, 64, 14, 87
34, 99, 14, 64
34, 132, 14, 68
34, 236, 14, 43
34, 187, 14, 54
34, 189, 14, 10
34, 255, 14, 40
34, 128, 15, 14
34, 262, 15, 97
34, 136, 15, 60
34, 13, 15, 85
34, 141, 15, 13
34, 155, 15, 92
34, 34, 15, 95
34, 167, 15, 93
34, 297, 15, 53
34, 51, 15, 79
34, 55, 15, 18
34, 60, 15, 69
34, 93, 15, 86
34, 224, 15, 21
34, 104, 15, 73
34, 232, 15, 89
34, 239, 15, 10
34, 117, 15, 23
34, 123, 15, 39
34, 225, 16, 42
34, 5, 16, 4
34, 70, 16, 32
34, 295, 16, 34
34, 38, 16, 6
34, 75, 16, 3
34, 28, 16, 4
34, 142, 16, 3
34, 46, 16, 58
34, 156, 16, 100
34, 213, 16, 2
34, 181, 16, 40
34, 151, 16, 65
34, 185, 16, 55
34, 122, 16, 18
34, 155, 16, 92
34, 124, 16, 99
34, 128, 17, 14
34, 16, 17, 81
34, 22, 17, 13
34, 156, 17, 100
34, 285, 17, 40
34, 291, 17, 34
34, 175, 17, 37
34, 188, 17, 36
34, 209, 17, 10
34, 87, 17, 25
34, 89, 17, 62
34, 220, 17, 76
34, 94, 17, 86
34, 97, 17, 69
34, 238, 17, 28
34, 239, 17, 10
34, 240, 17, 50
34, 122, 17, 18
34, 251, 17, 85
34, 126, 17, 57
34, 266, 18, 6
34, 138, 18, 28
34, 25, 18, 23
34, 159, 18, 95
34, 161, 18, 2
34, 294, 18, 52
34, 40, 18, 47
34, 55, 18, 18
34, 60, 18, 69
34, 70, 18, 32
34, 202, 18, 77
34, 74, 18, 49
34, 76, 18, 40
34, 89, 18, 62
34, 99, 18, 64
34, 232, 18, 89
34, 108, 18, 97
34, 115, 18, 64
34, 253, 18, 17
34, 193, 19, 20
34, 72, 19, 94
34, 41, 19, 95
34, 297, 19, 53
34, 109, 19, 69
34, 82, 19, 70
34, 210, 19, 23
34, 179, 19, 55
34, 85, 19, 65
34, 279, 19, 39
34, 56, 19, 75
34, 155, 19, 92
34, 190, 19, 95
34, 222, 19, 23
34, 255, 19, 40
34, 132, 20, 68
34, 273, 20, 51
34, 210, 20, 23
34, 50, 20, 57
34, 179, 20, 55
34, 17, 20, 5
34, 54, 20, 60
34, 289, 21, 52
34, 263, 21, 49
34, 299, 21, 16
34, 237, 21, 38
34, 243, 21, 73
34, 56, 21, 75
34, 57, 21, 36
34, 186, 21, 30
34, 159, 21, 95
34, 64, 22, 87
34, 32, 22, 29
34, 199, 22, 77
34, 8, 22, 15
34, 239, 22, 10
34, 212, 22, 39
34, 30, 22, 84
34, 31, 22, 81
34, 262, 23, 97
34, 8, 23, 15
34, 138, 23, 28
34, 10, 23, 3
34, 273, 23, 51
34, 19, 23, 69
34, 21, 23, 89
34, 25, 23, 23
34, 290, 23, 1
34, 38, 23, 6
34, 183, 23, 66
34, 187, 23, 54
34, 197, 23, 91
34, 78, 23, 30
34, 104, 23, 73
34, 233, 23, 44
34, 242, 23, 39
34, 253, 23, 17
34, 125, 23, 3
34, 2, 24, 85
34, 137, 24, 33
34, 266, 24, 6
34, 149, 24, 52
34, 23, 24, 57
34, 24, 24, 60
34, 25, 24, 23
34, 158, 24, 64
34, 290, 24, 1
34, 36, 24, 72
34, 39, 24, 2
34, 175, 24, 37
34, 50, 24, 57
34, 56, 24, 75
34, 185, 24, 55
34, 206, 24, 20
34, 78, 24, 30
34, 209, 24, 10
34, 100, 24, 16
34, 237, 24, 38
34, 280, 25, 21
34, 226, 25, 50
34, 3, 25, 77
34, 230, 25, 3
34, 72, 25, 94
34, 12, 25, 86
34, 141, 25, 13
34, 238, 25, 28
34, 16, 25, 81
34, 179, 25, 55
34, 52, 25, 85
34, 88, 25, 8
34, 250, 25, 68
34, 123, 25, 39
34, 125, 25, 3
34, 191, 25, 27
34, 136, 26, 60
34, 30, 26, 84
34, 153, 26, 1
34, 158, 26, 64
34, 63, 26, 9
34, 128, 27, 14
34, 257, 27, 15
34, 4, 27, 36
34, 233, 27, 44
34, 297, 27, 53
34, 203, 27, 51
34, 54, 27, 60
34, 58, 27, 15
34, 255, 28, 40
34, 260, 28, 17
34, 5, 28, 4
34, 70, 28, 32
34, 44, 28, 20
34, 239, 28, 10
34, 209, 28, 10
34, 181, 28, 40
34, 183, 28, 66
34, 218, 28, 81
34, 124, 28, 99
34, 63, 28, 9
34, 288, 29, 34
34, 32, 29, 29
34, 131, 29, 48
34, 259, 29, 16
34, 68, 29, 8
34, 263, 29, 49
34, 170, 29, 74
34, 239, 29, 10
34, 116, 29, 4
34, 245, 29, 16
34, 278, 29, 27
34, 25, 29, 23
34, 90, 29, 44
34, 219, 29, 7
34, 61, 29, 28
34, 31, 29, 81
34, 96, 30, 20
34, 237, 30, 38
34, 112, 30, 20
34, 180, 30, 86
34, 28, 30, 4
34, 190, 30, 95
34, 289, 31, 52
34, 291, 31, 34
34, 166, 31, 24
34, 38, 31, 6
34, 8, 31, 15
34, 295, 31, 34
34, 262, 31, 97
34, 203, 31, 51
34, 112, 31, 20
34, 82, 31, 70
34, 147, 31, 22
34, 252, 31, 21
34, 18, 31, 60
34, 118, 31, 72
34, 26, 31, 79
34, 188, 31, 36
34, 191, 32, 27
34, 259, 32, 16
34, 37, 32, 65
34, 265, 32, 45
34, 43, 32, 61
34, 108, 32, 97
34, 156, 32, 100
34, 146, 32, 42
34, 151, 32, 65
34, 31, 32, 81
34, 93, 32, 86
34, 223, 32, 91
34, 38, 33, 6
34, 46, 33, 58
34, 177, 33, 57
34, 84, 33, 3
34, 251, 33, 85
34, 128, 34, 14
34, 136, 34, 60
34, 264, 34, 23
34, 273, 34, 51
34, 89, 34, 62
34, 188, 34, 36
34, 61, 34, 28
34, 257, 35, 15
34, 196, 35, 45
34, 58, 35, 15
34, 263, 35, 49
34, 203, 35, 51
34, 108, 35, 97
34, 267, 35, 9
34, 143, 35, 50
34, 272, 35, 88
34, 148, 35, 23
34, 53, 35, 10
34, 54, 35, 60
34, 282, 35, 100
34, 220, 35, 76
34, 222, 35, 23
34, 65, 36, 50
34, 33, 36, 94
34, 102, 36, 7
34, 42, 36, 15
34, 298, 36, 47
34, 144, 36, 12
34, 242, 36, 39
34, 275, 36, 59
34, 85, 36, 65
34, 246, 36, 38
34, 245, 36, 16
34, 181, 36, 40
34, 88, 36, 8
34, 152, 36, 73
34, 33, 37, 94
34, 97, 37, 69
34, 228, 37, 58
34, 101, 37, 34
34, 230, 37, 3
34, 169, 37, 82
34, 110, 37, 3
34, 144, 37, 12
34, 209, 37, 10
34, 208, 37, 86
34, 51, 37, 79
34, 275, 37, 59
34, 152, 37, 73
34, 284, 37, 22
34, 171, 38, 64
34, 13, 38, 85
34, 205, 38, 92
34, 246, 38, 38
34, 154, 38, 60
34, 30, 38, 84
34, 191, 38, 27
34, 36, 39, 72
34, 101, 39, 34
34, 249, 39, 72
34, 200, 39, 62
34, 296, 39, 59
34, 10, 39, 3
34, 241, 39, 31
34, 120, 39, 61
34, 185, 39, 55
34, 95, 39, 81
34, 0, 40, 79
34, 226, 40, 50
34, 98, 40, 36
34, 229, 40, 43
34, 27, 40, 45
34, 73, 40, 50
34, 201, 40, 31
34, 299, 40, 16
34, 187, 40, 54
34, 84, 40, 3
34, 116, 40, 4
34, 185, 40, 55
34, 91, 40, 31
34, 158, 40, 64
34, 257, 41, 15
34, 3, 41, 77
34, 69, 41, 70
34, 230, 41, 3
34, 112, 41, 20
34, 119, 41, 76
34, 89, 41, 62
34, 61, 41, 28
34, 193, 42, 20
34, 195, 42, 94
34, 292, 42, 93
34, 199, 42, 77
34, 78, 42, 30
34, 210, 42, 23
34, 182, 42, 45
34, 247, 42, 3
34, 88, 42, 8
34, 90, 42, 44
34, 187, 42, 54
34, 287, 42, 79
34, 33, 43, 94
34, 97, 43, 69
34, 99, 43, 64
34, 260, 43, 17
34, 6, 43, 46
34, 103, 43, 91
34, 198, 43, 24
34, 70, 43, 32
34, 237, 43, 38
34, 111, 43, 69
34, 179, 43, 55
34, 20, 43, 70
34, 116, 43, 4
34, 148, 43, 23
34, 190, 43, 95
34, 289, 44, 52
34, 162, 44, 66
34, 297, 44, 53
34, 138, 44, 28
34, 142, 44, 3
34, 175, 44, 37
34, 180, 44, 86
34, 57, 44, 36
34, 90, 44, 44
34, 60, 44, 69
34, 157, 44, 11
34, 128, 45, 14
34, 1, 45, 58
34, 195, 45, 94
34, 9, 45, 78
34, 265, 45, 45
34, 205, 45, 92
34, 14, 45, 11
34, 112, 45, 20
34, 144, 45, 12
34, 50, 45, 57
34, 53, 45, 10
34, 117, 45, 23
34, 125, 45, 3
34, 253, 45, 17
34, 287, 45, 79
34, 131, 46, 48
34, 6, 46, 46
34, 135, 46, 39
34, 12, 46, 86
34, 280, 46, 21
34, 163, 47, 67
34, 70, 47, 32
34, 231, 47, 11
34, 168, 47, 62
34, 137, 47, 33
34, 171, 47, 64
34, 204, 47, 3
34, 139, 47, 74
34, 235, 47, 16
34, 271, 47, 63
34, 210, 47, 23
34, 211, 47, 88
34, 19, 47, 69
34, 150, 47, 30
34, 155, 47, 92
34, 60, 47, 69
34, 222, 47, 23
34, 31, 47, 81
34, 97, 48, 69
34, 261, 48, 67
34, 133, 48, 21
34, 264, 48, 23
34, 10, 48, 3
34, 139, 48, 74
34, 268, 48, 37
34, 147, 48, 22
34, 20, 48, 70
34, 54, 48, 60
34, 246, 48, 38
34, 60, 48, 69
34, 287, 48, 79
34, 66, 49, 91
34, 71, 49, 79
34, 109, 49, 69
34, 270, 49, 59
34, 271, 49, 63
34, 176, 49, 66
34, 17, 49, 5
34, 82, 49, 70
34, 211, 49, 88
34, 222, 49, 23
34, 96, 50, 20
34, 224, 50, 21
34, 226, 50, 50
34, 64, 50, 87
34, 260, 50, 17
34, 133, 50, 21
34, 154, 50, 60
34, 298, 50, 47
34, 267, 50, 9
34, 266, 50, 6
34, 109, 50, 69
34, 76, 50, 40
34, 245, 50, 16
34, 120, 50, 61
34, 186, 50, 30
34, 64, 51, 87
34, 294, 51, 52
34, 203, 51, 51
34, 268, 51, 37
34, 20, 51, 70
34, 246, 51, 38
34, 119, 51, 76
34, 225, 52, 42
34, 66, 52, 91
34, 290, 52, 1
34, 163, 52, 67
34, 49, 52, 45
34, 85, 52, 65
34, 54, 52, 60
34, 215, 52, 89
34, 120, 52, 61
34, 131, 53, 48
34, 68, 53, 8
34, 196, 53, 45
34, 292, 53, 93
34, 135, 53, 39
34, 44, 53, 20
34, 112, 53, 20
34, 54, 53, 60
34, 92, 53, 81
34, 128, 54, 14
34, 168, 54, 62
34, 273, 54, 51
34, 211, 54, 88
34, 51, 54, 79
34, 64, 55, 87
34, 58, 55, 15
34, 5, 55, 4
34, 6, 55, 46
34, 4, 55, 36
34, 264, 55, 23
34, 42, 55, 15
34, 107, 55, 22
34, 112, 55, 20
34, 243, 55, 73
34, 180, 55, 86
34, 249, 55, 72
34, 26, 55, 79
34, 155, 55, 92
34, 286, 55, 46
34, 224, 56, 21
34, 256, 56, 56
34, 258, 56, 57
34, 4, 56, 36
34, 165, 56, 79
34, 59, 56, 6
34, 91, 56, 31
34, 170, 56, 74
34, 47, 56, 40
34, 16, 56, 81
34, 277, 56, 92
34, 117, 56, 23
34, 249, 56, 72
34, 158, 56, 64
34, 28, 56, 4
34, 157, 56, 11
34, 62, 56, 4
34, 224, 57, 21
34, 96, 57, 20
34, 130, 57, 65
34, 259, 57, 16
34, 109, 57, 69
34, 270, 57, 59
34, 142, 57, 3
34, 47, 57, 40
34, 244, 57, 24
34, 149, 57, 52
34, 54, 57, 60
34, 23, 57, 57
34, 95, 57, 81
34, 127, 57, 63
34, 96, 58, 20
34, 193, 58, 20
34, 165, 58, 79
34, 9, 58, 78
34, 41, 58, 95
34, 236, 58, 43
34, 78, 58, 30
34, 47, 58, 40
34, 275, 58, 59
34, 244, 58, 24
34, 20, 58, 70
34, 53, 58, 10
34, 150, 58, 30
34, 88, 58, 8
34, 181, 58, 40
34, 51, 58, 79
34, 287, 58, 79
34, 1, 59, 58
34, 98, 59, 36
34, 258, 59, 57
34, 130, 59, 65
34, 37, 59, 65
34, 5, 59, 4
34, 39, 59, 2
34, 131, 59, 48
34, 169, 59, 82
34, 108, 59, 97
34, 109, 59, 69
34, 238, 59, 28
34, 271, 59, 63
34, 17, 59, 5
34, 241, 59, 31
34, 180, 59, 86
34, 153, 59, 1
34, 63, 59, 9
34, 32, 60, 29
34, 33, 60, 94
34, 193, 60, 20
34, 259, 60, 16
34, 192, 60, 30
34, 3, 60, 77
34, 295, 60, 34
34, 233, 60, 44
34, 42, 60, 15
34, 298, 60, 47
34, 13, 60, 85
34, 270, 60, 59
34, 269, 60, 66
34, 272, 60, 88
34, 114, 60, 14
34, 244, 60, 24
34, 281, 60, 68
34, 28, 60, 4
34, 161, 61, 2
34, 98, 61, 36
34, 260, 61, 17
34, 231, 61, 11
34, 40, 61, 47
34, 238, 61, 28
34, 112, 61, 20
34, 48, 61, 71
34, 147, 61, 22
34, 182, 61, 45
34, 215, 61, 89
34, 217, 61, 66
34, 154, 61, 60
34, 27, 61, 45
34, 285, 61, 40
34, 1, 62, 58
34, 261, 62, 67
34, 172, 62, 10
34, 208, 62, 86
34, 113, 62, 50
34, 179, 62, 55
34, 280, 62, 21
34, 191, 62, 27
34, 98, 63, 36
34, 72, 63, 94
34, 169, 63, 82
34, 236, 63, 43
34, 140, 63, 61
34, 174, 63, 46
34, 19, 63, 69
34, 21, 63, 89
34, 214, 63, 24
34, 245, 63, 16
34, 160, 64, 95
34, 132, 64, 68
34, 68, 64, 8
34, 198, 64, 24
34, 199, 64, 77
34, 167, 64, 93
34, 11, 64, 61
34, 15, 64, 47
34, 240, 64, 50
34, 49, 64, 45
34, 274, 64, 51
34, 51, 64, 79
34, 243, 64, 73
34, 21, 64, 89
34, 86, 64, 70
34, 158, 64, 64
34, 284, 64, 22
34, 222, 64, 23
34, 290, 65, 1
34, 66, 65, 91
34, 164, 65, 67
34, 37, 65, 65
34, 203, 65, 51
34, 109, 65, 69
34, 269, 65, 66
34, 145, 65, 48
34, 156, 65, 100
34, 148, 65, 23
34, 54, 65, 60
34, 279, 65, 39
34, 151, 65, 65
34, 155, 65, 92
34, 284, 65, 22
34, 256, 66, 56
34, 34, 66, 95
34, 194, 66, 27
34, 227, 66, 33
34, 290, 66, 1
34, 70, 66, 32
34, 166, 66, 24
34, 72, 66, 94
34, 110, 66, 3
34, 270, 66, 59
34, 124, 66, 99
34, 49, 66, 45
34, 20, 66, 70
34, 87, 66, 25
34, 183, 66, 66
34, 89, 66, 62
34, 60, 66, 69
34, 61, 66, 28
34, 0, 67, 79
34, 36, 67, 72
34, 293, 67, 35
34, 240, 67, 50
34, 80, 67, 31
34, 31, 67, 81
34, 194, 68, 27
34, 260, 68, 17
34, 68, 68, 8
34, 231, 68, 11
34, 170, 68, 74
34, 202, 68, 77
34, 85, 68, 65
34, 223, 68, 91
34, 128, 69, 14
34, 164, 69, 67
34, 37, 69, 65
34, 219, 69, 7
34, 51, 69, 79
34, 116, 69, 4
34, 149, 69, 52
34, 180, 69, 86
34, 122, 69, 18
34, 27, 69, 45
34, 70, 70, 32
34, 134, 70, 92
34, 139, 70, 74
34, 140, 70, 61
34, 242, 70, 39
34, 279, 70, 39
34, 120, 70, 61
34, 96, 71, 20
34, 199, 71, 77
34, 295, 71, 34
34, 282, 71, 100
34, 174, 71, 46
34, 80, 71, 31
34, 180, 71, 86
34, 55, 71, 18
34, 217, 71, 66
34, 58, 71, 15
34, 247, 71, 3
34, 158, 71, 64
34, 31, 71, 81
34, 160, 72, 95
34, 129, 72, 97
34, 224, 72, 21
34, 0, 72, 79
34, 248, 72, 28
34, 122, 72, 18
34, 234, 72, 45
34, 267, 72, 9
34, 79, 72, 14
34, 207, 72, 33
34, 19, 72, 69
34, 147, 72, 22
34, 180, 72, 86
34, 214, 72, 24
34, 279, 72, 39
34, 216, 72, 84
34, 58, 72, 15
34, 124, 72, 99
34, 193, 73, 20
34, 262, 73, 97
34, 297, 73, 53
34, 299, 73, 16
34, 177, 73, 57
34, 81, 73, 5
34, 115, 73, 64
34, 20, 73, 70
34, 23, 73, 57
34, 57, 73, 36
34, 94, 73, 86
34, 193, 74, 20
34, 98, 74, 36
34, 99, 74, 64
34, 165, 74, 79
34, 166, 74, 24
34, 136, 74, 60
34, 233, 74, 44
34, 201, 74, 31
34, 171, 74, 64
34, 144, 74, 12
34, 81, 74, 5
34, 212, 74, 39
34, 151, 74, 65
34, 217, 74, 66
34, 158, 74, 64
34, 287, 74, 79
34, 1, 75, 58
34, 262, 75, 97
34, 270, 75, 59
34, 50, 75, 57
34, 20, 75, 70
34, 218, 75, 81
34, 258, 76, 57
34, 23, 76, 57
34, 155, 76, 92
34, 30, 76, 84
34, 33, 76, 94
34, 161, 76, 2
34, 167, 76, 93
34, 182, 76, 45
34, 64, 76, 87
34, 76, 76, 40
34, 79, 76, 14
34, 82, 76, 70
34, 91, 76, 31
34, 95, 76, 81
34, 99, 76, 64
34, 108, 76, 97
34, 110, 76, 3
34, 118, 76, 72
34, 122, 76, 18
34, 255, 76, 40
34, 259, 77, 16
34, 294, 77, 52
34, 40, 77, 47
34, 178, 77, 63
34, 29, 77, 81
34, 286, 77, 46
34, 260, 78, 17
34, 198, 78, 24
34, 210, 78, 23
34, 179, 78, 55
34, 183, 78, 66
34, 161, 79, 2
34, 165, 79, 79
34, 8, 79, 15
34, 139, 79, 74
34, 113, 79, 50
34, 83, 79, 4
34, 84, 79, 3
34, 24, 79, 60
34, 221, 79, 77
34, 190, 79, 95
34, 287, 79, 79
34, 71, 80, 79
34, 106, 80, 83
34, 266, 80, 6
34, 172, 80, 10
34, 205, 80, 92
34, 141, 80, 13
34, 46, 80, 58
34, 13, 80, 85
34, 28, 80, 4
34, 181, 80, 40
34, 245, 80, 16
34, 59, 80, 6
34, 190, 80, 95
34, 30, 80, 84
34, 259, 81, 16
34, 38, 81, 6
34, 198, 81, 24
34, 78, 81, 30
34, 18, 81, 60
34, 210, 81, 23
34, 115, 81, 64
34, 243, 81, 73
34, 51, 81, 79
34, 33, 82, 94
34, 98, 82, 36
34, 67, 82, 79
34, 131, 82, 48
34, 38, 82, 6
34, 230, 82, 3
34, 299, 82, 16
34, 109, 82, 69
34, 271, 82, 63
34, 55, 82, 18
34, 87, 82, 25
34, 279, 82, 39
34, 89, 82, 62
34, 90, 82, 44
34, 156, 82, 100
34, 189, 82, 10
34, 103, 83, 91
34, 104, 83, 73
34, 233, 83, 44
34, 77, 83, 12
34, 152, 83, 73
34, 83, 83, 4
34, 212, 83, 39
34, 125, 83, 3
34, 120, 83, 61
34, 25, 83, 23
34, 123, 83, 39
34, 220, 83, 76
34, 157, 83, 11
34, 95, 83, 81
34, 172, 84, 10
34, 115, 84, 64
34, 51, 84, 79
34, 247, 84, 3
34, 215, 84, 89
34, 125, 84, 3
34, 159, 84, 95
34, 161, 85, 2
34, 195, 85, 94
34, 167, 85, 93
34, 168, 85, 62
34, 9, 85, 78
34, 232, 85, 89
34, 139, 85, 74
34, 235, 85, 16
34, 13, 85, 85
34, 15, 85, 47
34, 144, 85, 12
34, 81, 85, 5
34, 181, 85, 40
34, 122, 85, 18
34, 28, 85, 4
34, 128, 86, 14
34, 129, 86, 97
34, 34, 86, 95
34, 259, 86, 16
34, 4, 86, 36
34, 226, 86, 50
34, 38, 86, 6
34, 169, 86, 82
34, 170, 86, 74
34, 172, 86, 10
34, 46, 86, 58
34, 79, 86, 14
34, 17, 86, 5
34, 209, 86, 10
34, 117, 86, 23
34, 118, 86, 72
34, 219, 86, 7
34, 60, 86, 69
34, 64, 87, 87
34, 262, 87, 97
34, 297, 87, 53
34, 234, 87, 45
34, 105, 87, 99
34, 155, 87, 92
34, 30, 87, 84
34, 25, 87, 23
34, 158, 87, 64
34, 29, 87, 81
34, 190, 87, 95
34, 57, 87, 36
34, 136, 88, 60
34, 8, 88, 15
34, 106, 88, 83
34, 200, 88, 62
34, 15, 88, 47
34, 20, 88, 70
34, 183, 88, 66
34, 217, 88, 66
34, 64, 89, 87
34, 0, 89, 79
34, 198, 89, 24
34, 137, 89, 33
34, 206, 89, 20
34, 112, 89, 20
34, 22, 89, 13
34, 183, 89, 66
34, 182, 89, 45
34, 156, 89, 100
34, 157, 89, 11
34, 64, 90, 87
34, 130, 90, 65
34, 266, 90, 6
34, 76, 90, 40
34, 206, 90, 20
34, 270, 90, 59
34, 110, 90, 3
34, 242, 90, 39
34, 275, 90, 59
34, 23, 90, 57
34, 277, 90, 92
34, 22, 90, 13
34, 119, 90, 76
34, 56, 90, 75
34, 120, 90, 61
34, 254, 90, 68
34, 196, 91, 45
34, 105, 91, 99
34, 10, 91, 3
34, 113, 91, 50
34, 278, 91, 27
34, 23, 91, 57
34, 225, 92, 42
34, 164, 92, 67
34, 196, 92, 45
34, 4, 92, 36
34, 111, 92, 69
34, 154, 92, 60
34, 252, 92, 21
34, 8, 93, 15
34, 10, 93, 3
34, 148, 93, 23
34, 21, 93, 89
34, 26, 93, 79
34, 33, 93, 94
34, 161, 93, 2
34, 38, 93, 6
34, 43, 93, 61
34, 176, 93, 66
34, 61, 93, 28
34, 191, 93, 27
34, 192, 93, 30
34, 193, 93, 20
34, 195, 93, 94
34, 71, 93, 79
34, 207, 93, 33
34, 223, 93, 91
34, 121, 93, 32
34, 163, 94, 67
34, 292, 94, 93
34, 166, 94, 24
34, 7, 94, 36
34, 264, 94, 23
34, 235, 94, 16
34, 208, 94, 86
34, 273, 94, 51
34, 55, 94, 18
34, 153, 94, 1
34, 254, 94, 68
34, 290, 95, 1
34, 295, 95, 34
34, 73, 95, 50
34, 234, 95, 45
34, 201, 95, 31
34, 237, 95, 38
34, 83, 95, 4
34, 150, 95, 30
34, 23, 95, 57
34, 252, 95, 21
34, 93, 95, 86
34, 222, 95, 23
34, 42, 96, 15
34, 237, 96, 38
34, 81, 96, 5
34, 277, 96, 92
34, 214, 96, 24
34, 256, 97, 56
34, 193, 97, 20
34, 166, 97, 24
34, 120, 97, 61
34, 58, 97, 15
34, 252, 97, 21
34, 200, 98, 62
34, 78, 98, 30
34, 81, 98, 5
34, 87, 98, 25
34, 285, 98, 40
34, 126, 98, 57
34, 32, 99, 29
34, 162, 99, 66
34, 98, 99, 36
34, 165, 99, 79
34, 198, 99, 24
34, 169, 99, 82
34, 170, 99, 74
34, 75, 99, 3
34, 77, 99, 12
34, 207, 99, 33
34, 83, 99, 4
34, 84, 99, 3
34, 21, 99, 89
34, 183, 99, 66
34, 220, 99, 76
34, 31, 99, 81
34, 130, 100, 65
34, 2, 100, 85
34, 136, 100, 60
34, 17, 100, 5
34, 273, 100, 51
34, 279, 100, 39
34, 27, 100, 45
34, 160, 100, 95
34, 164, 100, 67
34, 295, 100, 34
34, 41, 100, 95
34, 173, 100, 39
34, 51, 100, 79
34, 73, 100, 50
34, 74, 100, 49
34, 79, 100, 14
34, 82, 100, 70
34, 227, 100, 33
34, 245, 100, 16
34, 133, 101, 21
34, 293, 101, 35
34, 267, 101, 9
34, 204, 101, 3
34, 155, 101, 92
34, 219, 101, 7
34, 82, 101, 70
34, 183, 101, 66
34, 91, 101, 31
34, 292, 102, 93
34, 135, 102, 39
34, 110, 102, 3
34, 208, 102, 86
34, 243, 102, 73
34, 23, 102, 57
34, 63, 102, 9
34, 254, 102, 68
34, 255, 102, 40
34, 224, 103, 21
34, 294, 103, 52
34, 234, 103, 45
34, 13, 103, 85
34, 84, 103, 3
34, 149, 103, 52
34, 124, 103, 99
34, 157, 103, 11
34, 163, 104, 67
34, 292, 104, 93
34, 294, 104, 52
34, 40, 104, 47
34, 266, 104, 6
34, 267, 104, 9
34, 46, 104, 58
34, 241, 104, 31
34, 275, 104, 59
34, 123, 104, 39
34, 92, 104, 81
34, 253, 104, 17
34, 94, 104, 86
34, 97, 105, 69
34, 289, 105, 52
34, 262, 105, 97
34, 103, 105, 91
34, 73, 105, 50
34, 10, 105, 3
34, 11, 105, 61
34, 42, 105, 15
34, 269, 105, 66
34, 234, 105, 45
34, 176, 105, 66
34, 84, 105, 3
34, 249, 105, 72
34, 27, 105, 45
34, 128, 106, 14
34, 295, 106, 34
34, 298, 106, 47
34, 235, 106, 16
34, 173, 106, 39
34, 238, 106, 28
34, 207, 106, 33
34, 83, 106, 4
34, 188, 106, 36
34, 135, 107, 39
34, 268, 107, 37
34, 269, 107, 66
34, 271, 107, 63
34, 282, 107, 100
34, 35, 107, 12
34, 163, 107, 67
34, 295, 107, 34
34, 175, 107, 37
34, 178, 107, 63
34, 179, 107, 55
34, 54, 107, 60
34, 183, 107, 66
34, 61, 107, 28
34, 78, 107, 30
34, 80, 107, 31
34, 216, 107, 84
34, 217, 107, 66
34, 234, 107, 45
34, 253, 107, 17
34, 2, 108, 85
34, 258, 108, 57
34, 5, 108, 4
34, 136, 108, 60
34, 15, 108, 47
34, 20, 108, 70
34, 150, 108, 30
34, 152, 108, 73
34, 156, 108, 100
34, 35, 108, 12
34, 299, 108, 16
34, 172, 108, 10
34, 175, 108, 37
34, 63, 108, 9
34, 195, 108, 94
34, 216, 108, 84
34, 94, 108, 86
34, 232, 108, 89
34, 116, 108, 4
34, 198, 109, 24
34, 39, 109, 2
34, 231, 109, 11
34, 252, 109, 21
34, 276, 109, 1
34, 156, 109, 100
34, 286, 109, 46
34, 3, 110, 77
34, 263, 110, 49
34, 8, 110, 15
34, 17, 110, 5
34, 152, 110, 73
34, 32, 110, 29
34, 34, 110, 95
34, 296, 110, 59
34, 171, 110, 64
34, 178, 110, 63
34, 193, 110, 20
34, 72, 110, 94
34, 75, 110, 3
34, 76, 110, 40
34, 212, 110, 39
34, 89, 110, 62
34, 224, 110, 21
34, 105, 110, 99
34, 115, 110, 64
34, 250, 110, 68
34, 256, 111, 56
34, 132, 111, 68
34, 232, 111, 89
34, 235, 111, 16
34, 203, 111, 51
34, 272, 111, 88
34, 275, 111, 59
34, 247, 111, 3
34, 215, 111, 89
34, 194, 112, 27
34, 130, 112, 65
34, 7, 112, 36
34, 267, 112, 9
34, 119, 112, 76
34, 24, 112, 60
34, 224, 113, 21
34, 65, 113, 50
34, 26, 113, 79
34, 196, 113, 45
34, 262, 113, 97
34, 7, 113, 36
34, 233, 113, 44
34, 201, 113, 31
34, 142, 113, 3
34, 207, 113, 33
34, 211, 113, 88
34, 149, 113, 52
34, 151, 113, 65
34, 281, 113, 68
34, 186, 113, 30
34, 63, 113, 9
34, 33, 114, 94
34, 100, 114, 16
34, 102, 114, 7
34, 171, 114, 64
34, 17, 114, 5
34, 209, 114, 10
34, 147, 114, 22
34, 219, 114, 7
34, 133, 115, 21
34, 264, 115, 23
34, 9, 115, 78
34, 274, 115, 51
34, 147, 115, 22
34, 23, 115, 57
34, 283, 115, 52
34, 28, 115, 4
34, 161, 115, 2
34, 297, 115, 53
34, 175, 115, 37
34, 49, 115, 45
34, 205, 115, 92
34, 81, 115, 5
34, 210, 115, 23
34, 225, 115, 42
34, 226, 115, 50
34, 107, 115, 22
34, 241, 115, 31
34, 251, 115, 85
34, 162, 116, 66
34, 294, 116, 52
34, 137, 116, 33
34, 169, 116, 82
34, 269, 116, 66
34, 14, 116, 11
34, 143, 116, 50
34, 147, 116, 22
34, 104, 117, 73
34, 271, 117, 63
34, 112, 117, 20
34, 210, 117, 23
34, 155, 117, 92
34, 286, 117, 46
34, 296, 118, 59
34, 235, 118, 16
34, 274, 118, 51
34, 21, 118, 89
34, 119, 118, 76
34, 31, 118, 81
34, 2, 119, 85
34, 6, 119, 46
34, 9, 119, 78
34, 140, 119, 61
34, 141, 119, 13
34, 147, 119, 22
34, 148, 119, 23
34, 281, 119, 68
34, 283, 119, 52
34, 293, 119, 35
34, 173, 119, 39
34, 47, 119, 40
34, 48, 119, 71
34, 79, 119, 14
34, 209, 119, 10
34, 239, 119, 10
34, 240, 119, 50
34, 242, 119, 39
34, 125, 119, 3
34, 256, 120, 56
34, 1, 120, 58
34, 130, 120, 65
34, 260, 120, 17
34, 105, 120, 99
34, 138, 120, 28
34, 50, 120, 57
34, 217, 120, 66
34, 59, 120, 6
34, 252, 120, 21
34, 289, 121, 52
34, 194, 121, 27
34, 98, 121, 36
34, 294, 121, 52
34, 199, 121, 77
34, 8, 121, 15
34, 104, 121, 73
34, 74, 121, 49
34, 204, 121, 3
34, 109, 121, 69
34, 175, 121, 37
34, 17, 121, 5
34, 216, 121, 84
34, 252, 121, 21
34, 162, 122, 66
34, 298, 122, 47
34, 203, 122, 51
34, 79, 122, 14
34, 81, 122, 5
34, 145, 122, 48
34, 273, 122, 51
34, 282, 122, 100
34, 132, 123, 68
34, 5, 123, 4
34, 204, 123, 3
34, 238, 123, 28
34, 239, 123, 10
34, 175, 123, 37
34, 86, 123, 70
34, 118, 123, 72
34, 226, 124, 50
34, 35, 124, 12
34, 261, 124, 67
34, 231, 124, 11
34, 263, 124, 49
34, 201, 124, 31
34, 232, 124, 89
34, 44, 124, 20
34, 140, 124, 61
34, 142, 124, 3
34, 271, 124, 63
34, 208, 124, 86
34, 278, 124, 27
34, 88, 124, 8
34, 219, 124, 7
34, 220, 124, 76
34, 62, 124, 4
34, 133, 125, 21
34, 22, 125, 13
34, 25, 125, 23
34, 157, 125, 11
34, 40, 125, 47
34, 169, 125, 82
34, 179, 125, 55
34, 53, 125, 10
34, 189, 125, 10
34, 67, 125, 79
34, 68, 125, 8
34, 73, 125, 50
34, 77, 125, 12
34, 218, 125, 81
34, 219, 125, 7
34, 93, 125, 86
34, 222, 125, 23
34, 118, 125, 72
34, 252, 125, 21
34, 125, 125, 3
34, 128, 126, 14
34, 169, 126, 82
34, 297, 126, 53
34, 76, 126, 40
34, 214, 126, 24
34, 280, 126, 21
34, 249, 126, 72
34, 187, 126, 54
34, 30, 126, 84
34, 95, 126, 81
34, 3, 127, 77
34, 101, 127, 34
34, 200, 127, 62
34, 40, 127, 47
34, 139, 127, 74
34, 271, 127, 63
34, 175, 127, 37
34, 17, 127, 5
34, 49, 127, 45
34, 122, 127, 18
34, 62, 127, 4
34, 64, 128, 87
34, 161, 128, 2
34, 33, 128, 94
34, 126, 128, 57
34, 200, 128, 62
34, 105, 128, 99
34, 50, 128, 57
34, 274, 128, 51
34, 84, 128, 3
34, 148, 128, 23
34, 182, 128, 45
34, 55, 128, 18
34, 22, 128, 13
34, 186, 128, 30
34, 92, 128, 81
34, 94, 128, 86
34, 159, 128, 95
34, 166, 129, 24
34, 9, 129, 78
34, 11, 129, 61
34, 171, 129, 64
34, 13, 129, 85
34, 28, 129, 4
34, 144, 129, 12
34, 275, 129, 59
34, 20, 129, 70
34, 84, 129, 3
34, 214, 129, 24
34, 252, 129, 21
34, 56, 129, 75
34, 188, 129, 36
34, 189, 129, 10
34, 62, 129, 4
34, 225, 130, 42
34, 58, 130, 15
34, 166, 130, 24
34, 266, 130, 6
34, 75, 130, 3
34, 206, 130, 20
34, 79, 130, 14
34, 241, 130, 31
34, 113, 130, 50
34, 275, 130, 59
34, 150, 130, 30
34, 185, 130, 55
34, 90, 130, 44
34, 157, 130, 11
34, 94, 130, 86
34, 223, 130, 91
34, 266, 131, 6
34, 276, 131, 1
34, 277, 131, 92
34, 150, 131, 30
34, 163, 131, 67
34, 41, 131, 95
34, 43, 131, 61
34, 51, 131, 79
34, 60, 131, 69
34, 189, 131, 10
34, 204, 131, 3
34, 79, 131, 14
34, 209, 131, 10
34, 211, 131, 88
34, 101, 131, 34
34, 108, 131, 97
34, 238, 131, 28
34, 112, 131, 20
34, 114, 131, 14
34, 127, 131, 63
34, 39, 132, 2
34, 7, 132, 36
34, 238, 132, 28
34, 213, 132, 2
34, 220, 132, 76
34, 63, 132, 9
34, 223, 132, 91
34, 10, 133, 3
34, 145, 133, 48
34, 26, 133, 79
34, 158, 133, 64
34, 35, 133, 12
34, 38, 133, 6
34, 47, 133, 40
34, 51, 133, 79
34, 188, 133, 36
34, 65, 133, 50
34, 196, 133, 45
34, 200, 133, 62
34, 86, 133, 70
34, 102, 133, 7
34, 105, 133, 99
34, 236, 133, 43
34, 110, 133, 3
34, 123, 133, 39
34, 252, 133, 21
34, 228, 134, 58
34, 239, 134, 10
34, 186, 134, 30
34, 93, 134, 86
34, 191, 134, 27
34, 224, 135, 21
34, 161, 135, 2
34, 64, 135, 87
34, 197, 135, 91
34, 294, 135, 52
34, 198, 135, 24
34, 233, 135, 44
34, 10, 135, 3
34, 9, 135, 78
34, 179, 135, 55
34, 214, 135, 24
34, 55, 135, 18
34, 251, 135, 85
34, 95, 135, 81
34, 96, 136, 20
34, 258, 136, 57
34, 99, 136, 64
34, 164, 136, 67
34, 137, 136, 33
34, 47, 136, 40
34, 254, 136, 68
34, 193, 137, 20
34, 154, 137, 60
34, 269, 137, 66
34, 141, 137, 13
34, 239, 137, 10
34, 177, 137, 57
34, 49, 137, 45
34, 29, 137, 81
34, 244, 137, 24
34, 181, 137, 40
34, 115, 137, 64
34, 281, 137, 68
34, 186, 137, 30
34, 188, 137, 36
34, 63, 137, 9
34, 95, 137, 81
34, 257, 138, 15
34, 67, 138, 79
34, 135, 138, 39
34, 106, 138, 83
34, 270, 138, 59
34, 143, 138, 50
34, 208, 138, 86
34, 242, 138, 39
34, 178, 138, 63
34, 274, 138, 51
34, 153, 138, 1
34, 155, 138, 92
34, 280, 139, 21
34, 99, 139, 64
34, 133, 139, 21
34, 263, 139, 49
34, 202, 139, 77
34, 141, 139, 13
34, 79, 139, 14
34, 50, 139, 57
34, 243, 139, 73
34, 82, 139, 70
34, 247, 139, 3
34, 152, 139, 73
34, 252, 139, 21
34, 255, 139, 40
34, 291, 140, 34
34, 101, 140, 34
34, 293, 140, 35
34, 71, 140, 79
34, 41, 140, 95
34, 169, 140, 82
34, 77, 140, 12
34, 63, 140, 9
34, 181, 140, 40
34, 150, 140, 30
34, 149, 140, 52
34, 218, 140, 81
34, 158, 140, 64
34, 92, 140, 81
34, 93, 140, 86
34, 286, 140, 46
34, 287, 140, 79
34, 193, 141, 20
34, 131, 141, 48
34, 3, 141, 77
34, 6, 141, 46
34, 296, 141, 59
34, 10, 141, 3
34, 11, 141, 61
34, 235, 141, 16
34, 269, 141, 66
34, 241, 141, 31
34, 114, 141, 14
34, 275, 141, 59
34, 180, 141, 86
34, 127, 141, 63
34, 68, 142, 8
34, 296, 142, 59
34, 173, 142, 39
34, 21, 142, 89
34, 189, 142, 10
34, 216, 142, 84
34, 185, 142, 55
34, 60, 142, 69
34, 61, 142, 28
34, 288, 143, 34
34, 161, 143, 2
34, 195, 143, 94
34, 6, 143, 46
34, 71, 143, 79
34, 276, 143, 1
34, 54, 143, 60
34, 280, 143, 21
34, 249, 143, 72
34, 122, 143, 18
34, 256, 144, 56
34, 290, 144, 1
34, 195, 144, 94
34, 122, 144, 18
34, 168, 144, 62
34, 201, 144, 31
34, 299, 144, 16
34, 82, 144, 70
34, 115, 144, 64
34, 83, 144, 4
34, 146, 144, 42
34, 214, 144, 24
34, 116, 144, 4
34, 26, 144, 79
34, 187, 144, 54
34, 126, 144, 57
34, 63, 144, 9
34, 192, 145, 30
34, 97, 145, 69
34, 168, 145, 62
34, 144, 145, 12
34, 146, 145, 42
34, 114, 145, 14
34, 121, 145, 32
34, 99, 146, 64
34, 136, 146, 60
34, 75, 146, 3
34, 108, 146, 97
34, 267, 146, 9
34, 82, 146, 70
34, 85, 146, 65
34, 220, 146, 76
34, 65, 147, 50
34, 291, 147, 34
34, 4, 147, 36
34, 39, 147, 2
34, 200, 147, 62
34, 299, 147, 16
34, 205, 147, 92
34, 79, 147, 14
34, 18, 147, 60
34, 117, 147, 23
34, 87, 147, 25
34, 119, 147, 76
34, 281, 147, 68
34, 186, 147, 30
34, 155, 147, 92
34, 159, 147, 95
34, 33, 148, 94
34, 194, 148, 27
34, 3, 148, 77
34, 69, 148, 70
34, 102, 148, 7
34, 38, 148, 6
34, 264, 148, 23
34, 236, 148, 43
34, 269, 148, 66
34, 76, 148, 40
34, 14, 148, 11
34, 238, 148, 28
34, 209, 148, 10
34, 125, 148, 3
34, 129, 149, 97
34, 257, 149, 15
34, 2, 149, 85
34, 132, 149, 68
34, 133, 149, 21
34, 265, 149, 45
34, 10, 149, 3
34, 15, 149, 47
34, 145, 149, 48
34, 151, 149, 65
34, 159, 149, 95
34, 184, 149, 96
34, 185, 149, 55
34, 186, 149, 30
34, 204, 149, 3
34, 84, 149, 3
34, 222, 149, 23
34, 107, 149, 22
34, 108, 149, 97
34, 251, 149, 85
