150, 300, 15
32, 7, 0, 97
32, 103, 0, 28
32, 265, 0, 32
32, 282, 0, 63
32, 243, 0, 66
32, 149, 0, 67
32, 250, 0, 11
32, 155, 0, 85
32, 221, 0, 58
32, 171, 1, 61
32, 111, 1, 28
32, 16, 1, 48
32, 49, 1, 50
32, 145, 1, 100
32, 83, 1, 70
32, 54, 1, 87
32, 187, 1, 52
32, 157, 1, 69
32, 121, 2, 14
32, 226, 2, 71
32, 227, 2, 24
32, 100, 2, 45
32, 259, 2, 49
32, 77, 2, 47
32, 247, 2, 81
32, 57, 2, 68
32, 254, 2, 96
32, 127, 2, 63
32, 40, 3, 25
32, 282, 3, 63
32, 108, 3, 70
32, 140, 3, 40
32, 270, 3, 68
32, 246, 3, 7
32, 279, 3, 55
32, 25, 3, 85
32, 58, 3, 29
32, 28, 3, 79
32, 226, 4, 71
32, 36, 4, 69
32, 133, 4, 52
32, 294, 4, 100
32, 198, 4, 62
32, 282, 4, 63
32, 204, 4, 96
32, 12, 4, 7
32, 109, 4, 83
32, 49, 4, 50
32, 214, 4, 66
32, 122, 4, 36
32, 2, 5, 61
32, 67, 5, 55
32, 100, 5, 45
32, 261, 5, 94
32, 233, 5, 91
32, 298, 5, 54
32, 79, 5, 38
32, 16, 5, 48
32, 241, 5, 65
32, 178, 5, 1
32, 150, 5, 82
32, 282, 5, 63
32, 157, 5, 69
32, 190, 5, 37
32, 193, 6, 65
32, 130, 6, 28
32, 226, 6, 71
32, 69, 6, 21
32, 141, 6, 77
32, 272, 6, 7
32, 208, 6, 6
32, 215, 6, 32
32, 0, 7, 49
32, 32, 7, 13
32, 99, 7, 21
32, 228, 7, 23
32, 259, 7, 49
32, 38, 7, 77
32, 10, 7, 11
32, 139, 7, 55
32, 237, 7, 20
32, 110, 7, 70
32, 276, 7, 32
32, 85, 7, 95
32, 28, 7, 79
32, 61, 7, 68
32, 94, 7, 73
32, 289, 8, 49
32, 293, 8, 93
32, 262, 8, 77
32, 199, 8, 15
32, 139, 8, 55
32, 145, 8, 100
32, 117, 8, 38
32, 246, 8, 7
32, 222, 8, 75
32, 161, 9, 64
32, 4, 9, 75
32, 138, 9, 30
32, 43, 9, 95
32, 118, 9, 99
32, 94, 9, 73
32, 2, 10, 61
32, 228, 10, 23
32, 164, 10, 78
32, 296, 10, 66
32, 109, 10, 83
32, 46, 10, 91
32, 141, 10, 77
32, 13, 10, 65
32, 211, 10, 28
32, 215, 10, 32
32, 248, 10, 4
32, 249, 10, 13
32, 90, 10, 65
32, 28, 10, 79
32, 30, 10, 30
32, 159, 10, 44
32, 257, 11, 24
32, 2, 11, 61
32, 265, 11, 32
32, 141, 11, 77
32, 15, 11, 17
32, 275, 11, 59
32, 20, 11, 74
32, 21, 11, 36
32, 26, 11, 54
32, 156, 11, 88
32, 285, 11, 53
32, 34, 11, 51
32, 296, 11, 66
32, 56, 11, 8
32, 57, 11, 68
32, 72, 11, 46
32, 202, 11, 53
32, 120, 11, 71
32, 252, 11, 99
32, 129, 12, 1
32, 68, 12, 1
32, 9, 12, 9
32, 74, 12, 93
32, 77, 12, 47
32, 142, 12, 2
32, 174, 12, 39
32, 28, 12, 79
32, 78, 12, 12
32, 146, 12, 77
32, 178, 12, 1
32, 212, 12, 73
32, 180, 12, 63
32, 278, 12, 91
32, 114, 12, 61
32, 88, 12, 65
32, 120, 12, 71
32, 31, 12, 48
32, 194, 13, 45
32, 3, 13, 86
32, 4, 13, 75
32, 197, 13, 19
32, 6, 13, 77
32, 295, 13, 33
32, 264, 13, 54
32, 234, 13, 70
32, 202, 13, 53
32, 110, 13, 70
32, 209, 13, 27
32, 23, 13, 97
32, 151, 13, 79
32, 88, 13, 65
32, 217, 13, 56
32, 60, 13, 71
32, 30, 13, 30
32, 228, 14, 23
32, 294, 14, 100
32, 238, 14, 16
32, 209, 14, 27
32, 95, 14, 47
32, 53, 14, 52
32, 247, 14, 81
32, 56, 14, 8
32, 28, 14, 79
32, 125, 14, 33
32, 30, 14, 30
32, 63, 14, 31
32, 160, 15, 56
32, 195, 15, 43
32, 137, 15, 34
32, 78, 15, 12
32, 178, 15, 1
32, 85, 15, 95
32, 279, 15, 55
32, 222, 15, 75
32, 140, 16, 40
32, 239, 16, 69
32, 212, 16, 73
32, 180, 16, 63
32, 182, 16, 86
32, 117, 16, 38
32, 218, 16, 97
32, 134, 17, 32
32, 25, 17, 85
32, 154, 17, 36
32, 30, 17, 30
32, 34, 17, 51
32, 291, 17, 14
32, 40, 17, 25
32, 59, 17, 80
32, 188, 17, 50
32, 67, 17, 55
32, 74, 17, 93
32, 208, 17, 6
32, 214, 17, 66
32, 104, 17, 67
32, 233, 17, 91
32, 241, 17, 65
32, 115, 17, 34
32, 251, 17, 30
32, 125, 17, 33
32, 9, 18, 9
32, 78, 18, 12
32, 21, 18, 36
32, 54, 18, 87
32, 61, 18, 68
32, 224, 19, 50
32, 2, 19, 61
32, 36, 19, 69
32, 139, 19, 55
32, 147, 19, 84
32, 148, 19, 97
32, 213, 19, 77
32, 20, 19, 74
32, 181, 19, 37
32, 249, 19, 13
32, 219, 19, 98
32, 157, 19, 69
32, 289, 20, 49
32, 260, 20, 83
32, 138, 20, 30
32, 142, 20, 2
32, 116, 20, 84
32, 119, 20, 87
32, 55, 20, 57
32, 248, 20, 4
32, 285, 20, 53
32, 158, 20, 84
32, 96, 21, 7
32, 289, 21, 49
32, 1, 21, 21
32, 131, 21, 46
32, 196, 21, 44
32, 197, 21, 19
32, 295, 21, 33
32, 264, 21, 54
32, 297, 21, 95
32, 168, 21, 64
32, 234, 21, 70
32, 265, 21, 32
32, 46, 21, 91
32, 175, 21, 73
32, 144, 21, 91
32, 22, 21, 45
32, 215, 21, 32
32, 61, 21, 68
32, 257, 22, 24
32, 2, 22, 61
32, 162, 22, 15
32, 193, 22, 65
32, 291, 22, 14
32, 198, 22, 62
32, 133, 22, 52
32, 73, 22, 73
32, 250, 22, 11
32, 108, 22, 70
32, 146, 22, 77
32, 210, 22, 33
32, 23, 22, 97
32, 51, 22, 2
32, 189, 22, 96
32, 26, 22, 54
32, 284, 22, 10
32, 285, 22, 53
32, 171, 23, 61
32, 78, 23, 12
32, 208, 23, 6
32, 284, 23, 10
32, 221, 23, 58
32, 94, 23, 73
32, 127, 23, 63
32, 228, 24, 23
32, 260, 24, 83
32, 299, 24, 56
32, 235, 24, 81
32, 209, 24, 27
32, 49, 24, 50
32, 184, 24, 54
32, 24, 24, 32
32, 89, 24, 100
32, 59, 24, 80
32, 286, 24, 62
32, 256, 25, 84
32, 34, 25, 51
32, 6, 25, 77
32, 70, 25, 84
32, 38, 25, 77
32, 137, 25, 34
32, 103, 25, 28
32, 203, 25, 27
32, 80, 25, 98
32, 209, 25, 27
32, 115, 25, 34
32, 84, 25, 26
32, 119, 25, 87
32, 247, 25, 81
32, 157, 25, 69
32, 255, 25, 79
32, 262, 26, 77
32, 8, 26, 78
32, 140, 26, 40
32, 78, 26, 12
32, 146, 26, 77
32, 275, 26, 59
32, 186, 26, 62
32, 187, 26, 52
32, 31, 26, 48
32, 3, 27, 86
32, 90, 27, 65
32, 200, 27, 52
32, 10, 27, 11
32, 43, 27, 95
32, 75, 27, 9
32, 141, 27, 77
32, 79, 27, 38
32, 213, 27, 77
32, 277, 27, 59
32, 151, 27, 79
32, 120, 27, 71
32, 281, 27, 61
32, 250, 27, 11
32, 286, 27, 62
32, 121, 28, 14
32, 130, 28, 28
32, 194, 28, 45
32, 260, 28, 83
32, 168, 28, 64
32, 201, 28, 100
32, 13, 28, 65
32, 17, 28, 97
32, 145, 28, 100
32, 147, 28, 84
32, 178, 28, 1
32, 245, 28, 32
32, 30, 28, 30
32, 184, 28, 54
32, 24, 28, 32
32, 219, 28, 98
32, 92, 28, 42
32, 126, 28, 80
32, 288, 29, 46
32, 131, 29, 46
32, 229, 29, 17
32, 6, 29, 77
32, 7, 29, 97
32, 39, 29, 47
32, 134, 29, 32
32, 106, 29, 16
32, 171, 29, 61
32, 236, 29, 40
32, 206, 29, 5
32, 238, 29, 16
32, 84, 29, 26
32, 276, 29, 32
32, 214, 29, 66
32, 86, 29, 100
32, 249, 29, 13
32, 58, 29, 29
32, 200, 30, 52
32, 105, 30, 4
32, 47, 30, 79
32, 117, 30, 38
32, 87, 30, 54
32, 134, 31, 32
32, 72, 31, 46
32, 41, 31, 28
32, 13, 31, 65
32, 48, 31, 19
32, 211, 31, 28
32, 94, 31, 73
32, 78, 32, 12
32, 254, 32, 96
32, 120, 32, 71
32, 219, 32, 98
32, 221, 32, 58
32, 94, 32, 73
32, 129, 33, 1
32, 98, 33, 70
32, 165, 33, 37
32, 41, 33, 28
32, 78, 33, 12
32, 60, 33, 71
32, 62, 33, 93
32, 31, 33, 48
32, 248, 34, 4
32, 3, 34, 86
32, 131, 34, 46
32, 198, 34, 62
32, 297, 34, 95
32, 202, 34, 53
32, 45, 34, 39
32, 18, 34, 77
32, 215, 34, 32
32, 184, 34, 54
32, 249, 34, 13
32, 92, 34, 42
32, 171, 35, 61
32, 205, 35, 30
32, 239, 35, 69
32, 179, 35, 33
32, 83, 35, 70
32, 182, 35, 86
32, 22, 35, 45
32, 120, 35, 71
32, 189, 35, 96
32, 288, 36, 46
32, 99, 36, 21
32, 293, 36, 93
32, 294, 36, 100
32, 5, 36, 93
32, 8, 36, 78
32, 9, 36, 9
32, 107, 36, 26
32, 236, 36, 40
32, 45, 36, 39
32, 207, 36, 39
32, 240, 36, 80
32, 56, 36, 8
32, 156, 36, 88
32, 30, 36, 30
32, 5, 37, 93
32, 71, 37, 94
32, 7, 37, 97
32, 233, 37, 91
32, 45, 37, 39
32, 47, 37, 79
32, 182, 37, 86
32, 254, 37, 96
32, 130, 38, 28
32, 230, 38, 26
32, 265, 38, 32
32, 46, 38, 91
32, 245, 38, 32
32, 222, 38, 75
32, 35, 39, 51
32, 260, 39, 83
32, 37, 39, 91
32, 295, 39, 33
32, 10, 39, 11
32, 76, 39, 89
32, 237, 39, 20
32, 211, 39, 28
32, 22, 39, 45
32, 157, 39, 69
32, 161, 40, 64
32, 296, 40, 66
32, 236, 40, 40
32, 114, 40, 61
32, 246, 40, 7
32, 151, 40, 79
32, 219, 40, 98
32, 32, 41, 13
32, 33, 41, 95
32, 261, 41, 94
32, 134, 41, 32
32, 263, 41, 14
32, 264, 41, 54
32, 73, 41, 73
32, 200, 41, 52
32, 109, 41, 83
32, 209, 41, 27
32, 115, 41, 34
32, 118, 41, 99
32, 218, 41, 97
32, 27, 41, 26
32, 285, 41, 53
32, 126, 41, 80
32, 64, 42, 10
32, 192, 42, 26
32, 102, 42, 68
32, 43, 42, 95
32, 45, 42, 39
32, 271, 42, 48
32, 239, 42, 69
32, 112, 42, 46
32, 53, 42, 52
32, 25, 42, 85
32, 224, 43, 50
32, 161, 43, 64
32, 138, 43, 30
32, 142, 43, 2
32, 15, 43, 17
32, 110, 43, 70
32, 146, 43, 77
32, 275, 43, 59
32, 149, 43, 67
32, 223, 43, 4
32, 96, 44, 7
32, 129, 44, 1
32, 2, 44, 61
32, 161, 44, 64
32, 132, 44, 5
32, 197, 44, 19
32, 165, 44, 37
32, 135, 44, 6
32, 41, 44, 28
32, 11, 44, 35
32, 235, 44, 81
32, 110, 44, 70
32, 243, 44, 66
32, 213, 44, 77
32, 149, 44, 67
32, 89, 44, 100
32, 219, 44, 98
32, 223, 44, 4
32, 225, 45, 81
32, 290, 45, 33
32, 99, 45, 21
32, 130, 45, 28
32, 232, 45, 26
32, 201, 45, 100
32, 265, 45, 32
32, 204, 45, 96
32, 141, 45, 77
32, 78, 45, 12
32, 239, 45, 69
32, 176, 45, 81
32, 79, 45, 38
32, 13, 45, 65
32, 268, 45, 89
32, 151, 45, 79
32, 153, 45, 56
32, 90, 45, 65
32, 199, 46, 15
32, 247, 46, 81
32, 265, 46, 32
32, 106, 46, 16
32, 204, 46, 96
32, 268, 46, 89
32, 219, 46, 98
32, 47, 46, 79
32, 112, 46, 46
32, 182, 46, 86
32, 87, 46, 54
32, 27, 46, 26
32, 220, 46, 15
32, 159, 46, 44
32, 257, 47, 24
32, 4, 47, 75
32, 50, 47, 59
32, 118, 47, 99
32, 88, 47, 65
32, 192, 48, 26
32, 32, 48, 13
32, 162, 48, 15
32, 227, 48, 24
32, 100, 48, 45
32, 224, 48, 50
32, 201, 48, 100
32, 237, 48, 20
32, 206, 48, 5
32, 175, 48, 73
32, 18, 48, 77
32, 146, 48, 77
32, 278, 48, 91
32, 189, 48, 96
32, 158, 48, 84
32, 259, 49, 49
32, 68, 49, 1
32, 5, 49, 93
32, 105, 49, 4
32, 42, 49, 84
32, 171, 49, 61
32, 45, 49, 39
32, 269, 49, 4
32, 92, 49, 42
32, 272, 49, 7
32, 242, 49, 97
32, 184, 49, 54
32, 219, 49, 98
32, 28, 49, 79
32, 65, 50, 70
32, 43, 50, 95
32, 77, 50, 47
32, 271, 50, 48
32, 240, 50, 80
32, 22, 50, 45
32, 88, 50, 65
32, 252, 50, 99
32, 287, 50, 96
32, 160, 51, 56
32, 98, 51, 70
32, 227, 51, 24
32, 68, 51, 1
32, 194, 51, 45
32, 262, 51, 77
32, 66, 51, 48
32, 9, 51, 9
32, 171, 51, 61
32, 15, 51, 17
32, 145, 51, 100
32, 149, 51, 67
32, 53, 51, 52
32, 217, 51, 56
32, 250, 51, 11
32, 91, 51, 52
32, 286, 51, 62
32, 287, 51, 96
32, 261, 52, 94
32, 230, 52, 26
32, 174, 52, 39
32, 153, 52, 56
32, 221, 52, 58
32, 69, 53, 21
32, 207, 53, 39
32, 175, 53, 73
32, 251, 53, 30
32, 60, 53, 71
32, 288, 54, 46
32, 225, 54, 81
32, 130, 54, 28
32, 69, 54, 21
32, 135, 54, 6
32, 268, 54, 89
32, 46, 54, 91
32, 219, 54, 98
32, 274, 54, 100
32, 243, 54, 66
32, 22, 54, 45
32, 283, 54, 21
32, 284, 54, 10
32, 62, 54, 93
32, 223, 54, 4
32, 193, 55, 65
32, 263, 55, 14
32, 140, 55, 40
32, 274, 55, 100
32, 115, 55, 34
32, 148, 55, 97
32, 120, 55, 71
32, 283, 55, 21
32, 261, 56, 94
32, 10, 56, 11
32, 14, 56, 43
32, 270, 56, 68
32, 15, 56, 17
32, 272, 56, 7
32, 22, 56, 45
32, 278, 56, 91
32, 156, 56, 88
32, 31, 56, 48
32, 41, 56, 28
32, 171, 56, 61
32, 172, 56, 91
32, 66, 56, 48
32, 67, 56, 55
32, 71, 56, 94
32, 224, 56, 50
32, 233, 56, 91
32, 255, 56, 79
32, 192, 57, 26
32, 130, 57, 28
32, 3, 57, 86
32, 292, 57, 85
32, 35, 57, 51
32, 112, 57, 46
32, 97, 58, 53
32, 3, 58, 86
32, 164, 58, 78
32, 297, 58, 95
32, 106, 58, 16
32, 13, 58, 65
32, 246, 58, 7
32, 63, 58, 31
32, 225, 59, 81
32, 227, 59, 24
32, 293, 59, 93
32, 230, 59, 26
32, 40, 59, 25
32, 41, 59, 28
32, 169, 59, 71
32, 270, 59, 68
32, 207, 59, 39
32, 145, 59, 100
32, 119, 59, 87
32, 254, 59, 96
32, 183, 59, 76
32, 158, 59, 84
32, 124, 59, 72
32, 93, 59, 22
32, 286, 59, 62
32, 280, 60, 40
32, 132, 60, 5
32, 168, 60, 64
32, 268, 60, 89
32, 112, 60, 46
32, 241, 60, 65
32, 50, 60, 59
32, 211, 60, 28
32, 247, 60, 81
32, 152, 60, 93
32, 94, 60, 73
32, 88, 60, 65
32, 252, 60, 99
32, 125, 60, 33
32, 184, 60, 54
32, 260, 61, 83
32, 201, 61, 100
32, 48, 61, 19
32, 150, 61, 82
32, 28, 61, 79
32, 260, 62, 83
32, 133, 62, 52
32, 264, 62, 54
32, 274, 62, 100
32, 36, 62, 69
32, 52, 62, 81
32, 58, 62, 29
32, 62, 62, 93
32, 199, 62, 15
32, 73, 62, 73
32, 75, 62, 9
32, 204, 62, 96
32, 80, 62, 98
32, 214, 62, 66
32, 90, 62, 65
32, 97, 62, 53
32, 234, 62, 70
32, 238, 62, 16
32, 246, 62, 7
32, 131, 63, 46
32, 260, 63, 83
32, 3, 63, 86
32, 138, 63, 30
32, 17, 63, 97
32, 23, 63, 97
32, 25, 63, 85
32, 28, 63, 79
32, 32, 63, 13
32, 173, 63, 21
32, 183, 63, 76
32, 59, 63, 80
32, 188, 63, 50
32, 61, 63, 68
32, 195, 63, 43
32, 78, 63, 12
32, 210, 63, 33
32, 85, 63, 95
32, 92, 63, 42
32, 109, 63, 83
32, 260, 64, 83
32, 265, 64, 32
32, 138, 64, 30
32, 13, 64, 65
32, 32, 64, 13
32, 46, 64, 91
32, 188, 64, 50
32, 64, 64, 10
32, 195, 64, 43
32, 201, 64, 100
32, 73, 64, 73
32, 204, 64, 96
32, 86, 64, 100
32, 223, 64, 4
32, 231, 64, 57
32, 104, 64, 67
32, 110, 64, 70
32, 114, 64, 61
32, 115, 64, 34
32, 248, 64, 4
32, 66, 65, 48
32, 292, 65, 85
32, 134, 65, 32
32, 295, 65, 33
32, 7, 65, 97
32, 10, 65, 11
32, 138, 65, 30
32, 155, 65, 85
32, 140, 65, 40
32, 28, 65, 79
32, 113, 65, 16
32, 82, 65, 48
32, 185, 65, 91
32, 123, 65, 35
32, 252, 65, 99
32, 63, 65, 31
32, 160, 66, 56
32, 193, 66, 65
32, 33, 66, 95
32, 162, 66, 15
32, 70, 66, 84
32, 168, 66, 64
32, 297, 66, 95
32, 108, 66, 70
32, 207, 66, 39
32, 143, 66, 6
32, 272, 66, 7
32, 125, 66, 33
32, 223, 66, 4
32, 33, 67, 95
32, 2, 67, 61
32, 228, 67, 23
32, 197, 67, 19
32, 166, 67, 7
32, 138, 67, 30
32, 174, 67, 39
32, 207, 67, 39
32, 19, 67, 7
32, 277, 67, 59
32, 150, 67, 82
32, 24, 67, 32
32, 61, 67, 68
32, 126, 67, 80
32, 160, 68, 56
32, 101, 68, 1
32, 141, 68, 77
32, 89, 68, 100
32, 284, 68, 10
32, 199, 69, 15
32, 8, 69, 78
32, 41, 69, 28
32, 208, 69, 6
32, 251, 69, 30
32, 156, 69, 88
32, 256, 70, 84
32, 257, 70, 24
32, 291, 70, 14
32, 68, 70, 1
32, 294, 70, 100
32, 201, 70, 100
32, 43, 70, 95
32, 237, 70, 20
32, 117, 70, 38
32, 214, 70, 66
32, 55, 70, 57
32, 56, 70, 8
32, 58, 70, 29
32, 88, 70, 65
32, 156, 70, 88
32, 61, 70, 68
32, 259, 71, 49
32, 7, 71, 97
32, 140, 71, 40
32, 286, 71, 62
32, 30, 71, 30
32, 127, 71, 63
32, 160, 72, 56
32, 129, 72, 1
32, 192, 72, 26
32, 259, 72, 49
32, 287, 72, 96
32, 229, 72, 17
32, 230, 72, 26
32, 297, 72, 95
32, 202, 72, 53
32, 171, 72, 61
32, 106, 72, 16
32, 174, 72, 39
32, 55, 72, 57
32, 216, 72, 71
32, 217, 72, 56
32, 190, 72, 37
32, 286, 72, 62
32, 32, 73, 13
32, 225, 73, 81
32, 163, 73, 93
32, 9, 73, 9
32, 265, 73, 32
32, 11, 73, 35
32, 172, 73, 91
32, 79, 73, 38
32, 240, 73, 80
32, 241, 73, 65
32, 50, 73, 59
32, 19, 73, 7
32, 147, 73, 84
32, 144, 73, 91
32, 182, 73, 86
32, 215, 73, 32
32, 91, 73, 52
32, 157, 73, 69
32, 192, 74, 26
32, 226, 74, 71
32, 35, 74, 51
32, 3, 74, 86
32, 56, 74, 8
32, 132, 74, 5
32, 60, 74, 71
32, 83, 74, 70
32, 216, 74, 71
32, 153, 74, 56
32, 250, 74, 11
32, 156, 74, 88
32, 287, 74, 96
32, 33, 75, 95
32, 34, 75, 51
32, 39, 75, 47
32, 298, 75, 54
32, 272, 75, 7
32, 209, 75, 27
32, 114, 75, 61
32, 213, 75, 77
32, 86, 75, 100
32, 248, 75, 4
32, 223, 75, 4
32, 195, 76, 43
32, 36, 76, 69
32, 172, 76, 91
32, 187, 76, 52
32, 14, 76, 43
32, 15, 76, 17
32, 80, 76, 98
32, 251, 76, 30
32, 102, 77, 68
32, 103, 77, 28
32, 9, 77, 9
32, 43, 77, 95
32, 238, 77, 16
32, 48, 77, 19
32, 209, 77, 27
32, 252, 77, 99
32, 284, 77, 10
32, 85, 77, 95
32, 188, 77, 50
32, 31, 77, 48
32, 192, 78, 26
32, 98, 78, 70
32, 291, 78, 14
32, 255, 78, 79
32, 70, 78, 84
32, 199, 78, 15
32, 166, 78, 7
32, 108, 78, 70
32, 79, 78, 38
32, 147, 78, 84
32, 181, 78, 37
32, 54, 78, 87
32, 62, 78, 93
32, 95, 78, 47
32, 200, 79, 52
32, 266, 79, 46
32, 115, 79, 34
32, 117, 79, 38
32, 215, 79, 32
32, 254, 79, 96
32, 167, 80, 94
32, 74, 80, 93
32, 203, 80, 27
32, 204, 80, 96
32, 81, 80, 22
32, 19, 80, 7
32, 180, 80, 63
32, 214, 80, 66
32, 94, 80, 73
32, 100, 81, 45
32, 102, 81, 68
32, 231, 81, 57
32, 282, 81, 63
32, 143, 81, 6
32, 209, 81, 27
32, 17, 81, 97
32, 85, 81, 95
32, 183, 81, 76
32, 218, 81, 97
32, 188, 81, 50
32, 255, 81, 79
32, 226, 82, 71
32, 41, 82, 28
32, 267, 82, 1
32, 12, 82, 7
32, 47, 82, 79
32, 278, 82, 91
32, 61, 82, 68
32, 127, 82, 63
32, 261, 83, 94
32, 265, 83, 32
32, 12, 83, 7
32, 142, 83, 2
32, 35, 83, 51
32, 299, 83, 56
32, 50, 83, 59
32, 52, 83, 81
32, 183, 83, 76
32, 186, 83, 62
32, 197, 83, 19
32, 200, 83, 52
32, 81, 83, 22
32, 88, 83, 65
32, 95, 83, 47
32, 229, 83, 17
32, 241, 83, 65
32, 246, 83, 7
32, 248, 83, 4
32, 164, 84, 78
32, 18, 84, 77
32, 54, 84, 87
32, 150, 84, 82
32, 281, 84, 61
32, 131, 85, 46
32, 28, 85, 79
32, 78, 85, 12
32, 24, 85, 32
32, 250, 85, 11
32, 284, 85, 10
32, 189, 85, 96
32, 248, 86, 4
32, 259, 86, 49
32, 67, 86, 55
32, 164, 86, 78
32, 36, 86, 69
32, 199, 86, 15
32, 104, 86, 67
32, 73, 86, 73
32, 268, 86, 89
32, 155, 86, 85
32, 142, 86, 2
32, 176, 86, 81
32, 24, 86, 32
32, 219, 86, 98
32, 285, 86, 53
32, 259, 87, 49
32, 260, 87, 83
32, 157, 87, 69
32, 32, 87, 13
32, 37, 87, 91
32, 299, 87, 56
32, 52, 87, 81
32, 187, 87, 52
32, 190, 87, 37
32, 62, 87, 93
32, 69, 87, 21
32, 70, 87, 84
32, 72, 87, 46
32, 203, 87, 27
32, 80, 87, 98
32, 89, 87, 100
32, 95, 87, 47
32, 227, 87, 24
32, 238, 87, 16
32, 116, 87, 84
32, 289, 88, 49
32, 194, 88, 45
32, 195, 88, 43
32, 84, 88, 26
32, 30, 88, 30
32, 289, 89, 49
32, 58, 89, 29
32, 105, 89, 4
32, 46, 89, 91
32, 273, 89, 67
32, 241, 89, 65
32, 211, 89, 28
32, 52, 89, 81
32, 246, 89, 7
32, 185, 89, 91
32, 154, 89, 36
32, 287, 89, 96
32, 224, 90, 50
32, 160, 90, 56
32, 96, 90, 7
32, 163, 90, 93
32, 292, 90, 85
32, 131, 90, 46
32, 128, 90, 2
32, 135, 90, 6
32, 106, 90, 16
32, 13, 90, 65
32, 174, 90, 39
32, 14, 90, 43
32, 243, 90, 66
32, 213, 90, 77
32, 183, 90, 76
32, 88, 90, 65
32, 130, 91, 28
32, 71, 91, 94
32, 201, 91, 100
32, 41, 91, 28
32, 140, 91, 40
32, 206, 91, 5
32, 146, 91, 77
32, 188, 91, 50
32, 243, 91, 66
32, 31, 91, 48
32, 127, 91, 63
32, 39, 92, 47
32, 104, 92, 67
32, 201, 92, 100
32, 139, 92, 55
32, 140, 92, 40
32, 205, 92, 30
32, 270, 92, 68
32, 177, 92, 6
32, 20, 92, 74
32, 281, 92, 61
32, 188, 92, 50
32, 189, 92, 96
32, 31, 92, 48
32, 193, 93, 65
32, 161, 93, 64
32, 4, 93, 75
32, 201, 93, 100
32, 266, 93, 46
32, 44, 93, 56
32, 47, 93, 79
32, 272, 93, 7
32, 176, 93, 81
32, 210, 93, 33
32, 144, 93, 91
32, 257, 94, 24
32, 1, 94, 21
32, 153, 94, 56
32, 97, 94, 53
32, 37, 94, 91
32, 102, 94, 68
32, 104, 94, 67
32, 170, 94, 13
32, 266, 94, 46
32, 270, 94, 68
32, 208, 94, 6
32, 212, 94, 73
32, 85, 94, 95
32, 54, 94, 87
32, 23, 94, 97
32, 185, 94, 91
32, 27, 94, 26
32, 63, 94, 31
32, 33, 95, 95
32, 131, 95, 46
32, 259, 95, 49
32, 37, 95, 91
32, 261, 95, 94
32, 262, 95, 77
32, 73, 95, 73
32, 106, 95, 16
32, 173, 95, 21
32, 141, 95, 77
32, 17, 95, 97
32, 279, 95, 55
32, 280, 95, 40
32, 286, 95, 62
32, 162, 96, 15
32, 37, 96, 91
32, 167, 96, 94
32, 9, 96, 9
32, 233, 96, 91
32, 140, 96, 40
32, 172, 96, 91
32, 14, 96, 43
32, 110, 96, 70
32, 144, 96, 91
32, 277, 96, 59
32, 30, 96, 30
32, 261, 97, 94
32, 136, 97, 18
32, 266, 97, 46
32, 280, 97, 40
32, 162, 97, 15
32, 291, 97, 14
32, 37, 97, 91
32, 167, 97, 94
32, 168, 97, 64
32, 180, 97, 63
32, 181, 97, 37
32, 187, 97, 52
32, 196, 97, 44
32, 68, 97, 1
32, 201, 97, 100
32, 91, 97, 52
32, 106, 97, 16
32, 107, 97, 26
32, 118, 97, 99
32, 105, 98, 4
32, 11, 98, 35
32, 204, 98, 96
32, 174, 98, 39
32, 240, 98, 80
32, 116, 98, 84
32, 118, 98, 99
32, 99, 99, 21
32, 185, 99, 91
32, 73, 99, 73
32, 10, 99, 11
32, 299, 99, 56
32, 108, 99, 70
32, 175, 99, 73
32, 212, 99, 73
32, 84, 99, 26
32, 87, 99, 54
32, 89, 99, 100
32, 27, 99, 26
32, 124, 99, 72
32, 285, 99, 53
32, 286, 99, 62
32, 159, 99, 44
32, 224, 100, 50
32, 195, 100, 43
32, 35, 100, 51
32, 227, 100, 24
32, 6, 100, 77
32, 72, 100, 46
32, 9, 100, 9
32, 11, 100, 35
32, 12, 100, 7
32, 238, 100, 16
32, 79, 100, 38
32, 113, 100, 16
32, 17, 100, 97
32, 212, 100, 73
32, 89, 100, 100
32, 285, 100, 53
32, 252, 100, 99
32, 125, 100, 33
32, 96, 101, 7
32, 97, 101, 53
32, 35, 101, 51
32, 165, 101, 37
32, 249, 101, 13
32, 11, 101, 35
32, 178, 101, 1
32, 52, 101, 81
32, 153, 101, 56
32, 90, 101, 65
32, 155, 101, 85
32, 61, 101, 68
32, 224, 102, 50
32, 2, 102, 61
32, 68, 102, 1
32, 166, 102, 7
32, 39, 102, 47
32, 294, 102, 100
32, 169, 102, 71
32, 12, 102, 7
32, 237, 102, 20
32, 174, 102, 39
32, 178, 102, 1
32, 148, 102, 97
32, 84, 102, 26
32, 20, 102, 74
32, 279, 102, 55
32, 249, 102, 13
32, 58, 102, 29
32, 155, 102, 85
32, 70, 103, 84
32, 102, 103, 68
32, 168, 103, 64
32, 80, 103, 98
32, 273, 103, 67
32, 242, 103, 97
32, 144, 103, 91
32, 240, 103, 80
32, 93, 103, 22
32, 223, 103, 4
32, 258, 104, 31
32, 14, 104, 43
32, 271, 104, 48
32, 281, 104, 61
32, 288, 104, 46
32, 33, 104, 95
32, 36, 104, 69
32, 165, 104, 37
32, 166, 104, 7
32, 43, 104, 95
32, 176, 104, 81
32, 50, 104, 59
32, 187, 104, 52
32, 199, 104, 15
32, 78, 104, 12
32, 82, 104, 48
32, 105, 104, 4
32, 110, 104, 70
32, 241, 104, 65
32, 120, 104, 71
32, 192, 105, 26
32, 65, 105, 70
32, 0, 105, 49
32, 227, 105, 24
32, 199, 105, 15
32, 263, 105, 14
32, 9, 105, 9
32, 206, 105, 5
32, 111, 105, 28
32, 272, 105, 7
32, 51, 105, 2
32, 85, 105, 95
32, 280, 105, 40
32, 125, 105, 33
32, 127, 105, 63
32, 1, 106, 21
32, 261, 106, 94
32, 199, 106, 15
32, 9, 106, 9
32, 76, 106, 89
32, 47, 106, 79
32, 112, 106, 46
32, 19, 106, 7
32, 23, 106, 97
32, 21, 106, 36
32, 182, 106, 86
32, 221, 106, 58
32, 88, 106, 65
32, 153, 106, 56
32, 120, 106, 71
32, 125, 106, 33
32, 286, 106, 62
32, 130, 107, 28
32, 17, 107, 97
32, 277, 107, 59
32, 22, 107, 45
32, 291, 107, 14
32, 166, 107, 7
32, 175, 107, 73
32, 176, 107, 81
32, 188, 107, 50
32, 66, 107, 48
32, 80, 107, 98
32, 84, 107, 26
32, 86, 107, 100
32, 229, 107, 17
32, 106, 107, 16
32, 237, 107, 20
32, 238, 107, 16
32, 117, 107, 38
32, 249, 107, 13
32, 66, 108, 48
32, 204, 108, 96
32, 83, 108, 70
32, 147, 108, 84
32, 181, 108, 37
32, 149, 108, 67
32, 55, 108, 57
32, 31, 108, 48
32, 253, 108, 75
32, 159, 108, 44
32, 32, 109, 13
32, 128, 109, 2
32, 166, 109, 7
32, 295, 109, 33
32, 41, 109, 28
32, 282, 109, 63
32, 107, 109, 26
32, 142, 109, 2
32, 175, 109, 73
32, 143, 109, 6
32, 145, 109, 100
32, 242, 109, 97
32, 275, 109, 59
32, 24, 109, 32
32, 186, 109, 62
32, 221, 109, 58
32, 126, 109, 80
32, 230, 110, 26
32, 103, 110, 28
32, 233, 110, 91
32, 107, 110, 26
32, 269, 110, 4
32, 46, 110, 91
32, 45, 110, 39
32, 238, 110, 16
32, 274, 110, 100
32, 82, 110, 48
32, 52, 110, 81
32, 55, 110, 57
32, 24, 110, 32
32, 185, 110, 91
32, 285, 110, 53
32, 94, 110, 73
32, 31, 110, 48
32, 288, 111, 46
32, 7, 111, 97
32, 73, 111, 73
32, 45, 111, 39
32, 158, 111, 84
32, 227, 112, 24
32, 163, 112, 93
32, 104, 112, 67
32, 9, 112, 9
32, 234, 112, 70
32, 142, 112, 2
32, 270, 112, 68
32, 178, 112, 1
32, 214, 112, 66
32, 250, 112, 11
32, 156, 112, 88
32, 221, 112, 58
32, 34, 113, 51
32, 108, 113, 70
32, 109, 113, 83
32, 241, 113, 65
32, 115, 113, 34
32, 52, 113, 81
32, 280, 113, 40
32, 222, 113, 75
32, 2, 114, 61
32, 4, 114, 75
32, 101, 114, 1
32, 104, 114, 67
32, 105, 114, 4
32, 250, 114, 11
32, 75, 114, 9
32, 28, 114, 79
32, 238, 114, 16
32, 16, 114, 48
32, 112, 114, 46
32, 215, 114, 32
32, 249, 114, 13
32, 218, 114, 97
32, 220, 114, 15
32, 158, 114, 84
32, 191, 114, 97
32, 13, 115, 65
32, 16, 115, 48
32, 272, 115, 7
32, 19, 115, 7
32, 24, 115, 32
32, 281, 115, 61
32, 155, 115, 85
32, 156, 115, 88
32, 288, 115, 46
32, 294, 115, 100
32, 48, 115, 19
32, 176, 115, 81
32, 61, 115, 68
32, 63, 115, 31
32, 194, 115, 45
32, 73, 115, 73
32, 205, 115, 30
32, 84, 115, 26
32, 88, 115, 65
32, 104, 115, 67
32, 96, 116, 7
32, 256, 116, 84
32, 162, 116, 15
32, 6, 116, 77
32, 73, 116, 73
32, 19, 116, 7
32, 62, 116, 93
32, 192, 117, 26
32, 193, 117, 65
32, 197, 117, 19
32, 71, 117, 94
32, 104, 117, 67
32, 170, 117, 13
32, 174, 117, 39
32, 81, 117, 22
32, 113, 117, 16
32, 83, 117, 70
32, 245, 117, 32
32, 184, 117, 54
32, 250, 117, 11
32, 93, 117, 22
32, 128, 118, 2
32, 137, 118, 34
32, 11, 118, 35
32, 142, 118, 2
32, 271, 118, 48
32, 147, 118, 84
32, 24, 118, 32
32, 170, 118, 13
32, 44, 118, 56
32, 177, 118, 6
32, 193, 118, 65
32, 202, 118, 53
32, 78, 118, 12
32, 212, 118, 73
32, 222, 118, 75
32, 97, 118, 53
32, 226, 118, 71
32, 243, 118, 66
32, 252, 118, 99
32, 124, 118, 72
32, 193, 119, 65
32, 265, 119, 32
32, 266, 119, 46
32, 83, 119, 70
32, 20, 119, 74
32, 27, 119, 26
32, 61, 119, 68
32, 0, 120, 49
32, 162, 120, 15
32, 195, 120, 43
32, 236, 120, 40
32, 18, 120, 77
32, 148, 120, 97
32, 55, 120, 57
32, 214, 120, 66
32, 87, 120, 54
32, 56, 120, 8
32, 180, 120, 63
32, 220, 120, 15
32, 128, 121, 2
32, 132, 121, 5
32, 264, 121, 54
32, 10, 121, 11
32, 34, 121, 51
32, 165, 121, 37
32, 169, 121, 71
32, 43, 121, 95
32, 181, 121, 37
32, 65, 121, 70
32, 212, 121, 73
32, 97, 121, 53
32, 107, 121, 26
32, 239, 121, 69
32, 245, 121, 32
32, 118, 121, 99
32, 117, 121, 38
32, 252, 121, 99
32, 126, 121, 80
32, 192, 122, 26
32, 262, 122, 77
32, 200, 122, 52
32, 233, 122, 91
32, 8, 122, 78
32, 155, 122, 85
32, 176, 122, 81
32, 209, 122, 27
32, 274, 122, 100
32, 82, 122, 48
32, 273, 122, 67
32, 213, 122, 77
32, 182, 122, 86
32, 183, 122, 76
32, 27, 122, 26
32, 188, 122, 50
32, 257, 123, 24
32, 4, 123, 75
32, 8, 123, 78
32, 13, 123, 65
32, 271, 123, 48
32, 18, 123, 77
32, 23, 123, 97
32, 24, 123, 32
32, 170, 123, 13
32, 172, 123, 91
32, 67, 123, 55
32, 68, 123, 1
32, 78, 123, 12
32, 230, 123, 26
32, 103, 123, 28
32, 110, 123, 70
32, 246, 123, 7
32, 252, 123, 99
32, 125, 123, 33
32, 126, 123, 80
32, 195, 124, 43
32, 234, 124, 70
32, 43, 124, 95
32, 140, 124, 40
32, 86, 124, 100
32, 220, 124, 15
32, 126, 124, 80
32, 248, 125, 4
32, 130, 125, 28
32, 6, 125, 77
32, 49, 125, 50
32, 82, 125, 48
32, 83, 125, 70
32, 212, 125, 73
32, 23, 125, 97
32, 184, 125, 54
32, 131, 126, 46
32, 231, 126, 57
32, 232, 126, 26
32, 297, 126, 95
32, 44, 126, 56
32, 240, 126, 80
32, 146, 126, 77
32, 90, 126, 65
32, 255, 126, 79
32, 256, 127, 84
32, 162, 127, 15
32, 37, 127, 91
32, 133, 127, 52
32, 167, 127, 94
32, 27, 127, 26
32, 69, 127, 21
32, 123, 127, 35
32, 43, 127, 95
32, 239, 127, 69
32, 55, 127, 57
32, 85, 127, 95
32, 215, 127, 32
32, 117, 127, 38
32, 59, 127, 80
32, 279, 127, 55
32, 158, 127, 84
32, 128, 128, 2
32, 1, 128, 21
32, 3, 128, 86
32, 198, 128, 62
32, 230, 128, 26
32, 105, 128, 4
32, 109, 128, 83
32, 142, 128, 2
32, 272, 128, 7
32, 48, 128, 19
32, 243, 128, 66
32, 52, 128, 81
32, 276, 128, 32
32, 59, 128, 80
32, 31, 128, 48
32, 225, 129, 81
32, 164, 129, 78
32, 68, 129, 1
32, 137, 129, 34
32, 297, 129, 95
32, 139, 129, 55
32, 17, 129, 97
32, 278, 129, 91
32, 247, 129, 81
32, 123, 129, 35
32, 222, 129, 75
32, 65, 130, 70
32, 4, 130, 75
32, 39, 130, 47
32, 206, 130, 5
32, 176, 130, 81
32, 126, 130, 80
32, 37, 131, 91
32, 74, 131, 93
32, 299, 131, 56
32, 251, 131, 30
32, 147, 131, 84
32, 180, 131, 63
32, 52, 131, 81
32, 187, 131, 52
32, 225, 132, 81
32, 194, 132, 45
32, 131, 132, 46
32, 166, 132, 7
32, 202, 132, 53
32, 75, 132, 9
32, 236, 132, 40
32, 208, 132, 6
32, 18, 132, 77
32, 180, 132, 63
32, 52, 132, 81
32, 152, 132, 93
32, 121, 132, 14
32, 120, 132, 71
32, 253, 132, 75
32, 286, 132, 62
32, 287, 132, 96
32, 100, 133, 45
32, 296, 133, 66
32, 297, 133, 95
32, 28, 133, 79
32, 15, 133, 17
32, 175, 133, 73
32, 144, 133, 91
32, 151, 133, 79
32, 154, 133, 36
32, 124, 133, 72
32, 223, 133, 4
32, 37, 134, 91
32, 263, 134, 14
32, 232, 134, 26
32, 168, 134, 64
32, 138, 134, 30
32, 235, 134, 81
32, 40, 134, 25
32, 13, 134, 65
32, 173, 134, 21
32, 174, 134, 39
32, 177, 134, 6
32, 18, 134, 77
32, 178, 134, 1
32, 84, 134, 26
32, 283, 134, 21
32, 189, 134, 96
32, 158, 134, 84
32, 127, 134, 63
32, 96, 135, 7
32, 36, 135, 69
32, 136, 135, 18
32, 137, 135, 34
32, 43, 135, 95
32, 219, 135, 98
32, 113, 135, 16
32, 210, 135, 33
32, 19, 135, 7
32, 20, 135, 74
32, 84, 135, 26
32, 119, 135, 87
32, 155, 135, 85
32, 93, 135, 22
32, 131, 136, 46
32, 198, 136, 62
32, 39, 136, 47
32, 204, 136, 96
32, 175, 136, 73
32, 272, 136, 7
32, 112, 136, 46
32, 220, 136, 15
32, 120, 136, 71
32, 185, 136, 91
32, 251, 136, 30
32, 156, 136, 88
32, 62, 136, 93
32, 191, 136, 97
32, 259, 137, 49
32, 261, 137, 94
32, 37, 137, 91
32, 198, 137, 62
32, 110, 137, 70
32, 176, 137, 81
32, 273, 137, 67
32, 211, 137, 28
32, 56, 137, 8
32, 189, 137, 96
32, 193, 138, 65
32, 102, 138, 68
32, 6, 138, 77
32, 264, 138, 54
32, 201, 138, 100
32, 173, 138, 21
32, 13, 138, 65
32, 142, 138, 2
32, 150, 138, 82
32, 27, 138, 26
32, 285, 138, 53
32, 222, 138, 75
32, 287, 138, 96
32, 289, 139, 49
32, 205, 139, 30
32, 179, 139, 33
32, 211, 139, 28
32, 151, 139, 79
32, 58, 139, 29
32, 192, 140, 26
32, 162, 140, 15
32, 98, 140, 70
32, 196, 140, 44
32, 39, 140, 47
32, 168, 140, 64
32, 233, 140, 91
32, 44, 140, 56
32, 236, 140, 40
32, 155, 140, 85
32, 16, 140, 48
32, 146, 140, 77
32, 243, 140, 66
32, 118, 140, 99
32, 158, 140, 84
32, 286, 140, 62
32, 223, 140, 4
32, 0, 141, 49
32, 256, 141, 84
32, 132, 141, 5
32, 264, 141, 54
32, 150, 141, 82
32, 152, 141, 93
32, 156, 141, 88
32, 160, 141, 56
32, 36, 141, 69
32, 295, 141, 33
32, 297, 141, 95
32, 173, 141, 21
32, 178, 141, 1
32, 60, 141, 71
32, 62, 141, 93
32, 70, 141, 84
32, 222, 141, 75
32, 112, 141, 46
32, 242, 141, 97
32, 116, 141, 84
32, 257, 142, 24
32, 264, 142, 54
32, 15, 142, 17
32, 240, 142, 80
32, 248, 142, 4
32, 89, 142, 100
32, 186, 142, 62
32, 252, 142, 99
32, 157, 142, 69
32, 161, 143, 64
32, 130, 143, 28
32, 196, 143, 44
32, 261, 143, 94
32, 262, 143, 77
32, 263, 143, 14
32, 108, 143, 70
32, 44, 143, 56
32, 46, 143, 91
32, 148, 143, 97
32, 116, 143, 84
32, 181, 143, 37
32, 279, 143, 55
32, 212, 143, 73
32, 91, 143, 52
32, 253, 143, 75
32, 94, 143, 73
32, 96, 144, 7
32, 162, 144, 15
32, 259, 144, 49
32, 5, 144, 93
32, 104, 144, 67
32, 106, 144, 16
32, 107, 144, 26
32, 43, 144, 95
32, 252, 144, 99
32, 159, 144, 44
32, 294, 145, 100
32, 137, 145, 34
32, 237, 145, 20
32, 81, 145, 22
32, 241, 145, 65
32, 129, 146, 1
32, 99, 146, 21
32, 5, 146, 93
32, 168, 146, 64
32, 41, 146, 28
32, 106, 146, 16
32, 81, 146, 22
32, 18, 146, 77
32, 252, 146, 99
32, 255, 146, 79
32, 226, 147, 71
32, 35, 147, 51
32, 132, 147, 5
32, 34, 147, 51
32, 8, 147, 78
32, 201, 147, 100
32, 299, 147, 56
32, 238, 147, 16
32, 48, 147, 19
32, 59, 147, 80
32, 188, 147, 50
32, 34, 148, 51
32, 131, 148, 46
32, 107, 148, 26
32, 148, 148, 97
32, 62, 148, 93
32, 256, 149, 84
32, 258, 149, 31
32, 131, 149, 46
32, 12, 149, 7
32, 269, 149, 4
32, 146, 149, 77
32, 286, 149, 62
32, 38, 149, 77
32, 296, 149, 66
32, 179, 149, 33
32, 57, 149, 68
32, 64, 149, 10
32, 70, 149, 84
32, 199, 149, 15
32, 73, 149, 73
32, 75, 149, 9
32, 78, 149, 12
32, 87, 149, 54
32, 251, 149, 30
32, 123, 149, 35
