150, 300, 15
54, 130, 0, 60
54, 10, 0, 84
54, 17, 0, 9
54, 154, 0, 68
54, 27, 0, 13
54, 157, 0, 36
54, 158, 0, 97
54, 285, 0, 92
54, 34, 0, 37
54, 167, 0, 81
54, 42, 0, 3
54, 176, 0, 37
54, 61, 0, 48
54, 70, 0, 35
54, 84, 0, 82
54, 101, 0, 74
54, 236, 0, 83
54, 239, 0, 34
54, 119, 0, 79
54, 125, 0, 12
54, 131, 1, 69
54, 265, 1, 22
54, 269, 1, 78
54, 18, 1, 33
54, 23, 1, 17
54, 288, 1, 50
54, 161, 1, 4
54, 296, 1, 13
54, 298, 1, 1
54, 170, 1, 23
54, 171, 1, 12
54, 47, 1, 45
54, 48, 1, 25
54, 202, 1, 9
54, 203, 1, 41
54, 84, 1, 82
54, 231, 1, 3
54, 233, 1, 4
54, 240, 1, 5
54, 130, 2, 60
54, 71, 2, 23
54, 73, 2, 61
54, 75, 2, 31
54, 76, 2, 2
54, 171, 2, 12
54, 239, 2, 34
54, 112, 2, 53
54, 111, 2, 39
54, 242, 2, 89
54, 210, 2, 16
54, 148, 2, 28
54, 277, 2, 2
54, 86, 2, 74
54, 248, 2, 94
54, 26, 2, 77
54, 251, 2, 55
54, 189, 2, 5
54, 288, 3, 50
54, 34, 3, 37
54, 100, 3, 81
54, 102, 3, 96
54, 72, 3, 70
54, 172, 3, 42
54, 76, 3, 2
54, 13, 3, 7
54, 176, 3, 37
54, 209, 3, 71
54, 50, 3, 85
54, 182, 3, 29
54, 55, 3, 31
54, 89, 3, 91
54, 190, 3, 28
54, 130, 4, 60
54, 4, 4, 48
54, 134, 4, 46
54, 72, 4, 70
54, 237, 4, 30
54, 13, 4, 7
54, 18, 4, 33
54, 22, 4, 60
54, 124, 4, 98
54, 141, 5, 18
54, 154, 5, 68
54, 285, 5, 92
54, 160, 5, 57
54, 174, 5, 55
54, 176, 5, 37
54, 53, 5, 36
54, 63, 5, 62
54, 193, 5, 74
54, 65, 5, 94
54, 199, 5, 15
54, 202, 5, 9
54, 210, 5, 16
54, 89, 5, 91
54, 103, 5, 97
54, 235, 5, 10
54, 249, 5, 69
54, 125, 5, 12
54, 255, 5, 56
54, 32, 6, 33
54, 169, 6, 86
54, 245, 6, 62
54, 91, 6, 22
54, 156, 6, 82
54, 273, 7, 73
54, 83, 7, 70
54, 22, 7, 60
54, 153, 7, 76
54, 253, 7, 95
54, 287, 7, 51
54, 257, 8, 3
54, 162, 8, 23
54, 134, 8, 46
54, 231, 8, 3
54, 46, 8, 42
54, 175, 8, 69
54, 176, 8, 37
54, 216, 8, 66
54, 89, 8, 91
54, 59, 8, 86
54, 189, 8, 5
54, 159, 8, 33
54, 161, 9, 4
54, 223, 9, 87
54, 100, 9, 81
54, 229, 9, 20
54, 235, 9, 10
54, 12, 9, 88
54, 176, 9, 37
54, 122, 9, 13
54, 60, 9, 38
54, 286, 9, 72
54, 95, 9, 93
54, 64, 10, 25
54, 224, 10, 89
54, 280, 10, 60
54, 128, 10, 68
54, 136, 10, 84
54, 218, 10, 92
54, 108, 10, 96
54, 269, 10, 78
54, 274, 10, 77
54, 152, 10, 37
54, 282, 10, 68
54, 155, 10, 51
54, 30, 10, 84
54, 197, 11, 66
54, 230, 11, 90
54, 170, 11, 23
54, 238, 11, 19
54, 15, 11, 24
54, 273, 11, 73
54, 179, 11, 94
54, 180, 11, 68
54, 121, 11, 94
54, 123, 11, 26
54, 62, 11, 43
54, 191, 11, 29
54, 3, 12, 21
54, 6, 12, 22
54, 139, 12, 76
54, 171, 12, 12
54, 77, 12, 79
54, 251, 12, 55
54, 49, 12, 56
54, 114, 12, 55
54, 242, 12, 89
54, 179, 12, 94
54, 182, 12, 29
54, 54, 12, 4
54, 280, 12, 60
54, 86, 12, 74
54, 123, 12, 26
54, 188, 12, 9
54, 152, 12, 37
54, 126, 12, 89
54, 1, 13, 43
54, 38, 13, 51
54, 199, 13, 15
54, 72, 13, 70
54, 265, 13, 22
54, 138, 13, 33
54, 43, 13, 39
54, 175, 13, 69
54, 209, 13, 71
54, 149, 13, 33
54, 22, 13, 60
54, 30, 13, 84
54, 127, 13, 40
54, 29, 13, 5
54, 286, 13, 72
54, 159, 13, 33
54, 160, 14, 57
54, 33, 14, 32
54, 227, 14, 22
54, 36, 14, 20
54, 101, 14, 74
54, 299, 14, 11
54, 172, 14, 42
54, 209, 14, 71
54, 252, 14, 94
54, 254, 14, 30
54, 188, 14, 9
54, 126, 14, 89
54, 0, 15, 36
54, 193, 15, 74
54, 259, 15, 20
54, 68, 15, 60
54, 101, 15, 74
54, 262, 15, 14
54, 203, 15, 41
54, 268, 15, 76
54, 80, 15, 62
54, 115, 15, 20
54, 181, 15, 70
54, 149, 15, 33
54, 56, 15, 46
54, 281, 15, 84
54, 122, 15, 13
54, 133, 16, 75
54, 265, 16, 22
54, 138, 16, 33
54, 299, 16, 11
54, 43, 16, 39
54, 46, 16, 42
54, 85, 16, 98
54, 220, 16, 38
54, 294, 17, 72
54, 80, 17, 62
54, 272, 17, 42
54, 176, 17, 37
54, 85, 17, 98
54, 245, 17, 62
54, 249, 17, 69
54, 63, 17, 62
54, 293, 18, 76
54, 6, 18, 22
54, 172, 18, 42
54, 175, 18, 69
54, 282, 18, 68
54, 28, 18, 88
54, 125, 18, 12
54, 96, 19, 80
54, 99, 19, 100
54, 196, 19, 72
54, 293, 19, 76
54, 198, 19, 39
54, 171, 19, 12
54, 44, 19, 40
54, 240, 19, 5
54, 177, 19, 87
54, 144, 19, 13
54, 115, 19, 20
54, 20, 19, 45
54, 117, 19, 39
54, 95, 19, 93
54, 119, 19, 79
54, 190, 19, 28
54, 31, 19, 69
54, 96, 20, 80
54, 65, 20, 94
54, 196, 20, 72
54, 69, 20, 76
54, 15, 20, 24
54, 211, 20, 32
54, 58, 20, 39
54, 292, 21, 100
54, 230, 21, 90
54, 40, 21, 36
54, 168, 21, 78
54, 59, 21, 86
54, 203, 21, 41
54, 267, 21, 28
54, 43, 21, 39
54, 111, 21, 39
54, 271, 21, 67
54, 273, 21, 73
54, 79, 21, 84
54, 50, 21, 85
54, 118, 21, 62
54, 24, 21, 4
54, 185, 21, 77
54, 27, 21, 13
54, 29, 21, 5
54, 193, 22, 74
54, 171, 22, 12
54, 172, 22, 42
54, 44, 22, 40
54, 240, 22, 5
54, 243, 22, 9
54, 59, 22, 86
54, 288, 23, 50
54, 289, 23, 49
54, 228, 23, 12
54, 297, 23, 91
54, 41, 23, 84
54, 171, 23, 12
54, 173, 23, 69
54, 46, 23, 42
54, 241, 23, 55
54, 180, 23, 68
54, 148, 23, 28
54, 248, 23, 94
54, 26, 23, 77
54, 59, 23, 86
54, 157, 23, 36
54, 192, 24, 95
54, 66, 24, 87
54, 195, 24, 50
54, 47, 24, 45
54, 207, 24, 12
54, 243, 24, 9
54, 181, 24, 70
54, 183, 24, 37
54, 152, 24, 37
54, 215, 24, 31
54, 89, 25, 91
54, 162, 25, 23
54, 100, 25, 81
54, 38, 25, 51
54, 263, 25, 40
54, 199, 25, 15
54, 13, 25, 7
54, 78, 25, 17
54, 47, 25, 45
54, 112, 25, 53
54, 144, 25, 13
54, 19, 25, 57
54, 150, 25, 45
54, 216, 25, 66
54, 249, 25, 69
54, 126, 25, 89
54, 261, 26, 48
54, 237, 26, 30
54, 206, 26, 28
54, 271, 26, 67
54, 80, 26, 62
54, 118, 26, 62
54, 154, 26, 68
54, 190, 26, 28
54, 99, 27, 100
54, 26, 27, 77
54, 206, 27, 28
54, 47, 27, 45
54, 114, 27, 55
54, 20, 27, 45
54, 53, 27, 36
54, 214, 27, 30
54, 122, 27, 13
54, 259, 28, 20
54, 6, 28, 22
54, 137, 28, 55
54, 12, 28, 88
54, 20, 28, 45
54, 152, 28, 37
54, 290, 28, 21
54, 168, 28, 78
54, 46, 28, 42
54, 174, 28, 55
54, 50, 28, 85
54, 178, 28, 61
54, 58, 28, 39
54, 66, 28, 87
54, 90, 28, 77
54, 223, 28, 87
54, 100, 28, 81
54, 229, 28, 20
54, 109, 28, 93
54, 165, 29, 95
54, 9, 29, 89
54, 234, 29, 61
54, 11, 29, 95
54, 141, 29, 18
54, 272, 29, 42
54, 179, 29, 94
54, 20, 29, 45
54, 150, 29, 45
54, 184, 29, 99
54, 281, 29, 84
54, 287, 29, 51
54, 290, 30, 21
54, 4, 30, 48
54, 263, 30, 40
54, 104, 30, 87
54, 135, 30, 95
54, 27, 30, 13
54, 269, 30, 78
54, 273, 30, 73
54, 81, 30, 56
54, 216, 30, 66
54, 56, 30, 46
54, 91, 30, 22
54, 120, 30, 67
54, 61, 30, 48
54, 225, 31, 100
54, 99, 31, 100
54, 167, 31, 81
54, 137, 31, 55
54, 15, 31, 24
54, 178, 31, 61
54, 52, 31, 87
54, 247, 31, 96
54, 60, 31, 38
54, 221, 31, 97
54, 256, 32, 13
54, 130, 32, 60
54, 3, 32, 21
54, 138, 32, 33
54, 269, 32, 78
54, 270, 32, 90
54, 20, 32, 45
54, 288, 32, 50
54, 39, 32, 14
54, 183, 32, 37
54, 191, 32, 29
54, 210, 32, 16
54, 212, 32, 68
54, 213, 32, 78
54, 216, 32, 66
54, 105, 32, 44
54, 109, 32, 93
54, 112, 32, 53
54, 246, 32, 80
54, 192, 33, 95
54, 69, 33, 76
54, 234, 33, 61
54, 140, 33, 49
54, 79, 33, 84
54, 147, 33, 12
54, 126, 33, 89
54, 293, 34, 76
54, 135, 34, 95
54, 264, 34, 90
54, 76, 34, 2
54, 238, 34, 19
54, 112, 34, 53
54, 242, 34, 89
54, 212, 34, 68
54, 217, 34, 24
54, 132, 35, 94
54, 104, 35, 87
54, 83, 35, 70
54, 19, 35, 57
54, 279, 35, 29
54, 215, 35, 31
54, 253, 35, 95
54, 161, 36, 4
54, 98, 36, 24
54, 34, 36, 37
54, 293, 36, 76
54, 6, 36, 22
54, 265, 36, 22
54, 48, 36, 25
54, 18, 36, 33
54, 121, 36, 94
54, 154, 36, 68
54, 190, 36, 28
54, 126, 36, 89
54, 258, 37, 59
54, 102, 37, 96
54, 72, 37, 70
54, 74, 37, 64
54, 170, 37, 23
54, 173, 37, 69
54, 273, 37, 73
54, 18, 37, 33
54, 17, 37, 9
54, 55, 37, 31
54, 284, 37, 25
54, 72, 38, 70
54, 237, 38, 30
54, 142, 38, 5
54, 174, 38, 55
54, 179, 38, 94
54, 276, 38, 72
54, 157, 38, 36
54, 130, 39, 60
54, 132, 39, 94
54, 197, 39, 66
54, 42, 39, 3
54, 112, 39, 53
54, 25, 39, 71
54, 186, 39, 46
54, 28, 39, 88
54, 191, 39, 29
54, 257, 40, 3
54, 7, 40, 57
54, 136, 40, 84
54, 143, 40, 59
54, 284, 40, 25
54, 291, 40, 21
54, 170, 40, 23
54, 189, 40, 5
54, 66, 40, 87
54, 199, 40, 15
54, 73, 40, 61
54, 201, 40, 97
54, 85, 40, 98
54, 215, 40, 31
54, 217, 40, 24
54, 92, 40, 72
54, 111, 40, 39
54, 115, 40, 20
54, 246, 40, 80
54, 192, 41, 95
54, 293, 41, 76
54, 262, 41, 14
54, 73, 41, 61
54, 44, 41, 40
54, 111, 41, 39
54, 95, 41, 93
54, 256, 42, 13
54, 293, 42, 76
54, 38, 42, 51
54, 197, 42, 66
54, 165, 42, 95
54, 171, 42, 12
54, 143, 42, 59
54, 144, 42, 13
54, 148, 42, 28
54, 276, 42, 72
54, 214, 42, 30
54, 85, 42, 98
54, 216, 42, 66
54, 183, 42, 37
54, 90, 42, 77
54, 219, 42, 72
54, 30, 42, 84
54, 65, 43, 94
54, 129, 43, 1
54, 121, 43, 94
54, 195, 43, 50
54, 274, 43, 77
54, 85, 43, 98
54, 25, 43, 71
54, 162, 44, 23
54, 67, 44, 52
54, 36, 44, 20
54, 8, 44, 96
54, 271, 44, 67
54, 144, 44, 13
54, 216, 44, 66
54, 220, 44, 38
54, 162, 45, 23
54, 293, 45, 76
54, 197, 45, 66
54, 104, 45, 87
54, 265, 45, 22
54, 79, 45, 84
54, 176, 45, 37
54, 239, 45, 34
54, 241, 45, 55
54, 148, 45, 28
54, 151, 45, 27
54, 152, 45, 37
54, 247, 45, 96
54, 93, 45, 89
54, 64, 46, 25
54, 193, 46, 74
54, 263, 46, 40
54, 40, 46, 36
54, 73, 46, 61
54, 201, 46, 97
54, 140, 46, 49
54, 13, 46, 7
54, 238, 46, 19
54, 17, 46, 9
54, 243, 46, 9
54, 31, 46, 69
54, 257, 47, 3
54, 130, 47, 60
54, 265, 47, 22
54, 12, 47, 88
54, 17, 47, 9
54, 274, 47, 77
54, 26, 47, 77
54, 27, 47, 13
54, 163, 47, 65
54, 297, 47, 91
54, 190, 47, 28
54, 191, 47, 29
54, 64, 47, 25
54, 196, 47, 72
54, 90, 47, 77
54, 218, 47, 92
54, 109, 47, 93
54, 243, 47, 9
54, 245, 47, 62
54, 246, 47, 80
54, 198, 48, 39
54, 38, 48, 51
54, 144, 48, 13
54, 113, 48, 49
54, 114, 48, 55
54, 100, 49, 81
54, 105, 49, 44
54, 173, 49, 69
54, 15, 49, 24
54, 272, 49, 42
54, 177, 49, 87
54, 243, 49, 9
54, 84, 49, 82
54, 211, 49, 32
54, 19, 49, 57
54, 90, 49, 77
54, 221, 49, 97
54, 67, 50, 52
54, 110, 50, 66
54, 47, 50, 45
54, 242, 50, 89
54, 253, 50, 95
54, 66, 51, 87
54, 201, 51, 97
54, 109, 51, 93
54, 173, 51, 69
54, 16, 51, 8
54, 114, 51, 55
54, 274, 51, 77
54, 286, 51, 72
54, 223, 51, 87
54, 13, 52, 7
54, 273, 52, 73
54, 151, 52, 27
54, 281, 52, 84
54, 27, 52, 13
54, 161, 52, 4
54, 162, 52, 23
54, 177, 52, 87
54, 186, 52, 46
54, 62, 52, 43
54, 64, 52, 25
54, 195, 52, 50
54, 204, 52, 64
54, 218, 52, 92
54, 91, 52, 22
54, 225, 52, 100
54, 238, 52, 19
54, 243, 52, 9
54, 118, 52, 62
54, 293, 53, 76
54, 6, 53, 22
54, 135, 53, 95
54, 48, 53, 25
54, 113, 53, 49
54, 244, 53, 89
54, 57, 53, 2
54, 125, 53, 12
54, 253, 53, 95
54, 64, 54, 25
54, 296, 54, 13
54, 200, 54, 49
54, 267, 54, 28
54, 78, 54, 17
54, 241, 54, 55
54, 22, 54, 60
54, 152, 54, 37
54, 27, 54, 13
54, 224, 55, 89
54, 32, 55, 33
54, 134, 55, 46
54, 230, 55, 90
54, 136, 55, 84
54, 10, 55, 84
54, 299, 55, 11
54, 241, 55, 55
54, 114, 55, 55
54, 19, 55, 57
54, 119, 55, 79
54, 21, 55, 7
54, 278, 55, 85
54, 213, 55, 78
54, 152, 55, 37
54, 25, 55, 71
54, 32, 56, 33
54, 100, 56, 81
54, 293, 56, 76
54, 170, 56, 23
54, 269, 56, 78
54, 186, 56, 46
54, 60, 56, 38
54, 93, 56, 89
54, 260, 57, 62
54, 196, 57, 72
54, 294, 57, 72
54, 264, 57, 90
54, 73, 57, 61
54, 172, 57, 42
54, 173, 57, 69
54, 23, 57, 17
54, 183, 57, 37
54, 217, 57, 24
54, 154, 57, 68
54, 254, 57, 30
54, 127, 57, 40
54, 288, 58, 50
54, 259, 58, 20
54, 294, 58, 72
54, 295, 58, 17
54, 8, 58, 96
54, 233, 58, 4
54, 107, 58, 3
54, 45, 58, 72
54, 85, 58, 98
54, 21, 58, 7
54, 119, 58, 79
54, 186, 58, 46
54, 28, 58, 88
54, 1, 59, 43
54, 100, 59, 81
54, 197, 59, 66
54, 6, 59, 22
54, 7, 59, 57
54, 74, 59, 64
54, 43, 59, 39
54, 10, 59, 84
54, 14, 59, 22
54, 207, 59, 12
54, 115, 59, 20
54, 276, 59, 72
54, 249, 59, 69
54, 30, 59, 84
54, 2, 60, 93
54, 290, 60, 21
54, 260, 60, 62
54, 132, 60, 94
54, 195, 60, 50
54, 101, 60, 74
54, 232, 60, 78
54, 296, 60, 13
54, 107, 60, 3
54, 147, 60, 12
54, 22, 60, 60
54, 251, 60, 55
54, 126, 60, 89
54, 34, 61, 37
54, 103, 61, 97
54, 11, 61, 95
54, 76, 61, 2
54, 46, 61, 42
54, 20, 61, 45
54, 279, 61, 29
54, 216, 61, 66
54, 250, 61, 40
54, 189, 61, 5
54, 0, 62, 36
54, 37, 62, 86
54, 50, 62, 85
54, 53, 62, 36
54, 182, 62, 29
54, 186, 62, 46
54, 195, 62, 50
54, 75, 62, 31
54, 209, 62, 71
54, 88, 62, 73
54, 221, 62, 97
54, 100, 62, 81
54, 101, 62, 74
54, 236, 62, 83
54, 114, 62, 55
54, 242, 62, 89
54, 247, 62, 96
54, 120, 62, 67
54, 123, 62, 26
54, 256, 63, 13
54, 3, 63, 21
54, 259, 63, 20
54, 197, 63, 66
54, 101, 63, 74
54, 99, 63, 100
54, 232, 63, 78
54, 141, 63, 18
54, 237, 63, 30
54, 17, 63, 9
54, 147, 63, 12
54, 89, 63, 91
54, 157, 63, 36
54, 253, 63, 95
54, 265, 64, 22
54, 78, 64, 17
54, 208, 64, 16
54, 146, 64, 59
54, 245, 64, 62
54, 120, 64, 67
54, 24, 64, 4
54, 61, 64, 48
54, 193, 65, 74
54, 65, 65, 94
54, 101, 65, 74
54, 229, 65, 20
54, 230, 65, 90
54, 297, 65, 91
54, 75, 65, 31
54, 205, 65, 87
54, 142, 65, 5
54, 15, 65, 24
54, 112, 65, 53
54, 16, 65, 8
54, 240, 65, 5
54, 275, 65, 8
54, 148, 65, 28
54, 117, 65, 39
54, 186, 65, 46
54, 61, 65, 48
54, 128, 66, 68
54, 6, 66, 22
54, 11, 66, 95
54, 268, 66, 76
54, 271, 66, 67
54, 276, 66, 72
54, 29, 66, 5
54, 286, 66, 72
54, 159, 66, 33
54, 294, 66, 72
54, 39, 66, 14
54, 40, 66, 36
54, 173, 66, 69
54, 184, 66, 99
54, 59, 66, 86
54, 197, 66, 66
54, 200, 66, 49
54, 112, 66, 53
54, 118, 66, 62
54, 254, 66, 30
54, 288, 67, 50
54, 64, 67, 25
54, 147, 67, 12
54, 216, 67, 66
54, 218, 67, 92
54, 253, 67, 95
54, 127, 67, 40
54, 258, 68, 59
54, 291, 68, 21
54, 68, 68, 60
54, 101, 68, 74
54, 260, 68, 62
54, 73, 68, 61
54, 42, 68, 3
54, 139, 68, 76
54, 43, 68, 39
54, 203, 68, 41
54, 17, 68, 9
54, 274, 68, 77
54, 122, 68, 13
54, 221, 68, 97
54, 158, 68, 97
54, 161, 69, 4
54, 227, 69, 22
54, 5, 69, 58
54, 202, 69, 9
54, 108, 69, 96
54, 142, 69, 5
54, 80, 69, 62
54, 184, 69, 99
54, 220, 69, 38
54, 285, 69, 92
54, 94, 69, 51
54, 0, 70, 36
54, 65, 70, 94
54, 194, 70, 89
54, 258, 70, 59
54, 168, 70, 78
54, 299, 70, 11
54, 204, 70, 64
54, 140, 70, 49
54, 141, 70, 18
54, 19, 70, 57
54, 219, 70, 72
54, 28, 70, 88
54, 291, 71, 21
54, 164, 71, 67
54, 4, 71, 48
54, 38, 71, 51
54, 295, 71, 17
54, 200, 71, 49
54, 39, 71, 14
54, 146, 71, 59
54, 20, 71, 45
54, 181, 71, 70
54, 278, 71, 85
54, 87, 71, 57
54, 249, 71, 69
54, 58, 71, 39
54, 156, 71, 82
54, 159, 71, 33
54, 1, 72, 43
54, 137, 72, 55
54, 269, 72, 78
54, 280, 72, 60
54, 30, 72, 84
54, 292, 72, 100
54, 185, 72, 77
54, 190, 72, 28
54, 193, 72, 74
54, 194, 72, 89
54, 65, 72, 94
54, 66, 72, 87
54, 76, 72, 2
54, 82, 72, 13
54, 90, 72, 77
54, 97, 72, 21
54, 231, 72, 3
54, 232, 72, 78
54, 243, 72, 9
54, 244, 72, 89
54, 32, 73, 33
54, 131, 73, 69
54, 294, 73, 72
54, 263, 73, 40
54, 77, 73, 79
54, 16, 73, 8
54, 50, 73, 85
54, 53, 73, 36
54, 22, 73, 60
54, 181, 73, 70
54, 277, 73, 2
54, 125, 73, 12
54, 31, 73, 69
54, 102, 74, 96
54, 104, 74, 87
54, 233, 74, 4
54, 172, 74, 42
54, 81, 74, 56
54, 281, 74, 84
54, 154, 74, 68
54, 159, 74, 33
54, 197, 75, 66
54, 203, 75, 41
54, 113, 75, 49
54, 83, 75, 70
54, 244, 75, 89
54, 87, 75, 57
54, 183, 75, 37
54, 279, 75, 29
54, 285, 75, 92
54, 94, 75, 51
54, 31, 75, 69
54, 291, 76, 21
54, 165, 76, 95
54, 139, 76, 76
54, 109, 76, 93
54, 51, 76, 49
54, 183, 76, 37
54, 121, 76, 94
54, 155, 76, 51
54, 221, 76, 97
54, 63, 76, 62
54, 256, 77, 13
54, 100, 77, 81
54, 197, 77, 66
54, 263, 77, 40
54, 107, 77, 3
54, 235, 77, 10
54, 11, 77, 95
54, 110, 77, 66
54, 274, 77, 77
54, 243, 77, 9
54, 181, 77, 70
54, 246, 77, 80
54, 215, 77, 31
54, 152, 77, 37
54, 150, 77, 45
54, 91, 77, 22
54, 93, 77, 89
54, 62, 77, 43
54, 192, 78, 95
54, 257, 78, 3
54, 256, 78, 13
54, 3, 78, 21
54, 36, 78, 20
54, 0, 78, 36
54, 8, 78, 96
54, 265, 78, 22
54, 13, 78, 7
54, 45, 78, 72
54, 239, 78, 34
54, 177, 78, 87
54, 178, 78, 61
54, 149, 78, 33
54, 249, 78, 69
54, 123, 78, 26
54, 158, 78, 97
54, 160, 79, 57
54, 208, 79, 16
54, 86, 79, 74
54, 122, 79, 13
54, 60, 79, 38
54, 162, 80, 23
54, 102, 80, 96
54, 9, 80, 89
54, 75, 80, 31
54, 277, 80, 2
54, 150, 80, 45
54, 88, 80, 73
54, 123, 80, 26
54, 130, 81, 60
54, 36, 81, 20
54, 102, 81, 96
54, 80, 81, 62
54, 21, 81, 7
54, 267, 82, 28
54, 44, 82, 40
54, 19, 82, 57
54, 147, 82, 12
54, 182, 82, 29
54, 247, 82, 96
54, 262, 83, 14
54, 8, 83, 96
54, 178, 83, 61
54, 211, 83, 32
54, 248, 83, 94
54, 24, 83, 4
54, 29, 83, 5
54, 19, 84, 57
54, 148, 84, 28
54, 25, 84, 71
54, 282, 84, 68
54, 162, 84, 23
54, 36, 84, 20
54, 296, 84, 13
54, 172, 84, 42
54, 44, 84, 40
54, 57, 84, 2
54, 61, 84, 48
54, 196, 84, 72
54, 76, 84, 2
54, 205, 84, 87
54, 82, 84, 13
54, 103, 84, 97
54, 113, 84, 49
54, 114, 84, 55
54, 115, 84, 20
54, 247, 84, 96
54, 265, 85, 22
54, 267, 85, 28
54, 271, 85, 67
54, 19, 85, 57
54, 150, 85, 45
54, 37, 85, 86
54, 40, 85, 36
54, 178, 85, 61
54, 50, 85, 85
54, 53, 85, 36
54, 182, 85, 29
54, 201, 85, 97
54, 208, 85, 16
54, 210, 85, 16
54, 215, 85, 31
54, 216, 85, 66
54, 237, 85, 30
54, 116, 85, 12
54, 127, 85, 40
54, 96, 86, 80
54, 193, 86, 74
54, 290, 86, 21
54, 292, 86, 100
54, 72, 86, 70
54, 202, 86, 9
54, 203, 86, 41
54, 155, 86, 51
54, 219, 86, 72
54, 178, 86, 61
54, 242, 86, 89
54, 180, 86, 68
54, 21, 86, 7
54, 114, 86, 55
54, 247, 86, 96
54, 275, 86, 8
54, 27, 86, 13
54, 160, 87, 57
54, 290, 87, 21
54, 99, 87, 100
54, 100, 87, 81
54, 136, 87, 84
54, 200, 87, 49
54, 266, 87, 3
54, 77, 87, 79
54, 238, 87, 19
54, 175, 87, 69
54, 241, 87, 55
54, 17, 87, 9
54, 211, 87, 32
54, 179, 87, 94
54, 248, 87, 94
54, 192, 88, 95
54, 1, 88, 43
54, 133, 88, 75
54, 262, 88, 14
54, 103, 88, 97
54, 11, 88, 95
54, 189, 88, 5
54, 216, 88, 66
54, 186, 88, 46
54, 251, 88, 55
54, 125, 88, 12
54, 153, 89, 76
54, 260, 89, 62
54, 103, 89, 97
54, 170, 89, 23
54, 10, 89, 84
54, 241, 89, 55
54, 278, 89, 85
54, 157, 89, 36
54, 89, 89, 91
54, 60, 89, 38
54, 221, 89, 97
54, 126, 89, 89
54, 224, 90, 89
54, 32, 90, 33
54, 2, 90, 93
54, 97, 90, 21
54, 230, 90, 90
54, 203, 90, 41
54, 205, 90, 87
54, 275, 90, 8
54, 212, 90, 68
54, 119, 90, 79
54, 22, 90, 60
54, 247, 90, 96
54, 62, 90, 43
54, 25, 90, 71
54, 284, 90, 25
54, 125, 90, 12
54, 190, 90, 28
54, 223, 90, 87
54, 65, 91, 94
54, 165, 91, 95
54, 71, 91, 23
54, 72, 91, 70
54, 200, 91, 49
54, 75, 91, 31
54, 219, 91, 72
54, 49, 91, 56
54, 242, 91, 89
54, 85, 91, 98
54, 125, 91, 12
54, 21, 91, 7
54, 217, 91, 24
54, 158, 91, 97
54, 189, 91, 5
54, 222, 91, 40
54, 288, 92, 50
54, 195, 92, 50
54, 228, 92, 12
54, 291, 92, 21
54, 166, 92, 41
54, 103, 92, 97
54, 259, 92, 20
54, 137, 92, 55
54, 170, 92, 23
54, 139, 92, 76
54, 109, 92, 93
54, 205, 92, 87
54, 142, 92, 5
54, 240, 92, 5
54, 13, 92, 7
54, 244, 92, 89
54, 277, 92, 2
54, 157, 92, 36
54, 2, 93, 93
54, 5, 93, 58
54, 41, 93, 84
54, 109, 93, 93
54, 46, 93, 42
54, 271, 93, 67
54, 240, 93, 5
54, 79, 93, 84
54, 51, 93, 49
54, 86, 93, 74
54, 279, 93, 29
54, 152, 93, 37
54, 283, 93, 41
54, 222, 93, 40
54, 286, 93, 72
54, 134, 94, 46
54, 139, 94, 76
54, 142, 94, 5
54, 278, 94, 85
54, 151, 94, 27
54, 35, 94, 81
54, 38, 94, 51
54, 39, 94, 14
54, 297, 94, 91
54, 48, 94, 25
54, 55, 94, 31
54, 57, 94, 2
54, 190, 94, 28
54, 65, 94, 94
54, 76, 94, 2
54, 90, 94, 77
54, 99, 94, 100
54, 230, 94, 90
54, 232, 94, 78
54, 251, 94, 55
54, 65, 95, 94
54, 262, 95, 14
54, 169, 95, 86
54, 298, 95, 1
54, 140, 95, 49
54, 268, 95, 76
54, 48, 95, 25
54, 252, 95, 94
54, 226, 96, 46
54, 153, 96, 76
54, 3, 96, 21
54, 249, 96, 69
54, 165, 96, 95
54, 262, 96, 14
54, 178, 96, 61
54, 89, 96, 91
54, 94, 96, 51
54, 224, 97, 89
54, 260, 97, 62
54, 101, 97, 74
54, 70, 97, 35
54, 72, 97, 70
54, 138, 97, 33
54, 206, 97, 28
54, 209, 97, 71
54, 146, 97, 59
54, 83, 97, 70
54, 54, 97, 4
54, 25, 97, 71
54, 26, 97, 77
54, 284, 97, 25
54, 158, 97, 97
54, 1, 98, 43
54, 11, 98, 95
54, 17, 98, 9
54, 145, 98, 45
54, 19, 98, 57
54, 33, 98, 32
54, 51, 98, 49
54, 54, 98, 4
54, 63, 98, 62
54, 192, 98, 95
54, 199, 98, 15
54, 201, 98, 97
54, 77, 98, 79
54, 210, 98, 16
54, 216, 98, 66
54, 92, 98, 72
54, 220, 98, 38
54, 94, 98, 51
54, 236, 98, 83
54, 38, 99, 51
54, 135, 99, 95
54, 168, 99, 78
54, 298, 99, 1
54, 282, 99, 68
54, 299, 99, 11
54, 205, 99, 87
54, 141, 99, 18
54, 235, 99, 10
54, 276, 99, 72
54, 250, 99, 40
54, 190, 99, 28
54, 255, 99, 56
54, 289, 100, 49
54, 226, 100, 46
54, 258, 100, 59
54, 101, 100, 74
54, 76, 100, 2
54, 239, 100, 34
54, 278, 100, 85
54, 162, 101, 23
54, 291, 101, 21
54, 41, 101, 84
54, 267, 101, 28
54, 140, 101, 49
54, 43, 101, 39
54, 235, 101, 10
54, 111, 101, 39
54, 82, 101, 13
54, 180, 101, 68
54, 181, 101, 70
54, 86, 101, 74
54, 119, 101, 79
54, 282, 101, 68
54, 220, 101, 38
54, 93, 101, 89
54, 254, 101, 30
54, 68, 102, 60
54, 292, 102, 100
54, 237, 102, 30
54, 46, 102, 42
54, 241, 102, 55
54, 245, 102, 62
54, 119, 102, 79
54, 204, 103, 64
54, 45, 103, 72
54, 78, 103, 17
54, 214, 103, 30
54, 284, 103, 25
54, 11, 104, 95
54, 142, 104, 5
54, 282, 104, 68
54, 29, 104, 5
54, 289, 104, 49
54, 166, 104, 41
54, 298, 104, 1
54, 299, 104, 11
54, 174, 104, 55
54, 180, 104, 68
54, 64, 104, 25
54, 68, 104, 60
54, 207, 104, 12
54, 87, 104, 57
54, 93, 104, 89
54, 226, 104, 46
54, 114, 104, 55
54, 247, 104, 96
54, 124, 104, 98
54, 129, 105, 1
54, 100, 105, 81
54, 101, 105, 74
54, 6, 105, 22
54, 103, 105, 97
54, 167, 105, 81
54, 265, 105, 22
54, 196, 105, 72
54, 260, 105, 62
54, 73, 105, 61
54, 75, 105, 31
54, 238, 105, 19
54, 263, 105, 40
54, 17, 105, 9
54, 275, 105, 8
54, 249, 105, 69
54, 27, 105, 13
54, 252, 105, 94
54, 234, 106, 61
54, 171, 106, 12
54, 13, 106, 7
54, 174, 106, 55
54, 47, 106, 45
54, 274, 106, 77
54, 280, 106, 60
54, 126, 106, 89
54, 216, 106, 66
54, 133, 107, 75
54, 144, 107, 13
54, 17, 107, 9
54, 148, 107, 28
54, 25, 107, 71
54, 29, 107, 5
54, 158, 107, 97
54, 175, 107, 69
54, 194, 107, 89
54, 76, 107, 2
54, 207, 107, 12
54, 82, 107, 13
54, 92, 107, 72
54, 221, 107, 97
54, 108, 107, 96
54, 238, 107, 19
54, 246, 107, 80
54, 119, 107, 79
54, 251, 107, 55
54, 126, 107, 89
54, 257, 108, 3
54, 292, 108, 100
54, 293, 108, 76
54, 230, 108, 90
54, 38, 108, 51
54, 165, 108, 95
54, 142, 108, 5
54, 51, 108, 49
54, 53, 108, 36
54, 153, 108, 76
54, 158, 108, 97
54, 125, 108, 12
54, 222, 108, 40
54, 31, 108, 69
54, 132, 109, 94
54, 275, 109, 8
54, 27, 109, 13
54, 164, 109, 67
54, 299, 109, 11
54, 172, 109, 42
54, 45, 109, 72
54, 47, 109, 45
54, 56, 109, 46
54, 57, 109, 2
54, 187, 109, 62
54, 62, 109, 43
54, 79, 109, 84
54, 213, 109, 78
54, 220, 109, 38
54, 94, 109, 51
54, 96, 109, 80
54, 106, 109, 8
54, 123, 109, 26
54, 127, 109, 40
54, 161, 110, 4
54, 97, 110, 21
54, 135, 110, 95
54, 200, 110, 49
54, 238, 110, 19
54, 81, 110, 56
54, 51, 110, 49
54, 190, 110, 28
54, 256, 111, 13
54, 69, 111, 76
54, 70, 111, 35
54, 202, 111, 9
54, 107, 111, 3
54, 108, 111, 96
54, 237, 111, 30
54, 268, 111, 76
54, 21, 111, 7
54, 89, 111, 91
54, 285, 111, 92
54, 91, 111, 22
54, 61, 111, 48
54, 2, 112, 93
54, 6, 112, 22
54, 135, 112, 95
54, 284, 112, 25
54, 285, 112, 92
54, 160, 112, 57
54, 37, 112, 86
54, 42, 112, 3
54, 43, 112, 39
54, 175, 112, 69
54, 195, 112, 50
54, 205, 112, 87
54, 77, 112, 79
54, 210, 112, 16
54, 84, 112, 82
54, 241, 112, 55
54, 115, 112, 20
54, 120, 112, 67
54, 249, 112, 69
54, 253, 112, 95
54, 200, 113, 49
54, 233, 113, 4
54, 148, 113, 28
54, 246, 113, 80
54, 279, 113, 29
54, 219, 113, 72
54, 286, 113, 72
54, 1, 114, 43
54, 258, 114, 59
54, 34, 114, 37
54, 71, 114, 23
54, 232, 114, 78
54, 271, 114, 67
54, 146, 114, 59
54, 221, 114, 97
54, 253, 114, 95
54, 285, 114, 92
54, 155, 114, 51
54, 61, 114, 48
54, 158, 114, 97
54, 2, 115, 93
54, 34, 115, 37
54, 99, 115, 100
54, 70, 115, 35
54, 295, 115, 17
54, 136, 115, 84
54, 40, 115, 36
54, 106, 115, 8
54, 204, 115, 64
54, 46, 115, 42
54, 48, 115, 25
54, 183, 115, 37
54, 53, 115, 36
54, 23, 115, 17
54, 57, 115, 2
54, 215, 115, 31
54, 62, 115, 43
54, 95, 115, 93
54, 224, 116, 89
54, 227, 116, 22
54, 58, 116, 39
54, 249, 116, 69
54, 294, 116, 72
54, 260, 116, 62
54, 169, 116, 86
54, 46, 116, 42
54, 82, 116, 13
54, 244, 116, 89
54, 85, 116, 98
54, 281, 116, 84
54, 26, 116, 77
54, 187, 116, 62
54, 190, 116, 28
54, 222, 116, 40
54, 129, 117, 1
54, 34, 117, 37
54, 166, 117, 41
54, 103, 117, 97
54, 299, 117, 11
54, 109, 117, 93
54, 271, 117, 67
54, 274, 117, 77
54, 156, 117, 82
54, 164, 118, 67
54, 4, 118, 48
54, 198, 118, 39
54, 229, 118, 20
54, 135, 118, 95
54, 69, 118, 76
54, 266, 118, 3
54, 267, 118, 28
54, 74, 118, 64
54, 133, 118, 75
54, 51, 118, 49
54, 19, 118, 57
54, 211, 118, 32
54, 118, 118, 62
54, 189, 118, 5
54, 89, 118, 91
54, 93, 118, 89
54, 288, 119, 50
54, 97, 119, 21
54, 70, 119, 35
54, 231, 119, 3
54, 45, 119, 72
54, 14, 119, 22
54, 47, 119, 45
54, 113, 119, 49
54, 273, 119, 73
54, 277, 119, 2
54, 246, 119, 80
54, 183, 119, 37
54, 56, 119, 46
54, 28, 119, 88
54, 160, 120, 57
54, 291, 120, 21
54, 134, 120, 46
54, 232, 120, 78
54, 74, 120, 64
54, 268, 120, 76
54, 236, 120, 83
54, 239, 120, 34
54, 16, 120, 8
54, 17, 120, 9
54, 82, 120, 13
54, 54, 120, 4
54, 57, 120, 2
54, 127, 120, 40
54, 95, 120, 93
54, 196, 121, 72
54, 14, 121, 22
54, 48, 121, 25
54, 117, 121, 39
54, 222, 121, 40
54, 288, 122, 50
54, 98, 122, 24
54, 133, 122, 75
54, 202, 122, 9
54, 299, 122, 11
54, 236, 122, 83
54, 172, 122, 42
54, 282, 122, 68
54, 16, 122, 8
54, 213, 122, 78
54, 250, 122, 40
54, 156, 122, 82
54, 157, 122, 36
54, 98, 123, 24
54, 4, 123, 48
54, 7, 123, 57
54, 232, 123, 78
54, 107, 123, 3
54, 270, 123, 90
54, 14, 123, 22
54, 112, 123, 53
54, 242, 123, 89
54, 178, 123, 61
54, 148, 123, 28
54, 213, 123, 78
54, 53, 123, 36
54, 132, 124, 94
54, 268, 124, 76
54, 20, 124, 45
54, 149, 124, 33
54, 26, 124, 77
54, 287, 124, 51
54, 162, 124, 23
54, 163, 124, 65
54, 295, 124, 17
54, 168, 124, 78
54, 169, 124, 86
54, 43, 124, 39
54, 50, 124, 85
54, 68, 124, 60
54, 83, 124, 70
54, 91, 124, 22
54, 101, 124, 74
54, 234, 124, 61
54, 107, 124, 3
54, 242, 124, 89
54, 36, 125, 20
54, 102, 125, 96
54, 264, 125, 90
54, 11, 125, 95
54, 76, 125, 2
54, 237, 125, 30
54, 61, 125, 48
54, 248, 125, 94
54, 187, 125, 62
54, 189, 125, 5
54, 67, 126, 52
54, 167, 126, 81
54, 200, 126, 49
54, 41, 126, 84
54, 42, 126, 3
54, 10, 126, 84
54, 235, 126, 10
54, 204, 126, 64
54, 295, 126, 17
54, 112, 126, 53
54, 23, 126, 17
54, 249, 126, 69
54, 252, 126, 94
54, 93, 126, 89
54, 95, 126, 93
54, 248, 127, 94
54, 69, 127, 76
54, 201, 127, 97
54, 169, 127, 86
54, 12, 127, 88
54, 242, 127, 89
54, 214, 127, 30
54, 55, 127, 31
54, 120, 127, 67
54, 191, 127, 29
54, 224, 128, 89
54, 193, 128, 74
54, 287, 128, 51
54, 230, 128, 90
54, 114, 128, 55
54, 189, 128, 5
54, 223, 128, 87
54, 256, 129, 13
54, 264, 129, 90
54, 138, 129, 33
54, 27, 129, 13
54, 284, 129, 25
54, 287, 129, 51
54, 289, 129, 49
54, 33, 129, 32
54, 171, 129, 12
54, 299, 129, 11
54, 174, 129, 55
54, 48, 129, 25
54, 49, 129, 56
54, 179, 129, 94
54, 205, 129, 87
54, 91, 129, 22
54, 94, 129, 51
54, 108, 129, 96
54, 120, 129, 67
54, 128, 130, 68
54, 288, 130, 50
54, 259, 130, 20
54, 196, 130, 72
54, 103, 130, 97
54, 234, 130, 61
54, 171, 130, 12
54, 11, 130, 95
54, 44, 130, 40
54, 174, 130, 55
54, 271, 130, 67
54, 276, 130, 72
54, 20, 130, 45
54, 245, 130, 62
54, 279, 130, 29
54, 281, 130, 84
54, 90, 130, 77
54, 131, 131, 69
54, 196, 131, 72
54, 5, 131, 58
54, 294, 131, 72
54, 260, 131, 62
54, 136, 131, 84
54, 296, 131, 13
54, 139, 131, 76
54, 277, 131, 2
54, 53, 131, 36
54, 70, 132, 35
54, 76, 132, 2
54, 238, 132, 19
54, 115, 132, 20
54, 89, 132, 91
54, 223, 132, 87
54, 7, 133, 57
54, 270, 133, 90
54, 151, 133, 27
54, 24, 133, 4
54, 153, 133, 76
54, 152, 133, 37
54, 28, 133, 88
54, 53, 133, 36
54, 59, 133, 86
54, 62, 133, 43
54, 192, 133, 95
54, 200, 133, 49
54, 202, 133, 9
54, 217, 133, 24
54, 228, 133, 12
54, 108, 133, 96
54, 241, 133, 55
54, 242, 133, 89
54, 118, 133, 62
54, 249, 133, 69
54, 33, 134, 32
54, 104, 134, 87
54, 298, 134, 1
54, 269, 134, 78
54, 247, 134, 96
54, 153, 134, 76
54, 282, 134, 68
54, 284, 134, 25
54, 257, 135, 3
54, 135, 135, 95
54, 268, 135, 76
54, 140, 135, 49
54, 144, 135, 13
54, 21, 135, 7
54, 277, 135, 2
54, 286, 135, 72
54, 33, 135, 32
54, 167, 135, 81
54, 299, 135, 11
54, 174, 135, 55
54, 53, 135, 36
54, 198, 135, 39
54, 214, 135, 30
54, 219, 135, 72
54, 232, 135, 78
54, 235, 135, 10
54, 113, 135, 49
54, 64, 136, 25
54, 32, 136, 33
54, 166, 136, 41
54, 138, 136, 33
54, 267, 136, 28
54, 238, 136, 19
54, 241, 136, 55
54, 146, 136, 59
54, 180, 136, 68
54, 159, 136, 33
54, 290, 137, 21
54, 233, 137, 4
54, 57, 137, 2
54, 46, 137, 42
54, 271, 137, 67
54, 147, 137, 12
54, 243, 137, 9
54, 275, 137, 8
54, 54, 137, 4
54, 281, 137, 84
54, 91, 137, 22
54, 127, 137, 40
54, 159, 137, 33
54, 224, 138, 89
54, 289, 138, 49
54, 294, 138, 72
54, 135, 138, 95
54, 40, 138, 36
54, 199, 138, 15
54, 108, 138, 96
54, 79, 138, 84
54, 273, 138, 73
54, 150, 138, 45
54, 284, 138, 25
54, 253, 138, 95
54, 1, 139, 43
54, 237, 139, 30
54, 77, 139, 79
54, 177, 139, 87
54, 50, 139, 85
54, 241, 139, 55
54, 21, 139, 7
54, 149, 139, 33
54, 122, 139, 13
54, 157, 139, 36
54, 133, 140, 75
54, 134, 140, 46
54, 169, 140, 86
54, 49, 140, 56
54, 115, 140, 20
54, 30, 140, 84
54, 195, 141, 50
54, 262, 141, 14
54, 265, 141, 22
54, 15, 141, 24
54, 113, 141, 49
54, 57, 141, 2
54, 29, 141, 5
54, 223, 141, 87
54, 131, 142, 69
54, 132, 142, 94
54, 292, 142, 100
54, 78, 142, 17
54, 84, 142, 82
54, 180, 142, 68
54, 254, 142, 30
54, 62, 142, 43
54, 121, 142, 94
54, 222, 142, 40
54, 255, 143, 56
54, 139, 143, 76
54, 274, 143, 77
54, 146, 143, 59
54, 25, 143, 71
54, 26, 143, 77
54, 154, 143, 68
54, 283, 143, 41
54, 159, 143, 33
54, 39, 143, 14
54, 183, 143, 37
54, 57, 143, 2
54, 191, 143, 29
54, 72, 143, 70
54, 204, 143, 64
54, 95, 143, 93
54, 103, 143, 97
54, 235, 143, 10
54, 250, 143, 40
54, 127, 143, 40
54, 248, 144, 94
54, 161, 144, 4
54, 130, 144, 60
54, 224, 144, 89
54, 5, 144, 58
54, 169, 144, 86
54, 138, 144, 33
54, 299, 144, 11
54, 267, 144, 28
54, 241, 144, 55
54, 145, 144, 45
54, 245, 144, 62
54, 280, 144, 60
54, 157, 144, 36
54, 287, 144, 51
54, 265, 145, 22
54, 142, 145, 5
54, 271, 145, 67
54, 273, 145, 73
54, 274, 145, 77
54, 275, 145, 8
54, 151, 145, 27
54, 282, 145, 68
54, 155, 145, 51
54, 285, 145, 92
54, 291, 145, 21
54, 297, 145, 91
54, 177, 145, 87
54, 181, 145, 70
54, 191, 145, 29
54, 83, 145, 70
54, 220, 145, 38
54, 237, 145, 30
54, 247, 145, 96
54, 32, 146, 33
54, 163, 146, 65
54, 230, 146, 90
54, 295, 146, 17
54, 299, 146, 11
54, 12, 146, 88
54, 269, 146, 78
54, 48, 146, 25
54, 284, 146, 25
54, 214, 146, 30
54, 280, 146, 60
54, 28, 146, 88
54, 152, 146, 37
54, 66, 147, 87
54, 294, 147, 72
54, 11, 147, 95
54, 114, 147, 55
54, 83, 147, 70
54, 281, 147, 84
54, 218, 147, 92
54, 27, 147, 13
54, 4, 148, 48
54, 37, 148, 86
54, 7, 148, 57
54, 169, 148, 86
54, 79, 148, 84
54, 144, 148, 13
54, 85, 148, 98
54, 55, 148, 31
54, 3, 149, 21
54, 174, 149, 55
54, 87, 149, 57
54, 58, 149, 39
54, 61, 149, 48
