150, 300, 15
59, 66, 0, 55
59, 67, 0, 5
59, 142, 0, 48
59, 211, 0, 23
59, 214, 0, 64
59, 86, 0, 4
59, 223, 0, 12
59, 261, 1, 61
59, 136, 1, 92
59, 11, 1, 32
59, 147, 1, 59
59, 277, 1, 81
59, 151, 1, 2
59, 153, 1, 66
59, 154, 1, 70
59, 289, 1, 57
59, 291, 1, 51
59, 51, 1, 3
59, 59, 1, 65
59, 67, 1, 5
59, 68, 1, 67
59, 69, 1, 88
59, 206, 1, 8
59, 79, 1, 93
59, 99, 1, 13
59, 244, 1, 68
59, 126, 1, 16
59, 196, 2, 18
59, 197, 2, 84
59, 72, 2, 23
59, 136, 2, 92
59, 202, 2, 64
59, 139, 2, 48
59, 298, 2, 25
59, 28, 2, 76
59, 142, 2, 48
59, 203, 2, 16
59, 208, 2, 23
59, 13, 2, 75
59, 114, 2, 67
59, 147, 2, 59
59, 52, 2, 68
59, 243, 2, 91
59, 57, 2, 58
59, 124, 2, 56
59, 0, 3, 99
59, 3, 3, 86
59, 197, 3, 84
59, 104, 3, 14
59, 299, 3, 60
59, 270, 3, 10
59, 242, 3, 40
59, 51, 3, 3
59, 55, 3, 92
59, 87, 3, 60
59, 91, 3, 55
59, 248, 4, 63
59, 131, 4, 66
59, 166, 4, 94
59, 230, 4, 12
59, 70, 4, 70
59, 297, 4, 94
59, 137, 4, 20
59, 108, 4, 20
59, 269, 4, 87
59, 275, 4, 77
59, 86, 4, 4
59, 183, 4, 16
59, 88, 4, 45
59, 62, 4, 36
59, 35, 5, 54
59, 100, 5, 22
59, 71, 5, 71
59, 40, 5, 62
59, 268, 5, 63
59, 143, 5, 91
59, 50, 5, 86
59, 146, 5, 97
59, 152, 5, 21
59, 284, 5, 68
59, 195, 6, 93
59, 36, 6, 75
59, 104, 6, 14
59, 200, 6, 100
59, 42, 6, 59
59, 91, 6, 55
59, 123, 6, 100
59, 176, 6, 61
59, 274, 6, 51
59, 180, 6, 22
59, 118, 6, 92
59, 216, 6, 91
59, 121, 6, 51
59, 59, 6, 65
59, 92, 6, 68
59, 253, 6, 76
59, 184, 6, 22
59, 32, 7, 89
59, 288, 7, 100
59, 131, 7, 66
59, 99, 7, 13
59, 69, 7, 88
59, 104, 7, 14
59, 40, 7, 62
59, 75, 7, 23
59, 81, 7, 72
59, 82, 7, 14
59, 117, 7, 56
59, 215, 7, 91
59, 183, 7, 16
59, 122, 7, 42
59, 279, 7, 98
59, 255, 7, 4
59, 1, 8, 72
59, 129, 8, 76
59, 130, 8, 65
59, 142, 8, 48
59, 15, 8, 59
59, 16, 8, 1
59, 275, 8, 77
59, 277, 8, 81
59, 22, 8, 98
59, 21, 8, 14
59, 167, 8, 36
59, 179, 8, 92
59, 54, 8, 27
59, 64, 8, 43
59, 193, 8, 10
59, 100, 8, 22
59, 245, 8, 32
59, 119, 8, 56
59, 122, 8, 42
59, 123, 8, 100
59, 1, 9, 72
59, 33, 9, 66
59, 131, 9, 66
59, 195, 9, 93
59, 98, 9, 93
59, 70, 9, 70
59, 197, 9, 84
59, 166, 9, 94
59, 9, 9, 58
59, 76, 9, 66
59, 45, 9, 4
59, 44, 9, 86
59, 47, 9, 4
59, 23, 9, 92
59, 248, 9, 63
59, 254, 9, 74
59, 259, 10, 24
59, 112, 10, 53
59, 17, 10, 60
59, 274, 10, 51
59, 211, 10, 23
59, 50, 10, 86
59, 23, 10, 92
59, 93, 10, 14
59, 226, 11, 93
59, 291, 11, 51
59, 153, 11, 66
59, 170, 11, 60
59, 76, 11, 66
59, 77, 11, 36
59, 143, 11, 91
59, 241, 11, 71
59, 245, 11, 32
59, 184, 11, 22
59, 89, 11, 26
59, 58, 11, 4
59, 188, 11, 65
59, 157, 11, 23
59, 95, 11, 10
59, 57, 11, 58
59, 128, 12, 68
59, 96, 12, 53
59, 98, 12, 93
59, 228, 12, 4
59, 166, 12, 94
59, 294, 12, 80
59, 136, 12, 92
59, 202, 12, 64
59, 11, 12, 32
59, 142, 12, 48
59, 121, 12, 51
59, 253, 12, 76
59, 97, 13, 5
59, 228, 13, 4
59, 5, 13, 43
59, 238, 13, 56
59, 46, 13, 37
59, 180, 13, 22
59, 87, 13, 60
59, 26, 13, 28
59, 65, 14, 33
59, 228, 14, 4
59, 135, 14, 29
59, 136, 14, 92
59, 7, 14, 74
59, 74, 14, 15
59, 233, 14, 29
59, 207, 14, 52
59, 176, 14, 61
59, 145, 14, 61
59, 81, 14, 72
59, 51, 14, 3
59, 249, 14, 17
59, 26, 14, 28
59, 158, 14, 69
59, 257, 15, 76
59, 98, 15, 93
59, 5, 15, 43
59, 266, 15, 48
59, 45, 15, 4
59, 238, 15, 56
59, 272, 15, 17
59, 274, 15, 51
59, 94, 15, 90
59, 58, 15, 4
59, 284, 15, 68
59, 62, 15, 36
59, 225, 16, 58
59, 1, 16, 72
59, 292, 16, 11
59, 133, 16, 12
59, 5, 16, 43
59, 296, 16, 13
59, 10, 16, 39
59, 77, 16, 36
59, 15, 16, 59
59, 207, 16, 52
59, 213, 16, 96
59, 151, 16, 2
59, 121, 16, 51
59, 90, 16, 60
59, 157, 16, 23
59, 128, 17, 68
59, 39, 17, 65
59, 203, 17, 16
59, 44, 17, 86
59, 78, 17, 6
59, 91, 17, 55
59, 129, 18, 76
59, 280, 18, 69
59, 289, 18, 57
59, 69, 18, 88
59, 198, 18, 16
59, 232, 18, 73
59, 205, 18, 24
59, 47, 18, 4
59, 239, 18, 57
59, 49, 18, 68
59, 271, 18, 62
59, 118, 18, 92
59, 184, 18, 22
59, 188, 18, 65
59, 29, 18, 25
59, 36, 19, 75
59, 197, 19, 84
59, 292, 19, 11
59, 39, 19, 65
59, 233, 19, 29
59, 109, 19, 81
59, 271, 19, 62
59, 272, 19, 17
59, 274, 19, 51
59, 211, 19, 23
59, 242, 19, 40
59, 30, 19, 1
59, 246, 19, 75
59, 54, 19, 27
59, 56, 19, 74
59, 153, 19, 66
59, 156, 19, 36
59, 286, 19, 90
59, 33, 20, 66
59, 230, 20, 12
59, 6, 20, 65
59, 173, 20, 19
59, 114, 20, 67
59, 87, 20, 60
59, 151, 20, 2
59, 282, 20, 42
59, 285, 20, 73
59, 30, 20, 1
59, 159, 20, 19
59, 256, 21, 73
59, 259, 21, 24
59, 165, 21, 44
59, 71, 21, 71
59, 201, 21, 1
59, 82, 21, 14
59, 246, 21, 75
59, 119, 21, 56
59, 90, 21, 60
59, 188, 21, 65
59, 62, 21, 36
59, 64, 22, 43
59, 199, 22, 35
59, 43, 22, 89
59, 205, 22, 24
59, 113, 22, 20
59, 274, 22, 51
59, 178, 22, 67
59, 83, 22, 67
59, 56, 22, 74
59, 89, 22, 26
59, 258, 23, 87
59, 261, 23, 61
59, 263, 23, 75
59, 138, 23, 79
59, 141, 23, 57
59, 143, 23, 91
59, 285, 23, 73
59, 32, 23, 89
59, 177, 23, 49
59, 54, 23, 27
59, 63, 23, 84
59, 71, 23, 71
59, 72, 23, 23
59, 81, 23, 72
59, 210, 23, 85
59, 212, 23, 69
59, 215, 23, 91
59, 224, 23, 55
59, 116, 23, 73
59, 252, 23, 88
59, 96, 24, 53
59, 99, 24, 13
59, 292, 24, 11
59, 71, 24, 71
59, 267, 24, 97
59, 141, 24, 57
59, 238, 24, 56
59, 176, 24, 61
59, 82, 24, 14
59, 275, 24, 77
59, 20, 24, 72
59, 53, 24, 90
59, 21, 24, 14
59, 23, 24, 92
59, 212, 24, 69
59, 93, 24, 14
59, 75, 25, 23
59, 140, 25, 29
59, 174, 25, 70
59, 240, 25, 23
59, 272, 25, 17
59, 281, 25, 71
59, 139, 26, 48
59, 174, 26, 70
59, 272, 26, 17
59, 244, 26, 68
59, 153, 26, 66
59, 157, 26, 23
59, 260, 27, 55
59, 12, 27, 94
59, 27, 27, 28
59, 284, 27, 68
59, 170, 27, 60
59, 45, 27, 4
59, 50, 27, 86
59, 52, 27, 68
59, 193, 27, 10
59, 66, 27, 55
59, 197, 27, 84
59, 207, 27, 52
59, 86, 27, 4
59, 121, 27, 51
59, 230, 27, 12
59, 234, 27, 86
59, 241, 27, 71
59, 249, 27, 17
59, 122, 27, 42
59, 254, 27, 74
59, 121, 28, 51
59, 259, 28, 24
59, 164, 28, 32
59, 195, 28, 93
59, 122, 28, 42
59, 199, 28, 35
59, 136, 28, 92
59, 73, 28, 96
59, 172, 28, 44
59, 173, 28, 19
59, 236, 28, 27
59, 51, 28, 3
59, 214, 28, 64
59, 281, 28, 71
59, 282, 28, 42
59, 252, 28, 88
59, 224, 29, 55
59, 257, 29, 76
59, 258, 29, 87
59, 27, 29, 28
59, 253, 29, 76
59, 226, 30, 93
59, 229, 30, 86
59, 9, 30, 58
59, 74, 30, 15
59, 79, 30, 93
59, 113, 30, 20
59, 53, 30, 90
59, 245, 30, 32
59, 185, 30, 47
59, 224, 31, 55
59, 66, 31, 55
59, 262, 31, 35
59, 6, 31, 65
59, 232, 31, 73
59, 73, 31, 96
59, 107, 31, 22
59, 11, 31, 32
59, 268, 31, 63
59, 109, 31, 81
59, 240, 31, 23
59, 210, 31, 85
59, 24, 31, 69
59, 122, 31, 42
59, 32, 32, 89
59, 36, 32, 75
59, 200, 32, 100
59, 8, 32, 43
59, 106, 32, 96
59, 11, 32, 32
59, 264, 32, 44
59, 44, 32, 86
59, 79, 32, 93
59, 16, 32, 1
59, 177, 32, 49
59, 210, 32, 85
59, 50, 32, 86
59, 120, 32, 46
59, 281, 32, 71
59, 250, 32, 62
59, 157, 32, 23
59, 253, 32, 76
59, 98, 33, 93
59, 4, 33, 91
59, 232, 33, 73
59, 174, 33, 70
59, 111, 33, 72
59, 92, 33, 68
59, 240, 33, 23
59, 114, 33, 67
59, 83, 33, 67
59, 47, 33, 4
59, 213, 33, 96
59, 157, 33, 23
59, 119, 33, 56
59, 280, 33, 69
59, 89, 33, 26
59, 246, 33, 75
59, 252, 33, 88
59, 29, 33, 25
59, 2, 34, 74
59, 260, 34, 55
59, 136, 34, 92
59, 12, 34, 94
59, 15, 34, 59
59, 160, 34, 4
59, 162, 34, 36
59, 165, 34, 44
59, 168, 34, 37
59, 298, 34, 25
59, 170, 34, 60
59, 172, 34, 44
59, 45, 34, 4
59, 187, 34, 58
59, 191, 34, 52
59, 216, 34, 91
59, 220, 34, 38
59, 224, 34, 55
59, 245, 34, 32
59, 100, 35, 22
59, 260, 35, 55
59, 294, 35, 80
59, 199, 35, 35
59, 136, 35, 92
59, 264, 35, 44
59, 101, 35, 44
59, 273, 35, 54
59, 242, 35, 40
59, 82, 35, 14
59, 89, 35, 26
59, 253, 35, 76
59, 191, 35, 52
59, 192, 36, 67
59, 97, 36, 5
59, 1, 36, 72
59, 256, 36, 73
59, 99, 36, 13
59, 101, 36, 44
59, 232, 36, 73
59, 43, 36, 89
59, 139, 36, 48
59, 79, 36, 93
59, 16, 36, 1
59, 143, 36, 91
59, 152, 36, 21
59, 196, 37, 18
59, 203, 37, 16
59, 111, 37, 72
59, 55, 37, 92
59, 91, 37, 55
59, 69, 38, 88
59, 166, 38, 94
59, 135, 38, 29
59, 264, 38, 44
59, 133, 38, 12
59, 171, 38, 4
59, 45, 38, 4
59, 177, 38, 49
59, 84, 38, 72
59, 181, 38, 42
59, 55, 38, 92
59, 217, 38, 69
59, 156, 38, 36
59, 32, 39, 89
59, 65, 39, 33
59, 69, 39, 88
59, 7, 39, 74
59, 296, 39, 13
59, 104, 39, 14
59, 74, 39, 15
59, 12, 39, 94
59, 237, 39, 28
59, 251, 39, 77
59, 208, 39, 23
59, 20, 39, 72
59, 22, 39, 98
59, 119, 39, 56
59, 87, 39, 60
59, 153, 39, 66
59, 59, 39, 65
59, 292, 40, 11
59, 6, 40, 65
59, 103, 40, 81
59, 38, 40, 30
59, 233, 40, 29
59, 41, 40, 27
59, 134, 40, 85
59, 73, 40, 96
59, 173, 40, 19
59, 206, 40, 8
59, 238, 40, 56
59, 54, 40, 27
59, 189, 40, 67
59, 150, 40, 14
59, 125, 40, 2
59, 5, 41, 43
59, 230, 41, 12
59, 72, 41, 23
59, 265, 41, 52
59, 74, 41, 15
59, 299, 41, 60
59, 17, 41, 60
59, 146, 41, 97
59, 116, 41, 73
59, 183, 41, 16
59, 280, 41, 69
59, 217, 41, 69
59, 123, 41, 100
59, 124, 41, 56
59, 286, 41, 90
59, 31, 41, 63
59, 192, 42, 67
59, 224, 42, 55
59, 98, 42, 93
59, 130, 42, 65
59, 164, 42, 32
59, 162, 42, 36
59, 72, 42, 23
59, 234, 42, 86
59, 75, 42, 23
59, 272, 42, 17
59, 113, 42, 20
59, 242, 42, 40
59, 81, 42, 72
59, 84, 42, 72
59, 88, 42, 45
59, 28, 42, 76
59, 126, 42, 16
59, 255, 42, 4
59, 97, 43, 5
59, 194, 43, 95
59, 195, 43, 93
59, 100, 43, 22
59, 291, 43, 51
59, 292, 43, 11
59, 9, 43, 58
59, 170, 43, 60
59, 267, 43, 97
59, 107, 43, 22
59, 47, 43, 4
59, 252, 43, 88
59, 119, 43, 56
59, 282, 43, 42
59, 155, 43, 68
59, 284, 43, 68
59, 0, 44, 99
59, 224, 44, 55
59, 290, 44, 39
59, 162, 44, 36
59, 13, 44, 75
59, 213, 44, 96
59, 249, 44, 17
59, 186, 44, 48
59, 256, 45, 73
59, 166, 45, 94
59, 103, 45, 81
59, 137, 45, 20
59, 298, 45, 25
59, 236, 45, 27
59, 225, 46, 58
59, 229, 46, 86
59, 294, 46, 80
59, 202, 46, 64
59, 211, 46, 23
59, 190, 46, 9
59, 2, 47, 74
59, 230, 47, 12
59, 170, 47, 60
59, 74, 47, 15
59, 14, 47, 7
59, 89, 47, 26
59, 253, 47, 76
59, 128, 48, 68
59, 1, 48, 72
59, 9, 48, 58
59, 13, 48, 75
59, 150, 48, 14
59, 154, 48, 70
59, 158, 48, 69
59, 40, 48, 62
59, 45, 48, 4
59, 54, 48, 27
59, 55, 48, 92
59, 70, 48, 70
59, 199, 48, 35
59, 78, 48, 6
59, 226, 48, 93
59, 227, 48, 6
59, 100, 48, 22
59, 99, 48, 13
59, 251, 48, 77
59, 32, 49, 89
59, 257, 49, 76
59, 34, 49, 53
59, 291, 49, 51
59, 196, 49, 18
59, 1, 49, 72
59, 249, 49, 17
59, 126, 49, 16
59, 187, 49, 58
59, 28, 49, 76
59, 61, 49, 56
59, 94, 49, 90
59, 287, 49, 61
59, 27, 50, 28
59, 171, 50, 4
59, 175, 50, 66
59, 272, 50, 17
59, 152, 50, 21
59, 91, 50, 55
59, 32, 51, 89
59, 257, 51, 76
59, 43, 51, 89
59, 140, 51, 29
59, 142, 51, 48
59, 50, 51, 86
59, 210, 51, 85
59, 30, 51, 1
59, 191, 51, 52
59, 132, 52, 36
59, 139, 52, 48
59, 19, 52, 68
59, 149, 52, 98
59, 151, 52, 2
59, 281, 52, 71
59, 286, 52, 90
59, 160, 52, 4
59, 40, 52, 62
59, 176, 52, 61
59, 182, 52, 3
59, 193, 52, 10
59, 194, 52, 95
59, 198, 52, 16
59, 97, 52, 5
59, 104, 52, 14
59, 234, 52, 86
59, 246, 52, 75
59, 120, 52, 46
59, 228, 53, 4
59, 5, 53, 43
59, 235, 53, 39
59, 153, 53, 66
59, 221, 53, 22
59, 224, 54, 55
59, 37, 54, 80
59, 262, 54, 35
59, 137, 54, 20
59, 41, 54, 27
59, 91, 54, 55
59, 109, 54, 81
59, 238, 54, 56
59, 219, 54, 38
59, 205, 54, 24
59, 275, 54, 77
59, 277, 54, 81
59, 57, 54, 58
59, 283, 54, 44
59, 286, 54, 90
59, 127, 54, 87
59, 225, 55, 58
59, 67, 55, 5
59, 39, 55, 65
59, 266, 55, 48
59, 46, 55, 37
59, 53, 55, 90
59, 153, 55, 66
59, 90, 55, 60
59, 29, 55, 25
59, 128, 56, 68
59, 258, 56, 87
59, 261, 56, 61
59, 139, 56, 48
59, 23, 56, 92
59, 284, 56, 68
59, 163, 56, 91
59, 291, 56, 51
59, 37, 56, 80
59, 38, 56, 30
59, 36, 56, 75
59, 294, 56, 80
59, 167, 56, 36
59, 170, 56, 60
59, 179, 56, 92
59, 78, 56, 6
59, 243, 56, 91
59, 116, 56, 73
59, 118, 56, 92
59, 255, 56, 4
59, 2, 57, 74
59, 196, 57, 18
59, 133, 57, 12
59, 262, 57, 35
59, 141, 57, 57
59, 46, 57, 37
59, 15, 57, 59
59, 208, 57, 23
59, 174, 57, 70
59, 50, 57, 86
59, 45, 57, 4
59, 173, 57, 19
59, 245, 57, 32
59, 213, 57, 96
59, 23, 57, 92
59, 56, 57, 74
59, 186, 57, 48
59, 0, 58, 99
59, 10, 58, 39
59, 139, 58, 48
59, 25, 58, 59
59, 287, 58, 61
59, 288, 58, 100
59, 294, 58, 80
59, 166, 58, 94
59, 173, 58, 19
59, 46, 58, 37
59, 182, 58, 3
59, 59, 58, 65
59, 69, 58, 88
59, 78, 58, 6
59, 79, 58, 93
59, 84, 58, 72
59, 89, 58, 26
59, 93, 58, 14
59, 106, 58, 96
59, 119, 58, 56
59, 193, 59, 10
59, 259, 59, 24
59, 68, 59, 67
59, 4, 59, 91
59, 69, 59, 88
59, 201, 59, 1
59, 108, 59, 20
59, 268, 59, 63
59, 143, 59, 91
59, 146, 59, 97
59, 50, 59, 86
59, 277, 59, 81
59, 53, 59, 90
59, 21, 59, 14
59, 285, 59, 73
59, 255, 59, 4
59, 10, 60, 39
59, 110, 60, 27
59, 148, 60, 14
59, 212, 60, 69
59, 183, 60, 16
59, 184, 60, 22
59, 197, 61, 84
59, 295, 61, 37
59, 40, 61, 62
59, 169, 61, 41
59, 10, 61, 39
59, 238, 61, 56
59, 142, 61, 48
59, 55, 61, 92
59, 284, 61, 68
59, 125, 61, 2
59, 140, 62, 29
59, 146, 62, 97
59, 276, 62, 83
59, 166, 62, 94
59, 297, 62, 94
59, 47, 62, 4
59, 183, 62, 16
59, 187, 62, 58
59, 66, 62, 55
59, 72, 62, 23
59, 202, 62, 64
59, 203, 62, 16
59, 210, 62, 85
59, 221, 62, 22
59, 224, 62, 55
59, 232, 62, 73
59, 243, 62, 91
59, 116, 62, 73
59, 244, 62, 68
59, 246, 62, 75
59, 129, 63, 76
59, 133, 63, 12
59, 233, 63, 29
59, 177, 63, 49
59, 119, 63, 56
59, 88, 63, 45
59, 188, 63, 65
59, 97, 64, 5
59, 226, 64, 93
59, 295, 64, 37
59, 104, 64, 14
59, 8, 64, 43
59, 168, 64, 37
59, 299, 64, 60
59, 108, 64, 20
59, 12, 64, 94
59, 78, 64, 6
59, 76, 64, 66
59, 16, 64, 1
59, 145, 64, 61
59, 82, 64, 14
59, 21, 64, 14
59, 28, 64, 76
59, 253, 64, 76
59, 0, 65, 99
59, 259, 65, 24
59, 264, 65, 44
59, 268, 65, 63
59, 142, 65, 48
59, 274, 65, 51
59, 31, 65, 63
59, 159, 65, 19
59, 166, 65, 94
59, 189, 65, 67
59, 80, 65, 55
59, 88, 65, 45
59, 224, 65, 55
59, 102, 65, 50
59, 105, 65, 34
59, 239, 65, 57
59, 114, 65, 67
59, 119, 65, 56
59, 122, 65, 42
59, 254, 65, 74
59, 160, 66, 4
59, 289, 66, 57
59, 193, 66, 10
59, 67, 66, 5
59, 33, 66, 66
59, 41, 66, 27
59, 234, 66, 86
59, 80, 66, 55
59, 145, 66, 61
59, 18, 66, 14
59, 179, 66, 92
59, 185, 66, 47
59, 287, 66, 61
59, 194, 67, 95
59, 130, 67, 65
59, 165, 67, 44
59, 103, 67, 81
59, 52, 67, 68
59, 291, 68, 51
59, 132, 68, 36
59, 6, 68, 65
59, 230, 68, 12
59, 264, 68, 44
59, 11, 68, 32
59, 140, 68, 29
59, 110, 68, 27
59, 80, 68, 55
59, 81, 68, 72
59, 209, 68, 12
59, 21, 68, 14
59, 123, 68, 100
59, 157, 68, 23
59, 167, 69, 36
59, 295, 69, 37
59, 74, 69, 15
59, 271, 69, 62
59, 17, 69, 60
59, 210, 69, 85
59, 245, 69, 32
59, 185, 69, 47
59, 124, 69, 56
59, 2, 70, 74
59, 131, 70, 66
59, 136, 70, 92
59, 11, 70, 32
59, 141, 70, 57
59, 146, 70, 97
59, 285, 70, 73
59, 287, 70, 61
59, 39, 70, 65
59, 70, 70, 70
59, 72, 70, 23
59, 85, 70, 82
59, 87, 70, 60
59, 215, 70, 91
59, 217, 70, 69
59, 218, 70, 24
59, 97, 70, 5
59, 234, 70, 86
59, 116, 70, 73
59, 254, 70, 74
59, 0, 71, 99
59, 153, 71, 66
59, 229, 71, 86
59, 166, 71, 94
59, 169, 71, 41
59, 235, 71, 39
59, 270, 71, 10
59, 112, 71, 53
59, 55, 71, 92
59, 279, 71, 98
59, 25, 71, 59
59, 63, 71, 84
59, 262, 72, 35
59, 9, 72, 58
59, 137, 72, 20
59, 139, 72, 48
59, 33, 72, 66
59, 166, 72, 94
59, 181, 72, 42
59, 182, 72, 3
59, 59, 72, 65
59, 191, 72, 52
59, 67, 72, 5
59, 212, 72, 69
59, 86, 72, 4
59, 216, 72, 91
59, 231, 72, 77
59, 114, 72, 67
59, 252, 72, 88
59, 253, 72, 76
59, 254, 72, 74
59, 145, 73, 61
59, 164, 73, 32
59, 292, 73, 11
59, 39, 73, 65
59, 44, 73, 86
59, 173, 73, 19
59, 55, 73, 92
59, 186, 73, 48
59, 193, 73, 10
59, 201, 73, 1
59, 80, 73, 55
59, 219, 73, 38
59, 221, 73, 22
59, 96, 73, 53
59, 100, 73, 22
59, 228, 73, 4
59, 235, 73, 39
59, 237, 73, 28
59, 111, 73, 72
59, 125, 73, 2
59, 262, 74, 35
59, 278, 74, 53
59, 25, 74, 59
59, 154, 74, 70
59, 29, 74, 25
59, 159, 74, 19
59, 289, 74, 57
59, 164, 74, 32
59, 42, 74, 59
59, 176, 74, 61
59, 185, 74, 47
59, 190, 74, 9
59, 76, 74, 66
59, 205, 74, 24
59, 78, 74, 6
59, 209, 74, 12
59, 91, 74, 55
59, 225, 74, 58
59, 226, 74, 93
59, 64, 75, 43
59, 33, 75, 66
59, 35, 75, 54
59, 164, 75, 32
59, 69, 75, 88
59, 295, 75, 37
59, 9, 75, 58
59, 12, 75, 94
59, 45, 75, 4
59, 16, 75, 1
59, 180, 75, 22
59, 182, 75, 3
59, 55, 75, 92
59, 59, 75, 65
59, 94, 75, 90
59, 191, 75, 52
59, 256, 76, 73
59, 288, 76, 100
59, 259, 76, 24
59, 37, 76, 80
59, 6, 76, 65
59, 167, 76, 36
59, 203, 76, 16
59, 60, 76, 28
59, 79, 76, 93
59, 280, 76, 69
59, 59, 76, 65
59, 28, 76, 76
59, 29, 76, 25
59, 159, 76, 19
59, 68, 77, 67
59, 140, 77, 29
59, 276, 77, 83
59, 245, 77, 32
59, 277, 77, 81
59, 254, 77, 74
59, 90, 77, 60
59, 94, 77, 90
59, 65, 78, 33
59, 7, 78, 74
59, 200, 78, 100
59, 279, 78, 98
59, 15, 78, 59
59, 83, 78, 67
59, 151, 78, 2
59, 216, 78, 91
59, 124, 78, 56
59, 126, 78, 16
59, 65, 79, 33
59, 227, 79, 6
59, 261, 79, 61
59, 102, 79, 50
59, 103, 79, 81
59, 8, 79, 43
59, 232, 79, 73
59, 266, 79, 48
59, 235, 79, 39
59, 171, 79, 4
59, 175, 79, 66
59, 143, 79, 91
59, 80, 79, 55
59, 85, 79, 82
59, 217, 79, 69
59, 91, 79, 55
59, 34, 80, 53
59, 67, 80, 5
59, 230, 80, 12
59, 104, 80, 14
59, 41, 80, 27
59, 44, 80, 86
59, 174, 80, 70
59, 175, 80, 66
59, 144, 80, 39
59, 148, 80, 14
59, 151, 80, 2
59, 58, 80, 4
59, 162, 81, 36
59, 255, 81, 4
59, 5, 81, 43
59, 136, 81, 92
59, 297, 81, 94
59, 104, 81, 14
59, 267, 81, 97
59, 140, 81, 29
59, 200, 81, 100
59, 44, 81, 86
59, 113, 81, 20
59, 86, 81, 4
59, 121, 81, 51
59, 31, 81, 63
59, 223, 81, 12
59, 261, 82, 61
59, 267, 82, 97
59, 271, 82, 62
59, 147, 82, 59
59, 28, 82, 76
59, 287, 82, 61
59, 34, 82, 53
59, 43, 82, 89
59, 172, 82, 44
59, 53, 82, 90
59, 64, 82, 43
59, 205, 82, 24
59, 79, 82, 93
59, 209, 82, 12
59, 210, 82, 85
59, 82, 82, 14
59, 218, 82, 24
59, 229, 82, 86
59, 246, 82, 75
59, 35, 83, 54
59, 3, 83, 86
59, 231, 83, 77
59, 137, 83, 20
59, 105, 83, 34
59, 299, 83, 60
59, 108, 83, 20
59, 107, 83, 22
59, 298, 83, 25
59, 218, 83, 24
59, 29, 83, 25
59, 223, 83, 12
59, 193, 84, 10
59, 100, 84, 22
59, 269, 84, 87
59, 114, 84, 67
59, 147, 84, 59
59, 30, 84, 1
59, 263, 85, 75
59, 11, 85, 32
59, 18, 85, 14
59, 279, 85, 98
59, 283, 85, 44
59, 31, 85, 63
59, 32, 85, 89
59, 169, 85, 41
59, 297, 85, 94
59, 184, 85, 22
59, 188, 85, 65
59, 65, 85, 33
59, 197, 85, 84
59, 76, 85, 66
59, 77, 85, 36
59, 208, 85, 23
59, 219, 85, 38
59, 220, 85, 38
59, 97, 85, 5
59, 136, 86, 92
59, 137, 86, 20
59, 138, 86, 79
59, 11, 86, 32
59, 272, 86, 17
59, 149, 86, 98
59, 156, 86, 36
59, 34, 86, 53
59, 39, 86, 65
59, 172, 86, 44
59, 182, 86, 3
59, 193, 86, 10
59, 88, 86, 45
59, 218, 86, 24
59, 101, 86, 44
59, 109, 86, 81
59, 241, 86, 71
59, 246, 86, 75
59, 121, 86, 51
59, 266, 87, 48
59, 76, 87, 66
59, 238, 87, 56
59, 18, 87, 14
59, 55, 87, 92
59, 153, 87, 66
59, 218, 87, 24
59, 1, 88, 72
59, 266, 88, 48
59, 267, 88, 97
59, 13, 88, 75
59, 272, 88, 17
59, 22, 88, 98
59, 35, 88, 54
59, 37, 88, 80
59, 172, 88, 44
59, 176, 88, 61
59, 179, 88, 92
59, 55, 88, 92
59, 68, 88, 67
59, 72, 88, 23
59, 218, 88, 24
59, 113, 88, 20
59, 243, 88, 91
59, 246, 88, 75
59, 124, 88, 56
59, 193, 89, 10
59, 161, 89, 1
59, 293, 89, 47
59, 137, 89, 20
59, 297, 89, 94
59, 172, 89, 44
59, 77, 89, 36
59, 205, 89, 24
59, 109, 89, 81
59, 208, 89, 23
59, 124, 89, 56
59, 213, 89, 96
59, 281, 89, 71
59, 186, 89, 48
59, 284, 89, 68
59, 31, 89, 63
59, 270, 90, 10
59, 16, 90, 1
59, 209, 90, 12
59, 285, 90, 73
59, 223, 90, 12
59, 96, 91, 53
59, 2, 91, 74
59, 227, 91, 6
59, 36, 91, 75
59, 7, 91, 74
59, 137, 91, 20
59, 265, 91, 52
59, 75, 91, 23
59, 17, 91, 60
59, 116, 91, 73
59, 52, 91, 68
59, 278, 91, 53
59, 25, 91, 59
59, 159, 91, 19
59, 1, 92, 72
59, 131, 92, 66
59, 10, 92, 39
59, 268, 92, 63
59, 281, 92, 71
59, 285, 92, 73
59, 287, 92, 61
59, 31, 92, 63
59, 163, 92, 91
59, 40, 92, 62
59, 176, 92, 61
59, 58, 92, 4
59, 63, 92, 84
59, 194, 92, 95
59, 75, 92, 23
59, 218, 92, 24
59, 221, 92, 22
59, 118, 92, 92
59, 253, 92, 76
59, 289, 93, 57
59, 199, 93, 35
59, 144, 93, 39
59, 81, 93, 72
59, 53, 93, 90
59, 181, 93, 42
59, 280, 93, 69
59, 249, 93, 17
59, 57, 93, 58
59, 193, 94, 10
59, 131, 94, 66
59, 195, 94, 93
59, 101, 94, 44
59, 103, 94, 81
59, 200, 94, 100
59, 77, 94, 36
59, 240, 94, 23
59, 145, 94, 61
59, 276, 94, 83
59, 281, 94, 71
59, 186, 94, 48
59, 257, 95, 76
59, 1, 95, 72
59, 261, 95, 61
59, 134, 95, 85
59, 11, 95, 32
59, 17, 95, 60
59, 153, 95, 66
59, 291, 95, 51
59, 173, 95, 19
59, 176, 95, 61
59, 178, 95, 67
59, 57, 95, 58
59, 189, 95, 67
59, 83, 95, 67
59, 212, 95, 69
59, 86, 95, 4
59, 219, 95, 38
59, 96, 95, 53
59, 112, 95, 53
59, 195, 96, 93
59, 133, 96, 12
59, 230, 96, 12
59, 135, 96, 29
59, 39, 96, 65
59, 137, 96, 20
59, 174, 96, 70
59, 110, 96, 27
59, 244, 96, 68
59, 119, 96, 56
59, 183, 96, 16
59, 27, 96, 28
59, 157, 96, 23
59, 1, 97, 72
59, 130, 97, 65
59, 193, 97, 10
59, 100, 97, 22
59, 186, 97, 48
59, 195, 98, 93
59, 233, 98, 29
59, 147, 98, 59
59, 21, 98, 14
59, 150, 98, 14
59, 222, 98, 17
59, 287, 98, 61
59, 5, 99, 43
59, 230, 99, 12
59, 16, 99, 1
59, 276, 99, 83
59, 117, 99, 56
59, 149, 99, 98
59, 215, 99, 91
59, 22, 99, 98
59, 30, 99, 1
59, 159, 99, 19
59, 4, 100, 91
59, 231, 100, 77
59, 104, 100, 14
59, 9, 100, 58
59, 268, 100, 63
59, 47, 100, 4
59, 144, 100, 39
59, 81, 100, 72
59, 251, 100, 77
59, 252, 100, 88
59, 0, 101, 99
59, 227, 101, 6
59, 166, 101, 94
59, 41, 101, 27
59, 205, 101, 24
59, 142, 101, 48
59, 15, 101, 59
59, 151, 101, 2
59, 27, 101, 28
59, 32, 102, 89
59, 230, 102, 12
59, 140, 102, 29
59, 177, 102, 49
59, 182, 102, 3
59, 186, 102, 48
59, 226, 103, 93
59, 99, 103, 13
59, 4, 103, 91
59, 259, 103, 24
59, 102, 103, 50
59, 105, 103, 34
59, 124, 103, 56
59, 29, 103, 25
59, 276, 103, 83
59, 284, 103, 68
59, 87, 103, 60
59, 247, 103, 25
59, 116, 103, 73
59, 60, 103, 28
59, 189, 103, 67
59, 255, 103, 4
59, 259, 104, 24
59, 75, 104, 23
59, 17, 104, 60
59, 244, 104, 68
59, 221, 104, 22
59, 193, 105, 10
59, 161, 105, 1
59, 255, 105, 4
59, 3, 105, 86
59, 229, 105, 86
59, 165, 105, 44
59, 133, 105, 12
59, 227, 105, 6
59, 174, 105, 70
59, 152, 105, 21
59, 155, 105, 68
59, 61, 105, 56
59, 31, 105, 63
59, 34, 106, 53
59, 164, 106, 32
59, 198, 106, 16
59, 134, 106, 85
59, 168, 106, 37
59, 232, 106, 73
59, 238, 106, 56
59, 110, 106, 27
59, 243, 106, 91
59, 84, 106, 72
59, 213, 106, 96
59, 278, 106, 53
59, 55, 106, 92
59, 54, 106, 27
59, 281, 106, 71
59, 125, 106, 2
59, 223, 106, 12
59, 259, 107, 24
59, 3, 107, 86
59, 197, 107, 84
59, 296, 107, 13
59, 9, 107, 58
59, 28, 107, 76
59, 210, 107, 85
59, 122, 107, 42
59, 124, 107, 56
59, 257, 108, 76
59, 260, 108, 55
59, 38, 108, 30
59, 104, 108, 14
59, 269, 108, 87
59, 81, 108, 72
59, 86, 108, 4
59, 152, 108, 21
59, 217, 108, 69
59, 134, 109, 85
59, 152, 109, 21
59, 26, 109, 28
59, 287, 109, 61
59, 39, 109, 65
59, 44, 109, 86
59, 174, 109, 70
59, 51, 109, 3
59, 186, 109, 48
59, 205, 109, 24
59, 212, 109, 69
59, 214, 109, 64
59, 90, 109, 60
59, 91, 109, 55
59, 92, 109, 68
59, 97, 109, 5
59, 228, 109, 4
59, 104, 109, 14
59, 255, 109, 4
59, 257, 110, 76
59, 137, 110, 20
59, 268, 110, 63
59, 269, 110, 87
59, 142, 110, 48
59, 15, 110, 59
59, 145, 110, 61
59, 273, 110, 54
59, 155, 110, 68
59, 286, 110, 90
59, 164, 110, 32
59, 37, 110, 80
59, 170, 110, 60
59, 175, 110, 66
59, 50, 110, 86
59, 181, 110, 42
59, 195, 110, 93
59, 76, 110, 66
59, 113, 110, 20
59, 126, 110, 16
59, 162, 111, 36
59, 298, 111, 25
59, 275, 111, 77
59, 117, 111, 56
59, 185, 111, 47
59, 64, 112, 43
59, 228, 112, 4
59, 229, 112, 86
59, 260, 112, 55
59, 106, 112, 96
59, 16, 112, 1
59, 151, 112, 2
59, 68, 113, 67
59, 165, 113, 44
59, 230, 113, 12
59, 199, 113, 35
59, 40, 113, 62
59, 10, 113, 39
59, 267, 113, 97
59, 172, 113, 44
59, 142, 113, 48
59, 272, 113, 17
59, 18, 113, 14
59, 82, 113, 14
59, 180, 113, 22
59, 56, 113, 74
59, 27, 113, 28
59, 157, 113, 23
59, 26, 114, 28
59, 133, 114, 12
59, 70, 114, 70
59, 197, 114, 84
59, 41, 114, 27
59, 236, 114, 27
59, 141, 114, 57
59, 12, 114, 94
59, 78, 114, 6
59, 268, 114, 63
59, 109, 114, 81
59, 178, 114, 67
59, 52, 114, 68
59, 221, 114, 22
59, 282, 114, 42
59, 188, 114, 65
59, 125, 114, 2
59, 287, 114, 61
59, 2, 115, 74
59, 133, 115, 12
59, 165, 115, 44
59, 39, 115, 65
59, 296, 115, 13
59, 108, 115, 20
59, 81, 115, 72
59, 258, 116, 87
59, 36, 116, 75
59, 41, 116, 27
59, 212, 116, 69
59, 185, 116, 47
59, 60, 116, 28
59, 125, 116, 2
59, 97, 117, 5
59, 291, 117, 51
59, 26, 117, 28
59, 72, 117, 23
59, 171, 117, 4
59, 144, 117, 39
59, 244, 117, 68
59, 248, 117, 63
59, 218, 117, 24
59, 120, 117, 46
59, 253, 117, 76
59, 127, 117, 87
59, 288, 118, 100
59, 5, 118, 43
59, 103, 118, 81
59, 78, 118, 6
59, 207, 118, 52
59, 144, 118, 39
59, 149, 118, 98
59, 56, 118, 74
59, 260, 119, 55
59, 141, 119, 57
59, 277, 119, 81
59, 22, 119, 98
59, 21, 119, 14
59, 281, 119, 71
59, 154, 119, 70
59, 27, 119, 28
59, 159, 119, 19
59, 160, 119, 4
59, 170, 119, 60
59, 172, 119, 44
59, 202, 119, 64
59, 208, 119, 23
59, 82, 119, 14
59, 85, 119, 82
59, 221, 119, 22
59, 104, 119, 14
59, 235, 119, 39
59, 245, 119, 32
59, 98, 120, 93
59, 227, 120, 6
59, 261, 120, 61
59, 6, 120, 65
59, 265, 120, 52
59, 73, 120, 96
59, 43, 120, 89
59, 268, 120, 63
59, 269, 120, 87
59, 110, 120, 27
59, 146, 120, 97
59, 29, 120, 25
59, 178, 120, 67
59, 84, 120, 72
59, 150, 120, 14
59, 152, 120, 21
59, 27, 120, 28
59, 125, 120, 2
59, 96, 121, 53
59, 99, 121, 13
59, 105, 121, 34
59, 267, 121, 97
59, 84, 121, 72
59, 216, 121, 91
59, 185, 121, 47
59, 188, 121, 65
59, 29, 121, 25
59, 223, 121, 12
59, 69, 122, 88
59, 107, 122, 22
59, 109, 122, 81
59, 15, 122, 59
59, 151, 122, 2
59, 247, 122, 25
59, 159, 122, 19
59, 121, 123, 51
59, 37, 123, 80
59, 266, 123, 48
59, 170, 123, 60
59, 139, 123, 48
59, 77, 123, 36
59, 46, 123, 37
59, 239, 123, 57
59, 144, 123, 39
59, 203, 123, 16
59, 235, 123, 39
59, 278, 123, 53
59, 279, 123, 98
59, 217, 123, 69
59, 282, 123, 42
59, 27, 123, 28
59, 157, 123, 23
59, 128, 124, 68
59, 9, 124, 58
59, 141, 124, 57
59, 25, 124, 59
59, 39, 124, 65
59, 42, 124, 59
59, 59, 124, 65
59, 206, 124, 8
59, 79, 124, 93
59, 208, 124, 23
59, 84, 124, 72
59, 87, 124, 60
59, 96, 124, 53
59, 225, 124, 58
59, 99, 124, 13
59, 101, 124, 44
59, 232, 124, 73
59, 107, 124, 22
59, 118, 124, 92
59, 128, 125, 68
59, 161, 125, 1
59, 67, 125, 5
59, 228, 125, 4
59, 133, 125, 12
59, 167, 125, 36
59, 233, 125, 29
59, 298, 125, 25
59, 207, 125, 52
59, 177, 125, 49
59, 247, 125, 25
59, 88, 125, 45
59, 194, 126, 95
59, 258, 126, 87
59, 4, 126, 91
59, 39, 126, 65
59, 9, 126, 58
59, 138, 126, 79
59, 171, 126, 4
59, 108, 126, 20
59, 78, 126, 6
59, 144, 126, 39
59, 113, 126, 20
59, 86, 126, 4
59, 279, 126, 98
59, 150, 126, 14
59, 25, 126, 59
59, 154, 126, 70
59, 3, 127, 86
59, 291, 127, 51
59, 264, 127, 44
59, 265, 127, 52
59, 41, 127, 27
59, 140, 127, 29
59, 205, 127, 24
59, 206, 127, 8
59, 272, 127, 17
59, 177, 127, 49
59, 89, 127, 26
59, 282, 127, 42
59, 92, 127, 68
59, 189, 127, 67
59, 190, 127, 9
59, 127, 127, 87
59, 248, 128, 63
59, 161, 128, 1
59, 129, 128, 76
59, 3, 128, 86
59, 290, 128, 39
59, 224, 128, 55
59, 75, 128, 23
59, 108, 128, 20
59, 236, 128, 27
59, 148, 128, 14
59, 277, 128, 81
59, 118, 128, 92
59, 85, 128, 82
59, 152, 128, 21
59, 60, 128, 28
59, 253, 128, 76
59, 254, 128, 74
59, 32, 129, 89
59, 71, 129, 71
59, 173, 129, 19
59, 148, 129, 14
59, 216, 129, 91
59, 124, 129, 56
59, 286, 129, 90
59, 31, 129, 63
59, 0, 130, 99
59, 280, 130, 69
59, 185, 130, 47
59, 293, 130, 47
59, 281, 130, 71
59, 168, 130, 37
59, 75, 130, 23
59, 204, 130, 37
59, 177, 130, 49
59, 242, 130, 40
59, 188, 130, 65
59, 52, 130, 68
59, 152, 130, 21
59, 89, 130, 26
59, 282, 130, 42
59, 187, 130, 58
59, 124, 130, 56
59, 253, 130, 76
59, 227, 131, 6
59, 293, 131, 47
59, 37, 131, 80
59, 261, 131, 61
59, 296, 131, 13
59, 10, 131, 39
59, 139, 131, 48
59, 111, 131, 72
59, 145, 131, 61
59, 51, 131, 3
59, 118, 131, 92
59, 89, 131, 26
59, 123, 131, 100
59, 191, 131, 52
59, 128, 132, 68
59, 5, 132, 43
59, 8, 132, 43
59, 137, 132, 20
59, 271, 132, 62
59, 25, 132, 59
59, 159, 132, 19
59, 287, 132, 61
59, 289, 132, 57
59, 292, 132, 11
59, 166, 132, 94
59, 40, 132, 62
59, 194, 132, 95
59, 71, 132, 71
59, 72, 132, 23
59, 78, 132, 6
59, 216, 132, 91
59, 218, 132, 24
59, 221, 132, 22
59, 247, 132, 25
59, 161, 133, 1
59, 97, 133, 5
59, 259, 133, 24
59, 46, 133, 37
59, 240, 133, 23
59, 209, 133, 12
59, 59, 133, 65
59, 129, 134, 76
59, 194, 134, 95
59, 296, 134, 13
59, 8, 134, 43
59, 42, 134, 59
59, 75, 134, 23
59, 108, 134, 20
59, 187, 134, 58
59, 219, 134, 38
59, 241, 134, 71
59, 115, 134, 39
59, 84, 134, 72
59, 213, 134, 96
59, 62, 134, 36
59, 122, 134, 42
59, 251, 134, 77
59, 156, 134, 36
59, 94, 134, 90
59, 192, 135, 67
59, 227, 135, 6
59, 264, 135, 44
59, 297, 135, 94
59, 41, 135, 27
59, 10, 135, 39
59, 205, 135, 24
59, 79, 135, 93
59, 48, 135, 59
59, 207, 135, 52
59, 83, 135, 67
59, 85, 135, 82
59, 280, 135, 69
59, 27, 135, 28
59, 93, 135, 14
59, 184, 135, 22
59, 230, 136, 12
59, 204, 136, 37
59, 144, 136, 39
59, 178, 136, 67
59, 19, 136, 68
59, 148, 136, 14
59, 150, 136, 14
59, 249, 136, 17
59, 124, 136, 56
59, 125, 136, 2
59, 97, 137, 5
59, 131, 137, 66
59, 101, 137, 44
59, 39, 137, 65
59, 266, 137, 48
59, 238, 137, 56
59, 272, 137, 17
59, 82, 137, 14
59, 52, 137, 68
59, 180, 137, 22
59, 214, 137, 64
59, 21, 137, 14
59, 85, 137, 82
59, 185, 137, 47
59, 283, 137, 44
59, 221, 137, 22
59, 100, 138, 22
59, 165, 138, 44
59, 102, 138, 50
59, 39, 138, 65
59, 261, 138, 61
59, 263, 138, 75
59, 5, 138, 43
59, 235, 138, 39
59, 134, 138, 85
59, 143, 138, 91
59, 55, 138, 92
59, 56, 138, 74
59, 156, 138, 36
59, 286, 138, 90
59, 1, 139, 72
59, 97, 139, 5
59, 294, 139, 80
59, 230, 139, 12
59, 27, 139, 28
59, 169, 139, 41
59, 218, 139, 24
59, 171, 139, 4
59, 113, 139, 20
59, 274, 139, 51
59, 82, 139, 14
59, 88, 139, 45
59, 90, 139, 60
59, 91, 139, 55
59, 28, 139, 76
59, 62, 139, 36
59, 0, 140, 99
59, 136, 140, 92
59, 137, 140, 20
59, 265, 140, 52
59, 145, 140, 61
59, 159, 140, 19
59, 174, 140, 70
59, 65, 140, 33
59, 67, 140, 5
59, 213, 140, 96
59, 86, 140, 4
59, 89, 140, 26
59, 90, 140, 60
59, 218, 140, 24
59, 94, 140, 90
59, 105, 140, 34
59, 234, 140, 86
59, 238, 140, 56
59, 127, 140, 87
59, 3, 141, 86
59, 4, 141, 91
59, 133, 141, 12
59, 271, 141, 62
59, 145, 141, 61
59, 156, 141, 36
59, 47, 141, 4
59, 56, 141, 74
59, 188, 141, 65
59, 61, 141, 56
59, 190, 141, 9
59, 63, 141, 84
59, 198, 141, 16
59, 75, 141, 23
59, 212, 141, 69
59, 235, 141, 39
59, 238, 141, 56
59, 111, 141, 72
59, 119, 141, 56
59, 123, 141, 100
59, 2, 142, 74
59, 144, 142, 39
59, 276, 142, 83
59, 283, 142, 44
59, 288, 142, 100
59, 41, 142, 27
59, 299, 142, 60
59, 55, 142, 92
59, 61, 142, 56
59, 62, 142, 36
59, 205, 142, 24
59, 105, 142, 34
59, 107, 142, 22
59, 236, 142, 27
59, 112, 142, 53
59, 240, 142, 23
59, 244, 142, 68
59, 122, 142, 42
59, 255, 142, 4
59, 259, 143, 24
59, 233, 143, 29
59, 41, 143, 27
59, 169, 143, 41
59, 108, 143, 20
59, 78, 143, 6
59, 206, 143, 8
59, 47, 143, 4
59, 80, 143, 55
59, 211, 143, 23
59, 278, 143, 53
59, 123, 143, 100
59, 220, 143, 38
59, 257, 144, 76
59, 132, 144, 36
59, 145, 144, 61
59, 148, 144, 14
59, 282, 144, 42
59, 157, 144, 23
59, 159, 144, 19
59, 169, 144, 41
59, 44, 144, 86
59, 178, 144, 67
59, 53, 144, 90
59, 54, 144, 27
59, 58, 144, 4
59, 69, 144, 88
59, 198, 144, 16
59, 74, 144, 15
59, 96, 144, 53
59, 100, 144, 22
59, 255, 144, 4
59, 257, 145, 76
59, 261, 145, 61
59, 267, 145, 97
59, 279, 145, 98
59, 26, 145, 28
59, 160, 145, 4
59, 33, 145, 66
59, 163, 145, 91
59, 172, 145, 44
59, 183, 145, 16
59, 60, 145, 28
59, 63, 145, 84
59, 72, 145, 23
59, 76, 145, 66
59, 84, 145, 72
59, 222, 145, 17
59, 237, 145, 28
59, 109, 145, 81
59, 252, 145, 88
59, 253, 145, 76
59, 7, 146, 74
59, 296, 146, 13
59, 43, 146, 89
59, 80, 146, 55
59, 54, 146, 27
59, 153, 146, 66
59, 122, 146, 42
59, 286, 146, 90
59, 63, 146, 84
59, 67, 147, 5
59, 104, 147, 14
59, 109, 147, 81
59, 62, 147, 36
59, 57, 147, 58
59, 92, 147, 68
59, 222, 147, 17
59, 89, 148, 26
59, 194, 148, 95
59, 217, 148, 69
59, 103, 148, 81
59, 73, 148, 96
59, 138, 148, 79
59, 48, 148, 59
59, 145, 148, 61
59, 240, 148, 23
59, 93, 148, 14
59, 215, 148, 91
59, 151, 148, 2
59, 185, 148, 47
59, 61, 148, 56
59, 25, 148, 59
59, 102, 149, 50
59, 138, 149, 79
59, 170, 149, 60
59, 12, 149, 94
59, 127, 149, 87
59, 46, 149, 37
59, 206, 149, 8
59, 214, 149, 64
59, 24, 149, 69
59, 220, 149, 38
59, 223, 149, 12
