150, 300, 15
22, 269, 0, 67
22, 272, 0, 84
22, 49, 0, 16
22, 16, 0, 10
22, 275, 0, 66
22, 116, 0, 5
22, 86, 0, 30
22, 249, 0, 9
22, 187, 0, 22
22, 253, 0, 87
22, 95, 0, 81
22, 192, 1, 46
22, 128, 1, 88
22, 163, 1, 39
22, 4, 1, 48
22, 133, 1, 33
22, 12, 1, 64
22, 112, 1, 9
22, 145, 1, 73
22, 20, 1, 79
22, 23, 1, 46
22, 280, 1, 97
22, 93, 1, 10
22, 127, 1, 60
22, 3, 2, 58
22, 136, 2, 89
22, 8, 2, 11
22, 10, 2, 22
22, 14, 2, 99
22, 274, 2, 11
22, 162, 2, 83
22, 166, 2, 54
22, 169, 2, 9
22, 205, 2, 62
22, 80, 2, 56
22, 214, 2, 99
22, 86, 2, 30
22, 92, 2, 98
22, 224, 2, 12
22, 96, 2, 84
22, 99, 2, 40
22, 101, 2, 5
22, 245, 2, 84
22, 99, 3, 40
22, 36, 3, 64
22, 197, 3, 30
22, 134, 3, 32
22, 166, 3, 54
22, 297, 3, 32
22, 218, 3, 14
22, 269, 3, 67
22, 53, 3, 59
22, 122, 3, 67
22, 220, 3, 55
22, 4, 4, 48
22, 154, 4, 8
22, 155, 4, 95
22, 28, 4, 65
22, 286, 4, 45
22, 35, 4, 31
22, 37, 4, 24
22, 170, 4, 55
22, 181, 4, 93
22, 55, 4, 90
22, 60, 4, 93
22, 62, 4, 56
22, 191, 4, 28
22, 72, 4, 65
22, 202, 4, 54
22, 215, 4, 9
22, 90, 4, 23
22, 92, 4, 98
22, 223, 4, 54
22, 296, 5, 53
22, 238, 5, 43
22, 246, 5, 99
22, 284, 5, 98
22, 285, 5, 4
22, 160, 6, 89
22, 68, 6, 64
22, 261, 6, 83
22, 294, 6, 2
22, 265, 6, 25
22, 298, 6, 4
22, 106, 6, 95
22, 177, 6, 41
22, 82, 6, 72
22, 115, 6, 19
22, 281, 6, 67
22, 219, 6, 45
22, 60, 6, 93
22, 253, 6, 87
22, 190, 6, 7
22, 257, 7, 48
22, 133, 7, 33
22, 5, 7, 30
22, 12, 7, 64
22, 24, 7, 84
22, 283, 7, 43
22, 32, 7, 99
22, 163, 7, 39
22, 292, 7, 80
22, 40, 7, 36
22, 191, 7, 28
22, 67, 7, 44
22, 198, 7, 72
22, 70, 7, 49
22, 75, 7, 3
22, 206, 7, 67
22, 219, 7, 45
22, 245, 7, 84
22, 118, 7, 65
22, 125, 7, 50
22, 4, 8, 48
22, 103, 8, 9
22, 43, 8, 38
22, 13, 8, 85
22, 49, 8, 16
22, 148, 8, 57
22, 160, 9, 89
22, 97, 9, 41
22, 164, 9, 12
22, 293, 9, 22
22, 134, 9, 32
22, 38, 9, 64
22, 200, 9, 93
22, 261, 9, 83
22, 207, 9, 30
22, 176, 9, 92
22, 179, 9, 33
22, 212, 9, 15
22, 59, 9, 57
22, 31, 9, 62
22, 286, 9, 45
22, 191, 9, 28
22, 96, 10, 84
22, 289, 10, 94
22, 258, 10, 4
22, 131, 10, 39
22, 34, 10, 86
22, 70, 10, 49
22, 135, 10, 1
22, 104, 10, 56
22, 201, 10, 97
22, 75, 10, 3
22, 14, 10, 99
22, 47, 10, 24
22, 177, 10, 41
22, 17, 10, 3
22, 82, 10, 72
22, 51, 10, 88
22, 215, 10, 9
22, 128, 11, 88
22, 97, 11, 41
22, 291, 11, 40
22, 36, 11, 64
22, 165, 11, 3
22, 72, 11, 65
22, 239, 11, 57
22, 145, 11, 73
22, 146, 11, 55
22, 213, 11, 97
22, 283, 11, 43
22, 188, 11, 45
22, 89, 12, 35
22, 161, 12, 42
22, 102, 12, 39
22, 200, 12, 93
22, 296, 12, 53
22, 138, 12, 56
22, 168, 12, 23
22, 113, 12, 21
22, 210, 12, 90
22, 180, 12, 100
22, 20, 12, 79
22, 279, 12, 30
22, 249, 12, 9
22, 223, 12, 54
22, 121, 13, 29
22, 2, 13, 17
22, 131, 13, 39
22, 67, 13, 44
22, 197, 13, 30
22, 134, 13, 32
22, 225, 13, 80
22, 40, 13, 36
22, 10, 13, 22
22, 16, 13, 10
22, 23, 13, 46
22, 57, 13, 5
22, 28, 13, 65
22, 158, 13, 67
22, 63, 13, 34
22, 288, 14, 56
22, 270, 14, 85
22, 80, 14, 56
22, 245, 14, 84
22, 121, 14, 29
22, 7, 15, 9
22, 136, 15, 89
22, 266, 15, 79
22, 78, 15, 48
22, 241, 15, 61
22, 82, 15, 72
22, 181, 15, 93
22, 119, 15, 72
22, 250, 15, 86
22, 91, 15, 58
22, 188, 15, 45
22, 129, 16, 34
22, 35, 16, 31
22, 69, 16, 82
22, 168, 16, 23
22, 73, 16, 43
22, 233, 16, 83
22, 11, 16, 35
22, 43, 16, 38
22, 269, 16, 67
22, 80, 16, 56
22, 115, 16, 19
22, 244, 16, 64
22, 211, 16, 63
22, 277, 16, 20
22, 185, 16, 16
22, 189, 16, 73
22, 94, 16, 79
22, 223, 16, 54
22, 1, 17, 99
22, 133, 17, 33
22, 172, 17, 23
22, 108, 17, 96
22, 207, 17, 30
22, 271, 17, 82
22, 214, 17, 99
22, 125, 17, 50
22, 62, 17, 56
22, 280, 18, 97
22, 290, 18, 97
22, 233, 18, 83
22, 266, 18, 79
22, 234, 18, 43
22, 14, 18, 99
22, 210, 18, 90
22, 147, 18, 55
22, 52, 18, 8
22, 246, 18, 99
22, 30, 18, 32
22, 24, 18, 84
22, 183, 18, 49
22, 122, 18, 67
22, 29, 18, 80
22, 254, 18, 93
22, 65, 19, 39
22, 132, 19, 58
22, 101, 19, 5
22, 198, 19, 72
22, 295, 19, 58
22, 72, 19, 65
22, 42, 19, 15
22, 43, 19, 38
22, 18, 19, 25
22, 27, 19, 65
22, 255, 19, 89
22, 192, 20, 46
22, 257, 20, 48
22, 231, 20, 33
22, 295, 20, 58
22, 265, 20, 25
22, 208, 20, 54
22, 144, 20, 93
22, 187, 20, 22
22, 259, 21, 70
22, 133, 21, 33
22, 168, 21, 23
22, 104, 21, 56
22, 138, 21, 56
22, 140, 21, 52
22, 85, 21, 90
22, 217, 21, 21
22, 123, 21, 76
22, 156, 21, 34
22, 223, 21, 54
22, 6, 22, 99
22, 265, 22, 25
22, 27, 22, 65
22, 155, 22, 95
22, 159, 22, 84
22, 36, 22, 64
22, 296, 22, 53
22, 178, 22, 46
22, 55, 22, 90
22, 59, 22, 57
22, 188, 22, 45
22, 200, 22, 93
22, 218, 22, 14
22, 97, 22, 41
22, 229, 22, 76
22, 101, 22, 5
22, 109, 22, 89
22, 111, 22, 35
22, 240, 22, 10
22, 122, 22, 67
22, 129, 23, 34
22, 98, 23, 71
22, 59, 23, 57
22, 170, 23, 55
22, 187, 23, 22
22, 17, 23, 3
22, 49, 23, 16
22, 179, 23, 33
22, 212, 23, 15
22, 21, 23, 1
22, 27, 23, 65
22, 124, 23, 98
22, 126, 23, 80
22, 66, 24, 88
22, 228, 24, 6
22, 200, 24, 93
22, 9, 24, 29
22, 234, 24, 43
22, 282, 24, 29
22, 78, 24, 48
22, 175, 24, 41
22, 180, 24, 100
22, 280, 24, 97
22, 281, 24, 67
22, 154, 24, 8
22, 287, 24, 91
22, 64, 25, 67
22, 33, 25, 18
22, 98, 25, 71
22, 165, 25, 3
22, 44, 25, 28
22, 15, 25, 98
22, 48, 25, 36
22, 113, 25, 21
22, 146, 25, 55
22, 52, 25, 8
22, 89, 25, 35
22, 161, 26, 42
22, 226, 26, 85
22, 195, 26, 32
22, 100, 26, 55
22, 293, 26, 22
22, 262, 26, 94
22, 103, 26, 9
22, 153, 26, 45
22, 131, 26, 39
22, 138, 26, 56
22, 171, 26, 83
22, 269, 26, 67
22, 211, 26, 63
22, 180, 26, 100
22, 53, 26, 59
22, 280, 26, 97
22, 217, 26, 21
22, 190, 26, 7
22, 258, 27, 4
22, 70, 27, 49
22, 176, 27, 92
22, 178, 27, 46
22, 83, 27, 13
22, 20, 27, 79
22, 52, 27, 8
22, 150, 27, 46
22, 180, 27, 100
22, 93, 27, 10
22, 255, 27, 89
22, 64, 28, 67
22, 99, 28, 40
22, 228, 28, 6
22, 131, 28, 39
22, 262, 28, 94
22, 105, 28, 19
22, 233, 28, 83
22, 203, 28, 59
22, 42, 28, 15
22, 9, 28, 29
22, 110, 28, 57
22, 15, 28, 98
22, 144, 28, 93
22, 114, 28, 73
22, 84, 28, 50
22, 189, 28, 73
22, 161, 29, 42
22, 74, 29, 7
22, 205, 29, 62
22, 19, 29, 49
22, 119, 29, 72
22, 59, 29, 57
22, 193, 30, 71
22, 2, 30, 17
22, 131, 30, 39
22, 294, 30, 2
22, 137, 30, 95
22, 235, 30, 37
22, 239, 30, 57
22, 210, 30, 90
22, 50, 30, 33
22, 125, 30, 50
22, 150, 30, 46
22, 87, 30, 96
22, 184, 30, 39
22, 249, 30, 9
22, 155, 30, 95
22, 92, 30, 98
22, 157, 30, 39
22, 257, 31, 48
22, 162, 31, 83
22, 38, 31, 64
22, 297, 31, 32
22, 234, 31, 43
22, 23, 31, 46
22, 153, 31, 45
22, 282, 31, 29
22, 27, 31, 65
22, 124, 31, 98
22, 280, 32, 97
22, 226, 32, 85
22, 249, 32, 9
22, 69, 32, 82
22, 103, 32, 9
22, 232, 32, 33
22, 141, 32, 92
22, 48, 32, 36
22, 23, 32, 46
22, 245, 32, 84
22, 55, 32, 90
22, 183, 32, 49
22, 52, 32, 8
22, 89, 32, 35
22, 251, 32, 4
22, 220, 32, 55
22, 286, 32, 45
22, 128, 33, 88
22, 288, 33, 56
22, 227, 33, 85
22, 294, 33, 2
22, 71, 33, 100
22, 41, 33, 3
22, 10, 33, 22
22, 240, 33, 10
22, 51, 33, 88
22, 180, 33, 100
22, 22, 33, 1
22, 227, 34, 85
22, 260, 34, 4
22, 230, 34, 3
22, 39, 34, 17
22, 40, 34, 36
22, 43, 34, 38
22, 44, 34, 28
22, 45, 34, 99
22, 123, 34, 76
22, 143, 34, 17
22, 282, 34, 29
22, 20, 34, 79
22, 278, 34, 42
22, 55, 34, 90
22, 281, 34, 67
22, 90, 34, 23
22, 219, 34, 45
22, 256, 35, 97
22, 133, 35, 33
22, 7, 35, 9
22, 268, 35, 78
22, 142, 35, 75
22, 20, 35, 79
22, 150, 35, 46
22, 282, 35, 29
22, 298, 35, 4
22, 179, 35, 33
22, 72, 35, 65
22, 200, 35, 93
22, 205, 35, 62
22, 81, 35, 14
22, 83, 35, 13
22, 86, 35, 30
22, 91, 35, 58
22, 108, 35, 96
22, 253, 35, 87
22, 68, 36, 64
22, 165, 36, 3
22, 261, 36, 83
22, 37, 36, 24
22, 27, 36, 65
22, 158, 36, 67
22, 138, 36, 56
22, 299, 36, 55
22, 207, 36, 30
22, 220, 36, 55
22, 245, 36, 84
22, 85, 36, 90
22, 117, 36, 86
22, 57, 36, 5
22, 251, 36, 4
22, 28, 36, 65
22, 61, 36, 22
22, 94, 36, 79
22, 262, 37, 94
22, 200, 37, 93
22, 232, 37, 33
22, 42, 37, 15
22, 171, 37, 83
22, 91, 37, 58
22, 60, 37, 93
22, 95, 37, 81
22, 226, 38, 85
22, 69, 38, 82
22, 76, 38, 62
22, 275, 38, 66
22, 277, 38, 20
22, 53, 38, 59
22, 23, 38, 46
22, 120, 38, 92
22, 220, 38, 55
22, 160, 39, 89
22, 161, 39, 42
22, 185, 39, 16
22, 259, 39, 70
22, 135, 39, 1
22, 140, 39, 52
22, 269, 39, 67
22, 46, 39, 44
22, 180, 39, 100
22, 54, 39, 59
22, 89, 39, 35
22, 26, 39, 9
22, 196, 40, 26
22, 229, 40, 76
22, 72, 40, 65
22, 110, 40, 57
22, 179, 40, 33
22, 52, 40, 8
22, 152, 40, 61
22, 189, 40, 73
22, 160, 41, 89
22, 33, 41, 18
22, 64, 41, 67
22, 162, 41, 83
22, 103, 41, 9
22, 106, 41, 95
22, 45, 41, 99
22, 143, 41, 17
22, 276, 41, 57
22, 117, 41, 86
22, 84, 41, 50
22, 215, 41, 9
22, 122, 41, 67
22, 61, 41, 22
22, 159, 41, 84
22, 65, 42, 39
22, 295, 42, 58
22, 136, 42, 89
22, 9, 42, 29
22, 144, 42, 93
22, 209, 42, 16
22, 18, 42, 25
22, 279, 42, 30
22, 25, 42, 35
22, 221, 42, 10
22, 126, 42, 80
22, 35, 43, 31
22, 299, 43, 55
22, 44, 43, 28
22, 274, 43, 11
22, 216, 43, 22
22, 32, 44, 99
22, 289, 44, 94
22, 66, 44, 88
22, 98, 44, 71
22, 68, 44, 64
22, 103, 44, 9
22, 52, 44, 8
22, 155, 44, 95
22, 189, 44, 73
22, 30, 44, 32
22, 225, 45, 80
22, 99, 45, 40
22, 198, 45, 72
22, 13, 45, 85
22, 142, 45, 75
22, 120, 45, 92
22, 122, 46, 67
22, 236, 46, 45
22, 44, 46, 28
22, 269, 46, 67
22, 270, 46, 85
22, 148, 46, 57
22, 276, 46, 57
22, 214, 46, 99
22, 183, 46, 49
22, 250, 46, 86
22, 123, 46, 76
22, 289, 47, 94
22, 162, 47, 83
22, 131, 47, 39
22, 167, 47, 64
22, 200, 47, 93
22, 10, 47, 22
22, 238, 47, 43
22, 175, 47, 41
22, 144, 47, 93
22, 110, 47, 57
22, 50, 47, 33
22, 212, 47, 15
22, 52, 47, 8
22, 21, 47, 1
22, 244, 47, 64
22, 90, 47, 23
22, 188, 47, 45
22, 191, 47, 28
22, 260, 48, 4
22, 261, 48, 83
22, 133, 48, 33
22, 11, 48, 35
22, 278, 48, 42
22, 34, 48, 86
22, 298, 48, 4
22, 55, 48, 90
22, 183, 48, 49
22, 58, 48, 41
22, 191, 48, 28
22, 195, 48, 32
22, 198, 48, 72
22, 205, 48, 62
22, 214, 48, 99
22, 220, 48, 55
22, 223, 48, 54
22, 232, 48, 33
22, 236, 48, 45
22, 239, 48, 57
22, 228, 49, 6
22, 38, 49, 64
22, 294, 49, 2
22, 232, 49, 33
22, 170, 49, 55
22, 75, 49, 3
22, 139, 49, 5
22, 267, 49, 62
22, 14, 49, 99
22, 268, 49, 78
22, 271, 49, 82
22, 203, 49, 59
22, 114, 49, 73
22, 51, 49, 88
22, 27, 49, 65
22, 0, 50, 87
22, 129, 50, 34
22, 262, 50, 94
22, 142, 50, 75
22, 148, 50, 57
22, 280, 50, 97
22, 25, 50, 35
22, 154, 50, 8
22, 32, 50, 99
22, 164, 50, 12
22, 165, 50, 3
22, 297, 50, 32
22, 43, 50, 38
22, 177, 50, 41
22, 70, 50, 49
22, 202, 50, 54
22, 212, 50, 15
22, 218, 50, 14
22, 229, 50, 76
22, 114, 50, 73
22, 232, 51, 33
22, 10, 51, 22
22, 112, 51, 9
22, 116, 51, 5
22, 62, 51, 56
22, 258, 52, 4
22, 267, 52, 62
22, 272, 52, 84
22, 17, 52, 3
22, 146, 52, 55
22, 152, 52, 61
22, 283, 52, 43
22, 161, 52, 42
22, 168, 52, 23
22, 44, 52, 28
22, 173, 52, 11
22, 174, 52, 15
22, 61, 52, 22
22, 189, 52, 73
22, 62, 52, 56
22, 68, 52, 64
22, 85, 52, 90
22, 229, 52, 76
22, 108, 52, 96
22, 114, 52, 73
22, 6, 53, 99
22, 264, 53, 9
22, 266, 53, 79
22, 268, 53, 78
22, 141, 53, 92
22, 149, 53, 66
22, 278, 53, 42
22, 153, 53, 45
22, 165, 53, 3
22, 38, 53, 64
22, 188, 53, 45
22, 203, 53, 59
22, 84, 53, 50
22, 86, 53, 30
22, 96, 53, 84
22, 241, 53, 61
22, 114, 53, 73
22, 117, 53, 86
22, 122, 53, 67
22, 227, 54, 85
22, 69, 54, 82
22, 165, 54, 3
22, 10, 54, 22
22, 11, 54, 35
22, 44, 54, 28
22, 173, 54, 11
22, 150, 54, 46
22, 24, 54, 84
22, 154, 54, 8
22, 188, 54, 45
22, 221, 54, 10
22, 127, 54, 60
22, 257, 55, 48
22, 2, 55, 17
22, 269, 55, 67
22, 151, 55, 87
22, 31, 55, 62
22, 33, 55, 18
22, 35, 55, 31
22, 39, 55, 17
22, 49, 55, 16
22, 178, 55, 46
22, 73, 55, 43
22, 209, 55, 16
22, 83, 55, 13
22, 214, 55, 99
22, 86, 55, 30
22, 95, 55, 81
22, 104, 55, 56
22, 233, 55, 83
22, 110, 55, 57
22, 192, 56, 46
22, 290, 56, 97
22, 226, 56, 85
22, 260, 56, 4
22, 76, 56, 62
22, 240, 56, 10
22, 176, 56, 92
22, 52, 56, 8
22, 86, 56, 30
22, 247, 56, 57
22, 250, 56, 86
22, 252, 56, 38
22, 134, 57, 32
22, 139, 57, 5
22, 28, 57, 65
22, 29, 57, 80
22, 158, 57, 67
22, 290, 57, 97
22, 295, 57, 58
22, 51, 57, 88
22, 58, 57, 41
22, 66, 57, 88
22, 70, 57, 49
22, 71, 57, 100
22, 201, 57, 97
22, 103, 57, 9
22, 232, 57, 33
22, 116, 57, 5
22, 247, 57, 57
22, 253, 57, 87
22, 254, 57, 93
22, 96, 58, 84
22, 172, 58, 23
22, 140, 58, 52
22, 80, 58, 56
22, 177, 58, 41
22, 276, 58, 57
22, 128, 59, 88
22, 66, 59, 88
22, 5, 59, 30
22, 8, 59, 11
22, 105, 59, 19
22, 236, 59, 45
22, 212, 59, 15
22, 150, 59, 46
22, 24, 59, 84
22, 58, 59, 41
22, 253, 59, 87
22, 223, 59, 54
22, 160, 60, 89
22, 193, 60, 71
22, 99, 60, 40
22, 239, 60, 57
22, 208, 60, 54
22, 211, 60, 63
22, 51, 60, 88
22, 84, 60, 50
22, 279, 60, 30
22, 120, 60, 92
22, 156, 60, 34
22, 29, 60, 80
22, 94, 60, 79
22, 100, 61, 55
22, 197, 61, 30
22, 38, 61, 64
22, 228, 61, 6
22, 73, 61, 43
22, 137, 61, 95
22, 139, 61, 5
22, 75, 61, 3
22, 175, 61, 41
22, 49, 61, 16
22, 278, 61, 42
22, 217, 61, 21
22, 220, 61, 55
22, 191, 61, 28
22, 0, 62, 87
22, 225, 62, 80
22, 67, 62, 44
22, 266, 62, 79
22, 174, 62, 15
22, 79, 62, 27
22, 78, 62, 48
22, 83, 62, 13
22, 180, 62, 100
22, 181, 62, 93
22, 118, 62, 65
22, 23, 62, 46
22, 123, 62, 76
22, 253, 62, 87
22, 256, 63, 97
22, 69, 63, 82
22, 204, 63, 68
22, 238, 63, 43
22, 273, 63, 56
22, 179, 63, 33
22, 116, 63, 5
22, 278, 63, 42
22, 30, 63, 32
22, 216, 63, 22
22, 123, 63, 76
22, 286, 63, 45
22, 32, 64, 99
22, 160, 64, 89
22, 226, 64, 85
22, 129, 64, 34
22, 36, 64, 64
22, 165, 64, 3
22, 265, 64, 25
22, 266, 64, 79
22, 201, 64, 97
22, 16, 64, 10
22, 160, 65, 89
22, 129, 65, 34
22, 2, 65, 17
22, 131, 65, 39
22, 292, 65, 80
22, 135, 65, 1
22, 43, 65, 38
22, 139, 65, 5
22, 76, 65, 62
22, 143, 65, 17
22, 15, 65, 98
22, 279, 65, 30
22, 185, 65, 16
22, 91, 65, 58
22, 285, 65, 4
22, 95, 65, 81
22, 162, 66, 83
22, 130, 66, 13
22, 40, 66, 36
22, 181, 66, 93
22, 31, 66, 62
22, 291, 67, 40
22, 39, 67, 17
22, 74, 67, 7
22, 237, 67, 91
22, 206, 67, 67
22, 95, 67, 81
22, 260, 68, 4
22, 133, 68, 33
22, 6, 68, 99
22, 103, 68, 9
22, 104, 68, 56
22, 186, 68, 73
22, 135, 68, 1
22, 235, 68, 37
22, 299, 68, 55
22, 240, 68, 10
22, 177, 68, 41
22, 17, 68, 3
22, 179, 68, 33
22, 277, 68, 20
22, 248, 68, 94
22, 121, 68, 29
22, 90, 68, 23
22, 31, 68, 62
22, 65, 69, 39
22, 164, 69, 12
22, 133, 69, 33
22, 6, 69, 99
22, 262, 69, 94
22, 135, 69, 1
22, 197, 69, 30
22, 298, 69, 4
22, 203, 69, 59
22, 142, 69, 75
22, 111, 69, 35
22, 178, 69, 46
22, 120, 69, 92
22, 189, 69, 73
22, 255, 69, 89
22, 103, 70, 9
22, 169, 70, 9
22, 236, 70, 45
22, 218, 70, 14
22, 28, 70, 65
22, 96, 71, 84
22, 161, 71, 42
22, 264, 71, 9
22, 106, 71, 95
22, 173, 71, 11
22, 143, 71, 17
22, 176, 71, 92
22, 113, 71, 21
22, 146, 71, 55
22, 153, 71, 45
22, 90, 71, 23
22, 251, 71, 4
22, 127, 71, 60
22, 194, 72, 50
22, 163, 72, 39
22, 67, 72, 44
22, 167, 72, 64
22, 136, 72, 89
22, 7, 72, 9
22, 250, 72, 86
22, 272, 72, 84
22, 87, 72, 96
22, 280, 72, 97
22, 122, 72, 67
22, 251, 72, 4
22, 220, 72, 55
22, 157, 72, 39
22, 67, 73, 44
22, 37, 73, 24
22, 234, 73, 43
22, 177, 73, 41
22, 213, 73, 97
22, 118, 73, 65
22, 26, 73, 9
22, 59, 73, 57
22, 0, 74, 87
22, 225, 74, 80
22, 4, 74, 48
22, 231, 74, 33
22, 73, 74, 43
22, 171, 74, 83
22, 108, 74, 96
22, 272, 74, 84
22, 178, 74, 46
22, 276, 74, 57
22, 23, 74, 46
22, 251, 74, 4
22, 66, 75, 88
22, 258, 75, 4
22, 58, 75, 41
22, 69, 75, 82
22, 263, 75, 54
22, 169, 75, 9
22, 268, 75, 78
22, 237, 75, 91
22, 146, 75, 55
22, 116, 75, 5
22, 247, 75, 57
22, 56, 75, 35
22, 90, 75, 23
22, 221, 75, 10
22, 191, 75, 28
22, 7, 76, 9
22, 267, 76, 62
22, 75, 76, 3
22, 241, 76, 61
22, 280, 76, 97
22, 281, 76, 67
22, 154, 76, 8
22, 220, 76, 55
22, 89, 77, 35
22, 289, 77, 94
22, 226, 77, 85
22, 37, 77, 24
22, 262, 77, 94
22, 103, 77, 9
22, 232, 77, 33
22, 16, 77, 10
22, 275, 77, 66
22, 281, 77, 67
22, 190, 77, 7
22, 63, 77, 34
22, 195, 78, 32
22, 68, 78, 64
22, 172, 78, 23
22, 250, 78, 86
22, 156, 78, 34
22, 229, 79, 76
22, 76, 79, 62
22, 209, 79, 16
22, 88, 79, 31
22, 125, 79, 50
22, 193, 80, 71
22, 98, 80, 71
22, 140, 80, 52
22, 241, 80, 61
22, 213, 80, 97
22, 281, 80, 67
22, 28, 80, 65
22, 287, 80, 91
22, 33, 81, 18
22, 2, 81, 17
22, 100, 81, 55
22, 75, 81, 3
22, 171, 81, 83
22, 140, 81, 52
22, 239, 81, 57
22, 17, 81, 3
22, 115, 81, 19
22, 211, 81, 63
22, 53, 81, 59
22, 250, 81, 86
22, 158, 81, 67
22, 3, 82, 58
22, 68, 82, 64
22, 6, 82, 99
22, 166, 82, 54
22, 70, 82, 49
22, 202, 82, 54
22, 78, 82, 48
22, 114, 82, 73
22, 148, 82, 57
22, 279, 82, 30
22, 90, 82, 23
22, 91, 82, 58
22, 94, 82, 79
22, 223, 82, 54
22, 10, 83, 22
22, 272, 83, 84
22, 149, 83, 66
22, 283, 83, 43
22, 292, 83, 80
22, 166, 83, 54
22, 167, 83, 64
22, 176, 83, 92
22, 50, 83, 33
22, 53, 83, 59
22, 66, 83, 88
22, 68, 83, 64
22, 82, 83, 72
22, 222, 83, 68
22, 225, 83, 80
22, 226, 83, 85
22, 229, 83, 76
22, 234, 83, 43
22, 109, 83, 89
22, 115, 83, 19
22, 128, 84, 88
22, 293, 84, 22
22, 133, 84, 33
22, 232, 84, 33
22, 105, 84, 19
22, 170, 84, 55
22, 43, 84, 38
22, 72, 84, 65
22, 210, 84, 90
22, 180, 84, 100
22, 31, 84, 62
22, 290, 85, 97
22, 67, 85, 44
22, 228, 85, 6
22, 68, 85, 64
22, 7, 85, 9
22, 233, 85, 83
22, 108, 85, 96
22, 236, 85, 45
22, 141, 85, 92
22, 176, 85, 92
22, 81, 85, 14
22, 218, 85, 14
22, 93, 85, 10
22, 256, 86, 97
22, 64, 86, 67
22, 167, 86, 64
22, 41, 86, 3
22, 106, 86, 95
22, 79, 86, 27
22, 112, 86, 9
22, 176, 86, 92
22, 114, 86, 73
22, 210, 86, 90
22, 247, 86, 57
22, 216, 86, 22
22, 283, 86, 43
22, 96, 87, 84
22, 228, 87, 6
22, 132, 87, 58
22, 294, 87, 2
22, 40, 87, 36
22, 168, 87, 23
22, 233, 87, 83
22, 172, 87, 23
22, 45, 87, 99
22, 238, 87, 43
22, 46, 87, 44
22, 212, 87, 15
22, 53, 87, 59
22, 94, 87, 79
22, 127, 87, 60
22, 195, 88, 32
22, 39, 88, 17
22, 135, 88, 1
22, 232, 88, 33
22, 169, 88, 9
22, 266, 88, 79
22, 174, 88, 15
22, 273, 88, 56
22, 20, 88, 79
22, 181, 88, 93
22, 153, 88, 45
22, 158, 88, 67
22, 1, 89, 99
22, 4, 89, 48
22, 136, 89, 89
22, 15, 89, 98
22, 278, 89, 42
22, 158, 89, 67
22, 39, 89, 17
22, 296, 89, 53
22, 42, 89, 15
22, 175, 89, 41
22, 180, 89, 100
22, 54, 89, 59
22, 61, 89, 22
22, 75, 89, 3
22, 205, 89, 62
22, 85, 89, 90
22, 232, 89, 33
22, 242, 89, 26
22, 244, 89, 64
22, 253, 89, 87
22, 2, 90, 17
22, 131, 90, 39
22, 67, 90, 44
22, 98, 90, 71
22, 39, 90, 17
22, 171, 90, 83
22, 44, 90, 28
22, 173, 90, 11
22, 47, 90, 24
22, 49, 90, 16
22, 84, 90, 50
22, 117, 90, 86
22, 214, 90, 99
22, 280, 90, 97
22, 63, 90, 34
22, 289, 91, 94
22, 133, 91, 33
22, 85, 91, 90
22, 86, 91, 30
22, 92, 91, 98
22, 221, 91, 10
22, 37, 92, 24
22, 38, 92, 64
22, 268, 92, 78
22, 270, 92, 85
22, 277, 92, 20
22, 215, 92, 9
22, 59, 92, 57
22, 4, 93, 48
22, 197, 93, 30
22, 261, 93, 83
22, 199, 93, 48
22, 171, 93, 83
22, 238, 93, 43
22, 142, 93, 75
22, 285, 93, 4
22, 162, 94, 83
22, 71, 94, 100
22, 8, 94, 11
22, 169, 94, 9
22, 44, 94, 28
22, 184, 94, 39
22, 89, 94, 35
22, 297, 95, 32
22, 234, 95, 43
22, 108, 95, 96
22, 119, 95, 72
22, 277, 95, 20
22, 54, 95, 59
22, 23, 95, 46
22, 88, 95, 31
22, 90, 95, 23
22, 221, 95, 10
22, 126, 95, 80
22, 227, 96, 85
22, 293, 96, 22
22, 133, 96, 33
22, 201, 96, 97
22, 74, 96, 7
22, 14, 96, 99
22, 114, 96, 73
22, 58, 96, 41
22, 62, 96, 56
22, 261, 97, 83
22, 8, 97, 11
22, 232, 97, 33
22, 108, 97, 96
22, 174, 97, 15
22, 87, 97, 96
22, 28, 97, 65
22, 189, 97, 73
22, 32, 98, 99
22, 193, 98, 71
22, 292, 98, 80
22, 199, 98, 48
22, 75, 98, 3
22, 45, 98, 99
22, 207, 98, 30
22, 240, 98, 10
22, 210, 98, 90
22, 152, 98, 61
22, 217, 98, 21
22, 191, 98, 28
22, 153, 99, 45
22, 36, 99, 64
22, 261, 99, 83
22, 76, 99, 62
22, 48, 99, 36
22, 212, 99, 15
22, 57, 99, 5
22, 186, 99, 73
22, 59, 99, 57
22, 125, 99, 50
22, 191, 100, 28
22, 97, 100, 41
22, 297, 100, 32
22, 170, 100, 55
22, 105, 100, 19
22, 266, 100, 79
22, 74, 100, 7
22, 78, 100, 48
22, 46, 100, 44
22, 114, 100, 73
22, 210, 100, 90
22, 85, 100, 90
22, 216, 100, 22
22, 91, 100, 58
22, 29, 100, 80
22, 95, 100, 81
22, 139, 101, 5
22, 108, 101, 96
22, 76, 101, 62
22, 113, 101, 21
22, 243, 101, 51
22, 214, 101, 99
22, 61, 101, 22
22, 132, 102, 58
22, 266, 102, 79
22, 267, 102, 62
22, 268, 102, 78
22, 272, 102, 84
22, 280, 102, 97
22, 164, 102, 12
22, 37, 102, 24
22, 293, 102, 22
22, 298, 102, 4
22, 46, 102, 44
22, 55, 102, 90
22, 72, 102, 65
22, 89, 102, 35
22, 220, 102, 55
22, 105, 102, 19
22, 238, 102, 43
22, 122, 102, 67
22, 124, 102, 98
22, 127, 102, 60
22, 256, 103, 97
22, 33, 103, 18
22, 34, 103, 86
22, 97, 103, 41
22, 162, 103, 83
22, 134, 103, 32
22, 199, 103, 48
22, 70, 103, 49
22, 76, 103, 62
22, 205, 103, 62
22, 110, 103, 57
22, 49, 103, 16
22, 180, 103, 100
22, 149, 103, 66
22, 212, 103, 15
22, 216, 103, 22
22, 123, 103, 76
22, 60, 103, 93
22, 160, 104, 89
22, 161, 104, 42
22, 1, 104, 99
22, 35, 104, 31
22, 288, 104, 56
22, 77, 104, 69
22, 206, 104, 67
22, 115, 104, 19
22, 52, 104, 8
22, 54, 104, 59
22, 280, 104, 97
22, 185, 104, 16
22, 287, 104, 91
22, 194, 105, 50
22, 67, 105, 44
22, 260, 105, 4
22, 136, 105, 89
22, 77, 105, 69
22, 78, 105, 48
22, 270, 105, 85
22, 47, 105, 24
22, 49, 105, 16
22, 182, 105, 4
22, 87, 105, 96
22, 56, 105, 35
22, 281, 105, 67
22, 122, 105, 67
22, 29, 105, 80
22, 63, 105, 34
22, 192, 106, 46
22, 229, 106, 76
22, 265, 106, 25
22, 267, 106, 62
22, 204, 106, 68
22, 174, 106, 15
22, 272, 106, 84
22, 19, 106, 49
22, 179, 106, 33
22, 277, 106, 20
22, 85, 106, 90
22, 279, 106, 30
22, 281, 106, 67
22, 282, 106, 29
22, 222, 106, 68
22, 66, 107, 88
22, 132, 107, 58
22, 165, 107, 3
22, 230, 107, 3
22, 43, 107, 38
22, 206, 107, 67
22, 80, 107, 56
22, 241, 107, 61
22, 242, 107, 26
22, 117, 107, 86
22, 219, 107, 45
22, 29, 107, 80
22, 286, 107, 45
22, 193, 108, 71
22, 227, 108, 85
22, 260, 108, 4
22, 131, 108, 39
22, 70, 108, 49
22, 263, 108, 54
22, 105, 108, 19
22, 170, 108, 55
22, 235, 108, 37
22, 203, 108, 59
22, 142, 108, 75
22, 84, 108, 50
22, 21, 108, 1
22, 217, 108, 21
22, 282, 108, 29
22, 27, 108, 65
22, 124, 108, 98
22, 285, 108, 4
22, 96, 109, 84
22, 65, 109, 39
22, 2, 109, 17
22, 225, 109, 80
22, 100, 109, 55
22, 261, 109, 83
22, 228, 109, 6
22, 237, 109, 91
22, 45, 109, 99
22, 116, 109, 5
22, 56, 109, 35
22, 62, 109, 56
22, 26, 109, 9
22, 222, 109, 68
22, 254, 109, 93
22, 193, 110, 71
22, 165, 110, 3
22, 265, 110, 25
22, 240, 110, 10
22, 112, 110, 9
22, 85, 110, 90
22, 280, 110, 97
22, 156, 110, 34
22, 262, 111, 94
22, 107, 111, 22
22, 113, 111, 21
22, 181, 111, 93
22, 219, 111, 45
22, 189, 111, 73
22, 34, 112, 86
22, 74, 112, 7
22, 106, 112, 95
22, 142, 112, 75
22, 79, 112, 27
22, 144, 112, 93
22, 49, 112, 16
22, 114, 112, 73
22, 63, 112, 34
22, 245, 112, 84
22, 22, 112, 1
22, 182, 112, 4
22, 214, 112, 99
22, 53, 112, 59
22, 221, 112, 10
22, 30, 112, 32
22, 127, 112, 60
22, 248, 113, 94
22, 163, 113, 39
22, 294, 113, 2
22, 199, 113, 48
22, 72, 113, 65
22, 138, 113, 56
22, 234, 113, 43
22, 44, 113, 28
22, 209, 113, 16
22, 125, 113, 50
22, 246, 113, 99
22, 183, 113, 49
22, 117, 113, 86
22, 217, 113, 21
22, 247, 113, 57
22, 60, 113, 93
22, 253, 113, 87
22, 222, 113, 68
22, 261, 114, 83
22, 142, 114, 75
22, 14, 114, 99
22, 144, 114, 93
22, 281, 114, 67
22, 158, 114, 67
22, 42, 114, 15
22, 44, 114, 28
22, 192, 114, 46
22, 197, 114, 30
22, 79, 114, 27
22, 81, 114, 14
22, 83, 114, 13
22, 90, 114, 23
22, 91, 114, 58
22, 106, 114, 95
22, 125, 114, 50
22, 250, 114, 86
22, 253, 114, 87
22, 130, 115, 13
22, 139, 115, 5
22, 15, 115, 98
22, 277, 115, 20
22, 156, 115, 34
22, 29, 115, 80
22, 166, 115, 54
22, 177, 115, 41
22, 187, 115, 22
22, 70, 115, 49
22, 198, 115, 72
22, 204, 115, 68
22, 207, 115, 30
22, 208, 115, 54
22, 222, 115, 68
22, 223, 115, 54
22, 224, 115, 12
22, 99, 115, 40
22, 121, 115, 29
22, 226, 116, 85
22, 100, 116, 55
22, 75, 116, 3
22, 77, 116, 69
22, 14, 116, 99
22, 15, 116, 98
22, 144, 116, 93
22, 241, 116, 61
22, 272, 116, 84
22, 19, 116, 49
22, 182, 116, 4
22, 214, 116, 99
22, 88, 116, 31
22, 217, 116, 21
22, 221, 116, 10
22, 223, 116, 54
22, 257, 117, 48
22, 2, 117, 17
22, 4, 117, 48
22, 133, 117, 33
22, 6, 117, 99
22, 136, 117, 89
22, 266, 117, 79
22, 275, 117, 66
22, 23, 117, 46
22, 162, 117, 83
22, 167, 117, 64
22, 59, 117, 57
22, 65, 117, 39
22, 80, 117, 56
22, 90, 117, 23
22, 92, 117, 98
22, 102, 117, 39
22, 240, 117, 10
22, 124, 117, 98
22, 256, 118, 97
22, 8, 118, 11
22, 13, 118, 85
22, 145, 118, 73
22, 26, 118, 9
22, 283, 118, 43
22, 284, 118, 98
22, 158, 118, 67
22, 291, 118, 40
22, 295, 118, 58
22, 42, 118, 15
22, 179, 118, 33
22, 180, 118, 100
22, 54, 118, 59
22, 190, 118, 7
22, 196, 118, 26
22, 69, 118, 82
22, 71, 118, 100
22, 206, 118, 67
22, 221, 118, 10
22, 266, 119, 79
22, 149, 119, 66
22, 281, 119, 67
22, 282, 119, 29
22, 29, 119, 80
22, 289, 119, 94
22, 162, 119, 83
22, 48, 119, 36
22, 180, 119, 100
22, 55, 119, 90
22, 57, 119, 5
22, 194, 119, 50
22, 205, 119, 62
22, 85, 119, 90
22, 215, 119, 9
22, 221, 119, 10
22, 226, 119, 85
22, 112, 119, 9
22, 113, 119, 21
22, 246, 119, 99
22, 66, 120, 88
22, 146, 120, 55
22, 20, 120, 79
22, 282, 120, 29
22, 91, 120, 58
22, 194, 121, 50
22, 8, 121, 11
22, 104, 121, 56
22, 270, 121, 85
22, 81, 121, 14
22, 179, 121, 33
22, 279, 121, 30
22, 30, 121, 32
22, 67, 122, 44
22, 10, 122, 22
22, 23, 122, 46
22, 281, 122, 67
22, 215, 122, 9
22, 187, 122, 22
22, 254, 122, 93
22, 159, 122, 84
22, 102, 123, 39
22, 134, 123, 32
22, 177, 123, 41
22, 178, 123, 46
22, 279, 123, 30
22, 215, 123, 9
22, 157, 123, 39
22, 0, 124, 87
22, 227, 124, 85
22, 228, 124, 6
22, 43, 124, 38
22, 12, 124, 64
22, 142, 124, 75
22, 16, 124, 10
22, 48, 124, 36
22, 50, 124, 33
22, 23, 124, 46
22, 279, 124, 30
22, 56, 124, 35
22, 0, 125, 87
22, 257, 125, 48
22, 258, 125, 4
22, 288, 125, 56
22, 198, 125, 72
22, 71, 125, 100
22, 76, 125, 62
22, 237, 125, 91
22, 206, 125, 67
22, 175, 125, 41
22, 271, 125, 82
22, 209, 125, 16
22, 17, 125, 3
22, 120, 125, 92
22, 153, 125, 45
22, 156, 125, 34
22, 61, 125, 22
22, 223, 125, 54
22, 2, 126, 17
22, 7, 126, 9
22, 137, 126, 95
22, 10, 126, 22
22, 277, 126, 20
22, 279, 126, 30
22, 285, 126, 4
22, 157, 126, 39
22, 288, 126, 56
22, 290, 126, 97
22, 292, 126, 80
22, 173, 126, 11
22, 53, 126, 59
22, 184, 126, 39
22, 63, 126, 34
22, 229, 126, 76
22, 231, 126, 33
22, 108, 126, 96
22, 237, 126, 91
22, 139, 127, 5
22, 19, 127, 49
22, 280, 127, 97
22, 26, 127, 9
22, 291, 127, 40
22, 36, 127, 64
22, 191, 127, 28
22, 198, 127, 72
22, 199, 127, 48
22, 80, 127, 56
22, 81, 127, 14
22, 95, 127, 81
22, 101, 127, 5
22, 231, 127, 33
22, 104, 127, 56
22, 234, 127, 43
22, 237, 127, 91
22, 246, 127, 99
22, 120, 127, 92
22, 99, 128, 40
22, 107, 128, 22
22, 76, 128, 62
22, 183, 128, 49
22, 216, 128, 22
22, 161, 129, 42
22, 2, 129, 17
22, 195, 129, 32
22, 66, 129, 88
22, 68, 129, 64
22, 267, 129, 62
22, 299, 129, 55
22, 142, 129, 75
22, 80, 129, 56
22, 81, 129, 14
22, 274, 129, 11
22, 19, 129, 49
22, 20, 129, 79
22, 50, 129, 33
22, 182, 129, 4
22, 186, 129, 73
22, 283, 129, 43
22, 62, 129, 56
22, 99, 130, 40
22, 67, 130, 44
22, 261, 130, 83
22, 263, 130, 54
22, 10, 130, 22
22, 235, 130, 37
22, 236, 130, 45
22, 269, 130, 67
22, 48, 130, 36
22, 51, 130, 88
22, 180, 130, 100
22, 115, 130, 19
22, 280, 130, 97
22, 121, 130, 29
22, 126, 130, 80
22, 94, 130, 79
22, 121, 131, 29
22, 26, 131, 9
22, 58, 131, 41
22, 263, 131, 54
22, 106, 131, 95
22, 271, 131, 82
22, 21, 131, 1
22, 150, 131, 46
22, 153, 131, 45
22, 154, 131, 8
22, 64, 132, 67
22, 225, 132, 80
22, 130, 132, 13
22, 4, 132, 48
22, 261, 132, 83
22, 196, 132, 26
22, 136, 132, 89
22, 169, 132, 9
22, 74, 132, 7
22, 48, 132, 36
22, 125, 132, 50
22, 213, 132, 97
22, 283, 132, 43
22, 61, 132, 22
22, 191, 132, 28
22, 288, 133, 56
22, 166, 133, 54
22, 7, 133, 9
22, 203, 133, 59
22, 139, 133, 5
22, 141, 133, 92
22, 150, 133, 46
22, 151, 133, 87
22, 280, 133, 97
22, 252, 133, 38
22, 62, 133, 56
22, 227, 134, 85
22, 70, 134, 49
22, 103, 134, 9
22, 9, 134, 29
22, 170, 134, 55
22, 73, 134, 43
22, 44, 134, 28
22, 274, 134, 11
22, 21, 134, 1
22, 87, 134, 96
22, 247, 134, 57
22, 218, 134, 14
22, 156, 134, 34
22, 158, 134, 67
22, 287, 134, 91
22, 2, 135, 17
22, 21, 135, 1
22, 280, 135, 97
22, 157, 135, 39
22, 164, 135, 12
22, 173, 135, 11
22, 183, 135, 49
22, 195, 135, 32
22, 201, 135, 97
22, 74, 135, 7
22, 206, 135, 67
22, 217, 135, 21
22, 101, 135, 5
22, 102, 135, 39
22, 105, 135, 19
22, 243, 135, 51
22, 246, 135, 99
22, 119, 135, 72
22, 127, 135, 60
22, 32, 136, 99
22, 230, 136, 3
22, 7, 136, 9
22, 9, 136, 29
22, 267, 136, 62
22, 139, 136, 5
22, 48, 136, 36
22, 240, 136, 10
22, 276, 136, 57
22, 123, 136, 76
22, 31, 136, 62
22, 96, 137, 84
22, 1, 137, 99
22, 228, 137, 6
22, 102, 137, 39
22, 172, 137, 23
22, 113, 137, 21
22, 54, 137, 59
22, 155, 137, 95
22, 254, 137, 93
22, 127, 137, 60
22, 162, 138, 83
22, 196, 138, 26
22, 68, 138, 64
22, 106, 138, 95
22, 237, 138, 91
22, 29, 138, 80
22, 221, 138, 10
22, 192, 139, 46
22, 194, 139, 50
22, 131, 139, 39
22, 171, 139, 83
22, 109, 139, 89
22, 240, 139, 10
22, 124, 139, 98
22, 255, 139, 89
22, 256, 140, 97
22, 289, 140, 94
22, 290, 140, 97
22, 4, 140, 48
22, 7, 140, 9
22, 200, 140, 93
22, 43, 140, 38
22, 12, 140, 64
22, 240, 140, 10
22, 146, 140, 55
22, 147, 140, 55
22, 252, 140, 38
22, 150, 140, 46
22, 30, 140, 32
22, 154, 140, 8
22, 92, 140, 98
22, 61, 140, 22
22, 62, 140, 56
22, 225, 141, 80
22, 257, 141, 48
22, 261, 141, 83
22, 14, 141, 99
22, 207, 141, 30
22, 270, 141, 85
22, 210, 141, 90
22, 50, 141, 33
22, 20, 141, 79
22, 277, 141, 20
22, 159, 141, 84
22, 226, 142, 85
22, 67, 142, 44
22, 165, 142, 3
22, 230, 142, 3
22, 38, 142, 64
22, 237, 142, 91
22, 244, 142, 64
22, 117, 142, 86
22, 85, 142, 90
22, 215, 142, 9
22, 217, 142, 21
22, 218, 142, 14
22, 60, 142, 93
22, 0, 143, 87
22, 132, 143, 58
22, 265, 143, 25
22, 16, 143, 10
22, 146, 143, 55
22, 24, 143, 84
22, 285, 143, 4
22, 291, 143, 40
22, 185, 143, 16
22, 190, 143, 7
22, 207, 143, 30
22, 81, 143, 14
22, 95, 143, 81
22, 227, 143, 85
22, 99, 143, 40
22, 237, 143, 91
22, 110, 143, 57
22, 114, 143, 73
22, 248, 143, 94
22, 65, 144, 39
22, 194, 144, 50
22, 34, 144, 86
22, 228, 144, 6
22, 292, 144, 80
22, 191, 144, 28
22, 257, 144, 48
22, 297, 144, 32
22, 155, 144, 95
22, 78, 144, 48
22, 251, 144, 4
22, 145, 144, 73
22, 91, 144, 58
22, 95, 144, 81
22, 192, 145, 46
22, 226, 145, 85
22, 133, 145, 33
22, 166, 145, 54
22, 197, 145, 30
22, 11, 145, 35
22, 268, 145, 78
22, 78, 145, 48
22, 114, 145, 73
22, 148, 145, 57
22, 213, 145, 97
22, 86, 145, 30
22, 55, 145, 90
22, 25, 145, 35
22, 156, 145, 34
22, 125, 145, 50
22, 160, 146, 89
22, 103, 146, 9
22, 43, 146, 38
22, 16, 146, 10
22, 212, 146, 15
22, 21, 146, 1
22, 152, 146, 61
22, 190, 146, 7
22, 223, 147, 54
22, 35, 147, 31
22, 261, 147, 83
22, 168, 147, 23
22, 41, 147, 3
22, 138, 147, 56
22, 139, 147, 5
22, 202, 147, 54
22, 46, 147, 44
22, 210, 147, 90
22, 83, 147, 13
22, 242, 147, 26
22, 51, 147, 88
22, 19, 147, 49
22, 84, 147, 50
22, 189, 147, 73
22, 95, 147, 81
22, 128, 148, 88
22, 33, 148, 18
22, 98, 148, 71
22, 173, 148, 11
22, 213, 148, 97
22, 190, 148, 7
22, 192, 149, 46
22, 193, 149, 71
22, 64, 149, 67
22, 261, 149, 83
22, 90, 149, 23
22, 264, 149, 9
22, 72, 149, 65
22, 250, 149, 86
22, 141, 149, 92
22, 112, 149, 9
22, 80, 149, 56
22, 149, 149, 66
22, 87, 149, 96
22, 122, 149, 67
22, 284, 149, 98
