150, 300, 15
28, 97, 0, 59
28, 130, 0, 53
28, 35, 0, 2
28, 70, 0, 2
28, 134, 0, 33
28, 59, 0, 46
28, 234, 0, 49
28, 43, 0, 45
28, 140, 0, 63
28, 45, 0, 2
28, 46, 0, 70
28, 178, 0, 68
28, 29, 0, 63
28, 245, 0, 91
28, 182, 0, 60
28, 215, 0, 86
28, 283, 0, 4
28, 93, 0, 76
28, 2, 1, 9
28, 6, 1, 9
28, 136, 1, 5
28, 10, 1, 42
28, 15, 1, 72
28, 149, 1, 24
28, 286, 1, 65
28, 288, 1, 36
28, 34, 1, 13
28, 162, 1, 87
28, 294, 1, 57
28, 168, 1, 48
28, 47, 1, 88
28, 195, 1, 67
28, 203, 1, 97
28, 79, 1, 95
28, 90, 1, 67
28, 228, 1, 46
28, 237, 1, 78
28, 252, 1, 78
28, 268, 2, 83
28, 270, 2, 7
28, 16, 2, 4
28, 146, 2, 30
28, 18, 2, 87
28, 149, 2, 24
28, 35, 2, 2
28, 36, 2, 10
28, 298, 2, 84
28, 195, 2, 67
28, 71, 2, 26
28, 80, 2, 12
28, 81, 2, 31
28, 95, 2, 62
28, 225, 2, 7
28, 239, 2, 19
28, 119, 2, 60
28, 121, 2, 87
28, 255, 2, 54
28, 193, 3, 96
28, 33, 3, 67
28, 229, 3, 16
28, 142, 3, 80
28, 207, 3, 78
28, 273, 3, 86
28, 86, 3, 4
28, 62, 3, 73
28, 258, 4, 83
28, 259, 4, 61
28, 264, 4, 68
28, 265, 4, 77
28, 107, 4, 51
28, 13, 4, 70
28, 205, 4, 54
28, 144, 4, 33
28, 276, 4, 7
28, 93, 4, 76
28, 214, 4, 5
28, 119, 4, 60
28, 148, 4, 70
28, 249, 4, 44
28, 29, 4, 63
28, 0, 5, 94
28, 259, 5, 61
28, 263, 5, 92
28, 200, 5, 73
28, 199, 5, 56
28, 140, 5, 63
28, 16, 5, 4
28, 86, 5, 4
28, 253, 5, 73
28, 62, 5, 73
28, 260, 6, 81
28, 263, 6, 92
28, 268, 6, 83
28, 271, 6, 39
28, 26, 6, 65
28, 282, 6, 54
28, 285, 6, 73
28, 287, 6, 15
28, 36, 6, 10
28, 53, 6, 98
28, 55, 6, 89
28, 76, 6, 83
28, 88, 6, 16
28, 216, 6, 36
28, 218, 6, 70
28, 222, 6, 66
28, 228, 6, 46
28, 231, 6, 85
28, 242, 6, 84
28, 161, 7, 92
28, 132, 7, 3
28, 299, 7, 6
28, 111, 7, 24
28, 114, 7, 66
28, 53, 7, 98
28, 250, 7, 82
28, 95, 7, 62
28, 35, 8, 2
28, 265, 8, 77
28, 73, 8, 46
28, 9, 8, 39
28, 142, 8, 80
28, 17, 8, 44
28, 18, 8, 87
28, 119, 8, 60
28, 117, 8, 78
28, 23, 8, 67
28, 215, 8, 86
28, 184, 8, 8
28, 281, 8, 70
28, 91, 8, 43
28, 130, 9, 53
28, 3, 9, 67
28, 38, 9, 31
28, 168, 9, 48
28, 296, 9, 30
28, 17, 9, 44
28, 130, 10, 53
28, 138, 10, 100
28, 141, 10, 44
28, 145, 10, 31
28, 281, 10, 70
28, 31, 10, 75
28, 294, 10, 57
28, 295, 10, 16
28, 168, 10, 48
28, 179, 10, 18
28, 199, 10, 56
28, 201, 10, 27
28, 204, 10, 53
28, 82, 10, 69
28, 103, 10, 74
28, 235, 10, 25
28, 241, 10, 90
28, 245, 10, 91
28, 253, 10, 73
28, 227, 11, 82
28, 4, 11, 16
28, 42, 11, 55
28, 111, 11, 24
28, 177, 11, 38
28, 18, 11, 87
28, 194, 12, 14
28, 13, 12, 70
28, 81, 12, 31
28, 50, 12, 76
28, 242, 12, 84
28, 276, 12, 7
28, 22, 12, 13
28, 56, 12, 32
28, 27, 12, 70
28, 161, 13, 92
28, 162, 13, 87
28, 291, 13, 80
28, 268, 13, 83
28, 239, 13, 19
28, 16, 13, 4
28, 83, 13, 59
28, 86, 13, 4
28, 184, 13, 8
28, 129, 14, 67
28, 103, 14, 74
28, 231, 14, 85
28, 205, 14, 54
28, 271, 14, 39
28, 210, 14, 25
28, 146, 14, 30
28, 211, 14, 36
28, 281, 14, 70
28, 137, 15, 15
28, 236, 15, 64
28, 79, 15, 95
28, 145, 15, 31
28, 113, 15, 75
28, 85, 15, 18
28, 284, 15, 75
28, 28, 15, 21
28, 29, 15, 63
28, 255, 15, 54
28, 265, 16, 77
28, 10, 16, 42
28, 19, 16, 71
28, 148, 16, 70
28, 277, 16, 60
28, 152, 16, 21
28, 155, 16, 1
28, 159, 16, 85
28, 36, 16, 10
28, 298, 16, 84
28, 175, 16, 91
28, 53, 16, 98
28, 71, 16, 26
28, 75, 16, 57
28, 208, 16, 25
28, 89, 16, 70
28, 223, 16, 79
28, 111, 16, 24
28, 247, 16, 100
28, 192, 17, 55
28, 100, 17, 83
28, 38, 17, 31
28, 199, 17, 56
28, 103, 17, 74
28, 220, 17, 39
28, 286, 17, 65
28, 266, 18, 66
28, 153, 18, 92
28, 26, 18, 65
28, 283, 18, 4
28, 158, 18, 74
28, 31, 18, 75
28, 289, 18, 40
28, 291, 18, 80
28, 163, 18, 20
28, 41, 18, 91
28, 55, 18, 89
28, 194, 18, 14
28, 95, 18, 62
28, 105, 18, 99
28, 239, 18, 19
28, 242, 18, 84
28, 115, 18, 83
28, 244, 18, 84
28, 121, 18, 87
28, 123, 18, 23
28, 179, 19, 18
28, 52, 19, 15
28, 276, 19, 7
28, 246, 19, 36
28, 92, 19, 58
28, 96, 20, 1
28, 64, 20, 85
28, 164, 20, 78
28, 262, 20, 35
28, 39, 20, 65
28, 78, 20, 6
28, 46, 20, 70
28, 116, 20, 2
28, 246, 20, 36
28, 57, 20, 60
28, 228, 21, 46
28, 165, 21, 39
28, 88, 21, 16
28, 104, 21, 61
28, 265, 21, 77
28, 127, 21, 22
28, 238, 21, 18
28, 175, 21, 91
28, 219, 21, 66
28, 271, 21, 39
28, 50, 21, 76
28, 274, 21, 74
28, 181, 21, 50
28, 248, 21, 47
28, 251, 21, 12
28, 156, 21, 27
28, 63, 21, 12
28, 97, 22, 59
28, 100, 22, 83
28, 73, 22, 46
28, 75, 22, 57
28, 280, 22, 87
28, 96, 23, 1
28, 161, 23, 92
28, 129, 23, 67
28, 131, 23, 4
28, 134, 23, 33
28, 262, 23, 35
28, 201, 23, 27
28, 106, 23, 79
28, 109, 23, 93
28, 174, 23, 38
28, 237, 23, 78
28, 48, 23, 53
28, 110, 23, 50
28, 80, 23, 12
28, 55, 23, 89
28, 64, 24, 85
28, 162, 24, 87
28, 131, 24, 4
28, 70, 24, 2
28, 138, 24, 100
28, 203, 24, 97
28, 236, 24, 64
28, 174, 24, 38
28, 47, 24, 88
28, 221, 24, 18
28, 285, 24, 73
28, 222, 24, 66
28, 160, 25, 44
28, 1, 25, 81
28, 226, 25, 69
28, 161, 25, 92
28, 168, 25, 48
28, 59, 25, 46
28, 44, 25, 22
28, 215, 25, 86
28, 24, 25, 14
28, 91, 25, 43
28, 188, 25, 39
28, 62, 25, 73
28, 16, 26, 4
28, 155, 26, 1
28, 284, 26, 75
28, 30, 26, 19
28, 165, 26, 39
28, 166, 26, 9
28, 38, 26, 31
28, 42, 26, 55
28, 58, 26, 43
28, 74, 26, 62
28, 77, 26, 60
28, 208, 26, 25
28, 211, 26, 36
28, 213, 26, 78
28, 98, 26, 92
28, 104, 26, 61
28, 110, 26, 50
28, 124, 26, 18
28, 241, 26, 90
28, 252, 26, 78
28, 97, 27, 59
28, 227, 27, 82
28, 169, 27, 26
28, 10, 27, 42
28, 139, 27, 38
28, 112, 27, 23
28, 18, 27, 87
28, 148, 27, 70
28, 125, 27, 88
28, 182, 27, 60
28, 186, 27, 30
28, 29, 27, 63
28, 290, 28, 32
28, 258, 28, 83
28, 35, 28, 2
28, 162, 28, 87
28, 70, 28, 2
28, 7, 28, 42
28, 44, 28, 22
28, 141, 28, 44
28, 19, 28, 71
28, 276, 28, 7
28, 247, 28, 100
28, 88, 28, 16
28, 89, 28, 70
28, 90, 28, 67
28, 195, 29, 67
28, 100, 29, 83
28, 261, 29, 2
28, 102, 29, 81
28, 135, 29, 70
28, 168, 29, 48
28, 235, 29, 25
28, 108, 29, 13
28, 241, 29, 90
28, 156, 29, 27
28, 243, 29, 23
28, 212, 29, 75
28, 252, 29, 78
28, 87, 29, 12
28, 88, 29, 16
28, 60, 29, 15
28, 189, 29, 1
28, 1, 30, 81
28, 152, 30, 21
28, 28, 30, 21
28, 289, 30, 40
28, 161, 30, 92
28, 43, 30, 45
28, 65, 30, 57
28, 72, 30, 27
28, 202, 30, 52
28, 86, 30, 4
28, 88, 30, 16
28, 222, 30, 66
28, 108, 30, 13
28, 112, 30, 23
28, 114, 30, 66
28, 116, 30, 2
28, 244, 30, 84
28, 248, 30, 47
28, 123, 30, 23
28, 127, 30, 22
28, 65, 31, 57
28, 260, 31, 81
28, 293, 31, 33
28, 136, 31, 5
28, 299, 31, 6
28, 140, 31, 63
28, 205, 31, 54
28, 22, 31, 13
28, 123, 31, 23
28, 9, 32, 39
28, 78, 32, 6
28, 270, 32, 7
28, 143, 32, 32
28, 112, 32, 23
28, 176, 32, 54
28, 114, 32, 66
28, 179, 32, 18
28, 115, 32, 83
28, 85, 32, 18
28, 214, 32, 5
28, 55, 32, 89
28, 87, 32, 12
28, 207, 32, 78
28, 94, 32, 77
28, 63, 32, 12
28, 223, 33, 79
28, 99, 33, 75
28, 103, 33, 74
28, 113, 33, 75
28, 182, 33, 60
28, 87, 33, 12
28, 152, 33, 21
28, 191, 33, 45
28, 99, 34, 75
28, 165, 34, 39
28, 198, 34, 70
28, 229, 34, 16
28, 171, 34, 25
28, 76, 34, 83
28, 204, 34, 53
28, 209, 34, 61
28, 18, 34, 87
28, 51, 34, 7
28, 274, 34, 74
28, 95, 34, 62
28, 24, 34, 14
28, 216, 34, 36
28, 286, 34, 65
28, 255, 34, 54
28, 259, 35, 61
28, 262, 35, 35
28, 6, 35, 9
28, 263, 35, 92
28, 148, 35, 70
28, 22, 35, 13
28, 26, 35, 65
28, 169, 35, 26
28, 189, 35, 1
28, 61, 35, 48
28, 62, 35, 73
28, 194, 35, 14
28, 71, 35, 26
28, 73, 35, 46
28, 222, 35, 66
28, 230, 35, 18
28, 109, 35, 93
28, 240, 35, 23
28, 248, 35, 47
28, 249, 35, 44
28, 137, 36, 15
28, 275, 36, 83
28, 19, 36, 71
28, 279, 36, 97
28, 282, 36, 54
28, 285, 36, 73
28, 297, 36, 7
28, 43, 36, 45
28, 176, 36, 54
28, 189, 36, 1
28, 67, 36, 33
28, 200, 36, 73
28, 78, 36, 6
28, 82, 36, 69
28, 84, 36, 33
28, 86, 36, 4
28, 92, 36, 58
28, 239, 36, 19
28, 114, 36, 66
28, 248, 36, 47
28, 257, 37, 66
28, 195, 37, 67
28, 69, 37, 31
28, 261, 37, 2
28, 175, 37, 91
28, 160, 38, 44
28, 280, 38, 87
28, 4, 38, 16
28, 103, 38, 74
28, 40, 38, 10
28, 168, 38, 48
28, 75, 38, 57
28, 109, 38, 93
28, 144, 38, 33
28, 146, 38, 30
28, 22, 38, 13
28, 120, 38, 47
28, 187, 38, 65
28, 93, 38, 76
28, 190, 38, 95
28, 63, 38, 12
28, 128, 39, 61
28, 193, 39, 96
28, 64, 39, 85
28, 65, 39, 57
28, 196, 39, 41
28, 168, 39, 48
28, 201, 39, 27
28, 77, 39, 60
28, 156, 39, 27
28, 210, 39, 25
28, 151, 39, 75
28, 28, 39, 21
28, 0, 40, 94
28, 97, 40, 59
28, 227, 40, 82
28, 165, 40, 39
28, 134, 40, 33
28, 5, 40, 87
28, 136, 40, 5
28, 41, 40, 91
28, 202, 40, 52
28, 267, 40, 48
28, 171, 40, 25
28, 111, 40, 24
28, 112, 40, 23
28, 91, 40, 43
28, 61, 40, 48
28, 191, 40, 45
28, 64, 41, 85
28, 33, 41, 67
28, 98, 41, 92
28, 68, 41, 23
28, 228, 41, 46
28, 139, 41, 38
28, 206, 41, 50
28, 111, 41, 24
28, 113, 41, 75
28, 50, 41, 76
28, 273, 41, 86
28, 84, 41, 33
28, 20, 41, 46
28, 117, 41, 78
28, 120, 41, 47
28, 251, 41, 12
28, 152, 41, 21
28, 62, 41, 73
28, 232, 42, 52
28, 158, 42, 74
28, 12, 42, 57
28, 174, 42, 38
28, 113, 42, 75
28, 22, 42, 13
28, 151, 42, 75
28, 25, 42, 30
28, 59, 42, 46
28, 30, 42, 19
28, 267, 43, 48
28, 172, 43, 91
28, 15, 43, 72
28, 143, 43, 32
28, 241, 43, 90
28, 116, 43, 2
28, 53, 43, 98
28, 280, 43, 87
28, 25, 43, 30
28, 187, 43, 65
28, 285, 43, 73
28, 158, 43, 74
28, 287, 43, 15
28, 98, 44, 92
28, 165, 44, 39
28, 262, 44, 35
28, 281, 44, 70
28, 297, 44, 7
28, 141, 44, 44
28, 215, 44, 86
28, 120, 44, 47
28, 121, 44, 87
28, 93, 44, 76
28, 126, 44, 14
28, 36, 45, 10
28, 229, 45, 16
28, 72, 45, 27
28, 42, 45, 55
28, 141, 45, 44
28, 176, 45, 54
28, 81, 45, 31
28, 85, 45, 18
28, 130, 46, 53
28, 264, 46, 68
28, 142, 46, 80
28, 143, 46, 32
28, 278, 46, 72
28, 286, 46, 65
28, 165, 46, 39
28, 299, 46, 6
28, 52, 46, 15
28, 54, 46, 43
28, 80, 46, 12
28, 216, 46, 36
28, 221, 46, 18
28, 223, 46, 79
28, 103, 46, 74
28, 232, 46, 52
28, 238, 46, 18
28, 250, 46, 82
28, 252, 46, 78
28, 58, 47, 43
28, 165, 47, 39
28, 263, 47, 92
28, 168, 47, 48
28, 39, 47, 65
28, 16, 47, 4
28, 17, 47, 44
28, 180, 47, 43
28, 183, 47, 80
28, 282, 47, 54
28, 285, 47, 73
28, 32, 48, 31
28, 295, 48, 16
28, 297, 48, 7
28, 271, 48, 39
28, 240, 48, 23
28, 212, 48, 75
28, 121, 48, 87
28, 127, 48, 22
28, 93, 48, 76
28, 159, 48, 85
28, 258, 49, 83
28, 168, 49, 48
28, 237, 49, 78
28, 80, 49, 12
28, 209, 49, 61
28, 87, 49, 12
28, 27, 49, 70
28, 92, 49, 58
28, 122, 50, 62
28, 240, 50, 23
28, 17, 50, 44
28, 252, 50, 78
28, 218, 50, 70
28, 124, 50, 18
28, 61, 50, 48
28, 128, 51, 61
28, 225, 51, 7
28, 65, 51, 57
28, 193, 51, 96
28, 137, 51, 15
28, 144, 51, 33
28, 275, 51, 83
28, 53, 51, 98
28, 121, 51, 87
28, 289, 52, 40
28, 121, 52, 87
28, 35, 52, 2
28, 293, 52, 33
28, 218, 52, 70
28, 137, 52, 15
28, 187, 52, 65
28, 179, 52, 18
28, 57, 52, 60
28, 26, 52, 65
28, 283, 52, 4
28, 284, 52, 75
28, 127, 52, 22
28, 65, 53, 57
28, 68, 53, 23
28, 166, 53, 9
28, 103, 53, 74
28, 141, 53, 44
28, 174, 53, 38
28, 124, 53, 18
28, 210, 53, 25
28, 275, 53, 83
28, 82, 53, 69
28, 149, 53, 24
28, 86, 53, 4
28, 280, 53, 87
28, 219, 53, 66
28, 156, 53, 27
28, 65, 54, 57
28, 164, 54, 78
28, 104, 54, 61
28, 41, 54, 91
28, 74, 54, 62
28, 55, 54, 89
28, 284, 54, 75
28, 189, 54, 1
28, 0, 55, 94
28, 290, 55, 32
28, 232, 55, 52
28, 205, 55, 54
28, 207, 55, 78
28, 16, 55, 4
28, 242, 55, 84
28, 117, 55, 78
28, 217, 55, 37
28, 123, 55, 23
28, 8, 56, 16
28, 265, 56, 77
28, 111, 56, 24
28, 182, 56, 60
28, 217, 56, 37
28, 2, 57, 9
28, 130, 57, 53
28, 23, 57, 67
28, 281, 57, 70
28, 282, 57, 54
28, 155, 57, 1
28, 43, 57, 45
28, 179, 57, 18
28, 182, 57, 60
28, 185, 57, 87
28, 60, 57, 15
28, 69, 57, 31
28, 200, 57, 73
28, 81, 57, 31
28, 222, 57, 66
28, 99, 57, 75
28, 108, 57, 13
28, 239, 57, 19
28, 245, 57, 91
28, 4, 58, 16
28, 104, 58, 61
28, 15, 58, 72
28, 48, 58, 53
28, 144, 58, 33
28, 280, 58, 87
28, 156, 58, 27
28, 93, 58, 76
28, 289, 59, 40
28, 6, 59, 9
28, 108, 59, 13
28, 50, 59, 76
28, 246, 59, 36
28, 90, 59, 67
28, 187, 59, 65
28, 160, 60, 44
28, 256, 60, 57
28, 166, 60, 9
28, 168, 60, 48
28, 201, 60, 27
28, 105, 60, 99
28, 123, 60, 23
28, 141, 60, 44
28, 238, 60, 18
28, 270, 60, 7
28, 48, 60, 53
28, 145, 60, 31
28, 276, 60, 7
28, 213, 60, 78
28, 150, 60, 4
28, 247, 60, 100
28, 151, 60, 75
28, 283, 60, 4
28, 255, 61, 54
28, 37, 61, 38
28, 234, 61, 49
28, 235, 61, 25
28, 204, 61, 53
28, 141, 61, 44
28, 266, 61, 66
28, 205, 61, 54
28, 170, 61, 29
28, 241, 61, 90
28, 209, 61, 61
28, 111, 61, 24
28, 203, 61, 97
28, 152, 61, 21
28, 281, 61, 70
28, 219, 61, 66
28, 223, 61, 79
28, 290, 62, 32
28, 98, 62, 92
28, 67, 62, 33
28, 228, 62, 46
28, 7, 62, 42
28, 8, 62, 16
28, 27, 62, 70
28, 235, 62, 25
28, 299, 62, 6
28, 48, 62, 53
28, 83, 62, 59
28, 53, 62, 98
28, 251, 62, 12
28, 60, 62, 15
28, 93, 62, 76
28, 223, 62, 79
28, 225, 63, 7
28, 34, 63, 13
28, 223, 63, 79
28, 260, 63, 81
28, 294, 63, 57
28, 77, 63, 60
28, 270, 63, 7
28, 181, 63, 50
28, 216, 63, 36
28, 125, 63, 88
28, 63, 63, 12
28, 128, 64, 61
28, 1, 64, 81
28, 3, 64, 67
28, 204, 64, 53
28, 148, 64, 70
28, 126, 64, 14
28, 1, 65, 81
28, 131, 65, 4
28, 164, 65, 78
28, 70, 65, 2
28, 281, 65, 70
28, 250, 65, 82
28, 79, 65, 95
28, 15, 65, 72
28, 145, 65, 31
28, 210, 65, 25
28, 275, 65, 83
28, 55, 65, 89
28, 183, 65, 80
28, 90, 65, 67
28, 192, 66, 55
28, 161, 66, 92
28, 132, 66, 3
28, 235, 66, 25
28, 238, 66, 18
28, 208, 66, 25
28, 275, 66, 83
28, 22, 66, 13
28, 218, 66, 70
28, 123, 66, 23
28, 158, 66, 74
28, 159, 66, 85
28, 192, 67, 55
28, 194, 67, 14
28, 100, 67, 83
28, 37, 67, 38
28, 230, 67, 18
28, 134, 67, 33
28, 264, 67, 68
28, 39, 67, 65
28, 42, 67, 55
28, 112, 67, 23
28, 177, 67, 38
28, 242, 67, 84
28, 245, 67, 91
28, 119, 67, 60
28, 88, 67, 16
28, 286, 67, 65
28, 258, 68, 83
28, 58, 68, 43
28, 133, 68, 82
28, 122, 68, 62
28, 7, 68, 42
28, 39, 68, 65
28, 171, 68, 25
28, 75, 68, 57
28, 47, 68, 88
28, 48, 68, 53
28, 177, 68, 38
28, 242, 68, 84
28, 243, 68, 23
28, 244, 68, 84
28, 25, 68, 30
28, 154, 68, 19
28, 93, 68, 76
28, 30, 68, 19
28, 191, 69, 45
28, 66, 69, 70
28, 5, 69, 87
28, 134, 69, 33
28, 231, 69, 85
28, 265, 69, 77
28, 111, 69, 24
28, 113, 69, 75
28, 82, 69, 69
28, 247, 69, 100
28, 183, 69, 80
28, 186, 69, 30
28, 159, 69, 85
28, 0, 70, 94
28, 65, 70, 57
28, 217, 70, 37
28, 134, 70, 33
28, 231, 70, 85
28, 296, 70, 30
28, 166, 70, 9
28, 265, 70, 77
28, 13, 70, 70
28, 19, 70, 71
28, 244, 70, 84
28, 116, 70, 2
28, 214, 70, 5
28, 247, 70, 100
28, 185, 70, 87
28, 291, 71, 80
28, 294, 71, 57
28, 298, 71, 84
28, 299, 71, 6
28, 172, 71, 91
28, 205, 71, 54
28, 142, 71, 80
28, 247, 71, 100
28, 186, 71, 30
28, 270, 72, 7
28, 288, 72, 36
28, 293, 72, 33
28, 170, 72, 29
28, 172, 72, 91
28, 173, 72, 94
28, 45, 72, 2
28, 58, 72, 43
28, 189, 72, 1
28, 201, 72, 27
28, 219, 72, 66
28, 222, 72, 66
28, 223, 72, 79
28, 103, 72, 74
28, 107, 72, 51
28, 111, 72, 24
28, 123, 72, 23
28, 253, 72, 73
28, 127, 72, 22
28, 32, 73, 31
28, 65, 73, 57
28, 100, 73, 83
28, 200, 73, 73
28, 266, 73, 66
28, 267, 73, 48
28, 145, 73, 31
28, 116, 73, 2
28, 251, 73, 12
28, 93, 73, 76
28, 162, 74, 87
28, 66, 74, 70
28, 228, 74, 46
28, 70, 74, 2
28, 170, 74, 29
28, 277, 74, 60
28, 85, 74, 18
28, 213, 74, 78
28, 217, 74, 37
28, 124, 74, 18
28, 66, 75, 70
28, 41, 75, 91
28, 201, 75, 27
28, 48, 75, 53
28, 246, 75, 36
28, 55, 75, 89
28, 152, 75, 21
28, 283, 75, 4
28, 28, 75, 21
28, 193, 76, 96
28, 99, 76, 75
28, 292, 76, 3
28, 293, 76, 33
28, 3, 76, 67
28, 263, 76, 92
28, 264, 76, 68
28, 27, 76, 70
28, 267, 76, 48
28, 110, 76, 50
28, 112, 76, 23
28, 177, 76, 38
28, 218, 76, 70
28, 219, 76, 66
28, 28, 76, 21
28, 93, 76, 76
28, 190, 76, 95
28, 96, 77, 1
28, 130, 77, 53
28, 260, 77, 81
28, 38, 77, 31
28, 274, 77, 74
28, 115, 77, 83
28, 148, 77, 70
28, 179, 77, 18
28, 155, 77, 1
28, 11, 78, 21
28, 270, 78, 7
28, 47, 78, 88
28, 81, 78, 31
28, 49, 78, 35
28, 116, 78, 2
28, 276, 78, 7
28, 157, 78, 82
28, 56, 78, 32
28, 285, 78, 73
28, 2, 79, 9
28, 264, 79, 68
28, 272, 79, 40
28, 16, 79, 4
28, 149, 79, 24
28, 150, 79, 4
28, 292, 79, 3
28, 168, 79, 48
28, 40, 79, 10
28, 199, 79, 56
28, 75, 79, 57
28, 205, 79, 54
28, 88, 79, 16
28, 98, 79, 92
28, 239, 79, 19
28, 240, 79, 23
28, 113, 79, 75
28, 123, 79, 23
28, 125, 79, 88
28, 89, 80, 70
28, 65, 80, 57
28, 167, 80, 48
28, 158, 80, 74
28, 9, 80, 39
28, 40, 80, 10
28, 136, 80, 5
28, 45, 80, 2
28, 78, 80, 6
28, 149, 80, 24
28, 185, 80, 87
28, 126, 80, 14
28, 123, 80, 23
28, 124, 80, 18
28, 62, 80, 73
28, 8, 81, 16
28, 138, 81, 100
28, 299, 81, 6
28, 146, 81, 30
28, 89, 81, 70
28, 187, 81, 65
28, 221, 81, 18
28, 262, 82, 35
28, 104, 82, 61
28, 171, 82, 25
28, 245, 82, 91
28, 213, 82, 78
28, 58, 82, 43
28, 123, 82, 23
28, 280, 83, 87
28, 98, 83, 92
28, 129, 83, 67
28, 260, 83, 81
28, 229, 83, 16
28, 102, 83, 81
28, 101, 83, 53
28, 234, 83, 49
28, 144, 83, 33
28, 80, 83, 12
28, 125, 83, 88
28, 246, 83, 36
28, 221, 83, 18
28, 219, 83, 66
28, 61, 83, 48
28, 95, 83, 62
28, 256, 84, 57
28, 39, 84, 65
28, 8, 84, 16
28, 145, 84, 31
28, 212, 84, 75
28, 288, 85, 36
28, 32, 85, 31
28, 166, 85, 9
28, 167, 85, 48
28, 296, 85, 30
28, 134, 85, 33
28, 75, 85, 57
28, 11, 85, 21
28, 269, 85, 22
28, 17, 85, 44
28, 120, 85, 47
28, 121, 85, 87
28, 219, 85, 66
28, 225, 86, 7
28, 4, 86, 16
28, 293, 86, 33
28, 74, 86, 62
28, 269, 86, 22
28, 50, 86, 76
28, 275, 86, 83
28, 247, 86, 100
28, 91, 86, 43
28, 126, 86, 14
28, 31, 86, 75
28, 128, 87, 61
28, 256, 87, 57
28, 201, 87, 27
28, 250, 87, 82
28, 141, 87, 44
28, 143, 87, 32
28, 111, 87, 24
28, 207, 87, 78
28, 83, 87, 59
28, 180, 87, 43
28, 148, 87, 70
28, 212, 87, 75
28, 181, 87, 50
28, 21, 87, 100
28, 121, 87, 87
28, 122, 87, 62
28, 183, 87, 80
28, 0, 88, 94
28, 224, 88, 59
28, 162, 88, 87
28, 42, 88, 55
28, 108, 88, 13
28, 26, 88, 65
28, 220, 88, 39
28, 205, 89, 54
28, 16, 89, 4
28, 119, 89, 60
28, 279, 89, 97
28, 57, 89, 60
28, 4, 90, 16
28, 292, 90, 3
28, 70, 90, 2
28, 231, 90, 85
28, 208, 90, 25
28, 281, 90, 70
28, 93, 90, 76
28, 67, 91, 33
28, 292, 91, 3
28, 166, 91, 9
28, 39, 91, 65
28, 296, 91, 30
28, 266, 91, 66
28, 75, 91, 57
28, 108, 91, 13
28, 149, 91, 24
28, 154, 91, 19
28, 91, 91, 43
28, 28, 91, 21
28, 254, 91, 79
28, 191, 91, 45
28, 3, 92, 67
28, 227, 92, 82
28, 228, 92, 46
28, 163, 92, 20
28, 105, 92, 99
28, 208, 92, 25
28, 49, 92, 35
28, 55, 92, 89
28, 87, 92, 12
28, 222, 92, 66
28, 159, 92, 85
28, 226, 93, 69
28, 67, 93, 33
28, 207, 93, 78
28, 273, 93, 86
28, 24, 93, 14
28, 92, 93, 58
28, 193, 94, 96
28, 66, 94, 70
28, 161, 94, 92
28, 257, 94, 66
28, 262, 94, 35
28, 103, 94, 74
28, 264, 94, 68
28, 40, 94, 10
28, 139, 94, 38
28, 109, 94, 93
28, 82, 94, 69
28, 83, 94, 59
28, 244, 94, 84
28, 247, 94, 100
28, 220, 94, 39
28, 61, 94, 48
28, 287, 94, 15
28, 191, 95, 45
28, 97, 95, 59
28, 263, 95, 92
28, 271, 95, 39
28, 176, 95, 54
28, 177, 95, 38
28, 252, 95, 78
28, 180, 95, 43
28, 22, 95, 13
28, 55, 95, 89
28, 248, 95, 47
28, 122, 95, 62
28, 251, 95, 12
28, 220, 95, 39
28, 287, 95, 15
28, 164, 96, 78
28, 200, 96, 73
28, 168, 96, 48
28, 60, 96, 15
28, 177, 96, 38
28, 114, 96, 66
28, 275, 96, 83
28, 146, 96, 30
28, 179, 96, 18
28, 23, 96, 67
28, 120, 96, 47
28, 155, 96, 1
28, 156, 96, 27
28, 125, 96, 88
28, 222, 96, 66
28, 70, 97, 2
28, 282, 97, 54
28, 172, 97, 91
28, 109, 97, 93
28, 142, 97, 80
28, 76, 97, 83
28, 51, 97, 7
28, 211, 97, 36
28, 179, 97, 18
28, 21, 97, 100
28, 23, 97, 67
28, 24, 97, 14
28, 186, 97, 30
28, 256, 98, 57
28, 129, 98, 67
28, 89, 98, 70
28, 132, 98, 3
28, 229, 98, 16
28, 200, 98, 73
28, 267, 98, 48
28, 111, 98, 24
28, 119, 98, 60
28, 23, 98, 67
28, 280, 98, 87
28, 25, 98, 30
28, 287, 98, 15
28, 33, 99, 67
28, 65, 99, 57
28, 196, 99, 41
28, 100, 99, 83
28, 134, 99, 33
28, 231, 99, 85
28, 168, 99, 48
28, 8, 99, 16
28, 91, 99, 43
28, 172, 99, 91
28, 238, 99, 18
28, 16, 99, 4
28, 242, 99, 84
28, 117, 99, 78
28, 152, 99, 21
28, 27, 99, 70
28, 66, 100, 70
28, 232, 100, 52
28, 138, 100, 100
28, 208, 100, 25
28, 281, 100, 70
28, 102, 101, 81
28, 266, 101, 66
28, 204, 101, 53
28, 238, 101, 18
28, 15, 101, 72
28, 243, 101, 23
28, 244, 101, 84
28, 116, 101, 2
28, 281, 101, 70
28, 187, 101, 65
28, 58, 102, 43
28, 295, 102, 16
28, 73, 102, 46
28, 106, 102, 79
28, 172, 102, 91
28, 140, 102, 63
28, 181, 102, 50
28, 56, 102, 32
28, 25, 102, 30
28, 250, 102, 82
28, 221, 102, 18
28, 66, 103, 70
28, 67, 103, 33
28, 199, 103, 56
28, 117, 103, 78
28, 85, 103, 18
28, 88, 103, 16
28, 285, 103, 73
28, 251, 103, 12
28, 253, 103, 73
28, 222, 103, 66
28, 63, 103, 12
28, 32, 104, 31
28, 164, 104, 78
28, 69, 104, 31
28, 230, 104, 18
28, 262, 104, 35
28, 233, 104, 78
28, 173, 104, 94
28, 269, 104, 22
28, 79, 104, 95
28, 272, 104, 40
28, 144, 104, 33
28, 18, 104, 87
28, 275, 104, 83
28, 20, 104, 46
28, 147, 104, 35
28, 29, 104, 63
28, 3, 105, 67
28, 136, 105, 5
28, 104, 105, 61
28, 264, 105, 68
28, 44, 105, 22
28, 141, 105, 44
28, 173, 105, 94
28, 48, 105, 53
28, 176, 105, 54
28, 144, 105, 33
28, 217, 105, 37
28, 126, 105, 14
28, 124, 105, 18
28, 189, 105, 1
28, 190, 105, 95
28, 223, 105, 79
28, 162, 106, 87
28, 67, 106, 33
28, 140, 106, 63
28, 241, 106, 90
28, 242, 106, 84
28, 52, 106, 15
28, 21, 106, 100
28, 215, 106, 86
28, 283, 106, 4
28, 28, 106, 21
28, 95, 106, 62
28, 99, 107, 75
28, 131, 107, 4
28, 198, 107, 70
28, 177, 107, 38
28, 210, 107, 25
28, 218, 107, 70
28, 155, 107, 1
28, 64, 108, 85
28, 256, 108, 57
28, 290, 108, 32
28, 264, 108, 68
28, 267, 108, 48
28, 109, 108, 93
28, 80, 108, 12
28, 51, 108, 7
28, 84, 108, 33
28, 117, 108, 78
28, 147, 108, 35
28, 23, 108, 67
28, 248, 108, 47
28, 24, 108, 14
28, 122, 108, 62
28, 123, 108, 23
28, 188, 108, 39
28, 36, 109, 10
28, 165, 109, 39
28, 229, 109, 16
28, 295, 109, 16
28, 208, 109, 25
28, 113, 109, 75
28, 126, 109, 14
28, 63, 109, 12
28, 257, 110, 66
28, 99, 110, 75
28, 133, 110, 82
28, 296, 110, 30
28, 123, 110, 23
28, 242, 110, 84
28, 181, 110, 50
28, 219, 110, 66
28, 252, 110, 78
28, 191, 110, 45
28, 257, 111, 66
28, 3, 111, 67
28, 6, 111, 9
28, 263, 111, 92
28, 141, 111, 44
28, 142, 111, 80
28, 18, 111, 87
28, 284, 111, 75
28, 296, 111, 30
28, 175, 111, 91
28, 178, 111, 68
28, 181, 111, 50
28, 205, 111, 54
28, 210, 111, 25
28, 218, 111, 70
28, 225, 111, 7
28, 99, 111, 75
28, 242, 111, 84
28, 254, 111, 79
28, 126, 111, 14
28, 130, 112, 53
28, 2, 112, 9
28, 196, 112, 41
28, 40, 112, 10
28, 299, 112, 6
28, 173, 112, 94
28, 208, 112, 25
28, 273, 112, 86
28, 279, 112, 97
28, 186, 112, 30
28, 123, 112, 23
28, 63, 112, 12
28, 41, 113, 91
28, 46, 113, 70
28, 49, 113, 35
28, 146, 113, 30
28, 275, 113, 83
28, 20, 113, 46
28, 85, 113, 18
28, 248, 113, 47
28, 58, 113, 43
28, 123, 113, 23
28, 254, 113, 79
28, 34, 114, 13
28, 164, 114, 78
28, 229, 114, 16
28, 166, 114, 9
28, 10, 114, 42
28, 75, 114, 57
28, 47, 114, 88
28, 48, 114, 53
28, 210, 114, 25
28, 85, 114, 18
28, 181, 114, 50
28, 24, 114, 14
28, 57, 114, 60
28, 219, 114, 66
28, 287, 114, 15
28, 129, 115, 67
28, 263, 115, 92
28, 136, 115, 5
28, 232, 115, 52
28, 267, 115, 48
28, 187, 115, 65
28, 237, 115, 78
28, 45, 115, 2
28, 52, 115, 15
28, 150, 115, 4
28, 279, 115, 97
28, 123, 115, 23
28, 63, 115, 12
28, 31, 115, 75
28, 288, 116, 36
28, 292, 116, 3
28, 40, 116, 10
28, 201, 116, 27
28, 108, 116, 13
28, 206, 116, 50
28, 15, 116, 72
28, 176, 116, 54
28, 81, 116, 31
28, 117, 116, 78
28, 278, 116, 72
28, 215, 116, 86
28, 149, 116, 24
28, 91, 116, 43
28, 125, 116, 88
28, 158, 116, 74
28, 33, 117, 67
28, 164, 117, 78
28, 231, 117, 85
28, 8, 117, 16
28, 199, 117, 56
28, 71, 117, 26
28, 171, 117, 25
28, 43, 117, 45
28, 50, 117, 76
28, 242, 117, 84
28, 114, 117, 66
28, 215, 117, 86
28, 152, 117, 21
28, 126, 117, 14
28, 28, 117, 21
28, 222, 117, 66
28, 286, 117, 65
28, 160, 118, 44
28, 64, 118, 85
28, 257, 118, 66
28, 132, 118, 3
28, 101, 118, 53
28, 249, 118, 44
28, 11, 118, 21
28, 46, 118, 70
28, 143, 118, 32
28, 176, 118, 54
28, 50, 118, 76
28, 53, 118, 98
28, 62, 118, 73
28, 94, 118, 77
28, 156, 118, 27
28, 222, 118, 66
28, 63, 118, 12
28, 2, 119, 9
28, 259, 119, 61
28, 34, 119, 13
28, 134, 119, 33
28, 200, 119, 73
28, 236, 119, 64
28, 146, 119, 30
28, 275, 119, 83
28, 85, 119, 18
28, 189, 119, 1
28, 98, 120, 92
28, 34, 120, 13
28, 2, 120, 9
28, 229, 120, 16
28, 132, 120, 3
28, 42, 120, 55
28, 269, 120, 22
28, 270, 120, 7
28, 175, 120, 91
28, 149, 120, 24
28, 182, 120, 60
28, 55, 120, 89
28, 89, 120, 70
28, 154, 120, 19
28, 287, 120, 15
28, 164, 121, 78
28, 229, 121, 16
28, 199, 121, 56
28, 73, 121, 46
28, 145, 121, 31
28, 85, 121, 18
28, 220, 121, 39
28, 157, 121, 82
28, 96, 122, 1
28, 192, 122, 55
28, 35, 122, 2
28, 195, 122, 67
28, 40, 122, 10
28, 233, 122, 78
28, 170, 122, 29
28, 270, 122, 7
28, 209, 122, 61
28, 210, 122, 25
28, 115, 122, 83
28, 275, 122, 83
28, 53, 122, 98
28, 59, 122, 46
28, 189, 122, 1
28, 166, 123, 9
28, 231, 123, 85
28, 233, 123, 78
28, 12, 123, 57
28, 108, 123, 13
28, 17, 123, 44
28, 278, 123, 72
28, 183, 123, 80
28, 215, 123, 86
28, 158, 123, 74
28, 3, 124, 67
28, 165, 124, 39
28, 263, 124, 92
28, 218, 124, 70
28, 298, 124, 84
28, 106, 124, 79
28, 266, 124, 66
28, 211, 124, 36
28, 276, 124, 7
28, 282, 124, 54
28, 100, 125, 83
28, 234, 125, 49
28, 60, 125, 15
28, 178, 125, 68
28, 242, 125, 84
28, 212, 125, 75
28, 149, 125, 24
28, 151, 125, 75
28, 217, 125, 37
28, 155, 125, 1
28, 220, 125, 39
28, 62, 125, 73
28, 266, 126, 66
28, 235, 126, 25
28, 46, 126, 70
28, 19, 126, 71
28, 24, 126, 14
28, 283, 126, 4
28, 220, 126, 39
28, 260, 127, 81
28, 228, 127, 46
28, 262, 127, 35
28, 197, 127, 98
28, 201, 127, 27
28, 139, 127, 38
28, 108, 127, 13
28, 269, 127, 22
28, 206, 127, 50
28, 175, 127, 91
28, 48, 127, 53
28, 209, 127, 61
28, 205, 127, 54
28, 19, 127, 71
28, 180, 127, 43
28, 31, 127, 75
28, 223, 127, 79
28, 33, 128, 67
28, 130, 128, 53
28, 34, 128, 13
28, 165, 128, 39
28, 230, 128, 18
28, 137, 128, 15
28, 274, 128, 74
28, 83, 128, 59
28, 63, 128, 12
28, 215, 128, 86
28, 29, 128, 63
28, 31, 128, 75
28, 128, 129, 61
28, 97, 129, 59
28, 100, 129, 83
28, 41, 129, 91
28, 15, 129, 72
28, 177, 129, 38
28, 22, 129, 13
28, 251, 129, 12
28, 290, 130, 32
28, 4, 130, 16
28, 100, 130, 83
28, 229, 130, 16
28, 71, 130, 26
28, 75, 130, 57
28, 107, 130, 51
28, 43, 130, 45
28, 78, 130, 6
28, 49, 130, 35
28, 53, 130, 98
28, 120, 130, 47
28, 281, 130, 70
28, 284, 130, 75
28, 189, 130, 1
28, 95, 130, 62
28, 127, 130, 22
28, 192, 131, 55
28, 97, 131, 59
28, 67, 131, 33
28, 164, 131, 78
28, 291, 131, 80
28, 232, 131, 52
28, 72, 131, 27
28, 140, 131, 63
28, 50, 131, 76
28, 119, 131, 60
28, 217, 131, 37
28, 286, 131, 65
28, 223, 131, 79
28, 295, 132, 16
28, 232, 132, 52
28, 233, 132, 78
28, 234, 132, 49
28, 267, 132, 48
28, 113, 132, 75
28, 212, 132, 75
28, 55, 132, 89
28, 183, 132, 80
28, 285, 132, 73
28, 170, 133, 29
28, 75, 133, 57
28, 140, 133, 63
28, 271, 133, 39
28, 240, 133, 23
28, 244, 133, 84
28, 214, 133, 5
28, 135, 134, 70
28, 8, 134, 16
28, 265, 134, 77
28, 145, 134, 31
28, 282, 134, 54
28, 162, 134, 87
28, 37, 134, 38
28, 166, 134, 9
28, 175, 134, 91
28, 51, 134, 7
28, 182, 134, 60
28, 56, 134, 32
28, 62, 134, 73
28, 68, 134, 23
28, 73, 134, 46
28, 207, 134, 78
28, 92, 134, 58
28, 100, 134, 83
28, 113, 134, 75
28, 139, 135, 38
28, 268, 135, 83
28, 272, 135, 40
28, 18, 135, 87
28, 274, 135, 74
28, 154, 135, 19
28, 155, 135, 1
28, 167, 135, 48
28, 40, 135, 10
28, 299, 135, 6
28, 57, 135, 60
28, 69, 135, 31
28, 217, 135, 37
28, 107, 135, 51
28, 236, 135, 64
28, 112, 135, 23
28, 244, 135, 84
28, 251, 135, 12
28, 126, 135, 14
28, 101, 136, 53
28, 70, 136, 2
28, 167, 136, 48
28, 71, 136, 26
28, 72, 136, 27
28, 46, 136, 70
28, 78, 136, 6
28, 16, 136, 4
28, 178, 136, 68
28, 275, 136, 83
28, 217, 136, 37
28, 122, 136, 62
28, 189, 136, 1
28, 234, 137, 49
28, 267, 137, 48
28, 10, 137, 42
28, 79, 137, 95
28, 209, 137, 61
28, 221, 137, 18
28, 99, 138, 75
28, 291, 138, 80
28, 70, 138, 2
28, 295, 138, 16
28, 230, 138, 18
28, 7, 138, 42
28, 43, 138, 45
28, 172, 138, 91
28, 173, 138, 94
28, 171, 138, 25
28, 48, 138, 53
28, 283, 138, 4
28, 274, 138, 74
28, 240, 138, 23
28, 184, 138, 8
28, 59, 138, 46
28, 158, 138, 74
28, 1, 139, 81
28, 296, 139, 30
28, 106, 139, 79
28, 266, 139, 66
28, 269, 139, 22
28, 16, 139, 4
28, 252, 139, 78
28, 245, 139, 91
28, 182, 139, 60
28, 216, 139, 36
28, 154, 139, 19
28, 127, 139, 22
28, 190, 139, 95
28, 63, 139, 12
28, 65, 140, 57
28, 289, 140, 40
28, 4, 140, 16
28, 165, 140, 39
28, 233, 140, 78
28, 278, 140, 72
28, 55, 140, 89
28, 151, 140, 75
28, 123, 140, 23
28, 34, 141, 13
28, 223, 141, 79
28, 75, 141, 57
28, 178, 141, 68
28, 182, 141, 60
28, 55, 141, 89
28, 186, 141, 30
28, 95, 141, 62
28, 1, 142, 81
28, 100, 142, 83
28, 293, 142, 33
28, 70, 142, 2
28, 43, 142, 45
28, 75, 142, 57
28, 269, 142, 22
28, 240, 142, 23
28, 242, 142, 84
28, 20, 142, 46
28, 54, 142, 43
28, 279, 142, 97
28, 150, 142, 4
28, 218, 142, 70
28, 123, 142, 23
28, 291, 143, 80
28, 228, 143, 46
28, 209, 143, 61
28, 24, 143, 14
28, 250, 143, 82
28, 284, 143, 75
28, 222, 143, 66
28, 68, 144, 23
28, 295, 144, 16
28, 206, 144, 50
28, 20, 144, 46
28, 188, 144, 39
28, 192, 145, 55
28, 65, 145, 57
28, 288, 145, 36
28, 100, 145, 83
28, 202, 145, 52
28, 235, 145, 25
28, 268, 145, 83
28, 269, 145, 22
28, 147, 145, 35
28, 20, 145, 46
28, 85, 145, 18
28, 149, 145, 24
28, 220, 145, 39
28, 24, 145, 14
28, 124, 145, 18
28, 61, 145, 48
28, 30, 145, 19
28, 191, 145, 45
28, 256, 146, 57
28, 131, 146, 4
28, 163, 146, 20
28, 165, 146, 39
28, 295, 146, 16
28, 169, 146, 26
28, 233, 146, 78
28, 177, 146, 38
28, 115, 146, 83
28, 84, 146, 33
28, 21, 146, 100
28, 24, 146, 14
28, 31, 146, 75
28, 61, 146, 48
28, 127, 146, 22
28, 161, 147, 92
28, 289, 147, 40
28, 2, 147, 9
28, 104, 147, 61
28, 73, 147, 46
28, 139, 147, 38
28, 205, 147, 54
28, 270, 147, 7
28, 81, 147, 31
28, 275, 147, 83
28, 116, 147, 2
28, 277, 147, 60
28, 119, 147, 60
28, 61, 147, 48
28, 160, 148, 44
28, 99, 148, 75
28, 140, 148, 63
28, 248, 148, 47
28, 251, 148, 12
28, 31, 148, 75
28, 261, 149, 2
28, 135, 149, 70
28, 27, 149, 70
28, 201, 149, 27
28, 106, 149, 79
28, 113, 149, 75
28, 274, 149, 74
28, 115, 149, 83
28, 220, 149, 39
28, 150, 149, 4
28, 182, 149, 60
28, 56, 149, 32
28, 24, 149, 14
28, 218, 149, 70
28, 158, 149, 74
28, 284, 149, 75
28, 62, 149, 73
28, 95, 149, 62
