150, 300, 15
46, 248, 0, 80
46, 160, 0, 13
46, 287, 0, 67
46, 231, 0, 14
46, 135, 0, 32
46, 41, 0, 62
46, 9, 0, 5
46, 76, 0, 9
46, 172, 0, 32
46, 144, 0, 39
46, 147, 0, 98
46, 23, 0, 37
46, 216, 0, 32
46, 120, 0, 48
46, 31, 0, 49
46, 260, 1, 59
46, 8, 1, 32
46, 136, 1, 46
46, 264, 1, 77
46, 11, 1, 90
46, 137, 1, 88
46, 279, 1, 38
46, 159, 1, 33
46, 40, 1, 60
46, 60, 1, 84
46, 196, 1, 83
46, 76, 1, 9
46, 77, 1, 91
46, 80, 1, 61
46, 219, 1, 16
46, 103, 1, 50
46, 109, 1, 10
46, 243, 1, 10
46, 255, 1, 8
46, 258, 2, 66
46, 34, 2, 32
46, 104, 2, 26
46, 74, 2, 55
46, 75, 2, 35
46, 146, 2, 97
46, 211, 2, 71
46, 83, 2, 51
46, 183, 2, 78
46, 151, 2, 97
46, 153, 2, 81
46, 189, 2, 80
46, 160, 3, 13
46, 0, 3, 6
46, 226, 3, 96
46, 259, 3, 100
46, 230, 3, 92
46, 136, 3, 46
46, 47, 3, 30
46, 48, 3, 7
46, 83, 3, 51
46, 19, 3, 56
46, 54, 3, 25
46, 26, 3, 71
46, 127, 3, 11
46, 157, 3, 18
46, 255, 3, 8
46, 0, 4, 6
46, 162, 4, 33
46, 230, 4, 92
46, 172, 4, 32
46, 13, 4, 41
46, 175, 4, 56
46, 112, 4, 43
46, 17, 4, 5
46, 52, 4, 16
46, 277, 4, 61
46, 27, 4, 35
46, 253, 4, 22
46, 71, 5, 81
46, 8, 5, 32
46, 266, 5, 10
46, 113, 5, 59
46, 190, 5, 97
46, 294, 6, 97
46, 167, 6, 75
46, 296, 6, 96
46, 11, 6, 90
46, 141, 6, 72
46, 237, 6, 82
46, 181, 6, 84
46, 282, 6, 61
46, 187, 6, 72
46, 60, 6, 84
46, 132, 7, 48
46, 5, 7, 8
46, 295, 7, 14
46, 169, 7, 40
46, 116, 7, 29
46, 254, 7, 22
46, 258, 8, 66
46, 59, 8, 1
46, 45, 8, 44
46, 79, 8, 63
46, 48, 8, 7
46, 239, 8, 67
46, 210, 8, 39
46, 84, 8, 17
46, 245, 8, 66
46, 125, 8, 71
46, 56, 8, 97
46, 91, 8, 48
46, 29, 8, 33
46, 191, 8, 10
46, 97, 9, 17
46, 68, 9, 71
46, 235, 9, 95
46, 140, 9, 64
46, 145, 9, 94
46, 19, 9, 56
46, 23, 9, 37
46, 149, 9, 8
46, 179, 9, 26
46, 215, 9, 82
46, 120, 9, 48
46, 251, 9, 56
46, 28, 9, 3
46, 259, 10, 100
46, 293, 10, 91
46, 137, 10, 88
46, 201, 10, 87
46, 77, 10, 91
46, 244, 10, 27
46, 22, 10, 60
46, 24, 10, 36
46, 285, 10, 79
46, 187, 10, 72
46, 29, 10, 33
46, 289, 11, 51
46, 130, 11, 68
46, 33, 11, 74
46, 161, 11, 90
46, 135, 11, 32
46, 233, 11, 39
46, 269, 11, 65
46, 254, 11, 22
46, 213, 11, 48
46, 245, 11, 66
46, 284, 11, 89
46, 124, 11, 19
46, 158, 11, 62
46, 32, 12, 12
46, 224, 12, 8
46, 164, 12, 13
46, 37, 12, 27
46, 219, 12, 16
46, 27, 12, 35
46, 127, 12, 11
46, 32, 13, 12
46, 2, 13, 26
46, 3, 13, 48
46, 100, 13, 17
46, 197, 13, 85
46, 298, 13, 100
46, 44, 13, 88
46, 236, 13, 38
46, 15, 13, 53
46, 273, 13, 88
46, 217, 13, 45
46, 251, 13, 56
46, 68, 14, 71
46, 72, 14, 58
46, 136, 14, 46
46, 12, 14, 25
46, 269, 14, 65
46, 124, 14, 19
46, 84, 14, 17
46, 148, 14, 87
46, 246, 14, 91
46, 247, 14, 38
46, 118, 14, 74
46, 250, 14, 48
46, 252, 14, 93
46, 232, 15, 2
46, 105, 15, 6
46, 270, 15, 62
46, 277, 15, 61
46, 185, 15, 10
46, 187, 15, 72
46, 125, 15, 71
46, 30, 15, 67
46, 263, 16, 15
46, 40, 16, 60
46, 234, 16, 29
46, 214, 16, 39
46, 278, 16, 99
46, 124, 16, 19
46, 255, 16, 8
46, 96, 17, 57
46, 129, 17, 23
46, 136, 17, 46
46, 45, 17, 44
46, 206, 17, 87
46, 81, 17, 12
46, 279, 17, 38
46, 152, 17, 10
46, 27, 17, 35
46, 30, 17, 67
46, 128, 18, 47
46, 289, 18, 51
46, 258, 18, 66
46, 2, 18, 26
46, 132, 18, 48
46, 72, 18, 58
46, 106, 18, 46
46, 235, 18, 95
46, 140, 18, 64
46, 109, 18, 10
46, 49, 18, 38
46, 83, 18, 51
46, 212, 18, 75
46, 180, 18, 85
46, 52, 18, 16
46, 89, 18, 58
46, 251, 18, 56
46, 157, 18, 18
46, 288, 19, 74
46, 65, 19, 50
46, 0, 19, 6
46, 228, 19, 32
46, 287, 19, 67
46, 129, 20, 23
46, 100, 20, 17
46, 293, 20, 91
46, 295, 20, 14
46, 200, 20, 96
46, 296, 20, 96
46, 10, 20, 42
46, 139, 20, 87
46, 236, 20, 38
46, 43, 20, 54
46, 274, 20, 83
46, 190, 20, 97
46, 286, 20, 84
46, 95, 20, 88
46, 65, 21, 50
46, 228, 21, 32
46, 11, 21, 90
46, 179, 21, 26
46, 54, 21, 25
46, 248, 21, 80
46, 249, 21, 47
46, 124, 21, 19
46, 235, 22, 95
46, 140, 22, 64
46, 44, 22, 88
46, 77, 22, 91
46, 143, 22, 44
46, 75, 22, 35
46, 62, 22, 73
46, 57, 22, 12
46, 94, 22, 100
46, 149, 23, 8
46, 280, 23, 59
46, 284, 23, 89
46, 286, 23, 84
46, 164, 23, 13
46, 38, 23, 98
46, 171, 23, 86
46, 176, 23, 35
46, 177, 23, 94
46, 48, 23, 7
46, 186, 23, 54
46, 189, 23, 80
46, 204, 23, 60
46, 206, 23, 87
46, 81, 23, 12
46, 225, 23, 24
46, 238, 23, 8
46, 244, 23, 27
46, 250, 23, 48
46, 226, 24, 96
46, 228, 24, 32
46, 101, 24, 33
46, 168, 24, 74
46, 264, 24, 77
46, 107, 24, 43
46, 236, 24, 38
46, 240, 24, 100
46, 274, 24, 83
46, 179, 24, 26
46, 181, 24, 84
46, 280, 24, 59
46, 121, 24, 39
46, 60, 24, 84
46, 93, 24, 66
46, 184, 24, 32
46, 127, 24, 11
46, 257, 25, 18
46, 263, 25, 15
46, 267, 25, 3
46, 12, 25, 25
46, 269, 25, 65
46, 278, 25, 99
46, 160, 25, 13
46, 161, 25, 90
46, 37, 25, 27
46, 297, 25, 55
46, 171, 25, 86
46, 182, 25, 8
46, 199, 25, 3
46, 203, 25, 17
46, 210, 25, 39
46, 94, 25, 100
46, 243, 25, 10
46, 116, 25, 29
46, 248, 25, 80
46, 127, 25, 11
46, 256, 26, 17
46, 257, 26, 18
46, 194, 26, 43
46, 227, 26, 85
46, 163, 26, 72
46, 32, 26, 12
46, 38, 26, 98
46, 264, 26, 77
46, 234, 26, 29
46, 298, 26, 100
46, 236, 26, 38
46, 50, 26, 10
46, 22, 26, 60
46, 57, 26, 12
46, 28, 26, 3
46, 191, 26, 10
46, 196, 27, 83
46, 261, 27, 48
46, 237, 27, 82
46, 272, 27, 27
46, 81, 27, 12
46, 18, 27, 1
46, 179, 27, 26
46, 148, 27, 87
46, 22, 27, 60
46, 89, 27, 58
46, 27, 27, 35
46, 189, 27, 80
46, 0, 28, 6
46, 258, 28, 66
46, 132, 28, 48
46, 297, 28, 55
46, 298, 28, 100
46, 282, 28, 61
46, 79, 28, 63
46, 113, 28, 59
46, 274, 28, 83
46, 279, 28, 38
46, 250, 28, 48
46, 220, 28, 71
46, 61, 28, 85
46, 190, 28, 97
46, 192, 29, 38
46, 193, 29, 44
46, 228, 29, 32
46, 294, 29, 97
46, 295, 29, 14
46, 103, 29, 50
46, 190, 29, 97
46, 141, 29, 72
46, 205, 29, 8
46, 114, 29, 53
46, 277, 29, 61
46, 183, 29, 78
46, 280, 29, 59
46, 284, 29, 89
46, 30, 29, 67
46, 224, 30, 8
46, 233, 30, 39
46, 241, 30, 6
46, 278, 30, 99
46, 88, 30, 61
46, 31, 30, 49
46, 288, 31, 74
46, 228, 31, 32
46, 134, 31, 1
46, 166, 31, 82
46, 12, 31, 25
46, 143, 31, 44
46, 208, 31, 27
46, 80, 31, 61
46, 87, 31, 46
46, 24, 31, 36
46, 124, 31, 19
46, 61, 31, 85
46, 227, 32, 85
46, 292, 32, 9
46, 196, 32, 83
46, 38, 32, 98
46, 263, 32, 15
46, 255, 32, 8
46, 41, 32, 62
46, 234, 32, 29
46, 237, 32, 82
46, 46, 32, 33
46, 145, 32, 94
46, 242, 32, 74
46, 148, 32, 87
46, 30, 32, 67
46, 191, 32, 10
46, 201, 33, 87
46, 75, 33, 35
46, 15, 33, 53
46, 121, 33, 39
46, 250, 33, 48
46, 220, 33, 71
46, 224, 34, 8
46, 193, 34, 44
46, 262, 34, 54
46, 207, 34, 73
46, 272, 34, 27
46, 81, 34, 12
46, 51, 34, 96
46, 250, 34, 48
46, 189, 34, 80
46, 196, 35, 83
46, 264, 35, 77
46, 42, 35, 58
46, 203, 35, 17
46, 113, 35, 59
46, 114, 35, 53
46, 182, 35, 8
46, 30, 35, 67
46, 32, 36, 12
46, 36, 36, 32
46, 37, 36, 27
46, 196, 36, 83
46, 43, 36, 54
46, 147, 36, 98
46, 52, 36, 16
46, 188, 36, 99
46, 29, 36, 33
46, 121, 37, 39
46, 290, 37, 47
46, 8, 37, 32
46, 172, 37, 32
46, 83, 37, 51
46, 153, 37, 81
46, 250, 37, 48
46, 25, 37, 21
46, 2, 38, 26
46, 165, 38, 17
46, 200, 38, 96
46, 73, 38, 4
46, 74, 38, 55
46, 11, 38, 90
46, 76, 38, 9
46, 152, 38, 10
46, 186, 38, 54
46, 94, 38, 100
46, 216, 38, 32
46, 288, 39, 74
46, 259, 39, 100
46, 260, 39, 59
46, 164, 39, 13
46, 263, 39, 15
46, 297, 39, 55
46, 233, 39, 39
46, 267, 39, 3
46, 265, 39, 96
46, 236, 39, 38
46, 234, 39, 29
46, 141, 39, 72
46, 277, 39, 61
46, 250, 39, 48
46, 190, 39, 97
46, 255, 39, 8
46, 256, 40, 17
46, 129, 40, 23
46, 272, 40, 27
46, 16, 40, 62
46, 278, 40, 99
46, 292, 40, 9
46, 172, 40, 32
46, 179, 40, 26
46, 57, 40, 12
46, 66, 40, 7
46, 70, 40, 14
46, 73, 40, 4
46, 203, 40, 17
46, 76, 40, 9
46, 83, 40, 51
46, 215, 40, 82
46, 222, 40, 11
46, 100, 40, 17
46, 110, 40, 70
46, 68, 41, 71
46, 132, 41, 48
46, 84, 41, 17
46, 87, 41, 46
46, 184, 41, 32
46, 217, 41, 45
46, 291, 42, 15
46, 131, 42, 33
46, 199, 42, 3
46, 233, 42, 39
46, 109, 42, 10
46, 208, 42, 27
46, 125, 42, 71
46, 133, 43, 19
46, 262, 43, 54
46, 266, 43, 10
46, 269, 43, 65
46, 281, 43, 72
46, 158, 43, 62
46, 160, 43, 13
46, 162, 43, 33
46, 292, 43, 9
46, 294, 43, 97
46, 42, 43, 58
46, 43, 43, 54
46, 178, 43, 8
46, 189, 43, 80
46, 73, 43, 4
46, 208, 43, 27
46, 225, 43, 24
46, 100, 43, 17
46, 127, 43, 11
46, 64, 44, 59
46, 192, 44, 38
46, 201, 44, 87
46, 144, 44, 39
46, 242, 44, 74
46, 55, 44, 14
46, 248, 44, 80
46, 123, 44, 72
46, 158, 44, 62
46, 36, 45, 32
46, 230, 45, 92
46, 267, 45, 3
46, 299, 45, 10
46, 142, 45, 25
46, 21, 45, 41
46, 152, 45, 10
46, 282, 45, 61
46, 28, 45, 3
46, 159, 45, 33
46, 224, 46, 8
46, 161, 46, 90
46, 64, 46, 59
46, 35, 46, 18
46, 228, 46, 32
46, 165, 46, 17
46, 198, 46, 80
46, 133, 46, 19
46, 296, 46, 96
46, 105, 46, 6
46, 29, 46, 33
46, 18, 46, 1
46, 276, 46, 17
46, 185, 46, 10
46, 157, 46, 18
46, 128, 47, 47
46, 262, 47, 54
46, 9, 47, 5
46, 267, 47, 3
46, 33, 47, 74
46, 290, 47, 47
46, 291, 47, 15
46, 172, 47, 32
46, 48, 47, 7
46, 177, 47, 94
46, 51, 47, 96
46, 78, 47, 41
46, 89, 47, 58
46, 94, 47, 100
46, 235, 47, 95
46, 111, 47, 7
46, 240, 47, 100
46, 113, 47, 59
46, 244, 47, 27
46, 133, 48, 19
46, 261, 48, 48
46, 8, 48, 32
46, 149, 48, 8
46, 27, 48, 35
46, 287, 48, 67
46, 294, 48, 97
46, 175, 48, 56
46, 54, 48, 25
46, 66, 48, 7
46, 195, 48, 3
46, 206, 48, 87
46, 207, 48, 73
46, 209, 48, 7
46, 91, 48, 48
46, 221, 48, 82
46, 99, 48, 4
46, 107, 48, 43
46, 236, 48, 38
46, 126, 48, 40
46, 38, 49, 98
46, 10, 49, 42
46, 111, 49, 7
46, 79, 49, 63
46, 17, 49, 5
46, 243, 49, 10
46, 84, 49, 17
46, 182, 49, 8
46, 119, 49, 52
46, 70, 50, 14
46, 42, 50, 58
46, 43, 50, 54
46, 14, 50, 44
46, 156, 50, 77
46, 82, 50, 21
46, 214, 50, 39
46, 87, 50, 46
46, 219, 50, 16
46, 279, 50, 38
46, 190, 50, 97
46, 159, 50, 33
46, 259, 51, 100
46, 196, 51, 83
46, 67, 51, 9
46, 38, 51, 98
46, 264, 51, 77
46, 136, 51, 46
46, 269, 51, 65
46, 273, 51, 88
46, 146, 51, 97
46, 51, 51, 96
46, 277, 51, 61
46, 117, 51, 28
46, 182, 51, 8
46, 22, 51, 60
46, 284, 51, 89
46, 81, 52, 12
46, 118, 52, 74
46, 182, 52, 8
46, 222, 52, 11
46, 223, 52, 15
46, 257, 53, 18
46, 225, 53, 24
46, 294, 53, 97
46, 9, 53, 5
46, 106, 53, 46
46, 267, 53, 3
46, 243, 53, 10
46, 181, 53, 84
46, 54, 53, 25
46, 23, 53, 37
46, 221, 53, 82
46, 247, 53, 38
46, 29, 53, 33
46, 36, 54, 32
46, 4, 54, 3
46, 168, 54, 74
46, 209, 54, 7
46, 18, 54, 1
46, 115, 54, 55
46, 19, 54, 56
46, 213, 54, 48
46, 278, 54, 99
46, 148, 54, 87
46, 26, 54, 71
46, 251, 54, 56
46, 94, 54, 100
46, 139, 55, 87
46, 13, 55, 41
46, 147, 55, 98
46, 155, 55, 82
46, 287, 55, 67
46, 297, 55, 55
46, 299, 55, 10
46, 45, 55, 44
46, 187, 55, 72
46, 61, 55, 85
46, 192, 55, 38
46, 65, 55, 50
46, 69, 55, 40
46, 199, 55, 3
46, 205, 55, 8
46, 85, 55, 53
46, 215, 55, 82
46, 93, 55, 66
46, 104, 55, 26
46, 163, 56, 72
46, 171, 56, 86
46, 236, 56, 38
46, 114, 56, 53
46, 51, 56, 96
46, 83, 56, 51
46, 277, 56, 61
46, 117, 56, 28
46, 152, 56, 10
46, 281, 56, 72
46, 282, 56, 61
46, 6, 57, 56
46, 277, 57, 61
46, 152, 57, 10
46, 153, 57, 81
46, 289, 57, 51
46, 165, 57, 17
46, 299, 57, 10
46, 48, 57, 7
46, 54, 57, 25
46, 186, 57, 54
46, 60, 57, 84
46, 65, 57, 50
46, 68, 57, 71
46, 196, 57, 83
46, 205, 57, 8
46, 81, 57, 12
46, 93, 57, 66
46, 228, 57, 32
46, 102, 57, 98
46, 234, 57, 29
46, 32, 58, 12
46, 66, 58, 7
46, 232, 58, 2
46, 168, 58, 74
46, 234, 58, 29
46, 203, 58, 17
46, 275, 58, 94
46, 52, 58, 16
46, 180, 58, 85
46, 224, 59, 8
46, 66, 59, 7
46, 5, 59, 8
46, 136, 59, 46
46, 200, 59, 96
46, 205, 59, 8
46, 174, 59, 12
46, 207, 59, 73
46, 23, 59, 37
46, 96, 60, 57
46, 160, 60, 13
46, 259, 60, 100
46, 164, 60, 13
46, 133, 60, 19
46, 195, 60, 3
46, 231, 60, 14
46, 3, 60, 48
46, 9, 60, 5
46, 8, 60, 32
46, 207, 60, 73
46, 239, 60, 67
46, 17, 60, 5
46, 114, 60, 53
46, 209, 60, 7
46, 217, 60, 45
46, 218, 60, 46
46, 285, 60, 79
46, 34, 61, 32
46, 139, 61, 87
46, 108, 61, 25
46, 80, 61, 61
46, 54, 61, 25
46, 215, 61, 82
46, 216, 61, 32
46, 1, 62, 48
46, 131, 62, 33
46, 217, 62, 45
46, 294, 62, 97
46, 295, 62, 14
46, 137, 62, 88
46, 42, 62, 58
46, 237, 62, 82
46, 177, 62, 94
46, 50, 62, 10
46, 178, 62, 8
46, 20, 62, 38
46, 17, 62, 5
46, 85, 62, 53
46, 249, 62, 47
46, 34, 63, 32
46, 35, 63, 18
46, 39, 63, 10
46, 8, 63, 32
46, 41, 63, 62
46, 105, 63, 6
46, 9, 63, 5
46, 172, 63, 32
46, 108, 63, 25
46, 15, 63, 53
46, 82, 63, 21
46, 152, 63, 10
46, 217, 63, 45
46, 24, 63, 36
46, 127, 63, 11
46, 98, 64, 71
46, 290, 64, 47
46, 4, 64, 3
46, 226, 64, 96
46, 166, 64, 82
46, 104, 64, 26
46, 41, 64, 62
46, 264, 64, 77
46, 11, 64, 90
46, 267, 64, 3
46, 296, 64, 96
46, 233, 64, 39
46, 83, 64, 51
46, 86, 64, 95
46, 288, 65, 74
46, 134, 65, 1
46, 296, 65, 96
46, 17, 65, 5
46, 82, 65, 21
46, 209, 65, 7
46, 212, 65, 75
46, 183, 65, 78
46, 89, 65, 58
46, 189, 65, 80
46, 159, 65, 33
46, 128, 66, 47
46, 292, 66, 9
46, 175, 66, 56
46, 178, 66, 8
46, 180, 66, 85
46, 150, 66, 33
46, 87, 66, 46
46, 120, 66, 48
46, 154, 66, 25
46, 59, 66, 1
46, 162, 67, 33
46, 71, 67, 81
46, 135, 67, 32
46, 236, 67, 38
46, 207, 67, 73
46, 56, 67, 97
46, 4, 68, 3
46, 229, 68, 8
46, 38, 68, 98
46, 262, 68, 54
46, 6, 68, 56
46, 100, 68, 17
46, 266, 68, 10
46, 238, 68, 8
46, 146, 68, 97
46, 84, 68, 17
46, 277, 68, 61
46, 215, 68, 82
46, 154, 68, 25
46, 219, 68, 16
46, 29, 68, 33
46, 153, 69, 81
46, 194, 69, 43
46, 158, 69, 62
46, 201, 69, 87
46, 110, 69, 70
46, 114, 69, 53
46, 210, 69, 39
46, 243, 69, 10
46, 21, 69, 41
46, 213, 69, 48
46, 22, 69, 60
46, 253, 69, 22
46, 123, 69, 72
46, 29, 69, 33
46, 222, 69, 11
46, 286, 69, 84
46, 192, 70, 38
46, 258, 70, 66
46, 223, 70, 15
46, 7, 70, 54
46, 167, 70, 75
46, 298, 70, 100
46, 141, 70, 72
46, 78, 70, 41
46, 176, 70, 35
46, 19, 70, 56
46, 179, 70, 26
46, 180, 70, 85
46, 246, 70, 91
46, 122, 70, 33
46, 91, 70, 48
46, 124, 70, 19
46, 127, 70, 11
46, 131, 71, 33
46, 264, 71, 77
46, 269, 71, 65
46, 173, 71, 75
46, 210, 71, 39
46, 32, 72, 12
46, 193, 72, 44
46, 160, 72, 13
46, 4, 72, 3
46, 70, 72, 14
46, 39, 72, 10
46, 295, 72, 14
46, 201, 72, 87
46, 218, 72, 46
46, 299, 72, 10
46, 107, 72, 43
46, 235, 72, 95
46, 208, 72, 27
46, 213, 72, 48
46, 182, 72, 8
46, 90, 72, 18
46, 262, 73, 54
46, 171, 73, 86
46, 270, 73, 62
46, 145, 73, 94
46, 91, 73, 48
46, 257, 74, 18
46, 131, 74, 33
46, 111, 74, 7
46, 51, 74, 96
46, 116, 74, 29
46, 217, 74, 45
46, 122, 74, 33
46, 36, 75, 32
46, 72, 75, 58
46, 299, 75, 10
46, 83, 75, 51
46, 276, 75, 17
46, 180, 75, 85
46, 89, 75, 58
46, 28, 75, 3
46, 221, 75, 82
46, 291, 76, 15
46, 187, 76, 72
46, 273, 76, 88
46, 212, 76, 75
46, 117, 76, 28
46, 59, 76, 1
46, 127, 76, 11
46, 64, 77, 59
46, 257, 77, 18
46, 289, 77, 51
46, 227, 77, 85
46, 260, 77, 59
46, 34, 77, 32
46, 74, 77, 55
46, 107, 77, 43
46, 266, 77, 10
46, 80, 77, 61
46, 17, 77, 5
46, 210, 77, 39
46, 19, 77, 56
46, 278, 77, 99
46, 190, 77, 97
46, 64, 78, 59
46, 32, 78, 12
46, 34, 78, 32
46, 161, 78, 90
46, 4, 78, 3
46, 135, 78, 32
46, 296, 78, 96
46, 170, 78, 9
46, 268, 78, 12
46, 13, 78, 41
46, 271, 78, 65
46, 145, 78, 94
46, 177, 78, 94
46, 243, 78, 10
46, 277, 78, 61
46, 21, 78, 41
46, 25, 78, 21
46, 61, 78, 85
46, 256, 79, 17
46, 32, 79, 12
46, 160, 79, 13
46, 35, 79, 18
46, 261, 79, 48
46, 154, 79, 25
46, 137, 79, 88
46, 299, 79, 10
46, 12, 79, 25
46, 238, 79, 8
46, 114, 79, 53
46, 180, 79, 85
46, 245, 79, 66
46, 276, 79, 17
46, 186, 79, 54
46, 223, 79, 15
46, 1, 80, 48
46, 263, 80, 15
46, 266, 80, 10
46, 140, 80, 64
46, 273, 80, 88
46, 277, 80, 61
46, 278, 80, 99
46, 33, 80, 74
46, 43, 80, 54
46, 46, 80, 33
46, 179, 80, 26
46, 56, 80, 97
46, 58, 80, 78
46, 193, 80, 44
46, 77, 80, 91
46, 82, 80, 21
46, 90, 80, 18
46, 96, 80, 57
46, 99, 80, 4
46, 244, 80, 27
46, 40, 81, 60
46, 169, 81, 40
46, 9, 81, 5
46, 171, 81, 86
46, 111, 81, 7
46, 16, 81, 62
46, 242, 81, 74
46, 19, 81, 56
46, 22, 81, 60
46, 152, 81, 10
46, 26, 81, 71
46, 283, 81, 52
46, 92, 81, 95
46, 223, 81, 15
46, 257, 82, 18
46, 129, 82, 23
46, 131, 82, 33
46, 275, 82, 94
46, 21, 82, 41
46, 23, 82, 37
46, 154, 82, 25
46, 33, 82, 74
46, 170, 82, 9
46, 183, 82, 78
46, 184, 82, 32
46, 57, 82, 12
46, 84, 82, 17
46, 89, 82, 58
46, 102, 82, 98
46, 232, 82, 2
46, 234, 82, 29
46, 111, 82, 7
46, 241, 82, 6
46, 125, 82, 71
46, 256, 83, 17
46, 97, 83, 17
46, 168, 83, 74
46, 270, 83, 62
46, 207, 83, 73
46, 46, 83, 33
46, 242, 83, 74
46, 20, 83, 38
46, 244, 83, 27
46, 253, 83, 22
46, 286, 83, 84
46, 97, 84, 17
46, 203, 84, 17
46, 12, 84, 25
46, 269, 84, 65
46, 111, 84, 7
46, 148, 84, 87
46, 244, 84, 27
46, 31, 84, 49
46, 128, 85, 47
46, 172, 85, 32
46, 236, 85, 38
46, 147, 85, 98
46, 117, 85, 28
46, 216, 85, 32
46, 58, 85, 78
46, 284, 85, 89
46, 69, 86, 40
46, 232, 86, 2
46, 41, 86, 62
46, 139, 86, 87
46, 116, 86, 29
46, 97, 87, 17
46, 98, 87, 71
46, 67, 87, 9
46, 229, 87, 8
46, 136, 87, 46
46, 269, 87, 65
46, 175, 87, 56
46, 17, 87, 5
46, 245, 87, 66
46, 278, 87, 99
46, 118, 87, 74
46, 181, 87, 84
46, 58, 87, 78
46, 192, 88, 38
46, 164, 88, 13
46, 198, 88, 80
46, 38, 88, 98
46, 41, 88, 62
46, 11, 88, 90
46, 178, 88, 8
46, 51, 88, 96
46, 21, 88, 41
46, 86, 88, 95
46, 215, 88, 82
46, 27, 88, 35
46, 260, 89, 59
46, 6, 89, 56
46, 9, 89, 5
46, 12, 89, 25
46, 144, 89, 39
46, 145, 89, 94
46, 149, 89, 8
46, 162, 89, 33
46, 169, 89, 40
46, 177, 89, 94
46, 182, 89, 8
46, 184, 89, 32
46, 193, 89, 44
46, 210, 89, 39
46, 216, 89, 32
46, 223, 89, 15
46, 106, 89, 46
46, 239, 89, 67
46, 118, 89, 74
46, 119, 89, 52
46, 35, 90, 18
46, 227, 90, 85
46, 200, 90, 96
46, 169, 90, 40
46, 264, 90, 77
46, 240, 90, 100
46, 145, 90, 94
46, 210, 90, 39
46, 247, 90, 38
46, 26, 90, 71
46, 189, 90, 80
46, 190, 90, 97
46, 159, 90, 33
46, 32, 91, 12
46, 196, 91, 83
46, 233, 91, 39
46, 237, 91, 82
46, 208, 91, 27
46, 84, 91, 17
46, 124, 91, 19
46, 223, 91, 15
46, 139, 92, 87
46, 14, 92, 44
46, 274, 92, 83
46, 28, 92, 3
46, 287, 92, 67
46, 161, 92, 90
46, 44, 92, 88
46, 181, 92, 84
46, 182, 92, 8
46, 185, 92, 10
46, 195, 92, 3
46, 205, 92, 8
46, 78, 92, 41
46, 86, 92, 95
46, 88, 92, 61
46, 97, 92, 17
46, 109, 92, 10
46, 110, 92, 70
46, 254, 92, 22
46, 65, 93, 50
46, 193, 93, 44
46, 289, 93, 51
46, 164, 93, 13
46, 58, 93, 78
46, 287, 93, 67
46, 261, 93, 48
46, 8, 93, 32
46, 205, 93, 8
46, 110, 93, 70
46, 175, 93, 56
46, 15, 93, 53
46, 145, 93, 94
46, 146, 93, 97
46, 22, 93, 60
46, 154, 93, 25
46, 155, 93, 82
46, 191, 93, 10
46, 290, 94, 47
46, 166, 94, 82
46, 39, 94, 10
46, 42, 94, 58
46, 75, 94, 35
46, 80, 94, 61
46, 180, 94, 85
46, 21, 94, 41
46, 87, 94, 46
46, 188, 94, 99
46, 224, 95, 8
46, 192, 95, 38
46, 226, 95, 96
46, 4, 95, 3
46, 100, 95, 17
46, 70, 95, 14
46, 38, 95, 98
46, 73, 95, 4
46, 299, 95, 10
46, 75, 95, 35
46, 270, 95, 62
46, 47, 95, 30
46, 272, 95, 27
46, 17, 95, 5
46, 240, 95, 100
46, 57, 95, 12
46, 222, 95, 11
46, 31, 95, 49
46, 97, 96, 17
46, 35, 96, 18
46, 100, 96, 17
46, 197, 96, 85
46, 265, 96, 96
46, 109, 96, 10
46, 273, 96, 88
46, 248, 96, 80
46, 32, 97, 12
46, 194, 97, 43
46, 226, 97, 96
46, 90, 97, 18
46, 166, 97, 82
46, 295, 97, 14
46, 139, 97, 87
46, 236, 97, 38
46, 78, 97, 41
46, 239, 97, 67
46, 272, 97, 27
46, 273, 97, 88
46, 180, 97, 85
46, 21, 97, 41
46, 214, 97, 39
46, 183, 97, 78
46, 186, 97, 54
46, 253, 97, 22
46, 67, 98, 9
46, 197, 98, 85
46, 102, 98, 98
46, 40, 98, 60
46, 201, 98, 87
46, 266, 98, 10
46, 299, 98, 10
46, 238, 98, 8
46, 271, 98, 65
46, 80, 98, 61
46, 82, 98, 21
46, 54, 98, 25
46, 188, 98, 99
46, 99, 99, 4
46, 56, 99, 97
46, 294, 99, 97
46, 170, 99, 9
46, 107, 99, 43
46, 269, 99, 65
46, 143, 99, 44
46, 176, 99, 35
46, 209, 99, 7
46, 149, 99, 8
46, 184, 99, 32
46, 282, 99, 61
46, 251, 99, 56
46, 30, 99, 67
46, 159, 99, 33
46, 227, 100, 85
46, 231, 100, 14
46, 45, 100, 44
46, 273, 100, 88
46, 82, 100, 21
46, 243, 100, 10
46, 179, 100, 26
46, 85, 100, 53
46, 247, 100, 38
46, 57, 100, 12
46, 29, 100, 33
46, 4, 101, 3
46, 143, 101, 44
46, 156, 101, 77
46, 162, 101, 33
46, 34, 101, 32
46, 177, 101, 94
46, 180, 101, 85
46, 203, 101, 17
46, 81, 101, 12
46, 213, 101, 48
46, 216, 101, 32
46, 90, 101, 18
46, 93, 101, 66
46, 96, 101, 57
46, 231, 101, 14
46, 237, 101, 82
46, 113, 101, 59
46, 116, 101, 29
46, 246, 101, 91
46, 247, 101, 38
46, 267, 102, 3
46, 15, 102, 53
46, 278, 102, 99
46, 156, 102, 77
46, 286, 102, 84
46, 32, 102, 12
46, 33, 102, 74
46, 291, 102, 15
46, 39, 102, 10
46, 47, 102, 30
46, 51, 102, 96
46, 199, 102, 3
46, 79, 102, 63
46, 97, 102, 17
46, 233, 102, 39
46, 106, 102, 46
46, 238, 102, 8
46, 114, 102, 53
46, 115, 102, 55
46, 250, 102, 48
46, 193, 103, 44
46, 294, 103, 97
46, 27, 103, 35
46, 233, 103, 39
46, 201, 103, 87
46, 299, 103, 10
46, 235, 103, 95
46, 142, 103, 25
46, 15, 103, 53
46, 115, 103, 55
46, 20, 103, 38
46, 24, 103, 36
46, 249, 103, 47
46, 251, 103, 56
46, 92, 103, 95
46, 290, 104, 47
46, 131, 104, 33
46, 167, 104, 75
46, 297, 104, 55
46, 51, 104, 96
46, 279, 104, 38
46, 28, 104, 3
46, 257, 105, 18
46, 38, 105, 98
46, 72, 105, 58
46, 9, 105, 5
46, 106, 105, 46
46, 273, 105, 88
46, 86, 105, 95
46, 23, 105, 37
46, 155, 105, 82
46, 62, 105, 73
46, 95, 105, 88
46, 1, 106, 48
46, 259, 106, 100
46, 131, 106, 33
46, 9, 106, 5
46, 22, 106, 60
46, 26, 106, 71
46, 158, 106, 62
46, 159, 106, 33
46, 161, 106, 90
46, 291, 106, 15
46, 293, 106, 91
46, 186, 106, 54
46, 193, 106, 44
46, 206, 106, 87
46, 81, 106, 12
46, 212, 106, 75
46, 230, 106, 92
46, 243, 106, 10
46, 121, 106, 39
46, 124, 106, 19
46, 32, 107, 12
46, 196, 107, 83
46, 5, 107, 8
46, 172, 107, 32
46, 14, 107, 44
46, 26, 107, 71
46, 189, 107, 80
46, 256, 108, 17
46, 128, 108, 47
46, 217, 108, 45
46, 198, 108, 80
46, 7, 108, 54
46, 8, 108, 32
46, 234, 108, 29
46, 299, 108, 10
46, 109, 108, 10
46, 206, 108, 87
46, 242, 108, 74
46, 178, 108, 8
46, 86, 108, 95
46, 214, 108, 39
46, 153, 108, 81
46, 220, 108, 71
46, 257, 109, 18
46, 139, 109, 87
46, 268, 109, 12
46, 13, 109, 41
46, 269, 109, 65
46, 283, 109, 52
46, 167, 109, 75
46, 297, 109, 55
46, 170, 109, 9
46, 51, 109, 96
46, 59, 109, 1
46, 202, 109, 58
46, 77, 109, 91
46, 212, 109, 75
46, 86, 109, 95
46, 89, 109, 58
46, 106, 109, 46
46, 110, 109, 70
46, 112, 109, 43
46, 250, 109, 48
46, 1, 110, 48
46, 101, 110, 33
46, 11, 110, 90
46, 141, 110, 72
46, 238, 110, 8
46, 270, 110, 62
46, 146, 110, 97
46, 95, 110, 88
46, 31, 110, 49
46, 8, 111, 32
46, 10, 111, 42
46, 269, 111, 65
46, 149, 111, 8
46, 150, 111, 33
46, 280, 111, 59
46, 25, 111, 21
46, 158, 111, 62
46, 34, 111, 32
46, 171, 111, 86
46, 188, 111, 99
46, 189, 111, 80
46, 204, 111, 60
46, 85, 111, 53
46, 92, 111, 95
46, 233, 111, 39
46, 111, 111, 7
46, 243, 111, 10
46, 247, 111, 38
46, 125, 111, 71
46, 196, 112, 83
46, 207, 112, 73
46, 48, 112, 7
46, 15, 112, 53
46, 277, 112, 61
46, 254, 112, 22
46, 192, 113, 38
46, 226, 113, 96
46, 99, 113, 4
46, 197, 113, 85
46, 51, 113, 96
46, 218, 113, 46
46, 72, 114, 58
46, 73, 114, 4
46, 299, 114, 10
46, 139, 114, 87
46, 248, 114, 80
46, 253, 114, 22
46, 29, 114, 33
46, 286, 114, 84
46, 160, 115, 13
46, 69, 115, 40
46, 140, 115, 64
46, 45, 115, 44
46, 176, 115, 35
46, 115, 115, 55
46, 59, 115, 1
46, 102, 116, 98
46, 137, 116, 88
46, 234, 116, 29
46, 45, 116, 44
46, 213, 116, 48
46, 221, 116, 82
46, 0, 117, 6
46, 97, 117, 17
46, 35, 117, 18
46, 260, 117, 59
46, 164, 117, 13
46, 281, 117, 72
46, 71, 117, 81
46, 201, 117, 87
46, 142, 117, 25
46, 110, 117, 70
46, 112, 117, 43
46, 209, 117, 7
46, 181, 117, 84
46, 248, 117, 80
46, 121, 117, 39
46, 251, 117, 56
46, 223, 117, 15
46, 129, 118, 23
46, 8, 118, 32
46, 138, 118, 78
46, 106, 118, 46
46, 142, 118, 25
46, 179, 118, 26
46, 244, 118, 27
46, 150, 118, 33
46, 217, 118, 45
46, 284, 118, 89
46, 221, 118, 82
46, 224, 119, 8
46, 229, 119, 8
46, 101, 119, 33
46, 39, 119, 10
46, 10, 119, 42
46, 144, 119, 39
46, 273, 119, 88
46, 17, 119, 5
46, 51, 119, 96
46, 117, 119, 28
46, 153, 119, 81
46, 123, 119, 72
46, 92, 119, 95
46, 192, 120, 38
46, 196, 120, 83
46, 36, 120, 32
46, 114, 120, 53
46, 52, 120, 16
46, 55, 120, 14
46, 24, 120, 36
46, 27, 120, 35
46, 193, 121, 44
46, 2, 121, 26
46, 199, 121, 3
46, 40, 121, 60
46, 9, 121, 5
46, 265, 121, 96
46, 171, 121, 86
46, 168, 121, 74
46, 15, 121, 53
46, 207, 121, 73
46, 85, 121, 53
46, 117, 121, 28
46, 56, 121, 97
46, 285, 121, 79
46, 63, 121, 75
46, 96, 122, 57
46, 3, 122, 48
46, 114, 122, 53
46, 278, 122, 99
46, 24, 122, 36
46, 282, 122, 61
46, 133, 123, 19
46, 77, 123, 91
46, 110, 123, 70
46, 212, 123, 75
46, 182, 123, 8
46, 216, 123, 32
46, 249, 123, 47
46, 91, 123, 48
46, 129, 124, 23
46, 65, 124, 50
46, 102, 124, 98
46, 297, 124, 55
46, 235, 124, 95
46, 205, 124, 8
46, 238, 124, 8
46, 175, 124, 56
46, 111, 124, 7
46, 81, 124, 12
46, 206, 124, 87
46, 20, 124, 38
46, 182, 124, 8
46, 217, 124, 45
46, 96, 125, 57
46, 163, 125, 72
46, 263, 125, 15
46, 239, 125, 67
46, 187, 125, 72
46, 2, 126, 26
46, 290, 126, 47
46, 294, 126, 97
46, 204, 126, 60
46, 205, 126, 8
46, 108, 126, 25
46, 176, 126, 35
46, 211, 126, 71
46, 148, 126, 87
46, 116, 126, 29
46, 24, 126, 36
46, 185, 126, 10
46, 218, 126, 46
46, 27, 126, 35
46, 252, 126, 93
46, 93, 126, 66
46, 30, 126, 67
46, 34, 127, 32
46, 198, 127, 80
46, 70, 127, 14
46, 8, 127, 32
46, 233, 127, 39
46, 208, 127, 27
46, 152, 127, 10
46, 62, 127, 73
46, 36, 128, 32
46, 167, 128, 75
46, 202, 128, 58
46, 170, 128, 9
46, 108, 128, 25
46, 211, 128, 71
46, 212, 128, 75
46, 21, 128, 41
46, 19, 128, 56
46, 150, 128, 33
46, 253, 128, 22
46, 254, 128, 22
46, 95, 128, 88
46, 98, 129, 71
46, 258, 129, 66
46, 227, 129, 85
46, 268, 129, 12
46, 207, 129, 73
46, 90, 129, 18
46, 129, 130, 23
46, 130, 130, 68
46, 162, 130, 33
46, 99, 130, 4
46, 249, 130, 47
46, 199, 130, 3
46, 137, 130, 88
46, 11, 130, 90
46, 12, 130, 25
46, 46, 130, 33
46, 119, 130, 52
46, 246, 130, 91
46, 23, 130, 37
46, 153, 130, 81
46, 154, 130, 25
46, 25, 130, 21
46, 191, 130, 10
46, 257, 131, 18
46, 259, 131, 100
46, 165, 131, 17
46, 198, 131, 80
46, 8, 131, 32
46, 108, 131, 25
46, 207, 131, 73
46, 186, 131, 54
46, 62, 131, 73
46, 223, 131, 15
46, 104, 132, 26
46, 201, 132, 87
46, 205, 132, 8
46, 14, 132, 44
46, 111, 132, 7
46, 86, 132, 95
46, 190, 132, 97
46, 163, 133, 72
46, 292, 133, 9
46, 294, 133, 97
46, 72, 133, 58
46, 169, 133, 40
46, 104, 133, 26
46, 10, 133, 42
46, 238, 133, 8
46, 272, 133, 27
46, 81, 133, 12
46, 248, 133, 80
46, 185, 133, 10
46, 283, 133, 52
46, 287, 133, 67
46, 64, 134, 59
46, 5, 134, 8
46, 6, 134, 56
46, 7, 134, 54
46, 236, 134, 38
46, 109, 134, 10
46, 80, 134, 61
46, 82, 134, 21
46, 146, 134, 97
46, 157, 134, 18
46, 61, 134, 85
46, 167, 135, 75
46, 41, 135, 62
46, 170, 135, 9
46, 107, 135, 43
46, 299, 135, 10
46, 204, 135, 60
46, 269, 135, 65
46, 18, 135, 1
46, 22, 135, 60
46, 23, 135, 37
46, 89, 135, 58
46, 32, 136, 12
46, 290, 136, 47
46, 260, 136, 59
46, 174, 136, 12
46, 20, 136, 38
46, 118, 136, 74
46, 29, 136, 33
46, 103, 137, 50
46, 199, 137, 3
46, 105, 137, 6
46, 169, 137, 40
46, 77, 137, 91
46, 46, 137, 33
46, 111, 137, 7
46, 48, 137, 7
46, 82, 137, 21
46, 18, 137, 1
46, 52, 137, 16
46, 276, 137, 17
46, 23, 137, 37
46, 216, 137, 32
46, 285, 137, 79
46, 189, 137, 80
46, 66, 138, 7
46, 136, 138, 46
46, 9, 138, 5
46, 264, 138, 77
46, 43, 138, 54
46, 140, 138, 64
46, 175, 138, 56
46, 21, 138, 41
46, 149, 138, 8
46, 214, 138, 39
46, 280, 138, 59
46, 159, 138, 33
46, 128, 139, 47
46, 1, 139, 48
46, 8, 139, 32
46, 168, 139, 74
46, 74, 139, 55
46, 238, 139, 8
46, 15, 139, 53
46, 241, 139, 6
46, 52, 139, 16
46, 155, 139, 82
46, 4, 140, 3
46, 165, 140, 17
46, 39, 140, 10
46, 42, 140, 58
46, 76, 140, 9
46, 46, 140, 33
46, 143, 140, 44
46, 80, 140, 61
46, 274, 140, 83
46, 20, 140, 38
46, 281, 140, 72
46, 26, 140, 71
46, 251, 140, 56
46, 133, 141, 19
46, 103, 141, 50
46, 268, 141, 12
46, 81, 141, 12
46, 209, 141, 7
46, 232, 142, 2
46, 218, 142, 46
46, 169, 142, 40
46, 11, 142, 90
46, 44, 142, 88
46, 111, 142, 7
46, 240, 142, 100
46, 80, 142, 61
46, 184, 142, 32
46, 119, 142, 52
46, 279, 142, 38
46, 56, 142, 97
46, 121, 142, 39
46, 58, 142, 78
46, 188, 142, 99
46, 62, 142, 73
46, 286, 142, 84
46, 1, 143, 48
46, 3, 143, 48
46, 102, 143, 98
46, 113, 143, 59
46, 50, 143, 10
46, 1, 144, 48
46, 292, 144, 9
46, 101, 144, 33
46, 135, 144, 32
46, 136, 144, 46
46, 239, 144, 67
46, 148, 144, 87
46, 21, 144, 41
46, 84, 144, 17
46, 121, 144, 39
46, 250, 144, 48
46, 27, 144, 35
46, 29, 144, 33
46, 25, 144, 21
46, 223, 144, 15
46, 199, 145, 3
46, 265, 145, 96
46, 42, 145, 58
46, 237, 145, 82
46, 52, 145, 16
46, 247, 145, 38
46, 24, 145, 36
46, 121, 145, 39
46, 1, 146, 48
46, 141, 146, 72
46, 274, 146, 83
46, 154, 146, 25
46, 29, 146, 33
46, 170, 146, 9
46, 173, 146, 75
46, 50, 146, 10
46, 188, 146, 99
46, 192, 146, 38
46, 69, 146, 40
46, 72, 146, 58
46, 73, 146, 4
46, 77, 146, 91
46, 235, 146, 95
46, 239, 146, 67
46, 243, 146, 10
46, 246, 146, 91
46, 123, 146, 72
46, 254, 146, 22
46, 288, 147, 74
46, 34, 147, 32
46, 2, 147, 26
46, 261, 147, 48
46, 39, 147, 10
46, 263, 147, 15
46, 233, 147, 39
46, 296, 147, 96
46, 173, 147, 75
46, 242, 147, 74
46, 243, 147, 10
46, 244, 147, 27
46, 87, 147, 46
46, 90, 147, 18
46, 189, 147, 80
46, 31, 147, 49
46, 101, 148, 33
46, 198, 148, 80
46, 169, 148, 40
46, 298, 148, 100
46, 202, 148, 58
46, 140, 148, 64
46, 109, 148, 10
46, 206, 148, 87
46, 50, 148, 10
46, 51, 148, 96
46, 52, 148, 16
46, 85, 148, 53
46, 149, 148, 8
46, 20, 148, 38
46, 55, 148, 14
46, 178, 148, 8
46, 186, 148, 54
46, 251, 148, 56
46, 256, 149, 17
46, 194, 149, 43
46, 133, 149, 19
46, 198, 149, 80
46, 203, 149, 17
46, 267, 149, 3
46, 141, 149, 72
46, 242, 149, 74
46, 51, 149, 96
46, 116, 149, 29
46, 115, 149, 55
46, 214, 149, 39
46, 216, 149, 32
46, 29, 149, 33
