150, 300, 15
45, 264, 0, 43
45, 10, 0, 54
45, 13, 0, 29
45, 142, 0, 56
45, 15, 0, 12
45, 14, 0, 4
45, 151, 0, 1
45, 158, 0, 33
45, 30, 0, 40
45, 42, 0, 81
45, 189, 0, 93
45, 61, 0, 85
45, 191, 0, 95
45, 68, 0, 14
45, 200, 0, 91
45, 75, 0, 92
45, 210, 0, 89
45, 216, 0, 27
45, 244, 0, 18
45, 67, 1, 39
45, 227, 1, 17
45, 99, 1, 68
45, 103, 1, 83
45, 7, 1, 29
45, 296, 1, 35
45, 45, 1, 92
45, 114, 1, 28
45, 85, 1, 17
45, 86, 1, 18
45, 88, 1, 55
45, 281, 1, 30
45, 124, 1, 97
45, 192, 2, 50
45, 257, 2, 28
45, 54, 2, 15
45, 247, 2, 3
45, 121, 2, 72
45, 219, 2, 22
45, 190, 2, 44
45, 96, 3, 1
45, 161, 3, 89
45, 194, 3, 95
45, 290, 3, 8
45, 100, 3, 9
45, 97, 3, 45
45, 169, 3, 37
45, 265, 3, 67
45, 282, 3, 53
45, 171, 3, 38
45, 44, 3, 70
45, 47, 3, 91
45, 240, 3, 94
45, 211, 3, 100
45, 152, 3, 27
45, 218, 3, 5
45, 252, 3, 59
45, 190, 3, 44
45, 260, 4, 39
45, 37, 4, 98
45, 73, 4, 90
45, 174, 4, 50
45, 112, 4, 75
45, 145, 4, 78
45, 82, 4, 5
45, 19, 4, 76
45, 114, 4, 28
45, 212, 4, 88
45, 185, 4, 77
45, 29, 4, 10
45, 132, 5, 12
45, 196, 5, 75
45, 103, 5, 83
45, 105, 5, 61
45, 233, 5, 83
45, 267, 5, 84
45, 108, 5, 88
45, 76, 5, 29
45, 11, 5, 37
45, 113, 5, 20
45, 17, 5, 67
45, 209, 5, 69
45, 88, 5, 55
45, 185, 5, 77
45, 28, 5, 81
45, 222, 5, 70
45, 0, 6, 26
45, 2, 6, 66
45, 140, 6, 21
45, 282, 6, 53
45, 156, 6, 85
45, 163, 6, 73
45, 165, 6, 44
45, 296, 6, 35
45, 180, 6, 65
45, 186, 6, 35
45, 187, 6, 52
45, 191, 6, 95
45, 193, 6, 63
45, 68, 6, 14
45, 221, 6, 9
45, 95, 6, 15
45, 234, 6, 22
45, 238, 6, 30
45, 239, 6, 80
45, 246, 6, 99
45, 290, 7, 8
45, 199, 7, 10
45, 201, 7, 13
45, 203, 7, 36
45, 176, 7, 74
45, 240, 7, 94
45, 18, 7, 25
45, 186, 7, 35
45, 188, 7, 29
45, 93, 7, 62
45, 63, 7, 19
45, 164, 8, 20
45, 260, 8, 39
45, 112, 8, 75
45, 20, 8, 40
45, 283, 8, 8
45, 28, 8, 81
45, 30, 8, 40
45, 159, 9, 92
45, 131, 9, 93
45, 293, 9, 64
45, 147, 9, 93
45, 278, 9, 82
45, 63, 9, 19
45, 192, 10, 50
45, 97, 10, 45
45, 255, 10, 15
45, 100, 10, 9
45, 170, 10, 3
45, 148, 10, 94
45, 63, 10, 19
45, 225, 11, 77
45, 258, 11, 47
45, 103, 11, 83
45, 59, 11, 44
45, 235, 11, 50
45, 172, 11, 9
45, 111, 11, 24
45, 49, 11, 22
45, 276, 11, 82
45, 53, 11, 20
45, 54, 11, 15
45, 247, 11, 3
45, 88, 11, 55
45, 155, 11, 86
45, 225, 12, 77
45, 259, 12, 51
45, 294, 12, 57
45, 281, 12, 30
45, 242, 12, 95
45, 115, 12, 56
45, 280, 12, 76
45, 121, 12, 72
45, 127, 12, 5
45, 254, 12, 19
45, 63, 12, 19
45, 128, 13, 70
45, 162, 13, 93
45, 36, 13, 78
45, 70, 13, 79
45, 39, 13, 61
45, 264, 13, 43
45, 172, 13, 9
45, 204, 13, 42
45, 14, 13, 4
45, 78, 13, 95
45, 179, 13, 14
45, 275, 13, 36
45, 20, 13, 40
45, 121, 13, 72
45, 282, 13, 53
45, 283, 13, 8
45, 95, 13, 15
45, 231, 14, 40
45, 9, 14, 14
45, 58, 14, 36
45, 285, 14, 25
45, 159, 14, 92
45, 261, 15, 38
45, 72, 15, 70
45, 75, 15, 92
45, 110, 15, 35
45, 91, 15, 69
45, 93, 15, 62
45, 226, 16, 76
45, 36, 16, 78
45, 261, 16, 38
45, 100, 16, 9
45, 299, 16, 10
45, 235, 16, 50
45, 109, 16, 29
45, 142, 16, 56
45, 243, 16, 75
45, 22, 16, 91
45, 184, 16, 41
45, 123, 16, 27
45, 286, 16, 45
45, 192, 17, 50
45, 290, 17, 8
45, 255, 17, 15
45, 165, 17, 44
45, 230, 17, 30
45, 266, 17, 4
45, 235, 17, 50
45, 207, 17, 33
45, 49, 17, 22
45, 274, 17, 84
45, 178, 17, 43
45, 24, 17, 27
45, 123, 17, 27
45, 189, 17, 93
45, 216, 17, 27
45, 257, 18, 28
45, 35, 18, 32
45, 67, 18, 39
45, 235, 18, 50
45, 155, 18, 86
45, 239, 18, 80
45, 156, 18, 85
45, 276, 18, 82
45, 116, 18, 97
45, 216, 18, 27
45, 185, 18, 77
45, 187, 18, 52
45, 124, 18, 97
45, 223, 18, 82
45, 231, 19, 40
45, 74, 19, 64
45, 16, 19, 39
45, 18, 19, 25
45, 213, 19, 70
45, 216, 19, 27
45, 32, 20, 93
45, 67, 20, 39
45, 38, 20, 42
45, 168, 20, 74
45, 110, 20, 35
45, 150, 20, 18
45, 90, 20, 29
45, 91, 20, 69
45, 62, 20, 78
45, 138, 21, 75
45, 289, 21, 71
45, 292, 21, 46
45, 166, 21, 90
45, 296, 21, 35
45, 169, 21, 37
45, 40, 21, 90
45, 171, 21, 38
45, 175, 21, 27
45, 180, 21, 65
45, 181, 21, 56
45, 55, 21, 85
45, 189, 21, 93
45, 64, 21, 37
45, 76, 21, 29
45, 104, 21, 11
45, 105, 21, 61
45, 111, 21, 24
45, 116, 21, 97
45, 129, 22, 59
45, 35, 22, 32
45, 294, 22, 57
45, 269, 22, 31
45, 89, 22, 90
45, 28, 22, 81
45, 162, 23, 93
45, 67, 23, 39
45, 4, 23, 10
45, 42, 23, 81
45, 12, 23, 56
45, 46, 23, 47
45, 176, 23, 74
45, 112, 23, 75
45, 182, 23, 23
45, 55, 23, 85
45, 153, 23, 58
45, 26, 23, 75
45, 27, 23, 72
45, 158, 23, 33
45, 31, 23, 34
45, 193, 24, 63
45, 68, 24, 14
45, 90, 24, 29
45, 37, 24, 98
45, 136, 24, 26
45, 138, 24, 75
45, 269, 24, 31
45, 15, 24, 12
45, 207, 24, 33
45, 243, 24, 75
45, 245, 24, 62
45, 23, 24, 80
45, 152, 24, 27
45, 24, 24, 27
45, 218, 24, 5
45, 34, 25, 33
45, 99, 25, 68
45, 260, 25, 39
45, 36, 25, 78
45, 10, 25, 54
45, 145, 25, 78
45, 212, 25, 88
45, 214, 25, 88
45, 55, 25, 85
45, 22, 25, 91
45, 221, 25, 9
45, 191, 25, 95
45, 261, 26, 38
45, 133, 26, 72
45, 138, 26, 75
45, 139, 26, 65
45, 268, 26, 8
45, 269, 26, 31
45, 146, 26, 76
45, 275, 26, 36
45, 161, 26, 89
45, 163, 26, 73
45, 297, 26, 53
45, 44, 26, 70
45, 174, 26, 50
45, 179, 26, 14
45, 70, 26, 79
45, 86, 26, 18
45, 88, 26, 55
45, 93, 26, 62
45, 104, 26, 11
45, 119, 26, 69
45, 2, 27, 66
45, 228, 27, 85
45, 69, 27, 27
45, 295, 27, 53
45, 43, 27, 85
45, 46, 27, 47
45, 174, 27, 50
45, 178, 27, 43
45, 220, 27, 57
45, 84, 27, 51
45, 214, 27, 88
45, 184, 27, 41
45, 124, 27, 97
45, 126, 27, 84
45, 223, 27, 82
45, 140, 28, 21
45, 270, 28, 86
45, 153, 28, 58
45, 32, 28, 93
45, 289, 28, 71
45, 166, 28, 90
45, 167, 28, 31
45, 38, 28, 42
45, 176, 28, 74
45, 67, 28, 39
45, 71, 28, 41
45, 73, 28, 90
45, 204, 28, 42
45, 80, 28, 92
45, 92, 28, 6
45, 234, 28, 22
45, 111, 28, 24
45, 116, 28, 97
45, 245, 28, 62
45, 225, 29, 77
45, 201, 29, 13
45, 169, 29, 37
45, 11, 29, 37
45, 46, 29, 47
45, 51, 29, 96
45, 115, 29, 56
45, 214, 29, 88
45, 150, 29, 18
45, 121, 29, 72
45, 27, 29, 72
45, 94, 29, 99
45, 31, 29, 34
45, 234, 30, 22
45, 138, 30, 75
45, 273, 30, 81
45, 274, 30, 84
45, 243, 30, 75
45, 116, 30, 97
45, 246, 30, 99
45, 187, 30, 52
45, 127, 30, 5
45, 297, 31, 53
45, 18, 31, 25
45, 52, 31, 57
45, 150, 31, 18
45, 153, 31, 58
45, 99, 32, 68
45, 259, 32, 51
45, 265, 32, 67
45, 298, 32, 19
45, 77, 32, 16
45, 271, 32, 48
45, 242, 32, 95
45, 115, 32, 56
45, 117, 32, 76
45, 216, 32, 27
45, 284, 32, 67
45, 62, 32, 78
45, 5, 33, 51
45, 6, 33, 42
45, 142, 33, 56
45, 14, 33, 4
45, 287, 33, 53
45, 40, 33, 90
45, 169, 33, 37
45, 173, 33, 58
45, 47, 33, 91
45, 48, 33, 85
45, 185, 33, 77
45, 191, 33, 95
45, 219, 33, 22
45, 94, 33, 99
45, 225, 33, 77
45, 230, 33, 30
45, 109, 33, 29
45, 113, 33, 20
45, 245, 33, 62
45, 8, 34, 60
45, 10, 34, 54
45, 267, 34, 84
45, 22, 34, 91
45, 25, 34, 86
45, 29, 34, 10
45, 39, 34, 61
45, 297, 34, 53
45, 298, 34, 19
45, 172, 34, 9
45, 180, 34, 65
45, 197, 34, 29
45, 72, 34, 70
45, 75, 34, 92
45, 204, 34, 42
45, 212, 34, 88
45, 85, 34, 17
45, 87, 34, 41
45, 96, 34, 1
45, 118, 34, 40
45, 33, 35, 97
45, 103, 35, 83
45, 202, 35, 17
45, 139, 35, 65
45, 173, 35, 58
45, 79, 35, 11
45, 272, 35, 93
45, 58, 35, 36
45, 1, 36, 59
45, 7, 36, 29
45, 264, 36, 43
45, 11, 36, 37
45, 143, 36, 75
45, 275, 36, 36
45, 30, 36, 40
45, 174, 36, 50
45, 48, 36, 85
45, 188, 36, 29
45, 190, 36, 44
45, 197, 36, 29
45, 74, 36, 64
45, 203, 36, 36
45, 76, 36, 29
45, 83, 36, 31
45, 90, 36, 29
45, 95, 36, 15
45, 235, 36, 50
45, 89, 37, 90
45, 66, 37, 70
45, 7, 37, 29
45, 201, 37, 13
45, 234, 37, 22
45, 109, 37, 29
45, 173, 37, 58
45, 269, 37, 31
45, 240, 37, 94
45, 179, 37, 14
45, 85, 37, 17
45, 56, 37, 28
45, 217, 37, 68
45, 254, 37, 19
45, 225, 38, 77
45, 37, 38, 98
45, 167, 38, 31
45, 73, 38, 90
45, 119, 38, 69
45, 215, 38, 66
45, 220, 38, 57
45, 97, 39, 45
45, 5, 39, 51
45, 198, 39, 95
45, 167, 39, 31
45, 233, 39, 83
45, 138, 39, 75
45, 171, 39, 38
45, 108, 39, 88
45, 46, 39, 47
45, 240, 39, 94
45, 177, 39, 40
45, 280, 39, 76
45, 25, 39, 86
45, 95, 39, 15
45, 165, 40, 44
45, 122, 40, 8
45, 135, 40, 30
45, 104, 40, 11
45, 201, 40, 13
45, 46, 40, 47
45, 143, 40, 75
45, 188, 40, 29
45, 84, 40, 51
45, 149, 40, 17
45, 247, 40, 3
45, 26, 40, 75
45, 284, 40, 67
45, 162, 41, 93
45, 58, 41, 36
45, 261, 41, 38
45, 271, 41, 48
45, 83, 41, 31
45, 183, 41, 80
45, 248, 41, 54
45, 56, 41, 28
45, 193, 42, 63
45, 66, 42, 70
45, 258, 42, 47
45, 40, 42, 90
45, 140, 42, 21
45, 15, 42, 12
45, 80, 42, 92
45, 50, 42, 8
45, 148, 42, 94
45, 66, 43, 70
45, 262, 43, 39
45, 208, 43, 82
45, 118, 43, 40
45, 55, 43, 85
45, 165, 44, 44
45, 70, 44, 79
45, 232, 44, 61
45, 264, 44, 43
45, 141, 44, 60
45, 144, 44, 63
45, 48, 44, 85
45, 18, 44, 25
45, 275, 44, 36
45, 80, 44, 92
45, 19, 44, 76
45, 54, 44, 15
45, 185, 44, 77
45, 157, 44, 24
45, 254, 44, 19
45, 196, 45, 75
45, 197, 45, 29
45, 36, 45, 78
45, 13, 45, 29
45, 79, 45, 11
45, 143, 45, 75
45, 277, 45, 45
45, 24, 45, 27
45, 185, 45, 77
45, 219, 45, 22
45, 94, 45, 99
45, 35, 46, 32
45, 228, 46, 85
45, 102, 46, 56
45, 265, 46, 67
45, 74, 46, 64
45, 42, 46, 81
45, 237, 46, 99
45, 176, 46, 74
45, 240, 46, 94
45, 246, 46, 99
45, 94, 46, 99
45, 89, 46, 90
45, 154, 46, 21
45, 252, 46, 59
45, 25, 46, 86
45, 127, 46, 5
45, 288, 47, 67
45, 32, 47, 93
45, 226, 47, 76
45, 291, 47, 97
45, 99, 47, 68
45, 133, 47, 72
45, 72, 47, 70
45, 41, 47, 30
45, 74, 47, 64
45, 202, 47, 17
45, 207, 47, 33
45, 16, 47, 39
45, 177, 47, 40
45, 211, 47, 100
45, 214, 47, 88
45, 190, 47, 44
45, 157, 47, 24
45, 158, 47, 33
45, 192, 48, 50
45, 130, 48, 90
45, 163, 48, 73
45, 4, 48, 10
45, 2, 48, 66
45, 198, 48, 95
45, 138, 48, 75
45, 205, 48, 5
45, 83, 48, 31
45, 216, 48, 27
45, 157, 48, 24
45, 258, 49, 47
45, 259, 49, 51
45, 132, 49, 12
45, 35, 49, 32
45, 137, 49, 23
45, 74, 49, 64
45, 175, 49, 27
45, 218, 49, 5
45, 191, 49, 95
45, 256, 50, 26
45, 131, 50, 93
45, 294, 50, 57
45, 295, 50, 53
45, 102, 50, 56
45, 6, 50, 42
45, 155, 50, 86
45, 78, 50, 95
45, 114, 50, 28
45, 21, 50, 45
45, 53, 50, 20
45, 122, 50, 8
45, 219, 50, 22
45, 156, 50, 85
45, 286, 50, 45
45, 227, 51, 17
45, 4, 51, 10
45, 38, 51, 42
45, 142, 51, 56
45, 208, 51, 82
45, 93, 51, 62
45, 277, 51, 45
45, 150, 51, 18
45, 22, 51, 91
45, 189, 51, 93
45, 34, 52, 33
45, 201, 52, 13
45, 41, 52, 30
45, 95, 52, 15
45, 255, 52, 15
45, 67, 53, 39
45, 166, 53, 90
45, 41, 53, 30
45, 109, 53, 29
45, 175, 53, 27
45, 259, 54, 51
45, 13, 54, 29
45, 16, 54, 39
45, 286, 54, 45
45, 291, 54, 97
45, 169, 54, 37
45, 298, 54, 19
45, 176, 54, 74
45, 52, 54, 57
45, 58, 54, 36
45, 197, 54, 29
45, 211, 54, 100
45, 219, 54, 22
45, 92, 54, 6
45, 98, 54, 11
45, 228, 54, 85
45, 104, 54, 11
45, 119, 54, 69
45, 122, 54, 8
45, 253, 54, 58
45, 97, 55, 45
45, 226, 55, 76
45, 194, 55, 95
45, 196, 55, 75
45, 68, 55, 14
45, 36, 55, 78
45, 67, 55, 39
45, 168, 55, 74
45, 169, 55, 37
45, 100, 55, 9
45, 47, 55, 91
45, 271, 55, 48
45, 145, 55, 78
45, 83, 55, 31
45, 54, 55, 15
45, 281, 55, 30
45, 157, 55, 24
45, 289, 56, 71
45, 2, 56, 66
45, 6, 56, 42
45, 107, 56, 8
45, 48, 56, 85
45, 112, 56, 75
45, 178, 56, 43
45, 179, 56, 14
45, 18, 56, 25
45, 280, 56, 76
45, 153, 56, 58
45, 123, 56, 27
45, 255, 56, 15
45, 226, 57, 76
45, 36, 57, 78
45, 4, 57, 10
45, 232, 57, 61
45, 169, 57, 37
45, 74, 57, 64
45, 75, 57, 92
45, 13, 57, 29
45, 48, 57, 85
45, 274, 57, 84
45, 243, 57, 75
45, 116, 57, 97
45, 220, 57, 57
45, 55, 57, 85
45, 188, 57, 29
45, 255, 57, 15
45, 8, 58, 60
45, 136, 58, 26
45, 268, 58, 8
45, 146, 58, 76
45, 19, 58, 76
45, 152, 58, 27
45, 289, 58, 71
45, 292, 58, 46
45, 41, 58, 30
45, 178, 58, 43
45, 190, 58, 44
45, 193, 58, 63
45, 66, 58, 70
45, 70, 58, 79
45, 203, 58, 36
45, 214, 58, 88
45, 86, 58, 18
45, 221, 58, 9
45, 111, 58, 24
45, 241, 58, 43
45, 32, 59, 93
45, 33, 59, 97
45, 291, 59, 97
45, 293, 59, 64
45, 237, 59, 99
45, 15, 59, 12
45, 112, 59, 75
45, 272, 59, 93
45, 47, 59, 91
45, 159, 59, 92
45, 288, 60, 67
45, 97, 60, 45
45, 195, 60, 89
45, 135, 60, 30
45, 264, 60, 43
45, 104, 60, 11
45, 106, 60, 5
45, 139, 60, 65
45, 268, 60, 8
45, 170, 60, 3
45, 206, 60, 83
45, 112, 60, 75
45, 17, 60, 67
45, 244, 60, 18
45, 245, 60, 62
45, 189, 60, 93
45, 63, 60, 19
45, 4, 61, 10
45, 165, 61, 44
45, 70, 61, 79
45, 40, 61, 90
45, 266, 61, 4
45, 267, 61, 84
45, 269, 61, 31
45, 270, 61, 86
45, 13, 61, 29
45, 271, 61, 48
45, 240, 61, 94
45, 178, 61, 43
45, 245, 61, 62
45, 54, 61, 15
45, 247, 61, 3
45, 26, 61, 75
45, 190, 61, 44
45, 65, 62, 12
45, 226, 62, 76
45, 195, 62, 89
45, 229, 62, 10
45, 72, 62, 70
45, 169, 62, 37
45, 11, 62, 37
45, 107, 62, 8
45, 140, 62, 21
45, 111, 62, 24
45, 152, 62, 27
45, 115, 62, 56
45, 21, 62, 45
45, 184, 62, 41
45, 218, 62, 5
45, 187, 62, 52
45, 157, 62, 24
45, 254, 62, 19
45, 65, 63, 12
45, 292, 63, 46
45, 101, 63, 68
45, 196, 63, 75
45, 168, 63, 74
45, 41, 63, 30
45, 169, 63, 37
45, 139, 63, 65
45, 45, 63, 92
45, 174, 63, 50
45, 207, 63, 33
45, 272, 63, 93
45, 84, 63, 51
45, 155, 63, 86
45, 157, 63, 24
45, 287, 63, 53
45, 64, 64, 37
45, 35, 64, 32
45, 6, 64, 42
45, 104, 64, 11
45, 41, 64, 30
45, 173, 64, 58
45, 16, 64, 39
45, 276, 64, 82
45, 277, 64, 45
45, 117, 64, 76
45, 55, 64, 85
45, 56, 64, 28
45, 62, 64, 78
45, 159, 64, 92
45, 35, 65, 32
45, 165, 65, 44
45, 170, 65, 3
45, 139, 65, 65
45, 173, 65, 58
45, 14, 65, 4
45, 117, 65, 76
45, 222, 65, 70
45, 30, 65, 40
45, 256, 66, 26
45, 280, 66, 76
45, 66, 66, 70
45, 262, 66, 39
45, 201, 66, 13
45, 11, 66, 37
45, 172, 66, 9
45, 46, 66, 47
45, 240, 66, 94
45, 184, 66, 41
45, 193, 67, 63
45, 1, 67, 59
45, 195, 67, 89
45, 165, 67, 44
45, 166, 67, 90
45, 263, 67, 29
45, 102, 67, 56
45, 5, 67, 51
45, 73, 67, 90
45, 236, 67, 54
45, 141, 67, 60
45, 46, 67, 47
45, 28, 67, 81
45, 240, 67, 94
45, 177, 67, 40
45, 119, 67, 69
45, 279, 67, 64
45, 124, 67, 97
45, 257, 68, 28
45, 132, 68, 12
45, 197, 68, 29
45, 73, 68, 90
45, 181, 68, 56
45, 130, 69, 90
45, 67, 69, 39
45, 229, 69, 10
45, 198, 69, 95
45, 103, 69, 83
45, 231, 69, 40
45, 296, 69, 35
45, 10, 69, 54
45, 51, 69, 96
45, 84, 69, 51
45, 244, 69, 18
45, 22, 69, 91
45, 280, 69, 76
45, 60, 69, 59
45, 255, 69, 15
45, 228, 70, 85
45, 6, 70, 42
45, 263, 70, 29
45, 232, 70, 61
45, 172, 70, 9
45, 173, 70, 58
45, 44, 70, 70
45, 142, 70, 56
45, 245, 70, 62
45, 53, 70, 20
45, 54, 70, 15
45, 24, 70, 27
45, 249, 70, 59
45, 289, 71, 71
45, 137, 71, 23
45, 105, 71, 61
45, 12, 71, 56
45, 187, 71, 52
45, 219, 71, 22
45, 79, 71, 11
45, 175, 71, 27
45, 240, 71, 94
45, 29, 71, 10
45, 117, 71, 76
45, 254, 71, 19
45, 216, 71, 27
45, 25, 71, 86
45, 283, 71, 8
45, 285, 71, 25
45, 62, 71, 78
45, 286, 71, 45
45, 96, 72, 1
45, 2, 72, 66
45, 294, 72, 57
45, 199, 72, 10
45, 40, 72, 90
45, 167, 72, 31
45, 270, 72, 86
45, 283, 72, 8
45, 251, 72, 26
45, 284, 72, 67
45, 31, 72, 34
45, 192, 73, 50
45, 228, 73, 85
45, 293, 73, 64
45, 168, 73, 74
45, 104, 73, 11
45, 207, 73, 33
45, 112, 73, 75
45, 118, 73, 40
45, 151, 73, 1
45, 220, 73, 57
45, 94, 73, 99
45, 32, 74, 93
45, 194, 74, 95
45, 4, 74, 10
45, 203, 74, 36
45, 142, 74, 56
45, 61, 74, 85
45, 222, 74, 70
45, 135, 75, 30
45, 140, 75, 21
45, 174, 75, 50
45, 15, 75, 12
45, 240, 75, 94
45, 17, 75, 67
45, 52, 75, 57
45, 225, 76, 77
45, 131, 76, 93
45, 260, 76, 39
45, 261, 76, 38
45, 198, 76, 95
45, 153, 76, 58
45, 189, 76, 93
45, 63, 76, 19
45, 289, 77, 71
45, 100, 77, 9
45, 133, 77, 72
45, 294, 77, 57
45, 10, 77, 54
45, 85, 77, 17
45, 56, 77, 28
45, 123, 77, 27
45, 63, 77, 19
45, 254, 77, 19
45, 159, 77, 92
45, 262, 78, 39
45, 136, 78, 26
45, 9, 78, 14
45, 14, 78, 4
45, 17, 78, 67
45, 279, 78, 64
45, 284, 78, 67
45, 35, 78, 32
45, 36, 78, 78
45, 165, 78, 44
45, 168, 78, 74
45, 43, 78, 85
45, 175, 78, 27
45, 203, 78, 36
45, 88, 78, 55
45, 91, 78, 69
45, 225, 78, 77
45, 111, 78, 24
45, 243, 78, 75
45, 117, 78, 76
45, 68, 79, 14
45, 165, 79, 44
45, 261, 79, 38
45, 199, 79, 10
45, 106, 79, 5
45, 202, 79, 17
45, 206, 79, 83
45, 270, 79, 86
45, 51, 79, 96
45, 84, 79, 51
45, 245, 79, 62
45, 149, 79, 17
45, 154, 79, 21
45, 285, 79, 25
45, 164, 80, 20
45, 71, 80, 41
45, 232, 80, 61
45, 199, 80, 10
45, 299, 80, 10
45, 171, 80, 38
45, 269, 80, 31
45, 238, 80, 30
45, 79, 80, 11
45, 272, 80, 93
45, 176, 80, 74
45, 109, 80, 29
45, 216, 80, 27
45, 122, 80, 8
45, 253, 80, 58
45, 32, 81, 93
45, 33, 81, 97
45, 134, 81, 23
45, 231, 81, 40
45, 40, 81, 90
45, 79, 81, 11
45, 82, 81, 5
45, 29, 81, 10
45, 286, 81, 45
45, 223, 81, 82
45, 134, 82, 23
45, 7, 82, 29
45, 13, 82, 29
45, 269, 82, 31
45, 153, 82, 58
45, 156, 82, 85
45, 30, 82, 40
45, 287, 82, 53
45, 32, 82, 93
45, 47, 82, 91
45, 180, 82, 65
45, 185, 82, 77
45, 73, 82, 90
45, 222, 82, 70
45, 100, 82, 9
45, 104, 82, 11
45, 107, 82, 8
45, 108, 82, 88
45, 242, 82, 95
45, 115, 82, 56
45, 256, 83, 26
45, 2, 83, 66
45, 141, 83, 60
45, 19, 83, 76
45, 285, 83, 25
45, 162, 83, 93
45, 170, 83, 3
45, 171, 83, 38
45, 173, 83, 58
45, 183, 83, 80
45, 58, 83, 36
45, 188, 83, 29
45, 189, 83, 93
45, 62, 83, 78
45, 206, 83, 83
45, 237, 83, 99
45, 240, 83, 94
45, 250, 83, 80
45, 253, 83, 58
45, 288, 84, 67
45, 128, 84, 70
45, 75, 84, 92
45, 206, 84, 83
45, 284, 84, 67
45, 219, 84, 22
45, 220, 84, 57
45, 289, 85, 71
45, 167, 85, 31
45, 268, 85, 8
45, 140, 85, 21
45, 219, 85, 22
45, 85, 85, 17
45, 86, 85, 18
45, 251, 85, 26
45, 11, 86, 37
45, 15, 86, 12
45, 279, 86, 64
45, 24, 86, 27
45, 152, 86, 27
45, 30, 86, 40
45, 35, 86, 32
45, 293, 86, 64
45, 40, 86, 90
45, 46, 86, 47
45, 174, 86, 50
45, 180, 86, 65
45, 204, 86, 42
45, 80, 86, 92
45, 210, 86, 89
45, 212, 86, 88
45, 97, 86, 45
45, 100, 86, 9
45, 238, 86, 30
45, 246, 86, 99
45, 295, 87, 53
45, 104, 87, 11
45, 202, 87, 17
45, 204, 87, 42
45, 238, 87, 30
45, 84, 87, 51
45, 20, 87, 40
45, 121, 87, 72
45, 218, 87, 5
45, 123, 87, 27
45, 256, 88, 26
45, 65, 88, 12
45, 293, 88, 64
45, 229, 88, 10
45, 232, 88, 61
45, 109, 88, 29
45, 78, 88, 95
45, 177, 88, 40
45, 193, 89, 63
45, 79, 89, 11
45, 50, 89, 8
45, 84, 89, 51
45, 87, 89, 41
45, 61, 89, 85
45, 65, 90, 12
45, 162, 90, 93
45, 67, 90, 39
45, 98, 90, 11
45, 230, 90, 30
45, 7, 90, 29
45, 8, 90, 60
45, 74, 90, 64
45, 75, 90, 92
45, 77, 90, 16
45, 48, 90, 85
45, 52, 90, 57
45, 118, 90, 40
45, 153, 90, 58
45, 191, 90, 95
45, 38, 91, 42
45, 39, 91, 61
45, 6, 91, 42
45, 102, 91, 56
45, 42, 91, 81
45, 75, 91, 92
45, 134, 91, 23
45, 109, 91, 29
45, 238, 91, 30
45, 16, 91, 39
45, 20, 91, 40
45, 181, 91, 56
45, 246, 91, 99
45, 212, 91, 88
45, 26, 91, 75
45, 256, 92, 26
45, 166, 92, 90
45, 137, 92, 23
45, 106, 92, 5
45, 77, 92, 16
45, 248, 92, 54
45, 70, 93, 79
45, 200, 93, 91
45, 137, 93, 23
45, 28, 93, 81
45, 142, 93, 56
45, 45, 93, 92
45, 176, 93, 74
45, 278, 93, 82
45, 87, 93, 41
45, 182, 93, 23
45, 281, 93, 30
45, 124, 93, 97
45, 61, 93, 85
45, 227, 94, 17
45, 167, 94, 31
45, 50, 94, 8
45, 274, 94, 84
45, 248, 94, 54
45, 193, 95, 63
45, 36, 95, 78
45, 4, 95, 10
45, 71, 95, 41
45, 168, 95, 74
45, 299, 95, 10
45, 108, 95, 88
45, 12, 95, 56
45, 14, 95, 4
45, 177, 95, 40
45, 148, 95, 94
45, 248, 95, 54
45, 93, 95, 62
45, 223, 95, 82
45, 160, 96, 61
45, 263, 96, 29
45, 138, 96, 75
45, 112, 96, 75
45, 23, 96, 80
45, 216, 96, 27
45, 122, 96, 8
45, 123, 96, 27
45, 192, 97, 50
45, 229, 97, 10
45, 169, 97, 37
45, 170, 97, 3
45, 141, 97, 60
45, 49, 97, 22
45, 23, 97, 80
45, 121, 97, 72
45, 250, 97, 80
45, 198, 98, 95
45, 237, 98, 99
45, 245, 98, 62
45, 216, 98, 27
45, 283, 98, 8
45, 286, 98, 45
45, 287, 98, 53
45, 1, 99, 59
45, 290, 99, 8
45, 37, 99, 98
45, 38, 99, 42
45, 71, 99, 41
45, 69, 99, 27
45, 201, 99, 13
45, 46, 99, 47
45, 239, 99, 80
45, 241, 99, 43
45, 51, 99, 96
45, 212, 99, 88
45, 55, 99, 85
45, 246, 99, 99
45, 215, 99, 66
45, 155, 99, 86
45, 125, 99, 21
45, 259, 100, 51
45, 196, 100, 75
45, 204, 100, 42
45, 208, 100, 82
45, 113, 100, 20
45, 156, 100, 85
45, 19, 100, 76
45, 245, 100, 62
45, 213, 100, 70
45, 284, 100, 67
45, 124, 100, 97
45, 63, 100, 19
45, 257, 101, 28
45, 107, 101, 8
45, 108, 101, 88
45, 207, 101, 33
45, 86, 101, 18
45, 187, 101, 52
45, 192, 102, 50
45, 65, 102, 12
45, 37, 102, 98
45, 231, 102, 40
45, 237, 102, 99
45, 145, 102, 78
45, 210, 102, 89
45, 147, 102, 93
45, 213, 102, 70
45, 30, 102, 40
45, 56, 102, 28
45, 27, 102, 72
45, 285, 102, 25
45, 254, 102, 19
45, 63, 102, 19
45, 0, 103, 26
45, 163, 103, 73
45, 10, 103, 54
45, 179, 103, 14
45, 246, 103, 99
45, 120, 103, 70
45, 62, 103, 78
45, 1, 104, 59
45, 273, 104, 81
45, 147, 104, 93
45, 276, 104, 82
45, 277, 104, 45
45, 22, 104, 91
45, 279, 104, 64
45, 288, 104, 67
45, 160, 104, 61
45, 166, 104, 90
45, 53, 104, 20
45, 186, 104, 35
45, 71, 104, 41
45, 200, 104, 91
45, 202, 104, 17
45, 82, 104, 5
45, 84, 104, 51
45, 235, 104, 50
45, 121, 104, 72
45, 250, 104, 80
45, 291, 105, 97
45, 69, 105, 27
45, 102, 105, 56
45, 137, 105, 23
45, 203, 105, 36
45, 176, 105, 74
45, 274, 105, 84
45, 184, 105, 41
45, 288, 106, 67
45, 198, 106, 95
45, 39, 106, 61
45, 78, 106, 95
45, 48, 106, 85
45, 153, 106, 58
45, 125, 106, 21
45, 133, 107, 72
45, 229, 107, 10
45, 39, 107, 61
45, 201, 107, 13
45, 42, 107, 81
45, 74, 107, 64
45, 172, 107, 9
45, 237, 107, 99
45, 142, 107, 56
45, 47, 107, 91
45, 12, 107, 56
45, 49, 107, 22
45, 240, 107, 94
45, 276, 107, 82
45, 213, 107, 70
45, 0, 108, 26
45, 36, 108, 78
45, 260, 108, 39
45, 295, 108, 53
45, 42, 108, 81
45, 171, 108, 38
45, 274, 108, 84
45, 186, 108, 35
45, 60, 108, 59
45, 95, 108, 15
45, 160, 109, 61
45, 96, 109, 1
45, 26, 109, 75
45, 230, 109, 30
45, 9, 109, 14
45, 42, 109, 81
45, 108, 109, 88
45, 83, 109, 31
45, 282, 109, 53
45, 189, 109, 93
45, 69, 110, 27
45, 106, 110, 5
45, 109, 110, 29
45, 13, 110, 29
45, 241, 110, 43
45, 113, 110, 20
45, 51, 110, 96
45, 276, 110, 82
45, 117, 110, 76
45, 214, 110, 88
45, 0, 111, 26
45, 166, 111, 90
45, 105, 111, 61
45, 172, 111, 9
45, 112, 111, 75
45, 275, 111, 36
45, 286, 111, 45
45, 37, 112, 98
45, 101, 112, 68
45, 105, 112, 61
45, 109, 112, 29
45, 207, 112, 33
45, 271, 112, 48
45, 212, 112, 88
45, 87, 112, 41
45, 98, 113, 11
45, 263, 113, 29
45, 8, 113, 60
45, 265, 113, 67
45, 199, 113, 10
45, 76, 113, 29
45, 46, 113, 47
45, 15, 113, 12
45, 58, 113, 36
45, 98, 114, 11
45, 293, 114, 64
45, 166, 114, 90
45, 297, 114, 53
45, 75, 114, 92
45, 206, 114, 83
45, 272, 114, 93
45, 114, 114, 28
45, 119, 114, 69
45, 152, 114, 27
45, 156, 114, 85
45, 190, 114, 44
45, 0, 115, 26
45, 225, 115, 77
45, 8, 115, 60
45, 298, 115, 19
45, 75, 115, 92
45, 45, 115, 92
45, 238, 115, 30
45, 81, 115, 33
45, 17, 115, 67
45, 147, 115, 93
45, 212, 115, 88
45, 24, 115, 27
45, 25, 115, 86
45, 92, 115, 6
45, 190, 115, 44
45, 258, 116, 47
45, 290, 116, 8
45, 259, 116, 51
45, 229, 116, 10
45, 136, 116, 26
45, 203, 116, 36
45, 109, 116, 29
45, 142, 116, 56
45, 272, 116, 93
45, 17, 116, 67
45, 135, 117, 30
45, 275, 117, 36
45, 278, 117, 82
45, 25, 117, 86
45, 28, 117, 81
45, 284, 117, 67
45, 31, 117, 34
45, 163, 117, 73
45, 36, 117, 78
45, 164, 117, 20
45, 51, 117, 96
45, 57, 117, 51
45, 190, 117, 44
45, 75, 117, 92
45, 77, 117, 16
45, 226, 117, 76
45, 101, 117, 68
45, 104, 117, 11
45, 110, 117, 35
45, 246, 117, 99
45, 97, 118, 45
45, 226, 118, 76
45, 260, 118, 39
45, 6, 118, 42
45, 263, 118, 29
45, 238, 118, 30
45, 47, 118, 91
45, 145, 118, 78
45, 146, 118, 76
45, 273, 118, 81
45, 119, 118, 69
45, 126, 118, 84
45, 255, 118, 15
45, 2, 119, 66
45, 261, 119, 38
45, 262, 119, 39
45, 6, 119, 42
45, 145, 119, 78
45, 27, 119, 72
45, 164, 119, 20
45, 292, 119, 46
45, 296, 119, 35
45, 170, 119, 3
45, 72, 119, 70
45, 74, 119, 64
45, 76, 119, 29
45, 215, 119, 66
45, 218, 119, 5
45, 99, 119, 68
45, 229, 119, 10
45, 231, 119, 40
45, 239, 119, 80
45, 252, 119, 59
45, 138, 120, 75
45, 17, 120, 67
45, 276, 120, 82
45, 30, 120, 40
45, 294, 120, 57
45, 171, 120, 38
45, 47, 120, 91
45, 49, 120, 22
45, 57, 120, 51
45, 58, 120, 36
45, 63, 120, 19
45, 71, 120, 41
45, 86, 120, 18
45, 92, 120, 6
45, 97, 120, 45
45, 100, 120, 9
45, 101, 120, 68
45, 102, 120, 56
45, 233, 120, 83
45, 234, 120, 22
45, 288, 121, 67
45, 38, 121, 42
45, 8, 121, 60
45, 109, 121, 29
45, 241, 121, 43
45, 82, 121, 5
45, 20, 121, 40
45, 149, 121, 17
45, 182, 121, 23
45, 282, 121, 53
45, 155, 121, 86
45, 127, 121, 5
45, 93, 121, 62
45, 287, 121, 53
45, 5, 122, 51
45, 262, 122, 39
45, 232, 122, 61
45, 142, 122, 56
45, 80, 122, 92
45, 209, 122, 69
45, 56, 122, 28
45, 154, 122, 21
45, 187, 122, 52
45, 93, 122, 62
45, 31, 122, 34
45, 32, 123, 93
45, 99, 123, 68
45, 82, 123, 5
45, 54, 123, 15
45, 60, 123, 59
45, 291, 124, 97
45, 233, 124, 83
45, 237, 124, 99
45, 238, 124, 30
45, 156, 124, 85
45, 178, 124, 43
45, 220, 124, 57
45, 23, 124, 80
45, 87, 124, 41
45, 280, 124, 76
45, 251, 124, 26
45, 124, 124, 97
45, 0, 125, 26
45, 34, 125, 33
45, 67, 125, 39
45, 260, 125, 39
45, 194, 125, 95
45, 232, 125, 61
45, 201, 125, 13
45, 107, 125, 8
45, 43, 125, 85
45, 47, 125, 91
45, 241, 125, 43
45, 19, 125, 76
45, 250, 125, 80
45, 132, 126, 12
45, 6, 126, 42
45, 104, 126, 11
45, 233, 126, 83
45, 18, 126, 25
45, 115, 126, 56
45, 53, 126, 20
45, 22, 126, 91
45, 62, 126, 78
45, 0, 127, 26
45, 1, 127, 59
45, 224, 127, 89
45, 99, 127, 68
45, 134, 127, 23
45, 295, 127, 53
45, 233, 127, 83
45, 16, 127, 39
45, 209, 127, 69
45, 273, 127, 81
45, 113, 127, 20
45, 278, 127, 82
45, 121, 127, 72
45, 218, 127, 5
45, 123, 127, 27
45, 189, 127, 93
45, 161, 128, 89
45, 4, 128, 10
45, 101, 128, 68
45, 199, 128, 10
45, 73, 128, 90
45, 105, 128, 61
45, 235, 128, 50
45, 44, 128, 70
45, 9, 128, 14
45, 16, 128, 39
45, 147, 128, 93
45, 116, 128, 97
45, 90, 128, 29
45, 191, 128, 95
45, 159, 129, 92
45, 225, 129, 77
45, 185, 129, 77
45, 67, 129, 39
45, 197, 129, 29
45, 3, 129, 91
45, 100, 129, 9
45, 265, 129, 67
45, 267, 129, 84
45, 173, 129, 58
45, 269, 129, 31
45, 19, 129, 76
45, 117, 129, 76
45, 279, 129, 64
45, 88, 129, 55
45, 281, 129, 30
45, 63, 129, 19
45, 288, 130, 67
45, 165, 130, 44
45, 40, 130, 90
45, 298, 130, 19
45, 19, 130, 76
45, 89, 130, 90
45, 229, 131, 10
45, 41, 131, 30
45, 113, 131, 20
45, 146, 131, 76
45, 84, 131, 51
45, 90, 131, 29
45, 220, 131, 57
45, 254, 131, 19
45, 96, 132, 1
45, 98, 132, 11
45, 197, 132, 29
45, 281, 132, 30
45, 232, 132, 61
45, 8, 132, 60
45, 298, 132, 19
45, 177, 132, 40
45, 242, 132, 95
45, 147, 132, 93
45, 148, 132, 94
45, 213, 132, 70
45, 63, 132, 19
45, 217, 132, 68
45, 220, 132, 57
45, 253, 132, 58
45, 25, 132, 86
45, 287, 132, 53
45, 167, 133, 31
45, 263, 133, 29
45, 8, 133, 60
45, 264, 133, 43
45, 203, 133, 36
45, 148, 133, 94
45, 55, 133, 85
45, 248, 133, 54
45, 254, 133, 19
45, 225, 134, 77
45, 227, 134, 17
45, 185, 134, 77
45, 5, 134, 51
45, 169, 134, 37
45, 44, 134, 70
45, 47, 134, 91
45, 16, 134, 39
45, 82, 134, 5
45, 21, 134, 45
45, 249, 134, 59
45, 282, 134, 53
45, 28, 134, 81
45, 93, 134, 62
45, 57, 134, 51
45, 288, 135, 67
45, 194, 135, 95
45, 165, 135, 44
45, 263, 135, 29
45, 170, 135, 3
45, 173, 135, 58
45, 14, 135, 4
45, 272, 135, 93
45, 18, 135, 25
45, 242, 135, 95
45, 243, 135, 75
45, 148, 135, 94
45, 183, 135, 80
45, 89, 135, 90
45, 251, 135, 26
45, 252, 135, 59
45, 285, 135, 25
45, 2, 136, 66
45, 258, 136, 47
45, 260, 136, 39
45, 6, 136, 42
45, 39, 136, 61
45, 11, 136, 37
45, 13, 136, 29
45, 271, 136, 48
45, 17, 136, 67
45, 275, 136, 36
45, 85, 136, 17
45, 245, 136, 62
45, 183, 136, 80
45, 56, 136, 28
45, 246, 136, 99
45, 123, 136, 27
45, 188, 136, 29
45, 63, 136, 19
45, 33, 137, 97
45, 107, 137, 8
45, 244, 137, 18
45, 214, 137, 88
45, 28, 137, 81
45, 159, 137, 92
45, 65, 138, 12
45, 226, 138, 76
45, 4, 138, 10
45, 292, 138, 46
45, 198, 138, 95
45, 39, 138, 61
45, 169, 138, 37
45, 43, 138, 85
45, 140, 138, 21
45, 76, 138, 29
45, 216, 138, 27
45, 112, 138, 75
45, 242, 138, 95
45, 118, 138, 40
45, 152, 138, 27
45, 156, 138, 85
45, 253, 138, 58
45, 191, 138, 95
45, 289, 139, 71
45, 162, 139, 93
45, 228, 139, 85
45, 5, 139, 51
45, 39, 139, 61
45, 136, 139, 26
45, 42, 139, 81
45, 74, 139, 64
45, 175, 139, 27
45, 241, 139, 43
45, 82, 139, 5
45, 243, 139, 75
45, 85, 139, 17
45, 22, 139, 91
45, 120, 139, 70
45, 286, 139, 45
45, 63, 139, 19
45, 128, 140, 70
45, 131, 140, 93
45, 8, 140, 60
45, 267, 140, 84
45, 22, 140, 91
45, 281, 140, 30
45, 31, 140, 34
45, 32, 140, 93
45, 167, 140, 31
45, 175, 140, 27
45, 52, 140, 57
45, 57, 140, 51
45, 65, 140, 12
45, 72, 140, 70
45, 73, 140, 90
45, 205, 140, 5
45, 114, 140, 28
45, 243, 140, 75
45, 117, 140, 76
45, 127, 140, 5
45, 36, 141, 78
45, 103, 141, 83
45, 232, 141, 61
45, 73, 141, 90
45, 298, 141, 19
45, 250, 141, 80
45, 282, 141, 53
45, 213, 141, 70
45, 247, 141, 3
45, 94, 141, 99
45, 215, 141, 66
45, 62, 141, 78
45, 68, 142, 14
45, 200, 142, 91
45, 234, 142, 22
45, 78, 142, 95
45, 51, 142, 96
45, 86, 142, 18
45, 155, 142, 86
45, 256, 143, 26
45, 129, 143, 59
45, 90, 143, 29
45, 103, 143, 83
45, 39, 143, 61
45, 43, 143, 85
45, 76, 143, 29
45, 205, 143, 5
45, 141, 143, 60
45, 124, 143, 97
45, 49, 143, 22
45, 82, 143, 5
45, 220, 143, 57
45, 276, 143, 82
45, 181, 143, 56
45, 188, 143, 29
45, 282, 143, 53
45, 92, 143, 6
45, 5, 144, 51
45, 38, 144, 42
45, 75, 144, 92
45, 140, 144, 21
45, 176, 144, 74
45, 151, 144, 1
45, 123, 144, 27
45, 286, 144, 45
45, 159, 144, 92
45, 97, 145, 45
45, 162, 145, 93
45, 131, 145, 93
45, 290, 145, 8
45, 1, 145, 59
45, 203, 145, 36
45, 236, 145, 54
45, 173, 145, 58
45, 14, 145, 4
45, 270, 145, 86
45, 80, 145, 92
45, 18, 145, 25
45, 244, 145, 18
45, 152, 145, 27
45, 222, 145, 70
45, 65, 146, 12
45, 42, 146, 81
45, 113, 146, 20
45, 181, 146, 56
45, 221, 146, 9
45, 286, 146, 45
45, 287, 146, 53
45, 3, 147, 91
45, 135, 147, 30
45, 7, 147, 29
45, 265, 147, 67
45, 299, 147, 10
45, 205, 147, 5
45, 174, 147, 50
45, 237, 147, 99
45, 144, 147, 63
45, 273, 147, 81
45, 145, 147, 78
45, 60, 147, 59
45, 181, 147, 56
45, 182, 147, 23
45, 183, 147, 80
45, 251, 147, 26
45, 124, 147, 97
45, 158, 147, 33
45, 3, 148, 91
45, 255, 148, 15
45, 70, 148, 79
45, 102, 148, 56
45, 136, 148, 26
45, 266, 148, 4
45, 11, 148, 37
45, 298, 148, 19
45, 270, 148, 86
45, 207, 148, 33
45, 16, 148, 39
45, 80, 148, 92
45, 178, 148, 43
45, 148, 148, 94
45, 184, 148, 41
45, 89, 148, 90
45, 91, 148, 69
45, 95, 148, 15
45, 34, 149, 33
45, 291, 149, 97
45, 103, 149, 83
45, 140, 149, 21
45, 279, 149, 64
45, 145, 149, 78
45, 115, 149, 56
45, 150, 149, 18
45, 54, 149, 15
45, 284, 149, 67
