150, 300, 15
30, 289, 0, 20
30, 196, 0, 96
30, 73, 0, 89
30, 107, 0, 34
30, 208, 0, 24
30, 49, 0, 8
30, 25, 0, 78
30, 155, 0, 75
30, 60, 0, 40
30, 290, 1, 87
30, 67, 1, 4
30, 196, 1, 96
30, 133, 1, 72
30, 287, 1, 9
30, 168, 1, 25
30, 200, 1, 40
30, 105, 1, 12
30, 236, 1, 99
30, 272, 1, 27
30, 177, 1, 97
30, 119, 1, 41
30, 250, 1, 35
30, 61, 1, 26
30, 191, 1, 36
30, 263, 2, 97
30, 265, 2, 48
30, 274, 2, 62
30, 282, 2, 37
30, 287, 2, 9
30, 36, 2, 77
30, 42, 2, 95
30, 183, 2, 80
30, 70, 2, 81
30, 209, 2, 60
30, 88, 2, 81
30, 89, 2, 92
30, 98, 2, 85
30, 227, 2, 94
30, 100, 2, 39
30, 101, 2, 64
30, 103, 2, 39
30, 104, 2, 70
30, 108, 2, 47
30, 247, 2, 21
30, 256, 3, 57
30, 98, 3, 85
30, 102, 3, 98
30, 40, 3, 67
30, 73, 3, 89
30, 170, 3, 35
30, 278, 3, 32
30, 86, 3, 48
30, 25, 3, 78
30, 215, 3, 4
30, 91, 3, 79
30, 98, 4, 85
30, 199, 4, 29
30, 297, 4, 12
30, 115, 4, 100
30, 121, 4, 5
30, 158, 4, 63
30, 257, 5, 35
30, 133, 5, 72
30, 10, 5, 60
30, 139, 5, 81
30, 268, 5, 9
30, 267, 5, 24
30, 16, 5, 21
30, 272, 5, 27
30, 158, 5, 63
30, 288, 5, 66
30, 167, 5, 8
30, 66, 5, 7
30, 201, 5, 15
30, 209, 5, 60
30, 83, 5, 90
30, 84, 5, 86
30, 89, 5, 92
30, 95, 5, 89
30, 228, 5, 50
30, 102, 5, 98
30, 163, 6, 44
30, 170, 6, 35
30, 275, 6, 74
30, 185, 6, 65
30, 186, 6, 56
30, 220, 6, 89
30, 159, 6, 15
30, 129, 7, 5
30, 292, 7, 91
30, 71, 7, 38
30, 233, 7, 89
30, 236, 7, 99
30, 237, 7, 14
30, 206, 7, 16
30, 48, 7, 51
30, 209, 7, 60
30, 242, 7, 88
30, 284, 7, 81
30, 285, 7, 56
30, 288, 8, 66
30, 35, 8, 67
30, 260, 8, 38
30, 166, 8, 13
30, 38, 8, 75
30, 169, 8, 18
30, 12, 8, 14
30, 206, 8, 16
30, 78, 8, 7
30, 81, 8, 18
30, 146, 8, 74
30, 273, 8, 41
30, 53, 8, 46
30, 214, 8, 47
30, 55, 8, 43
30, 90, 8, 84
30, 252, 8, 74
30, 289, 9, 20
30, 162, 9, 71
30, 33, 9, 4
30, 1, 9, 21
30, 226, 9, 37
30, 70, 9, 81
30, 259, 9, 44
30, 232, 9, 42
30, 137, 9, 54
30, 170, 9, 35
30, 236, 9, 99
30, 272, 9, 27
30, 146, 9, 74
30, 86, 9, 48
30, 156, 9, 24
30, 157, 9, 91
30, 254, 9, 39
30, 127, 9, 33
30, 226, 10, 37
30, 67, 10, 4
30, 68, 10, 38
30, 293, 10, 18
30, 34, 10, 58
30, 264, 10, 53
30, 72, 10, 83
30, 75, 10, 23
30, 83, 10, 90
30, 117, 10, 94
30, 183, 10, 80
30, 120, 10, 17
30, 24, 10, 54
30, 27, 10, 60
30, 189, 10, 84
30, 1, 11, 21
30, 263, 11, 97
30, 238, 11, 92
30, 59, 11, 53
30, 223, 11, 33
30, 64, 12, 74
30, 32, 12, 9
30, 194, 12, 70
30, 195, 12, 69
30, 98, 12, 85
30, 165, 12, 6
30, 199, 12, 29
30, 9, 12, 4
30, 174, 12, 21
30, 111, 12, 17
30, 208, 12, 24
30, 21, 12, 14
30, 280, 12, 91
30, 125, 12, 54
30, 287, 12, 9
30, 290, 13, 87
30, 132, 13, 59
30, 69, 13, 31
30, 231, 13, 28
30, 146, 13, 74
30, 52, 13, 37
30, 57, 13, 97
30, 27, 13, 60
30, 96, 14, 64
30, 65, 14, 93
30, 130, 14, 22
30, 195, 14, 69
30, 128, 14, 44
30, 5, 14, 30
30, 76, 14, 95
30, 12, 14, 14
30, 117, 14, 94
30, 25, 14, 78
30, 122, 14, 55
30, 155, 14, 75
30, 286, 14, 50
30, 57, 14, 97
30, 194, 15, 70
30, 287, 15, 9
30, 261, 15, 100
30, 167, 15, 8
30, 105, 15, 12
30, 298, 15, 99
30, 181, 15, 62
30, 95, 15, 89
30, 288, 16, 66
30, 194, 16, 70
30, 291, 16, 57
30, 227, 16, 94
30, 39, 16, 15
30, 11, 16, 21
30, 268, 16, 9
30, 109, 16, 79
30, 44, 16, 45
30, 16, 16, 21
30, 81, 16, 18
30, 117, 16, 94
30, 91, 16, 79
30, 254, 16, 39
30, 127, 16, 33
30, 192, 17, 26
30, 256, 17, 57
30, 229, 17, 63
30, 38, 17, 75
30, 231, 17, 28
30, 296, 17, 50
30, 41, 17, 5
30, 77, 17, 48
30, 50, 17, 86
30, 18, 17, 38
30, 54, 17, 42
30, 86, 17, 48
30, 22, 17, 36
30, 91, 17, 79
30, 126, 17, 45
30, 191, 17, 36
30, 294, 18, 75
30, 39, 18, 15
30, 8, 18, 72
30, 167, 18, 8
30, 170, 18, 35
30, 299, 18, 83
30, 108, 18, 47
30, 236, 18, 99
30, 175, 18, 17
30, 241, 18, 71
30, 113, 18, 95
30, 179, 18, 22
30, 50, 18, 86
30, 278, 18, 32
30, 215, 18, 4
30, 24, 18, 54
30, 127, 18, 33
30, 100, 19, 39
30, 234, 19, 100
30, 236, 19, 99
30, 52, 19, 37
30, 181, 19, 62
30, 186, 19, 56
30, 284, 19, 81
30, 226, 20, 37
30, 132, 20, 59
30, 100, 20, 39
30, 136, 20, 80
30, 109, 20, 79
30, 174, 20, 21
30, 111, 20, 17
30, 17, 20, 64
30, 114, 20, 49
30, 216, 20, 69
30, 121, 20, 5
30, 253, 20, 66
30, 223, 20, 33
30, 0, 21, 58
30, 195, 21, 69
30, 72, 21, 83
30, 233, 21, 89
30, 140, 21, 46
30, 81, 21, 18
30, 243, 21, 40
30, 180, 21, 54
30, 20, 21, 37
30, 120, 21, 17
30, 281, 21, 52
30, 251, 21, 60
30, 189, 21, 84
30, 36, 22, 77
30, 295, 22, 5
30, 72, 22, 83
30, 236, 22, 99
30, 157, 22, 91
30, 125, 22, 54
30, 127, 22, 33
30, 159, 23, 15
30, 289, 23, 20
30, 89, 23, 92
30, 69, 23, 31
30, 104, 23, 70
30, 296, 23, 50
30, 213, 23, 71
30, 281, 23, 52
30, 26, 23, 32
30, 220, 23, 89
30, 287, 23, 9
30, 225, 24, 80
30, 98, 24, 85
30, 67, 24, 4
30, 292, 24, 91
30, 129, 24, 5
30, 136, 24, 80
30, 42, 24, 95
30, 14, 24, 39
30, 208, 24, 24
30, 113, 24, 95
30, 244, 24, 68
30, 53, 24, 46
30, 184, 24, 74
30, 24, 24, 54
30, 283, 24, 81
30, 60, 24, 40
30, 157, 24, 91
30, 158, 24, 63
30, 290, 25, 87
30, 131, 25, 42
30, 241, 25, 71
30, 119, 25, 41
30, 154, 25, 4
30, 94, 25, 26
30, 194, 26, 70
30, 103, 26, 39
30, 232, 26, 42
30, 297, 26, 12
30, 180, 26, 54
30, 27, 26, 60
30, 63, 26, 10
30, 192, 27, 26
30, 5, 27, 30
30, 298, 27, 99
30, 74, 27, 28
30, 172, 27, 95
30, 44, 27, 45
30, 48, 27, 51
30, 61, 27, 26
30, 147, 27, 27
30, 125, 27, 54
30, 96, 28, 64
30, 164, 28, 96
30, 37, 28, 6
30, 238, 28, 92
30, 111, 28, 17
30, 181, 28, 62
30, 246, 28, 70
30, 254, 28, 39
30, 288, 29, 66
30, 34, 29, 58
30, 3, 29, 98
30, 267, 29, 24
30, 203, 29, 12
30, 76, 29, 95
30, 269, 29, 27
30, 28, 29, 25
30, 44, 29, 45
30, 110, 29, 91
30, 18, 29, 38
30, 83, 29, 90
30, 116, 29, 12
30, 252, 29, 74
30, 107, 29, 34
30, 220, 29, 89
30, 286, 29, 50
30, 128, 30, 44
30, 33, 30, 4
30, 262, 30, 88
30, 156, 30, 24
30, 56, 30, 50
30, 60, 30, 40
30, 102, 31, 98
30, 168, 31, 25
30, 172, 31, 95
30, 48, 31, 51
30, 177, 31, 97
30, 56, 31, 50
30, 223, 31, 33
30, 128, 32, 44
30, 289, 32, 20
30, 69, 32, 31
30, 102, 32, 98
30, 198, 32, 18
30, 165, 32, 6
30, 294, 32, 75
30, 299, 32, 83
30, 80, 32, 6
30, 272, 32, 27
30, 20, 32, 37
30, 182, 32, 95
30, 55, 32, 43
30, 221, 32, 91
30, 286, 32, 50
30, 13, 33, 77
30, 269, 33, 27
30, 275, 33, 74
30, 26, 33, 32
30, 159, 33, 15
30, 165, 33, 6
30, 294, 33, 75
30, 177, 33, 97
30, 59, 33, 53
30, 200, 33, 40
30, 202, 33, 93
30, 76, 33, 95
30, 214, 33, 47
30, 215, 33, 4
30, 216, 33, 69
30, 100, 33, 39
30, 228, 33, 50
30, 108, 33, 47
30, 237, 33, 14
30, 114, 33, 49
30, 64, 34, 74
30, 128, 34, 44
30, 198, 34, 18
30, 135, 34, 21
30, 107, 34, 34
30, 139, 34, 81
30, 76, 34, 95
30, 92, 34, 56
30, 177, 34, 97
30, 146, 34, 74
30, 243, 34, 40
30, 51, 34, 29
30, 87, 34, 25
30, 186, 34, 56
30, 252, 34, 74
30, 30, 34, 76
30, 263, 35, 97
30, 136, 35, 80
30, 143, 35, 52
30, 152, 35, 35
30, 283, 35, 81
30, 291, 35, 57
30, 294, 35, 75
30, 39, 35, 15
30, 66, 35, 7
30, 196, 35, 96
30, 71, 35, 38
30, 205, 35, 21
30, 79, 35, 24
30, 213, 35, 71
30, 239, 35, 28
30, 113, 35, 95
30, 244, 35, 68
30, 117, 35, 94
30, 248, 35, 89
30, 126, 35, 45
30, 161, 36, 70
30, 99, 36, 95
30, 132, 36, 59
30, 294, 36, 75
30, 267, 36, 24
30, 109, 36, 79
30, 78, 36, 7
30, 176, 36, 29
30, 177, 36, 97
30, 114, 36, 49
30, 208, 36, 24
30, 81, 36, 18
30, 146, 36, 74
30, 157, 36, 91
30, 253, 36, 66
30, 94, 36, 26
30, 162, 37, 71
30, 261, 37, 100
30, 236, 37, 99
30, 15, 37, 91
30, 83, 37, 90
30, 184, 37, 74
30, 57, 37, 97
30, 88, 37, 81
30, 124, 37, 70
30, 125, 37, 54
30, 161, 38, 70
30, 131, 38, 42
30, 132, 38, 59
30, 5, 38, 30
30, 231, 38, 28
30, 295, 38, 5
30, 9, 38, 4
30, 299, 38, 83
30, 80, 38, 6
30, 247, 38, 21
30, 220, 38, 89
30, 94, 38, 26
30, 2, 39, 3
30, 228, 39, 50
30, 230, 39, 30
30, 166, 39, 13
30, 206, 39, 16
30, 14, 39, 39
30, 241, 39, 71
30, 210, 39, 33
30, 51, 39, 29
30, 24, 39, 54
30, 185, 39, 65
30, 91, 39, 79
30, 94, 39, 26
30, 255, 39, 83
30, 129, 40, 5
30, 1, 40, 21
30, 290, 40, 87
30, 5, 40, 30
30, 136, 40, 80
30, 10, 40, 60
30, 299, 40, 83
30, 236, 40, 99
30, 172, 40, 95
30, 142, 40, 60
30, 15, 40, 91
30, 21, 40, 14
30, 90, 40, 84
30, 94, 40, 26
30, 286, 40, 50
30, 12, 41, 14
30, 276, 41, 94
30, 21, 41, 14
30, 279, 41, 96
30, 24, 41, 54
30, 31, 41, 62
30, 290, 41, 87
30, 291, 41, 57
30, 162, 41, 71
30, 165, 41, 6
30, 298, 41, 99
30, 177, 41, 97
30, 178, 41, 26
30, 67, 41, 4
30, 76, 41, 95
30, 79, 41, 24
30, 81, 41, 18
30, 209, 41, 60
30, 254, 41, 39
30, 257, 42, 35
30, 129, 42, 5
30, 99, 42, 95
30, 6, 42, 4
30, 8, 42, 72
30, 204, 42, 4
30, 13, 42, 77
30, 206, 42, 16
30, 46, 42, 94
30, 144, 42, 78
30, 276, 42, 94
30, 244, 42, 68
30, 251, 42, 60
30, 156, 42, 24
30, 125, 42, 54
30, 33, 43, 4
30, 162, 43, 71
30, 35, 43, 67
30, 293, 43, 18
30, 134, 43, 36
30, 170, 43, 35
30, 269, 43, 27
30, 173, 43, 19
30, 112, 43, 81
30, 124, 43, 70
30, 50, 43, 86
30, 212, 43, 50
30, 215, 43, 4
30, 89, 43, 92
30, 247, 43, 21
30, 220, 43, 89
30, 258, 44, 19
30, 295, 44, 5
30, 135, 44, 21
30, 79, 44, 24
30, 177, 44, 97
30, 184, 44, 74
30, 220, 44, 89
30, 222, 44, 17
30, 98, 45, 85
30, 169, 45, 18
30, 114, 45, 49
30, 244, 45, 68
30, 27, 45, 60
30, 188, 45, 31
30, 229, 46, 63
30, 198, 46, 18
30, 264, 46, 53
30, 138, 46, 55
30, 145, 46, 8
30, 210, 46, 33
30, 213, 46, 71
30, 55, 46, 43
30, 215, 46, 4
30, 118, 46, 86
30, 287, 46, 9
30, 131, 47, 42
30, 6, 47, 4
30, 199, 47, 29
30, 138, 47, 55
30, 91, 47, 79
30, 286, 47, 50
30, 141, 47, 6
30, 111, 47, 17
30, 177, 47, 97
30, 179, 47, 22
30, 247, 47, 21
30, 217, 47, 80
30, 218, 47, 54
30, 158, 47, 63
30, 284, 47, 81
30, 222, 47, 17
30, 223, 47, 33
30, 6, 48, 4
30, 139, 48, 81
30, 12, 48, 14
30, 277, 48, 22
30, 280, 48, 91
30, 153, 48, 8
30, 285, 48, 56
30, 286, 48, 50
30, 160, 48, 60
30, 37, 48, 6
30, 297, 48, 12
30, 51, 48, 29
30, 179, 48, 22
30, 53, 48, 46
30, 183, 48, 80
30, 185, 48, 65
30, 197, 48, 88
30, 75, 48, 23
30, 207, 48, 56
30, 106, 48, 71
30, 97, 49, 23
30, 66, 49, 7
30, 291, 49, 57
30, 231, 49, 28
30, 136, 49, 80
30, 169, 49, 18
30, 206, 49, 16
30, 239, 49, 28
30, 83, 49, 90
30, 245, 49, 21
30, 250, 49, 35
30, 125, 49, 54
30, 288, 50, 66
30, 7, 50, 13
30, 48, 50, 51
30, 177, 50, 97
30, 18, 50, 38
30, 54, 50, 42
30, 182, 50, 95
30, 250, 50, 35
30, 125, 50, 54
30, 100, 51, 39
30, 132, 51, 59
30, 230, 51, 30
30, 165, 51, 6
30, 264, 51, 53
30, 76, 51, 95
30, 175, 51, 17
30, 112, 51, 81
30, 283, 51, 81
30, 20, 51, 37
30, 213, 51, 71
30, 219, 51, 79
30, 92, 51, 56
30, 93, 51, 84
30, 31, 51, 62
30, 256, 52, 57
30, 1, 52, 21
30, 258, 52, 19
30, 41, 52, 5
30, 139, 52, 81
30, 206, 52, 16
30, 90, 52, 84
30, 230, 53, 30
30, 136, 53, 80
30, 238, 53, 92
30, 188, 53, 31
30, 115, 53, 100
30, 245, 53, 21
30, 88, 53, 81
30, 124, 53, 70
30, 93, 53, 84
30, 224, 54, 16
30, 2, 54, 3
30, 230, 54, 30
30, 102, 54, 98
30, 166, 54, 13
30, 204, 54, 4
30, 173, 54, 19
30, 268, 54, 9
30, 271, 54, 97
30, 112, 54, 81
30, 241, 54, 71
30, 114, 54, 49
30, 80, 54, 6
30, 116, 54, 12
30, 210, 54, 33
30, 150, 54, 57
30, 87, 54, 25
30, 64, 55, 74
30, 65, 55, 93
30, 72, 55, 83
30, 75, 55, 23
30, 79, 55, 24
30, 189, 55, 84
30, 257, 56, 35
30, 299, 56, 83
30, 12, 56, 14
30, 77, 56, 48
30, 78, 56, 7
30, 268, 56, 9
30, 145, 56, 8
30, 211, 56, 85
30, 243, 56, 40
30, 214, 56, 47
30, 223, 56, 33
30, 291, 57, 57
30, 132, 57, 59
30, 265, 57, 48
30, 140, 57, 46
30, 54, 57, 42
30, 248, 57, 89
30, 189, 57, 84
30, 31, 57, 62
30, 289, 58, 20
30, 153, 58, 8
30, 130, 58, 22
30, 164, 58, 96
30, 37, 58, 6
30, 68, 58, 38
30, 3, 58, 98
30, 267, 58, 24
30, 110, 58, 91
30, 111, 58, 17
30, 208, 58, 24
30, 84, 58, 86
30, 149, 58, 59
30, 120, 58, 17
30, 25, 58, 78
30, 91, 58, 79
30, 190, 58, 52
30, 127, 58, 33
30, 128, 59, 44
30, 161, 59, 70
30, 2, 59, 3
30, 36, 59, 77
30, 267, 59, 24
30, 237, 59, 14
30, 238, 59, 92
30, 270, 59, 81
30, 16, 59, 21
30, 177, 59, 97
30, 51, 59, 29
30, 94, 59, 26
30, 282, 59, 37
30, 285, 59, 56
30, 254, 59, 39
30, 292, 60, 91
30, 200, 60, 40
30, 171, 60, 48
30, 80, 60, 6
30, 144, 60, 78
30, 276, 60, 94
30, 155, 60, 75
30, 253, 60, 66
30, 257, 61, 35
30, 164, 61, 96
30, 165, 61, 6
30, 70, 61, 81
30, 263, 61, 97
30, 106, 61, 71
30, 75, 61, 23
30, 79, 61, 24
30, 19, 61, 70
30, 214, 61, 47
30, 216, 61, 69
30, 189, 61, 84
30, 30, 61, 76
30, 291, 62, 57
30, 234, 62, 100
30, 237, 62, 14
30, 79, 62, 24
30, 176, 62, 29
30, 175, 62, 17
30, 213, 62, 71
30, 182, 62, 95
30, 214, 62, 47
30, 286, 62, 50
30, 67, 63, 4
30, 218, 63, 54
30, 106, 63, 71
30, 117, 63, 94
30, 184, 63, 74
30, 185, 63, 65
30, 26, 63, 32
30, 125, 63, 54
30, 221, 63, 91
30, 216, 63, 69
30, 138, 64, 55
30, 11, 64, 21
30, 139, 64, 81
30, 272, 64, 27
30, 275, 64, 74
30, 160, 64, 60
30, 291, 64, 57
30, 42, 64, 95
30, 173, 64, 19
30, 47, 64, 92
30, 66, 64, 7
30, 198, 64, 18
30, 72, 64, 83
30, 74, 64, 28
30, 92, 64, 56
30, 93, 64, 84
30, 99, 64, 95
30, 108, 64, 47
30, 254, 64, 39
30, 129, 65, 5
30, 5, 65, 30
30, 134, 65, 36
30, 199, 65, 29
30, 139, 65, 81
30, 236, 65, 99
30, 140, 65, 46
30, 108, 65, 47
30, 206, 65, 16
30, 273, 65, 41
30, 52, 65, 37
30, 85, 65, 61
30, 213, 65, 71
30, 152, 65, 35
30, 121, 65, 5
30, 25, 65, 78
30, 2, 66, 3
30, 101, 66, 64
30, 70, 66, 81
30, 136, 66, 80
30, 9, 66, 4
30, 298, 66, 99
30, 139, 66, 81
30, 12, 66, 14
30, 239, 66, 28
30, 143, 66, 52
30, 18, 66, 38
30, 275, 66, 74
30, 242, 66, 88
30, 245, 66, 21
30, 148, 66, 48
30, 217, 66, 80
30, 285, 66, 56
30, 255, 66, 83
30, 133, 67, 72
30, 44, 67, 45
30, 240, 67, 59
30, 52, 67, 37
30, 91, 67, 79
30, 192, 68, 26
30, 291, 68, 57
30, 234, 68, 100
30, 42, 68, 95
30, 20, 68, 37
30, 244, 68, 68
30, 27, 68, 60
30, 29, 68, 100
30, 163, 69, 44
30, 241, 69, 71
30, 17, 69, 64
30, 51, 69, 29
30, 181, 69, 62
30, 22, 69, 36
30, 189, 69, 84
30, 149, 69, 59
30, 185, 69, 65
30, 154, 69, 4
30, 253, 69, 66
30, 296, 70, 50
30, 106, 70, 71
30, 170, 70, 35
30, 141, 70, 6
30, 109, 70, 79
30, 175, 70, 17
30, 207, 70, 56
30, 208, 70, 24
30, 115, 70, 100
30, 212, 70, 50
30, 245, 70, 21
30, 247, 70, 21
30, 24, 70, 54
30, 57, 70, 97
30, 26, 70, 32
30, 223, 70, 33
30, 226, 71, 37
30, 227, 71, 94
30, 99, 71, 95
30, 249, 71, 61
30, 167, 71, 8
30, 43, 71, 33
30, 172, 71, 95
30, 171, 71, 48
30, 61, 71, 26
30, 25, 71, 78
30, 91, 71, 79
30, 285, 71, 56
30, 0, 72, 58
30, 198, 72, 18
30, 9, 72, 4
30, 49, 72, 8
30, 114, 72, 49
30, 88, 72, 81
30, 97, 73, 23
30, 251, 73, 60
30, 177, 73, 97
30, 19, 73, 70
30, 85, 73, 61
30, 215, 73, 4
30, 59, 73, 53
30, 93, 73, 84
30, 94, 73, 26
30, 31, 73, 62
30, 192, 74, 26
30, 65, 74, 93
30, 226, 74, 37
30, 257, 74, 35
30, 132, 74, 59
30, 72, 74, 83
30, 265, 74, 48
30, 173, 74, 19
30, 205, 74, 21
30, 17, 74, 64
30, 244, 74, 68
30, 151, 74, 68
30, 185, 74, 65
30, 30, 74, 76
30, 132, 75, 59
30, 261, 75, 100
30, 11, 75, 21
30, 145, 75, 8
30, 283, 75, 81
30, 169, 75, 18
30, 179, 75, 22
30, 52, 75, 37
30, 182, 75, 95
30, 183, 75, 80
30, 58, 75, 12
30, 61, 75, 26
30, 194, 75, 70
30, 199, 75, 29
30, 203, 75, 12
30, 206, 75, 16
30, 207, 75, 56
30, 209, 75, 60
30, 219, 75, 79
30, 125, 75, 54
30, 192, 76, 26
30, 66, 76, 7
30, 261, 76, 100
30, 166, 76, 13
30, 102, 76, 98
30, 232, 76, 42
30, 233, 76, 89
30, 7, 76, 13
30, 271, 76, 97
30, 111, 76, 17
30, 148, 76, 48
30, 52, 76, 37
30, 216, 76, 69
30, 25, 76, 78
30, 58, 76, 12
30, 59, 76, 53
30, 168, 77, 25
30, 72, 77, 83
30, 108, 77, 47
30, 155, 77, 75
30, 46, 77, 94
30, 47, 77, 92
30, 241, 77, 71
30, 54, 77, 42
30, 215, 77, 4
30, 216, 77, 69
30, 24, 77, 54
30, 251, 77, 60
30, 120, 77, 17
30, 62, 77, 10
30, 32, 78, 9
30, 98, 78, 85
30, 6, 78, 4
30, 232, 78, 42
30, 136, 78, 80
30, 8, 78, 72
30, 40, 78, 67
30, 267, 78, 24
30, 77, 78, 48
30, 176, 78, 29
30, 214, 78, 47
30, 184, 78, 74
30, 94, 78, 26
30, 122, 78, 55
30, 156, 78, 24
30, 222, 78, 17
30, 33, 79, 4
30, 2, 79, 3
30, 67, 79, 4
30, 68, 79, 38
30, 1, 79, 21
30, 75, 79, 23
30, 44, 79, 45
30, 46, 79, 94
30, 80, 79, 6
30, 247, 79, 21
30, 248, 79, 89
30, 185, 79, 65
30, 26, 79, 32
30, 0, 80, 58
30, 129, 80, 5
30, 198, 80, 18
30, 208, 80, 24
30, 81, 80, 18
30, 257, 81, 35
30, 15, 81, 91
30, 21, 81, 14
30, 150, 81, 57
30, 25, 81, 78
30, 282, 81, 37
30, 285, 81, 56
30, 168, 81, 25
30, 44, 81, 45
30, 46, 81, 94
30, 192, 81, 26
30, 71, 81, 38
30, 212, 81, 50
30, 215, 81, 4
30, 105, 81, 12
30, 107, 81, 34
30, 113, 81, 95
30, 114, 81, 49
30, 125, 81, 54
30, 256, 82, 57
30, 267, 82, 24
30, 143, 82, 52
30, 16, 82, 21
30, 275, 82, 74
30, 279, 82, 96
30, 25, 82, 78
30, 292, 82, 91
30, 45, 82, 50
30, 73, 82, 89
30, 204, 82, 4
30, 80, 82, 6
30, 96, 82, 64
30, 101, 82, 64
30, 242, 82, 88
30, 118, 82, 86
30, 249, 82, 61
30, 126, 82, 45
30, 255, 82, 83
30, 139, 83, 81
30, 140, 83, 46
30, 272, 83, 27
30, 22, 83, 36
30, 32, 83, 9
30, 33, 83, 4
30, 163, 83, 44
30, 291, 83, 57
30, 296, 83, 50
30, 174, 83, 21
30, 55, 83, 43
30, 190, 83, 52
30, 64, 83, 74
30, 196, 83, 96
30, 200, 83, 40
30, 201, 83, 15
30, 211, 83, 85
30, 219, 83, 79
30, 93, 83, 84
30, 289, 84, 20
30, 98, 84, 85
30, 58, 84, 12
30, 293, 84, 18
30, 122, 84, 55
30, 235, 84, 47
30, 236, 84, 99
30, 145, 84, 8
30, 242, 84, 88
30, 81, 84, 18
30, 52, 84, 37
30, 85, 84, 61
30, 213, 84, 71
30, 185, 84, 65
30, 154, 84, 4
30, 284, 84, 81
30, 94, 84, 26
30, 63, 84, 10
30, 161, 85, 70
30, 4, 85, 81
30, 166, 85, 13
30, 135, 85, 21
30, 262, 85, 88
30, 43, 85, 33
30, 271, 85, 97
30, 49, 85, 8
30, 20, 85, 37
30, 89, 85, 92
30, 154, 85, 4
30, 158, 85, 63
30, 221, 85, 91
30, 222, 85, 17
30, 191, 85, 36
30, 256, 86, 57
30, 161, 86, 70
30, 226, 86, 37
30, 135, 86, 21
30, 149, 86, 59
30, 246, 86, 70
30, 134, 87, 36
30, 168, 87, 25
30, 91, 87, 79
30, 108, 87, 47
30, 279, 87, 96
30, 77, 87, 48
30, 175, 87, 17
30, 44, 87, 45
30, 17, 87, 64
30, 211, 87, 85
30, 246, 87, 70
30, 183, 87, 80
30, 123, 87, 63
30, 60, 87, 40
30, 157, 87, 91
30, 222, 87, 17
30, 35, 88, 67
30, 165, 88, 6
30, 186, 88, 56
30, 73, 88, 89
30, 298, 88, 99
30, 115, 88, 100
30, 275, 88, 74
30, 245, 88, 21
30, 53, 88, 46
30, 247, 88, 21
30, 152, 88, 35
30, 122, 88, 55
30, 28, 88, 25
30, 158, 88, 63
30, 287, 88, 9
30, 2, 89, 3
30, 232, 89, 42
30, 201, 89, 15
30, 72, 89, 83
30, 43, 89, 33
30, 267, 89, 24
30, 141, 89, 6
30, 108, 89, 47
30, 79, 89, 24
30, 182, 89, 95
30, 286, 89, 50
30, 287, 89, 9
30, 235, 90, 47
30, 268, 90, 9
30, 16, 90, 21
30, 176, 90, 29
30, 188, 90, 31
30, 96, 91, 64
30, 129, 91, 5
30, 98, 91, 85
30, 33, 91, 4
30, 40, 91, 67
30, 203, 91, 12
30, 145, 91, 8
30, 189, 91, 84
30, 251, 91, 60
30, 61, 91, 26
30, 158, 91, 63
30, 191, 91, 36
30, 4, 92, 81
30, 217, 92, 80
30, 169, 92, 18
30, 74, 92, 28
30, 91, 92, 79
30, 109, 92, 79
30, 239, 92, 28
30, 147, 92, 27
30, 22, 92, 36
30, 55, 92, 43
30, 152, 92, 35
30, 24, 92, 54
30, 282, 92, 37
30, 150, 92, 57
30, 125, 92, 54
30, 255, 92, 83
30, 129, 93, 5
30, 137, 93, 54
30, 10, 93, 60
30, 268, 93, 9
30, 17, 93, 64
30, 148, 93, 48
30, 173, 93, 19
30, 176, 93, 29
30, 184, 93, 74
30, 186, 93, 56
30, 74, 93, 28
30, 82, 93, 39
30, 211, 93, 85
30, 89, 93, 92
30, 222, 93, 17
30, 102, 93, 98
30, 239, 93, 28
30, 242, 93, 88
30, 245, 93, 21
30, 262, 94, 88
30, 39, 94, 15
30, 232, 94, 42
30, 44, 94, 45
30, 174, 94, 21
30, 206, 94, 16
30, 219, 94, 79
30, 113, 94, 95
30, 277, 94, 22
30, 87, 94, 25
30, 187, 94, 72
30, 285, 94, 56
30, 255, 94, 83
30, 132, 95, 59
30, 138, 95, 55
30, 173, 95, 19
30, 18, 95, 38
30, 148, 95, 48
30, 276, 95, 94
30, 278, 95, 32
30, 158, 95, 63
30, 94, 95, 26
30, 132, 96, 59
30, 260, 96, 38
30, 264, 96, 53
30, 9, 96, 4
30, 140, 96, 46
30, 269, 96, 27
30, 25, 96, 78
30, 283, 96, 81
30, 31, 96, 62
30, 172, 96, 95
30, 45, 96, 50
30, 47, 96, 92
30, 186, 96, 56
30, 192, 96, 26
30, 195, 96, 69
30, 90, 96, 84
30, 224, 96, 16
30, 236, 96, 99
30, 240, 96, 59
30, 131, 97, 42
30, 4, 97, 81
30, 138, 97, 55
30, 11, 97, 21
30, 15, 97, 91
30, 157, 97, 91
30, 287, 97, 9
30, 163, 97, 44
30, 298, 97, 99
30, 55, 97, 43
30, 191, 97, 36
30, 68, 97, 38
30, 200, 97, 40
30, 206, 97, 16
30, 212, 97, 50
30, 87, 97, 25
30, 228, 97, 50
30, 112, 97, 81
30, 243, 97, 40
30, 245, 97, 21
30, 128, 98, 44
30, 33, 98, 4
30, 258, 98, 19
30, 201, 98, 15
30, 202, 98, 93
30, 204, 98, 4
30, 14, 98, 39
30, 275, 98, 74
30, 277, 98, 22
30, 32, 99, 9
30, 2, 99, 3
30, 197, 99, 88
30, 250, 99, 35
30, 139, 99, 81
30, 48, 99, 51
30, 80, 99, 6
30, 186, 99, 56
30, 191, 99, 36
30, 194, 100, 70
30, 130, 100, 22
30, 100, 100, 39
30, 7, 100, 13
30, 72, 100, 83
30, 201, 100, 15
30, 108, 100, 47
30, 175, 100, 17
30, 82, 100, 39
30, 51, 100, 29
30, 244, 100, 68
30, 213, 100, 71
30, 87, 100, 25
30, 249, 100, 61
30, 156, 100, 24
30, 285, 100, 56
30, 183, 100, 80
30, 286, 100, 50
30, 12, 101, 14
30, 144, 101, 78
30, 145, 101, 8
30, 152, 101, 35
30, 161, 101, 70
30, 165, 101, 6
30, 37, 101, 6
30, 168, 101, 25
30, 48, 101, 51
30, 186, 101, 56
30, 188, 101, 31
30, 62, 101, 10
30, 65, 101, 93
30, 85, 101, 61
30, 217, 101, 80
30, 223, 101, 33
30, 239, 101, 28
30, 118, 101, 86
30, 248, 101, 89
30, 123, 101, 63
30, 136, 102, 80
30, 105, 102, 12
30, 107, 102, 34
30, 92, 102, 56
30, 29, 102, 100
30, 292, 103, 91
30, 165, 103, 6
30, 230, 103, 30
30, 172, 103, 95
30, 78, 103, 7
30, 178, 103, 26
30, 179, 103, 22
30, 150, 103, 57
30, 248, 103, 89
30, 219, 103, 79
30, 5, 104, 30
30, 10, 104, 60
30, 15, 104, 91
30, 149, 104, 59
30, 151, 104, 68
30, 280, 104, 91
30, 157, 104, 91
30, 285, 104, 56
30, 29, 104, 100
30, 34, 104, 58
30, 40, 104, 67
30, 51, 104, 29
30, 182, 104, 95
30, 187, 104, 72
30, 194, 104, 70
30, 75, 104, 23
30, 211, 104, 85
30, 230, 104, 30
30, 110, 104, 91
30, 124, 104, 70
30, 263, 105, 97
30, 202, 105, 93
30, 170, 105, 35
30, 43, 105, 33
30, 109, 105, 79
30, 180, 105, 54
30, 181, 105, 62
30, 193, 106, 81
30, 294, 106, 75
30, 143, 106, 52
30, 48, 106, 51
30, 81, 106, 18
30, 273, 106, 41
30, 276, 106, 94
30, 149, 106, 59
30, 182, 106, 95
30, 12, 107, 14
30, 144, 107, 78
30, 28, 107, 25
30, 288, 107, 66
30, 291, 107, 57
30, 164, 107, 96
30, 167, 107, 8
30, 187, 107, 72
30, 193, 107, 81
30, 199, 107, 29
30, 217, 107, 80
30, 96, 107, 64
30, 98, 107, 85
30, 228, 107, 50
30, 230, 107, 30
30, 108, 107, 47
30, 239, 107, 28
30, 116, 107, 12
30, 251, 107, 60
30, 160, 108, 60
30, 97, 108, 23
30, 26, 108, 32
30, 133, 108, 72
30, 263, 108, 97
30, 170, 108, 35
30, 139, 108, 81
30, 46, 108, 94
30, 50, 108, 86
30, 119, 108, 41
30, 276, 108, 94
30, 279, 108, 96
30, 250, 108, 35
30, 34, 109, 58
30, 45, 109, 50
30, 13, 109, 77
30, 141, 109, 6
30, 47, 109, 92
30, 17, 109, 64
30, 174, 109, 21
30, 80, 109, 6
30, 242, 109, 88
30, 81, 109, 18
30, 248, 109, 89
30, 228, 110, 50
30, 198, 110, 18
30, 231, 110, 28
30, 6, 110, 4
30, 10, 110, 60
30, 14, 110, 39
30, 238, 110, 92
30, 213, 110, 71
30, 216, 110, 69
30, 121, 110, 5
30, 122, 110, 55
30, 60, 110, 40
30, 261, 111, 100
30, 5, 111, 30
30, 70, 111, 81
30, 27, 111, 60
30, 298, 111, 99
30, 152, 111, 35
30, 53, 111, 46
30, 216, 111, 69
30, 251, 111, 60
30, 188, 111, 31
30, 253, 111, 66
30, 159, 111, 15
30, 6, 112, 4
30, 136, 112, 80
30, 232, 112, 42
30, 106, 112, 71
30, 266, 112, 22
30, 108, 112, 47
30, 13, 112, 77
30, 238, 112, 92
30, 142, 112, 60
30, 272, 112, 27
30, 53, 112, 46
30, 245, 112, 21
30, 277, 112, 22
30, 59, 112, 53
30, 157, 112, 91
30, 192, 113, 26
30, 289, 113, 20
30, 291, 113, 57
30, 102, 113, 98
30, 154, 113, 4
30, 168, 113, 25
30, 73, 113, 89
30, 173, 113, 19
30, 77, 113, 48
30, 273, 113, 41
30, 118, 113, 86
30, 23, 113, 64
30, 184, 113, 74
30, 218, 113, 54
30, 283, 113, 81
30, 60, 113, 40
30, 189, 113, 84
30, 63, 113, 10
30, 264, 114, 53
30, 13, 114, 77
30, 271, 114, 97
30, 280, 114, 91
30, 281, 114, 52
30, 27, 114, 60
30, 284, 114, 81
30, 285, 114, 56
30, 160, 114, 60
30, 34, 114, 58
30, 167, 114, 8
30, 41, 114, 5
30, 49, 114, 8
30, 182, 114, 95
30, 192, 114, 26
30, 197, 114, 88
30, 200, 114, 40
30, 91, 114, 79
30, 104, 114, 70
30, 121, 114, 5
30, 97, 115, 23
30, 259, 115, 44
30, 4, 115, 81
30, 228, 115, 50
30, 102, 115, 98
30, 263, 115, 97
30, 104, 115, 70
30, 105, 115, 12
30, 200, 115, 40
30, 298, 115, 99
30, 236, 115, 99
30, 139, 115, 81
30, 271, 115, 97
30, 239, 115, 28
30, 50, 115, 86
30, 182, 115, 95
30, 249, 115, 61
30, 91, 115, 79
30, 280, 116, 91
30, 1, 116, 21
30, 4, 116, 81
30, 101, 116, 64
30, 165, 116, 6
30, 199, 116, 29
30, 8, 116, 72
30, 299, 116, 83
30, 268, 116, 9
30, 205, 116, 21
30, 237, 116, 14
30, 20, 116, 37
30, 184, 116, 74
30, 57, 116, 97
30, 251, 116, 60
30, 252, 116, 74
30, 158, 116, 63
30, 159, 116, 15
30, 24, 117, 54
30, 283, 117, 81
30, 159, 117, 15
30, 173, 117, 19
30, 49, 117, 8
30, 53, 117, 46
30, 56, 117, 50
30, 59, 117, 53
30, 188, 117, 31
30, 189, 117, 84
30, 63, 117, 10
30, 69, 117, 31
30, 202, 117, 93
30, 78, 117, 7
30, 207, 117, 56
30, 210, 117, 33
30, 218, 117, 54
30, 97, 117, 23
30, 113, 117, 95
30, 35, 118, 67
30, 291, 118, 57
30, 263, 118, 97
30, 40, 118, 67
30, 137, 118, 54
30, 265, 118, 48
30, 270, 118, 81
30, 145, 118, 8
30, 279, 118, 96
30, 183, 118, 80
30, 154, 118, 4
30, 57, 118, 97
30, 0, 119, 58
30, 162, 119, 71
30, 163, 119, 44
30, 231, 119, 28
30, 7, 119, 13
30, 137, 119, 54
30, 138, 119, 55
30, 235, 119, 47
30, 11, 119, 21
30, 297, 119, 12
30, 60, 119, 40
30, 142, 119, 60
30, 234, 119, 100
30, 156, 119, 24
30, 273, 119, 41
30, 181, 119, 62
30, 55, 119, 43
30, 188, 119, 31
30, 129, 120, 5
30, 289, 120, 20
30, 131, 120, 42
30, 130, 120, 22
30, 6, 120, 4
30, 265, 120, 48
30, 266, 120, 22
30, 204, 120, 4
30, 108, 120, 47
30, 212, 120, 50
30, 245, 120, 21
30, 55, 120, 43
30, 279, 120, 96
30, 32, 121, 9
30, 129, 121, 5
30, 134, 121, 36
30, 294, 121, 75
30, 44, 121, 45
30, 268, 121, 9
30, 13, 121, 77
30, 112, 121, 81
30, 177, 121, 97
30, 183, 121, 80
30, 249, 121, 61
30, 189, 121, 84
30, 254, 121, 39
30, 166, 122, 13
30, 297, 122, 12
30, 140, 122, 46
30, 240, 122, 59
30, 180, 122, 54
30, 25, 122, 78
30, 287, 122, 9
30, 288, 123, 66
30, 226, 123, 37
30, 197, 123, 88
30, 71, 123, 38
30, 201, 123, 15
30, 41, 123, 5
30, 108, 123, 47
30, 206, 123, 16
30, 49, 123, 8
30, 55, 123, 43
30, 56, 123, 50
30, 186, 123, 56
30, 95, 123, 89
30, 288, 124, 66
30, 137, 124, 54
30, 42, 124, 95
30, 234, 124, 100
30, 109, 124, 79
30, 275, 124, 74
30, 277, 124, 22
30, 85, 124, 61
30, 88, 124, 81
30, 283, 124, 81
30, 156, 124, 24
30, 190, 124, 52
30, 127, 124, 33
30, 69, 125, 31
30, 39, 125, 15
30, 169, 125, 18
30, 170, 125, 35
30, 268, 125, 9
30, 238, 125, 92
30, 207, 125, 56
30, 112, 125, 81
30, 82, 125, 39
30, 117, 125, 94
30, 58, 125, 12
30, 91, 125, 79
30, 125, 125, 54
30, 224, 126, 16
30, 225, 126, 80
30, 193, 126, 81
30, 161, 126, 70
30, 263, 126, 97
30, 8, 126, 72
30, 233, 126, 89
30, 270, 126, 81
30, 146, 126, 74
30, 19, 126, 70
30, 85, 126, 61
30, 60, 126, 40
30, 29, 126, 100
30, 224, 127, 16
30, 261, 127, 100
30, 6, 127, 4
30, 293, 127, 18
30, 40, 127, 67
30, 236, 127, 99
30, 204, 127, 4
30, 110, 127, 91
30, 22, 127, 36
30, 54, 127, 42
30, 56, 127, 50
30, 61, 127, 26
30, 287, 127, 9
30, 65, 128, 93
30, 72, 128, 83
30, 265, 128, 48
30, 73, 128, 89
30, 46, 128, 94
30, 176, 128, 29
30, 177, 128, 97
30, 242, 128, 88
30, 113, 128, 95
30, 52, 128, 37
30, 216, 128, 69
30, 155, 128, 75
30, 34, 129, 58
30, 226, 129, 37
30, 260, 129, 38
30, 269, 129, 27
30, 144, 129, 78
30, 176, 129, 29
30, 240, 129, 59
30, 149, 129, 59
30, 215, 129, 4
30, 248, 129, 89
30, 24, 129, 54
30, 26, 129, 32
30, 188, 129, 31
30, 32, 130, 9
30, 263, 130, 97
30, 173, 130, 19
30, 240, 130, 59
30, 81, 130, 18
30, 82, 130, 39
30, 246, 130, 70
30, 188, 130, 31
30, 125, 130, 54
30, 0, 131, 58
30, 101, 131, 64
30, 204, 131, 4
30, 205, 131, 21
30, 206, 131, 16
30, 48, 131, 51
30, 20, 131, 37
30, 94, 131, 26
30, 153, 131, 8
30, 220, 131, 89
30, 190, 131, 52
30, 258, 132, 19
30, 195, 132, 69
30, 198, 132, 18
30, 202, 132, 93
30, 171, 132, 48
30, 17, 132, 64
30, 146, 132, 74
30, 277, 132, 22
30, 280, 132, 91
30, 186, 132, 56
30, 194, 133, 70
30, 134, 133, 36
30, 262, 133, 88
30, 40, 133, 67
30, 297, 133, 12
30, 108, 133, 47
30, 270, 133, 81
30, 146, 133, 74
30, 82, 133, 39
30, 211, 133, 85
30, 21, 133, 14
30, 50, 133, 86
30, 180, 133, 54
30, 243, 133, 40
30, 274, 133, 62
30, 250, 133, 35
30, 59, 133, 53
30, 156, 133, 24
30, 225, 134, 80
30, 131, 134, 42
30, 163, 134, 44
30, 261, 134, 100
30, 230, 134, 30
30, 37, 134, 6
30, 235, 134, 47
30, 172, 134, 95
30, 267, 134, 24
30, 175, 134, 17
30, 272, 134, 27
30, 177, 134, 97
30, 211, 134, 85
30, 88, 134, 81
30, 94, 134, 26
30, 161, 135, 70
30, 65, 135, 93
30, 162, 135, 71
30, 164, 135, 96
30, 13, 135, 77
30, 78, 135, 7
30, 238, 135, 92
30, 16, 135, 21
30, 241, 135, 71
30, 145, 135, 8
30, 30, 135, 76
30, 149, 135, 59
30, 87, 135, 25
30, 151, 135, 68
30, 89, 135, 92
30, 60, 135, 40
30, 94, 135, 26
30, 1, 136, 21
30, 132, 136, 59
30, 37, 136, 6
30, 263, 136, 97
30, 234, 136, 100
30, 274, 136, 62
30, 276, 136, 94
30, 226, 137, 37
30, 136, 137, 80
30, 146, 137, 74
30, 117, 137, 94
30, 118, 137, 86
30, 28, 137, 25
30, 29, 137, 100
30, 8, 138, 72
30, 14, 138, 39
30, 144, 138, 78
30, 17, 138, 64
30, 147, 138, 27
30, 151, 138, 68
30, 281, 138, 52
30, 27, 138, 60
30, 163, 138, 44
30, 41, 138, 5
30, 299, 138, 83
30, 52, 138, 37
30, 56, 138, 50
30, 184, 138, 74
30, 186, 138, 56
30, 188, 138, 31
30, 199, 138, 29
30, 214, 138, 47
30, 98, 138, 85
30, 262, 139, 88
30, 263, 139, 97
30, 202, 139, 93
30, 139, 139, 81
30, 140, 139, 46
30, 117, 139, 94
30, 245, 139, 21
30, 24, 139, 54
30, 122, 139, 55
30, 251, 139, 60
30, 225, 140, 80
30, 230, 140, 30
30, 294, 140, 75
30, 264, 140, 53
30, 172, 140, 95
30, 141, 140, 6
30, 46, 140, 94
30, 14, 140, 39
30, 51, 140, 29
30, 180, 140, 54
30, 115, 140, 100
30, 86, 140, 48
30, 248, 140, 89
30, 25, 140, 78
30, 123, 140, 63
30, 190, 140, 52
30, 162, 141, 71
30, 2, 141, 3
30, 227, 141, 94
30, 229, 141, 63
30, 292, 141, 91
30, 136, 141, 80
30, 235, 141, 47
30, 282, 141, 37
30, 209, 141, 60
30, 122, 141, 55
30, 28, 141, 25
30, 161, 142, 70
30, 67, 142, 4
30, 58, 142, 12
30, 70, 142, 81
30, 122, 142, 55
30, 264, 142, 53
30, 41, 142, 5
30, 39, 142, 15
30, 15, 142, 91
30, 207, 142, 56
30, 146, 142, 74
30, 186, 142, 56
30, 155, 142, 75
30, 29, 142, 100
30, 159, 142, 15
30, 200, 143, 40
30, 42, 143, 95
30, 13, 143, 77
30, 206, 143, 16
30, 176, 143, 29
30, 145, 143, 8
30, 276, 143, 94
30, 20, 143, 37
30, 182, 143, 95
30, 285, 143, 56
30, 252, 143, 74
30, 157, 143, 91
30, 95, 143, 89
30, 68, 144, 38
30, 196, 144, 96
30, 136, 144, 80
30, 137, 144, 54
30, 298, 144, 99
30, 203, 144, 12
30, 172, 144, 95
30, 13, 144, 77
30, 116, 144, 12
30, 25, 144, 78
30, 90, 144, 84
30, 127, 144, 33
30, 0, 145, 58
30, 193, 145, 81
30, 195, 145, 69
30, 293, 145, 18
30, 231, 145, 28
30, 110, 145, 91
30, 209, 145, 60
30, 185, 145, 65
30, 188, 145, 31
30, 25, 145, 78
30, 128, 146, 44
30, 99, 146, 95
30, 291, 146, 57
30, 138, 146, 55
30, 172, 146, 95
30, 268, 146, 9
30, 82, 146, 39
30, 21, 146, 14
30, 246, 146, 70
30, 87, 146, 25
30, 282, 146, 37
30, 35, 147, 67
30, 133, 147, 72
30, 169, 147, 18
30, 205, 147, 21
30, 14, 147, 39
30, 181, 147, 62
30, 215, 147, 4
30, 120, 147, 17
30, 253, 147, 66
30, 285, 147, 56
30, 62, 147, 10
30, 223, 147, 33
30, 160, 148, 60
30, 288, 148, 66
30, 290, 148, 87
30, 162, 148, 71
30, 292, 148, 91
30, 230, 148, 30
30, 74, 148, 28
30, 10, 148, 60
30, 108, 148, 47
30, 204, 148, 4
30, 15, 148, 91
30, 147, 148, 27
30, 53, 148, 46
30, 22, 148, 36
30, 85, 148, 61
30, 258, 149, 19
30, 163, 149, 44
30, 166, 149, 13
30, 263, 149, 97
30, 295, 149, 5
30, 171, 149, 48
30, 208, 149, 24
30, 212, 149, 50
