150, 300, 15
64, 34, 0, 89
64, 3, 0, 30
64, 263, 0, 96
64, 138, 0, 67
64, 12, 0, 77
64, 268, 0, 12
64, 177, 0, 40
64, 115, 0, 93
64, 180, 0, 22
64, 149, 0, 17
64, 280, 0, 44
64, 283, 0, 42
64, 284, 0, 93
64, 253, 0, 68
64, 129, 1, 15
64, 58, 1, 55
64, 72, 1, 66
64, 105, 1, 96
64, 265, 1, 25
64, 187, 1, 97
64, 109, 1, 99
64, 48, 1, 6
64, 118, 1, 98
64, 90, 1, 38
64, 27, 1, 36
64, 89, 2, 51
64, 291, 2, 42
64, 196, 2, 68
64, 99, 2, 88
64, 233, 2, 6
64, 170, 2, 34
64, 91, 2, 75
64, 204, 2, 89
64, 48, 2, 6
64, 113, 2, 3
64, 17, 2, 71
64, 19, 2, 31
64, 242, 2, 19
64, 247, 2, 94
64, 57, 2, 92
64, 27, 2, 36
64, 161, 3, 12
64, 2, 3, 99
64, 195, 3, 86
64, 295, 3, 94
64, 264, 3, 67
64, 268, 3, 12
64, 217, 3, 25
64, 59, 3, 22
64, 159, 3, 93
64, 160, 4, 48
64, 33, 4, 35
64, 225, 4, 46
64, 296, 4, 58
64, 202, 4, 88
64, 112, 4, 62
64, 272, 4, 2
64, 114, 4, 13
64, 119, 4, 60
64, 247, 4, 94
64, 283, 4, 42
64, 284, 4, 93
64, 255, 4, 80
64, 2, 5, 99
64, 4, 5, 22
64, 269, 5, 72
64, 174, 5, 38
64, 111, 5, 69
64, 176, 5, 6
64, 238, 5, 40
64, 179, 5, 56
64, 125, 5, 65
64, 151, 5, 57
64, 280, 5, 44
64, 121, 5, 13
64, 283, 5, 42
64, 157, 5, 5
64, 288, 6, 60
64, 289, 6, 21
64, 129, 6, 15
64, 285, 6, 21
64, 192, 6, 69
64, 69, 6, 76
64, 263, 6, 96
64, 186, 6, 32
64, 75, 6, 67
64, 239, 6, 60
64, 178, 6, 66
64, 84, 6, 25
64, 213, 6, 13
64, 24, 6, 46
64, 57, 6, 92
64, 26, 6, 48
64, 221, 6, 14
64, 96, 7, 25
64, 129, 7, 15
64, 5, 7, 55
64, 6, 7, 29
64, 41, 7, 42
64, 109, 7, 99
64, 271, 7, 79
64, 80, 7, 30
64, 21, 7, 10
64, 214, 7, 21
64, 64, 8, 4
64, 36, 8, 69
64, 261, 8, 8
64, 5, 8, 55
64, 263, 8, 96
64, 266, 8, 34
64, 203, 8, 64
64, 267, 8, 19
64, 109, 8, 99
64, 270, 8, 31
64, 207, 8, 81
64, 48, 8, 6
64, 112, 8, 62
64, 273, 8, 44
64, 85, 8, 43
64, 213, 8, 13
64, 55, 8, 84
64, 248, 8, 30
64, 163, 9, 93
64, 196, 9, 68
64, 4, 9, 22
64, 132, 9, 85
64, 104, 9, 100
64, 74, 9, 80
64, 234, 9, 55
64, 75, 9, 67
64, 174, 9, 38
64, 79, 9, 67
64, 112, 9, 62
64, 248, 9, 30
64, 56, 9, 92
64, 252, 9, 11
64, 158, 9, 6
64, 159, 9, 93
64, 289, 10, 21
64, 67, 10, 15
64, 3, 10, 30
64, 101, 10, 85
64, 134, 10, 19
64, 44, 10, 46
64, 146, 10, 22
64, 116, 10, 6
64, 85, 10, 43
64, 189, 10, 25
64, 225, 11, 46
64, 35, 11, 40
64, 259, 11, 78
64, 41, 11, 42
64, 10, 11, 6
64, 14, 11, 72
64, 47, 11, 8
64, 177, 11, 40
64, 214, 11, 21
64, 153, 11, 54
64, 0, 12, 41
64, 97, 12, 80
64, 69, 12, 76
64, 230, 12, 13
64, 199, 12, 68
64, 166, 12, 9
64, 233, 12, 6
64, 11, 12, 2
64, 144, 12, 7
64, 49, 12, 63
64, 118, 12, 98
64, 217, 12, 25
64, 191, 12, 64
64, 259, 13, 78
64, 36, 13, 69
64, 136, 13, 76
64, 265, 13, 25
64, 299, 13, 48
64, 150, 13, 65
64, 118, 13, 98
64, 248, 13, 30
64, 123, 13, 42
64, 253, 13, 68
64, 223, 13, 8
64, 0, 14, 41
64, 292, 14, 6
64, 102, 14, 16
64, 167, 14, 80
64, 40, 14, 1
64, 41, 14, 42
64, 74, 14, 80
64, 21, 14, 10
64, 216, 14, 2
64, 188, 14, 77
64, 128, 15, 39
64, 257, 15, 22
64, 292, 15, 6
64, 37, 15, 84
64, 262, 15, 19
64, 295, 15, 94
64, 298, 15, 29
64, 75, 15, 67
64, 239, 15, 60
64, 112, 15, 62
64, 178, 15, 66
64, 21, 15, 10
64, 280, 15, 44
64, 187, 15, 97
64, 252, 15, 11
64, 184, 15, 59
64, 2, 16, 99
64, 68, 16, 63
64, 37, 16, 84
64, 200, 16, 63
64, 264, 16, 67
64, 232, 16, 13
64, 296, 16, 58
64, 238, 16, 40
64, 207, 16, 81
64, 46, 16, 89
64, 81, 16, 77
64, 176, 16, 6
64, 278, 16, 81
64, 24, 16, 46
64, 25, 16, 37
64, 191, 16, 64
64, 226, 17, 100
64, 3, 17, 30
64, 69, 17, 76
64, 200, 17, 63
64, 202, 17, 88
64, 78, 17, 93
64, 117, 17, 59
64, 183, 17, 86
64, 57, 17, 92
64, 154, 17, 13
64, 161, 18, 12
64, 193, 18, 99
64, 165, 18, 28
64, 229, 18, 24
64, 155, 18, 3
64, 172, 18, 6
64, 142, 18, 2
64, 271, 18, 79
64, 209, 18, 10
64, 19, 18, 31
64, 119, 18, 60
64, 86, 18, 82
64, 87, 18, 86
64, 58, 18, 55
64, 251, 18, 11
64, 29, 18, 58
64, 30, 18, 64
64, 162, 19, 13
64, 259, 19, 78
64, 3, 19, 30
64, 98, 19, 44
64, 199, 19, 68
64, 71, 19, 58
64, 136, 19, 76
64, 44, 19, 46
64, 155, 19, 3
64, 15, 19, 32
64, 183, 19, 86
64, 151, 19, 57
64, 24, 19, 46
64, 153, 19, 54
64, 218, 19, 57
64, 27, 19, 36
64, 120, 19, 75
64, 184, 19, 59
64, 192, 20, 69
64, 129, 20, 15
64, 3, 20, 30
64, 122, 20, 39
64, 198, 20, 42
64, 72, 20, 66
64, 105, 20, 96
64, 46, 20, 89
64, 142, 20, 2
64, 242, 20, 19
64, 244, 20, 63
64, 246, 20, 8
64, 151, 20, 57
64, 218, 20, 57
64, 284, 20, 93
64, 158, 20, 6
64, 227, 21, 56
64, 36, 21, 69
64, 8, 21, 100
64, 233, 21, 6
64, 266, 21, 34
64, 107, 21, 82
64, 204, 21, 89
64, 106, 21, 85
64, 238, 21, 40
64, 113, 21, 3
64, 19, 21, 31
64, 23, 21, 8
64, 183, 21, 86
64, 89, 21, 51
64, 91, 21, 75
64, 62, 21, 58
64, 288, 22, 60
64, 97, 22, 80
64, 290, 22, 40
64, 35, 22, 40
64, 262, 22, 19
64, 105, 22, 96
64, 42, 22, 81
64, 43, 22, 42
64, 141, 22, 19
64, 219, 22, 78
64, 47, 22, 8
64, 206, 22, 71
64, 275, 22, 93
64, 182, 22, 28
64, 279, 22, 75
64, 57, 22, 92
64, 283, 22, 42
64, 257, 23, 22
64, 197, 23, 48
64, 293, 23, 51
64, 231, 23, 10
64, 167, 23, 80
64, 69, 23, 76
64, 237, 23, 12
64, 46, 23, 89
64, 144, 23, 7
64, 17, 23, 71
64, 180, 23, 22
64, 213, 23, 13
64, 62, 23, 58
64, 253, 23, 68
64, 26, 23, 48
64, 92, 23, 11
64, 61, 23, 35
64, 158, 23, 6
64, 193, 24, 99
64, 100, 24, 2
64, 58, 24, 55
64, 198, 24, 42
64, 231, 24, 10
64, 122, 24, 39
64, 46, 24, 89
64, 274, 24, 3
64, 243, 24, 75
64, 83, 24, 65
64, 82, 24, 80
64, 182, 24, 28
64, 24, 24, 46
64, 121, 24, 13
64, 250, 24, 47
64, 124, 24, 84
64, 160, 25, 48
64, 6, 25, 29
64, 39, 25, 10
64, 296, 25, 58
64, 230, 25, 13
64, 43, 25, 42
64, 236, 25, 6
64, 210, 25, 35
64, 179, 25, 56
64, 180, 25, 22
64, 118, 25, 98
64, 55, 25, 84
64, 281, 25, 53
64, 154, 25, 13
64, 125, 25, 65
64, 286, 25, 31
64, 297, 26, 15
64, 201, 26, 16
64, 43, 26, 42
64, 80, 26, 30
64, 272, 26, 2
64, 275, 26, 93
64, 186, 26, 32
64, 219, 26, 78
64, 105, 27, 96
64, 172, 27, 6
64, 77, 27, 84
64, 14, 27, 72
64, 16, 27, 97
64, 18, 27, 80
64, 219, 27, 78
64, 33, 28, 35
64, 163, 28, 93
64, 293, 28, 51
64, 102, 28, 16
64, 109, 28, 99
64, 110, 28, 67
64, 46, 28, 89
64, 251, 28, 11
64, 174, 28, 38
64, 82, 28, 80
64, 116, 28, 6
64, 246, 28, 8
64, 219, 28, 78
64, 61, 28, 35
64, 153, 29, 54
64, 261, 29, 8
64, 265, 29, 25
64, 43, 29, 42
64, 14, 29, 72
64, 242, 29, 19
64, 249, 29, 15
64, 60, 29, 72
64, 96, 30, 25
64, 98, 30, 44
64, 228, 30, 81
64, 197, 30, 48
64, 7, 30, 53
64, 43, 30, 42
64, 173, 30, 25
64, 46, 30, 89
64, 280, 30, 44
64, 252, 30, 11
64, 30, 30, 64
64, 291, 31, 42
64, 12, 31, 77
64, 176, 31, 6
64, 116, 31, 6
64, 189, 31, 25
64, 130, 32, 73
64, 202, 32, 88
64, 205, 32, 66
64, 78, 32, 93
64, 208, 32, 88
64, 147, 32, 15
64, 249, 32, 15
64, 255, 32, 80
64, 258, 33, 77
64, 136, 33, 76
64, 10, 33, 6
64, 140, 33, 99
64, 272, 33, 2
64, 277, 33, 84
64, 278, 33, 81
64, 282, 33, 58
64, 30, 33, 64
64, 168, 33, 94
64, 178, 33, 66
64, 57, 33, 92
64, 187, 33, 97
64, 194, 33, 23
64, 68, 33, 63
64, 200, 33, 63
64, 76, 33, 82
64, 243, 33, 75
64, 245, 33, 34
64, 122, 33, 39
64, 192, 34, 69
64, 65, 34, 86
64, 66, 34, 75
64, 259, 34, 78
64, 165, 34, 28
64, 169, 34, 34
64, 42, 34, 81
64, 234, 34, 55
64, 44, 34, 46
64, 13, 34, 93
64, 173, 34, 25
64, 178, 34, 66
64, 116, 34, 6
64, 89, 34, 51
64, 283, 34, 42
64, 221, 34, 14
64, 286, 34, 31
64, 161, 35, 12
64, 37, 35, 84
64, 198, 35, 42
64, 263, 35, 96
64, 69, 35, 76
64, 133, 35, 21
64, 235, 35, 37
64, 207, 35, 81
64, 272, 35, 2
64, 145, 35, 55
64, 211, 35, 18
64, 181, 35, 75
64, 248, 35, 30
64, 91, 35, 75
64, 158, 35, 6
64, 33, 36, 35
64, 100, 36, 2
64, 293, 36, 51
64, 6, 36, 29
64, 173, 36, 25
64, 50, 36, 81
64, 114, 36, 13
64, 118, 36, 98
64, 120, 36, 75
64, 27, 36, 36
64, 265, 37, 25
64, 16, 37, 97
64, 17, 37, 71
64, 277, 37, 84
64, 285, 37, 21
64, 160, 37, 48
64, 163, 37, 93
64, 169, 37, 34
64, 47, 37, 8
64, 52, 37, 46
64, 185, 37, 75
64, 62, 37, 58
64, 67, 37, 15
64, 88, 37, 44
64, 91, 37, 75
64, 94, 37, 91
64, 228, 37, 81
64, 235, 37, 37
64, 242, 37, 19
64, 97, 38, 80
64, 292, 38, 6
64, 39, 38, 10
64, 264, 38, 67
64, 45, 38, 14
64, 237, 38, 12
64, 210, 38, 35
64, 157, 38, 5
64, 121, 38, 13
64, 189, 38, 25
64, 257, 39, 22
64, 1, 39, 55
64, 130, 39, 73
64, 68, 39, 63
64, 37, 39, 84
64, 138, 39, 67
64, 299, 39, 48
64, 78, 39, 93
64, 113, 39, 3
64, 275, 39, 93
64, 180, 39, 22
64, 116, 39, 6
64, 54, 39, 64
64, 183, 39, 86
64, 284, 39, 93
64, 126, 39, 6
64, 34, 40, 89
64, 131, 40, 28
64, 228, 40, 81
64, 203, 40, 64
64, 143, 40, 24
64, 273, 40, 44
64, 83, 40, 65
64, 246, 40, 8
64, 286, 40, 31
64, 5, 41, 55
64, 199, 41, 68
64, 296, 41, 58
64, 201, 41, 16
64, 173, 41, 25
64, 144, 41, 7
64, 83, 41, 65
64, 61, 41, 35
64, 213, 41, 13
64, 84, 41, 25
64, 151, 41, 57
64, 58, 41, 55
64, 156, 41, 11
64, 221, 41, 14
64, 34, 42, 89
64, 67, 42, 15
64, 291, 42, 42
64, 194, 42, 23
64, 200, 42, 63
64, 43, 42, 42
64, 175, 42, 58
64, 18, 42, 80
64, 21, 42, 10
64, 61, 42, 35
64, 190, 42, 37
64, 63, 42, 4
64, 205, 43, 66
64, 77, 43, 84
64, 207, 43, 81
64, 237, 43, 12
64, 213, 43, 13
64, 53, 43, 36
64, 152, 43, 81
64, 92, 43, 11
64, 225, 44, 46
64, 97, 44, 80
64, 196, 44, 68
64, 292, 44, 6
64, 137, 44, 36
64, 108, 44, 91
64, 142, 44, 2
64, 206, 44, 71
64, 16, 44, 97
64, 275, 44, 93
64, 84, 44, 25
64, 245, 44, 34
64, 122, 44, 39
64, 29, 44, 58
64, 287, 44, 37
64, 35, 45, 40
64, 166, 45, 9
64, 230, 45, 13
64, 218, 45, 57
64, 138, 45, 67
64, 42, 45, 81
64, 140, 45, 99
64, 85, 45, 43
64, 22, 45, 19
64, 88, 45, 44
64, 56, 45, 92
64, 62, 45, 58
64, 223, 45, 8
64, 68, 46, 63
64, 40, 46, 1
64, 202, 46, 88
64, 75, 46, 67
64, 11, 46, 2
64, 187, 46, 97
64, 206, 46, 71
64, 271, 46, 79
64, 235, 46, 37
64, 17, 46, 71
64, 274, 46, 3
64, 144, 46, 7
64, 246, 46, 8
64, 22, 46, 19
64, 57, 46, 92
64, 218, 46, 57
64, 283, 46, 42
64, 96, 47, 25
64, 195, 47, 86
64, 68, 47, 63
64, 170, 47, 34
64, 81, 47, 77
64, 177, 47, 40
64, 280, 47, 44
64, 60, 47, 72
64, 36, 48, 69
64, 6, 48, 29
64, 41, 48, 42
64, 211, 48, 18
64, 244, 48, 63
64, 213, 48, 13
64, 153, 48, 54
64, 32, 49, 30
64, 291, 49, 42
64, 135, 49, 84
64, 139, 49, 15
64, 44, 49, 46
64, 141, 49, 19
64, 12, 49, 77
64, 49, 49, 63
64, 276, 49, 80
64, 86, 49, 82
64, 247, 49, 94
64, 61, 49, 35
64, 62, 49, 58
64, 199, 50, 68
64, 203, 50, 64
64, 142, 50, 2
64, 78, 50, 93
64, 283, 50, 42
64, 60, 50, 72
64, 284, 50, 93
64, 247, 50, 94
64, 250, 50, 47
64, 91, 50, 75
64, 124, 50, 84
64, 248, 51, 30
64, 104, 51, 100
64, 113, 51, 3
64, 274, 51, 3
64, 180, 51, 22
64, 23, 51, 8
64, 216, 51, 2
64, 154, 51, 13
64, 188, 51, 77
64, 184, 51, 59
64, 257, 52, 22
64, 40, 52, 1
64, 106, 52, 85
64, 171, 52, 20
64, 12, 52, 77
64, 108, 52, 91
64, 173, 52, 25
64, 237, 52, 12
64, 149, 52, 17
64, 150, 52, 65
64, 87, 52, 86
64, 186, 52, 32
64, 91, 52, 75
64, 255, 52, 80
64, 2, 53, 99
64, 266, 53, 34
64, 267, 53, 19
64, 145, 53, 55
64, 293, 53, 51
64, 299, 53, 48
64, 172, 53, 6
64, 46, 53, 89
64, 189, 53, 25
64, 199, 53, 68
64, 201, 53, 16
64, 213, 53, 13
64, 87, 53, 86
64, 229, 53, 24
64, 237, 53, 12
64, 113, 53, 3
64, 243, 53, 75
64, 247, 53, 94
64, 120, 53, 75
64, 255, 53, 80
64, 97, 54, 80
64, 161, 54, 12
64, 36, 54, 69
64, 262, 54, 19
64, 263, 54, 96
64, 172, 54, 6
64, 141, 54, 19
64, 26, 54, 48
64, 93, 54, 60
64, 69, 55, 76
64, 102, 55, 16
64, 167, 55, 80
64, 73, 55, 67
64, 43, 55, 42
64, 46, 55, 89
64, 112, 55, 62
64, 17, 55, 71
64, 210, 55, 35
64, 48, 55, 6
64, 178, 55, 66
64, 53, 55, 36
64, 22, 55, 19
64, 101, 56, 85
64, 107, 56, 82
64, 239, 56, 60
64, 180, 56, 22
64, 117, 56, 59
64, 213, 56, 13
64, 188, 56, 77
64, 0, 57, 41
64, 3, 57, 30
64, 260, 57, 29
64, 102, 57, 16
64, 73, 57, 67
64, 41, 57, 42
64, 236, 57, 6
64, 82, 57, 80
64, 243, 57, 75
64, 216, 57, 2
64, 122, 57, 39
64, 65, 58, 86
64, 229, 58, 24
64, 295, 58, 94
64, 264, 58, 67
64, 169, 58, 34
64, 172, 58, 6
64, 45, 58, 14
64, 176, 58, 6
64, 211, 58, 18
64, 51, 58, 4
64, 148, 58, 95
64, 279, 58, 75
64, 217, 58, 25
64, 26, 58, 48
64, 131, 59, 28
64, 4, 59, 22
64, 263, 59, 96
64, 139, 59, 15
64, 24, 59, 46
64, 33, 59, 35
64, 162, 59, 13
64, 167, 59, 80
64, 170, 59, 34
64, 54, 59, 64
64, 200, 59, 63
64, 202, 59, 88
64, 203, 59, 64
64, 75, 59, 67
64, 77, 59, 84
64, 207, 59, 81
64, 81, 59, 77
64, 226, 59, 100
64, 108, 59, 91
64, 123, 59, 42
64, 144, 60, 7
64, 16, 60, 97
64, 82, 60, 80
64, 19, 60, 31
64, 116, 60, 6
64, 21, 60, 10
64, 121, 60, 13
64, 157, 60, 5
64, 288, 61, 60
64, 65, 61, 86
64, 96, 61, 25
64, 259, 61, 78
64, 4, 61, 22
64, 165, 61, 28
64, 293, 61, 51
64, 39, 61, 10
64, 54, 61, 64
64, 23, 61, 8
64, 250, 61, 47
64, 286, 61, 31
64, 1, 62, 55
64, 11, 62, 2
64, 14, 62, 72
64, 16, 62, 97
64, 20, 62, 86
64, 281, 62, 53
64, 29, 62, 58
64, 287, 62, 37
64, 31, 62, 55
64, 35, 62, 40
64, 298, 62, 29
64, 190, 62, 37
64, 194, 62, 23
64, 87, 62, 86
64, 93, 62, 60
64, 222, 62, 43
64, 99, 62, 88
64, 233, 62, 6
64, 234, 62, 55
64, 290, 63, 40
64, 131, 63, 28
64, 134, 63, 19
64, 250, 63, 47
64, 203, 63, 64
64, 80, 63, 30
64, 281, 63, 53
64, 58, 63, 55
64, 27, 63, 36
64, 288, 64, 60
64, 98, 64, 44
64, 291, 64, 42
64, 172, 64, 6
64, 175, 64, 58
64, 29, 64, 58
64, 244, 64, 63
64, 253, 64, 68
64, 1, 65, 55
64, 257, 65, 22
64, 285, 65, 21
64, 133, 65, 21
64, 233, 65, 6
64, 206, 65, 71
64, 143, 65, 24
64, 111, 65, 69
64, 114, 65, 13
64, 275, 65, 93
64, 83, 65, 65
64, 94, 65, 91
64, 189, 65, 25
64, 153, 65, 54
64, 154, 65, 13
64, 93, 65, 60
64, 126, 65, 6
64, 1, 66, 55
64, 130, 66, 73
64, 295, 66, 94
64, 42, 66, 81
64, 267, 66, 19
64, 75, 66, 67
64, 205, 66, 66
64, 209, 66, 10
64, 84, 66, 25
64, 244, 66, 63
64, 151, 66, 57
64, 184, 66, 59
64, 122, 66, 39
64, 158, 66, 6
64, 1, 67, 55
64, 99, 67, 88
64, 39, 67, 10
64, 59, 67, 22
64, 138, 67, 67
64, 139, 67, 15
64, 236, 67, 6
64, 106, 67, 85
64, 47, 67, 8
64, 16, 67, 97
64, 93, 67, 60
64, 84, 67, 25
64, 117, 67, 59
64, 87, 67, 86
64, 89, 67, 51
64, 123, 67, 42
64, 157, 67, 5
64, 64, 68, 4
64, 99, 68, 88
64, 154, 68, 13
64, 105, 68, 96
64, 74, 68, 80
64, 73, 68, 67
64, 234, 68, 55
64, 269, 68, 72
64, 174, 68, 38
64, 278, 68, 81
64, 183, 68, 86
64, 248, 68, 30
64, 89, 68, 51
64, 58, 68, 55
64, 123, 68, 42
64, 151, 68, 57
64, 261, 69, 8
64, 10, 69, 6
64, 11, 69, 2
64, 81, 69, 77
64, 273, 69, 44
64, 284, 69, 93
64, 98, 70, 44
64, 3, 70, 30
64, 70, 70, 54
64, 135, 70, 84
64, 296, 70, 58
64, 299, 70, 48
64, 49, 70, 63
64, 81, 70, 77
64, 211, 70, 18
64, 180, 70, 22
64, 84, 70, 25
64, 88, 70, 44
64, 251, 70, 11
64, 189, 70, 25
64, 193, 71, 99
64, 228, 71, 81
64, 262, 71, 19
64, 294, 71, 54
64, 239, 71, 60
64, 49, 71, 63
64, 19, 71, 31
64, 124, 71, 84
64, 63, 71, 4
64, 1, 72, 55
64, 100, 72, 2
64, 168, 72, 94
64, 74, 72, 80
64, 175, 72, 58
64, 113, 72, 3
64, 209, 72, 10
64, 243, 72, 75
64, 212, 72, 72
64, 213, 72, 13
64, 93, 72, 60
64, 95, 72, 48
64, 186, 72, 32
64, 61, 72, 35
64, 254, 72, 92
64, 31, 72, 55
64, 130, 73, 73
64, 261, 73, 8
64, 200, 73, 63
64, 11, 73, 2
64, 95, 73, 48
64, 96, 74, 25
64, 122, 74, 39
64, 167, 74, 80
64, 72, 74, 66
64, 202, 74, 88
64, 108, 74, 91
64, 141, 74, 19
64, 208, 74, 88
64, 146, 74, 22
64, 186, 74, 32
64, 61, 74, 35
64, 31, 74, 55
64, 0, 75, 41
64, 163, 75, 93
64, 196, 75, 68
64, 36, 75, 69
64, 166, 75, 9
64, 201, 75, 16
64, 297, 75, 15
64, 144, 75, 7
64, 146, 75, 22
64, 55, 75, 84
64, 215, 75, 47
64, 59, 75, 22
64, 28, 75, 20
64, 195, 76, 86
64, 228, 76, 81
64, 266, 76, 34
64, 206, 76, 71
64, 176, 76, 6
64, 241, 76, 2
64, 53, 76, 36
64, 149, 76, 17
64, 215, 76, 47
64, 246, 76, 8
64, 185, 76, 75
64, 91, 76, 75
64, 223, 76, 8
64, 227, 77, 56
64, 8, 77, 100
64, 40, 77, 1
64, 138, 77, 67
64, 172, 77, 6
64, 142, 77, 2
64, 178, 77, 66
64, 18, 77, 80
64, 183, 77, 86
64, 216, 77, 2
64, 123, 77, 42
64, 162, 78, 13
64, 227, 78, 56
64, 138, 78, 67
64, 15, 78, 32
64, 113, 78, 3
64, 114, 78, 13
64, 26, 78, 48
64, 254, 78, 92
64, 159, 78, 93
64, 98, 79, 44
64, 237, 79, 12
64, 174, 79, 38
64, 240, 79, 53
64, 209, 79, 10
64, 54, 79, 64
64, 216, 79, 2
64, 27, 79, 36
64, 287, 79, 37
64, 164, 80, 5
64, 37, 80, 84
64, 107, 80, 82
64, 11, 80, 2
64, 16, 80, 97
64, 49, 80, 63
64, 82, 80, 80
64, 19, 80, 31
64, 276, 80, 80
64, 283, 80, 42
64, 87, 80, 86
64, 152, 80, 81
64, 24, 80, 46
64, 215, 80, 47
64, 219, 80, 78
64, 257, 81, 22
64, 11, 81, 2
64, 140, 81, 99
64, 15, 81, 32
64, 272, 81, 2
64, 273, 81, 44
64, 283, 81, 42
64, 155, 81, 3
64, 156, 81, 11
64, 39, 81, 10
64, 46, 81, 89
64, 175, 81, 58
64, 49, 81, 63
64, 53, 81, 36
64, 185, 81, 75
64, 58, 81, 55
64, 108, 81, 91
64, 240, 81, 53
64, 119, 81, 60
64, 248, 81, 30
64, 162, 82, 13
64, 232, 82, 13
64, 182, 82, 28
64, 120, 82, 75
64, 283, 82, 42
64, 188, 82, 77
64, 129, 83, 15
64, 69, 83, 76
64, 102, 83, 16
64, 70, 83, 54
64, 105, 83, 96
64, 205, 83, 66
64, 207, 83, 81
64, 156, 83, 11
64, 214, 83, 21
64, 23, 83, 8
64, 249, 83, 15
64, 186, 83, 32
64, 60, 83, 72
64, 61, 83, 35
64, 190, 83, 37
64, 286, 83, 31
64, 280, 84, 44
64, 103, 84, 48
64, 105, 84, 96
64, 44, 84, 46
64, 236, 84, 6
64, 118, 84, 98
64, 216, 84, 2
64, 89, 84, 51
64, 284, 84, 93
64, 0, 85, 41
64, 33, 85, 35
64, 288, 85, 60
64, 185, 85, 75
64, 229, 85, 24
64, 39, 85, 10
64, 103, 85, 48
64, 136, 85, 76
64, 139, 85, 15
64, 76, 85, 82
64, 48, 85, 6
64, 89, 85, 51
64, 60, 85, 72
64, 62, 85, 58
64, 2, 86, 99
64, 260, 86, 29
64, 165, 86, 28
64, 37, 86, 84
64, 296, 86, 58
64, 172, 86, 6
64, 47, 86, 8
64, 240, 86, 53
64, 275, 86, 93
64, 20, 86, 86
64, 247, 86, 94
64, 57, 86, 92
64, 60, 86, 72
64, 63, 86, 4
64, 1, 87, 55
64, 34, 87, 89
64, 131, 87, 28
64, 36, 87, 69
64, 6, 87, 29
64, 264, 87, 67
64, 235, 87, 37
64, 11, 87, 2
64, 205, 87, 66
64, 238, 87, 40
64, 173, 87, 25
64, 48, 87, 6
64, 50, 87, 81
64, 181, 87, 75
64, 214, 87, 21
64, 122, 87, 39
64, 251, 87, 11
64, 47, 88, 8
64, 80, 88, 30
64, 23, 88, 8
64, 247, 88, 94
64, 218, 88, 57
64, 223, 88, 8
64, 32, 89, 30
64, 128, 89, 39
64, 194, 89, 23
64, 64, 89, 4
64, 264, 89, 67
64, 298, 89, 29
64, 202, 89, 88
64, 205, 89, 66
64, 79, 89, 67
64, 80, 89, 30
64, 17, 89, 71
64, 21, 89, 10
64, 279, 89, 75
64, 120, 89, 75
64, 31, 89, 55
64, 224, 90, 76
64, 225, 90, 46
64, 133, 90, 21
64, 167, 90, 80
64, 231, 90, 10
64, 296, 90, 58
64, 297, 90, 15
64, 140, 90, 99
64, 45, 90, 14
64, 241, 90, 2
64, 116, 90, 6
64, 119, 90, 60
64, 150, 90, 65
64, 87, 90, 86
64, 251, 90, 11
64, 222, 90, 43
64, 1, 91, 55
64, 162, 91, 13
64, 70, 91, 54
64, 232, 91, 13
64, 296, 91, 58
64, 250, 91, 47
64, 140, 91, 99
64, 143, 91, 24
64, 115, 91, 93
64, 20, 91, 86
64, 278, 91, 81
64, 122, 91, 39
64, 93, 91, 60
64, 286, 91, 31
64, 95, 91, 48
64, 129, 92, 15
64, 258, 92, 77
64, 131, 92, 28
64, 294, 92, 54
64, 262, 92, 19
64, 105, 92, 96
64, 75, 92, 67
64, 299, 92, 48
64, 171, 92, 20
64, 267, 92, 19
64, 174, 92, 38
64, 17, 92, 71
64, 242, 92, 19
64, 82, 92, 80
64, 145, 92, 55
64, 187, 92, 97
64, 31, 92, 55
64, 259, 93, 78
64, 260, 93, 29
64, 228, 93, 81
64, 231, 93, 10
64, 140, 93, 99
64, 14, 93, 72
64, 110, 93, 67
64, 158, 93, 6
64, 261, 94, 8
64, 41, 94, 42
64, 13, 94, 93
64, 206, 94, 71
64, 142, 94, 2
64, 209, 94, 10
64, 53, 94, 36
64, 157, 94, 5
64, 118, 94, 98
64, 153, 94, 54
64, 154, 94, 13
64, 29, 94, 58
64, 97, 95, 80
64, 4, 95, 22
64, 262, 95, 19
64, 198, 95, 42
64, 232, 95, 13
64, 265, 95, 25
64, 108, 95, 91
64, 78, 95, 93
64, 243, 95, 75
64, 215, 95, 47
64, 283, 95, 42
64, 124, 95, 84
64, 125, 95, 65
64, 286, 95, 31
64, 291, 96, 42
64, 8, 96, 100
64, 88, 96, 44
64, 169, 96, 34
64, 18, 96, 80
64, 280, 96, 44
64, 59, 96, 22
64, 61, 96, 35
64, 184, 96, 59
64, 65, 97, 86
64, 129, 97, 15
64, 39, 97, 10
64, 168, 97, 94
64, 200, 97, 63
64, 271, 97, 79
64, 176, 97, 6
64, 17, 97, 71
64, 178, 97, 66
64, 119, 97, 60
64, 87, 97, 86
64, 120, 97, 75
64, 218, 97, 57
64, 123, 97, 42
64, 189, 97, 25
64, 222, 97, 43
64, 95, 97, 48
64, 207, 98, 81
64, 210, 98, 35
64, 18, 98, 80
64, 116, 98, 6
64, 252, 98, 11
64, 26, 98, 48
64, 156, 98, 11
64, 128, 99, 39
64, 1, 99, 55
64, 165, 99, 28
64, 6, 99, 29
64, 103, 99, 48
64, 166, 99, 9
64, 136, 99, 76
64, 232, 99, 13
64, 16, 99, 97
64, 241, 99, 2
64, 151, 99, 57
64, 282, 99, 58
64, 124, 99, 84
64, 97, 100, 80
64, 139, 100, 15
64, 107, 100, 82
64, 237, 100, 12
64, 272, 100, 2
64, 242, 100, 19
64, 178, 100, 66
64, 84, 100, 25
64, 245, 100, 34
64, 22, 100, 19
64, 248, 100, 30
64, 190, 100, 37
64, 127, 100, 18
64, 256, 101, 66
64, 162, 101, 13
64, 9, 101, 45
64, 271, 101, 79
64, 81, 101, 77
64, 30, 101, 64
64, 171, 102, 20
64, 111, 102, 69
64, 82, 102, 80
64, 53, 102, 36
64, 248, 102, 30
64, 221, 102, 14
64, 1, 103, 55
64, 129, 103, 15
64, 104, 103, 100
64, 267, 103, 19
64, 112, 103, 62
64, 208, 103, 88
64, 210, 103, 35
64, 114, 103, 13
64, 279, 103, 75
64, 252, 103, 11
64, 129, 104, 15
64, 264, 104, 67
64, 19, 104, 31
64, 152, 104, 81
64, 153, 104, 54
64, 24, 104, 46
64, 158, 104, 6
64, 289, 104, 21
64, 295, 104, 94
64, 170, 104, 34
64, 46, 104, 89
64, 57, 104, 92
64, 76, 104, 82
64, 205, 104, 66
64, 207, 104, 81
64, 215, 104, 47
64, 93, 104, 60
64, 104, 104, 100
64, 106, 104, 85
64, 112, 104, 62
64, 257, 105, 22
64, 263, 105, 96
64, 9, 105, 45
64, 272, 105, 2
64, 284, 105, 93
64, 158, 105, 6
64, 168, 105, 94
64, 169, 105, 34
64, 173, 105, 25
64, 177, 105, 40
64, 187, 105, 97
64, 60, 105, 72
64, 71, 105, 58
64, 216, 105, 2
64, 99, 105, 88
64, 236, 105, 6
64, 239, 105, 60
64, 115, 105, 93
64, 124, 105, 84
64, 159, 106, 93
64, 68, 106, 63
64, 69, 106, 76
64, 104, 106, 100
64, 169, 106, 34
64, 201, 106, 16
64, 139, 106, 15
64, 73, 106, 67
64, 266, 106, 34
64, 80, 106, 30
64, 51, 106, 4
64, 52, 106, 46
64, 244, 106, 63
64, 278, 106, 81
64, 280, 106, 44
64, 153, 106, 54
64, 92, 106, 11
64, 191, 106, 64
64, 262, 107, 19
64, 230, 107, 13
64, 140, 107, 99
64, 176, 107, 6
64, 275, 107, 93
64, 218, 107, 57
64, 224, 108, 76
64, 65, 108, 86
64, 168, 108, 94
64, 299, 108, 48
64, 173, 108, 25
64, 13, 108, 93
64, 251, 108, 11
64, 48, 108, 6
64, 153, 108, 54
64, 187, 108, 97
64, 126, 108, 6
64, 223, 108, 8
64, 64, 109, 4
64, 194, 109, 23
64, 66, 109, 75
64, 36, 109, 69
64, 236, 109, 6
64, 146, 109, 22
64, 276, 109, 80
64, 245, 109, 34
64, 116, 109, 6
64, 215, 109, 47
64, 280, 109, 44
64, 185, 109, 75
64, 286, 109, 31
64, 191, 109, 64
64, 161, 110, 12
64, 1, 110, 55
64, 265, 110, 25
64, 266, 110, 34
64, 108, 110, 91
64, 83, 110, 65
64, 180, 110, 22
64, 119, 110, 60
64, 279, 110, 75
64, 26, 110, 48
64, 60, 110, 72
64, 162, 111, 13
64, 259, 111, 78
64, 231, 111, 10
64, 209, 111, 10
64, 50, 111, 81
64, 180, 111, 22
64, 213, 111, 13
64, 56, 111, 92
64, 185, 111, 75
64, 218, 111, 57
64, 59, 111, 22
64, 220, 111, 20
64, 57, 111, 92
64, 134, 112, 19
64, 104, 112, 100
64, 10, 112, 6
64, 42, 112, 81
64, 82, 112, 80
64, 69, 113, 76
64, 197, 113, 48
64, 104, 113, 100
64, 81, 113, 77
64, 179, 113, 56
64, 215, 113, 47
64, 292, 114, 6
64, 107, 114, 82
64, 268, 114, 12
64, 77, 114, 84
64, 205, 114, 66
64, 146, 114, 22
64, 21, 114, 10
64, 150, 114, 65
64, 55, 114, 84
64, 160, 115, 48
64, 98, 115, 44
64, 2, 115, 99
64, 194, 115, 23
64, 71, 115, 58
64, 7, 115, 53
64, 135, 115, 84
64, 141, 115, 19
64, 237, 115, 12
64, 45, 115, 14
64, 210, 115, 35
64, 150, 115, 65
64, 151, 115, 57
64, 88, 115, 44
64, 281, 115, 53
64, 214, 115, 21
64, 253, 115, 68
64, 1, 116, 55
64, 163, 116, 93
64, 68, 116, 63
64, 261, 116, 8
64, 7, 116, 53
64, 136, 116, 76
64, 12, 116, 77
64, 239, 116, 60
64, 113, 116, 3
64, 50, 116, 81
64, 81, 116, 77
64, 212, 116, 72
64, 252, 116, 11
64, 64, 117, 4
64, 225, 117, 46
64, 294, 117, 54
64, 39, 117, 10
64, 136, 117, 76
64, 106, 117, 85
64, 171, 117, 20
64, 11, 117, 2
64, 269, 117, 72
64, 238, 117, 40
64, 155, 117, 3
64, 81, 117, 77
64, 212, 117, 72
64, 85, 117, 43
64, 182, 117, 28
64, 279, 117, 75
64, 219, 117, 78
64, 62, 117, 58
64, 97, 118, 80
64, 290, 118, 40
64, 100, 118, 2
64, 267, 118, 19
64, 142, 118, 2
64, 188, 118, 77
64, 220, 118, 20
64, 52, 118, 46
64, 179, 118, 56
64, 150, 118, 65
64, 216, 118, 2
64, 89, 118, 51
64, 124, 118, 84
64, 159, 118, 93
64, 69, 119, 76
64, 265, 119, 25
64, 78, 119, 93
64, 110, 119, 67
64, 81, 119, 77
64, 214, 119, 21
64, 90, 119, 38
64, 128, 120, 39
64, 258, 120, 77
64, 259, 120, 78
64, 263, 120, 96
64, 136, 120, 76
64, 10, 120, 6
64, 268, 120, 12
64, 154, 120, 13
64, 27, 120, 36
64, 30, 120, 64
64, 176, 120, 6
64, 57, 120, 92
64, 190, 120, 37
64, 69, 120, 76
64, 208, 120, 88
64, 85, 120, 43
64, 238, 120, 40
64, 245, 120, 34
64, 253, 120, 68
64, 259, 121, 78
64, 165, 121, 28
64, 200, 121, 63
64, 40, 121, 1
64, 174, 121, 38
64, 175, 121, 58
64, 273, 121, 44
64, 113, 121, 3
64, 213, 121, 13
64, 53, 121, 36
64, 125, 121, 65
64, 262, 122, 19
64, 140, 122, 99
64, 144, 122, 7
64, 159, 122, 93
64, 166, 122, 9
64, 169, 122, 34
64, 170, 122, 34
64, 52, 122, 46
64, 58, 122, 55
64, 192, 122, 69
64, 194, 122, 23
64, 73, 122, 67
64, 247, 122, 94
64, 220, 122, 20
64, 226, 122, 100
64, 110, 122, 67
64, 113, 122, 3
64, 119, 122, 60
64, 252, 122, 11
64, 0, 123, 41
64, 66, 123, 75
64, 261, 123, 8
64, 8, 123, 100
64, 104, 123, 100
64, 106, 123, 85
64, 240, 123, 53
64, 144, 123, 7
64, 210, 123, 35
64, 86, 123, 82
64, 56, 123, 92
64, 128, 124, 39
64, 67, 124, 15
64, 165, 124, 28
64, 6, 124, 29
64, 166, 124, 9
64, 70, 124, 54
64, 73, 124, 67
64, 37, 124, 84
64, 77, 124, 84
64, 173, 124, 25
64, 142, 124, 2
64, 212, 124, 72
64, 214, 124, 21
64, 87, 124, 86
64, 186, 124, 32
64, 219, 124, 78
64, 190, 124, 37
64, 127, 124, 18
64, 12, 125, 77
64, 143, 125, 24
64, 176, 125, 6
64, 249, 125, 15
64, 154, 125, 13
64, 155, 125, 3
64, 163, 126, 93
64, 104, 126, 100
64, 200, 126, 63
64, 282, 126, 58
64, 205, 126, 66
64, 207, 126, 81
64, 178, 126, 66
64, 18, 126, 80
64, 85, 126, 43
64, 247, 126, 94
64, 186, 126, 32
64, 288, 127, 60
64, 162, 127, 13
64, 67, 127, 15
64, 68, 127, 63
64, 197, 127, 48
64, 6, 127, 29
64, 264, 127, 67
64, 43, 127, 42
64, 174, 127, 38
64, 15, 127, 32
64, 238, 127, 40
64, 271, 127, 79
64, 84, 127, 25
64, 149, 127, 17
64, 277, 127, 84
64, 281, 127, 53
64, 156, 127, 11
64, 222, 127, 43
64, 97, 128, 80
64, 70, 128, 54
64, 139, 128, 15
64, 107, 128, 82
64, 80, 128, 30
64, 213, 128, 13
64, 295, 129, 94
64, 172, 129, 6
64, 271, 129, 79
64, 212, 129, 72
64, 118, 129, 98
64, 152, 129, 81
64, 56, 129, 92
64, 188, 129, 77
64, 93, 129, 60
64, 0, 130, 41
64, 226, 130, 100
64, 2, 130, 99
64, 131, 130, 28
64, 36, 130, 69
64, 37, 130, 84
64, 199, 130, 68
64, 170, 130, 34
64, 76, 130, 82
64, 115, 130, 93
64, 153, 130, 54
64, 91, 130, 75
64, 1, 131, 55
64, 196, 131, 68
64, 228, 131, 81
64, 198, 131, 42
64, 232, 131, 13
64, 107, 131, 82
64, 109, 131, 99
64, 110, 131, 67
64, 239, 131, 60
64, 47, 131, 8
64, 19, 131, 31
64, 52, 131, 46
64, 277, 131, 84
64, 245, 131, 34
64, 23, 131, 8
64, 281, 131, 53
64, 58, 131, 55
64, 160, 132, 48
64, 39, 132, 10
64, 72, 132, 66
64, 105, 132, 96
64, 45, 132, 14
64, 208, 132, 88
64, 54, 132, 64
64, 184, 132, 59
64, 185, 132, 75
64, 90, 132, 38
64, 189, 132, 25
64, 95, 132, 48
64, 31, 132, 55
64, 161, 133, 12
64, 37, 133, 84
64, 240, 133, 53
64, 82, 133, 80
64, 242, 133, 19
64, 84, 133, 25
64, 117, 133, 59
64, 278, 133, 81
64, 283, 133, 42
64, 158, 133, 6
64, 64, 134, 4
64, 129, 134, 15
64, 34, 134, 89
64, 197, 134, 48
64, 229, 134, 24
64, 174, 134, 38
64, 15, 134, 32
64, 207, 134, 81
64, 81, 134, 77
64, 18, 134, 80
64, 47, 134, 8
64, 177, 134, 40
64, 21, 134, 10
64, 175, 134, 58
64, 120, 134, 75
64, 121, 134, 13
64, 218, 134, 57
64, 33, 135, 35
64, 153, 135, 54
64, 291, 135, 42
64, 132, 135, 85
64, 69, 135, 76
64, 290, 135, 40
64, 105, 135, 96
64, 13, 135, 93
64, 206, 135, 71
64, 271, 135, 79
64, 213, 135, 13
64, 119, 135, 60
64, 25, 135, 37
64, 250, 135, 47
64, 59, 135, 22
64, 188, 135, 77
64, 157, 135, 5
64, 127, 135, 18
64, 289, 136, 21
64, 163, 136, 93
64, 5, 136, 55
64, 102, 136, 16
64, 230, 136, 13
64, 134, 136, 19
64, 109, 136, 99
64, 147, 136, 15
64, 180, 136, 22
64, 246, 136, 8
64, 247, 136, 94
64, 118, 136, 98
64, 92, 136, 11
64, 289, 137, 21
64, 290, 137, 40
64, 131, 137, 28
64, 161, 137, 12
64, 37, 137, 84
64, 250, 137, 47
64, 235, 137, 37
64, 205, 137, 66
64, 272, 137, 2
64, 275, 137, 93
64, 58, 137, 55
64, 288, 138, 60
64, 225, 138, 46
64, 227, 138, 56
64, 68, 138, 63
64, 69, 138, 76
64, 233, 138, 6
64, 75, 138, 67
64, 47, 138, 8
64, 62, 138, 58
64, 253, 138, 68
64, 254, 138, 92
64, 97, 139, 80
64, 98, 139, 44
64, 131, 139, 28
64, 39, 139, 10
64, 49, 139, 63
64, 282, 139, 58
64, 253, 139, 68
64, 264, 140, 67
64, 138, 140, 67
64, 43, 140, 42
64, 212, 140, 72
64, 58, 140, 55
64, 1, 141, 55
64, 194, 141, 23
64, 43, 141, 42
64, 76, 141, 82
64, 111, 141, 69
64, 180, 141, 22
64, 149, 141, 17
64, 21, 141, 10
64, 119, 141, 60
64, 280, 141, 44
64, 279, 141, 75
64, 94, 141, 91
64, 0, 142, 41
64, 68, 142, 63
64, 263, 142, 96
64, 7, 142, 53
64, 234, 142, 55
64, 46, 142, 89
64, 17, 142, 71
64, 20, 142, 86
64, 286, 142, 31
64, 8, 143, 100
64, 75, 143, 67
64, 139, 143, 15
64, 269, 143, 72
64, 16, 143, 97
64, 208, 143, 88
64, 90, 143, 38
64, 60, 143, 72
64, 160, 144, 48
64, 290, 144, 40
64, 68, 144, 63
64, 293, 144, 51
64, 102, 144, 16
64, 39, 144, 10
64, 165, 144, 28
64, 137, 144, 36
64, 74, 144, 80
64, 171, 144, 20
64, 201, 144, 16
64, 260, 144, 29
64, 41, 144, 42
64, 294, 144, 54
64, 119, 144, 60
64, 89, 144, 51
64, 123, 144, 42
64, 157, 144, 5
64, 108, 145, 91
64, 273, 145, 44
64, 281, 145, 53
64, 155, 145, 3
64, 124, 145, 84
64, 131, 146, 28
64, 196, 146, 68
64, 164, 146, 5
64, 36, 146, 69
64, 297, 146, 15
64, 265, 146, 25
64, 171, 146, 20
64, 12, 146, 77
64, 175, 146, 58
64, 82, 146, 80
64, 115, 146, 93
64, 252, 146, 11
64, 51, 146, 4
64, 24, 146, 46
64, 123, 146, 42
64, 188, 146, 77
64, 190, 146, 37
64, 228, 147, 81
64, 101, 147, 85
64, 265, 147, 25
64, 138, 147, 67
64, 203, 147, 64
64, 49, 147, 63
64, 117, 147, 59
64, 154, 147, 13
64, 158, 147, 6
64, 226, 148, 100
64, 260, 148, 29
64, 134, 148, 19
64, 135, 148, 84
64, 8, 148, 100
64, 9, 148, 45
64, 295, 148, 94
64, 139, 148, 15
64, 204, 148, 89
64, 174, 148, 38
64, 179, 148, 56
64, 181, 148, 75
64, 279, 148, 75
64, 218, 148, 57
64, 94, 148, 91
64, 37, 149, 84
64, 298, 149, 29
64, 212, 149, 72
64, 279, 149, 75
64, 26, 149, 48
64, 220, 149, 20
64, 286, 149, 31
