200, 400, 20
61, 389, 0, 40
61, 327, 0, 75
61, 186, 0, 9
61, 106, 0, 15
61, 19, 0, 91
61, 84, 0, 45
61, 250, 0, 86
61, 155, 0, 21
61, 33, 1, 5
61, 350, 1, 77
61, 163, 1, 42
61, 259, 1, 75
61, 166, 1, 74
61, 359, 1, 38
61, 9, 1, 15
61, 141, 1, 63
61, 398, 1, 16
61, 337, 1, 68
61, 146, 1, 25
61, 50, 1, 24
61, 51, 1, 21
61, 153, 1, 47
61, 186, 1, 9
61, 219, 1, 9
61, 126, 1, 90
61, 127, 1, 37
61, 224, 2, 27
61, 1, 2, 81
61, 34, 2, 30
61, 291, 2, 93
61, 292, 2, 66
61, 326, 2, 8
61, 313, 2, 14
61, 8, 2, 69
61, 299, 2, 91
61, 76, 2, 7
61, 368, 2, 29
61, 148, 2, 93
61, 278, 2, 8
61, 89, 2, 51
61, 154, 2, 24
61, 92, 2, 47
61, 65, 3, 6
61, 4, 3, 19
61, 325, 3, 7
61, 356, 3, 36
61, 203, 3, 9
61, 300, 3, 4
61, 235, 3, 1
61, 269, 3, 62
61, 53, 3, 30
61, 181, 3, 37
61, 54, 3, 56
61, 214, 3, 78
61, 0, 4, 85
61, 385, 4, 12
61, 98, 4, 2
61, 290, 4, 13
61, 35, 4, 41
61, 138, 4, 93
61, 332, 4, 88
61, 77, 4, 83
61, 16, 4, 44
61, 49, 4, 77
61, 117, 4, 98
61, 24, 4, 21
61, 185, 4, 6
61, 88, 4, 56
61, 220, 4, 69
61, 318, 4, 92
61, 223, 4, 6
61, 161, 5, 17
61, 258, 5, 46
61, 225, 5, 71
61, 185, 5, 6
61, 198, 5, 54
61, 326, 5, 8
61, 12, 5, 8
61, 174, 5, 64
61, 335, 5, 51
61, 80, 5, 23
61, 217, 5, 11
61, 94, 5, 61
61, 353, 6, 95
61, 257, 6, 71
61, 35, 6, 41
61, 324, 6, 7
61, 172, 6, 69
61, 365, 6, 45
61, 141, 6, 63
61, 367, 6, 66
61, 80, 6, 23
61, 209, 6, 28
61, 16, 6, 44
61, 275, 6, 22
61, 212, 6, 16
61, 344, 6, 2
61, 220, 6, 69
61, 381, 6, 26
61, 128, 7, 58
61, 322, 7, 57
61, 102, 7, 81
61, 71, 7, 61
61, 7, 7, 57
61, 39, 7, 51
61, 14, 7, 85
61, 117, 7, 98
61, 381, 7, 26
61, 386, 8, 49
61, 67, 8, 47
61, 390, 8, 42
61, 6, 8, 55
61, 46, 8, 19
61, 270, 8, 82
61, 342, 8, 34
61, 152, 8, 18
61, 249, 8, 8
61, 190, 8, 85
61, 127, 8, 37
61, 33, 9, 5
61, 34, 9, 30
61, 257, 9, 71
61, 356, 9, 36
61, 166, 9, 74
61, 71, 9, 61
61, 327, 9, 75
61, 102, 9, 81
61, 394, 9, 25
61, 78, 9, 60
61, 110, 9, 95
61, 308, 9, 40
61, 189, 9, 53
61, 344, 9, 2
61, 57, 9, 40
61, 379, 9, 94
61, 152, 9, 18
61, 2, 10, 66
61, 136, 10, 61
61, 138, 10, 93
61, 139, 10, 27
61, 10, 10, 97
61, 397, 10, 59
61, 269, 10, 62
61, 277, 10, 68
61, 24, 10, 21
61, 202, 10, 56
61, 75, 10, 99
61, 334, 10, 7
61, 211, 10, 73
61, 345, 10, 74
61, 356, 10, 36
61, 102, 10, 81
61, 360, 10, 32
61, 113, 10, 72
61, 244, 10, 27
61, 374, 10, 60
61, 130, 11, 33
61, 35, 11, 41
61, 217, 11, 11
61, 327, 11, 75
61, 391, 11, 57
61, 76, 11, 7
61, 77, 11, 83
61, 367, 11, 66
61, 244, 11, 27
61, 246, 11, 84
61, 216, 11, 99
61, 89, 11, 51
61, 58, 11, 61
61, 321, 12, 50
61, 33, 12, 5
61, 97, 12, 77
61, 1, 12, 81
61, 230, 12, 18
61, 263, 12, 9
61, 169, 12, 61
61, 235, 12, 1
61, 270, 12, 82
61, 110, 12, 95
61, 371, 12, 99
61, 185, 12, 6
61, 90, 12, 8
61, 124, 12, 37
61, 189, 12, 53
61, 253, 12, 34
61, 287, 12, 79
61, 257, 13, 71
61, 99, 13, 27
61, 261, 13, 36
61, 73, 13, 10
61, 331, 13, 54
61, 142, 13, 70
61, 367, 13, 66
61, 79, 13, 88
61, 370, 13, 89
61, 83, 13, 88
61, 308, 13, 40
61, 150, 13, 88
61, 90, 13, 8
61, 29, 13, 7
61, 192, 14, 68
61, 195, 14, 87
61, 393, 14, 70
61, 236, 14, 44
61, 143, 14, 4
61, 239, 14, 25
61, 241, 14, 13
61, 56, 14, 34
61, 282, 14, 60
61, 2, 15, 66
61, 255, 15, 12
61, 323, 15, 65
61, 78, 15, 60
61, 46, 15, 19
61, 145, 15, 3
61, 306, 15, 53
61, 244, 15, 27
61, 246, 15, 84
61, 26, 15, 31
61, 155, 15, 21
61, 126, 15, 90
61, 351, 15, 98
61, 97, 16, 77
61, 100, 16, 1
61, 6, 16, 55
61, 297, 16, 58
61, 59, 16, 17
61, 54, 16, 56
61, 219, 16, 9
61, 348, 16, 20
61, 29, 16, 7
61, 382, 16, 24
61, 388, 17, 46
61, 199, 17, 89
61, 74, 17, 7
61, 172, 17, 69
61, 269, 17, 62
61, 178, 17, 7
61, 310, 17, 4
61, 187, 17, 41
61, 259, 18, 75
61, 150, 18, 88
61, 281, 18, 36
61, 283, 18, 81
61, 161, 18, 17
61, 293, 18, 67
61, 295, 18, 14
61, 301, 18, 78
61, 53, 18, 30
61, 62, 18, 74
61, 193, 18, 89
61, 196, 18, 1
61, 328, 18, 97
61, 74, 18, 7
61, 345, 18, 74
61, 94, 18, 61
61, 356, 18, 36
61, 361, 18, 94
61, 107, 18, 33
61, 257, 19, 71
61, 37, 19, 8
61, 71, 19, 61
61, 304, 19, 61
61, 83, 19, 88
61, 21, 19, 47
61, 213, 19, 60
61, 122, 19, 62
61, 94, 19, 61
61, 34, 20, 30
61, 290, 20, 13
61, 227, 20, 47
61, 4, 20, 19
61, 107, 20, 33
61, 43, 20, 28
61, 141, 20, 63
61, 302, 20, 12
61, 142, 20, 70
61, 367, 20, 66
61, 18, 20, 95
61, 19, 20, 91
61, 251, 20, 8
61, 30, 20, 72
61, 264, 21, 14
61, 393, 21, 70
61, 269, 21, 62
61, 399, 21, 94
61, 143, 21, 4
61, 20, 21, 9
61, 276, 21, 84
61, 157, 21, 31
61, 30, 21, 72
61, 31, 21, 70
61, 32, 21, 21
61, 39, 21, 51
61, 167, 21, 47
61, 318, 21, 92
61, 323, 21, 65
61, 80, 21, 23
61, 85, 21, 13
61, 345, 21, 74
61, 91, 21, 24
61, 362, 21, 74
61, 354, 22, 54
61, 359, 22, 38
61, 136, 22, 61
61, 41, 22, 34
61, 10, 22, 97
61, 277, 22, 68
61, 313, 22, 14
61, 158, 22, 88
61, 387, 23, 54
61, 69, 23, 39
61, 230, 23, 18
61, 166, 23, 74
61, 392, 23, 19
61, 138, 23, 93
61, 364, 23, 12
61, 334, 23, 7
61, 16, 23, 44
61, 369, 23, 93
61, 54, 23, 56
61, 56, 23, 34
61, 377, 23, 48
61, 155, 23, 21
61, 60, 23, 71
61, 385, 24, 12
61, 223, 24, 6
61, 36, 24, 76
61, 74, 24, 7
61, 235, 24, 1
61, 266, 24, 47
61, 367, 24, 66
61, 336, 24, 17
61, 179, 24, 84
61, 371, 24, 99
61, 117, 24, 98
61, 310, 24, 4
61, 211, 24, 73
61, 88, 24, 56
61, 250, 24, 86
61, 94, 24, 61
61, 127, 24, 37
61, 71, 25, 61
61, 297, 25, 58
61, 170, 25, 14
61, 299, 25, 91
61, 108, 25, 44
61, 15, 25, 59
61, 312, 25, 83
61, 57, 25, 40
61, 90, 25, 8
61, 59, 25, 17
61, 188, 25, 15
61, 33, 26, 5
61, 38, 26, 77
61, 328, 26, 97
61, 333, 26, 100
61, 206, 26, 50
61, 378, 26, 2
61, 99, 27, 27
61, 387, 27, 54
61, 165, 27, 59
61, 103, 27, 40
61, 329, 27, 68
61, 111, 27, 40
61, 16, 27, 44
61, 90, 27, 8
61, 33, 28, 5
61, 2, 28, 66
61, 323, 28, 65
61, 70, 28, 76
61, 103, 28, 40
61, 104, 28, 60
61, 393, 28, 70
61, 263, 28, 9
61, 141, 28, 63
61, 47, 28, 29
61, 48, 28, 20
61, 241, 28, 13
61, 156, 28, 94
61, 88, 28, 56
61, 313, 28, 14
61, 282, 28, 60
61, 188, 28, 15
61, 135, 29, 72
61, 71, 29, 61
61, 111, 29, 40
61, 276, 29, 84
61, 184, 29, 95
61, 379, 29, 94
61, 128, 30, 58
61, 65, 30, 6
61, 32, 30, 21
61, 231, 30, 56
61, 124, 30, 37
61, 18, 30, 95
61, 188, 30, 15
61, 276, 30, 84
61, 375, 30, 2
61, 185, 30, 6
61, 252, 30, 43
61, 2, 31, 66
61, 163, 31, 42
61, 71, 31, 61
61, 391, 31, 57
61, 264, 31, 14
61, 311, 31, 81
61, 25, 31, 10
61, 349, 31, 4
61, 68, 32, 32
61, 166, 32, 74
61, 7, 32, 57
61, 137, 32, 77
61, 10, 32, 97
61, 394, 32, 25
61, 396, 32, 47
61, 237, 32, 11
61, 142, 32, 70
61, 367, 32, 66
61, 283, 32, 81
61, 286, 32, 31
61, 287, 32, 79
61, 388, 33, 46
61, 165, 33, 59
61, 5, 33, 65
61, 295, 33, 14
61, 326, 33, 8
61, 218, 33, 99
61, 106, 33, 15
61, 168, 33, 40
61, 234, 33, 26
61, 46, 33, 19
61, 309, 33, 55
61, 245, 33, 67
61, 23, 33, 61
61, 281, 33, 36
61, 26, 33, 31
61, 91, 33, 24
61, 348, 33, 20
61, 285, 33, 16
61, 276, 34, 84
61, 280, 34, 87
61, 26, 34, 31
61, 298, 34, 37
61, 172, 34, 69
61, 177, 34, 36
61, 50, 34, 24
61, 186, 34, 9
61, 63, 34, 99
61, 195, 34, 87
61, 75, 34, 99
61, 77, 34, 83
61, 81, 34, 32
61, 223, 34, 6
61, 233, 34, 9
61, 239, 34, 25
61, 112, 34, 49
61, 118, 34, 66
61, 379, 34, 94
61, 254, 34, 36
61, 129, 35, 86
61, 398, 35, 16
61, 16, 35, 44
61, 17, 35, 1
61, 148, 35, 93
61, 38, 35, 77
61, 43, 35, 28
61, 173, 35, 59
61, 47, 35, 29
61, 303, 35, 59
61, 51, 35, 21
61, 188, 35, 15
61, 319, 35, 91
61, 200, 35, 14
61, 203, 35, 9
61, 210, 35, 96
61, 247, 35, 91
61, 349, 35, 4
61, 375, 35, 2
61, 383, 35, 65
61, 98, 36, 2
61, 388, 36, 46
61, 73, 36, 10
61, 268, 36, 42
61, 271, 36, 58
61, 304, 36, 61
61, 148, 36, 93
61, 255, 36, 12
61, 384, 37, 74
61, 129, 37, 86
61, 388, 37, 46
61, 11, 37, 95
61, 161, 37, 17
61, 46, 37, 19
61, 65, 37, 6
61, 329, 37, 68
61, 209, 37, 28
61, 210, 37, 96
61, 214, 37, 78
61, 347, 37, 32
61, 349, 37, 4
61, 222, 37, 18
61, 232, 37, 47
61, 109, 37, 85
61, 368, 37, 29
61, 119, 37, 60
61, 123, 37, 24
61, 382, 37, 24
61, 354, 38, 54
61, 194, 38, 47
61, 325, 38, 7
61, 268, 38, 42
61, 397, 38, 59
61, 365, 38, 45
61, 273, 38, 86
61, 83, 38, 88
61, 246, 38, 84
61, 247, 38, 91
61, 314, 38, 69
61, 125, 38, 86
61, 287, 38, 79
61, 130, 39, 33
61, 10, 39, 97
61, 303, 39, 59
61, 147, 39, 10
61, 89, 39, 51
61, 192, 40, 68
61, 321, 40, 50
61, 100, 40, 1
61, 133, 40, 53
61, 390, 40, 42
61, 9, 40, 15
61, 266, 40, 47
61, 170, 40, 14
61, 176, 40, 2
61, 376, 40, 83
61, 59, 40, 17
61, 320, 41, 65
61, 257, 41, 71
61, 174, 41, 64
61, 399, 41, 94
61, 151, 41, 30
61, 24, 41, 21
61, 284, 41, 91
61, 352, 42, 38
61, 161, 42, 17
61, 386, 42, 49
61, 99, 42, 27
61, 6, 42, 55
61, 359, 42, 38
61, 360, 42, 32
61, 203, 42, 9
61, 268, 42, 42
61, 302, 42, 12
61, 78, 42, 60
61, 47, 42, 29
61, 274, 42, 15
61, 185, 42, 6
61, 254, 42, 36
61, 63, 42, 99
61, 130, 43, 33
61, 2, 43, 66
61, 163, 43, 42
61, 69, 43, 39
61, 294, 43, 86
61, 359, 43, 38
61, 40, 43, 81
61, 265, 43, 72
61, 395, 43, 53
61, 236, 43, 44
61, 43, 43, 28
61, 142, 43, 70
61, 48, 43, 20
61, 113, 43, 72
61, 22, 43, 20
61, 60, 43, 71
61, 63, 43, 99
61, 33, 44, 5
61, 227, 44, 47
61, 167, 44, 47
61, 59, 44, 17
61, 234, 44, 26
61, 76, 44, 7
61, 304, 44, 61
61, 272, 44, 7
61, 306, 44, 53
61, 209, 44, 28
61, 347, 44, 32
61, 373, 44, 84
61, 374, 44, 60
61, 217, 44, 11
61, 251, 44, 8
61, 30, 44, 72
61, 127, 44, 37
61, 320, 45, 65
61, 323, 45, 65
61, 292, 45, 66
61, 104, 45, 60
61, 168, 45, 40
61, 267, 45, 72
61, 268, 45, 42
61, 141, 45, 63
61, 241, 45, 13
61, 181, 45, 37
61, 31, 45, 70
61, 38, 46, 77
61, 72, 46, 76
61, 9, 46, 15
61, 361, 46, 94
61, 157, 46, 31
61, 160, 47, 33
61, 136, 47, 61
61, 168, 47, 40
61, 395, 47, 53
61, 13, 47, 85
61, 373, 47, 84
61, 191, 47, 77
61, 160, 48, 33
61, 2, 48, 66
61, 138, 48, 93
61, 172, 48, 69
61, 174, 48, 64
61, 303, 48, 59
61, 240, 48, 30
61, 211, 48, 73
61, 88, 48, 56
61, 89, 48, 51
61, 380, 48, 46
61, 189, 48, 53
61, 57, 48, 40
61, 133, 49, 53
61, 7, 49, 57
61, 43, 49, 28
61, 175, 49, 41
61, 306, 49, 53
61, 212, 49, 16
61, 20, 49, 9
61, 181, 49, 37
61, 311, 49, 81
61, 246, 49, 84
61, 249, 49, 8
61, 392, 50, 19
61, 143, 50, 4
61, 18, 50, 95
61, 279, 50, 7
61, 280, 50, 87
61, 26, 50, 31
61, 288, 50, 94
61, 297, 50, 58
61, 172, 50, 69
61, 47, 50, 29
61, 309, 50, 55
61, 199, 50, 89
61, 204, 50, 92
61, 337, 50, 68
61, 221, 50, 67
61, 350, 50, 77
61, 98, 50, 2
61, 124, 50, 37
61, 381, 50, 26
61, 224, 51, 27
61, 264, 51, 14
61, 140, 51, 77
61, 176, 51, 2
61, 381, 51, 26
61, 355, 52, 54
61, 7, 52, 57
61, 73, 52, 10
61, 137, 52, 77
61, 234, 52, 26
61, 298, 52, 37
61, 239, 52, 25
61, 343, 52, 100
61, 58, 52, 61
61, 287, 52, 79
61, 33, 53, 5
61, 226, 53, 57
61, 195, 53, 87
61, 101, 53, 50
61, 262, 53, 71
61, 103, 53, 40
61, 136, 53, 61
61, 42, 53, 7
61, 365, 53, 45
61, 77, 53, 83
61, 335, 53, 51
61, 178, 53, 7
61, 374, 53, 60
61, 249, 53, 8
61, 222, 53, 18
61, 256, 54, 53
61, 258, 54, 46
61, 13, 54, 85
61, 30, 54, 72
61, 287, 54, 79
61, 160, 54, 33
61, 33, 54, 5
61, 35, 54, 41
61, 45, 54, 74
61, 197, 54, 19
61, 328, 54, 97
61, 209, 54, 28
61, 211, 54, 73
61, 341, 54, 97
61, 90, 54, 8
61, 102, 54, 81
61, 359, 54, 38
61, 104, 54, 60
61, 365, 54, 45
61, 35, 55, 41
61, 196, 55, 1
61, 5, 55, 65
61, 230, 55, 18
61, 70, 55, 76
61, 233, 55, 9
61, 76, 55, 7
61, 141, 55, 63
61, 399, 55, 94
61, 56, 55, 34
61, 186, 55, 9
61, 219, 55, 9
61, 351, 55, 98
61, 192, 56, 68
61, 227, 56, 47
61, 196, 56, 1
61, 132, 56, 80
61, 299, 56, 91
61, 334, 56, 7
61, 368, 56, 29
61, 126, 56, 90
61, 352, 57, 38
61, 388, 57, 46
61, 132, 57, 80
61, 230, 57, 18
61, 299, 57, 91
61, 155, 57, 21
61, 236, 57, 44
61, 113, 57, 72
61, 215, 57, 55
61, 153, 57, 47
61, 59, 57, 17
61, 92, 57, 47
61, 382, 57, 24
61, 191, 57, 77
61, 33, 58, 5
61, 258, 58, 46
61, 322, 58, 57
61, 280, 58, 87
61, 392, 58, 19
61, 203, 58, 9
61, 365, 58, 45
61, 80, 58, 23
61, 272, 58, 7
61, 370, 58, 89
61, 114, 58, 98
61, 149, 58, 44
61, 213, 58, 60
61, 309, 58, 55
61, 22, 58, 20
61, 90, 58, 8
61, 347, 58, 32
61, 316, 58, 36
61, 224, 59, 27
61, 257, 59, 71
61, 322, 59, 57
61, 355, 59, 54
61, 324, 59, 7
61, 35, 59, 41
61, 109, 59, 85
61, 16, 59, 44
61, 117, 59, 98
61, 246, 59, 84
61, 23, 59, 61
61, 312, 59, 83
61, 91, 59, 24
61, 194, 60, 47
61, 130, 60, 33
61, 72, 60, 76
61, 41, 60, 34
61, 73, 60, 10
61, 271, 60, 58
61, 335, 60, 51
61, 355, 61, 54
61, 196, 61, 1
61, 357, 61, 8
61, 294, 61, 86
61, 391, 61, 57
61, 233, 61, 9
61, 265, 61, 72
61, 393, 61, 70
61, 172, 61, 69
61, 235, 61, 1
61, 110, 61, 95
61, 176, 61, 2
61, 307, 61, 18
61, 116, 61, 57
61, 147, 61, 10
61, 119, 61, 60
61, 316, 61, 36
61, 256, 62, 53
61, 150, 62, 88
61, 25, 62, 10
61, 160, 62, 33
61, 166, 62, 74
61, 168, 62, 40
61, 172, 62, 69
61, 306, 62, 53
61, 189, 62, 53
61, 65, 62, 6
61, 202, 62, 56
61, 77, 62, 83
61, 345, 62, 74
61, 94, 62, 61
61, 352, 62, 38
61, 104, 62, 60
61, 233, 62, 9
61, 366, 62, 78
61, 246, 62, 84
61, 385, 63, 12
61, 329, 63, 68
61, 43, 63, 28
61, 238, 63, 98
61, 83, 63, 88
61, 117, 63, 98
61, 313, 63, 14
61, 157, 63, 31
61, 319, 64, 91
61, 201, 64, 10
61, 271, 64, 58
61, 210, 64, 96
61, 374, 64, 60
61, 126, 64, 90
61, 95, 64, 94
61, 9, 65, 15
61, 396, 65, 47
61, 21, 65, 47
61, 292, 65, 66
61, 293, 65, 67
61, 40, 65, 81
61, 177, 65, 36
61, 311, 65, 81
61, 58, 65, 61
61, 62, 65, 74
61, 67, 65, 47
61, 83, 65, 88
61, 342, 65, 34
61, 219, 65, 9
61, 232, 65, 47
61, 120, 65, 79
61, 377, 65, 48
61, 252, 65, 43
61, 381, 65, 26
61, 128, 66, 58
61, 161, 66, 17
61, 290, 66, 13
61, 99, 66, 27
61, 257, 66, 71
61, 294, 66, 86
61, 154, 66, 24
61, 327, 66, 75
61, 271, 66, 58
61, 243, 66, 25
61, 21, 66, 47
61, 58, 66, 61
61, 157, 66, 31
61, 362, 67, 74
61, 208, 67, 60
61, 274, 67, 15
61, 19, 67, 91
61, 319, 67, 91
61, 248, 68, 49
61, 290, 68, 13
61, 330, 68, 5
61, 300, 68, 4
61, 144, 68, 97
61, 337, 68, 68
61, 252, 68, 43
61, 245, 68, 67
61, 344, 68, 2
61, 153, 68, 47
61, 219, 68, 9
61, 28, 68, 41
61, 381, 68, 26
61, 254, 68, 36
61, 383, 68, 65
61, 35, 69, 41
61, 6, 69, 55
61, 295, 69, 14
61, 233, 69, 9
61, 394, 69, 25
61, 302, 69, 12
61, 367, 69, 66
61, 48, 69, 20
61, 176, 69, 2
61, 372, 69, 36
61, 180, 69, 6
61, 221, 69, 67
61, 157, 69, 31
61, 319, 69, 91
61, 257, 70, 71
61, 2, 70, 66
61, 131, 70, 49
61, 259, 70, 75
61, 325, 70, 7
61, 231, 70, 56
61, 208, 70, 60
61, 241, 70, 13
61, 21, 70, 47
61, 54, 70, 56
61, 377, 70, 48
61, 317, 70, 2
61, 3, 71, 63
61, 259, 71, 75
61, 136, 71, 61
61, 270, 71, 82
61, 146, 71, 25
61, 151, 71, 30
61, 282, 71, 60
61, 27, 71, 57
61, 287, 71, 79
61, 167, 71, 47
61, 326, 71, 8
61, 328, 71, 97
61, 72, 71, 76
61, 209, 71, 28
61, 83, 71, 88
61, 219, 71, 9
61, 105, 71, 75
61, 254, 71, 36
61, 255, 71, 12
61, 354, 72, 54
61, 355, 72, 54
61, 100, 72, 1
61, 345, 72, 74
61, 296, 72, 89
61, 137, 72, 77
61, 335, 72, 51
61, 271, 72, 58
61, 80, 72, 23
61, 338, 72, 21
61, 115, 72, 64
61, 308, 72, 40
61, 21, 72, 47
61, 214, 72, 78
61, 344, 72, 2
61, 313, 72, 14
61, 91, 72, 24
61, 254, 72, 36
61, 248, 73, 49
61, 66, 73, 93
61, 35, 73, 41
61, 226, 73, 57
61, 326, 73, 8
61, 392, 73, 19
61, 264, 73, 14
61, 303, 73, 59
61, 80, 73, 23
61, 21, 73, 47
61, 341, 73, 97
61, 152, 73, 18
61, 379, 73, 94
61, 316, 73, 36
61, 130, 74, 33
61, 329, 74, 68
61, 330, 74, 5
61, 242, 74, 78
61, 84, 74, 45
61, 257, 75, 71
61, 164, 75, 80
61, 36, 75, 76
61, 200, 75, 14
61, 109, 75, 85
61, 178, 75, 7
61, 211, 75, 73
61, 151, 75, 30
61, 279, 75, 7
61, 63, 75, 99
61, 140, 76, 77
61, 398, 76, 16
61, 272, 76, 7
61, 31, 76, 70
61, 45, 76, 74
61, 174, 76, 64
61, 322, 76, 57
61, 195, 76, 87
61, 201, 76, 10
61, 209, 76, 28
61, 85, 76, 13
61, 214, 76, 78
61, 91, 76, 24
61, 348, 76, 20
61, 356, 76, 36
61, 229, 76, 9
61, 106, 76, 15
61, 239, 76, 25
61, 253, 76, 34
61, 227, 77, 47
61, 70, 77, 76
61, 235, 77, 1
61, 59, 77, 17
61, 348, 77, 20
61, 225, 78, 71
61, 130, 78, 33
61, 132, 78, 80
61, 166, 78, 74
61, 137, 78, 77
61, 42, 78, 7
61, 244, 78, 27
61, 284, 78, 91
61, 256, 79, 53
61, 33, 79, 5
61, 195, 79, 87
61, 196, 79, 1
61, 324, 79, 7
61, 70, 79, 76
61, 198, 79, 54
61, 73, 79, 10
61, 42, 79, 7
61, 298, 79, 37
61, 205, 79, 72
61, 271, 79, 58
61, 145, 79, 3
61, 54, 79, 56
61, 22, 79, 20
61, 249, 79, 8
61, 58, 79, 61
61, 316, 79, 36
61, 34, 80, 30
61, 102, 80, 81
61, 205, 80, 72
61, 210, 80, 96
61, 191, 80, 77
61, 288, 81, 94
61, 353, 81, 95
61, 2, 81, 66
61, 290, 81, 13
61, 388, 81, 46
61, 395, 81, 53
61, 332, 81, 88
61, 139, 81, 27
61, 307, 81, 18
61, 184, 81, 95
61, 314, 81, 69
61, 126, 81, 90
61, 191, 81, 77
61, 33, 82, 5
61, 290, 82, 13
61, 255, 82, 12
61, 223, 82, 6
61, 69, 82, 39
61, 231, 82, 56
61, 74, 82, 7
61, 236, 82, 44
61, 241, 82, 13
61, 177, 82, 36
61, 252, 82, 43
61, 277, 82, 68
61, 88, 82, 56
61, 315, 82, 99
61, 380, 82, 46
61, 287, 82, 79
61, 224, 83, 27
61, 66, 83, 93
61, 388, 83, 46
61, 5, 83, 65
61, 358, 83, 84
61, 38, 83, 77
61, 360, 83, 32
61, 200, 83, 14
61, 11, 83, 95
61, 299, 83, 91
61, 175, 83, 41
61, 143, 83, 4
61, 50, 83, 24
61, 115, 83, 64
61, 243, 83, 25
61, 213, 83, 60
61, 157, 83, 31
61, 224, 84, 27
61, 65, 84, 6
61, 355, 84, 54
61, 324, 84, 7
61, 325, 84, 7
61, 230, 84, 18
61, 135, 84, 72
61, 136, 84, 61
61, 202, 84, 56
61, 396, 84, 47
61, 112, 84, 49
61, 177, 84, 36
61, 339, 84, 67
61, 244, 84, 27
61, 56, 84, 34
61, 185, 84, 6
61, 92, 84, 47
61, 382, 84, 24
61, 322, 85, 57
61, 325, 85, 7
61, 71, 85, 61
61, 201, 85, 10
61, 11, 85, 95
61, 123, 85, 24
61, 107, 85, 33
61, 207, 85, 68
61, 308, 85, 40
61, 150, 85, 88
61, 377, 85, 48
61, 315, 85, 99
61, 158, 85, 88
61, 159, 85, 38
61, 324, 86, 7
61, 390, 86, 42
61, 39, 86, 51
61, 9, 86, 15
61, 241, 86, 13
61, 57, 86, 40
61, 282, 86, 60
61, 187, 86, 41
61, 381, 86, 26
61, 350, 86, 77
61, 359, 87, 38
61, 136, 87, 61
61, 300, 87, 4
61, 237, 87, 11
61, 111, 87, 40
61, 17, 87, 1
61, 146, 87, 25
61, 243, 87, 25
61, 244, 87, 27
61, 213, 87, 60
61, 310, 87, 4
61, 148, 87, 93
61, 150, 87, 88
61, 58, 87, 61
61, 29, 87, 7
61, 286, 87, 31
61, 31, 87, 70
61, 291, 88, 93
61, 7, 88, 57
61, 136, 88, 61
61, 265, 88, 72
61, 365, 88, 45
61, 239, 88, 25
61, 149, 88, 44
61, 119, 88, 60
61, 216, 88, 99
61, 348, 88, 20
61, 61, 88, 70
61, 227, 89, 47
61, 6, 89, 55
61, 392, 89, 19
61, 136, 89, 61
61, 394, 89, 25
61, 331, 89, 54
61, 140, 89, 77
61, 208, 89, 60
61, 17, 89, 1
61, 113, 89, 72
61, 18, 89, 95
61, 180, 89, 6
61, 118, 89, 66
61, 310, 89, 4
61, 184, 89, 95
61, 219, 89, 9
61, 127, 89, 37
61, 256, 90, 53
61, 263, 90, 9
61, 169, 90, 61
61, 43, 90, 28
61, 274, 90, 15
61, 256, 91, 53
61, 98, 91, 2
61, 3, 91, 63
61, 195, 91, 87
61, 67, 91, 47
61, 265, 91, 72
61, 362, 91, 74
61, 235, 91, 1
61, 206, 91, 50
61, 347, 91, 32
61, 348, 91, 20
61, 30, 91, 72
61, 132, 92, 80
61, 325, 92, 7
61, 326, 92, 8
61, 10, 92, 97
61, 250, 92, 86
61, 350, 92, 77
61, 121, 93, 15
61, 295, 93, 14
61, 139, 93, 27
61, 204, 93, 92
61, 78, 93, 60
61, 303, 93, 59
61, 271, 93, 58
61, 15, 93, 59
61, 48, 93, 20
61, 371, 93, 99
61, 278, 93, 8
61, 22, 93, 20
61, 216, 93, 99
61, 57, 93, 40
61, 56, 93, 34
61, 118, 93, 66
61, 96, 94, 6
61, 129, 94, 86
61, 66, 94, 93
61, 386, 94, 49
61, 293, 94, 67
61, 44, 94, 81
61, 176, 94, 2
61, 338, 94, 21
61, 211, 94, 73
61, 83, 94, 88
61, 181, 94, 37
61, 345, 94, 74
61, 156, 94, 94
61, 1, 95, 81
61, 324, 95, 7
61, 335, 95, 51
61, 146, 95, 25
61, 21, 95, 47
61, 312, 95, 83
61, 96, 96, 6
61, 353, 96, 95
61, 228, 96, 1
61, 230, 96, 18
61, 390, 96, 42
61, 106, 96, 15
61, 171, 96, 52
61, 300, 96, 4
61, 366, 96, 78
61, 303, 96, 59
61, 114, 96, 98
61, 211, 96, 73
61, 210, 96, 96
61, 283, 96, 81
61, 284, 96, 91
61, 189, 96, 53
61, 63, 96, 99
61, 96, 97, 6
61, 160, 97, 33
61, 355, 97, 54
61, 133, 97, 53
61, 75, 97, 99
61, 204, 97, 92
61, 78, 97, 60
61, 47, 97, 29
61, 176, 97, 2
61, 145, 97, 3
61, 18, 97, 95
61, 111, 97, 40
61, 46, 97, 19
61, 341, 97, 97
61, 22, 97, 20
61, 26, 97, 31
61, 61, 97, 70
61, 352, 98, 38
61, 225, 98, 71
61, 223, 98, 6
61, 37, 98, 8
61, 383, 98, 65
61, 337, 98, 68
61, 83, 98, 88
61, 84, 98, 45
61, 187, 98, 41
61, 349, 98, 4
61, 191, 98, 77
61, 384, 99, 74
61, 321, 99, 50
61, 96, 99, 6
61, 132, 99, 80
61, 293, 99, 67
61, 198, 99, 54
61, 393, 99, 70
61, 331, 99, 54
61, 76, 99, 7
61, 109, 99, 85
61, 207, 99, 68
61, 144, 99, 97
61, 371, 99, 99
61, 374, 99, 60
61, 124, 99, 37
61, 318, 99, 92
61, 320, 100, 65
61, 66, 100, 93
61, 227, 100, 47
61, 169, 100, 61
61, 9, 100, 15
61, 137, 100, 77
61, 396, 100, 47
61, 15, 100, 59
61, 305, 100, 74
61, 178, 100, 7
61, 244, 100, 27
61, 53, 100, 30
61, 85, 100, 13
61, 375, 100, 2
61, 312, 100, 83
61, 186, 100, 9
61, 133, 101, 53
61, 398, 101, 16
61, 271, 101, 58
61, 30, 101, 72
61, 290, 101, 13
61, 36, 101, 76
61, 170, 101, 14
61, 173, 101, 59
61, 191, 101, 77
61, 66, 101, 93
61, 331, 101, 54
61, 203, 101, 9
61, 216, 101, 99
61, 221, 101, 67
61, 95, 101, 94
61, 106, 101, 15
61, 237, 101, 11
61, 112, 101, 49
61, 375, 101, 2
61, 192, 102, 68
61, 32, 102, 21
61, 321, 102, 50
61, 387, 102, 54
61, 260, 102, 16
61, 137, 102, 77
61, 42, 102, 7
61, 330, 102, 5
61, 140, 102, 77
61, 399, 102, 94
61, 50, 102, 24
61, 243, 102, 25
61, 308, 102, 40
61, 62, 102, 74
61, 222, 102, 18
61, 254, 102, 36
61, 256, 103, 53
61, 136, 103, 61
61, 243, 103, 25
61, 186, 103, 9
61, 123, 103, 24
61, 284, 103, 91
61, 125, 103, 86
61, 287, 103, 79
61, 320, 104, 65
61, 33, 104, 5
61, 98, 104, 2
61, 4, 104, 19
61, 133, 104, 53
61, 5, 104, 65
61, 262, 104, 71
61, 200, 104, 14
61, 233, 104, 9
61, 170, 104, 14
61, 109, 104, 85
61, 16, 104, 44
61, 241, 104, 13
61, 243, 104, 25
61, 85, 104, 13
61, 375, 104, 2
61, 220, 104, 69
61, 353, 105, 95
61, 35, 105, 41
61, 358, 105, 84
61, 103, 105, 40
61, 168, 105, 40
61, 41, 105, 34
61, 399, 105, 94
61, 273, 105, 86
61, 212, 105, 16
61, 85, 105, 13
61, 116, 105, 57
61, 375, 105, 2
61, 25, 105, 10
61, 314, 105, 69
61, 286, 105, 31
61, 223, 105, 6
61, 192, 106, 68
61, 323, 106, 65
61, 68, 106, 32
61, 103, 106, 40
61, 168, 106, 40
61, 397, 106, 59
61, 366, 106, 78
61, 273, 106, 86
61, 177, 106, 36
61, 307, 106, 18
61, 212, 106, 16
61, 180, 106, 6
61, 182, 106, 89
61, 183, 106, 19
61, 187, 106, 41
61, 126, 106, 90
61, 287, 106, 79
61, 288, 107, 94
61, 65, 107, 6
61, 129, 107, 86
61, 228, 107, 1
61, 37, 107, 8
61, 70, 107, 76
61, 135, 107, 72
61, 260, 107, 16
61, 196, 107, 1
61, 138, 107, 93
61, 199, 107, 89
61, 269, 107, 62
61, 78, 107, 60
61, 147, 107, 10
61, 323, 108, 65
61, 3, 108, 63
61, 169, 108, 61
61, 74, 108, 7
61, 267, 108, 72
61, 171, 108, 52
61, 177, 108, 36
61, 278, 108, 8
61, 30, 108, 72
61, 223, 108, 6
61, 265, 109, 72
61, 283, 109, 81
61, 49, 109, 77
61, 309, 109, 55
61, 182, 109, 89
61, 313, 109, 14
61, 187, 109, 41
61, 193, 109, 89
61, 80, 109, 23
61, 225, 109, 71
61, 354, 109, 54
61, 229, 109, 9
61, 357, 109, 8
61, 105, 109, 75
61, 236, 109, 44
61, 366, 109, 78
61, 367, 109, 66
61, 240, 109, 30
61, 117, 109, 98
61, 247, 109, 91
61, 225, 110, 71
61, 199, 110, 89
61, 107, 110, 33
61, 305, 110, 74
61, 275, 110, 22
61, 84, 110, 45
61, 212, 110, 16
61, 51, 110, 21
61, 154, 110, 24
61, 28, 110, 41
61, 256, 111, 53
61, 33, 111, 5
61, 386, 111, 49
61, 69, 111, 39
61, 72, 111, 76
61, 110, 111, 95
61, 145, 111, 3
61, 85, 111, 13
61, 312, 111, 83
61, 315, 111, 99
61, 35, 112, 41
61, 394, 112, 25
61, 123, 112, 24
61, 300, 112, 4
61, 270, 112, 82
61, 78, 112, 60
61, 17, 112, 1
61, 180, 112, 6
61, 87, 112, 81
61, 23, 112, 61
61, 25, 112, 10
61, 90, 112, 8
61, 155, 112, 21
61, 95, 112, 94
61, 65, 113, 6
61, 362, 113, 74
61, 107, 113, 33
61, 300, 113, 4
61, 208, 113, 60
61, 337, 113, 68
61, 160, 114, 33
61, 192, 114, 68
61, 354, 114, 54
61, 194, 114, 47
61, 388, 114, 46
61, 70, 114, 76
61, 294, 114, 86
61, 169, 114, 61
61, 233, 114, 9
61, 265, 114, 72
61, 45, 114, 74
61, 146, 114, 25
61, 245, 114, 67
61, 54, 114, 56
61, 311, 114, 81
61, 120, 114, 79
61, 314, 114, 69
61, 252, 114, 43
61, 33, 115, 5
61, 161, 115, 17
61, 70, 115, 76
61, 173, 115, 59
61, 302, 115, 12
61, 17, 115, 1
61, 308, 115, 40
61, 103, 116, 40
61, 266, 116, 47
61, 141, 116, 63
61, 366, 116, 78
61, 273, 116, 86
61, 145, 116, 3
61, 312, 116, 83
61, 154, 116, 24
61, 158, 116, 88
61, 127, 116, 37
61, 352, 117, 38
61, 289, 117, 57
61, 1, 117, 81
61, 4, 117, 19
61, 235, 117, 1
61, 108, 117, 44
61, 397, 117, 59
61, 334, 117, 7
61, 172, 117, 69
61, 241, 117, 13
61, 82, 117, 39
61, 371, 117, 99
61, 212, 117, 16
61, 217, 117, 11
61, 63, 117, 99
61, 227, 118, 47
61, 397, 118, 59
61, 278, 118, 8
61, 153, 118, 47
61, 154, 118, 24
61, 351, 118, 98
61, 320, 119, 65
61, 32, 119, 21
61, 325, 119, 7
61, 134, 119, 30
61, 294, 119, 86
61, 72, 119, 76
61, 105, 119, 75
61, 137, 119, 77
61, 139, 119, 27
61, 9, 119, 15
61, 269, 119, 62
61, 302, 119, 12
61, 113, 119, 72
61, 274, 119, 15
61, 340, 119, 22
61, 25, 119, 10
61, 378, 119, 2
61, 128, 120, 58
61, 260, 120, 16
61, 69, 120, 39
61, 264, 120, 14
61, 10, 120, 97
61, 46, 120, 19
61, 146, 120, 25
61, 245, 120, 67
61, 125, 120, 86
61, 4, 121, 19
61, 360, 121, 32
61, 297, 121, 58
61, 170, 121, 14
61, 73, 121, 10
61, 237, 121, 11
61, 78, 121, 60
61, 309, 121, 55
61, 216, 121, 99
61, 155, 121, 21
61, 124, 121, 37
61, 350, 121, 77
61, 32, 122, 21
61, 193, 122, 89
61, 263, 122, 9
61, 296, 122, 89
61, 232, 122, 47
61, 234, 122, 26
61, 235, 122, 1
61, 40, 122, 81
61, 168, 122, 40
61, 206, 122, 50
61, 272, 122, 7
61, 339, 122, 67
61, 246, 122, 84
61, 152, 122, 18
61, 122, 122, 62
61, 125, 122, 86
61, 350, 122, 77
61, 290, 123, 13
61, 356, 123, 36
61, 229, 123, 9
61, 36, 123, 76
61, 327, 123, 75
61, 329, 123, 68
61, 298, 123, 37
61, 330, 123, 5
61, 363, 123, 66
61, 178, 123, 7
61, 19, 123, 91
61, 53, 123, 30
61, 214, 123, 78
61, 55, 123, 41
61, 216, 123, 99
61, 25, 123, 10
61, 122, 123, 62
61, 315, 123, 99
61, 352, 124, 38
61, 292, 124, 66
61, 27, 124, 57
61, 172, 124, 69
61, 239, 124, 25
61, 368, 124, 29
61, 50, 124, 24
61, 114, 124, 98
61, 178, 124, 7
61, 309, 124, 55
61, 118, 124, 66
61, 22, 124, 20
61, 214, 124, 78
61, 378, 124, 2
61, 91, 124, 24
61, 351, 124, 98
61, 226, 125, 57
61, 99, 125, 27
61, 262, 125, 71
61, 8, 125, 69
61, 233, 125, 9
61, 299, 125, 91
61, 369, 125, 93
61, 381, 125, 26
61, 374, 125, 60
61, 247, 125, 91
61, 152, 125, 18
61, 220, 125, 69
61, 317, 125, 2
61, 99, 126, 27
61, 363, 126, 66
61, 301, 126, 78
61, 345, 126, 74
61, 379, 126, 94
61, 160, 127, 33
61, 320, 127, 65
61, 360, 127, 32
61, 9, 127, 15
61, 363, 127, 66
61, 141, 127, 63
61, 273, 127, 86
61, 82, 127, 39
61, 309, 127, 55
61, 252, 127, 43
61, 29, 127, 7
61, 318, 127, 92
61, 292, 128, 66
61, 357, 128, 8
61, 359, 128, 38
61, 16, 128, 44
61, 246, 128, 84
61, 375, 128, 2
61, 128, 129, 58
61, 353, 129, 95
61, 162, 129, 19
61, 323, 129, 65
61, 35, 129, 41
61, 293, 129, 67
61, 134, 129, 30
61, 359, 129, 38
61, 290, 129, 13
61, 107, 129, 33
61, 205, 129, 72
61, 369, 129, 93
61, 277, 129, 68
61, 217, 129, 11
61, 189, 129, 53
61, 271, 130, 58
61, 17, 130, 1
61, 148, 130, 93
61, 278, 130, 8
61, 292, 130, 66
61, 179, 130, 84
61, 312, 130, 83
61, 56, 130, 34
61, 57, 130, 40
61, 323, 130, 65
61, 326, 130, 8
61, 206, 130, 50
61, 82, 130, 39
61, 218, 130, 99
61, 96, 130, 6
61, 375, 130, 2
61, 376, 130, 83
61, 377, 130, 48
61, 378, 130, 2
61, 191, 131, 77
61, 265, 131, 72
61, 82, 131, 39
61, 344, 131, 2
61, 127, 131, 37
61, 96, 132, 6
61, 271, 132, 58
61, 368, 132, 29
61, 222, 132, 18
61, 287, 132, 79
61, 289, 133, 57
61, 99, 133, 27
61, 215, 133, 55
61, 230, 133, 18
61, 168, 133, 40
61, 9, 133, 15
61, 362, 133, 74
61, 174, 133, 64
61, 80, 133, 23
61, 50, 133, 24
61, 115, 133, 64
61, 254, 133, 36
61, 373, 133, 84
61, 343, 133, 100
61, 378, 133, 2
61, 220, 133, 69
61, 222, 133, 18
61, 350, 133, 77
61, 323, 134, 65
61, 196, 134, 1
61, 390, 134, 42
61, 137, 134, 77
61, 201, 134, 10
61, 171, 134, 52
61, 336, 134, 17
61, 211, 134, 73
61, 310, 134, 4
61, 316, 134, 36
61, 56, 134, 34
61, 22, 134, 20
61, 219, 134, 9
61, 284, 134, 91
61, 287, 134, 79
61, 96, 135, 6
61, 257, 135, 71
61, 198, 135, 54
61, 327, 135, 75
61, 273, 135, 86
61, 177, 135, 36
61, 180, 135, 6
61, 90, 135, 8
61, 9, 136, 15
61, 107, 136, 33
61, 272, 136, 7
61, 372, 136, 36
61, 85, 136, 13
61, 373, 136, 84
61, 55, 136, 41
61, 376, 136, 83
61, 281, 136, 36
61, 90, 136, 8
61, 92, 136, 47
61, 255, 136, 12
61, 321, 137, 50
61, 34, 137, 30
61, 163, 137, 42
61, 99, 137, 27
61, 6, 137, 55
61, 329, 137, 68
61, 234, 137, 26
61, 330, 137, 5
61, 172, 137, 69
61, 333, 137, 100
61, 110, 137, 95
61, 367, 137, 66
61, 60, 137, 71
61, 87, 137, 81
61, 279, 137, 7
61, 319, 137, 91
61, 199, 138, 89
61, 172, 138, 69
61, 84, 138, 45
61, 55, 138, 41
61, 155, 138, 21
61, 350, 138, 77
61, 96, 139, 6
61, 102, 139, 81
61, 263, 139, 9
61, 333, 139, 100
61, 216, 139, 99
61, 367, 139, 66
61, 111, 139, 40
61, 242, 139, 78
61, 373, 139, 84
61, 246, 139, 84
61, 23, 139, 61
61, 344, 139, 2
61, 316, 139, 36
61, 62, 139, 74
61, 319, 139, 91
61, 96, 140, 6
61, 128, 140, 58
61, 258, 140, 46
61, 193, 140, 89
61, 132, 140, 80
61, 169, 140, 61
61, 362, 140, 74
61, 52, 140, 36
61, 181, 140, 37
61, 23, 140, 61
61, 184, 140, 95
61, 315, 140, 99
61, 292, 141, 66
61, 265, 141, 72
61, 393, 141, 70
61, 174, 141, 64
61, 144, 141, 97
61, 179, 141, 84
61, 85, 141, 13
61, 120, 141, 79
61, 252, 141, 43
61, 256, 142, 53
61, 1, 142, 81
61, 33, 142, 5
61, 355, 142, 54
61, 389, 142, 40
61, 298, 142, 37
61, 108, 142, 44
61, 45, 142, 74
61, 142, 142, 70
61, 333, 142, 100
61, 365, 142, 45
61, 20, 142, 9
61, 155, 142, 21
61, 60, 142, 71
61, 323, 143, 65
61, 357, 143, 8
61, 264, 143, 14
61, 361, 143, 94
61, 139, 143, 27
61, 140, 143, 77
61, 271, 143, 58
61, 178, 143, 7
61, 248, 143, 49
61, 220, 143, 69
61, 62, 143, 74
61, 127, 143, 37
61, 256, 144, 53
61, 264, 144, 14
61, 200, 144, 14
61, 74, 144, 7
61, 141, 144, 63
61, 154, 144, 24
61, 188, 144, 15
61, 33, 145, 5
61, 257, 145, 71
61, 58, 145, 61
61, 292, 145, 66
61, 104, 145, 60
61, 41, 145, 34
61, 106, 145, 15
61, 42, 145, 7
61, 297, 145, 58
61, 237, 145, 11
61, 143, 145, 4
61, 208, 145, 60
61, 116, 145, 57
61, 182, 145, 89
61, 375, 145, 2
61, 26, 145, 31
61, 315, 145, 99
61, 190, 145, 85
61, 163, 146, 42
61, 69, 146, 39
61, 297, 146, 58
61, 11, 146, 95
61, 46, 146, 19
61, 81, 146, 32
61, 83, 146, 88
61, 307, 146, 18
61, 346, 146, 41
61, 316, 146, 36
61, 285, 146, 16
61, 190, 146, 85
61, 256, 147, 53
61, 132, 147, 80
61, 36, 147, 76
61, 38, 147, 77
61, 328, 147, 97
61, 363, 147, 66
61, 15, 147, 59
61, 115, 147, 64
61, 116, 147, 57
61, 340, 147, 22
61, 342, 147, 34
61, 277, 147, 68
61, 56, 147, 34
61, 281, 147, 36
61, 348, 147, 20
61, 24, 147, 21
61, 36, 148, 76
61, 70, 148, 76
61, 71, 148, 61
61, 377, 148, 48
61, 268, 148, 42
61, 301, 148, 78
61, 143, 148, 4
61, 367, 148, 66
61, 399, 148, 94
61, 19, 148, 91
61, 276, 148, 84
61, 246, 148, 84
61, 249, 148, 8
61, 253, 148, 34
61, 287, 148, 79
61, 64, 149, 59
61, 292, 149, 66
61, 357, 149, 8
61, 358, 149, 84
61, 170, 149, 14
61, 175, 149, 41
61, 146, 149, 25
61, 116, 149, 57
61, 311, 149, 81
61, 318, 149, 92
61, 351, 149, 98
61, 288, 150, 94
61, 65, 150, 6
61, 320, 150, 65
61, 384, 150, 74
61, 230, 150, 18
61, 200, 150, 14
61, 73, 150, 10
61, 366, 150, 78
61, 273, 150, 86
61, 276, 150, 84
61, 184, 150, 95
61, 347, 150, 32
61, 93, 150, 2
61, 350, 150, 77
61, 327, 151, 75
61, 297, 151, 58
61, 44, 151, 81
61, 397, 151, 59
61, 185, 151, 6
61, 186, 151, 9
61, 315, 151, 99
61, 64, 152, 59
61, 38, 152, 77
61, 362, 152, 74
61, 371, 152, 99
61, 318, 152, 92
61, 230, 153, 18
61, 393, 153, 70
61, 11, 153, 95
61, 20, 153, 9
61, 90, 153, 8
61, 162, 154, 19
61, 163, 154, 42
61, 390, 154, 42
61, 333, 154, 100
61, 78, 154, 60
61, 367, 154, 66
61, 114, 154, 98
61, 19, 154, 91
61, 55, 154, 41
61, 57, 154, 40
61, 30, 154, 72
61, 64, 155, 59
61, 291, 155, 93
61, 40, 155, 81
61, 395, 155, 53
61, 268, 155, 42
61, 109, 155, 85
61, 110, 155, 95
61, 148, 155, 93
61, 117, 155, 98
61, 281, 155, 36
61, 255, 155, 12
61, 352, 156, 38
61, 385, 156, 12
61, 33, 156, 5
61, 387, 156, 54
61, 102, 156, 81
61, 8, 156, 69
61, 59, 156, 17
61, 106, 156, 15
61, 302, 156, 12
61, 306, 156, 53
61, 242, 156, 78
61, 377, 156, 48
61, 155, 156, 21
61, 160, 157, 33
61, 96, 157, 6
61, 260, 157, 16
61, 358, 157, 84
61, 9, 157, 15
61, 394, 157, 25
61, 108, 157, 44
61, 204, 157, 92
61, 206, 157, 50
61, 113, 157, 72
61, 274, 157, 15
61, 147, 157, 10
61, 24, 157, 21
61, 62, 157, 74
61, 156, 157, 94
61, 94, 157, 61
61, 129, 158, 86
61, 225, 158, 71
61, 2, 158, 66
61, 200, 158, 14
61, 279, 158, 7
61, 282, 158, 60
61, 387, 159, 54
61, 260, 159, 16
61, 133, 159, 53
61, 262, 159, 71
61, 383, 159, 65
61, 140, 159, 77
61, 173, 159, 59
61, 76, 159, 7
61, 50, 159, 24
61, 51, 159, 21
61, 246, 159, 84
61, 380, 159, 46
61, 127, 159, 37
61, 386, 160, 49
61, 226, 160, 57
61, 323, 160, 65
61, 100, 160, 1
61, 104, 160, 60
61, 269, 160, 62
61, 397, 160, 59
61, 207, 160, 68
61, 50, 160, 24
61, 82, 160, 39
61, 311, 160, 81
61, 126, 160, 90
61, 28, 160, 41
61, 30, 160, 72
61, 351, 160, 98
61, 0, 161, 85
61, 38, 161, 77
61, 363, 161, 66
61, 13, 161, 85
61, 175, 161, 41
61, 114, 161, 98
61, 154, 161, 24
61, 95, 161, 94
61, 131, 162, 49
61, 13, 162, 85
61, 399, 162, 94
61, 272, 162, 7
61, 145, 162, 3
61, 143, 162, 4
61, 148, 162, 93
61, 24, 162, 21
61, 26, 162, 31
61, 27, 162, 57
61, 292, 162, 66
61, 38, 162, 77
61, 55, 162, 41
61, 328, 162, 97
61, 72, 162, 76
61, 200, 162, 14
61, 232, 162, 47
61, 365, 162, 45
61, 372, 162, 36
61, 251, 162, 8
61, 153, 163, 47
61, 290, 163, 13
61, 261, 163, 36
61, 102, 163, 81
61, 313, 163, 14
61, 45, 163, 74
61, 370, 163, 89
61, 180, 163, 6
61, 213, 163, 60
61, 244, 163, 27
61, 345, 163, 74
61, 155, 163, 21
61, 124, 163, 37
61, 95, 163, 94
61, 185, 164, 6
61, 36, 164, 76
61, 294, 164, 86
61, 266, 164, 47
61, 74, 164, 7
61, 333, 164, 100
61, 238, 164, 98
61, 399, 164, 94
61, 176, 164, 2
61, 112, 164, 49
61, 15, 164, 59
61, 397, 164, 59
61, 343, 164, 100
61, 121, 164, 15
61, 61, 164, 70
61, 31, 164, 70
61, 128, 165, 58
61, 0, 165, 85
61, 134, 165, 30
61, 16, 165, 44
61, 276, 165, 84
61, 28, 165, 41
61, 35, 165, 41
61, 37, 165, 8
61, 171, 165, 52
61, 305, 165, 74
61, 178, 165, 7
61, 309, 165, 55
61, 57, 165, 40
61, 324, 165, 7
61, 69, 165, 39
61, 88, 165, 56
61, 227, 165, 47
61, 102, 165, 81
61, 241, 165, 13
61, 375, 165, 2
61, 37, 166, 8
61, 11, 166, 95
61, 114, 166, 98
61, 313, 166, 14
61, 223, 166, 6
61, 133, 167, 53
61, 390, 167, 42
61, 140, 167, 77
61, 270, 167, 82
61, 152, 167, 18
61, 284, 167, 91
61, 288, 167, 94
61, 33, 167, 5
61, 166, 167, 74
61, 168, 167, 40
61, 306, 167, 53
61, 312, 167, 83
61, 194, 167, 47
61, 205, 167, 72
61, 335, 167, 51
61, 216, 167, 99
61, 236, 167, 44
61, 372, 167, 36
61, 373, 167, 84
61, 323, 168, 65
61, 356, 168, 36
61, 324, 168, 7
61, 199, 168, 89
61, 200, 168, 14
61, 104, 168, 60
61, 394, 168, 25
61, 76, 168, 7
61, 272, 168, 7
61, 241, 168, 13
61, 178, 168, 7
61, 152, 168, 18
61, 282, 168, 60
61, 7, 169, 57
61, 391, 169, 57
61, 106, 169, 15
61, 176, 169, 2
61, 50, 169, 24
61, 341, 169, 97
61, 184, 169, 95
61, 90, 169, 8
61, 34, 170, 30
61, 66, 170, 93
61, 196, 170, 1
61, 294, 170, 86
61, 263, 170, 9
61, 393, 170, 70
61, 265, 170, 72
61, 299, 170, 91
61, 107, 170, 33
61, 46, 170, 19
61, 112, 170, 49
61, 49, 170, 77
61, 304, 170, 61
61, 283, 170, 81
61, 318, 170, 92
61, 256, 171, 53
61, 289, 171, 57
61, 193, 171, 89
61, 132, 171, 80
61, 356, 171, 36
61, 136, 171, 61
61, 200, 171, 14
61, 75, 171, 99
61, 271, 171, 58
61, 242, 171, 78
61, 179, 171, 84
61, 376, 171, 83
61, 121, 171, 15
61, 122, 171, 62
61, 197, 172, 19
61, 390, 172, 42
61, 77, 172, 83
61, 304, 172, 61
61, 245, 172, 67
61, 217, 172, 11
61, 124, 172, 37
61, 189, 172, 53
61, 352, 173, 38
61, 194, 173, 47
61, 229, 173, 9
61, 230, 173, 18
61, 71, 173, 61
61, 231, 173, 56
61, 170, 173, 14
61, 12, 173, 8
61, 364, 173, 12
61, 271, 173, 58
61, 93, 173, 2
61, 321, 174, 50
61, 65, 174, 6
61, 289, 174, 57
61, 199, 174, 89
61, 136, 174, 61
61, 41, 174, 34
61, 10, 174, 97
61, 75, 174, 99
61, 73, 174, 10
61, 18, 174, 95
61, 307, 174, 18
61, 309, 174, 55
61, 183, 174, 19
61, 158, 174, 88
61, 226, 175, 57
61, 36, 175, 76
61, 292, 175, 66
61, 260, 175, 16
61, 199, 175, 89
61, 137, 175, 77
61, 108, 175, 44
61, 109, 175, 85
61, 14, 175, 85
61, 366, 175, 78
61, 270, 175, 82
61, 274, 175, 15
61, 339, 175, 67
61, 214, 175, 78
61, 119, 175, 60
61, 218, 175, 99
61, 98, 176, 2
61, 171, 176, 52
61, 247, 176, 91
61, 56, 176, 34
61, 153, 176, 47
61, 349, 176, 4
61, 94, 176, 61
61, 128, 177, 58
61, 108, 177, 44
61, 306, 177, 53
61, 277, 177, 68
61, 279, 177, 7
61, 30, 177, 72
61, 101, 178, 50
61, 40, 178, 81
61, 169, 178, 61
61, 266, 178, 47
61, 233, 178, 9
61, 398, 178, 16
61, 212, 178, 16
61, 213, 178, 60
61, 128, 179, 58
61, 388, 179, 46
61, 6, 179, 55
61, 262, 179, 71
61, 20, 179, 9
61, 154, 179, 24
61, 160, 179, 33
61, 42, 179, 7
61, 49, 179, 77
61, 313, 179, 14
61, 64, 179, 59
61, 78, 179, 60
61, 231, 179, 56
61, 103, 179, 40
61, 367, 179, 66
61, 369, 179, 93
61, 377, 179, 48
61, 126, 179, 90
61, 255, 179, 12
61, 260, 180, 16
61, 359, 180, 38
61, 265, 180, 72
61, 42, 180, 7
61, 299, 180, 91
61, 205, 180, 72
61, 307, 180, 18
61, 212, 180, 16
61, 54, 180, 56
61, 97, 181, 77
61, 13, 181, 85
61, 85, 181, 13
61, 343, 181, 100
61, 351, 181, 98
61, 259, 182, 75
61, 103, 182, 40
61, 74, 182, 7
61, 313, 182, 14
61, 187, 182, 41
61, 158, 182, 88
61, 128, 183, 58
61, 153, 183, 47
61, 217, 183, 11
61, 199, 183, 89
61, 328, 183, 97
61, 74, 183, 7
61, 10, 183, 97
61, 110, 183, 95
61, 272, 183, 7
61, 51, 183, 21
61, 213, 183, 60
61, 215, 183, 55
61, 248, 183, 49
61, 377, 183, 48
61, 378, 183, 2
61, 316, 183, 36
61, 383, 183, 65
61, 229, 184, 9
61, 390, 184, 42
61, 299, 184, 91
61, 12, 184, 8
61, 235, 184, 1
61, 398, 184, 16
61, 335, 184, 51
61, 175, 184, 41
61, 110, 184, 95
61, 174, 184, 64
61, 236, 184, 44
61, 185, 184, 6
61, 156, 184, 94
61, 125, 184, 86
61, 126, 184, 90
61, 288, 185, 94
61, 1, 185, 81
61, 199, 185, 89
61, 395, 185, 53
61, 45, 185, 74
61, 111, 185, 40
61, 144, 185, 97
61, 303, 185, 59
61, 210, 185, 96
61, 122, 185, 62
61, 379, 185, 94
61, 0, 186, 85
61, 129, 186, 86
61, 18, 186, 95
61, 151, 186, 30
61, 280, 186, 87
61, 29, 186, 7
61, 291, 186, 93
61, 37, 186, 8
61, 57, 186, 40
61, 317, 186, 2
61, 319, 186, 91
61, 206, 186, 50
61, 359, 186, 38
61, 365, 186, 45
61, 115, 186, 64
61, 245, 186, 67
61, 250, 186, 86
61, 126, 186, 90
61, 383, 186, 65
61, 193, 187, 89
61, 132, 187, 80
61, 360, 187, 32
61, 138, 187, 93
61, 234, 187, 26
61, 236, 187, 44
61, 108, 187, 44
61, 332, 187, 88
61, 241, 187, 13
61, 369, 187, 93
61, 20, 187, 9
61, 212, 187, 16
61, 150, 187, 88
61, 55, 187, 41
61, 213, 187, 60
61, 22, 187, 20
61, 286, 187, 31
61, 321, 188, 50
61, 36, 188, 76
61, 376, 188, 83
61, 294, 188, 86
61, 167, 188, 47
61, 360, 188, 32
61, 199, 188, 89
61, 110, 188, 95
61, 111, 188, 40
61, 342, 188, 34
61, 279, 188, 7
61, 120, 188, 79
61, 54, 188, 56
61, 155, 188, 21
61, 93, 188, 2
61, 287, 188, 79
61, 256, 189, 53
61, 132, 189, 80
61, 324, 189, 7
61, 234, 189, 26
61, 395, 189, 53
61, 330, 189, 5
61, 177, 189, 36
61, 82, 189, 39
61, 119, 189, 60
61, 282, 189, 60
61, 252, 189, 43
61, 65, 190, 6
61, 1, 190, 81
61, 99, 190, 27
61, 37, 190, 8
61, 326, 190, 8
61, 19, 190, 91
61, 99, 191, 27
61, 230, 191, 18
61, 73, 191, 10
61, 10, 191, 97
61, 49, 191, 77
61, 147, 191, 10
61, 340, 191, 22
61, 345, 191, 74
61, 129, 192, 86
61, 394, 192, 25
61, 16, 192, 44
61, 147, 192, 10
61, 284, 192, 91
61, 42, 192, 7
61, 43, 192, 28
61, 308, 192, 40
61, 180, 192, 6
61, 194, 192, 47
61, 197, 192, 19
61, 198, 192, 54
61, 336, 192, 17
61, 213, 192, 60
61, 86, 192, 44
61, 88, 192, 56
61, 218, 192, 99
61, 367, 192, 66
61, 245, 192, 67
61, 354, 193, 54
61, 67, 193, 47
61, 90, 193, 8
61, 231, 193, 56
61, 362, 193, 74
61, 142, 193, 70
61, 206, 193, 50
61, 81, 193, 32
61, 29, 193, 7
61, 52, 193, 36
61, 149, 193, 44
61, 246, 193, 84
61, 86, 193, 44
61, 281, 193, 36
61, 250, 193, 86
61, 125, 193, 86
61, 354, 194, 54
61, 132, 194, 80
61, 104, 194, 60
61, 41, 194, 34
61, 72, 194, 76
61, 171, 194, 52
61, 396, 194, 47
61, 361, 194, 94
61, 298, 194, 37
61, 303, 194, 59
61, 188, 194, 15
61, 280, 194, 87
61, 252, 194, 43
61, 221, 194, 67
61, 37, 195, 8
61, 80, 195, 23
61, 179, 195, 84
61, 314, 195, 69
61, 27, 195, 57
61, 223, 195, 6
61, 257, 196, 71
61, 194, 196, 47
61, 393, 196, 70
61, 45, 196, 74
61, 83, 196, 88
61, 380, 196, 46
61, 383, 196, 65
61, 161, 197, 17
61, 324, 197, 7
61, 167, 197, 47
61, 359, 197, 38
61, 377, 197, 48
61, 210, 197, 96
61, 115, 197, 64
61, 211, 197, 73
61, 85, 197, 13
61, 245, 197, 67
61, 183, 197, 19
61, 312, 197, 83
61, 118, 197, 66
61, 310, 197, 4
61, 188, 197, 15
61, 0, 198, 85
61, 194, 198, 47
61, 291, 198, 93
61, 231, 198, 56
61, 365, 198, 45
61, 398, 198, 16
61, 239, 198, 25
61, 77, 198, 83
61, 18, 198, 95
61, 311, 198, 81
61, 318, 198, 92
61, 0, 199, 85
61, 289, 199, 57
61, 256, 199, 53
61, 293, 199, 67
61, 231, 199, 56
61, 8, 199, 69
61, 332, 199, 88
61, 12, 199, 8
61, 78, 199, 60
61, 341, 199, 97
61, 310, 199, 4
61, 373, 199, 84
61, 217, 199, 11
61, 282, 199, 60
61, 318, 199, 92
