200, 400, 20
27, 162, 0, 18
27, 355, 0, 93
27, 38, 0, 21
27, 173, 0, 26
27, 151, 0, 93
27, 281, 0, 73
27, 317, 0, 31
27, 4, 1, 61
27, 395, 1, 50
27, 342, 1, 66
27, 246, 1, 4
27, 56, 1, 51
27, 189, 1, 53
27, 382, 1, 97
27, 334, 2, 96
27, 80, 2, 66
27, 370, 2, 34
27, 245, 2, 60
27, 92, 2, 84
27, 382, 3, 97
27, 388, 3, 79
27, 165, 3, 73
27, 201, 3, 68
27, 398, 3, 79
27, 273, 3, 54
27, 369, 3, 58
27, 277, 3, 44
27, 182, 3, 30
27, 248, 3, 46
27, 56, 3, 51
27, 348, 3, 56
27, 190, 3, 85
27, 65, 4, 7
27, 99, 4, 61
27, 196, 4, 52
27, 230, 4, 88
27, 231, 4, 95
27, 76, 4, 67
27, 334, 4, 96
27, 176, 4, 18
27, 16, 4, 64
27, 23, 4, 38
27, 213, 4, 51
27, 183, 4, 95
27, 160, 5, 76
27, 33, 5, 58
27, 224, 5, 51
27, 128, 5, 25
27, 196, 5, 52
27, 98, 5, 53
27, 103, 5, 5
27, 296, 5, 13
27, 396, 5, 97
27, 300, 5, 84
27, 49, 5, 82
27, 339, 5, 86
27, 179, 5, 99
27, 246, 5, 4
27, 312, 5, 2
27, 186, 5, 99
27, 188, 5, 77
27, 384, 6, 60
27, 353, 6, 13
27, 194, 6, 30
27, 160, 6, 76
27, 5, 6, 10
27, 70, 6, 56
27, 233, 6, 41
27, 138, 6, 69
27, 207, 6, 79
27, 16, 6, 64
27, 210, 6, 15
27, 181, 6, 25
27, 248, 6, 46
27, 315, 6, 38
27, 188, 6, 77
27, 253, 6, 5
27, 129, 7, 15
27, 312, 7, 2
27, 167, 7, 10
27, 8, 7, 42
27, 9, 7, 49
27, 394, 7, 49
27, 12, 7, 29
27, 335, 7, 10
27, 370, 7, 34
27, 115, 7, 42
27, 342, 7, 66
27, 119, 7, 36
27, 344, 7, 66
27, 313, 7, 13
27, 92, 7, 84
27, 285, 7, 65
27, 98, 8, 53
27, 291, 8, 8
27, 100, 8, 42
27, 292, 8, 62
27, 358, 8, 25
27, 326, 8, 30
27, 8, 8, 42
27, 201, 8, 68
27, 41, 8, 67
27, 299, 8, 32
27, 395, 8, 50
27, 7, 8, 85
27, 242, 8, 82
27, 307, 8, 47
27, 213, 8, 51
27, 277, 8, 44
27, 311, 8, 76
27, 93, 8, 81
27, 65, 9, 7
27, 393, 9, 48
27, 85, 9, 70
27, 248, 9, 46
27, 26, 9, 23
27, 64, 10, 79
27, 293, 10, 47
27, 359, 10, 54
27, 363, 10, 20
27, 44, 10, 33
27, 172, 10, 71
27, 339, 10, 86
27, 116, 10, 46
27, 84, 10, 14
27, 244, 10, 99
27, 90, 10, 70
27, 126, 10, 57
27, 226, 11, 8
27, 295, 11, 79
27, 104, 11, 11
27, 396, 11, 97
27, 274, 11, 64
27, 371, 11, 45
27, 117, 11, 5
27, 310, 11, 55
27, 55, 11, 62
27, 152, 11, 11
27, 89, 11, 10
27, 58, 11, 3
27, 191, 11, 86
27, 100, 12, 42
27, 68, 12, 19
27, 262, 12, 40
27, 199, 12, 76
27, 389, 12, 91
27, 40, 12, 39
27, 202, 12, 66
27, 240, 12, 23
27, 340, 12, 82
27, 221, 12, 37
27, 128, 13, 25
27, 172, 13, 71
27, 49, 13, 82
27, 117, 13, 5
27, 22, 13, 91
27, 249, 13, 97
27, 353, 14, 13
27, 98, 14, 53
27, 264, 14, 79
27, 393, 14, 48
27, 156, 14, 37
27, 29, 14, 72
27, 1, 15, 95
27, 194, 15, 30
27, 42, 15, 57
27, 395, 15, 50
27, 364, 15, 69
27, 140, 15, 49
27, 48, 15, 24
27, 305, 15, 29
27, 53, 15, 58
27, 86, 15, 57
27, 360, 16, 50
27, 297, 16, 31
27, 74, 16, 68
27, 363, 16, 20
27, 317, 16, 31
27, 365, 16, 48
27, 238, 16, 93
27, 219, 16, 53
27, 209, 16, 44
27, 347, 16, 53
27, 308, 16, 98
27, 245, 16, 60
27, 277, 16, 44
27, 153, 16, 70
27, 123, 16, 34
27, 92, 16, 84
27, 93, 16, 81
27, 168, 17, 27
27, 361, 17, 43
27, 299, 17, 32
27, 236, 17, 84
27, 13, 17, 46
27, 176, 17, 18
27, 113, 17, 84
27, 146, 17, 87
27, 51, 17, 56
27, 348, 17, 56
27, 61, 17, 36
27, 287, 17, 39
27, 288, 18, 83
27, 321, 18, 31
27, 295, 18, 79
27, 168, 18, 27
27, 41, 18, 67
27, 332, 18, 17
27, 364, 18, 69
27, 238, 18, 93
27, 397, 18, 45
27, 78, 18, 70
27, 92, 18, 84
27, 276, 18, 16
27, 119, 18, 36
27, 218, 18, 74
27, 219, 18, 53
27, 316, 18, 72
27, 382, 18, 97
27, 383, 18, 82
27, 313, 19, 13
27, 300, 19, 84
27, 333, 19, 70
27, 373, 19, 35
27, 249, 19, 97
27, 220, 19, 77
27, 254, 19, 61
27, 159, 19, 77
27, 32, 20, 34
27, 356, 20, 15
27, 229, 20, 81
27, 166, 20, 74
27, 138, 20, 69
27, 268, 20, 34
27, 205, 20, 94
27, 238, 20, 93
27, 44, 20, 33
27, 148, 20, 21
27, 181, 20, 25
27, 86, 20, 57
27, 152, 20, 11
27, 347, 20, 53
27, 318, 20, 6
27, 32, 21, 34
27, 97, 21, 17
27, 353, 21, 13
27, 101, 21, 77
27, 325, 21, 88
27, 71, 21, 49
27, 75, 21, 13
27, 364, 21, 69
27, 270, 21, 65
27, 18, 21, 76
27, 211, 21, 64
27, 22, 21, 91
27, 161, 22, 48
27, 258, 22, 93
27, 259, 22, 50
27, 99, 22, 61
27, 70, 22, 56
27, 91, 22, 28
27, 364, 22, 69
27, 13, 22, 46
27, 271, 22, 88
27, 335, 22, 10
27, 149, 22, 6
27, 54, 22, 4
27, 346, 22, 64
27, 315, 22, 38
27, 348, 22, 56
27, 253, 22, 5
27, 255, 22, 83
27, 191, 23, 86
27, 257, 23, 84
27, 293, 23, 47
27, 327, 23, 32
27, 391, 23, 37
27, 27, 23, 97
27, 362, 23, 46
27, 155, 23, 30
27, 205, 23, 94
27, 141, 23, 82
27, 367, 23, 70
27, 305, 23, 29
27, 148, 23, 21
27, 244, 23, 99
27, 347, 23, 53
27, 349, 23, 4
27, 158, 23, 76
27, 319, 23, 88
27, 1, 24, 95
27, 191, 24, 86
27, 230, 24, 88
27, 134, 24, 62
27, 396, 24, 97
27, 333, 24, 70
27, 175, 24, 33
27, 339, 24, 86
27, 117, 24, 5
27, 150, 24, 74
27, 119, 24, 36
27, 24, 24, 90
27, 123, 24, 34
27, 120, 24, 18
27, 381, 24, 42
27, 343, 24, 57
27, 319, 24, 88
27, 132, 25, 11
27, 15, 25, 30
27, 288, 25, 83
27, 39, 25, 60
27, 169, 25, 5
27, 302, 25, 63
27, 178, 25, 91
27, 315, 25, 38
27, 62, 25, 13
27, 319, 25, 88
27, 191, 25, 86
27, 193, 25, 50
27, 198, 25, 39
27, 338, 25, 26
27, 96, 25, 74
27, 226, 25, 8
27, 114, 25, 42
27, 373, 25, 35
27, 117, 25, 5
27, 259, 26, 50
27, 100, 26, 42
27, 134, 26, 62
27, 74, 26, 68
27, 44, 26, 33
27, 205, 26, 94
27, 47, 26, 57
27, 338, 26, 26
27, 254, 26, 61
27, 216, 26, 78
27, 253, 26, 5
27, 58, 26, 3
27, 29, 26, 72
27, 350, 26, 32
27, 63, 26, 70
27, 99, 27, 61
27, 206, 27, 8
27, 46, 27, 83
27, 48, 27, 24
27, 119, 27, 36
27, 313, 27, 13
27, 316, 27, 72
27, 65, 28, 7
27, 131, 28, 80
27, 36, 28, 48
27, 38, 28, 21
27, 203, 28, 45
27, 207, 28, 79
27, 369, 28, 58
27, 178, 28, 91
27, 310, 28, 55
27, 215, 28, 55
27, 86, 28, 57
27, 249, 28, 97
27, 122, 28, 30
27, 289, 29, 34
27, 2, 29, 18
27, 387, 29, 43
27, 385, 29, 55
27, 227, 29, 5
27, 41, 29, 67
27, 203, 29, 45
27, 45, 29, 26
27, 365, 29, 48
27, 19, 29, 97
27, 84, 29, 14
27, 21, 29, 76
27, 310, 29, 55
27, 275, 29, 21
27, 115, 29, 42
27, 245, 29, 60
27, 127, 29, 2
27, 223, 29, 51
27, 131, 30, 80
27, 355, 30, 93
27, 37, 30, 45
27, 90, 30, 70
27, 328, 30, 77
27, 124, 30, 27
27, 304, 30, 41
27, 147, 30, 27
27, 252, 30, 76
27, 23, 30, 38
27, 94, 30, 21
27, 314, 30, 25
27, 349, 30, 4
27, 61, 30, 36
27, 382, 30, 97
27, 321, 31, 31
27, 387, 31, 43
27, 197, 31, 16
27, 391, 31, 37
27, 396, 31, 97
27, 140, 31, 49
27, 336, 31, 74
27, 190, 31, 85
27, 128, 32, 25
27, 224, 32, 51
27, 198, 32, 39
27, 72, 32, 85
27, 265, 32, 14
27, 267, 32, 95
27, 272, 32, 8
27, 144, 32, 10
27, 274, 32, 64
27, 148, 32, 21
27, 56, 32, 51
27, 321, 33, 31
27, 228, 33, 98
27, 5, 33, 10
27, 137, 33, 48
27, 331, 33, 12
27, 365, 33, 48
27, 270, 33, 65
27, 398, 33, 79
27, 112, 33, 7
27, 17, 33, 6
27, 336, 33, 74
27, 53, 33, 58
27, 348, 33, 56
27, 248, 33, 46
27, 250, 33, 63
27, 283, 33, 68
27, 349, 33, 4
27, 221, 33, 37
27, 192, 34, 63
27, 334, 34, 96
27, 20, 34, 1
27, 123, 34, 34
27, 93, 34, 81
27, 383, 34, 82
27, 257, 35, 84
27, 6, 35, 44
27, 139, 35, 74
27, 143, 35, 70
27, 161, 35, 48
27, 46, 35, 83
27, 311, 35, 76
27, 186, 35, 99
27, 191, 35, 86
27, 64, 35, 79
27, 327, 35, 32
27, 204, 35, 14
27, 85, 35, 70
27, 87, 35, 52
27, 348, 35, 56
27, 351, 35, 46
27, 352, 35, 96
27, 98, 35, 53
27, 237, 35, 83
27, 111, 35, 76
27, 224, 36, 51
27, 321, 36, 31
27, 225, 36, 27
27, 260, 36, 96
27, 102, 36, 90
27, 391, 36, 37
27, 203, 36, 45
27, 141, 36, 82
27, 175, 36, 33
27, 304, 36, 41
27, 372, 36, 6
27, 116, 36, 46
27, 214, 36, 83
27, 85, 36, 70
27, 23, 36, 38
27, 57, 36, 44
27, 381, 36, 42
27, 222, 36, 99
27, 384, 37, 60
27, 257, 37, 84
27, 383, 37, 82
27, 45, 37, 26
27, 306, 37, 31
27, 83, 37, 38
27, 341, 37, 97
27, 21, 37, 76
27, 191, 37, 86
27, 202, 38, 66
27, 113, 38, 84
27, 307, 38, 47
27, 281, 38, 73
27, 156, 38, 37
27, 102, 39, 90
27, 40, 39, 39
27, 11, 39, 34
27, 366, 39, 61
27, 207, 39, 79
27, 148, 39, 21
27, 152, 39, 11
27, 282, 39, 5
27, 316, 39, 72
27, 62, 39, 13
27, 64, 40, 79
27, 97, 40, 17
27, 291, 40, 8
27, 292, 40, 62
27, 325, 40, 88
27, 133, 40, 100
27, 326, 40, 30
27, 136, 40, 92
27, 300, 40, 84
27, 45, 40, 26
27, 270, 40, 65
27, 142, 40, 10
27, 114, 40, 42
27, 115, 40, 42
27, 340, 40, 82
27, 380, 40, 78
27, 321, 41, 31
27, 69, 41, 66
27, 103, 41, 5
27, 104, 41, 11
27, 396, 41, 97
27, 12, 41, 29
27, 269, 41, 86
27, 15, 41, 30
27, 373, 41, 35
27, 150, 41, 74
27, 378, 41, 35
27, 191, 41, 86
27, 256, 42, 24
27, 257, 42, 84
27, 1, 42, 95
27, 397, 42, 45
27, 272, 42, 8
27, 23, 42, 38
27, 156, 42, 37
27, 44, 42, 33
27, 301, 42, 8
27, 59, 42, 13
27, 61, 42, 36
27, 331, 42, 12
27, 210, 42, 15
27, 91, 42, 28
27, 223, 42, 51
27, 358, 42, 25
27, 104, 42, 11
27, 238, 42, 93
27, 118, 42, 41
27, 353, 43, 13
27, 258, 43, 93
27, 228, 43, 98
27, 197, 43, 16
27, 70, 43, 56
27, 199, 43, 76
27, 237, 43, 83
27, 274, 43, 64
27, 276, 43, 16
27, 348, 43, 56
27, 120, 43, 18
27, 219, 43, 53
27, 252, 43, 76
27, 30, 43, 72
27, 160, 44, 76
27, 202, 44, 66
27, 330, 44, 39
27, 267, 44, 95
27, 138, 44, 69
27, 180, 44, 40
27, 313, 44, 13
27, 64, 45, 79
27, 32, 45, 34
27, 262, 45, 40
27, 392, 45, 81
27, 12, 45, 29
27, 207, 45, 79
27, 17, 45, 6
27, 146, 45, 87
27, 115, 45, 42
27, 338, 45, 26
27, 116, 45, 46
27, 120, 45, 18
27, 24, 45, 90
27, 228, 46, 98
27, 203, 46, 45
27, 46, 46, 83
27, 274, 46, 64
27, 307, 46, 47
27, 52, 46, 35
27, 117, 46, 5
27, 339, 46, 86
27, 248, 46, 46
27, 27, 46, 97
27, 348, 46, 56
27, 285, 46, 65
27, 2, 47, 18
27, 99, 47, 61
27, 292, 47, 62
27, 5, 47, 10
27, 9, 47, 49
27, 268, 47, 34
27, 272, 47, 8
27, 383, 47, 82
27, 320, 48, 81
27, 258, 48, 93
27, 132, 48, 11
27, 260, 48, 96
27, 100, 48, 42
27, 5, 48, 10
27, 41, 48, 67
27, 138, 48, 69
27, 269, 48, 86
27, 110, 48, 24
27, 47, 48, 57
27, 369, 48, 58
27, 150, 48, 74
27, 380, 48, 78
27, 222, 48, 99
27, 260, 49, 96
27, 136, 49, 92
27, 11, 49, 34
27, 273, 49, 54
27, 23, 49, 38
27, 288, 49, 83
27, 35, 49, 35
27, 164, 49, 69
27, 182, 49, 30
27, 183, 49, 95
27, 58, 49, 3
27, 334, 49, 96
27, 208, 49, 82
27, 343, 49, 57
27, 345, 49, 35
27, 94, 49, 21
27, 241, 49, 76
27, 373, 49, 35
27, 378, 49, 35
27, 254, 49, 61
27, 33, 50, 58
27, 265, 50, 14
27, 79, 50, 92
27, 80, 50, 66
27, 212, 50, 85
27, 215, 50, 55
27, 382, 50, 97
27, 353, 51, 13
27, 354, 51, 89
27, 166, 51, 74
27, 198, 51, 39
27, 8, 51, 42
27, 41, 51, 67
27, 326, 51, 30
27, 108, 51, 91
27, 301, 51, 8
27, 172, 51, 71
27, 376, 51, 55
27, 2, 52, 18
27, 66, 52, 17
27, 36, 52, 48
27, 359, 52, 54
27, 338, 52, 26
27, 86, 52, 57
27, 381, 52, 42
27, 288, 53, 83
27, 323, 53, 1
27, 165, 53, 73
27, 37, 53, 45
27, 9, 53, 49
27, 314, 53, 25
27, 172, 53, 71
27, 46, 53, 83
27, 333, 53, 70
27, 144, 53, 10
27, 209, 53, 44
27, 178, 53, 91
27, 174, 53, 7
27, 113, 53, 84
27, 50, 53, 25
27, 184, 53, 95
27, 282, 53, 5
27, 380, 53, 78
27, 33, 54, 58
27, 291, 54, 8
27, 324, 54, 5
27, 196, 54, 52
27, 68, 54, 19
27, 295, 54, 79
27, 39, 54, 60
27, 266, 54, 90
27, 202, 54, 66
27, 206, 54, 8
27, 78, 54, 70
27, 367, 54, 70
27, 213, 54, 51
27, 342, 54, 66
27, 311, 54, 76
27, 344, 54, 66
27, 251, 54, 36
27, 348, 54, 56
27, 128, 55, 25
27, 266, 55, 90
27, 11, 55, 34
27, 279, 55, 67
27, 24, 55, 90
27, 157, 55, 76
27, 34, 55, 69
27, 42, 55, 57
27, 44, 55, 33
27, 50, 55, 25
27, 313, 55, 13
27, 199, 55, 76
27, 332, 55, 17
27, 77, 55, 33
27, 83, 55, 38
27, 345, 55, 35
27, 219, 55, 53
27, 232, 55, 86
27, 255, 55, 83
27, 160, 56, 76
27, 164, 56, 69
27, 6, 56, 44
27, 10, 56, 82
27, 243, 56, 58
27, 348, 56, 56
27, 387, 57, 43
27, 325, 57, 88
27, 396, 57, 97
27, 15, 57, 30
27, 304, 57, 41
27, 180, 57, 40
27, 341, 57, 97
27, 56, 57, 51
27, 121, 58, 61
27, 98, 58, 53
27, 290, 58, 58
27, 38, 58, 21
27, 104, 58, 11
27, 345, 58, 35
27, 43, 58, 21
27, 268, 58, 34
27, 108, 58, 91
27, 47, 58, 57
27, 368, 58, 73
27, 148, 58, 21
27, 21, 58, 76
27, 182, 58, 30
27, 23, 58, 38
27, 217, 58, 11
27, 154, 58, 60
27, 155, 58, 30
27, 7, 59, 85
27, 12, 59, 29
27, 269, 59, 86
27, 21, 59, 76
27, 160, 59, 76
27, 34, 59, 69
27, 37, 59, 45
27, 57, 59, 44
27, 320, 59, 81
27, 328, 59, 77
27, 76, 59, 67
27, 347, 59, 53
27, 352, 59, 96
27, 231, 59, 95
27, 363, 59, 20
27, 367, 59, 70
27, 114, 59, 42
27, 117, 59, 5
27, 247, 59, 63
27, 260, 60, 96
27, 11, 60, 34
27, 19, 60, 97
27, 280, 60, 13
27, 155, 60, 30
27, 158, 60, 76
27, 291, 60, 8
27, 292, 60, 62
27, 171, 60, 61
27, 176, 60, 18
27, 304, 60, 41
27, 320, 60, 81
27, 340, 60, 82
27, 91, 60, 28
27, 350, 60, 32
27, 108, 60, 91
27, 374, 60, 48
27, 377, 60, 66
27, 127, 60, 2
27, 33, 61, 58
27, 101, 61, 77
27, 140, 61, 49
27, 176, 61, 18
27, 345, 61, 35
27, 154, 61, 60
27, 348, 61, 56
27, 29, 61, 72
27, 248, 62, 46
27, 322, 62, 97
27, 197, 62, 16
27, 106, 62, 30
27, 45, 62, 26
27, 14, 62, 69
27, 16, 62, 64
27, 368, 62, 73
27, 210, 62, 15
27, 311, 62, 76
27, 152, 62, 11
27, 56, 62, 51
27, 27, 62, 97
27, 284, 62, 95
27, 29, 62, 72
27, 67, 63, 7
27, 134, 63, 62
27, 166, 63, 74
27, 328, 63, 77
27, 42, 63, 57
27, 334, 63, 96
27, 283, 63, 68
27, 304, 63, 41
27, 178, 63, 91
27, 306, 63, 31
27, 52, 63, 35
27, 89, 63, 10
27, 123, 63, 34
27, 192, 64, 63
27, 130, 64, 84
27, 292, 64, 62
27, 101, 64, 77
27, 260, 64, 96
27, 391, 64, 37
27, 263, 64, 44
27, 111, 64, 76
27, 146, 64, 87
27, 243, 64, 58
27, 180, 64, 40
27, 309, 64, 5
27, 213, 64, 51
27, 155, 64, 30
27, 252, 64, 76
27, 381, 64, 42
27, 0, 65, 4
27, 99, 65, 61
27, 358, 65, 25
27, 204, 65, 14
27, 205, 65, 94
27, 82, 65, 45
27, 377, 65, 66
27, 195, 66, 43
27, 36, 66, 48
27, 154, 66, 60
27, 169, 66, 5
27, 73, 66, 90
27, 393, 66, 48
27, 361, 66, 43
27, 367, 66, 70
27, 16, 66, 64
27, 304, 66, 41
27, 82, 66, 45
27, 58, 66, 3
27, 219, 66, 53
27, 329, 67, 96
27, 331, 67, 12
27, 314, 67, 25
27, 396, 67, 97
27, 46, 67, 83
27, 271, 67, 88
27, 80, 67, 66
27, 16, 67, 64
27, 303, 67, 16
27, 209, 67, 44
27, 85, 67, 70
27, 117, 67, 5
27, 217, 67, 11
27, 285, 67, 65
27, 251, 67, 36
27, 156, 67, 37
27, 61, 67, 36
27, 63, 67, 70
27, 97, 68, 17
27, 229, 68, 81
27, 390, 68, 90
27, 171, 68, 61
27, 140, 68, 49
27, 239, 68, 89
27, 181, 68, 25
27, 153, 68, 70
27, 348, 68, 56
27, 31, 68, 38
27, 98, 69, 53
27, 36, 69, 48
27, 228, 69, 98
27, 41, 69, 67
27, 107, 69, 70
27, 332, 69, 17
27, 77, 69, 33
27, 303, 69, 16
27, 176, 69, 18
27, 145, 69, 100
27, 210, 69, 15
27, 307, 69, 47
27, 52, 69, 35
27, 119, 69, 36
27, 310, 69, 55
27, 183, 69, 95
27, 386, 70, 6
27, 163, 70, 10
27, 105, 70, 10
27, 365, 70, 48
27, 146, 70, 87
27, 149, 70, 6
27, 284, 70, 95
27, 34, 71, 69
27, 226, 71, 8
27, 229, 71, 81
27, 43, 71, 21
27, 238, 71, 93
27, 239, 71, 89
27, 336, 71, 74
27, 176, 71, 18
27, 123, 71, 34
27, 260, 72, 96
27, 393, 72, 48
27, 147, 72, 27
27, 38, 72, 21
27, 297, 72, 31
27, 43, 72, 21
27, 304, 72, 41
27, 184, 72, 95
27, 200, 72, 76
27, 329, 72, 96
27, 75, 72, 13
27, 79, 72, 92
27, 222, 72, 99
27, 96, 72, 74
27, 98, 72, 53
27, 103, 72, 5
27, 236, 72, 84
27, 110, 72, 24
27, 382, 72, 97
27, 97, 73, 17
27, 355, 73, 93
27, 388, 73, 79
27, 332, 73, 17
27, 143, 73, 70
27, 273, 73, 54
27, 275, 73, 21
27, 129, 74, 15
27, 257, 74, 84
27, 193, 74, 50
27, 101, 74, 77
27, 234, 74, 46
27, 270, 74, 65
27, 78, 74, 70
27, 184, 74, 95
27, 155, 74, 30
27, 319, 74, 88
27, 230, 75, 88
27, 103, 75, 5
27, 200, 75, 76
27, 38, 75, 21
27, 395, 75, 50
27, 14, 75, 69
27, 208, 75, 82
27, 81, 75, 14
27, 305, 75, 29
27, 145, 75, 100
27, 84, 75, 14
27, 181, 75, 25
27, 215, 75, 55
27, 59, 75, 13
27, 343, 75, 57
27, 131, 76, 80
27, 323, 76, 1
27, 101, 76, 77
27, 35, 76, 35
27, 395, 76, 50
27, 82, 76, 45
27, 54, 76, 4
27, 215, 76, 55
27, 377, 76, 66
27, 154, 76, 60
27, 3, 77, 97
27, 68, 77, 19
27, 70, 77, 56
27, 233, 77, 41
27, 78, 77, 70
27, 336, 77, 74
27, 277, 77, 44
27, 91, 77, 28
27, 287, 77, 39
27, 321, 78, 31
27, 227, 78, 5
27, 71, 78, 49
27, 365, 78, 48
27, 77, 78, 33
27, 178, 78, 91
27, 115, 78, 42
27, 114, 78, 42
27, 249, 78, 97
27, 124, 78, 27
27, 381, 78, 42
27, 391, 79, 37
27, 136, 79, 92
27, 394, 79, 49
27, 140, 79, 49
27, 150, 79, 74
27, 30, 79, 72
27, 293, 79, 47
27, 42, 79, 57
27, 171, 79, 61
27, 301, 79, 8
27, 176, 79, 18
27, 180, 79, 40
27, 190, 79, 85
27, 319, 79, 88
27, 193, 79, 50
27, 81, 79, 14
27, 343, 79, 57
27, 345, 79, 35
27, 113, 79, 84
27, 64, 80, 79
27, 288, 80, 83
27, 354, 80, 89
27, 68, 80, 19
27, 261, 80, 57
27, 38, 80, 21
27, 263, 80, 44
27, 42, 80, 57
27, 273, 80, 54
27, 114, 80, 42
27, 183, 80, 95
27, 218, 80, 74
27, 352, 81, 96
27, 167, 81, 10
27, 200, 81, 76
27, 201, 81, 68
27, 202, 81, 66
27, 267, 81, 95
27, 364, 81, 69
27, 365, 81, 48
27, 397, 81, 45
27, 271, 81, 88
27, 48, 81, 24
27, 30, 81, 72
27, 251, 81, 36
27, 220, 81, 77
27, 126, 81, 57
27, 127, 81, 2
27, 98, 82, 53
27, 259, 82, 50
27, 104, 82, 11
27, 12, 82, 29
27, 142, 82, 10
27, 334, 82, 96
27, 215, 82, 55
27, 311, 82, 76
27, 194, 83, 30
27, 68, 83, 19
27, 197, 83, 16
27, 200, 83, 76
27, 266, 83, 90
27, 11, 83, 34
27, 333, 83, 70
27, 238, 83, 93
27, 399, 83, 54
27, 237, 83, 83
27, 341, 83, 97
27, 312, 83, 2
27, 26, 83, 23
27, 379, 83, 74
27, 382, 83, 97
27, 319, 83, 88
27, 35, 84, 35
27, 292, 84, 62
27, 294, 84, 73
27, 301, 84, 8
27, 144, 84, 10
27, 371, 84, 45
27, 280, 84, 13
27, 218, 84, 74
27, 256, 85, 24
27, 357, 85, 56
27, 165, 85, 73
27, 10, 85, 82
27, 299, 85, 32
27, 21, 85, 76
27, 317, 85, 31
27, 320, 86, 81
27, 229, 86, 81
27, 392, 86, 81
27, 393, 86, 48
27, 12, 86, 29
27, 155, 86, 30
27, 315, 86, 38
27, 19, 86, 97
27, 180, 86, 40
27, 118, 86, 41
27, 22, 86, 91
27, 378, 86, 35
27, 59, 86, 13
27, 41, 87, 67
27, 110, 87, 24
27, 302, 87, 63
27, 339, 87, 86
27, 148, 87, 21
27, 188, 87, 77
27, 296, 88, 13
27, 269, 88, 86
27, 86, 88, 57
27, 216, 88, 78
27, 154, 88, 60
27, 384, 89, 60
27, 2, 89, 18
27, 263, 89, 44
27, 391, 89, 37
27, 267, 89, 95
27, 145, 89, 100
27, 148, 89, 21
27, 157, 89, 76
27, 29, 89, 72
27, 38, 89, 21
27, 173, 89, 26
27, 186, 89, 99
27, 200, 89, 76
27, 332, 89, 17
27, 206, 89, 8
27, 221, 89, 37
27, 349, 89, 4
27, 225, 89, 27
27, 367, 89, 70
27, 368, 89, 73
27, 133, 90, 100
27, 293, 90, 47
27, 137, 90, 48
27, 362, 90, 46
27, 377, 90, 66
27, 174, 90, 7
27, 110, 90, 24
27, 88, 90, 87
27, 89, 90, 10
27, 59, 90, 13
27, 28, 90, 90
27, 318, 90, 6
27, 57, 90, 44
27, 385, 91, 55
27, 218, 91, 74
27, 234, 91, 46
27, 140, 91, 49
27, 142, 91, 10
27, 47, 91, 57
27, 210, 91, 15
27, 373, 91, 35
27, 378, 91, 35
27, 134, 92, 62
27, 8, 92, 42
27, 271, 92, 88
27, 145, 92, 100
27, 19, 92, 97
27, 155, 92, 30
27, 286, 92, 14
27, 288, 92, 83
27, 162, 92, 18
27, 165, 92, 73
27, 296, 92, 13
27, 301, 92, 8
27, 308, 92, 98
27, 56, 92, 51
27, 61, 92, 36
27, 189, 92, 53
27, 325, 92, 88
27, 225, 92, 27
27, 353, 92, 13
27, 58, 93, 3
27, 265, 93, 14
27, 11, 93, 34
27, 139, 93, 74
27, 269, 93, 86
27, 336, 93, 74
27, 114, 93, 42
27, 146, 93, 87
27, 306, 93, 31
27, 245, 93, 60
27, 345, 93, 35
27, 186, 93, 99
27, 163, 94, 10
27, 71, 94, 49
27, 365, 94, 48
27, 208, 94, 82
27, 86, 94, 57
27, 246, 94, 4
27, 125, 94, 36
27, 159, 94, 77
27, 226, 95, 8
27, 37, 95, 45
27, 264, 95, 79
27, 232, 95, 86
27, 333, 95, 70
27, 237, 95, 83
27, 13, 95, 46
27, 124, 95, 27
27, 222, 95, 99
27, 98, 96, 53
27, 133, 96, 100
27, 392, 96, 81
27, 361, 96, 43
27, 362, 96, 46
27, 13, 96, 46
27, 302, 96, 63
27, 15, 96, 30
27, 368, 96, 73
27, 148, 96, 21
27, 22, 96, 91
27, 311, 96, 76
27, 153, 96, 70
27, 382, 96, 97
27, 223, 96, 51
27, 324, 97, 5
27, 263, 97, 44
27, 40, 97, 39
27, 297, 97, 31
27, 330, 97, 39
27, 103, 97, 5
27, 140, 97, 49
27, 395, 97, 50
27, 14, 97, 69
27, 207, 97, 79
27, 271, 97, 88
27, 206, 97, 8
27, 82, 97, 45
27, 122, 97, 30
27, 28, 97, 90
27, 32, 98, 34
27, 327, 98, 32
27, 105, 98, 10
27, 334, 98, 96
27, 280, 98, 13
27, 252, 98, 76
27, 184, 98, 95
27, 224, 99, 51
27, 4, 99, 61
27, 165, 99, 73
27, 136, 99, 92
27, 8, 99, 42
27, 11, 99, 34
27, 78, 99, 70
27, 145, 99, 100
27, 18, 99, 76
27, 377, 99, 66
27, 284, 99, 95
27, 31, 99, 38
27, 352, 100, 96
27, 33, 100, 58
27, 97, 100, 17
27, 69, 100, 66
27, 73, 100, 90
27, 301, 100, 8
27, 302, 100, 63
27, 369, 100, 58
27, 339, 100, 86
27, 309, 100, 5
27, 24, 100, 90
27, 253, 100, 5
27, 250, 100, 63
27, 317, 100, 31
27, 350, 100, 32
27, 31, 100, 38
27, 134, 101, 62
27, 136, 101, 92
27, 396, 101, 97
27, 141, 101, 82
27, 300, 101, 84
27, 239, 101, 89
27, 369, 101, 58
27, 373, 101, 35
27, 188, 101, 77
27, 33, 102, 58
27, 258, 102, 93
27, 129, 102, 15
27, 228, 102, 98
27, 199, 102, 76
27, 393, 102, 48
27, 233, 102, 41
27, 45, 102, 26
27, 174, 102, 7
27, 80, 102, 66
27, 312, 102, 2
27, 283, 102, 68
27, 156, 102, 37
27, 126, 102, 57
27, 191, 102, 86
27, 384, 103, 60
27, 130, 103, 84
27, 261, 103, 57
27, 12, 103, 29
27, 283, 103, 68
27, 30, 103, 72
27, 44, 103, 33
27, 47, 103, 57
27, 51, 103, 56
27, 188, 103, 77
27, 204, 103, 14
27, 77, 103, 33
27, 79, 103, 92
27, 336, 103, 74
27, 350, 103, 32
27, 97, 103, 17
27, 100, 103, 42
27, 364, 103, 69
27, 244, 103, 99
27, 124, 103, 27
27, 67, 104, 7
27, 133, 104, 100
27, 138, 104, 69
27, 76, 104, 67
27, 334, 104, 96
27, 310, 104, 55
27, 216, 104, 78
27, 313, 104, 13
27, 283, 104, 68
27, 29, 104, 72
27, 256, 105, 24
27, 1, 105, 95
27, 327, 105, 32
27, 200, 105, 76
27, 170, 105, 47
27, 271, 105, 88
27, 81, 105, 14
27, 116, 105, 46
27, 343, 105, 57
27, 56, 105, 51
27, 190, 105, 85
27, 189, 105, 53
27, 254, 105, 61
27, 129, 106, 15
27, 357, 106, 56
27, 104, 106, 11
27, 203, 106, 45
27, 75, 106, 13
27, 243, 106, 58
27, 373, 106, 35
27, 22, 106, 91
27, 89, 106, 10
27, 27, 106, 97
27, 191, 106, 86
27, 170, 107, 47
27, 110, 107, 24
27, 175, 107, 33
27, 113, 107, 84
27, 190, 107, 85
27, 352, 108, 96
27, 68, 108, 19
27, 388, 108, 79
27, 204, 108, 14
27, 45, 108, 26
27, 111, 108, 76
27, 304, 108, 41
27, 16, 108, 64
27, 214, 108, 83
27, 23, 108, 38
27, 314, 108, 25
27, 262, 109, 40
27, 23, 109, 38
27, 30, 109, 72
27, 173, 109, 26
27, 176, 109, 18
27, 177, 109, 57
27, 50, 109, 25
27, 309, 109, 5
27, 53, 109, 58
27, 61, 109, 36
27, 331, 109, 12
27, 339, 109, 86
27, 85, 109, 70
27, 87, 109, 52
27, 344, 109, 66
27, 219, 109, 53
27, 103, 109, 5
27, 360, 109, 50
27, 109, 109, 81
27, 384, 110, 60
27, 352, 110, 96
27, 34, 110, 69
27, 162, 110, 18
27, 329, 110, 96
27, 137, 110, 48
27, 306, 110, 31
27, 118, 110, 41
27, 57, 110, 44
27, 26, 110, 23
27, 381, 110, 42
27, 190, 110, 85
27, 387, 111, 43
27, 293, 111, 47
27, 71, 111, 49
27, 106, 111, 30
27, 76, 111, 67
27, 144, 111, 10
27, 306, 111, 31
27, 180, 111, 40
27, 25, 111, 57
27, 90, 111, 70
27, 62, 111, 13
27, 351, 111, 46
27, 224, 112, 51
27, 3, 112, 97
27, 131, 112, 80
27, 329, 112, 96
27, 46, 112, 83
27, 399, 112, 54
27, 159, 113, 77
27, 162, 113, 18
27, 327, 113, 32
27, 168, 113, 27
27, 136, 113, 92
27, 10, 113, 82
27, 395, 113, 50
27, 46, 113, 83
27, 303, 113, 16
27, 336, 113, 74
27, 81, 113, 14
27, 398, 113, 79
27, 399, 113, 54
27, 61, 113, 36
27, 278, 113, 100
27, 157, 113, 76
27, 125, 113, 36
27, 95, 113, 74
27, 135, 114, 86
27, 12, 114, 29
27, 301, 114, 8
27, 115, 114, 42
27, 250, 114, 63
27, 252, 114, 76
27, 381, 114, 42
27, 62, 114, 13
27, 192, 115, 63
27, 96, 115, 74
27, 259, 115, 50
27, 35, 115, 35
27, 41, 115, 67
27, 399, 115, 54
27, 50, 115, 25
27, 147, 115, 27
27, 371, 115, 45
27, 310, 115, 55
27, 23, 115, 38
27, 152, 115, 11
27, 185, 115, 17
27, 26, 115, 23
27, 286, 115, 14
27, 176, 116, 18
27, 338, 116, 26
27, 22, 116, 91
27, 311, 116, 76
27, 94, 116, 21
27, 101, 117, 77
27, 361, 117, 43
27, 331, 117, 12
27, 179, 117, 99
27, 245, 117, 60
27, 61, 117, 36
27, 225, 118, 27
27, 164, 118, 69
27, 11, 118, 34
27, 236, 118, 84
27, 145, 118, 100
27, 306, 118, 31
27, 113, 118, 84
27, 340, 118, 82
27, 308, 118, 98
27, 374, 118, 48
27, 87, 118, 52
27, 26, 118, 23
27, 126, 118, 57
27, 287, 118, 39
27, 385, 119, 55
27, 4, 119, 61
27, 393, 119, 48
27, 397, 119, 45
27, 399, 119, 54
27, 145, 119, 100
27, 157, 119, 76
27, 287, 119, 39
27, 288, 119, 83
27, 37, 119, 45
27, 317, 119, 31
27, 337, 119, 92
27, 90, 119, 70
27, 348, 119, 56
27, 231, 119, 95
27, 368, 119, 73
27, 241, 119, 76
27, 246, 119, 4
27, 381, 119, 42
27, 65, 120, 7
27, 387, 120, 43
27, 271, 120, 88
27, 212, 120, 85
27, 54, 120, 4
27, 316, 120, 72
27, 3, 121, 97
27, 169, 121, 5
27, 219, 121, 53
27, 143, 121, 70
27, 144, 121, 10
27, 241, 121, 76
27, 116, 121, 46
27, 377, 121, 66
27, 58, 121, 3
27, 59, 121, 13
27, 349, 121, 4
27, 25, 121, 57
27, 159, 121, 77
27, 129, 122, 15
27, 2, 122, 18
27, 229, 122, 81
27, 325, 122, 88
27, 299, 122, 32
27, 45, 122, 26
27, 304, 122, 41
27, 370, 122, 34
27, 373, 122, 35
27, 119, 122, 36
27, 376, 122, 55
27, 355, 123, 93
27, 3, 123, 97
27, 293, 123, 47
27, 139, 123, 74
27, 270, 123, 65
27, 126, 123, 57
27, 352, 124, 96
27, 256, 124, 24
27, 355, 124, 93
27, 132, 124, 11
27, 164, 124, 69
27, 198, 124, 39
27, 359, 124, 54
27, 391, 124, 37
27, 41, 124, 67
27, 44, 124, 33
27, 370, 124, 34
27, 51, 124, 56
27, 118, 124, 41
27, 90, 124, 70
27, 123, 124, 34
27, 198, 125, 39
27, 103, 125, 5
27, 314, 125, 25
27, 303, 125, 16
27, 186, 125, 99
27, 200, 126, 76
27, 137, 126, 48
27, 394, 126, 49
27, 77, 126, 33
27, 240, 126, 23
27, 113, 126, 84
27, 307, 126, 47
27, 245, 126, 60
27, 341, 126, 97
27, 119, 126, 36
27, 376, 126, 55
27, 252, 126, 76
27, 158, 126, 76
27, 1, 127, 95
27, 2, 127, 18
27, 7, 127, 85
27, 360, 127, 50
27, 361, 127, 43
27, 335, 127, 10
27, 114, 127, 42
27, 22, 127, 91
27, 375, 127, 78
27, 348, 127, 56
27, 63, 127, 70
27, 262, 128, 40
27, 199, 128, 76
27, 300, 128, 84
27, 397, 128, 45
27, 108, 128, 91
27, 175, 128, 33
27, 272, 128, 8
27, 49, 128, 82
27, 52, 128, 35
27, 245, 128, 60
27, 119, 128, 36
27, 92, 128, 84
27, 157, 128, 76
27, 223, 128, 51
27, 289, 129, 34
27, 97, 129, 17
27, 322, 129, 97
27, 391, 129, 37
27, 264, 129, 79
27, 174, 129, 7
27, 306, 129, 31
27, 213, 129, 51
27, 214, 129, 83
27, 126, 129, 57
27, 316, 129, 72
27, 286, 129, 14
27, 288, 130, 83
27, 99, 130, 61
27, 8, 130, 42
27, 11, 130, 34
27, 364, 130, 69
27, 45, 130, 26
27, 205, 130, 94
27, 111, 130, 76
27, 12, 130, 29
27, 145, 130, 100
27, 274, 130, 64
27, 23, 130, 38
27, 277, 130, 44
27, 87, 130, 52
27, 345, 130, 35
27, 311, 130, 76
27, 258, 131, 93
27, 195, 131, 43
27, 292, 131, 62
27, 390, 131, 90
27, 199, 131, 76
27, 295, 131, 79
27, 167, 131, 10
27, 201, 131, 68
27, 41, 131, 67
27, 268, 131, 34
27, 155, 131, 30
27, 207, 131, 79
27, 18, 131, 76
27, 182, 131, 30
27, 279, 131, 67
27, 152, 131, 11
27, 317, 131, 31
27, 61, 131, 36
27, 128, 132, 25
27, 260, 132, 96
27, 12, 132, 29
27, 85, 132, 70
27, 27, 132, 97
27, 252, 132, 76
27, 69, 133, 66
27, 210, 133, 15
27, 84, 133, 14
27, 341, 133, 97
27, 122, 133, 30
27, 28, 133, 90
27, 258, 134, 93
27, 4, 134, 61
27, 356, 134, 15
27, 38, 134, 21
27, 104, 134, 11
27, 394, 134, 49
27, 206, 134, 8
27, 374, 134, 48
27, 121, 134, 61
27, 186, 134, 99
27, 284, 134, 95
27, 190, 134, 85
27, 191, 134, 86
27, 194, 135, 30
27, 259, 135, 50
27, 68, 135, 19
27, 3, 135, 97
27, 390, 135, 90
27, 361, 135, 43
27, 393, 135, 48
27, 75, 135, 13
27, 399, 135, 54
27, 338, 135, 26
27, 275, 135, 21
27, 148, 135, 21
27, 370, 135, 34
27, 117, 135, 5
27, 183, 135, 95
27, 344, 135, 66
27, 314, 135, 25
27, 27, 135, 97
27, 142, 136, 10
27, 176, 136, 18
27, 371, 136, 45
27, 148, 136, 21
27, 211, 136, 64
27, 147, 136, 27
27, 151, 136, 93
27, 91, 136, 28
27, 322, 137, 97
27, 231, 137, 95
27, 105, 137, 10
27, 74, 137, 68
27, 139, 137, 74
27, 170, 137, 47
27, 41, 137, 67
27, 75, 137, 13
27, 212, 137, 85
27, 95, 137, 74
27, 191, 137, 86
27, 323, 138, 1
27, 325, 138, 88
27, 71, 138, 49
27, 394, 138, 49
27, 140, 138, 49
27, 397, 138, 45
27, 302, 138, 63
27, 119, 138, 36
27, 24, 138, 90
27, 27, 138, 97
27, 222, 138, 99
27, 356, 139, 15
27, 324, 139, 5
27, 196, 139, 52
27, 266, 139, 90
27, 331, 139, 12
27, 301, 139, 8
27, 178, 139, 91
27, 243, 139, 58
27, 316, 139, 72
27, 248, 139, 46
27, 26, 139, 23
27, 252, 139, 76
27, 189, 139, 53
27, 158, 139, 76
27, 386, 140, 6
27, 268, 140, 34
27, 142, 140, 10
27, 21, 140, 76
27, 279, 140, 67
27, 29, 140, 72
27, 293, 140, 47
27, 172, 140, 71
27, 183, 140, 95
27, 58, 140, 3
27, 316, 140, 72
27, 326, 140, 30
27, 339, 140, 86
27, 87, 140, 52
27, 95, 140, 74
27, 97, 140, 17
27, 229, 140, 81
27, 109, 140, 81
27, 246, 140, 4
27, 37, 141, 45
27, 357, 141, 56
27, 142, 141, 10
27, 303, 141, 16
27, 145, 141, 100
27, 371, 141, 45
27, 249, 141, 97
27, 314, 141, 25
27, 316, 141, 72
27, 286, 141, 14
27, 168, 142, 27
27, 266, 142, 90
27, 236, 142, 84
27, 109, 142, 81
27, 205, 142, 94
27, 111, 142, 76
27, 13, 142, 46
27, 125, 142, 36
27, 342, 142, 66
27, 183, 142, 95
27, 317, 142, 31
27, 126, 142, 57
27, 31, 142, 38
27, 384, 143, 60
27, 267, 143, 95
27, 13, 143, 46
27, 145, 143, 100
27, 280, 143, 13
27, 31, 143, 38
27, 161, 143, 48
27, 36, 143, 48
27, 164, 143, 69
27, 170, 143, 47
27, 175, 143, 33
27, 306, 143, 31
27, 319, 143, 88
27, 76, 143, 67
27, 335, 143, 10
27, 86, 143, 57
27, 99, 143, 61
27, 229, 143, 81
27, 361, 143, 43
27, 246, 143, 4
27, 320, 144, 81
27, 198, 144, 39
27, 39, 144, 60
27, 154, 144, 60
27, 233, 144, 41
27, 173, 144, 26
27, 78, 144, 70
27, 206, 144, 8
27, 283, 144, 68
27, 21, 144, 76
27, 183, 144, 95
27, 186, 144, 99
27, 347, 144, 53
27, 380, 144, 78
27, 191, 144, 86
27, 129, 145, 15
27, 194, 145, 30
27, 293, 145, 47
27, 358, 145, 25
27, 262, 145, 40
27, 328, 145, 77
27, 218, 145, 74
27, 140, 145, 49
27, 13, 145, 46
27, 175, 145, 33
27, 369, 145, 58
27, 214, 145, 83
27, 316, 145, 72
27, 89, 145, 10
27, 58, 145, 3
27, 91, 145, 28
27, 348, 145, 56
27, 66, 146, 17
27, 167, 146, 10
27, 231, 146, 95
27, 303, 146, 16
27, 213, 146, 51
27, 97, 147, 17
27, 133, 147, 100
27, 326, 147, 30
27, 106, 147, 30
27, 235, 147, 8
27, 48, 147, 24
27, 151, 147, 93
27, 345, 147, 35
27, 123, 147, 34
27, 157, 147, 76
27, 288, 148, 83
27, 358, 148, 25
27, 363, 148, 20
27, 53, 148, 58
27, 312, 148, 2
27, 57, 148, 44
27, 133, 149, 100
27, 296, 149, 13
27, 13, 149, 46
27, 110, 149, 24
27, 178, 149, 91
27, 85, 149, 70
27, 383, 149, 82
27, 133, 150, 100
27, 138, 150, 69
27, 31, 150, 38
27, 161, 150, 48
27, 43, 150, 21
27, 48, 150, 24
27, 177, 150, 57
27, 182, 150, 30
27, 185, 150, 17
27, 316, 150, 72
27, 195, 150, 43
27, 325, 150, 88
27, 69, 150, 66
27, 327, 150, 32
27, 82, 150, 45
27, 213, 150, 51
27, 217, 150, 11
27, 226, 150, 8
27, 357, 150, 56
27, 162, 151, 18
27, 107, 151, 70
27, 44, 151, 33
27, 146, 151, 87
27, 350, 151, 32
27, 352, 152, 96
27, 384, 152, 60
27, 227, 152, 5
27, 249, 152, 97
27, 200, 152, 76
27, 105, 152, 10
27, 104, 152, 11
27, 298, 152, 89
27, 175, 152, 33
27, 176, 152, 18
27, 242, 152, 82
27, 178, 152, 91
27, 246, 152, 4
27, 375, 152, 78
27, 345, 152, 35
27, 26, 152, 23
27, 94, 152, 21
27, 191, 152, 86
27, 276, 153, 16
27, 23, 153, 38
27, 25, 153, 57
27, 156, 153, 37
27, 28, 153, 90
27, 304, 153, 41
27, 49, 153, 82
27, 58, 153, 3
27, 316, 153, 72
27, 62, 153, 13
27, 66, 153, 17
27, 198, 153, 39
27, 75, 153, 13
27, 341, 153, 97
27, 216, 153, 78
27, 220, 153, 77
27, 226, 153, 8
27, 230, 153, 88
27, 242, 153, 82
27, 247, 153, 63
27, 8, 154, 42
27, 274, 154, 64
27, 278, 154, 100
27, 35, 154, 35
27, 165, 154, 73
27, 307, 154, 47
27, 52, 154, 35
27, 57, 154, 44
27, 319, 154, 88
27, 192, 154, 63
27, 324, 154, 5
27, 90, 154, 70
27, 94, 154, 21
27, 222, 154, 99
27, 99, 154, 61
27, 106, 154, 30
27, 364, 154, 69
27, 370, 154, 34
27, 127, 154, 2
27, 128, 155, 25
27, 385, 155, 55
27, 46, 155, 83
27, 342, 155, 66
27, 184, 155, 95
27, 284, 155, 95
27, 93, 155, 81
27, 260, 156, 96
27, 229, 156, 81
27, 392, 156, 81
27, 201, 156, 68
27, 234, 156, 46
27, 72, 156, 85
27, 367, 156, 70
27, 175, 156, 33
27, 306, 156, 31
27, 83, 156, 38
27, 146, 156, 87
27, 20, 156, 1
27, 214, 156, 83
27, 22, 156, 91
27, 312, 156, 2
27, 218, 156, 74
27, 285, 156, 65
27, 383, 156, 82
27, 4, 157, 61
27, 5, 157, 10
27, 359, 157, 54
27, 170, 157, 47
27, 330, 157, 39
27, 108, 157, 91
27, 366, 157, 61
27, 335, 157, 10
27, 143, 157, 70
27, 399, 157, 54
27, 378, 157, 35
27, 115, 157, 42
27, 247, 157, 63
27, 122, 157, 30
27, 349, 157, 4
27, 383, 157, 82
27, 256, 158, 24
27, 97, 158, 17
27, 291, 158, 8
27, 36, 158, 48
27, 325, 158, 88
27, 296, 158, 13
27, 297, 158, 31
27, 79, 158, 92
27, 145, 158, 100
27, 82, 158, 45
27, 214, 158, 83
27, 55, 158, 62
27, 280, 158, 13
27, 345, 158, 35
27, 346, 158, 64
27, 279, 158, 67
27, 96, 159, 74
27, 100, 159, 42
27, 74, 159, 68
27, 106, 159, 30
27, 82, 159, 45
27, 50, 159, 25
27, 52, 159, 35
27, 211, 159, 64
27, 25, 159, 57
27, 188, 159, 77
27, 95, 159, 74
27, 257, 160, 84
27, 129, 160, 15
27, 344, 160, 66
27, 325, 160, 88
27, 200, 160, 76
27, 42, 160, 57
27, 299, 160, 32
27, 43, 160, 21
27, 47, 160, 57
27, 23, 160, 38
27, 280, 160, 13
27, 380, 160, 78
27, 221, 160, 37
27, 223, 160, 51
27, 389, 161, 91
27, 38, 161, 21
27, 393, 161, 48
27, 74, 161, 68
27, 107, 161, 70
27, 140, 161, 49
27, 44, 161, 33
27, 42, 161, 57
27, 46, 161, 83
27, 204, 161, 14
27, 113, 161, 84
27, 83, 161, 38
27, 25, 161, 57
27, 91, 161, 28
27, 389, 162, 91
27, 392, 162, 81
27, 138, 162, 69
27, 274, 162, 64
27, 290, 162, 58
27, 38, 162, 21
27, 296, 162, 13
27, 72, 162, 85
27, 74, 162, 68
27, 333, 162, 70
27, 78, 162, 70
27, 80, 162, 66
27, 210, 162, 15
27, 229, 162, 81
27, 361, 162, 43
27, 119, 162, 36
27, 376, 162, 55
27, 251, 162, 36
27, 380, 162, 78
27, 196, 163, 52
27, 10, 163, 82
27, 396, 163, 97
27, 369, 163, 58
27, 113, 163, 84
27, 115, 163, 42
27, 361, 164, 43
27, 369, 164, 58
27, 188, 164, 77
27, 220, 164, 77
27, 124, 164, 27
27, 159, 164, 77
27, 193, 165, 50
27, 289, 165, 34
27, 129, 165, 15
27, 70, 165, 56
27, 263, 165, 44
27, 232, 165, 86
27, 234, 165, 46
27, 395, 165, 50
27, 12, 165, 29
27, 396, 165, 97
27, 336, 165, 74
27, 145, 165, 100
27, 337, 165, 92
27, 50, 165, 25
27, 275, 165, 21
27, 113, 165, 84
27, 23, 165, 38
27, 257, 166, 84
27, 293, 166, 47
27, 358, 166, 25
27, 359, 166, 54
27, 229, 166, 81
27, 394, 166, 49
27, 203, 166, 45
27, 396, 166, 97
27, 111, 166, 76
27, 112, 166, 7
27, 79, 166, 92
27, 115, 166, 42
27, 277, 166, 44
27, 184, 166, 95
27, 313, 166, 13
27, 122, 166, 30
27, 284, 166, 95
27, 95, 166, 74
27, 64, 167, 79
27, 280, 167, 13
27, 320, 167, 81
27, 68, 167, 19
27, 165, 167, 73
27, 12, 167, 29
27, 113, 167, 84
27, 178, 167, 91
27, 116, 167, 46
27, 54, 167, 4
27, 152, 167, 11
27, 377, 167, 66
27, 283, 167, 68
27, 381, 167, 42
27, 254, 167, 61
27, 216, 167, 78
27, 288, 168, 83
27, 161, 168, 48
27, 6, 168, 44
27, 361, 168, 43
27, 394, 168, 49
27, 44, 168, 33
27, 398, 168, 79
27, 114, 168, 42
27, 245, 168, 60
27, 185, 168, 17
27, 250, 168, 63
27, 381, 168, 42
27, 320, 169, 81
27, 154, 169, 60
27, 393, 169, 48
27, 267, 169, 95
27, 268, 169, 34
27, 302, 169, 63
27, 207, 169, 79
27, 210, 169, 15
27, 275, 169, 21
27, 214, 169, 83
27, 375, 169, 78
27, 345, 169, 35
27, 282, 169, 5
27, 283, 169, 68
27, 254, 169, 61
27, 96, 170, 74
27, 292, 170, 62
27, 319, 170, 88
27, 264, 170, 79
27, 328, 170, 77
27, 267, 170, 95
27, 46, 170, 83
27, 175, 170, 33
27, 79, 170, 92
27, 209, 170, 44
27, 239, 170, 89
27, 211, 170, 64
27, 91, 170, 28
27, 31, 170, 38
27, 64, 171, 79
27, 257, 171, 84
27, 194, 171, 30
27, 164, 171, 69
27, 326, 171, 30
27, 170, 171, 47
27, 397, 171, 45
27, 302, 171, 63
27, 240, 171, 23
27, 272, 171, 8
27, 370, 171, 34
27, 181, 171, 25
27, 184, 171, 95
27, 217, 171, 11
27, 57, 171, 44
27, 287, 171, 39
27, 352, 172, 96
27, 358, 172, 25
27, 332, 172, 17
27, 142, 172, 10
27, 114, 172, 42
27, 118, 172, 41
27, 280, 172, 13
27, 284, 172, 95
27, 254, 172, 61
27, 161, 173, 48
27, 131, 173, 80
27, 260, 173, 96
27, 166, 173, 74
27, 394, 173, 49
27, 44, 173, 33
27, 349, 173, 4
27, 51, 173, 56
27, 116, 173, 46
27, 117, 173, 5
27, 53, 173, 58
27, 119, 173, 36
27, 251, 173, 36
27, 28, 173, 90
27, 189, 173, 53
27, 63, 173, 70
27, 354, 174, 89
27, 233, 174, 41
27, 201, 174, 68
27, 16, 174, 64
27, 274, 174, 64
27, 256, 175, 24
27, 65, 175, 7
27, 96, 175, 74
27, 326, 175, 30
27, 135, 175, 86
27, 264, 175, 79
27, 202, 175, 66
27, 75, 175, 13
27, 234, 175, 46
27, 335, 175, 10
27, 177, 175, 57
27, 370, 175, 34
27, 339, 175, 86
27, 243, 175, 58
27, 22, 175, 91
27, 222, 175, 99
27, 161, 176, 48
27, 100, 176, 42
27, 164, 176, 69
27, 7, 176, 85
27, 299, 176, 32
27, 144, 176, 10
27, 23, 176, 38
27, 248, 176, 46
27, 349, 176, 4
27, 131, 177, 80
27, 389, 177, 91
27, 8, 177, 42
27, 16, 177, 64
27, 272, 177, 8
27, 18, 177, 76
27, 22, 177, 91
27, 41, 177, 67
27, 170, 177, 47
27, 55, 177, 62
27, 56, 177, 51
27, 59, 177, 13
27, 67, 177, 7
27, 198, 177, 39
27, 330, 177, 39
27, 82, 177, 45
27, 85, 177, 70
27, 369, 177, 58
27, 116, 177, 46
27, 117, 177, 5
27, 289, 178, 34
27, 324, 178, 5
27, 101, 178, 77
27, 393, 178, 48
27, 269, 178, 86
27, 270, 178, 65
27, 83, 178, 38
27, 244, 178, 99
27, 149, 178, 6
27, 150, 178, 74
27, 119, 178, 36
27, 62, 178, 13
27, 94, 178, 21
27, 382, 178, 97
27, 95, 178, 74
27, 258, 179, 93
27, 67, 179, 7
27, 39, 179, 60
27, 394, 179, 49
27, 338, 179, 26
27, 339, 179, 86
27, 218, 179, 74
27, 187, 179, 57
27, 98, 180, 53
27, 131, 180, 80
27, 8, 180, 42
27, 329, 180, 96
27, 12, 180, 29
27, 21, 180, 76
27, 344, 180, 66
27, 219, 180, 53
27, 191, 180, 86
27, 386, 181, 6
27, 99, 181, 61
27, 196, 181, 52
27, 265, 181, 14
27, 139, 181, 74
27, 172, 181, 71
27, 269, 181, 86
27, 60, 181, 21
27, 367, 181, 70
27, 144, 181, 10
27, 21, 181, 76
27, 250, 181, 63
27, 158, 181, 76
27, 252, 181, 76
27, 318, 181, 6
27, 255, 181, 83
27, 270, 182, 65
27, 367, 182, 70
27, 54, 182, 4
27, 283, 182, 68
27, 125, 182, 36
27, 358, 183, 25
27, 136, 183, 92
27, 232, 183, 86
27, 239, 183, 89
27, 79, 183, 92
27, 117, 183, 5
27, 342, 183, 66
27, 91, 183, 28
27, 191, 183, 86
27, 193, 184, 50
27, 166, 184, 74
27, 299, 184, 32
27, 363, 184, 20
27, 76, 184, 67
27, 306, 184, 31
27, 19, 184, 97
27, 116, 184, 46
27, 372, 184, 6
27, 183, 184, 95
27, 151, 184, 93
27, 247, 184, 63
27, 92, 184, 84
27, 193, 185, 50
27, 261, 185, 57
27, 293, 185, 47
27, 325, 185, 88
27, 124, 185, 27
27, 178, 185, 91
27, 55, 185, 62
27, 375, 185, 78
27, 88, 185, 87
27, 345, 185, 35
27, 215, 185, 55
27, 284, 185, 95
27, 121, 186, 61
27, 290, 186, 58
27, 259, 186, 50
27, 261, 186, 57
27, 326, 186, 30
27, 38, 186, 21
27, 378, 186, 35
27, 335, 186, 10
27, 242, 186, 82
27, 374, 186, 48
27, 249, 186, 97
27, 154, 186, 60
27, 155, 186, 30
27, 253, 186, 5
27, 350, 186, 32
27, 192, 187, 63
27, 319, 187, 88
27, 74, 187, 68
27, 10, 187, 82
27, 140, 187, 49
27, 269, 187, 86
27, 171, 187, 61
27, 304, 187, 41
27, 155, 187, 30
27, 253, 187, 5
27, 383, 187, 82
27, 322, 188, 97
27, 344, 188, 66
27, 198, 188, 39
27, 170, 188, 47
27, 11, 188, 34
27, 370, 188, 34
27, 83, 188, 38
27, 51, 188, 56
27, 152, 188, 11
27, 24, 188, 90
27, 187, 188, 57
27, 348, 188, 56
27, 222, 188, 99
27, 289, 189, 34
27, 67, 189, 7
27, 132, 189, 11
27, 37, 189, 45
27, 390, 189, 90
27, 263, 189, 44
27, 44, 189, 33
27, 142, 189, 10
27, 338, 189, 26
27, 319, 189, 88
27, 386, 190, 6
27, 34, 190, 69
27, 228, 190, 98
27, 229, 190, 81
27, 6, 190, 44
27, 167, 190, 10
27, 9, 190, 49
27, 266, 190, 90
27, 301, 190, 8
27, 19, 190, 97
27, 20, 190, 1
27, 180, 190, 40
27, 24, 190, 90
27, 344, 190, 66
27, 377, 190, 66
27, 381, 190, 42
27, 254, 190, 61
27, 256, 191, 24
27, 97, 191, 17
27, 385, 191, 55
27, 318, 191, 6
27, 295, 191, 79
27, 208, 191, 82
27, 177, 191, 57
27, 278, 191, 100
27, 57, 191, 44
27, 316, 191, 72
27, 317, 191, 31
27, 286, 191, 14
27, 96, 192, 74
27, 294, 192, 73
27, 330, 192, 39
27, 46, 192, 83
27, 15, 192, 30
27, 209, 192, 44
27, 156, 192, 37
27, 321, 193, 31
27, 322, 193, 97
27, 326, 193, 30
27, 298, 193, 89
27, 106, 193, 30
27, 269, 193, 86
27, 179, 193, 99
27, 21, 193, 76
27, 342, 193, 66
27, 218, 193, 74
27, 126, 193, 57
27, 351, 193, 46
27, 296, 194, 13
27, 237, 194, 83
27, 241, 194, 76
27, 246, 194, 4
27, 182, 194, 30
27, 87, 194, 52
27, 288, 195, 83
27, 325, 195, 88
27, 9, 195, 49
27, 362, 195, 46
27, 396, 195, 97
27, 109, 195, 81
27, 270, 195, 65
27, 114, 195, 42
27, 85, 195, 70
27, 346, 195, 64
27, 287, 195, 39
27, 97, 196, 17
27, 66, 196, 17
27, 292, 196, 62
27, 39, 196, 60
27, 264, 196, 79
27, 41, 196, 67
27, 10, 196, 82
27, 13, 196, 46
27, 83, 196, 38
27, 244, 196, 99
27, 310, 196, 55
27, 254, 196, 61
27, 344, 196, 66
27, 89, 196, 10
27, 61, 196, 36
27, 190, 196, 85
27, 32, 197, 34
27, 192, 197, 63
27, 224, 197, 51
27, 376, 197, 55
27, 6, 197, 44
27, 360, 197, 50
27, 75, 197, 13
27, 346, 197, 64
27, 110, 197, 24
27, 303, 197, 16
27, 274, 197, 64
27, 211, 197, 64
27, 120, 197, 18
27, 217, 197, 11
27, 26, 197, 23
27, 57, 197, 44
27, 94, 197, 21
27, 63, 197, 70
27, 387, 198, 43
27, 395, 198, 50
27, 176, 198, 18
27, 19, 198, 97
27, 217, 198, 11
27, 380, 198, 78
27, 319, 198, 88
27, 129, 199, 15
27, 261, 199, 57
27, 6, 199, 44
27, 359, 199, 54
27, 301, 199, 8
27, 110, 199, 24
27, 239, 199, 89
27, 13, 199, 46
27, 209, 199, 44
27, 238, 199, 93
27, 115, 199, 42
27, 20, 199, 1
27, 379, 199, 74
27, 365, 199, 48
27, 153, 199, 70
27, 315, 199, 38
27, 382, 199, 97
