200, 400, 20
51, 129, 0, 83
51, 3, 0, 77
51, 389, 0, 37
51, 266, 0, 32
51, 25, 0, 60
51, 283, 0, 79
51, 159, 0, 10
51, 162, 0, 30
51, 171, 0, 68
51, 50, 0, 57
51, 309, 0, 96
51, 57, 0, 7
51, 190, 0, 12
51, 319, 0, 94
51, 199, 0, 12
51, 85, 0, 28
51, 346, 0, 26
51, 353, 0, 28
51, 234, 0, 92
51, 249, 0, 2
51, 388, 1, 98
51, 37, 1, 50
51, 5, 1, 71
51, 198, 1, 61
51, 70, 1, 53
51, 233, 1, 99
51, 108, 1, 19
51, 49, 1, 76
51, 274, 1, 20
51, 241, 1, 10
51, 306, 1, 18
51, 311, 1, 65
51, 285, 1, 62
51, 4, 2, 100
51, 262, 2, 15
51, 168, 2, 53
51, 10, 2, 13
51, 13, 2, 80
51, 14, 2, 2
51, 205, 2, 63
51, 273, 2, 30
51, 53, 2, 62
51, 91, 2, 77
51, 381, 2, 77
51, 196, 3, 34
51, 389, 3, 37
51, 325, 3, 95
51, 313, 3, 89
51, 136, 3, 95
51, 303, 3, 13
51, 16, 3, 23
51, 113, 3, 32
51, 83, 3, 62
51, 276, 3, 24
51, 277, 3, 12
51, 374, 3, 57
51, 181, 3, 56
51, 118, 3, 71
51, 151, 3, 26
51, 157, 3, 40
51, 97, 4, 54
51, 8, 4, 3
51, 73, 4, 24
51, 234, 4, 92
51, 141, 4, 47
51, 399, 4, 64
51, 274, 4, 20
51, 147, 4, 53
51, 313, 4, 89
51, 94, 4, 53
51, 135, 5, 11
51, 16, 5, 23
51, 278, 5, 31
51, 286, 5, 35
51, 287, 5, 55
51, 46, 5, 8
51, 176, 5, 89
51, 51, 5, 33
51, 191, 5, 25
51, 324, 5, 40
51, 70, 5, 53
51, 71, 5, 49
51, 81, 5, 68
51, 82, 5, 93
51, 83, 5, 62
51, 360, 5, 52
51, 115, 5, 35
51, 116, 5, 89
51, 123, 5, 5
51, 162, 6, 30
51, 194, 6, 79
51, 102, 6, 64
51, 262, 6, 15
51, 108, 6, 19
51, 336, 6, 72
51, 178, 6, 84
51, 182, 6, 62
51, 97, 7, 54
51, 101, 7, 19
51, 357, 7, 43
51, 359, 7, 53
51, 168, 7, 53
51, 12, 7, 67
51, 301, 7, 32
51, 115, 7, 35
51, 373, 7, 44
51, 150, 7, 68
51, 343, 7, 40
51, 378, 7, 94
51, 279, 7, 20
51, 381, 7, 77
51, 94, 7, 53
51, 351, 7, 52
51, 163, 8, 78
51, 392, 8, 17
51, 399, 8, 64
51, 145, 8, 87
51, 375, 8, 50
51, 227, 9, 98
51, 230, 9, 68
51, 8, 9, 3
51, 296, 9, 59
51, 335, 9, 48
51, 368, 9, 64
51, 338, 9, 29
51, 148, 9, 49
51, 86, 9, 27
51, 183, 9, 6
51, 344, 9, 26
51, 313, 9, 89
51, 189, 9, 23
51, 216, 9, 23
51, 164, 10, 64
51, 58, 10, 56
51, 262, 10, 15
51, 229, 10, 19
51, 330, 10, 91
51, 204, 10, 38
51, 177, 10, 49
51, 276, 10, 24
51, 89, 10, 67
51, 26, 10, 82
51, 126, 10, 75
51, 386, 11, 68
51, 268, 11, 94
51, 274, 11, 20
51, 278, 11, 31
51, 292, 11, 71
51, 293, 11, 45
51, 302, 11, 99
51, 54, 11, 4
51, 321, 11, 76
51, 203, 11, 48
51, 78, 11, 35
51, 211, 11, 76
51, 96, 11, 100
51, 230, 11, 68
51, 233, 11, 99
51, 371, 11, 51
51, 244, 11, 32
51, 122, 11, 31
51, 381, 11, 77
51, 355, 12, 33
51, 389, 12, 37
51, 351, 12, 52
51, 263, 12, 85
51, 5, 12, 71
51, 319, 12, 94
51, 229, 12, 19
51, 139, 12, 20
51, 107, 12, 40
51, 176, 12, 89
51, 114, 12, 32
51, 371, 12, 51
51, 306, 12, 18
51, 313, 12, 89
51, 62, 12, 39
51, 95, 12, 19
51, 385, 13, 31
51, 168, 13, 53
51, 81, 13, 68
51, 115, 13, 35
51, 53, 13, 62
51, 344, 13, 26
51, 56, 13, 23
51, 91, 13, 77
51, 124, 13, 59
51, 230, 14, 68
51, 393, 14, 44
51, 265, 14, 90
51, 79, 14, 4
51, 208, 14, 10
51, 274, 14, 20
51, 275, 14, 35
51, 308, 14, 67
51, 82, 14, 93
51, 122, 14, 31
51, 135, 15, 11
51, 233, 15, 99
51, 174, 15, 83
51, 14, 15, 2
51, 209, 15, 54
51, 22, 15, 5
51, 34, 16, 79
51, 165, 16, 27
51, 71, 16, 49
51, 9, 16, 60
51, 107, 16, 40
51, 12, 16, 67
51, 334, 16, 82
51, 50, 16, 57
51, 371, 16, 51
51, 220, 16, 79
51, 213, 16, 100
51, 183, 16, 6
51, 120, 16, 41
51, 121, 16, 68
51, 378, 16, 94
51, 188, 16, 47
51, 349, 16, 52
51, 224, 17, 56
51, 360, 17, 52
51, 201, 17, 2
51, 298, 17, 84
51, 78, 17, 35
51, 48, 17, 23
51, 176, 17, 89
51, 82, 17, 93
51, 347, 17, 20
51, 319, 17, 94
51, 136, 18, 95
51, 281, 18, 14
51, 286, 18, 35
51, 162, 18, 30
51, 39, 18, 25
51, 175, 18, 81
51, 308, 18, 67
51, 311, 18, 65
51, 322, 18, 71
51, 324, 18, 40
51, 326, 18, 8
51, 329, 18, 3
51, 76, 18, 95
51, 206, 18, 40
51, 86, 18, 27
51, 346, 18, 26
51, 229, 18, 19
51, 102, 18, 64
51, 371, 18, 51
51, 133, 19, 25
51, 198, 19, 61
51, 397, 19, 9
51, 399, 19, 64
51, 113, 19, 32
51, 277, 19, 12
51, 374, 19, 57
51, 119, 19, 36
51, 280, 19, 49
51, 345, 19, 72
51, 22, 19, 5
51, 60, 19, 82
51, 161, 20, 99
51, 388, 20, 98
51, 231, 20, 29
51, 199, 20, 12
51, 169, 20, 91
51, 9, 20, 60
51, 335, 20, 48
51, 51, 20, 33
51, 284, 20, 46
51, 377, 20, 62
51, 219, 20, 52
51, 252, 20, 12
51, 320, 21, 31
51, 289, 21, 40
51, 65, 21, 44
51, 166, 21, 15
51, 238, 21, 20
51, 17, 21, 55
51, 118, 21, 71
51, 151, 21, 26
51, 154, 21, 54
51, 351, 21, 52
51, 258, 22, 79
51, 2, 22, 47
51, 143, 22, 99
51, 273, 22, 30
51, 149, 22, 89
51, 22, 22, 5
51, 154, 22, 54
51, 286, 22, 35
51, 164, 22, 64
51, 45, 22, 48
51, 49, 22, 76
51, 319, 22, 94
51, 345, 22, 72
51, 91, 22, 77
51, 349, 22, 52
51, 221, 22, 59
51, 355, 22, 33
51, 110, 22, 77
51, 115, 22, 35
51, 381, 22, 77
51, 131, 23, 70
51, 134, 23, 26
51, 71, 23, 49
51, 171, 23, 68
51, 44, 23, 7
51, 332, 23, 54
51, 274, 23, 20
51, 115, 23, 35
51, 136, 24, 95
51, 268, 24, 94
51, 397, 24, 9
51, 281, 24, 14
51, 161, 24, 99
51, 165, 24, 27
51, 174, 24, 83
51, 63, 24, 44
51, 321, 24, 76
51, 79, 24, 4
51, 91, 24, 77
51, 351, 24, 52
51, 227, 24, 98
51, 356, 24, 99
51, 357, 24, 43
51, 362, 24, 55
51, 108, 24, 19
51, 378, 24, 94
51, 127, 24, 22
51, 228, 25, 37
51, 200, 25, 23
51, 339, 25, 24
51, 309, 25, 96
51, 56, 25, 23
51, 251, 25, 96
51, 317, 25, 70
51, 97, 26, 54
51, 353, 26, 28
51, 102, 26, 64
51, 264, 26, 2
51, 11, 26, 4
51, 76, 26, 95
51, 304, 26, 98
51, 20, 26, 26
51, 373, 26, 44
51, 120, 26, 41
51, 28, 26, 66
51, 94, 26, 53
51, 385, 27, 31
51, 138, 27, 33
51, 399, 27, 64
51, 150, 27, 68
51, 26, 27, 82
51, 34, 27, 79
51, 41, 27, 44
51, 176, 27, 89
51, 311, 27, 65
51, 186, 27, 85
51, 58, 27, 56
51, 71, 27, 49
51, 78, 27, 35
51, 340, 27, 21
51, 341, 27, 60
51, 215, 27, 14
51, 347, 27, 20
51, 112, 27, 69
51, 370, 27, 2
51, 0, 28, 92
51, 134, 28, 26
51, 276, 28, 24
51, 22, 28, 5
51, 155, 28, 83
51, 160, 28, 44
51, 289, 28, 40
51, 298, 28, 84
51, 59, 28, 20
51, 188, 28, 47
51, 66, 28, 46
51, 203, 28, 48
51, 218, 28, 58
51, 361, 28, 41
51, 235, 28, 80
51, 371, 28, 51
51, 244, 28, 32
51, 120, 28, 41
51, 255, 28, 49
51, 387, 29, 78
51, 131, 29, 70
51, 134, 29, 26
51, 267, 29, 64
51, 399, 29, 64
51, 18, 29, 71
51, 160, 29, 44
51, 43, 29, 18
51, 46, 29, 8
51, 175, 29, 81
51, 53, 29, 62
51, 184, 29, 83
51, 319, 29, 94
51, 204, 29, 38
51, 84, 29, 43
51, 86, 29, 27
51, 94, 29, 53
51, 354, 29, 16
51, 361, 29, 41
51, 365, 29, 1
51, 320, 30, 31
51, 356, 30, 99
51, 268, 30, 94
51, 14, 30, 2
51, 53, 30, 62
51, 130, 31, 99
51, 388, 31, 98
51, 261, 31, 63
51, 10, 31, 13
51, 274, 31, 20
51, 149, 31, 89
51, 153, 31, 73
51, 158, 31, 21
51, 160, 31, 44
51, 165, 31, 27
51, 296, 31, 59
51, 298, 31, 84
51, 173, 31, 1
51, 175, 31, 81
51, 306, 31, 18
51, 204, 31, 38
51, 212, 31, 12
51, 352, 31, 7
51, 375, 31, 50
51, 228, 32, 37
51, 366, 32, 1
51, 143, 32, 99
51, 270, 32, 29
51, 377, 32, 62
51, 193, 33, 13
51, 354, 33, 16
51, 99, 33, 32
51, 337, 33, 13
51, 376, 33, 45
51, 154, 33, 54
51, 384, 34, 57
51, 355, 34, 33
51, 230, 34, 68
51, 327, 34, 57
51, 200, 34, 23
51, 169, 34, 91
51, 171, 34, 68
51, 332, 34, 54
51, 211, 34, 76
51, 217, 34, 8
51, 26, 34, 82
51, 123, 34, 5
51, 190, 34, 12
51, 36, 35, 98
51, 103, 35, 73
51, 53, 35, 62
51, 187, 35, 100
51, 380, 35, 59
51, 225, 36, 49
51, 196, 36, 34
51, 357, 36, 43
51, 197, 36, 12
51, 389, 36, 37
51, 392, 36, 17
51, 41, 36, 44
51, 42, 36, 5
51, 395, 36, 20
51, 345, 36, 72
51, 49, 36, 76
51, 210, 36, 16
51, 52, 36, 93
51, 245, 36, 17
51, 120, 36, 41
51, 377, 36, 62
51, 219, 36, 52
51, 323, 37, 12
51, 363, 37, 98
51, 331, 37, 10
51, 203, 37, 48
51, 174, 37, 83
51, 15, 37, 94
51, 366, 37, 1
51, 301, 37, 32
51, 372, 37, 55
51, 27, 37, 73
51, 257, 38, 63
51, 33, 38, 3
51, 2, 38, 47
51, 131, 38, 70
51, 258, 38, 79
51, 198, 38, 61
51, 135, 38, 11
51, 357, 38, 43
51, 169, 38, 91
51, 395, 38, 20
51, 301, 38, 32
51, 398, 38, 26
51, 274, 38, 20
51, 147, 38, 53
51, 183, 38, 6
51, 97, 39, 54
51, 327, 39, 57
51, 359, 39, 53
51, 107, 39, 40
51, 173, 39, 1
51, 79, 39, 4
51, 48, 39, 23
51, 55, 39, 36
51, 153, 39, 73
51, 346, 39, 26
51, 257, 40, 63
51, 387, 40, 78
51, 358, 40, 41
51, 40, 40, 37
51, 170, 40, 63
51, 140, 40, 33
51, 333, 40, 51
51, 399, 40, 64
51, 367, 40, 51
51, 274, 40, 20
51, 146, 40, 31
51, 210, 40, 16
51, 86, 40, 27
51, 376, 40, 45
51, 121, 40, 68
51, 317, 40, 70
51, 216, 40, 23
51, 321, 41, 76
51, 72, 41, 62
51, 332, 41, 54
51, 111, 41, 93
51, 145, 41, 87
51, 182, 41, 62
51, 214, 41, 66
51, 187, 41, 100
51, 194, 42, 79
51, 100, 42, 56
51, 356, 42, 99
51, 102, 42, 64
51, 292, 42, 71
51, 358, 42, 41
51, 331, 42, 10
51, 142, 42, 30
51, 238, 42, 20
51, 50, 42, 57
51, 284, 42, 46
51, 222, 42, 35
51, 387, 43, 78
51, 388, 43, 98
51, 143, 43, 99
51, 273, 43, 30
51, 148, 43, 49
51, 278, 43, 31
51, 22, 43, 5
51, 153, 43, 73
51, 27, 43, 73
51, 285, 43, 62
51, 41, 43, 44
51, 334, 43, 82
51, 215, 43, 14
51, 90, 43, 23
51, 349, 43, 52
51, 95, 43, 19
51, 224, 43, 56
51, 231, 43, 29
51, 242, 43, 48
51, 372, 43, 55
51, 353, 44, 28
51, 328, 44, 100
51, 146, 44, 31
51, 114, 44, 32
51, 212, 44, 12
51, 341, 44, 60
51, 184, 44, 83
51, 158, 44, 21
51, 320, 45, 31
51, 163, 45, 78
51, 196, 45, 34
51, 227, 45, 98
51, 292, 45, 71
51, 72, 45, 62
51, 16, 45, 23
51, 59, 45, 20
51, 257, 46, 63
51, 293, 46, 45
51, 6, 46, 11
51, 137, 46, 78
51, 11, 46, 4
51, 366, 46, 1
51, 399, 46, 64
51, 369, 46, 23
51, 18, 46, 71
51, 179, 46, 22
51, 113, 46, 32
51, 338, 46, 29
51, 340, 46, 21
51, 87, 46, 2
51, 219, 46, 52
51, 285, 46, 62
51, 343, 46, 40
51, 258, 47, 79
51, 4, 47, 100
51, 5, 47, 71
51, 325, 47, 95
51, 250, 47, 92
51, 332, 47, 54
51, 269, 47, 68
51, 369, 47, 23
51, 21, 47, 91
51, 86, 47, 27
51, 373, 47, 44
51, 154, 47, 54
51, 187, 47, 100
51, 188, 47, 47
51, 38, 48, 71
51, 391, 48, 8
51, 296, 48, 59
51, 136, 48, 95
51, 394, 48, 78
51, 235, 48, 80
51, 268, 48, 94
51, 173, 48, 1
51, 76, 48, 95
51, 143, 48, 99
51, 16, 48, 23
51, 273, 48, 30
51, 21, 48, 91
51, 341, 48, 60
51, 311, 48, 65
51, 216, 48, 23
51, 56, 48, 23
51, 155, 48, 83
51, 161, 49, 99
51, 259, 49, 21
51, 297, 49, 24
51, 236, 49, 93
51, 364, 49, 89
51, 398, 49, 26
51, 174, 49, 83
51, 211, 49, 76
51, 53, 49, 62
51, 27, 49, 73
51, 191, 49, 25
51, 132, 50, 62
51, 229, 50, 19
51, 37, 50, 50
51, 392, 50, 17
51, 9, 50, 60
51, 266, 50, 32
51, 296, 50, 59
51, 236, 50, 93
51, 172, 50, 34
51, 53, 50, 62
51, 120, 50, 41
51, 218, 50, 58
51, 127, 50, 22
51, 389, 51, 37
51, 5, 51, 71
51, 327, 51, 57
51, 200, 51, 23
51, 105, 51, 31
51, 134, 51, 26
51, 46, 51, 8
51, 368, 51, 64
51, 178, 51, 84
51, 210, 51, 16
51, 20, 51, 26
51, 276, 51, 24
51, 182, 51, 62
51, 343, 51, 40
51, 277, 51, 12
51, 215, 51, 14
51, 0, 52, 92
51, 258, 52, 79
51, 163, 52, 78
51, 228, 52, 37
51, 229, 52, 19
51, 356, 52, 99
51, 38, 52, 71
51, 40, 52, 37
51, 263, 52, 85
51, 107, 52, 40
51, 300, 52, 23
51, 52, 52, 93
51, 309, 52, 96
51, 153, 52, 73
51, 250, 52, 92
51, 155, 52, 83
51, 348, 52, 59
51, 254, 52, 68
51, 321, 53, 76
51, 329, 53, 3
51, 144, 53, 47
51, 273, 53, 30
51, 86, 53, 27
51, 215, 53, 14
51, 186, 53, 85
51, 379, 53, 19
51, 126, 53, 75
51, 133, 54, 25
51, 267, 54, 64
51, 273, 54, 30
51, 164, 54, 64
51, 294, 54, 46
51, 43, 54, 18
51, 314, 54, 42
51, 191, 54, 25
51, 69, 54, 27
51, 70, 54, 53
51, 326, 54, 8
51, 325, 54, 95
51, 327, 54, 57
51, 330, 54, 91
51, 332, 54, 54
51, 342, 54, 21
51, 351, 54, 52
51, 364, 54, 89
51, 246, 54, 36
51, 255, 54, 49
51, 0, 55, 92
51, 294, 55, 46
51, 199, 55, 12
51, 104, 55, 33
51, 267, 55, 64
51, 366, 55, 1
51, 146, 55, 31
51, 340, 55, 21
51, 245, 55, 17
51, 216, 55, 23
51, 384, 56, 57
51, 354, 56, 16
51, 229, 56, 19
51, 8, 56, 3
51, 169, 56, 91
51, 108, 56, 19
51, 365, 56, 1
51, 270, 56, 29
51, 272, 56, 69
51, 49, 56, 76
51, 116, 56, 89
51, 377, 56, 62
51, 58, 56, 56
51, 60, 56, 82
51, 384, 57, 57
51, 258, 57, 79
51, 131, 57, 70
51, 144, 57, 47
51, 277, 57, 12
51, 156, 57, 29
51, 287, 57, 55
51, 37, 57, 50
51, 313, 57, 89
51, 65, 57, 44
51, 328, 57, 100
51, 335, 57, 48
51, 84, 57, 43
51, 343, 57, 40
51, 345, 57, 72
51, 91, 57, 77
51, 101, 57, 19
51, 114, 57, 32
51, 371, 57, 51
51, 382, 57, 57
51, 194, 58, 79
51, 3, 58, 77
51, 386, 58, 68
51, 133, 58, 25
51, 360, 58, 52
51, 392, 58, 17
51, 298, 58, 84
51, 270, 58, 29
51, 18, 58, 71
51, 309, 58, 96
51, 150, 58, 68
51, 86, 58, 27
51, 281, 58, 14
51, 126, 58, 75
51, 383, 58, 72
51, 195, 59, 24
51, 360, 59, 52
51, 393, 59, 44
51, 235, 59, 80
51, 181, 59, 56
51, 318, 59, 14
51, 288, 60, 70
51, 69, 60, 27
51, 7, 60, 84
51, 136, 60, 95
51, 331, 60, 10
51, 368, 60, 64
51, 274, 60, 20
51, 243, 60, 72
51, 89, 61, 67
51, 66, 61, 46
51, 153, 61, 73
51, 36, 61, 98
51, 264, 61, 2
51, 393, 61, 44
51, 363, 61, 98
51, 205, 61, 63
51, 78, 61, 35
51, 142, 61, 30
51, 304, 61, 98
51, 49, 61, 76
51, 23, 61, 34
51, 185, 61, 1
51, 58, 61, 56
51, 30, 61, 45
51, 0, 62, 92
51, 320, 62, 31
51, 322, 62, 71
51, 194, 62, 79
51, 69, 62, 27
51, 136, 62, 95
51, 56, 62, 23
51, 96, 63, 100
51, 161, 63, 99
51, 162, 63, 30
51, 32, 63, 10
51, 362, 63, 55
51, 395, 63, 20
51, 242, 63, 48
51, 351, 63, 52
51, 171, 64, 68
51, 332, 64, 54
51, 45, 64, 48
51, 375, 64, 50
51, 124, 64, 59
51, 0, 65, 92
51, 33, 65, 3
51, 65, 65, 44
51, 196, 65, 34
51, 167, 65, 25
51, 359, 65, 53
51, 267, 65, 64
51, 75, 65, 56
51, 251, 65, 96
51, 15, 65, 94
51, 112, 65, 69
51, 146, 65, 31
51, 276, 65, 24
51, 373, 65, 44
51, 341, 65, 60
51, 345, 65, 72
51, 27, 65, 73
51, 392, 66, 17
51, 268, 66, 94
51, 145, 66, 87
51, 278, 66, 31
51, 284, 66, 46
51, 292, 66, 71
51, 297, 66, 24
51, 177, 66, 49
51, 306, 66, 18
51, 314, 66, 42
51, 58, 66, 56
51, 189, 66, 23
51, 322, 66, 71
51, 338, 66, 29
51, 347, 66, 20
51, 351, 66, 52
51, 226, 66, 10
51, 233, 66, 99
51, 374, 66, 57
51, 256, 67, 82
51, 355, 67, 33
51, 166, 67, 15
51, 9, 67, 60
51, 267, 67, 64
51, 44, 67, 7
51, 367, 67, 51
51, 15, 67, 94
51, 23, 67, 34
51, 221, 67, 59
51, 384, 68, 57
51, 1, 68, 14
51, 66, 68, 46
51, 322, 68, 71
51, 229, 68, 19
51, 390, 68, 92
51, 392, 68, 17
51, 297, 68, 24
51, 330, 68, 91
51, 139, 68, 20
51, 366, 68, 1
51, 315, 68, 13
51, 150, 68, 68
51, 246, 68, 36
51, 314, 68, 42
51, 379, 68, 19
51, 223, 68, 19
51, 320, 69, 31
51, 74, 69, 97
51, 11, 69, 4
51, 177, 69, 49
51, 50, 69, 57
51, 211, 69, 76
51, 305, 69, 99
51, 182, 69, 62
51, 317, 69, 70
51, 256, 70, 82
51, 289, 70, 40
51, 259, 70, 21
51, 196, 70, 34
51, 101, 70, 19
51, 323, 70, 12
51, 330, 70, 91
51, 170, 70, 63
51, 300, 70, 23
51, 269, 70, 68
51, 207, 70, 51
51, 178, 70, 84
51, 370, 70, 2
51, 20, 70, 26
51, 58, 70, 56
51, 319, 70, 94
51, 288, 71, 70
51, 324, 71, 40
51, 71, 71, 49
51, 200, 71, 23
51, 106, 71, 51
51, 43, 71, 18
51, 396, 71, 63
51, 237, 71, 2
51, 173, 71, 1
51, 220, 71, 79
51, 343, 71, 40
51, 250, 71, 92
51, 347, 71, 20
51, 28, 71, 66
51, 388, 72, 98
51, 8, 72, 3
51, 144, 72, 47
51, 17, 72, 55
51, 18, 72, 71
51, 279, 72, 20
51, 156, 72, 29
51, 292, 72, 71
51, 41, 72, 44
51, 313, 72, 89
51, 63, 72, 44
51, 69, 72, 27
51, 210, 72, 16
51, 350, 72, 37
51, 95, 72, 19
51, 358, 72, 41
51, 368, 72, 64
51, 114, 72, 32
51, 375, 72, 50
51, 260, 73, 36
51, 198, 73, 61
51, 204, 73, 38
51, 238, 73, 20
51, 113, 73, 32
51, 319, 73, 94
51, 65, 74, 44
51, 258, 74, 79
51, 264, 74, 2
51, 205, 74, 63
51, 398, 74, 26
51, 334, 74, 82
51, 375, 74, 50
51, 251, 74, 96
51, 1, 75, 14
51, 258, 75, 79
51, 141, 75, 47
51, 272, 75, 69
51, 19, 75, 27
51, 151, 75, 26
51, 157, 75, 40
51, 165, 75, 27
51, 177, 75, 49
51, 305, 75, 99
51, 183, 75, 6
51, 312, 75, 32
51, 62, 75, 39
51, 65, 75, 44
51, 194, 75, 79
51, 217, 75, 8
51, 221, 75, 59
51, 238, 75, 20
51, 380, 75, 59
51, 325, 76, 95
51, 38, 76, 71
51, 295, 76, 73
51, 359, 76, 53
51, 361, 76, 41
51, 10, 76, 13
51, 297, 76, 24
51, 108, 76, 19
51, 333, 76, 51
51, 78, 76, 35
51, 241, 76, 10
51, 146, 76, 31
51, 242, 76, 48
51, 309, 76, 96
51, 119, 76, 36
51, 316, 76, 15
51, 381, 76, 77
51, 287, 76, 55
51, 193, 77, 13
51, 68, 77, 29
51, 9, 77, 60
51, 174, 77, 83
51, 14, 77, 2
51, 82, 77, 93
51, 23, 77, 34
51, 376, 77, 45
51, 377, 77, 62
51, 158, 77, 21
51, 380, 77, 59
51, 286, 77, 35
51, 351, 77, 52
51, 224, 78, 56
51, 162, 78, 30
51, 68, 78, 29
51, 133, 78, 25
51, 37, 78, 50
51, 115, 78, 35
51, 151, 78, 26
51, 155, 78, 83
51, 381, 78, 77
51, 262, 79, 15
51, 10, 79, 13
51, 75, 79, 56
51, 138, 79, 33
51, 206, 79, 40
51, 79, 79, 4
51, 377, 79, 62
51, 6, 80, 11
51, 72, 80, 62
51, 202, 80, 84
51, 75, 80, 56
51, 13, 80, 80
51, 301, 80, 32
51, 249, 80, 2
51, 282, 80, 44
51, 92, 80, 61
51, 192, 81, 15
51, 65, 81, 44
51, 258, 81, 79
51, 226, 81, 10
51, 294, 81, 46
51, 144, 81, 47
51, 306, 81, 18
51, 276, 81, 24
51, 244, 81, 32
51, 119, 81, 36
51, 376, 81, 45
51, 218, 81, 58
51, 348, 81, 59
51, 159, 81, 10
51, 354, 82, 16
51, 290, 82, 15
51, 265, 82, 90
51, 116, 82, 89
51, 217, 82, 8
51, 130, 83, 99
51, 355, 83, 33
51, 195, 83, 24
51, 133, 83, 25
51, 240, 83, 2
51, 241, 83, 10
51, 85, 83, 28
51, 375, 83, 50
51, 56, 83, 23
51, 254, 83, 68
51, 255, 83, 49
51, 170, 84, 63
51, 144, 84, 47
51, 309, 84, 96
51, 150, 84, 68
51, 185, 84, 1
51, 251, 84, 96
51, 158, 84, 21
51, 387, 85, 78
51, 249, 85, 2
51, 358, 85, 41
51, 391, 85, 8
51, 231, 85, 29
51, 329, 85, 3
51, 393, 85, 44
51, 395, 85, 20
51, 392, 85, 17
51, 101, 85, 19
51, 203, 85, 48
51, 15, 85, 94
51, 239, 85, 71
51, 57, 85, 7
51, 155, 85, 83
51, 190, 85, 12
51, 256, 86, 82
51, 191, 86, 25
51, 34, 86, 79
51, 226, 86, 10
51, 35, 86, 44
51, 73, 86, 24
51, 74, 86, 97
51, 111, 86, 93
51, 112, 86, 69
51, 303, 86, 13
51, 47, 86, 64
51, 309, 86, 96
51, 89, 86, 67
51, 223, 86, 19
51, 390, 87, 92
51, 328, 87, 100
51, 365, 87, 1
51, 240, 87, 2
51, 337, 87, 13
51, 144, 87, 47
51, 215, 87, 14
51, 282, 87, 44
51, 59, 87, 20
51, 348, 87, 59
51, 5, 88, 71
51, 262, 88, 15
51, 267, 88, 64
51, 333, 88, 51
51, 399, 88, 64
51, 152, 88, 59
51, 212, 88, 12
51, 148, 88, 49
51, 214, 88, 66
51, 88, 88, 65
51, 378, 88, 94
51, 93, 88, 20
51, 258, 89, 79
51, 388, 89, 98
51, 358, 89, 41
51, 265, 89, 90
51, 111, 89, 93
51, 372, 89, 55
51, 88, 89, 65
51, 132, 90, 62
51, 356, 90, 99
51, 262, 90, 15
51, 326, 90, 8
51, 8, 90, 3
51, 59, 90, 20
51, 362, 90, 55
51, 199, 90, 12
51, 251, 90, 96
51, 51, 90, 33
51, 52, 90, 93
51, 53, 90, 62
51, 373, 90, 44
51, 311, 90, 65
51, 216, 90, 23
51, 57, 90, 7
51, 123, 90, 5
51, 191, 90, 25
51, 192, 91, 15
51, 194, 91, 79
51, 185, 91, 1
51, 104, 91, 33
51, 202, 91, 84
51, 11, 91, 4
51, 12, 91, 67
51, 301, 91, 32
51, 79, 91, 4
51, 54, 91, 4
51, 183, 91, 6
51, 216, 91, 23
51, 313, 91, 89
51, 125, 91, 97
51, 382, 91, 57
51, 1, 92, 14
51, 109, 92, 51
51, 371, 92, 51
51, 275, 92, 35
51, 119, 92, 36
51, 287, 92, 55
51, 258, 93, 79
51, 5, 93, 71
51, 9, 93, 60
51, 10, 93, 13
51, 267, 93, 64
51, 35, 93, 44
51, 36, 93, 98
51, 294, 93, 46
51, 40, 93, 37
51, 297, 93, 24
51, 45, 93, 48
51, 55, 93, 36
51, 65, 93, 44
51, 207, 93, 51
51, 211, 93, 76
51, 343, 93, 40
51, 218, 93, 58
51, 368, 93, 64
51, 371, 93, 51
51, 160, 94, 44
51, 290, 94, 15
51, 35, 94, 44
51, 34, 94, 79
51, 323, 94, 12
51, 71, 94, 49
51, 104, 94, 33
51, 239, 94, 71
51, 208, 94, 10
51, 273, 94, 30
51, 50, 94, 57
51, 143, 94, 99
51, 52, 94, 93
51, 309, 94, 96
51, 339, 94, 24
51, 311, 94, 65
51, 282, 94, 44
51, 193, 95, 13
51, 393, 95, 44
51, 394, 95, 78
51, 302, 95, 99
51, 46, 95, 8
51, 368, 95, 64
51, 336, 95, 72
51, 83, 95, 62
51, 386, 96, 68
51, 6, 96, 11
51, 296, 96, 59
51, 201, 96, 2
51, 44, 96, 7
51, 399, 96, 64
51, 112, 96, 69
51, 49, 96, 76
51, 281, 96, 14
51, 27, 96, 73
51, 94, 96, 53
51, 67, 97, 70
51, 68, 97, 29
51, 165, 97, 27
51, 262, 97, 15
51, 169, 97, 91
51, 170, 97, 63
51, 204, 97, 38
51, 142, 97, 30
51, 239, 97, 71
51, 80, 97, 1
51, 150, 97, 68
51, 183, 97, 6
51, 249, 97, 2
51, 250, 97, 92
51, 315, 97, 13
51, 349, 97, 52
51, 32, 98, 10
51, 384, 98, 57
51, 357, 98, 43
51, 327, 98, 57
51, 168, 98, 53
51, 238, 98, 20
51, 48, 98, 23
51, 275, 98, 35
51, 372, 98, 55
51, 87, 98, 2
51, 315, 98, 13
51, 163, 99, 78
51, 36, 99, 98
51, 261, 99, 63
51, 5, 99, 71
51, 328, 99, 100
51, 104, 99, 33
51, 394, 99, 78
51, 363, 99, 98
51, 138, 99, 33
51, 47, 99, 64
51, 190, 99, 12
51, 1, 100, 14
51, 259, 100, 21
51, 134, 100, 26
51, 13, 100, 80
51, 159, 100, 10
51, 41, 100, 44
51, 304, 100, 98
51, 186, 100, 85
51, 64, 100, 74
51, 196, 100, 34
51, 326, 100, 8
51, 346, 100, 26
51, 352, 100, 7
51, 225, 100, 49
51, 226, 100, 10
51, 238, 100, 20
51, 371, 100, 51
51, 118, 100, 71
51, 381, 100, 77
51, 383, 100, 72
51, 293, 101, 45
51, 38, 101, 71
51, 233, 101, 99
51, 250, 101, 92
51, 44, 101, 7
51, 237, 101, 2
51, 238, 101, 20
51, 335, 101, 48
51, 143, 101, 99
51, 241, 101, 10
51, 147, 101, 53
51, 86, 101, 27
51, 279, 101, 20
51, 312, 101, 32
51, 153, 101, 73
51, 186, 101, 85
51, 92, 101, 61
51, 225, 102, 49
51, 162, 102, 30
51, 385, 102, 31
51, 324, 102, 40
51, 37, 102, 50
51, 294, 102, 46
51, 73, 102, 24
51, 47, 102, 64
51, 399, 102, 64
51, 112, 102, 69
51, 178, 102, 84
51, 113, 102, 32
51, 148, 102, 49
51, 188, 102, 47
51, 29, 102, 96
51, 224, 103, 56
51, 161, 103, 99
51, 134, 103, 26
51, 74, 103, 97
51, 331, 103, 10
51, 44, 103, 7
51, 395, 103, 20
51, 301, 103, 32
51, 203, 103, 48
51, 208, 103, 10
51, 19, 103, 27
51, 211, 103, 76
51, 373, 103, 44
51, 22, 103, 5
51, 91, 103, 77
51, 60, 103, 82
51, 61, 103, 63
51, 351, 103, 52
51, 354, 104, 16
51, 197, 104, 12
51, 71, 104, 49
51, 345, 104, 72
51, 330, 104, 91
51, 171, 104, 68
51, 84, 104, 43
51, 55, 104, 36
51, 153, 104, 73
51, 29, 104, 96
51, 190, 104, 12
51, 70, 105, 53
51, 393, 105, 44
51, 10, 105, 13
51, 141, 105, 47
51, 238, 105, 20
51, 111, 105, 93
51, 17, 105, 55
51, 370, 105, 2
51, 307, 105, 19
51, 245, 105, 17
51, 22, 105, 5
51, 309, 105, 96
51, 152, 105, 59
51, 64, 106, 74
51, 352, 106, 7
51, 322, 106, 71
51, 101, 106, 19
51, 357, 106, 43
51, 37, 106, 50
51, 133, 106, 25
51, 104, 106, 33
51, 174, 106, 83
51, 215, 106, 14
51, 57, 106, 7
51, 187, 106, 100
51, 253, 106, 86
51, 255, 106, 49
51, 192, 107, 15
51, 132, 107, 62
51, 137, 107, 78
51, 396, 107, 63
51, 124, 107, 59
51, 369, 107, 23
51, 374, 107, 57
51, 214, 107, 66
51, 28, 107, 66
51, 288, 108, 70
51, 1, 108, 14
51, 133, 108, 25
51, 105, 108, 31
51, 397, 108, 9
51, 47, 108, 64
51, 246, 108, 36
51, 185, 108, 1
51, 380, 108, 59
51, 134, 109, 26
51, 136, 109, 95
51, 149, 109, 89
51, 151, 109, 26
51, 27, 109, 73
51, 40, 109, 37
51, 298, 109, 84
51, 55, 109, 36
51, 313, 109, 89
51, 314, 109, 42
51, 59, 109, 20
51, 68, 109, 29
51, 75, 109, 56
51, 206, 109, 40
51, 337, 109, 13
51, 95, 109, 19
51, 355, 109, 33
51, 357, 109, 43
51, 248, 109, 89
51, 124, 109, 59
51, 64, 110, 74
51, 32, 110, 10
51, 291, 110, 50
51, 390, 110, 92
51, 8, 110, 3
51, 297, 110, 24
51, 14, 110, 2
51, 239, 110, 71
51, 113, 110, 32
51, 306, 110, 18
51, 83, 110, 62
51, 86, 110, 27
51, 120, 110, 41
51, 285, 110, 62
51, 283, 110, 79
51, 188, 110, 47
51, 317, 110, 70
51, 318, 110, 14
51, 7, 111, 84
51, 264, 111, 2
51, 12, 111, 67
51, 151, 111, 26
51, 154, 111, 54
51, 39, 111, 25
51, 304, 111, 98
51, 309, 111, 96
51, 62, 111, 39
51, 323, 111, 12
51, 68, 111, 29
51, 203, 111, 48
51, 78, 111, 35
51, 224, 111, 56
51, 354, 111, 16
51, 101, 111, 19
51, 230, 111, 68
51, 363, 111, 98
51, 115, 111, 35
51, 245, 111, 17
51, 359, 112, 53
51, 391, 112, 8
51, 367, 112, 51
51, 176, 112, 89
51, 276, 112, 24
51, 249, 112, 2
51, 60, 112, 82
51, 387, 113, 78
51, 143, 113, 99
51, 145, 113, 87
51, 148, 113, 49
51, 20, 113, 26
51, 25, 113, 60
51, 29, 113, 96
51, 286, 113, 35
51, 172, 113, 34
51, 72, 113, 62
51, 209, 113, 54
51, 214, 113, 66
51, 217, 113, 8
51, 92, 113, 61
51, 351, 113, 52
51, 100, 113, 56
51, 359, 113, 53
51, 369, 113, 23
51, 371, 113, 51
51, 153, 114, 73
51, 388, 114, 98
51, 236, 114, 93
51, 269, 114, 68
51, 302, 114, 99
51, 220, 114, 79
51, 20, 114, 26
51, 148, 114, 49
51, 342, 114, 21
51, 89, 114, 67
51, 380, 114, 59
51, 61, 114, 63
51, 274, 115, 20
51, 29, 115, 96
51, 160, 115, 44
51, 297, 115, 24
51, 52, 115, 93
51, 185, 115, 1
51, 57, 115, 7
51, 191, 115, 25
51, 320, 115, 31
51, 88, 115, 65
51, 91, 115, 77
51, 220, 115, 79
51, 349, 115, 52
51, 99, 115, 32
51, 228, 115, 37
51, 238, 115, 20
51, 110, 115, 77
51, 368, 115, 64
51, 113, 115, 32
51, 247, 115, 17
51, 132, 116, 62
51, 164, 116, 64
51, 106, 116, 51
51, 275, 116, 35
51, 85, 116, 28
51, 88, 116, 65
51, 121, 116, 68
51, 219, 116, 52
51, 2, 117, 47
51, 299, 117, 24
51, 333, 117, 51
51, 303, 117, 13
51, 305, 117, 99
51, 145, 117, 87
51, 375, 117, 50
51, 281, 117, 14
51, 63, 117, 44
51, 256, 118, 82
51, 257, 118, 63
51, 99, 118, 32
51, 196, 118, 34
51, 165, 118, 27
51, 326, 118, 8
51, 296, 118, 59
51, 11, 118, 4
51, 397, 118, 9
51, 283, 118, 79
51, 370, 118, 2
51, 276, 118, 24
51, 52, 118, 93
51, 20, 118, 26
51, 278, 118, 31
51, 88, 118, 65
51, 26, 118, 82
51, 155, 118, 83
51, 384, 119, 57
51, 289, 119, 40
51, 258, 119, 79
51, 68, 119, 29
51, 228, 119, 37
51, 262, 119, 15
51, 201, 119, 2
51, 203, 119, 48
51, 173, 119, 1
51, 367, 119, 51
51, 145, 119, 87
51, 210, 119, 16
51, 83, 119, 62
51, 82, 119, 93
51, 187, 119, 100
51, 259, 120, 21
51, 294, 120, 46
51, 135, 120, 11
51, 48, 120, 23
51, 112, 120, 69
51, 144, 120, 47
51, 208, 120, 10
51, 116, 120, 89
51, 340, 120, 21
51, 279, 120, 20
51, 285, 120, 62
51, 156, 120, 29
51, 29, 120, 96
51, 254, 120, 68
51, 153, 121, 73
51, 198, 121, 61
51, 231, 121, 29
51, 345, 121, 72
51, 139, 121, 20
51, 268, 121, 94
51, 13, 121, 80
51, 395, 121, 20
51, 399, 121, 64
51, 15, 121, 94
51, 81, 121, 68
51, 217, 121, 8
51, 314, 121, 42
51, 110, 122, 77
51, 239, 122, 71
51, 184, 122, 83
51, 156, 122, 29
51, 127, 122, 22
51, 388, 123, 98
51, 325, 123, 95
51, 267, 123, 64
51, 363, 123, 98
51, 85, 123, 28
51, 93, 123, 20
51, 94, 123, 53
51, 99, 124, 32
51, 164, 124, 64
51, 390, 124, 92
51, 135, 124, 11
51, 41, 124, 44
51, 105, 124, 31
51, 395, 124, 20
51, 236, 124, 93
51, 204, 124, 38
51, 84, 124, 43
51, 93, 124, 20
51, 319, 124, 94
51, 160, 125, 44
51, 354, 125, 16
51, 40, 125, 37
51, 395, 125, 20
51, 398, 125, 26
51, 271, 125, 27
51, 247, 125, 17
51, 154, 125, 54
51, 219, 125, 52
51, 353, 126, 28
51, 385, 126, 31
51, 196, 126, 34
51, 389, 126, 37
51, 364, 126, 89
51, 112, 126, 69
51, 209, 126, 54
51, 178, 126, 84
51, 18, 126, 71
51, 116, 126, 89
51, 144, 126, 47
51, 369, 126, 23
51, 176, 126, 89
51, 313, 126, 89
51, 286, 126, 35
51, 129, 127, 83
51, 6, 127, 11
51, 296, 127, 59
51, 264, 127, 2
51, 104, 127, 33
51, 250, 127, 92
51, 141, 127, 47
51, 271, 127, 27
51, 47, 127, 64
51, 81, 127, 68
51, 305, 127, 99
51, 213, 127, 100
51, 374, 127, 57
51, 314, 127, 42
51, 124, 127, 59
51, 349, 127, 52
51, 190, 127, 12
51, 355, 128, 33
51, 390, 128, 92
51, 170, 128, 63
51, 235, 128, 80
51, 76, 128, 95
51, 303, 128, 13
51, 369, 128, 23
51, 20, 128, 26
51, 276, 128, 24
51, 148, 128, 49
51, 125, 128, 97
51, 254, 128, 68
51, 99, 129, 32
51, 36, 129, 98
51, 166, 129, 15
51, 264, 129, 2
51, 138, 129, 33
51, 368, 129, 64
51, 80, 129, 1
51, 338, 129, 29
51, 49, 129, 76
51, 112, 129, 69
51, 374, 129, 57
51, 248, 129, 89
51, 27, 129, 73
51, 130, 130, 99
51, 201, 130, 2
51, 138, 130, 33
51, 331, 130, 10
51, 335, 130, 48
51, 307, 130, 19
51, 157, 130, 40
51, 318, 130, 14
51, 350, 131, 37
51, 164, 131, 64
51, 228, 131, 37
51, 296, 131, 59
51, 41, 131, 44
51, 297, 131, 24
51, 171, 131, 68
51, 10, 131, 13
51, 40, 131, 37
51, 141, 131, 47
51, 397, 131, 9
51, 16, 131, 23
51, 91, 131, 77
51, 51, 131, 33
51, 85, 131, 28
51, 278, 131, 31
51, 123, 131, 5
51, 286, 131, 35
51, 256, 132, 82
51, 104, 132, 33
51, 12, 132, 67
51, 208, 132, 10
51, 18, 132, 71
51, 286, 132, 35
51, 160, 133, 44
51, 35, 133, 44
51, 131, 133, 70
51, 134, 133, 26
51, 295, 133, 73
51, 392, 133, 17
51, 393, 133, 44
51, 136, 133, 95
51, 7, 133, 84
51, 73, 133, 24
51, 301, 133, 32
51, 207, 133, 51
51, 112, 133, 69
51, 55, 133, 36
51, 215, 133, 14
51, 131, 134, 70
51, 262, 134, 15
51, 264, 134, 2
51, 265, 134, 90
51, 120, 134, 41
51, 288, 135, 70
51, 90, 135, 23
51, 263, 135, 85
51, 42, 135, 5
51, 269, 135, 68
51, 238, 135, 20
51, 398, 135, 26
51, 80, 135, 1
51, 50, 135, 57
51, 20, 135, 26
51, 86, 135, 27
51, 55, 135, 36
51, 184, 135, 83
51, 377, 135, 62
51, 154, 135, 54
51, 157, 135, 40
51, 5, 136, 71
51, 390, 136, 92
51, 264, 136, 2
51, 288, 136, 70
51, 291, 136, 50
51, 37, 136, 50
51, 42, 136, 5
51, 300, 136, 23
51, 174, 136, 83
51, 315, 136, 13
51, 63, 136, 44
51, 74, 136, 97
51, 203, 136, 48
51, 339, 136, 24
51, 342, 136, 21
51, 344, 136, 26
51, 111, 136, 93
51, 374, 136, 57
51, 121, 136, 68
51, 379, 136, 19
51, 256, 137, 82
51, 130, 137, 99
51, 394, 137, 78
51, 12, 137, 67
51, 165, 137, 27
51, 293, 137, 45
51, 295, 137, 73
51, 43, 137, 18
51, 181, 137, 56
51, 311, 137, 65
51, 56, 137, 23
51, 184, 137, 83
51, 65, 137, 44
51, 77, 137, 91
51, 79, 137, 4
51, 80, 137, 1
51, 350, 137, 37
51, 230, 137, 68
51, 366, 137, 1
51, 225, 138, 49
51, 101, 138, 19
51, 261, 138, 63
51, 72, 138, 62
51, 137, 138, 78
51, 42, 138, 5
51, 233, 138, 99
51, 303, 138, 13
51, 336, 138, 72
51, 306, 138, 18
51, 51, 138, 33
51, 84, 138, 43
51, 213, 138, 100
51, 252, 138, 12
51, 24, 138, 37
51, 284, 138, 46
51, 158, 138, 21
51, 288, 139, 70
51, 70, 139, 53
51, 45, 139, 48
51, 83, 139, 62
51, 120, 139, 41
51, 380, 139, 59
51, 382, 139, 57
51, 258, 140, 79
51, 98, 140, 9
51, 325, 140, 95
51, 294, 140, 46
51, 265, 140, 90
51, 363, 140, 98
51, 13, 140, 80
51, 304, 140, 98
51, 145, 140, 87
51, 117, 140, 30
51, 342, 140, 21
51, 158, 140, 21
51, 31, 140, 35
51, 32, 141, 10
51, 99, 141, 32
51, 100, 141, 56
51, 68, 141, 29
51, 262, 141, 15
51, 359, 141, 53
51, 201, 141, 2
51, 74, 141, 97
51, 303, 141, 13
51, 212, 141, 12
51, 245, 141, 17
51, 55, 141, 36
51, 121, 141, 68
51, 90, 141, 23
51, 123, 141, 5
51, 349, 141, 52
51, 191, 141, 25
51, 355, 142, 33
51, 196, 142, 34
51, 103, 142, 73
51, 296, 142, 59
51, 41, 142, 44
51, 394, 142, 78
51, 107, 142, 40
51, 10, 142, 13
51, 399, 142, 64
51, 310, 142, 25
51, 311, 142, 65
51, 257, 143, 63
51, 130, 143, 99
51, 262, 143, 15
51, 268, 143, 94
51, 398, 143, 26
51, 56, 143, 23
51, 185, 143, 1
51, 186, 143, 85
51, 187, 143, 100
51, 316, 143, 15
51, 61, 143, 63
51, 317, 143, 70
51, 63, 143, 44
51, 325, 143, 95
51, 338, 143, 29
51, 210, 143, 16
51, 357, 143, 43
51, 104, 143, 33
51, 247, 143, 17
51, 125, 143, 97
51, 160, 144, 44
51, 321, 144, 76
51, 354, 144, 16
51, 192, 144, 15
51, 36, 144, 98
51, 69, 144, 27
51, 264, 144, 2
51, 43, 144, 18
51, 141, 144, 47
51, 174, 144, 83
51, 398, 144, 26
51, 270, 144, 29
51, 145, 144, 87
51, 83, 144, 62
51, 186, 144, 85
51, 283, 144, 79
51, 28, 144, 66
51, 253, 144, 86
51, 160, 145, 44
51, 384, 145, 57
51, 69, 145, 27
51, 358, 145, 41
51, 167, 145, 25
51, 72, 145, 62
51, 329, 145, 3
51, 272, 145, 69
51, 177, 145, 49
51, 277, 145, 12
51, 55, 145, 36
51, 312, 145, 32
51, 27, 145, 73
51, 60, 145, 82
51, 317, 145, 70
51, 225, 146, 49
51, 98, 146, 9
51, 324, 146, 40
51, 105, 146, 31
51, 301, 146, 32
51, 14, 146, 2
51, 304, 146, 98
51, 98, 147, 9
51, 217, 147, 8
51, 198, 147, 61
51, 71, 147, 49
51, 233, 147, 99
51, 300, 147, 23
51, 44, 147, 7
51, 206, 147, 40
51, 368, 147, 64
51, 338, 147, 29
51, 377, 147, 62
51, 251, 147, 96
51, 190, 147, 12
51, 383, 147, 72
51, 128, 148, 70
51, 4, 148, 100
51, 357, 148, 43
51, 361, 148, 41
51, 181, 148, 56
51, 313, 148, 89
51, 187, 148, 100
51, 289, 149, 40
51, 354, 149, 16
51, 6, 149, 11
51, 199, 149, 12
51, 391, 149, 8
51, 366, 149, 1
51, 273, 149, 30
51, 178, 149, 84
51, 179, 149, 22
51, 119, 149, 36
51, 21, 149, 91
51, 215, 149, 14
51, 58, 149, 56
51, 251, 149, 96
51, 0, 150, 92
51, 257, 150, 63
51, 263, 150, 85
51, 397, 150, 9
51, 143, 150, 99
51, 146, 150, 31
51, 338, 150, 29
51, 148, 150, 49
51, 373, 150, 44
51, 118, 150, 71
51, 152, 150, 59
51, 60, 150, 82
51, 189, 150, 23
51, 382, 150, 57
51, 352, 151, 7
51, 385, 151, 31
51, 323, 151, 12
51, 8, 151, 3
51, 200, 151, 23
51, 75, 151, 56
51, 45, 151, 48
51, 147, 151, 53
51, 321, 152, 76
51, 194, 152, 79
51, 386, 152, 68
51, 281, 152, 14
51, 391, 152, 8
51, 42, 152, 5
51, 144, 152, 47
51, 273, 152, 30
51, 151, 152, 26
51, 183, 152, 6
51, 319, 152, 94
51, 130, 153, 99
51, 67, 153, 70
51, 166, 153, 15
51, 199, 153, 12
51, 136, 153, 95
51, 106, 153, 51
51, 76, 153, 95
51, 269, 153, 68
51, 335, 153, 48
51, 112, 153, 69
51, 145, 153, 87
51, 249, 153, 2
51, 188, 153, 47
51, 287, 153, 55
51, 256, 154, 82
51, 33, 154, 3
51, 1, 154, 14
51, 227, 154, 98
51, 163, 154, 78
51, 46, 154, 8
51, 334, 154, 82
51, 19, 154, 27
51, 211, 154, 76
51, 372, 154, 55
51, 214, 154, 66
51, 87, 154, 2
51, 376, 154, 45
51, 86, 154, 27
51, 212, 154, 12
51, 123, 154, 5
51, 156, 154, 29
51, 126, 154, 75
51, 128, 155, 70
51, 161, 155, 99
51, 35, 155, 44
51, 3, 155, 77
51, 100, 155, 56
51, 264, 155, 2
51, 123, 155, 5
51, 108, 155, 19
51, 112, 155, 69
51, 50, 155, 57
51, 279, 155, 20
51, 120, 155, 41
51, 315, 155, 13
51, 316, 155, 15
51, 254, 155, 68
51, 209, 156, 54
51, 149, 156, 89
51, 214, 156, 66
51, 216, 156, 23
51, 90, 156, 23
51, 123, 156, 5
51, 159, 157, 10
51, 259, 157, 21
51, 228, 157, 37
51, 37, 157, 50
51, 297, 157, 24
51, 170, 157, 63
51, 171, 157, 68
51, 14, 157, 2
51, 81, 157, 68
51, 338, 157, 29
51, 379, 157, 19
51, 211, 157, 76
51, 373, 157, 44
51, 374, 157, 57
51, 91, 157, 77
51, 92, 157, 61
51, 30, 157, 45
51, 63, 157, 44
51, 226, 158, 10
51, 198, 158, 61
51, 328, 158, 100
51, 169, 158, 91
51, 185, 158, 1
51, 323, 159, 12
51, 167, 159, 25
51, 231, 159, 29
51, 394, 159, 78
51, 77, 159, 91
51, 15, 159, 94
51, 305, 159, 99
51, 18, 159, 71
51, 51, 159, 33
51, 241, 159, 10
51, 0, 160, 92
51, 99, 160, 32
51, 328, 160, 100
51, 331, 160, 10
51, 82, 160, 93
51, 114, 160, 32
51, 51, 160, 33
51, 261, 161, 63
51, 331, 161, 10
51, 44, 161, 7
51, 239, 161, 71
51, 272, 161, 69
51, 209, 161, 54
51, 50, 161, 57
51, 177, 161, 49
51, 20, 161, 26
51, 279, 161, 20
51, 56, 161, 23
51, 282, 161, 44
51, 123, 161, 5
51, 158, 161, 21
51, 36, 162, 98
51, 37, 162, 50
51, 294, 162, 46
51, 358, 162, 41
51, 186, 162, 85
51, 359, 162, 53
51, 362, 162, 55
51, 4, 162, 100
51, 263, 162, 85
51, 368, 162, 64
51, 51, 162, 33
51, 58, 162, 56
51, 283, 162, 79
51, 316, 162, 15
51, 62, 162, 39
51, 319, 162, 94
51, 392, 163, 17
51, 297, 163, 24
51, 265, 163, 90
51, 139, 163, 20
51, 396, 163, 63
51, 207, 163, 51
51, 247, 163, 17
51, 314, 163, 42
51, 60, 163, 82
51, 311, 163, 65
51, 160, 164, 44
51, 67, 164, 70
51, 330, 164, 91
51, 110, 164, 77
51, 152, 164, 59
51, 347, 164, 20
51, 290, 165, 15
51, 263, 165, 85
51, 361, 165, 41
51, 140, 165, 33
51, 49, 165, 76
51, 84, 165, 43
51, 309, 165, 96
51, 217, 165, 8
51, 382, 165, 57
51, 194, 166, 79
51, 131, 166, 70
51, 389, 166, 37
51, 199, 166, 12
51, 168, 166, 53
51, 218, 166, 58
51, 169, 166, 91
51, 268, 166, 94
51, 307, 166, 19
51, 154, 166, 54
51, 60, 166, 82
51, 320, 167, 31
51, 384, 167, 57
51, 386, 167, 68
51, 67, 167, 70
51, 292, 167, 71
51, 194, 167, 79
51, 40, 167, 37
51, 299, 167, 24
51, 300, 167, 23
51, 76, 167, 95
51, 209, 167, 54
51, 82, 167, 93
51, 55, 167, 36
51, 313, 167, 89
51, 58, 167, 56
51, 347, 167, 20
51, 252, 167, 12
51, 289, 168, 40
51, 230, 168, 68
51, 103, 168, 73
51, 328, 168, 100
51, 296, 168, 59
51, 390, 168, 92
51, 44, 168, 7
51, 140, 168, 33
51, 251, 168, 96
51, 283, 168, 79
51, 47, 168, 64
51, 83, 168, 62
51, 340, 168, 21
51, 247, 168, 17
51, 378, 168, 94
51, 59, 168, 20
51, 63, 168, 44
51, 1, 169, 14
51, 389, 169, 37
51, 5, 169, 71
51, 139, 169, 20
51, 17, 169, 55
51, 38, 169, 71
51, 175, 169, 81
51, 312, 169, 32
51, 187, 169, 100
51, 71, 169, 49
51, 327, 169, 57
51, 330, 169, 91
51, 213, 169, 100
51, 92, 169, 61
51, 357, 169, 43
51, 359, 169, 53
51, 109, 169, 51
51, 114, 169, 32
51, 381, 169, 77
51, 384, 170, 57
51, 323, 170, 12
51, 356, 170, 99
51, 387, 170, 78
51, 390, 170, 92
51, 230, 170, 68
51, 233, 170, 99
51, 59, 170, 20
51, 169, 170, 91
51, 368, 170, 64
51, 17, 170, 55
51, 252, 170, 12
51, 245, 170, 17
51, 254, 170, 68
51, 315, 170, 13
51, 188, 170, 47
51, 125, 170, 97
51, 190, 170, 12
51, 142, 171, 30
51, 144, 171, 47
51, 273, 171, 30
51, 150, 171, 68
51, 282, 171, 44
51, 164, 171, 64
51, 43, 171, 18
51, 45, 171, 48
51, 309, 171, 96
51, 55, 171, 36
51, 312, 171, 32
51, 193, 171, 13
51, 66, 171, 46
51, 69, 171, 27
51, 78, 171, 35
51, 349, 171, 52
51, 356, 171, 99
51, 114, 171, 32
51, 245, 171, 17
51, 119, 171, 36
51, 64, 172, 74
51, 236, 172, 93
51, 79, 172, 4
51, 277, 172, 12
51, 250, 172, 92
51, 285, 172, 62
51, 190, 172, 12
51, 96, 173, 100
51, 388, 173, 98
51, 359, 173, 53
51, 170, 173, 63
51, 138, 173, 33
51, 347, 173, 20
51, 129, 174, 83
51, 398, 174, 26
51, 272, 174, 69
51, 27, 174, 73
51, 285, 174, 62
51, 33, 174, 3
51, 310, 174, 25
51, 312, 174, 32
51, 58, 174, 56
51, 60, 174, 82
51, 200, 174, 23
51, 341, 174, 60
51, 343, 174, 40
51, 91, 174, 77
51, 359, 174, 53
51, 108, 174, 19
51, 372, 174, 55
51, 119, 174, 36
51, 250, 174, 92
51, 127, 174, 22
51, 193, 175, 13
51, 197, 175, 12
51, 6, 175, 11
51, 359, 175, 53
51, 199, 175, 12
51, 203, 175, 48
51, 211, 175, 76
51, 179, 175, 22
51, 373, 175, 44
51, 216, 175, 23
51, 345, 175, 72
51, 218, 175, 58
51, 27, 175, 73
51, 317, 175, 70
51, 223, 175, 19
51, 1, 176, 14
51, 258, 176, 79
51, 3, 176, 77
51, 392, 176, 17
51, 393, 176, 44
51, 139, 176, 20
51, 37, 176, 50
51, 294, 176, 46
51, 39, 176, 25
51, 313, 176, 89
51, 189, 176, 23
51, 64, 176, 74
51, 194, 176, 79
51, 103, 176, 73
51, 362, 176, 55
51, 108, 176, 19
51, 364, 176, 89
51, 372, 176, 55
51, 119, 176, 36
51, 251, 176, 96
51, 96, 177, 100
51, 67, 177, 70
51, 68, 177, 29
51, 326, 177, 8
51, 295, 177, 73
51, 296, 177, 59
51, 41, 177, 44
51, 364, 177, 89
51, 396, 177, 63
51, 80, 177, 1
51, 341, 177, 60
51, 149, 177, 89
51, 183, 177, 6
51, 91, 177, 77
51, 133, 178, 25
51, 264, 178, 2
51, 140, 178, 33
51, 151, 178, 26
51, 25, 178, 60
51, 160, 178, 44
51, 290, 178, 15
51, 291, 178, 50
51, 171, 178, 68
51, 173, 178, 1
51, 60, 178, 82
51, 334, 178, 82
51, 207, 178, 51
51, 224, 178, 56
51, 362, 178, 55
51, 110, 178, 77
51, 115, 178, 35
51, 245, 178, 17
51, 378, 178, 94
51, 123, 178, 5
51, 257, 179, 63
51, 1, 179, 14
51, 97, 179, 54
51, 332, 179, 54
51, 302, 179, 99
51, 145, 179, 87
51, 306, 179, 18
51, 116, 179, 89
51, 184, 179, 83
51, 157, 179, 40
51, 23, 179, 34
51, 376, 179, 45
51, 57, 179, 7
51, 346, 179, 26
51, 252, 179, 12
51, 29, 179, 96
51, 94, 179, 53
51, 291, 180, 50
51, 326, 180, 8
51, 7, 180, 84
51, 233, 180, 99
51, 273, 180, 30
51, 299, 181, 24
51, 141, 181, 47
51, 340, 181, 21
51, 85, 181, 28
51, 185, 181, 1
51, 218, 181, 58
51, 257, 182, 63
51, 238, 182, 20
51, 337, 182, 13
51, 248, 182, 89
51, 154, 182, 54
51, 64, 183, 74
51, 185, 183, 1
51, 197, 183, 12
51, 38, 183, 71
51, 174, 183, 83
51, 368, 183, 64
51, 369, 183, 23
51, 339, 183, 24
51, 377, 183, 62
51, 157, 183, 40
51, 128, 184, 70
51, 387, 184, 78
51, 11, 184, 4
51, 141, 184, 47
51, 14, 184, 2
51, 371, 184, 51
51, 339, 184, 24
51, 20, 184, 26
51, 189, 184, 23
51, 263, 185, 85
51, 268, 185, 94
51, 270, 185, 29
51, 22, 185, 5
51, 163, 185, 78
51, 40, 185, 37
51, 172, 185, 34
51, 45, 185, 48
51, 313, 185, 89
51, 320, 185, 31
51, 325, 185, 95
51, 327, 185, 57
51, 332, 185, 54
51, 81, 185, 68
51, 93, 185, 20
51, 95, 185, 19
51, 104, 185, 33
51, 366, 185, 1
51, 245, 185, 17
51, 252, 185, 12
51, 292, 186, 71
51, 100, 186, 56
51, 327, 186, 57
51, 8, 186, 3
51, 71, 186, 49
51, 377, 186, 62
51, 179, 186, 22
51, 308, 186, 67
51, 310, 186, 25
51, 57, 186, 7
51, 27, 186, 73
51, 36, 187, 98
51, 200, 187, 23
51, 173, 187, 1
51, 279, 187, 20
51, 180, 187, 99
51, 85, 187, 28
51, 247, 187, 17
51, 188, 187, 47
51, 125, 187, 97
51, 194, 188, 79
51, 35, 188, 44
51, 326, 188, 8
51, 103, 188, 73
51, 75, 188, 56
51, 300, 188, 23
51, 236, 188, 93
51, 151, 188, 26
51, 0, 189, 92
51, 321, 189, 76
51, 280, 189, 49
51, 260, 189, 36
51, 231, 189, 29
51, 168, 189, 53
51, 41, 189, 44
51, 398, 189, 26
51, 48, 189, 23
51, 274, 189, 20
51, 85, 189, 28
51, 21, 189, 91
51, 343, 189, 40
51, 312, 189, 32
51, 28, 189, 66
51, 135, 190, 11
51, 72, 190, 62
51, 137, 190, 78
51, 329, 190, 3
51, 331, 190, 10
51, 204, 190, 38
51, 208, 190, 10
51, 370, 190, 2
51, 55, 190, 36
51, 312, 190, 32
51, 217, 190, 8
51, 154, 190, 54
51, 30, 190, 45
51, 266, 191, 32
51, 269, 191, 68
51, 14, 191, 2
51, 35, 191, 44
51, 36, 191, 98
51, 45, 191, 48
51, 176, 191, 89
51, 311, 191, 65
51, 317, 191, 70
51, 193, 191, 13
51, 73, 191, 24
51, 202, 191, 84
51, 207, 191, 51
51, 351, 191, 52
51, 99, 191, 32
51, 231, 191, 29
51, 233, 191, 99
51, 236, 191, 93
51, 372, 191, 55
51, 250, 191, 92
51, 194, 192, 79
51, 132, 192, 62
51, 261, 192, 63
51, 331, 192, 10
51, 77, 192, 91
51, 14, 192, 2
51, 303, 192, 13
51, 55, 192, 36
51, 25, 192, 60
51, 284, 192, 46
51, 158, 192, 21
51, 192, 193, 15
51, 164, 193, 64
51, 363, 193, 98
51, 208, 193, 10
51, 213, 193, 100
51, 53, 193, 62
51, 310, 193, 25
51, 379, 193, 19
51, 387, 194, 78
51, 231, 194, 29
51, 104, 194, 33
51, 335, 194, 48
51, 23, 194, 34
51, 345, 194, 72
51, 381, 194, 77
51, 2, 195, 47
51, 388, 195, 98
51, 358, 195, 41
51, 263, 195, 85
51, 302, 195, 99
51, 22, 195, 5
51, 157, 195, 40
51, 190, 195, 12
51, 393, 196, 44
51, 398, 196, 26
51, 270, 196, 29
51, 18, 196, 71
51, 22, 196, 5
51, 155, 196, 83
51, 171, 196, 68
51, 174, 196, 83
51, 307, 196, 19
51, 311, 196, 65
51, 195, 196, 24
51, 69, 196, 27
51, 327, 196, 57
51, 73, 196, 24
51, 335, 196, 48
51, 222, 196, 35
51, 234, 196, 92
51, 245, 196, 17
51, 382, 196, 57
51, 128, 197, 70
51, 354, 197, 16
51, 323, 197, 12
51, 351, 197, 52
51, 8, 197, 3
51, 360, 197, 52
51, 272, 197, 69
51, 145, 197, 87
51, 338, 197, 29
51, 375, 197, 50
51, 280, 197, 49
51, 159, 197, 10
51, 256, 198, 82
51, 64, 198, 74
51, 323, 198, 12
51, 163, 198, 78
51, 262, 198, 15
51, 39, 198, 25
51, 8, 198, 3
51, 168, 198, 53
51, 12, 198, 67
51, 187, 198, 100
51, 368, 198, 64
51, 372, 198, 55
51, 278, 198, 31
51, 155, 198, 83
51, 189, 198, 23
51, 63, 198, 44
51, 66, 199, 46
51, 35, 199, 44
51, 365, 199, 1
51, 367, 199, 51
51, 341, 199, 60
51, 120, 199, 41
51, 26, 199, 82
