200, 400, 20
20, 196, 0, 94
20, 165, 0, 67
20, 295, 0, 69
20, 107, 0, 29
20, 140, 0, 93
20, 396, 0, 94
20, 238, 0, 22
20, 175, 0, 74
20, 144, 0, 62
20, 28, 0, 38
20, 351, 0, 6
20, 97, 1, 11
20, 34, 1, 54
20, 262, 1, 97
20, 351, 1, 6
20, 251, 1, 29
20, 83, 1, 33
20, 180, 1, 93
20, 22, 1, 39
20, 54, 1, 90
20, 283, 1, 13
20, 93, 1, 88
20, 287, 1, 22
20, 384, 2, 76
20, 353, 2, 76
20, 322, 2, 54
20, 192, 2, 12
20, 36, 2, 15
20, 3, 2, 15
20, 167, 2, 50
20, 330, 2, 2
20, 267, 2, 77
20, 395, 2, 76
20, 48, 2, 11
20, 84, 2, 98
20, 311, 2, 20
20, 191, 2, 100
20, 259, 3, 47
20, 203, 3, 17
20, 368, 3, 20
20, 243, 3, 13
20, 247, 3, 72
20, 131, 4, 44
20, 132, 4, 58
20, 297, 4, 48
20, 336, 4, 3
20, 273, 4, 94
20, 114, 4, 87
20, 81, 4, 31
20, 53, 4, 79
20, 377, 4, 65
20, 26, 4, 84
20, 190, 4, 38
20, 67, 5, 78
20, 132, 5, 58
20, 38, 5, 11
20, 167, 5, 50
20, 136, 5, 69
20, 233, 5, 56
20, 266, 5, 66
20, 45, 5, 44
20, 78, 5, 68
20, 207, 5, 85
20, 192, 6, 12
20, 321, 6, 48
20, 224, 6, 99
20, 386, 6, 69
20, 132, 6, 58
20, 389, 6, 22
20, 200, 6, 12
20, 393, 6, 66
20, 332, 6, 36
20, 77, 6, 26
20, 173, 6, 54
20, 239, 6, 57
20, 182, 6, 1
20, 87, 6, 74
20, 62, 6, 80
20, 282, 6, 2
20, 158, 6, 53
20, 261, 7, 45
20, 390, 7, 77
20, 8, 7, 82
20, 233, 7, 56
20, 361, 7, 87
20, 236, 7, 9
20, 300, 7, 41
20, 205, 7, 18
20, 367, 7, 26
20, 241, 7, 83
20, 178, 7, 37
20, 312, 7, 37
20, 281, 7, 73
20, 90, 7, 91
20, 251, 7, 29
20, 156, 7, 31
20, 93, 7, 88
20, 203, 8, 17
20, 173, 8, 54
20, 335, 8, 37
20, 215, 8, 99
20, 216, 8, 25
20, 284, 8, 84
20, 290, 9, 66
20, 169, 9, 21
20, 235, 9, 7
20, 300, 9, 41
20, 338, 9, 61
20, 309, 9, 41
20, 123, 9, 3
20, 65, 10, 98
20, 3, 10, 15
20, 132, 10, 58
20, 165, 10, 67
20, 108, 10, 25
20, 332, 10, 36
20, 308, 10, 59
20, 309, 10, 41
20, 386, 11, 69
20, 58, 11, 71
20, 388, 11, 99
20, 391, 11, 88
20, 104, 11, 82
20, 168, 11, 14
20, 10, 11, 20
20, 250, 11, 29
20, 395, 11, 76
20, 304, 11, 42
20, 18, 11, 78
20, 341, 11, 63
20, 86, 11, 62
20, 151, 11, 51
20, 281, 11, 73
20, 378, 11, 88
20, 379, 11, 93
20, 126, 11, 37
20, 263, 12, 84
20, 13, 12, 68
20, 270, 12, 46
20, 272, 12, 52
20, 159, 12, 47
20, 31, 12, 84
20, 41, 12, 31
20, 170, 12, 7
20, 303, 12, 83
20, 48, 12, 11
20, 177, 12, 36
20, 315, 12, 51
20, 317, 12, 62
20, 66, 12, 48
20, 201, 12, 19
20, 337, 12, 42
20, 224, 12, 99
20, 102, 12, 25
20, 379, 12, 93
20, 224, 13, 99
20, 193, 13, 22
20, 223, 13, 87
20, 34, 13, 54
20, 323, 13, 47
20, 101, 13, 48
20, 225, 13, 4
20, 320, 13, 76
20, 75, 13, 18
20, 335, 13, 37
20, 80, 13, 16
20, 252, 13, 82
20, 342, 13, 44
20, 379, 13, 93
20, 124, 13, 90
20, 29, 13, 76
20, 63, 13, 56
20, 353, 14, 76
20, 165, 14, 67
20, 70, 14, 26
20, 104, 14, 82
20, 203, 14, 17
20, 340, 14, 21
20, 309, 14, 41
20, 311, 14, 20
20, 284, 14, 84
20, 157, 14, 57
20, 352, 15, 90
20, 289, 15, 17
20, 258, 15, 40
20, 132, 15, 58
20, 358, 15, 95
20, 135, 15, 65
20, 41, 15, 31
20, 233, 15, 56
20, 363, 15, 59
20, 300, 15, 41
20, 303, 15, 83
20, 304, 15, 42
20, 113, 15, 72
20, 55, 15, 78
20, 280, 15, 43
20, 25, 15, 22
20, 62, 15, 80
20, 392, 16, 53
20, 265, 16, 83
20, 139, 16, 12
20, 146, 16, 73
20, 32, 16, 50
20, 295, 16, 69
20, 44, 16, 14
20, 303, 16, 83
20, 47, 16, 60
20, 185, 16, 99
20, 189, 16, 25
20, 194, 16, 48
20, 200, 16, 12
20, 201, 16, 19
20, 347, 16, 47
20, 349, 16, 67
20, 228, 16, 34
20, 230, 16, 56
20, 113, 16, 72
20, 372, 16, 36
20, 1, 17, 74
20, 227, 17, 58
20, 264, 17, 7
20, 265, 17, 83
20, 75, 17, 18
20, 396, 17, 94
20, 365, 17, 2
20, 142, 17, 82
20, 381, 17, 93
20, 384, 18, 76
20, 6, 18, 28
20, 17, 18, 96
20, 147, 18, 60
20, 277, 18, 49
20, 279, 18, 73
20, 155, 18, 100
20, 171, 18, 22
20, 307, 18, 15
20, 182, 18, 1
20, 187, 18, 88
20, 62, 18, 80
20, 193, 18, 22
20, 325, 18, 5
20, 74, 18, 89
20, 207, 18, 85
20, 225, 18, 4
20, 229, 18, 26
20, 380, 18, 96
20, 162, 19, 26
20, 233, 19, 56
20, 170, 19, 7
20, 272, 19, 52
20, 308, 19, 59
20, 181, 19, 90
20, 150, 19, 93
20, 219, 19, 64
20, 188, 19, 23
20, 221, 19, 95
20, 94, 19, 86
20, 95, 19, 88
20, 385, 20, 98
20, 98, 20, 34
20, 295, 20, 69
20, 73, 20, 69
20, 44, 20, 14
20, 13, 20, 68
20, 208, 20, 60
20, 17, 20, 96
20, 309, 20, 41
20, 182, 20, 1
20, 216, 20, 25
20, 185, 20, 99
20, 285, 20, 16
20, 223, 20, 87
20, 0, 21, 6
20, 39, 21, 35
20, 266, 21, 66
20, 234, 21, 28
20, 363, 21, 59
20, 139, 21, 12
20, 110, 21, 99
20, 11, 21, 5
20, 202, 21, 9
20, 367, 21, 26
20, 61, 21, 89
20, 116, 21, 67
20, 308, 21, 59
20, 244, 21, 37
20, 89, 21, 73
20, 316, 21, 43
20, 29, 21, 76
20, 31, 21, 84
20, 32, 22, 50
20, 133, 22, 23
20, 77, 22, 26
20, 22, 22, 39
20, 56, 22, 84
20, 129, 23, 54
20, 163, 23, 64
20, 40, 23, 23
20, 138, 23, 97
20, 202, 23, 9
20, 76, 23, 9
20, 269, 23, 54
20, 219, 23, 64
20, 91, 23, 17
20, 20, 23, 53
20, 84, 23, 98
20, 59, 23, 94
20, 349, 23, 67
20, 381, 23, 93
20, 2, 24, 13
20, 9, 24, 64
20, 141, 24, 50
20, 399, 24, 84
20, 146, 24, 73
20, 24, 24, 29
20, 282, 24, 2
20, 28, 24, 38
20, 294, 24, 96
20, 42, 24, 36
20, 184, 24, 60
20, 62, 24, 80
20, 77, 24, 26
20, 83, 24, 33
20, 219, 24, 64
20, 356, 24, 71
20, 364, 24, 86
20, 121, 24, 92
20, 382, 24, 26
20, 261, 25, 45
20, 262, 25, 97
20, 267, 25, 77
20, 148, 25, 85
20, 155, 25, 100
20, 27, 25, 7
20, 164, 25, 80
20, 172, 25, 57
20, 302, 25, 51
20, 47, 25, 60
20, 58, 25, 71
20, 316, 25, 43
20, 195, 25, 31
20, 199, 25, 99
20, 85, 25, 70
20, 345, 25, 21
20, 349, 25, 67
20, 95, 25, 88
20, 226, 25, 9
20, 244, 25, 37
20, 137, 26, 56
20, 42, 26, 36
20, 106, 26, 29
20, 398, 26, 32
20, 111, 26, 43
20, 79, 26, 31
20, 210, 26, 54
20, 116, 26, 67
20, 344, 26, 77
20, 25, 26, 22
20, 35, 27, 40
20, 355, 27, 77
20, 3, 27, 15
20, 134, 27, 7
20, 333, 27, 31
20, 349, 27, 67
20, 80, 27, 16
20, 113, 27, 72
20, 304, 27, 42
20, 147, 27, 60
20, 370, 27, 68
20, 342, 27, 44
20, 217, 27, 94
20, 27, 27, 7
20, 348, 27, 1
20, 317, 27, 62
20, 37, 28, 28
20, 168, 28, 14
20, 298, 28, 35
20, 170, 28, 7
20, 43, 28, 13
20, 140, 28, 93
20, 397, 28, 83
20, 82, 28, 57
20, 243, 28, 13
20, 54, 28, 90
20, 57, 28, 31
20, 59, 28, 94
20, 284, 28, 84
20, 191, 28, 100
20, 96, 29, 100
20, 98, 29, 34
20, 235, 29, 7
20, 377, 29, 65
20, 191, 29, 100
20, 65, 30, 98
20, 356, 30, 71
20, 388, 30, 99
20, 231, 30, 23
20, 41, 30, 31
20, 138, 30, 97
20, 365, 30, 2
20, 144, 30, 62
20, 146, 30, 73
20, 307, 30, 15
20, 20, 30, 53
20, 316, 30, 43
20, 318, 30, 81
20, 227, 31, 58
20, 323, 31, 47
20, 168, 31, 14
20, 201, 31, 19
20, 329, 31, 28
20, 301, 31, 89
20, 369, 31, 79
20, 51, 31, 9
20, 213, 31, 37
20, 85, 31, 70
20, 23, 31, 63
20, 249, 31, 13
20, 95, 31, 88
20, 128, 32, 64
20, 289, 32, 17
20, 130, 32, 50
20, 198, 32, 86
20, 330, 32, 2
20, 204, 32, 54
20, 271, 32, 93
20, 216, 32, 25
20, 96, 33, 100
20, 98, 33, 34
20, 198, 33, 86
20, 201, 33, 19
20, 208, 33, 60
20, 54, 33, 90
20, 153, 33, 2
20, 122, 33, 45
20, 29, 33, 76
20, 324, 34, 86
20, 293, 34, 4
20, 132, 34, 58
20, 71, 34, 21
20, 392, 34, 53
20, 169, 34, 21
20, 394, 34, 48
20, 301, 34, 89
20, 365, 34, 2
20, 207, 34, 85
20, 114, 34, 87
20, 20, 34, 53
20, 374, 34, 42
20, 283, 34, 13
20, 317, 34, 62
20, 126, 34, 37
20, 256, 35, 26
20, 320, 35, 76
20, 202, 35, 9
20, 109, 35, 63
20, 238, 35, 22
20, 244, 35, 37
20, 280, 35, 43
20, 156, 35, 31
20, 32, 36, 50
20, 257, 36, 46
20, 258, 36, 40
20, 291, 36, 61
20, 132, 36, 58
20, 129, 36, 54
20, 262, 36, 97
20, 71, 36, 21
20, 295, 36, 69
20, 329, 36, 28
20, 74, 36, 89
20, 159, 36, 47
20, 13, 36, 68
20, 15, 36, 81
20, 306, 36, 8
20, 371, 36, 37
20, 29, 36, 76
20, 127, 36, 68
20, 195, 37, 31
20, 10, 37, 20
20, 363, 37, 59
20, 142, 37, 82
20, 82, 37, 57
20, 146, 37, 73
20, 277, 37, 49
20, 232, 38, 100
20, 363, 38, 59
20, 221, 38, 95
20, 382, 38, 26
20, 191, 38, 100
20, 100, 39, 58
20, 74, 39, 89
20, 331, 39, 15
20, 77, 39, 26
20, 338, 39, 61
20, 242, 39, 9
20, 150, 39, 93
20, 349, 39, 67
20, 382, 39, 26
20, 3, 40, 15
20, 295, 40, 69
20, 296, 40, 15
20, 236, 40, 9
20, 15, 40, 81
20, 59, 40, 94
20, 190, 40, 38
20, 318, 41, 81
20, 153, 41, 2
20, 390, 41, 77
20, 166, 41, 78
20, 30, 41, 26
20, 86, 41, 62
20, 87, 41, 74
20, 151, 41, 51
20, 89, 41, 73
20, 190, 41, 38
20, 286, 41, 51
20, 323, 42, 47
20, 303, 42, 83
20, 80, 42, 16
20, 51, 42, 9
20, 151, 42, 51
20, 219, 42, 64
20, 156, 42, 31
20, 319, 42, 46
20, 293, 43, 4
20, 326, 43, 16
20, 360, 43, 96
20, 105, 43, 18
20, 234, 43, 28
20, 74, 43, 89
20, 398, 43, 32
20, 176, 43, 33
20, 370, 43, 68
20, 19, 43, 65
20, 307, 43, 15
20, 342, 43, 44
20, 343, 43, 21
20, 377, 43, 65
20, 58, 43, 71
20, 160, 44, 12
20, 0, 44, 6
20, 34, 44, 54
20, 192, 44, 12
20, 97, 44, 11
20, 389, 44, 22
20, 166, 44, 78
20, 165, 44, 67
20, 141, 44, 50
20, 334, 44, 24
20, 337, 44, 42
20, 115, 44, 3
20, 20, 44, 53
20, 21, 44, 16
20, 155, 44, 100
20, 94, 44, 86
20, 95, 44, 88
20, 2, 45, 13
20, 387, 45, 44
20, 133, 45, 23
20, 136, 45, 69
20, 377, 45, 65
20, 234, 45, 28
20, 168, 45, 14
20, 300, 45, 41
20, 205, 45, 18
20, 238, 45, 22
20, 143, 45, 98
20, 48, 45, 11
20, 15, 45, 81
20, 146, 45, 73
20, 57, 45, 31
20, 218, 45, 32
20, 28, 45, 38
20, 331, 46, 15
20, 395, 46, 76
20, 84, 46, 98
20, 218, 46, 32
20, 221, 46, 95
20, 163, 47, 64
20, 391, 47, 88
20, 45, 47, 44
20, 341, 47, 63
20, 23, 47, 63
20, 355, 48, 77
20, 35, 48, 40
20, 299, 48, 29
20, 22, 48, 39
20, 383, 48, 4
20, 352, 49, 90
20, 323, 49, 47
20, 100, 49, 58
20, 391, 49, 88
20, 233, 49, 56
20, 47, 49, 60
20, 273, 49, 94
20, 114, 49, 87
20, 372, 49, 36
20, 53, 49, 79
20, 181, 49, 90
20, 248, 49, 64
20, 28, 49, 38
20, 349, 49, 67
20, 286, 49, 51
20, 128, 50, 64
20, 289, 50, 17
20, 391, 50, 88
20, 327, 50, 12
20, 236, 50, 9
20, 77, 50, 26
20, 206, 50, 10
20, 398, 50, 32
20, 50, 50, 5
20, 19, 50, 65
20, 23, 50, 63
20, 180, 50, 93
20, 340, 50, 21
20, 119, 50, 23
20, 120, 50, 60
20, 215, 50, 99
20, 347, 50, 47
20, 160, 51, 12
20, 386, 51, 69
20, 354, 51, 89
20, 4, 51, 13
20, 322, 51, 54
20, 295, 51, 69
20, 72, 51, 56
20, 91, 51, 17
20, 304, 51, 42
20, 180, 51, 93
20, 245, 51, 28
20, 215, 51, 99
20, 121, 51, 92
20, 379, 51, 93
20, 225, 52, 4
20, 194, 52, 48
20, 353, 52, 76
20, 324, 52, 86
20, 36, 52, 15
20, 230, 52, 56
20, 262, 52, 97
20, 41, 52, 31
20, 274, 52, 61
20, 55, 52, 78
20, 343, 52, 21
20, 56, 52, 84
20, 94, 52, 86
20, 156, 52, 31
20, 350, 52, 76
20, 128, 53, 64
20, 136, 53, 69
20, 271, 53, 93
20, 275, 53, 55
20, 26, 53, 84
20, 283, 53, 13
20, 27, 53, 7
20, 169, 53, 21
20, 177, 53, 36
20, 58, 53, 71
20, 62, 53, 80
20, 321, 53, 48
20, 355, 53, 77
20, 102, 53, 25
20, 230, 53, 56
20, 236, 53, 9
20, 250, 53, 29
20, 380, 53, 96
20, 125, 53, 56
20, 259, 54, 47
20, 292, 54, 92
20, 168, 54, 14
20, 76, 54, 9
20, 335, 54, 37
20, 146, 54, 73
20, 179, 54, 22
20, 23, 54, 63
20, 157, 54, 57
20, 189, 54, 25
20, 54, 54, 90
20, 246, 54, 28
20, 93, 54, 88
20, 65, 55, 98
20, 227, 55, 58
20, 73, 55, 69
20, 17, 55, 96
20, 241, 55, 83
20, 18, 55, 78
20, 20, 55, 53
20, 309, 55, 41
20, 276, 55, 18
20, 53, 55, 79
20, 248, 55, 64
20, 217, 55, 94
20, 152, 55, 96
20, 190, 55, 38
20, 100, 56, 58
20, 324, 56, 86
20, 5, 56, 94
20, 40, 56, 23
20, 172, 56, 57
20, 113, 56, 72
20, 286, 56, 51
20, 129, 57, 54
20, 327, 57, 12
20, 42, 57, 36
20, 139, 57, 12
20, 13, 57, 68
20, 142, 57, 82
20, 175, 57, 74
20, 174, 57, 23
20, 337, 57, 42
20, 398, 57, 32
20, 308, 57, 59
20, 213, 57, 37
20, 216, 57, 25
20, 313, 57, 13
20, 56, 57, 84
20, 350, 57, 76
20, 258, 58, 40
20, 259, 58, 47
20, 328, 58, 87
20, 73, 58, 69
20, 140, 58, 93
20, 13, 58, 68
20, 15, 58, 81
20, 80, 58, 16
20, 85, 58, 70
20, 342, 58, 44
20, 310, 58, 61
20, 154, 58, 41
20, 321, 59, 48
20, 387, 59, 44
20, 102, 59, 25
20, 390, 59, 77
20, 264, 59, 7
20, 113, 59, 72
20, 339, 59, 54
20, 277, 59, 49
20, 341, 59, 63
20, 87, 59, 74
20, 184, 59, 60
20, 153, 59, 2
20, 88, 59, 8
20, 30, 59, 26
20, 344, 60, 77
20, 134, 60, 7
20, 235, 60, 7
20, 364, 60, 86
20, 371, 60, 37
20, 307, 60, 15
20, 24, 60, 29
20, 187, 60, 88
20, 252, 60, 82
20, 387, 61, 44
20, 136, 61, 69
20, 9, 61, 64
20, 329, 61, 28
20, 203, 61, 17
20, 42, 61, 36
20, 269, 61, 54
20, 206, 61, 10
20, 110, 61, 99
20, 81, 61, 31
20, 19, 61, 65
20, 147, 61, 60
20, 309, 61, 41
20, 88, 61, 8
20, 187, 61, 88
20, 382, 61, 26
20, 258, 62, 40
20, 5, 62, 94
20, 25, 62, 22
20, 154, 62, 41
20, 155, 62, 100
20, 43, 62, 13
20, 48, 62, 11
20, 309, 62, 41
20, 195, 62, 31
20, 88, 62, 8
20, 356, 62, 71
20, 229, 62, 26
20, 102, 62, 25
20, 235, 62, 7
20, 365, 62, 2
20, 113, 62, 72
20, 120, 62, 60
20, 249, 62, 13
20, 251, 62, 29
20, 124, 62, 90
20, 266, 63, 66
20, 143, 63, 98
20, 146, 63, 73
20, 21, 63, 16
20, 152, 63, 96
20, 28, 63, 38
20, 284, 63, 84
20, 31, 63, 84
20, 291, 63, 61
20, 44, 63, 14
20, 186, 63, 44
20, 190, 63, 38
20, 205, 63, 18
20, 80, 63, 16
20, 341, 63, 63
20, 94, 63, 86
20, 360, 63, 96
20, 113, 63, 72
20, 248, 63, 64
20, 353, 64, 76
20, 322, 64, 54
20, 66, 64, 48
20, 290, 64, 66
20, 328, 64, 87
20, 266, 64, 66
20, 331, 64, 15
20, 179, 64, 22
20, 52, 64, 9
20, 339, 64, 54
20, 22, 64, 39
20, 281, 64, 73
20, 317, 64, 62
20, 350, 64, 76
20, 352, 65, 90
20, 14, 65, 90
20, 177, 65, 36
20, 306, 65, 8
20, 308, 65, 59
20, 343, 65, 21
20, 279, 65, 73
20, 289, 66, 17
20, 294, 66, 96
20, 327, 66, 12
20, 298, 66, 35
20, 312, 66, 37
20, 0, 67, 6
20, 129, 67, 54
20, 34, 67, 54
20, 131, 67, 44
20, 68, 67, 98
20, 5, 67, 94
20, 332, 67, 36
20, 50, 67, 5
20, 31, 67, 84
20, 325, 68, 5
20, 9, 68, 64
20, 298, 68, 35
20, 397, 68, 83
20, 272, 68, 52
20, 253, 68, 10
20, 127, 68, 68
20, 386, 69, 69
20, 258, 69, 40
20, 196, 69, 94
20, 261, 69, 45
20, 69, 69, 19
20, 232, 69, 100
20, 41, 69, 31
20, 369, 69, 79
20, 82, 69, 57
20, 338, 69, 61
20, 379, 69, 93
20, 372, 69, 36
20, 310, 69, 61
20, 184, 69, 60
20, 315, 69, 51
20, 351, 69, 6
20, 233, 70, 56
20, 265, 70, 83
20, 363, 70, 59
20, 270, 70, 46
20, 142, 70, 82
20, 80, 70, 16
20, 143, 70, 98
20, 246, 70, 28
20, 343, 70, 21
20, 153, 70, 2
20, 382, 70, 26
20, 258, 71, 40
20, 7, 71, 63
20, 72, 71, 56
20, 137, 71, 56
20, 124, 71, 90
20, 370, 71, 68
20, 51, 71, 9
20, 146, 71, 73
20, 21, 71, 16
20, 280, 71, 43
20, 348, 71, 1
20, 96, 72, 100
20, 26, 72, 84
20, 300, 72, 41
20, 140, 72, 93
20, 237, 72, 41
20, 15, 72, 81
20, 211, 72, 63
20, 373, 72, 74
20, 254, 72, 77
20, 186, 72, 44
20, 27, 72, 7
20, 93, 72, 88
20, 62, 72, 80
20, 96, 73, 100
20, 193, 73, 22
20, 354, 73, 89
20, 35, 73, 40
20, 312, 73, 37
20, 133, 73, 23
20, 137, 73, 56
20, 302, 73, 51
20, 16, 73, 46
20, 305, 73, 1
20, 52, 73, 9
20, 182, 73, 1
20, 376, 73, 91
20, 379, 73, 93
20, 349, 73, 67
20, 318, 73, 81
20, 165, 74, 67
20, 134, 74, 7
20, 389, 74, 22
20, 140, 74, 93
20, 109, 74, 63
20, 398, 74, 32
20, 14, 74, 90
20, 336, 74, 3
20, 81, 74, 31
20, 306, 74, 8
20, 50, 74, 5
20, 274, 74, 61
20, 279, 74, 73
20, 90, 74, 91
20, 353, 75, 76
20, 398, 75, 32
20, 337, 75, 42
20, 243, 75, 13
20, 279, 75, 73
20, 312, 75, 37
20, 224, 76, 99
20, 32, 76, 50
20, 166, 76, 78
20, 359, 76, 64
20, 172, 76, 57
20, 396, 76, 94
20, 334, 76, 24
20, 336, 76, 3
20, 338, 76, 61
20, 115, 76, 3
20, 245, 76, 28
20, 217, 76, 94
20, 93, 76, 88
20, 94, 76, 86
20, 224, 77, 99
20, 289, 77, 17
20, 34, 77, 54
20, 131, 77, 44
20, 64, 77, 42
20, 389, 77, 22
20, 329, 77, 28
20, 138, 77, 97
20, 267, 77, 77
20, 300, 77, 41
20, 205, 77, 18
20, 367, 77, 26
20, 371, 77, 37
20, 53, 77, 79
20, 85, 77, 70
20, 213, 77, 37
20, 153, 77, 2
20, 104, 78, 82
20, 16, 78, 46
20, 51, 78, 9
20, 147, 78, 60
20, 314, 78, 22
20, 123, 78, 3
20, 320, 79, 76
20, 36, 79, 15
20, 102, 79, 25
20, 232, 79, 100
20, 11, 79, 5
20, 239, 79, 57
20, 178, 79, 37
20, 372, 79, 36
20, 85, 79, 70
20, 214, 79, 90
20, 284, 79, 84
20, 216, 79, 25
20, 316, 79, 43
20, 125, 79, 56
20, 128, 80, 64
20, 163, 80, 64
20, 164, 80, 80
20, 319, 80, 46
20, 166, 80, 78
20, 70, 80, 26
20, 39, 80, 35
20, 396, 80, 94
20, 397, 80, 83
20, 271, 80, 93
20, 308, 80, 59
20, 24, 80, 29
20, 379, 80, 93
20, 63, 80, 56
20, 385, 81, 98
20, 388, 81, 99
20, 393, 81, 66
20, 275, 81, 55
20, 282, 81, 2
20, 290, 81, 66
20, 165, 81, 67
20, 47, 81, 60
20, 186, 81, 44
20, 68, 81, 98
20, 331, 81, 15
20, 207, 81, 85
20, 215, 81, 99
20, 350, 81, 76
20, 224, 81, 99
20, 358, 81, 95
20, 366, 81, 44
20, 240, 81, 65
20, 370, 81, 68
20, 248, 82, 64
20, 99, 82, 65
20, 291, 82, 61
20, 5, 82, 94
20, 325, 82, 5
20, 324, 82, 86
20, 364, 82, 86
20, 304, 82, 42
20, 16, 82, 46
20, 308, 82, 59
20, 245, 82, 28
20, 342, 82, 44
20, 24, 82, 29
20, 281, 82, 73
20, 88, 82, 8
20, 317, 82, 62
20, 25, 82, 22
20, 357, 83, 30
20, 281, 83, 73
20, 394, 83, 48
20, 11, 83, 5
20, 47, 83, 60
20, 240, 83, 65
20, 49, 83, 2
20, 339, 83, 54
20, 185, 83, 99
20, 250, 83, 29
20, 155, 83, 100
20, 320, 84, 76
20, 259, 84, 47
20, 326, 84, 16
20, 263, 84, 84
20, 327, 84, 12
20, 235, 84, 7
20, 44, 84, 14
20, 301, 84, 89
20, 369, 84, 79
20, 18, 84, 78
20, 55, 84, 78
20, 53, 84, 79
20, 215, 84, 99
20, 385, 85, 98
20, 326, 85, 16
20, 134, 85, 7
20, 276, 85, 18
20, 255, 85, 38
20, 248, 86, 64
20, 194, 86, 48
20, 291, 86, 61
20, 198, 86, 86
20, 294, 86, 96
20, 235, 86, 7
20, 269, 86, 54
20, 110, 86, 99
20, 238, 86, 22
20, 275, 86, 55
20, 116, 86, 67
20, 216, 86, 25
20, 26, 86, 84
20, 70, 87, 26
20, 232, 87, 100
20, 72, 87, 56
20, 9, 87, 64
20, 272, 87, 52
20, 144, 87, 62
20, 80, 87, 16
20, 148, 87, 85
20, 85, 87, 70
20, 87, 87, 74
20, 120, 87, 60
20, 378, 87, 88
20, 64, 88, 42
20, 129, 88, 54
20, 229, 88, 26
20, 327, 88, 12
20, 171, 88, 22
20, 395, 88, 76
20, 86, 88, 62
20, 374, 88, 42
20, 60, 88, 99
20, 384, 89, 76
20, 385, 89, 98
20, 353, 89, 76
20, 387, 89, 44
20, 293, 89, 4
20, 198, 89, 86
20, 166, 89, 78
20, 264, 89, 7
20, 234, 89, 28
20, 78, 89, 68
20, 79, 89, 31
20, 273, 89, 94
20, 178, 89, 37
20, 82, 89, 57
20, 279, 89, 73
20, 90, 89, 91
20, 379, 89, 93
20, 253, 89, 10
20, 256, 90, 26
20, 355, 90, 77
20, 329, 90, 28
20, 219, 90, 64
20, 47, 90, 60
20, 339, 90, 54
20, 214, 90, 90
20, 56, 90, 84
20, 155, 90, 100
20, 348, 90, 1
20, 30, 90, 26
20, 127, 90, 68
20, 384, 91, 76
20, 225, 91, 4
20, 130, 91, 50
20, 352, 91, 90
20, 26, 91, 84
20, 66, 91, 48
20, 7, 91, 63
20, 231, 91, 23
20, 15, 91, 81
20, 18, 91, 78
20, 213, 91, 37
20, 182, 91, 1
20, 22, 91, 39
20, 56, 91, 84
20, 218, 91, 32
20, 315, 91, 51
20, 126, 91, 37
20, 257, 92, 46
20, 387, 92, 44
20, 132, 92, 58
20, 135, 92, 65
20, 276, 92, 18
20, 151, 92, 51
20, 154, 92, 41
20, 41, 92, 31
20, 48, 92, 11
20, 176, 92, 33
20, 306, 92, 8
20, 310, 92, 61
20, 312, 92, 37
20, 72, 92, 56
20, 339, 92, 54
20, 212, 92, 89
20, 349, 92, 67
20, 95, 92, 88
20, 101, 92, 48
20, 374, 92, 42
20, 130, 93, 50
20, 260, 93, 36
20, 391, 93, 88
20, 232, 93, 100
20, 176, 93, 33
20, 337, 93, 42
20, 51, 93, 9
20, 180, 93, 93
20, 348, 93, 1
20, 124, 93, 90
20, 159, 93, 47
20, 160, 94, 12
20, 322, 94, 54
20, 103, 94, 95
20, 267, 94, 77
20, 299, 94, 29
20, 333, 94, 31
20, 110, 94, 99
20, 237, 94, 41
20, 315, 94, 51
20, 212, 94, 89
20, 342, 94, 44
20, 87, 94, 74
20, 187, 94, 88
20, 156, 94, 31
20, 394, 95, 48
20, 204, 95, 54
20, 300, 95, 41
20, 18, 95, 78
20, 19, 95, 65
20, 314, 95, 22
20, 123, 95, 3
20, 319, 95, 46
20, 228, 96, 34
20, 357, 96, 30
20, 326, 96, 16
20, 165, 96, 67
20, 298, 96, 35
20, 394, 96, 48
20, 76, 96, 9
20, 334, 96, 24
20, 47, 96, 60
20, 92, 96, 41
20, 81, 96, 31
20, 119, 96, 23
20, 153, 96, 2
20, 314, 96, 22
20, 348, 96, 1
20, 223, 96, 87
20, 255, 97, 38
20, 356, 97, 71
20, 122, 97, 45
20, 200, 97, 12
20, 105, 97, 18
20, 106, 97, 29
20, 238, 97, 22
20, 78, 97, 68
20, 272, 97, 52
20, 270, 97, 46
20, 241, 97, 83
20, 85, 97, 70
20, 250, 97, 29
20, 188, 97, 23
20, 127, 97, 68
20, 96, 98, 100
20, 200, 98, 12
20, 201, 98, 19
20, 137, 98, 56
20, 12, 98, 17
20, 246, 98, 28
20, 23, 98, 63
20, 125, 98, 56
20, 131, 99, 44
20, 155, 99, 100
20, 292, 99, 92
20, 304, 99, 42
20, 51, 99, 9
20, 307, 99, 15
20, 58, 99, 71
20, 62, 99, 80
20, 321, 99, 48
20, 324, 99, 86
20, 330, 99, 2
20, 203, 99, 17
20, 210, 99, 54
20, 211, 99, 63
20, 85, 99, 70
20, 341, 99, 63
20, 217, 99, 94
20, 223, 99, 87
20, 367, 99, 26
20, 224, 100, 99
20, 97, 100, 11
20, 34, 100, 54
20, 323, 100, 47
20, 33, 100, 75
20, 257, 100, 46
20, 198, 100, 86
20, 264, 100, 7
20, 12, 100, 17
20, 303, 100, 83
20, 147, 100, 60
20, 53, 100, 79
20, 309, 100, 41
20, 375, 100, 88
20, 247, 100, 72
20, 380, 100, 96
20, 383, 100, 4
20, 391, 101, 88
20, 274, 101, 61
20, 153, 101, 2
20, 282, 101, 2
20, 163, 101, 64
20, 54, 101, 90
20, 325, 101, 5
20, 327, 101, 12
20, 201, 101, 19
20, 330, 101, 2
20, 338, 101, 61
20, 343, 101, 21
20, 344, 101, 77
20, 90, 101, 91
20, 348, 101, 1
20, 222, 101, 96
20, 363, 101, 59
20, 109, 101, 63
20, 245, 101, 28
20, 68, 102, 98
20, 37, 102, 28
20, 392, 102, 53
20, 238, 102, 22
20, 79, 102, 31
20, 208, 102, 60
20, 334, 102, 24
20, 338, 102, 61
20, 372, 102, 36
20, 54, 102, 90
20, 249, 102, 13
20, 58, 102, 71
20, 158, 102, 53
20, 30, 102, 26
20, 286, 102, 51
20, 291, 103, 61
20, 40, 103, 23
20, 170, 103, 7
20, 396, 103, 94
20, 140, 103, 93
20, 110, 103, 99
20, 275, 103, 55
20, 308, 103, 59
20, 254, 103, 77
20, 126, 103, 37
20, 322, 104, 54
20, 386, 104, 69
20, 356, 104, 71
20, 133, 104, 23
20, 359, 104, 64
20, 168, 104, 14
20, 73, 104, 69
20, 174, 104, 23
20, 206, 104, 10
20, 16, 104, 46
20, 177, 104, 36
20, 148, 104, 85
20, 87, 104, 74
20, 155, 104, 100
20, 222, 104, 96
20, 384, 105, 76
20, 257, 105, 46
20, 388, 105, 99
20, 292, 105, 92
20, 165, 105, 67
20, 393, 105, 66
20, 43, 105, 13
20, 204, 105, 54
20, 242, 105, 9
20, 243, 105, 13
20, 247, 105, 72
20, 189, 105, 25
20, 192, 106, 12
20, 355, 106, 77
20, 104, 106, 82
20, 172, 106, 57
20, 153, 106, 2
20, 314, 106, 22
20, 65, 107, 98
20, 195, 107, 31
20, 229, 107, 26
20, 268, 107, 78
20, 77, 107, 26
20, 271, 107, 93
20, 144, 107, 62
20, 277, 107, 49
20, 216, 107, 25
20, 345, 107, 21
20, 62, 107, 80
20, 351, 107, 6
20, 294, 108, 96
20, 135, 108, 65
20, 77, 108, 26
20, 111, 108, 43
20, 368, 108, 20
20, 341, 108, 63
20, 343, 108, 21
20, 379, 108, 93
20, 188, 108, 23
20, 254, 108, 77
20, 261, 109, 45
20, 134, 109, 7
20, 8, 109, 82
20, 399, 109, 84
20, 145, 109, 17
20, 281, 109, 73
20, 297, 109, 48
20, 42, 109, 36
20, 53, 109, 79
20, 73, 109, 69
20, 203, 109, 17
20, 208, 109, 60
20, 339, 109, 54
20, 340, 109, 21
20, 211, 109, 63
20, 213, 109, 37
20, 219, 109, 64
20, 99, 109, 65
20, 361, 109, 87
20, 374, 109, 42
20, 129, 110, 54
20, 11, 110, 5
20, 270, 110, 46
20, 369, 110, 79
20, 21, 110, 16
20, 311, 110, 20
20, 223, 110, 87
20, 1, 111, 74
20, 292, 111, 92
20, 168, 111, 14
20, 299, 111, 29
20, 45, 111, 44
20, 176, 111, 33
20, 81, 111, 31
20, 18, 111, 78
20, 339, 111, 54
20, 278, 111, 27
20, 55, 111, 78
20, 374, 111, 42
20, 121, 111, 92
20, 58, 111, 71
20, 150, 111, 93
20, 28, 111, 38
20, 352, 112, 90
20, 199, 112, 99
20, 136, 112, 69
20, 41, 112, 31
20, 331, 112, 15
20, 397, 112, 83
20, 146, 112, 73
20, 384, 113, 76
20, 98, 113, 34
20, 325, 113, 5
20, 40, 113, 23
20, 331, 113, 15
20, 140, 113, 93
20, 369, 113, 79
20, 339, 113, 54
20, 378, 113, 88
20, 347, 113, 47
20, 380, 113, 96
20, 63, 113, 56
20, 256, 114, 26
20, 384, 114, 76
20, 97, 114, 11
20, 389, 114, 22
20, 74, 114, 89
20, 76, 114, 9
20, 398, 114, 32
20, 302, 114, 51
20, 176, 114, 33
20, 272, 114, 52
20, 113, 114, 72
20, 310, 114, 61
20, 118, 114, 49
20, 214, 114, 90
20, 92, 114, 41
20, 223, 114, 87
20, 159, 115, 47
20, 225, 115, 4
20, 293, 115, 4
20, 73, 115, 69
20, 106, 115, 29
20, 234, 115, 28
20, 332, 115, 36
20, 301, 115, 89
20, 43, 115, 13
20, 79, 115, 31
20, 144, 115, 62
20, 187, 115, 88
20, 146, 115, 73
20, 183, 115, 68
20, 123, 115, 3
20, 127, 115, 68
20, 192, 116, 12
20, 193, 116, 22
20, 386, 116, 69
20, 387, 116, 44
20, 135, 116, 65
20, 139, 116, 12
20, 108, 116, 25
20, 397, 116, 83
20, 109, 116, 63
20, 242, 116, 9
20, 179, 116, 22
20, 249, 116, 13
20, 257, 117, 46
20, 355, 117, 77
20, 195, 117, 31
20, 197, 117, 31
20, 43, 117, 13
20, 368, 117, 20
20, 374, 117, 42
20, 62, 117, 80
20, 158, 117, 53
20, 1, 118, 74
20, 131, 118, 44
20, 168, 118, 14
20, 329, 118, 28
20, 302, 118, 51
20, 338, 118, 61
20, 348, 118, 1
20, 215, 118, 99
20, 220, 118, 41
20, 5, 119, 94
20, 7, 119, 63
20, 8, 119, 82
20, 234, 119, 28
20, 54, 119, 90
20, 313, 119, 13
20, 28, 119, 38
20, 32, 120, 50
20, 257, 120, 46
20, 161, 120, 23
20, 258, 120, 40
20, 194, 120, 48
20, 34, 120, 54
20, 166, 120, 78
20, 326, 120, 16
20, 293, 120, 4
20, 396, 120, 94
20, 269, 120, 54
20, 46, 120, 16
20, 177, 120, 36
20, 82, 120, 57
20, 149, 120, 52
20, 60, 120, 99
20, 254, 120, 77
20, 255, 120, 38
20, 3, 121, 15
20, 132, 121, 58
20, 133, 121, 23
20, 390, 121, 77
20, 137, 121, 56
20, 138, 121, 97
20, 273, 121, 94
20, 150, 121, 93
20, 287, 121, 22
20, 165, 121, 67
20, 43, 121, 13
20, 191, 121, 100
20, 97, 121, 11
20, 98, 121, 34
20, 360, 121, 96
20, 236, 121, 9
20, 111, 121, 43
20, 119, 121, 23
20, 123, 121, 3
20, 225, 122, 4
20, 289, 122, 17
20, 231, 122, 23
20, 169, 122, 21
20, 235, 122, 7
20, 396, 122, 94
20, 346, 122, 50
20, 399, 122, 84
20, 240, 122, 65
20, 249, 122, 13
20, 314, 122, 22
20, 222, 122, 96
20, 160, 123, 12
20, 2, 123, 13
20, 383, 123, 4
20, 88, 123, 8
20, 158, 123, 53
20, 223, 123, 87
20, 352, 124, 90
20, 67, 124, 78
20, 345, 124, 21
20, 40, 124, 23
20, 237, 124, 41
20, 366, 124, 44
20, 173, 124, 54
20, 81, 124, 31
20, 17, 124, 96
20, 243, 124, 13
20, 152, 124, 96
20, 374, 124, 42
20, 189, 124, 25
20, 312, 124, 37
20, 281, 124, 73
20, 378, 124, 88
20, 125, 124, 56
20, 63, 124, 56
20, 163, 125, 64
20, 41, 125, 31
20, 170, 125, 7
20, 267, 125, 77
20, 300, 125, 41
20, 80, 125, 16
20, 144, 125, 62
20, 87, 125, 74
20, 155, 125, 100
20, 129, 126, 54
20, 162, 126, 26
20, 97, 126, 11
20, 229, 126, 26
20, 165, 126, 67
20, 140, 126, 93
20, 76, 126, 9
20, 78, 126, 68
20, 111, 126, 43
20, 79, 126, 31
20, 15, 126, 81
20, 366, 126, 44
20, 116, 126, 67
20, 25, 126, 22
20, 380, 126, 96
20, 125, 126, 56
20, 351, 126, 6
20, 354, 127, 89
20, 290, 127, 66
20, 295, 127, 69
20, 377, 127, 65
20, 305, 127, 1
20, 19, 127, 65
20, 340, 127, 21
20, 313, 127, 13
20, 315, 127, 51
20, 32, 128, 50
20, 162, 128, 26
20, 67, 128, 78
20, 196, 128, 94
20, 99, 128, 65
20, 103, 128, 95
20, 328, 128, 87
20, 200, 128, 12
20, 40, 128, 23
20, 271, 128, 93
20, 80, 128, 16
20, 207, 128, 85
20, 239, 128, 57
20, 144, 128, 62
20, 372, 128, 36
20, 116, 128, 67
20, 120, 128, 60
20, 252, 128, 82
20, 353, 129, 76
20, 70, 129, 26
20, 264, 129, 7
20, 72, 129, 56
20, 170, 129, 7
20, 144, 129, 62
20, 113, 129, 72
20, 278, 129, 27
20, 87, 129, 74
20, 57, 129, 31
20, 379, 129, 93
20, 92, 129, 41
20, 160, 130, 12
20, 0, 130, 6
20, 352, 130, 90
20, 99, 130, 65
20, 325, 130, 5
20, 357, 130, 30
20, 296, 130, 15
20, 72, 130, 56
20, 273, 130, 94
20, 50, 130, 5
20, 376, 130, 91
20, 26, 130, 84
20, 252, 130, 82
20, 16, 131, 46
20, 273, 131, 94
20, 31, 131, 84
20, 172, 131, 57
20, 173, 131, 54
20, 302, 131, 51
20, 179, 131, 22
20, 321, 131, 48
20, 323, 131, 47
20, 68, 131, 98
20, 71, 131, 21
20, 331, 131, 15
20, 81, 131, 31
20, 210, 131, 54
20, 213, 131, 37
20, 88, 131, 8
20, 357, 131, 30
20, 245, 131, 28
20, 379, 131, 93
20, 352, 132, 90
20, 98, 132, 34
20, 163, 132, 64
20, 358, 132, 95
20, 6, 132, 28
20, 202, 132, 9
20, 235, 132, 7
20, 301, 132, 89
20, 336, 132, 3
20, 209, 132, 78
20, 211, 132, 63
20, 183, 132, 68
20, 280, 132, 43
20, 89, 132, 73
20, 282, 132, 2
20, 27, 132, 7
20, 349, 132, 67
20, 285, 132, 16
20, 0, 133, 6
20, 225, 133, 4
20, 387, 133, 44
20, 292, 133, 92
20, 197, 133, 31
20, 165, 133, 67
20, 365, 133, 2
20, 48, 133, 11
20, 307, 133, 15
20, 214, 133, 90
20, 183, 133, 68
20, 150, 133, 93
20, 218, 133, 32
20, 347, 133, 47
20, 190, 133, 38
20, 126, 133, 37
20, 383, 133, 4
20, 161, 134, 23
20, 259, 134, 47
20, 90, 134, 91
20, 94, 134, 86
20, 287, 134, 22
20, 192, 135, 12
20, 135, 135, 65
20, 363, 135, 59
20, 207, 135, 85
20, 211, 135, 63
20, 52, 135, 9
20, 119, 135, 23
20, 314, 135, 22
20, 221, 135, 95
20, 1, 136, 74
20, 35, 136, 40
20, 39, 136, 35
20, 208, 136, 60
20, 371, 136, 37
20, 51, 136, 9
20, 92, 136, 41
20, 29, 136, 76
20, 223, 136, 87
20, 194, 137, 48
20, 241, 137, 83
20, 23, 137, 63
20, 151, 137, 51
20, 122, 137, 45
20, 27, 137, 7
20, 351, 137, 6
20, 2, 138, 13
20, 136, 138, 69
20, 16, 138, 46
20, 180, 138, 93
20, 344, 138, 77
20, 26, 138, 84
20, 219, 138, 64
20, 295, 139, 69
20, 199, 139, 99
20, 9, 139, 64
20, 138, 139, 97
20, 363, 139, 59
20, 108, 139, 25
20, 143, 139, 98
20, 208, 139, 60
20, 47, 139, 60
20, 370, 139, 68
20, 80, 139, 16
20, 84, 139, 98
20, 21, 139, 16
20, 371, 139, 37
20, 379, 139, 93
20, 288, 140, 47
20, 2, 140, 13
20, 323, 140, 47
20, 197, 140, 31
20, 8, 140, 82
20, 186, 140, 44
20, 331, 140, 15
20, 365, 140, 2
20, 239, 140, 57
20, 336, 140, 3
20, 240, 140, 65
20, 18, 140, 78
20, 181, 140, 90
20, 150, 140, 93
20, 248, 140, 64
20, 346, 140, 50
20, 220, 140, 41
20, 216, 140, 25
20, 160, 141, 12
20, 97, 141, 11
20, 98, 141, 34
20, 131, 141, 44
20, 36, 141, 15
20, 258, 141, 40
20, 102, 141, 25
20, 64, 141, 42
20, 106, 141, 29
20, 371, 141, 37
20, 308, 141, 59
20, 55, 141, 78
20, 346, 141, 50
20, 219, 141, 64
20, 285, 141, 16
20, 351, 141, 6
20, 7, 142, 63
20, 285, 142, 16
20, 290, 142, 66
20, 291, 142, 61
20, 293, 142, 4
20, 48, 142, 11
20, 177, 142, 36
20, 314, 142, 22
20, 186, 142, 44
20, 202, 142, 9
20, 205, 142, 18
20, 206, 142, 10
20, 88, 142, 8
20, 361, 142, 87
20, 235, 142, 7
20, 108, 142, 25
20, 113, 142, 72
20, 116, 142, 67
20, 374, 142, 42
20, 378, 142, 88
20, 114, 143, 87
20, 339, 143, 54
20, 148, 143, 85
20, 120, 143, 60
20, 60, 143, 99
20, 96, 144, 100
20, 67, 144, 78
20, 263, 144, 84
20, 19, 144, 65
20, 22, 144, 39
20, 281, 144, 73
20, 219, 144, 64
20, 294, 145, 96
20, 147, 145, 60
20, 307, 145, 15
20, 378, 145, 88
20, 350, 145, 76
20, 31, 145, 84
20, 354, 146, 89
20, 98, 146, 34
20, 275, 146, 55
20, 115, 146, 3
20, 279, 146, 73
20, 350, 146, 76
20, 96, 147, 100
20, 38, 147, 11
20, 199, 147, 99
20, 300, 147, 41
20, 370, 147, 68
20, 50, 147, 5
20, 372, 147, 36
20, 213, 147, 37
20, 85, 147, 70
20, 253, 147, 10
20, 26, 147, 84
20, 61, 147, 89
20, 158, 147, 53
20, 0, 148, 6
20, 35, 148, 40
20, 4, 148, 13
20, 101, 148, 48
20, 227, 148, 58
20, 72, 148, 56
20, 202, 148, 9
20, 139, 148, 12
20, 330, 148, 2
20, 371, 148, 37
20, 212, 148, 89
20, 83, 148, 33
20, 342, 148, 44
20, 280, 148, 43
20, 59, 148, 94
20, 65, 149, 98
20, 104, 149, 82
20, 395, 149, 76
20, 379, 149, 93
20, 349, 149, 67
20, 354, 150, 89
20, 131, 150, 44
20, 259, 150, 47
20, 197, 150, 31
20, 230, 150, 56
20, 170, 150, 7
20, 235, 150, 7
20, 333, 150, 31
20, 249, 150, 13
20, 156, 150, 31
20, 101, 151, 48
20, 261, 151, 45
20, 165, 151, 67
20, 105, 151, 18
20, 332, 151, 36
20, 141, 151, 50
20, 117, 151, 27
20, 55, 151, 78
20, 311, 151, 20
20, 186, 151, 44
20, 279, 151, 73
20, 349, 151, 67
20, 23, 152, 63
20, 280, 152, 43
20, 164, 152, 80
20, 296, 152, 15
20, 43, 152, 13
20, 299, 152, 29
20, 47, 152, 60
20, 304, 152, 42
20, 52, 152, 9
20, 326, 152, 16
20, 327, 152, 12
20, 204, 152, 54
20, 335, 152, 37
20, 223, 152, 87
20, 351, 152, 6
20, 360, 152, 96
20, 109, 152, 63
20, 116, 152, 67
20, 376, 152, 91
20, 250, 152, 29
20, 97, 153, 11
20, 170, 153, 7
20, 10, 153, 20
20, 269, 153, 54
20, 176, 153, 33
20, 50, 153, 5
20, 214, 153, 90
20, 57, 153, 31
20, 122, 153, 45
20, 59, 153, 94
20, 352, 154, 90
20, 162, 154, 26
20, 8, 154, 82
20, 51, 154, 9
20, 281, 154, 73
20, 348, 154, 1
20, 161, 155, 23
20, 354, 155, 89
20, 353, 155, 76
20, 4, 155, 13
20, 229, 155, 26
20, 105, 155, 18
20, 308, 155, 59
20, 85, 155, 70
20, 53, 155, 79
20, 151, 155, 51
20, 84, 155, 98
20, 121, 155, 92
20, 33, 156, 75
20, 5, 156, 94
20, 154, 156, 41
20, 296, 156, 15
20, 391, 156, 88
20, 39, 156, 35
20, 237, 156, 41
20, 378, 156, 88
20, 143, 156, 98
20, 18, 156, 78
20, 210, 156, 54
20, 375, 156, 88
20, 221, 156, 95
20, 250, 156, 29
20, 348, 156, 1
20, 285, 156, 16
20, 318, 156, 81
20, 280, 157, 43
20, 36, 157, 15
20, 102, 157, 25
20, 237, 157, 41
20, 85, 157, 70
20, 214, 157, 90
20, 343, 157, 21
20, 216, 157, 25
20, 122, 157, 45
20, 318, 157, 81
20, 131, 158, 44
20, 388, 158, 99
20, 357, 158, 30
20, 122, 158, 45
20, 295, 158, 69
20, 167, 158, 50
20, 233, 158, 56
20, 330, 158, 2
20, 4, 158, 13
20, 281, 158, 73
20, 397, 158, 83
20, 205, 158, 18
20, 54, 158, 90
20, 311, 158, 20
20, 185, 158, 99
20, 282, 158, 2
20, 260, 158, 36
20, 350, 158, 76
20, 257, 159, 46
20, 17, 159, 96
20, 277, 159, 49
20, 173, 159, 54
20, 305, 159, 1
20, 307, 159, 15
20, 185, 159, 99
20, 315, 159, 51
20, 81, 159, 31
20, 88, 159, 8
20, 220, 159, 41
20, 355, 159, 77
20, 104, 159, 82
20, 361, 159, 87
20, 111, 159, 43
20, 241, 159, 83
20, 371, 159, 37
20, 378, 159, 88
20, 123, 159, 3
20, 224, 160, 99
20, 128, 160, 64
20, 225, 160, 4
20, 90, 160, 91
20, 45, 160, 44
20, 238, 160, 22
20, 49, 160, 2
20, 312, 160, 37
20, 346, 160, 50
20, 120, 160, 60
20, 93, 160, 88
20, 94, 160, 86
20, 195, 161, 31
20, 122, 161, 45
20, 75, 161, 18
20, 300, 161, 41
20, 332, 161, 36
20, 79, 161, 31
20, 370, 161, 68
20, 306, 161, 8
20, 210, 161, 54
20, 84, 161, 98
20, 310, 161, 61
20, 119, 161, 23
20, 24, 161, 29
20, 282, 161, 2
20, 27, 161, 7
20, 28, 161, 38
20, 317, 161, 62
20, 62, 161, 80
20, 100, 162, 58
20, 168, 162, 14
20, 361, 162, 87
20, 106, 162, 29
20, 235, 162, 7
20, 209, 162, 78
20, 338, 162, 61
20, 88, 162, 8
20, 129, 163, 54
20, 185, 163, 99
20, 305, 163, 1
20, 246, 163, 28
20, 152, 163, 96
20, 153, 163, 2
20, 125, 163, 56
20, 62, 163, 80
20, 65, 164, 98
20, 322, 164, 54
20, 392, 164, 53
20, 140, 164, 93
20, 238, 164, 22
20, 119, 164, 23
20, 309, 164, 41
20, 55, 164, 78
20, 312, 164, 37
20, 251, 164, 29
20, 286, 164, 51
20, 34, 165, 54
20, 255, 165, 38
20, 5, 165, 94
20, 351, 165, 6
20, 168, 165, 14
20, 329, 165, 28
20, 266, 165, 66
20, 136, 165, 69
20, 332, 165, 36
20, 366, 165, 44
20, 207, 165, 85
20, 305, 165, 1
20, 82, 165, 57
20, 146, 165, 73
20, 275, 165, 55
20, 21, 165, 16
20, 87, 165, 74
20, 319, 165, 46
20, 99, 166, 65
20, 131, 166, 44
20, 103, 166, 95
20, 234, 166, 28
20, 140, 166, 93
20, 301, 166, 89
20, 31, 166, 84
20, 63, 166, 56
20, 129, 167, 54
20, 226, 167, 9
20, 7, 167, 63
20, 20, 167, 53
20, 214, 167, 90
20, 61, 167, 89
20, 232, 168, 100
20, 115, 168, 3
20, 151, 168, 51
20, 156, 168, 31
20, 381, 168, 93
20, 126, 168, 37
20, 288, 169, 47
20, 321, 169, 48
20, 192, 169, 12
20, 264, 169, 7
20, 329, 169, 28
20, 330, 169, 2
20, 298, 169, 35
20, 242, 169, 9
20, 179, 169, 22
20, 147, 169, 60
20, 149, 169, 52
20, 56, 169, 84
20, 221, 169, 95
20, 130, 170, 50
20, 167, 170, 50
20, 172, 170, 57
20, 175, 170, 74
20, 275, 170, 55
20, 374, 170, 42
20, 184, 170, 60
20, 123, 170, 3
20, 221, 170, 95
20, 383, 170, 4
20, 382, 171, 26
20, 101, 171, 48
20, 88, 171, 8
20, 267, 171, 77
20, 204, 171, 54
20, 15, 171, 81
20, 179, 171, 22
20, 24, 171, 29
20, 59, 171, 94
20, 30, 171, 26
20, 161, 172, 23
20, 130, 172, 50
20, 196, 172, 94
20, 360, 172, 96
20, 361, 172, 87
20, 203, 172, 17
20, 378, 172, 88
20, 209, 172, 78
20, 212, 172, 89
20, 276, 172, 18
20, 250, 172, 29
20, 283, 172, 13
20, 220, 172, 41
20, 61, 172, 89
20, 158, 172, 53
20, 289, 173, 17
20, 162, 173, 26
20, 226, 173, 9
20, 261, 173, 45
20, 102, 173, 25
20, 40, 173, 23
20, 297, 173, 48
20, 202, 173, 9
20, 42, 173, 36
20, 9, 173, 64
20, 13, 173, 68
20, 366, 173, 44
20, 107, 173, 29
20, 54, 173, 90
20, 184, 173, 60
20, 59, 173, 94
20, 158, 173, 53
20, 31, 173, 84
20, 256, 174, 26
20, 384, 174, 76
20, 132, 174, 58
20, 263, 174, 84
20, 140, 174, 93
20, 278, 174, 27
20, 281, 174, 73
20, 282, 174, 2
20, 45, 174, 44
20, 303, 174, 83
20, 176, 174, 33
20, 59, 174, 94
20, 78, 174, 68
20, 207, 174, 85
20, 348, 174, 1
20, 108, 174, 25
20, 365, 174, 2
20, 116, 174, 67
20, 118, 174, 49
20, 384, 175, 76
20, 162, 175, 26
20, 227, 175, 58
20, 356, 175, 71
20, 223, 175, 87
20, 136, 175, 69
20, 137, 175, 56
20, 107, 175, 29
20, 171, 175, 22
20, 80, 175, 16
20, 148, 175, 85
20, 319, 175, 46
20, 258, 176, 40
20, 196, 176, 94
20, 72, 176, 56
20, 172, 176, 57
20, 14, 176, 90
20, 56, 176, 84
20, 63, 176, 56
20, 2, 177, 13
20, 323, 177, 47
20, 3, 177, 15
20, 70, 177, 26
20, 359, 177, 64
20, 134, 177, 7
20, 169, 177, 21
20, 203, 177, 17
20, 367, 177, 26
20, 114, 177, 87
20, 181, 177, 90
20, 150, 177, 93
20, 25, 177, 22
20, 377, 177, 65
20, 26, 177, 84
20, 123, 177, 3
20, 125, 177, 56
20, 286, 177, 51
20, 153, 178, 2
20, 100, 178, 58
20, 326, 178, 16
20, 262, 178, 97
20, 358, 178, 95
20, 362, 178, 30
20, 269, 178, 54
20, 13, 178, 68
20, 272, 178, 52
20, 18, 178, 78
20, 54, 178, 90
20, 120, 178, 60
20, 313, 178, 13
20, 58, 178, 71
20, 317, 178, 62
20, 284, 178, 84
20, 253, 178, 10
20, 351, 178, 6
20, 385, 179, 98
20, 130, 179, 50
20, 136, 179, 69
20, 393, 179, 66
20, 266, 179, 66
20, 142, 179, 82
20, 17, 179, 96
20, 370, 179, 68
20, 247, 179, 72
20, 216, 179, 25
20, 315, 179, 51
20, 184, 179, 60
20, 159, 179, 47
20, 33, 180, 75
20, 5, 180, 94
20, 329, 180, 28
20, 82, 180, 57
20, 244, 180, 37
20, 85, 180, 70
20, 245, 180, 28
20, 154, 180, 41
20, 317, 180, 62
20, 386, 181, 69
20, 4, 181, 13
20, 324, 181, 86
20, 70, 181, 26
20, 199, 181, 99
20, 359, 181, 64
20, 136, 181, 69
20, 40, 181, 23
20, 265, 181, 83
20, 361, 181, 87
20, 339, 181, 54
20, 52, 181, 9
20, 55, 181, 78
20, 249, 181, 13
20, 123, 181, 3
20, 95, 181, 88
20, 383, 181, 4
20, 256, 182, 26
20, 2, 182, 13
20, 99, 182, 65
20, 285, 182, 16
20, 390, 182, 77
20, 362, 182, 30
20, 301, 182, 89
20, 45, 182, 44
20, 205, 182, 18
20, 145, 182, 17
20, 17, 182, 96
20, 53, 182, 79
20, 152, 182, 96
20, 346, 182, 50
20, 189, 182, 25
20, 293, 183, 4
20, 392, 183, 53
20, 362, 183, 30
20, 331, 183, 15
20, 204, 183, 54
20, 108, 183, 25
20, 238, 183, 22
20, 212, 183, 89
20, 52, 183, 9
20, 342, 183, 44
20, 348, 183, 1
20, 253, 183, 10
20, 286, 183, 51
20, 386, 184, 69
20, 104, 184, 82
20, 341, 184, 63
20, 249, 184, 13
20, 91, 184, 17
20, 29, 184, 76
20, 256, 185, 26
20, 74, 185, 89
20, 173, 185, 54
20, 304, 185, 42
20, 17, 185, 96
20, 50, 185, 5
20, 183, 185, 68
20, 217, 185, 94
20, 219, 185, 64
20, 258, 186, 40
20, 7, 186, 63
20, 391, 186, 88
20, 393, 186, 66
20, 152, 186, 96
20, 162, 186, 26
20, 166, 186, 78
20, 298, 186, 35
20, 42, 186, 36
20, 74, 186, 89
20, 333, 186, 31
20, 213, 186, 37
20, 216, 186, 25
20, 348, 186, 1
20, 353, 186, 76
20, 103, 186, 95
20, 365, 186, 2
20, 378, 186, 88
20, 379, 186, 93
20, 161, 187, 23
20, 34, 187, 54
20, 102, 187, 25
20, 40, 187, 23
20, 299, 187, 29
20, 333, 187, 31
20, 110, 187, 99
20, 367, 187, 26
20, 119, 187, 23
20, 182, 187, 1
20, 87, 187, 74
20, 153, 187, 2
20, 284, 187, 84
20, 189, 187, 25
20, 254, 187, 77
20, 258, 188, 40
20, 5, 188, 94
20, 71, 188, 21
20, 104, 188, 82
20, 108, 188, 25
20, 174, 188, 23
20, 110, 188, 99
20, 48, 188, 11
20, 274, 188, 61
20, 83, 188, 33
20, 246, 188, 28
20, 215, 188, 99
20, 315, 188, 51
20, 253, 188, 10
20, 192, 189, 12
20, 289, 189, 17
20, 355, 189, 77
20, 164, 189, 80
20, 4, 189, 13
20, 293, 189, 4
20, 37, 189, 28
20, 109, 189, 63
20, 302, 189, 51
20, 369, 189, 79
20, 337, 189, 42
20, 340, 189, 21
20, 374, 189, 42
20, 88, 189, 8
20, 25, 189, 22
20, 27, 189, 7
20, 381, 189, 93
20, 286, 189, 51
20, 386, 190, 69
20, 292, 190, 92
20, 294, 190, 96
20, 237, 190, 41
20, 46, 190, 16
20, 84, 190, 98
20, 57, 190, 31
20, 260, 191, 36
20, 313, 191, 13
20, 296, 191, 15
20, 44, 191, 14
20, 367, 191, 26
20, 368, 191, 20
20, 338, 191, 61
20, 341, 191, 63
20, 89, 191, 73
20, 127, 191, 68
20, 195, 192, 31
20, 135, 192, 65
20, 136, 192, 69
20, 104, 192, 82
20, 266, 192, 66
20, 207, 192, 85
20, 278, 192, 27
20, 185, 192, 99
20, 256, 193, 26
20, 259, 193, 47
20, 146, 193, 73
20, 346, 193, 50
20, 285, 193, 16
20, 256, 194, 26
20, 36, 194, 15
20, 177, 194, 36
20, 116, 194, 67
20, 308, 194, 59
20, 158, 194, 53
20, 350, 195, 76
20, 98, 195, 34
20, 383, 195, 4
20, 232, 195, 100
20, 266, 195, 66
20, 268, 195, 78
20, 79, 195, 31
20, 111, 195, 43
20, 210, 195, 54
20, 274, 195, 61
20, 18, 195, 78
20, 245, 195, 28
20, 215, 195, 99
20, 217, 195, 94
20, 57, 195, 31
20, 343, 195, 21
20, 95, 195, 88
20, 355, 196, 77
20, 36, 196, 15
20, 101, 196, 48
20, 295, 196, 69
20, 264, 196, 7
20, 233, 196, 56
20, 231, 196, 23
20, 299, 196, 29
20, 140, 196, 93
20, 113, 196, 72
20, 146, 196, 73
20, 83, 196, 33
20, 244, 196, 37
20, 181, 196, 90
20, 89, 196, 73
20, 61, 196, 89
20, 30, 196, 26
20, 292, 197, 92
20, 296, 197, 15
20, 104, 197, 82
20, 137, 197, 56
20, 78, 197, 68
20, 79, 197, 31
20, 368, 197, 20
20, 305, 197, 1
20, 24, 197, 29
20, 125, 197, 56
20, 33, 198, 75
20, 225, 198, 4
20, 134, 198, 7
20, 73, 198, 69
20, 396, 198, 94
20, 278, 198, 27
20, 251, 198, 29
20, 159, 198, 47
20, 1, 199, 74
20, 2, 199, 13
20, 324, 199, 86
20, 295, 199, 69
20, 394, 199, 48
20, 109, 199, 63
20, 14, 199, 90
20, 81, 199, 31
20, 369, 199, 79
20, 243, 199, 13
20, 145, 199, 17
20, 21, 199, 16
20, 87, 199, 74
20, 251, 199, 29
20, 349, 199, 67
20, 159, 199, 47
