200, 400, 20
38, 32, 0, 95
38, 384, 0, 86
38, 98, 0, 44
38, 3, 0, 100
38, 324, 0, 8
38, 128, 0, 89
38, 358, 0, 1
38, 167, 0, 92
38, 296, 0, 57
38, 42, 0, 16
38, 107, 0, 14
38, 77, 0, 76
38, 46, 0, 17
38, 346, 0, 52
38, 285, 0, 44
38, 158, 0, 61
38, 256, 1, 23
38, 139, 1, 62
38, 332, 1, 49
38, 109, 1, 31
38, 335, 1, 85
38, 339, 1, 51
38, 255, 1, 73
38, 32, 2, 95
38, 353, 2, 4
38, 105, 2, 47
38, 202, 2, 77
38, 109, 2, 31
38, 336, 2, 36
38, 383, 2, 84
38, 384, 3, 86
38, 391, 3, 45
38, 265, 3, 13
38, 396, 3, 75
38, 268, 3, 61
38, 15, 3, 42
38, 16, 3, 26
38, 22, 3, 75
38, 155, 3, 24
38, 31, 3, 73
38, 169, 3, 26
38, 50, 3, 81
38, 186, 3, 80
38, 324, 3, 8
38, 70, 3, 91
38, 216, 3, 2
38, 348, 3, 49
38, 227, 3, 92
38, 254, 3, 48
38, 289, 4, 2
38, 392, 4, 51
38, 74, 4, 37
38, 337, 4, 1
38, 86, 4, 11
38, 376, 4, 12
38, 63, 4, 92
38, 224, 5, 63
38, 129, 5, 52
38, 185, 5, 84
38, 68, 5, 78
38, 229, 5, 6
38, 263, 5, 29
38, 266, 5, 90
38, 366, 5, 60
38, 149, 5, 6
38, 281, 5, 10
38, 251, 5, 82
38, 124, 5, 3
38, 157, 5, 71
38, 384, 6, 86
38, 35, 6, 66
38, 196, 6, 71
38, 102, 6, 8
38, 136, 6, 75
38, 77, 6, 76
38, 205, 6, 14
38, 270, 6, 39
38, 399, 6, 61
38, 301, 6, 63
38, 275, 6, 75
38, 125, 6, 23
38, 284, 6, 29
38, 381, 6, 94
38, 195, 7, 31
38, 143, 7, 96
38, 309, 7, 78
38, 184, 7, 91
38, 185, 7, 84
38, 122, 7, 18
38, 289, 8, 2
38, 324, 8, 8
38, 293, 8, 20
38, 294, 8, 65
38, 264, 8, 88
38, 332, 8, 49
38, 279, 8, 93
38, 238, 8, 13
38, 111, 8, 81
38, 273, 8, 27
38, 82, 8, 96
38, 371, 8, 22
38, 310, 8, 4
38, 343, 8, 33
38, 316, 8, 54
38, 159, 8, 24
38, 258, 9, 15
38, 130, 9, 15
38, 391, 9, 45
38, 328, 9, 81
38, 75, 9, 29
38, 140, 9, 3
38, 363, 9, 39
38, 364, 9, 98
38, 143, 9, 96
38, 303, 9, 96
38, 50, 9, 81
38, 85, 9, 39
38, 221, 9, 92
38, 218, 9, 82
38, 284, 9, 29
38, 29, 9, 20
38, 193, 10, 31
38, 34, 10, 81
38, 170, 10, 12
38, 267, 10, 95
38, 298, 10, 34
38, 369, 10, 30
38, 372, 10, 45
38, 183, 10, 10
38, 222, 10, 93
38, 161, 11, 46
38, 353, 11, 4
38, 325, 11, 85
38, 262, 11, 20
38, 359, 11, 41
38, 40, 11, 71
38, 37, 11, 6
38, 16, 11, 26
38, 82, 11, 96
38, 183, 11, 10
38, 376, 11, 12
38, 383, 11, 84
38, 129, 12, 52
38, 391, 12, 45
38, 268, 12, 61
38, 142, 12, 84
38, 20, 12, 27
38, 291, 12, 21
38, 167, 12, 92
38, 56, 12, 86
38, 312, 12, 99
38, 317, 12, 12
38, 193, 12, 31
38, 70, 12, 91
38, 328, 12, 81
38, 77, 12, 76
38, 342, 12, 20
38, 353, 12, 4
38, 236, 12, 40
38, 112, 12, 55
38, 252, 12, 33
38, 126, 12, 74
38, 32, 13, 95
38, 199, 13, 63
38, 169, 13, 26
38, 394, 13, 53
38, 330, 13, 53
38, 217, 13, 14
38, 382, 13, 61
38, 63, 13, 92
38, 260, 14, 31
38, 12, 14, 53
38, 238, 14, 13
38, 305, 14, 85
38, 374, 14, 74
38, 86, 14, 11
38, 257, 15, 92
38, 260, 15, 31
38, 139, 15, 62
38, 12, 15, 53
38, 20, 15, 27
38, 149, 15, 6
38, 22, 15, 75
38, 301, 15, 63
38, 302, 15, 41
38, 58, 15, 83
38, 66, 15, 83
38, 212, 15, 72
38, 341, 15, 42
38, 84, 15, 69
38, 216, 15, 2
38, 95, 15, 37
38, 352, 15, 66
38, 113, 15, 68
38, 115, 15, 36
38, 122, 15, 18
38, 66, 16, 83
38, 133, 16, 84
38, 367, 16, 13
38, 23, 16, 61
38, 281, 16, 10
38, 223, 16, 34
38, 193, 17, 31
38, 66, 17, 83
38, 227, 17, 92
38, 131, 17, 35
38, 100, 17, 39
38, 398, 17, 69
38, 305, 17, 85
38, 307, 17, 52
38, 311, 17, 11
38, 383, 17, 84
38, 66, 18, 83
38, 259, 18, 13
38, 130, 18, 15
38, 294, 18, 65
38, 74, 18, 37
38, 170, 18, 12
38, 332, 18, 49
38, 398, 18, 69
38, 78, 18, 91
38, 273, 18, 27
38, 82, 18, 96
38, 370, 18, 88
38, 20, 18, 27
38, 276, 18, 32
38, 83, 18, 26
38, 375, 18, 44
38, 279, 18, 93
38, 129, 19, 52
38, 166, 19, 74
38, 78, 19, 91
38, 311, 19, 11
38, 344, 19, 95
38, 69, 20, 20
38, 295, 20, 2
38, 143, 20, 96
38, 148, 20, 75
38, 88, 20, 53
38, 191, 20, 99
38, 192, 21, 44
38, 96, 21, 56
38, 130, 21, 15
38, 74, 21, 37
38, 16, 21, 26
38, 371, 21, 22
38, 54, 21, 66
38, 248, 21, 31
38, 318, 21, 50
38, 96, 22, 56
38, 353, 22, 4
38, 382, 22, 61
38, 330, 22, 53
38, 203, 22, 68
38, 143, 22, 96
38, 27, 22, 55
38, 60, 22, 23
38, 222, 22, 93
38, 387, 23, 3
38, 255, 23, 73
38, 8, 23, 82
38, 10, 23, 62
38, 276, 23, 32
38, 280, 23, 13
38, 156, 23, 28
38, 34, 23, 81
38, 293, 23, 20
38, 186, 23, 80
38, 315, 23, 13
38, 317, 23, 12
38, 323, 23, 96
38, 77, 23, 76
38, 78, 23, 91
38, 364, 23, 98
38, 379, 23, 83
38, 118, 23, 82
38, 123, 23, 33
38, 383, 23, 84
38, 237, 24, 23
38, 335, 24, 85
38, 180, 24, 55
38, 20, 24, 27
38, 148, 24, 75
38, 164, 25, 68
38, 359, 25, 41
38, 327, 25, 10
38, 295, 25, 2
38, 329, 25, 75
38, 75, 25, 29
38, 369, 25, 30
38, 82, 25, 96
38, 113, 25, 68
38, 278, 25, 96
38, 26, 25, 87
38, 379, 25, 83
38, 30, 25, 84
38, 32, 26, 95
38, 322, 26, 95
38, 4, 26, 56
38, 326, 26, 54
38, 264, 26, 88
38, 330, 26, 53
38, 116, 26, 25
38, 257, 27, 92
38, 161, 27, 46
38, 291, 27, 21
38, 388, 27, 38
38, 36, 27, 40
38, 6, 27, 97
38, 172, 27, 26
38, 141, 27, 24
38, 145, 27, 26
38, 242, 27, 14
38, 179, 27, 96
38, 147, 27, 72
38, 214, 27, 86
38, 247, 27, 58
38, 187, 27, 9
38, 92, 27, 53
38, 30, 27, 84
38, 65, 28, 13
38, 162, 28, 20
38, 135, 28, 9
38, 330, 28, 53
38, 267, 28, 95
38, 298, 28, 34
38, 202, 28, 77
38, 203, 28, 68
38, 301, 28, 63
38, 337, 28, 1
38, 49, 28, 72
38, 20, 28, 27
38, 117, 28, 67
38, 60, 28, 23
38, 376, 29, 12
38, 70, 29, 91
38, 136, 29, 75
38, 377, 29, 37
38, 298, 29, 34
38, 234, 29, 39
38, 13, 29, 71
38, 370, 29, 88
38, 116, 29, 25
38, 21, 29, 18
38, 246, 29, 24
38, 56, 29, 86
38, 345, 29, 82
38, 122, 29, 18
38, 219, 29, 33
38, 157, 29, 71
38, 0, 30, 90
38, 258, 30, 15
38, 153, 30, 32
38, 166, 30, 74
38, 135, 30, 9
38, 105, 30, 47
38, 77, 30, 76
38, 303, 30, 96
38, 209, 30, 94
38, 339, 30, 51
38, 307, 30, 52
38, 22, 30, 75
38, 30, 30, 84
38, 185, 30, 84
38, 378, 30, 35
38, 158, 30, 61
38, 286, 30, 41
38, 95, 30, 37
38, 320, 31, 79
38, 258, 31, 15
38, 323, 31, 96
38, 36, 31, 40
38, 2, 31, 25
38, 41, 31, 61
38, 74, 31, 37
38, 331, 31, 19
38, 301, 31, 63
38, 207, 31, 49
38, 304, 31, 18
38, 47, 31, 78
38, 370, 31, 88
38, 338, 31, 60
38, 336, 31, 36
38, 311, 31, 11
38, 378, 31, 35
38, 91, 31, 83
38, 389, 32, 91
38, 150, 32, 6
38, 151, 32, 19
38, 27, 32, 55
38, 287, 32, 90
38, 61, 32, 30
38, 208, 32, 70
38, 209, 32, 94
38, 337, 32, 1
38, 211, 32, 95
38, 88, 32, 53
38, 349, 32, 97
38, 354, 32, 34
38, 357, 32, 18
38, 103, 32, 61
38, 235, 32, 36
38, 240, 32, 40
38, 246, 32, 24
38, 252, 32, 33
38, 127, 32, 10
38, 34, 33, 81
38, 390, 33, 32
38, 368, 33, 87
38, 90, 33, 8
38, 155, 33, 24
38, 291, 34, 21
38, 360, 34, 45
38, 282, 34, 26
38, 301, 34, 63
38, 211, 34, 95
38, 342, 34, 20
38, 281, 34, 10
38, 122, 34, 18
38, 0, 35, 90
38, 132, 35, 85
38, 359, 35, 41
38, 137, 35, 83
38, 107, 35, 14
38, 235, 35, 36
38, 303, 35, 96
38, 307, 35, 52
38, 23, 35, 61
38, 277, 35, 11
38, 245, 35, 91
38, 151, 35, 19
38, 309, 35, 78
38, 27, 35, 55
38, 253, 35, 81
38, 383, 35, 84
38, 3, 36, 100
38, 273, 36, 27
38, 341, 36, 42
38, 86, 36, 11
38, 28, 36, 50
38, 384, 37, 86
38, 227, 37, 92
38, 167, 37, 92
38, 266, 37, 90
38, 239, 37, 95
38, 112, 37, 55
38, 210, 37, 23
38, 370, 37, 88
38, 115, 37, 36
38, 216, 37, 2
38, 90, 37, 8
38, 286, 37, 41
38, 160, 38, 23
38, 289, 38, 2
38, 352, 38, 66
38, 100, 38, 39
38, 166, 38, 74
38, 7, 38, 44
38, 327, 38, 10
38, 233, 38, 54
38, 266, 38, 90
38, 397, 38, 15
38, 78, 38, 91
38, 190, 38, 58
38, 53, 38, 53
38, 316, 38, 54
38, 119, 38, 100
38, 282, 38, 26
38, 348, 38, 49
38, 94, 38, 20
38, 74, 39, 37
38, 208, 39, 70
38, 307, 39, 52
38, 148, 39, 75
38, 25, 39, 14
38, 250, 39, 97
38, 59, 39, 71
38, 327, 40, 10
38, 235, 40, 36
38, 372, 40, 45
38, 216, 40, 2
38, 89, 40, 24
38, 159, 40, 24
38, 390, 41, 32
38, 71, 41, 87
38, 48, 41, 52
38, 369, 41, 30
38, 54, 41, 66
38, 249, 41, 38
38, 314, 41, 31
38, 323, 42, 96
38, 228, 42, 68
38, 8, 42, 82
38, 301, 42, 63
38, 367, 42, 13
38, 175, 42, 35
38, 82, 42, 96
38, 210, 42, 23
38, 179, 42, 96
38, 180, 42, 55
38, 283, 42, 62
38, 60, 42, 23
38, 159, 42, 24
38, 193, 43, 31
38, 35, 43, 66
38, 331, 43, 19
38, 139, 43, 62
38, 174, 43, 18
38, 207, 43, 49
38, 79, 43, 1
38, 18, 43, 32
38, 115, 43, 36
38, 250, 43, 97
38, 380, 43, 3
38, 157, 43, 71
38, 32, 44, 95
38, 1, 44, 30
38, 261, 44, 63
38, 328, 44, 81
38, 73, 44, 63
38, 200, 44, 20
38, 138, 44, 81
38, 364, 44, 98
38, 332, 44, 49
38, 43, 44, 70
38, 49, 44, 72
38, 180, 44, 55
38, 116, 44, 25
38, 277, 44, 11
38, 375, 44, 44
38, 217, 44, 14
38, 286, 44, 41
38, 321, 45, 26
38, 130, 45, 15
38, 259, 45, 13
38, 106, 45, 80
38, 175, 45, 35
38, 117, 45, 67
38, 375, 45, 44
38, 62, 45, 16
38, 140, 46, 3
38, 145, 46, 26
38, 243, 46, 19
38, 245, 46, 91
38, 344, 46, 95
38, 288, 47, 12
38, 161, 47, 46
38, 198, 47, 48
38, 231, 47, 87
38, 168, 47, 98
38, 102, 47, 8
38, 394, 47, 53
38, 363, 47, 39
38, 204, 47, 75
38, 301, 47, 63
38, 234, 47, 39
38, 335, 47, 85
38, 240, 47, 40
38, 178, 47, 91
38, 153, 47, 32
38, 94, 47, 20
38, 319, 47, 12
38, 1, 48, 30
38, 289, 48, 2
38, 389, 48, 91
38, 142, 48, 84
38, 180, 48, 55
38, 213, 48, 88
38, 185, 48, 84
38, 192, 49, 44
38, 258, 49, 15
38, 201, 49, 54
38, 234, 49, 39
38, 362, 49, 69
38, 269, 49, 24
38, 142, 49, 84
38, 14, 49, 56
38, 347, 49, 51
38, 211, 49, 95
38, 84, 49, 69
38, 53, 49, 53
38, 379, 49, 83
38, 94, 49, 20
38, 351, 49, 68
38, 96, 50, 56
38, 0, 50, 90
38, 2, 50, 25
38, 102, 50, 8
38, 198, 50, 48
38, 9, 50, 67
38, 172, 50, 26
38, 334, 50, 63
38, 78, 50, 91
38, 271, 50, 33
38, 336, 50, 36
38, 372, 50, 45
38, 52, 50, 11
38, 87, 50, 89
38, 124, 50, 3
38, 221, 50, 92
38, 163, 51, 70
38, 4, 51, 56
38, 70, 51, 91
38, 39, 51, 53
38, 7, 51, 44
38, 201, 51, 54
38, 273, 51, 27
38, 84, 51, 69
38, 181, 51, 42
38, 187, 51, 9
38, 62, 51, 16
38, 391, 52, 45
38, 264, 52, 88
38, 46, 52, 17
38, 367, 52, 13
38, 270, 52, 39
38, 305, 52, 85
38, 278, 52, 96
38, 159, 52, 24
38, 68, 53, 78
38, 71, 53, 87
38, 360, 53, 45
38, 268, 53, 61
38, 143, 53, 96
38, 84, 53, 69
38, 373, 53, 96
38, 246, 53, 24
38, 250, 53, 97
38, 93, 53, 6
38, 129, 54, 52
38, 385, 54, 30
38, 1, 54, 30
38, 7, 54, 44
38, 145, 54, 26
38, 151, 54, 19
38, 291, 54, 21
38, 163, 54, 70
38, 173, 54, 69
38, 322, 54, 95
38, 80, 54, 27
38, 91, 54, 83
38, 365, 54, 39
38, 237, 54, 23
38, 110, 54, 69
38, 112, 54, 55
38, 247, 54, 58
38, 382, 54, 61
38, 255, 54, 73
38, 290, 55, 8
38, 164, 55, 68
38, 390, 55, 32
38, 298, 55, 34
38, 398, 55, 69
38, 270, 55, 39
38, 343, 55, 33
38, 313, 55, 57
38, 251, 55, 82
38, 157, 55, 71
38, 223, 55, 34
38, 352, 56, 66
38, 1, 56, 30
38, 35, 56, 66
38, 260, 56, 31
38, 262, 56, 20
38, 391, 56, 45
38, 203, 56, 68
38, 14, 56, 56
38, 48, 56, 52
38, 19, 56, 60
38, 183, 56, 10
38, 128, 57, 89
38, 1, 57, 30
38, 226, 57, 20
38, 195, 57, 31
38, 3, 57, 100
38, 67, 57, 50
38, 166, 57, 74
38, 199, 57, 63
38, 104, 57, 75
38, 11, 57, 27
38, 17, 57, 48
38, 147, 57, 72
38, 118, 57, 82
38, 375, 57, 44
38, 185, 57, 84
38, 58, 57, 83
38, 386, 58, 48
38, 67, 58, 50
38, 37, 58, 6
38, 103, 58, 61
38, 268, 58, 61
38, 14, 58, 56
38, 29, 58, 20
38, 374, 58, 74
38, 216, 58, 2
38, 253, 58, 81
38, 160, 59, 23
38, 191, 59, 99
38, 131, 59, 35
38, 391, 59, 45
38, 142, 59, 84
38, 239, 59, 95
38, 238, 59, 13
38, 54, 59, 66
38, 312, 59, 99
38, 377, 59, 37
38, 347, 59, 51
38, 124, 59, 3
38, 95, 59, 37
38, 131, 60, 35
38, 324, 60, 8
38, 363, 60, 39
38, 397, 60, 15
38, 177, 60, 42
38, 214, 60, 86
38, 255, 60, 73
38, 321, 61, 26
38, 185, 61, 84
38, 41, 61, 61
38, 75, 61, 29
38, 269, 61, 24
38, 302, 61, 41
38, 276, 61, 32
38, 373, 61, 96
38, 150, 61, 6
38, 21, 61, 18
38, 312, 61, 99
38, 345, 61, 82
38, 282, 61, 26
38, 278, 61, 96
38, 348, 61, 49
38, 94, 61, 20
38, 257, 62, 92
38, 194, 62, 99
38, 291, 62, 21
38, 34, 62, 81
38, 390, 62, 32
38, 199, 62, 63
38, 200, 62, 20
38, 336, 62, 36
38, 309, 62, 78
38, 54, 62, 66
38, 63, 62, 92
38, 224, 63, 63
38, 162, 63, 20
38, 130, 63, 15
38, 356, 63, 21
38, 201, 63, 54
38, 365, 63, 39
38, 271, 63, 33
38, 51, 63, 65
38, 115, 63, 36
38, 213, 63, 88
38, 313, 63, 57
38, 347, 63, 51
38, 60, 63, 23
38, 381, 63, 94
38, 225, 64, 76
38, 353, 64, 4
38, 4, 64, 56
38, 198, 64, 48
38, 332, 64, 49
38, 302, 64, 41
38, 398, 64, 69
38, 179, 64, 96
38, 149, 64, 6
38, 125, 64, 23
38, 257, 65, 92
38, 130, 65, 15
38, 263, 65, 29
38, 275, 65, 75
38, 21, 65, 18
38, 44, 65, 56
38, 181, 65, 42
38, 186, 65, 80
38, 314, 65, 31
38, 315, 65, 13
38, 195, 65, 31
38, 326, 65, 54
38, 329, 65, 75
38, 88, 65, 53
38, 228, 65, 68
38, 356, 65, 21
38, 367, 65, 13
38, 370, 65, 88
38, 124, 65, 3
38, 382, 65, 61
38, 1, 66, 30
38, 194, 66, 99
38, 5, 66, 30
38, 389, 66, 91
38, 327, 66, 10
38, 42, 66, 16
38, 74, 66, 37
38, 140, 66, 3
38, 397, 66, 15
38, 207, 66, 49
38, 303, 66, 96
38, 381, 66, 94
38, 184, 66, 91
38, 90, 66, 8
38, 88, 66, 53
38, 253, 66, 81
38, 191, 66, 99
38, 261, 67, 63
38, 326, 67, 54
38, 330, 67, 53
38, 14, 67, 56
38, 335, 67, 85
38, 51, 67, 65
38, 244, 67, 46
38, 245, 67, 91
38, 22, 67, 75
38, 276, 67, 32
38, 52, 67, 11
38, 282, 67, 26
38, 384, 68, 86
38, 131, 68, 35
38, 132, 68, 85
38, 262, 68, 20
38, 7, 68, 44
38, 399, 68, 61
38, 274, 68, 49
38, 276, 68, 32
38, 29, 68, 20
38, 39, 68, 53
38, 176, 68, 66
38, 309, 68, 78
38, 187, 68, 9
38, 62, 68, 16
38, 69, 68, 20
38, 340, 68, 32
38, 359, 68, 41
38, 232, 68, 75
38, 375, 68, 44
38, 196, 69, 71
38, 8, 69, 82
38, 233, 69, 54
38, 297, 69, 42
38, 141, 69, 24
38, 338, 69, 60
38, 89, 69, 24
38, 224, 70, 63
38, 165, 70, 83
38, 295, 70, 2
38, 105, 70, 47
38, 363, 70, 39
38, 57, 70, 60
38, 304, 70, 18
38, 370, 70, 88
38, 243, 70, 19
38, 310, 70, 4
38, 253, 70, 81
38, 252, 70, 33
38, 157, 70, 71
38, 223, 70, 34
38, 0, 71, 90
38, 33, 71, 18
38, 353, 71, 4
38, 131, 71, 35
38, 70, 71, 91
38, 106, 71, 80
38, 235, 71, 36
38, 141, 71, 24
38, 399, 71, 61
38, 271, 71, 33
38, 210, 71, 23
38, 214, 71, 86
38, 119, 71, 100
38, 184, 71, 91
38, 347, 71, 51
38, 252, 71, 33
38, 95, 71, 37
38, 127, 71, 10
38, 193, 72, 31
38, 355, 72, 80
38, 79, 72, 1
38, 17, 72, 48
38, 243, 72, 19
38, 213, 72, 88
38, 245, 72, 91
38, 153, 72, 32
38, 162, 73, 20
38, 323, 73, 96
38, 228, 73, 68
38, 195, 73, 31
38, 263, 73, 29
38, 140, 73, 3
38, 188, 73, 21
38, 227, 74, 92
38, 297, 74, 42
38, 364, 74, 98
38, 146, 74, 4
38, 19, 74, 60
38, 221, 74, 92
38, 126, 74, 74
38, 286, 74, 41
38, 8, 75, 82
38, 137, 75, 83
38, 232, 75, 75
38, 176, 75, 66
38, 341, 75, 42
38, 184, 75, 91
38, 281, 75, 10
38, 59, 75, 71
38, 382, 75, 61
38, 160, 76, 23
38, 227, 76, 92
38, 356, 76, 21
38, 35, 76, 66
38, 329, 76, 75
38, 335, 76, 85
38, 111, 76, 81
38, 212, 76, 72
38, 86, 76, 11
38, 152, 76, 99
38, 121, 76, 42
38, 317, 76, 12
38, 284, 76, 29
38, 93, 76, 6
38, 65, 77, 13
38, 355, 77, 80
38, 100, 77, 39
38, 5, 77, 30
38, 134, 77, 45
38, 110, 77, 69
38, 304, 77, 18
38, 339, 77, 51
38, 244, 77, 46
38, 309, 77, 78
38, 215, 77, 10
38, 90, 77, 8
38, 0, 78, 90
38, 162, 78, 20
38, 7, 78, 44
38, 359, 78, 41
38, 361, 78, 24
38, 394, 78, 53
38, 265, 78, 13
38, 333, 78, 17
38, 46, 78, 17
38, 78, 78, 91
38, 176, 78, 66
38, 111, 78, 81
38, 242, 78, 14
38, 29, 78, 20
38, 30, 78, 84
38, 67, 79, 50
38, 37, 79, 6
38, 102, 79, 8
38, 9, 79, 67
38, 395, 79, 33
38, 366, 79, 60
38, 271, 79, 33
38, 304, 79, 18
38, 368, 79, 87
38, 213, 79, 88
38, 248, 79, 31
38, 185, 79, 84
38, 123, 79, 33
38, 284, 79, 29
38, 35, 80, 66
38, 325, 80, 85
38, 391, 80, 45
38, 186, 80, 80
38, 7, 80, 44
38, 74, 80, 37
38, 237, 80, 23
38, 205, 80, 14
38, 339, 80, 51
38, 150, 80, 6
38, 26, 80, 87
38, 190, 80, 58
38, 288, 81, 12
38, 163, 81, 70
38, 68, 81, 78
38, 292, 81, 94
38, 165, 81, 83
38, 328, 81, 81
38, 365, 81, 39
38, 81, 81, 68
38, 306, 81, 96
38, 305, 81, 85
38, 247, 81, 58
38, 377, 81, 37
38, 282, 81, 26
38, 283, 81, 62
38, 126, 81, 74
38, 224, 82, 63
38, 353, 82, 4
38, 67, 82, 50
38, 166, 82, 74
38, 167, 82, 92
38, 71, 82, 87
38, 76, 82, 67
38, 245, 82, 91
38, 313, 82, 57
38, 250, 82, 97
38, 189, 82, 93
38, 161, 83, 46
38, 353, 83, 4
38, 260, 83, 31
38, 329, 83, 75
38, 77, 83, 76
38, 179, 83, 96
38, 372, 83, 45
38, 307, 83, 52
38, 91, 83, 83
38, 381, 83, 94
38, 354, 84, 34
38, 232, 84, 75
38, 299, 84, 65
38, 332, 84, 49
38, 173, 84, 69
38, 139, 84, 62
38, 336, 84, 36
38, 210, 84, 23
38, 339, 84, 51
38, 371, 84, 22
38, 178, 84, 91
38, 52, 84, 11
38, 55, 84, 90
38, 84, 84, 69
38, 382, 84, 61
38, 225, 85, 76
38, 1, 85, 30
38, 387, 85, 3
38, 100, 85, 39
38, 133, 85, 84
38, 358, 85, 1
38, 73, 85, 63
38, 218, 85, 82
38, 109, 85, 31
38, 79, 85, 1
38, 175, 85, 35
38, 211, 85, 95
38, 310, 85, 4
38, 119, 85, 100
38, 122, 85, 18
38, 62, 85, 16
38, 289, 86, 2
38, 359, 86, 41
38, 169, 86, 26
38, 106, 86, 80
38, 302, 86, 41
38, 174, 86, 18
38, 334, 86, 63
38, 398, 86, 69
38, 208, 86, 70
38, 342, 86, 20
38, 344, 86, 95
38, 346, 86, 52
38, 27, 86, 55
38, 381, 86, 94
38, 320, 87, 79
38, 192, 87, 44
38, 229, 87, 6
38, 72, 87, 99
38, 267, 87, 95
38, 301, 87, 63
38, 174, 87, 18
38, 48, 87, 52
38, 80, 87, 27
38, 305, 87, 85
38, 53, 87, 53
38, 24, 87, 49
38, 90, 87, 8
38, 222, 87, 93
38, 62, 87, 16
38, 104, 88, 75
38, 265, 88, 13
38, 14, 88, 56
38, 367, 88, 13
38, 251, 88, 82
38, 288, 89, 12
38, 68, 89, 78
38, 230, 89, 30
38, 102, 89, 8
38, 8, 89, 82
38, 298, 89, 34
38, 364, 89, 98
38, 14, 89, 56
38, 110, 89, 69
38, 366, 89, 60
38, 92, 89, 53
38, 371, 89, 22
38, 179, 89, 96
38, 308, 89, 34
38, 22, 89, 75
38, 87, 89, 89
38, 347, 89, 51
38, 156, 89, 28
38, 32, 90, 95
38, 227, 90, 92
38, 68, 90, 78
38, 323, 90, 96
38, 39, 90, 53
38, 235, 90, 36
38, 205, 90, 14
38, 142, 90, 84
38, 398, 90, 69
38, 238, 90, 13
38, 241, 90, 3
38, 243, 90, 19
38, 212, 90, 72
38, 179, 90, 96
38, 288, 91, 12
38, 353, 91, 4
38, 334, 91, 63
38, 57, 91, 60
38, 94, 91, 20
38, 100, 92, 39
38, 197, 92, 55
38, 391, 92, 45
38, 334, 92, 63
38, 174, 92, 18
38, 209, 92, 94
38, 115, 92, 36
38, 118, 92, 82
38, 374, 92, 74
38, 24, 92, 49
38, 249, 92, 38
38, 28, 92, 50
38, 95, 92, 37
38, 328, 93, 81
38, 9, 93, 67
38, 77, 93, 76
38, 80, 93, 27
38, 246, 93, 24
38, 215, 93, 10
38, 91, 93, 83
38, 34, 94, 81
38, 162, 94, 20
38, 230, 94, 30
38, 365, 94, 39
38, 45, 94, 45
38, 308, 94, 34
38, 54, 94, 66
38, 28, 94, 50
38, 351, 94, 68
38, 261, 95, 63
38, 41, 95, 61
38, 331, 95, 19
38, 340, 95, 32
38, 86, 95, 11
38, 314, 95, 31
38, 251, 95, 82
38, 188, 95, 21
38, 382, 95, 61
38, 95, 95, 37
38, 99, 96, 24
38, 299, 96, 65
38, 139, 96, 62
38, 178, 96, 91
38, 126, 96, 74
38, 384, 97, 86
38, 1, 97, 30
38, 258, 97, 15
38, 355, 97, 80
38, 133, 97, 84
38, 106, 97, 80
38, 174, 97, 18
38, 302, 97, 41
38, 25, 97, 14
38, 380, 97, 3
38, 65, 98, 13
38, 228, 98, 68
38, 389, 98, 91
38, 198, 98, 48
38, 232, 98, 75
38, 328, 98, 81
38, 27, 98, 55
38, 395, 98, 33
38, 236, 98, 40
38, 235, 98, 36
38, 117, 98, 67
38, 151, 98, 19
38, 186, 98, 80
38, 155, 98, 24
38, 351, 98, 68
38, 193, 99, 31
38, 164, 99, 68
38, 169, 99, 26
38, 265, 99, 13
38, 139, 99, 62
38, 398, 99, 69
38, 16, 100, 26
38, 337, 100, 1
38, 113, 100, 68
38, 252, 100, 33
38, 125, 100, 23
38, 322, 101, 95
38, 42, 101, 16
38, 170, 101, 12
38, 78, 101, 91
38, 273, 101, 27
38, 95, 101, 37
38, 92, 101, 53
38, 222, 101, 93
38, 159, 101, 24
38, 7, 102, 44
38, 9, 102, 67
38, 265, 102, 13
38, 273, 102, 27
38, 152, 102, 99
38, 155, 102, 24
38, 286, 102, 41
38, 289, 102, 2
38, 291, 102, 21
38, 66, 102, 83
38, 68, 102, 78
38, 337, 102, 1
38, 96, 102, 56
38, 359, 102, 41
38, 233, 102, 54
38, 370, 102, 88
38, 377, 102, 37
38, 378, 102, 35
38, 126, 102, 74
38, 4, 103, 56
38, 228, 103, 68
38, 260, 103, 31
38, 103, 103, 61
38, 357, 103, 18
38, 328, 103, 81
38, 199, 103, 63
38, 170, 103, 12
38, 204, 103, 75
38, 295, 103, 2
38, 336, 103, 36
38, 119, 103, 100
38, 214, 103, 86
38, 182, 103, 65
38, 54, 103, 66
38, 185, 103, 84
38, 311, 103, 11
38, 133, 104, 84
38, 170, 104, 12
38, 80, 104, 27
38, 53, 104, 53
38, 25, 104, 14
38, 187, 104, 9
38, 328, 105, 81
38, 77, 105, 76
38, 301, 105, 63
38, 211, 105, 95
38, 348, 105, 49
38, 288, 106, 12
38, 39, 106, 53
38, 167, 106, 92
38, 105, 106, 47
38, 91, 106, 83
38, 171, 106, 51
38, 72, 106, 99
38, 303, 106, 96
38, 177, 106, 42
38, 58, 106, 83
38, 379, 106, 83
38, 159, 106, 24
38, 291, 107, 21
38, 357, 107, 18
38, 39, 107, 53
38, 234, 107, 39
38, 238, 107, 13
38, 181, 107, 42
38, 284, 107, 29
38, 381, 107, 94
38, 287, 107, 90
38, 385, 108, 30
38, 257, 108, 92
38, 258, 108, 15
38, 324, 108, 8
38, 36, 108, 40
38, 230, 108, 30
38, 132, 108, 85
38, 259, 108, 13
38, 393, 108, 87
38, 9, 108, 67
38, 13, 108, 71
38, 269, 108, 24
38, 237, 108, 23
38, 245, 108, 91
38, 149, 108, 6
38, 30, 108, 84
38, 158, 108, 61
38, 290, 109, 8
38, 232, 109, 75
38, 237, 109, 23
38, 246, 109, 24
38, 342, 109, 20
38, 126, 109, 74
38, 4, 110, 56
38, 139, 110, 62
38, 289, 110, 2
38, 179, 110, 96
38, 54, 110, 66
38, 326, 110, 54
38, 200, 110, 20
38, 74, 110, 37
38, 75, 110, 29
38, 204, 110, 75
38, 223, 110, 34
38, 232, 110, 75
38, 361, 110, 24
38, 107, 110, 14
38, 367, 110, 13
38, 368, 110, 87
38, 244, 110, 46
38, 125, 110, 23
38, 382, 110, 61
38, 386, 111, 48
38, 262, 111, 20
38, 199, 111, 63
38, 296, 111, 57
38, 168, 111, 98
38, 10, 111, 62
38, 170, 111, 12
38, 76, 111, 67
38, 301, 111, 63
38, 327, 111, 10
38, 113, 111, 68
38, 309, 111, 78
38, 150, 111, 6
38, 189, 111, 93
38, 287, 111, 90
38, 97, 112, 70
38, 223, 112, 34
38, 90, 112, 8
38, 231, 112, 87
38, 8, 112, 82
38, 86, 112, 11
38, 215, 112, 10
38, 374, 112, 74
38, 378, 112, 35
38, 158, 112, 61
38, 63, 112, 92
38, 66, 113, 83
38, 197, 113, 55
38, 69, 113, 20
38, 137, 113, 83
38, 108, 113, 12
38, 366, 113, 60
38, 175, 113, 35
38, 142, 113, 84
38, 145, 113, 26
38, 47, 113, 78
38, 340, 113, 32
38, 246, 113, 24
38, 125, 113, 23
38, 4, 114, 56
38, 14, 114, 56
38, 15, 114, 42
38, 148, 114, 75
38, 280, 114, 13
38, 152, 114, 99
38, 155, 114, 24
38, 160, 114, 23
38, 295, 114, 2
38, 41, 114, 61
38, 50, 114, 81
38, 184, 114, 91
38, 314, 114, 31
38, 193, 114, 31
38, 67, 114, 50
38, 68, 114, 78
38, 69, 114, 20
38, 218, 114, 82
38, 361, 114, 24
38, 255, 114, 73
38, 135, 115, 9
38, 145, 115, 26
38, 155, 115, 24
38, 29, 115, 20
38, 309, 115, 78
38, 312, 115, 99
38, 59, 115, 71
38, 318, 115, 50
38, 328, 115, 81
38, 202, 115, 77
38, 84, 115, 69
38, 218, 115, 82
38, 348, 115, 49
38, 222, 115, 93
38, 100, 115, 39
38, 229, 115, 6
38, 108, 115, 12
38, 249, 115, 38
38, 254, 115, 48
38, 33, 116, 18
38, 105, 116, 47
38, 10, 116, 62
38, 109, 116, 31
38, 206, 116, 98
38, 272, 116, 20
38, 243, 116, 19
38, 21, 116, 18
38, 23, 116, 61
38, 319, 116, 12
38, 295, 117, 2
38, 394, 117, 53
38, 236, 117, 40
38, 334, 117, 63
38, 61, 117, 30
38, 309, 117, 78
38, 182, 117, 65
38, 86, 117, 11
38, 152, 117, 99
38, 157, 117, 71
38, 350, 117, 62
38, 129, 118, 52
38, 4, 118, 56
38, 389, 118, 91
38, 165, 118, 83
38, 71, 118, 87
38, 14, 118, 56
38, 378, 118, 35
38, 48, 118, 52
38, 306, 118, 96
38, 347, 118, 51
38, 278, 118, 96
38, 22, 118, 75
38, 344, 118, 95
38, 377, 118, 37
38, 346, 118, 52
38, 283, 118, 62
38, 127, 118, 10
38, 256, 119, 23
38, 96, 119, 56
38, 1, 119, 30
38, 100, 119, 39
38, 324, 119, 8
38, 167, 119, 92
38, 267, 119, 95
38, 76, 119, 67
38, 140, 119, 3
38, 46, 119, 17
38, 303, 119, 96
38, 48, 119, 52
38, 370, 119, 88
38, 83, 119, 26
38, 212, 119, 72
38, 277, 119, 11
38, 345, 119, 82
38, 220, 119, 12
38, 224, 120, 63
38, 130, 120, 15
38, 163, 120, 70
38, 3, 120, 100
38, 37, 120, 6
38, 102, 120, 8
38, 206, 120, 98
38, 367, 120, 13
38, 110, 120, 69
38, 305, 120, 85
38, 82, 120, 96
38, 276, 120, 32
38, 24, 120, 49
38, 217, 120, 14
38, 284, 120, 29
38, 222, 120, 93
38, 216, 120, 2
38, 259, 121, 13
38, 136, 121, 75
38, 332, 121, 49
38, 301, 121, 63
38, 110, 121, 69
38, 49, 121, 72
38, 113, 121, 68
38, 243, 121, 19
38, 117, 121, 67
38, 379, 121, 83
38, 29, 121, 20
38, 318, 121, 50
38, 293, 122, 20
38, 392, 122, 51
38, 297, 122, 42
38, 138, 122, 81
38, 361, 122, 24
38, 266, 122, 90
38, 397, 122, 15
38, 299, 122, 65
38, 143, 122, 96
38, 108, 122, 12
38, 303, 122, 96
38, 209, 122, 94
38, 339, 122, 51
38, 52, 122, 11
38, 53, 122, 53
38, 61, 122, 30
38, 129, 123, 52
38, 162, 123, 20
38, 66, 123, 83
38, 72, 123, 99
38, 264, 123, 88
38, 298, 123, 34
38, 75, 123, 29
38, 203, 123, 68
38, 302, 123, 41
38, 206, 123, 98
38, 271, 123, 33
38, 338, 123, 60
38, 373, 123, 96
38, 29, 123, 20
38, 99, 124, 24
38, 197, 124, 55
38, 104, 124, 75
38, 264, 124, 88
38, 338, 124, 60
38, 147, 124, 72
38, 180, 124, 55
38, 150, 124, 6
38, 387, 125, 3
38, 131, 125, 35
38, 138, 125, 81
38, 148, 125, 75
38, 31, 125, 73
38, 291, 125, 21
38, 164, 125, 68
38, 174, 125, 18
38, 302, 125, 41
38, 176, 125, 66
38, 306, 125, 96
38, 179, 125, 96
38, 183, 125, 10
38, 63, 125, 92
38, 322, 125, 95
38, 210, 125, 23
38, 229, 125, 6
38, 117, 125, 67
38, 253, 125, 81
38, 224, 126, 63
38, 65, 126, 13
38, 133, 126, 84
38, 232, 126, 75
38, 171, 126, 51
38, 332, 126, 49
38, 45, 126, 45
38, 333, 126, 17
38, 140, 126, 3
38, 176, 126, 66
38, 274, 126, 49
38, 148, 126, 75
38, 248, 126, 31
38, 58, 126, 83
38, 187, 126, 9
38, 156, 126, 28
38, 261, 127, 63
38, 393, 127, 87
38, 171, 127, 51
38, 332, 127, 49
38, 78, 127, 91
38, 47, 127, 78
38, 303, 127, 96
38, 305, 127, 85
38, 110, 127, 69
38, 112, 127, 55
38, 23, 127, 61
38, 84, 127, 69
38, 343, 127, 33
38, 24, 127, 49
38, 157, 127, 71
38, 286, 127, 41
38, 288, 128, 12
38, 321, 128, 26
38, 163, 128, 70
38, 203, 128, 68
38, 312, 128, 99
38, 221, 128, 92
38, 256, 129, 23
38, 353, 129, 4
38, 291, 129, 21
38, 68, 129, 78
38, 69, 129, 20
38, 70, 129, 91
38, 327, 129, 10
38, 104, 129, 75
38, 395, 129, 33
38, 299, 129, 65
38, 333, 129, 17
38, 396, 129, 75
38, 397, 129, 15
38, 112, 129, 55
38, 84, 129, 69
38, 212, 129, 72
38, 246, 129, 24
38, 342, 129, 20
38, 257, 130, 92
38, 8, 130, 82
38, 50, 130, 81
38, 117, 130, 67
38, 31, 130, 73
38, 385, 131, 30
38, 342, 131, 20
38, 312, 131, 99
38, 60, 131, 23
38, 190, 131, 58
38, 293, 132, 20
38, 198, 132, 48
38, 149, 132, 6
38, 217, 132, 14
38, 253, 132, 81
38, 25, 132, 14
38, 64, 133, 57
38, 196, 133, 71
38, 203, 133, 68
38, 45, 133, 45
38, 114, 133, 45
38, 249, 133, 38
38, 91, 133, 83
38, 349, 133, 97
38, 391, 134, 45
38, 71, 134, 87
38, 9, 134, 67
38, 397, 134, 15
38, 271, 134, 33
38, 242, 134, 14
38, 370, 134, 88
38, 180, 134, 55
38, 54, 134, 66
38, 121, 134, 42
38, 316, 134, 54
38, 351, 134, 68
38, 68, 135, 78
38, 357, 135, 18
38, 199, 135, 63
38, 298, 135, 34
38, 76, 135, 67
38, 270, 135, 39
38, 17, 135, 48
38, 81, 135, 68
38, 246, 135, 24
38, 376, 135, 12
38, 377, 135, 37
38, 186, 135, 80
38, 315, 135, 13
38, 92, 135, 53
38, 29, 135, 20
38, 263, 136, 29
38, 264, 136, 88
38, 396, 136, 75
38, 146, 136, 4
38, 279, 136, 93
38, 34, 136, 81
38, 312, 136, 99
38, 340, 136, 32
38, 346, 136, 52
38, 219, 136, 33
38, 350, 136, 62
38, 351, 136, 68
38, 354, 136, 34
38, 356, 136, 21
38, 101, 136, 31
38, 109, 136, 31
38, 115, 136, 36
38, 252, 136, 33
38, 381, 136, 94
38, 288, 137, 12
38, 193, 137, 31
38, 256, 137, 23
38, 69, 137, 20
38, 106, 137, 80
38, 203, 137, 68
38, 145, 137, 26
38, 19, 137, 60
38, 374, 137, 74
38, 375, 137, 44
38, 62, 137, 16
38, 280, 138, 13
38, 2, 138, 25
38, 391, 138, 45
38, 72, 138, 99
38, 71, 138, 87
38, 233, 138, 54
38, 50, 138, 81
38, 275, 138, 75
38, 340, 138, 32
38, 184, 138, 91
38, 121, 138, 42
38, 379, 138, 83
38, 385, 139, 30
38, 259, 139, 13
38, 197, 139, 55
38, 70, 139, 91
38, 272, 139, 20
38, 242, 139, 14
38, 84, 139, 69
38, 212, 139, 72
38, 186, 139, 80
38, 95, 139, 37
38, 258, 140, 15
38, 259, 140, 13
38, 358, 140, 1
38, 135, 140, 9
38, 199, 140, 63
38, 46, 140, 17
38, 272, 140, 20
38, 177, 140, 42
38, 381, 140, 94
38, 50, 140, 81
38, 341, 140, 42
38, 93, 140, 6
38, 158, 140, 61
38, 63, 140, 92
38, 71, 141, 87
38, 394, 141, 53
38, 366, 141, 60
38, 241, 141, 3
38, 381, 141, 94
38, 338, 141, 60
38, 378, 141, 35
38, 28, 141, 50
38, 93, 141, 6
38, 304, 142, 18
38, 214, 142, 86
38, 182, 142, 65
38, 280, 142, 13
38, 317, 142, 12
38, 190, 142, 58
38, 3, 143, 100
38, 43, 143, 70
38, 370, 143, 88
38, 116, 143, 25
38, 308, 143, 34
38, 20, 143, 27
38, 154, 143, 50
38, 60, 143, 23
38, 223, 143, 34
38, 193, 144, 31
38, 138, 144, 81
38, 155, 144, 24
38, 92, 144, 53
38, 370, 144, 88
38, 61, 144, 30
38, 340, 144, 32
38, 252, 144, 33
38, 374, 144, 74
38, 279, 144, 93
38, 217, 144, 14
38, 282, 144, 26
38, 379, 144, 83
38, 220, 144, 12
38, 125, 144, 23
38, 351, 144, 68
38, 129, 145, 52
38, 268, 145, 61
38, 277, 145, 11
38, 23, 145, 61
38, 287, 145, 90
38, 42, 145, 16
38, 43, 145, 70
38, 171, 145, 51
38, 50, 145, 81
38, 315, 145, 13
38, 188, 145, 21
38, 195, 145, 31
38, 67, 145, 50
38, 201, 145, 54
38, 332, 145, 49
38, 333, 145, 17
38, 352, 145, 66
38, 227, 145, 92
38, 105, 145, 47
38, 375, 145, 44
38, 258, 146, 15
38, 388, 146, 38
38, 39, 146, 53
38, 329, 146, 75
38, 298, 146, 34
38, 77, 146, 76
38, 367, 146, 13
38, 304, 146, 18
38, 177, 146, 42
38, 310, 146, 4
38, 342, 146, 20
38, 248, 146, 31
38, 252, 146, 33
38, 158, 146, 61
38, 322, 147, 95
38, 35, 147, 66
38, 260, 147, 31
38, 323, 147, 96
38, 99, 147, 24
38, 135, 147, 9
38, 130, 147, 15
38, 43, 147, 70
38, 237, 147, 23
38, 142, 147, 84
38, 114, 147, 45
38, 278, 147, 96
38, 57, 147, 60
38, 154, 147, 50
38, 351, 147, 68
38, 331, 148, 19
38, 396, 148, 75
38, 77, 148, 76
38, 13, 148, 71
38, 208, 148, 70
38, 305, 148, 85
38, 53, 148, 53
38, 182, 148, 65
38, 94, 148, 20
38, 63, 148, 92
38, 353, 149, 4
38, 225, 149, 76
38, 132, 149, 85
38, 292, 149, 94
38, 358, 149, 1
38, 71, 149, 87
38, 41, 149, 61
38, 76, 149, 67
38, 300, 149, 45
38, 270, 149, 39
38, 82, 149, 96
38, 210, 149, 23
38, 85, 149, 39
38, 254, 149, 48
38, 377, 149, 37
38, 251, 149, 82
38, 158, 149, 61
38, 223, 149, 34
38, 44, 150, 56
38, 205, 150, 14
38, 244, 150, 46
38, 30, 150, 84
38, 120, 150, 44
38, 126, 150, 74
38, 350, 150, 62
38, 4, 151, 56
38, 292, 151, 94
38, 70, 151, 91
38, 103, 151, 61
38, 332, 151, 49
38, 205, 151, 14
38, 82, 151, 96
38, 347, 151, 51
38, 380, 151, 3
38, 68, 152, 78
38, 77, 152, 76
38, 238, 152, 13
38, 306, 152, 96
38, 24, 152, 49
38, 345, 152, 82
38, 388, 153, 38
38, 260, 153, 31
38, 39, 153, 53
38, 137, 153, 83
38, 233, 153, 54
38, 78, 153, 91
38, 147, 153, 72
38, 23, 153, 61
38, 157, 153, 71
38, 130, 154, 15
38, 165, 154, 83
38, 231, 154, 87
38, 297, 154, 42
38, 363, 154, 39
38, 271, 154, 33
38, 241, 154, 3
38, 209, 154, 94
38, 282, 154, 26
38, 60, 154, 23
38, 383, 154, 84
38, 133, 155, 84
38, 6, 155, 97
38, 266, 155, 90
38, 13, 155, 71
38, 141, 155, 24
38, 156, 155, 28
38, 161, 155, 46
38, 296, 155, 57
38, 174, 155, 18
38, 175, 155, 35
38, 176, 155, 66
38, 311, 155, 11
38, 184, 155, 91
38, 193, 155, 31
38, 107, 155, 14
38, 372, 155, 45
38, 119, 155, 100
38, 381, 155, 94
38, 126, 155, 74
38, 256, 156, 23
38, 225, 156, 76
38, 325, 156, 85
38, 293, 156, 20
38, 297, 156, 42
38, 107, 156, 14
38, 140, 156, 3
38, 236, 156, 40
38, 171, 156, 51
38, 207, 156, 49
38, 111, 156, 81
38, 336, 156, 36
38, 306, 156, 96
38, 374, 156, 74
38, 26, 156, 87
38, 251, 156, 82
38, 225, 157, 76
38, 196, 157, 71
38, 5, 157, 30
38, 198, 157, 48
38, 263, 157, 29
38, 102, 157, 8
38, 4, 157, 56
38, 140, 157, 3
38, 111, 157, 81
38, 144, 157, 36
38, 239, 157, 95
38, 210, 157, 23
38, 146, 157, 4
38, 155, 157, 24
38, 254, 157, 48
38, 95, 157, 37
38, 121, 158, 42
38, 36, 158, 40
38, 111, 158, 81
38, 240, 158, 40
38, 21, 158, 18
38, 185, 158, 84
38, 218, 158, 82
38, 251, 158, 82
38, 255, 158, 73
38, 0, 159, 90
38, 3, 159, 100
38, 397, 159, 15
38, 16, 159, 26
38, 274, 159, 49
38, 24, 159, 49
38, 29, 159, 20
38, 34, 159, 81
38, 41, 159, 61
38, 170, 159, 12
38, 180, 159, 55
38, 325, 159, 85
38, 356, 159, 21
38, 112, 159, 55
38, 243, 159, 19
38, 245, 159, 91
38, 121, 159, 42
38, 122, 159, 18
38, 381, 159, 94
38, 383, 159, 84
38, 133, 160, 84
38, 262, 160, 20
38, 290, 160, 8
38, 37, 160, 6
38, 38, 160, 33
38, 44, 160, 56
38, 53, 160, 53
38, 54, 160, 66
38, 189, 160, 93
38, 318, 160, 50
38, 190, 160, 58
38, 72, 160, 99
38, 203, 160, 68
38, 94, 160, 20
38, 352, 160, 66
38, 356, 160, 21
38, 359, 160, 41
38, 237, 160, 23
38, 251, 160, 82
38, 64, 161, 57
38, 100, 161, 39
38, 197, 161, 55
38, 296, 161, 57
38, 299, 161, 65
38, 14, 161, 56
38, 143, 161, 96
38, 336, 161, 36
38, 272, 161, 20
38, 244, 161, 46
38, 277, 161, 11
38, 376, 161, 12
38, 186, 161, 80
38, 123, 161, 33
38, 156, 161, 28
38, 385, 162, 30
38, 36, 162, 40
38, 293, 162, 20
38, 169, 162, 26
38, 393, 162, 87
38, 236, 162, 40
38, 172, 162, 26
38, 207, 162, 49
38, 342, 162, 20
38, 379, 162, 83
38, 0, 163, 90
38, 328, 163, 81
38, 232, 163, 75
38, 360, 163, 45
38, 75, 163, 29
38, 362, 163, 69
38, 145, 163, 26
38, 183, 163, 10
38, 120, 163, 44
38, 122, 163, 18
38, 60, 163, 23
38, 75, 164, 29
38, 107, 164, 14
38, 207, 164, 49
38, 182, 164, 65
38, 22, 164, 75
38, 315, 164, 13
38, 94, 164, 20
38, 223, 164, 34
38, 291, 165, 21
38, 203, 165, 68
38, 13, 165, 71
38, 145, 165, 26
38, 369, 165, 30
38, 96, 166, 56
38, 385, 166, 30
38, 2, 166, 25
38, 195, 166, 31
38, 153, 166, 32
38, 258, 166, 15
38, 198, 166, 48
38, 8, 166, 82
38, 331, 166, 19
38, 271, 166, 33
38, 47, 166, 78
38, 369, 166, 30
38, 112, 166, 55
38, 372, 166, 45
38, 245, 166, 91
38, 55, 166, 90
38, 249, 166, 38
38, 379, 166, 83
38, 386, 167, 48
38, 35, 167, 66
38, 4, 167, 56
38, 357, 167, 18
38, 102, 167, 8
38, 135, 167, 9
38, 168, 167, 98
38, 201, 167, 54
38, 8, 167, 82
38, 263, 167, 29
38, 14, 167, 56
38, 241, 167, 3
38, 125, 167, 23
38, 63, 167, 92
38, 130, 168, 15
38, 67, 168, 50
38, 68, 168, 78
38, 266, 168, 90
38, 76, 168, 67
38, 79, 168, 1
38, 176, 168, 66
38, 273, 168, 27
38, 370, 168, 88
38, 274, 168, 49
38, 252, 168, 33
38, 147, 168, 72
38, 189, 168, 93
38, 58, 168, 83
38, 283, 168, 62
38, 284, 168, 29
38, 349, 168, 97
38, 1, 169, 30
38, 2, 169, 25
38, 8, 169, 82
38, 140, 169, 3
38, 147, 169, 72
38, 276, 169, 32
38, 291, 169, 21
38, 294, 169, 65
38, 303, 169, 96
38, 182, 169, 65
38, 183, 169, 10
38, 80, 169, 27
38, 337, 169, 1
38, 339, 169, 51
38, 344, 169, 95
38, 92, 169, 53
38, 108, 169, 12
38, 240, 169, 40
38, 242, 169, 14
38, 255, 169, 73
38, 72, 170, 99
38, 242, 170, 14
38, 275, 170, 75
38, 179, 170, 96
38, 244, 170, 46
38, 181, 170, 42
38, 389, 171, 91
38, 7, 171, 44
38, 15, 171, 42
38, 22, 171, 75
38, 279, 171, 93
38, 280, 171, 13
38, 25, 171, 14
38, 168, 171, 98
38, 180, 171, 55
38, 186, 171, 80
38, 188, 171, 21
38, 338, 171, 60
38, 342, 171, 20
38, 95, 171, 37
38, 224, 171, 63
38, 225, 171, 76
38, 354, 171, 34
38, 250, 171, 97
38, 373, 171, 96
38, 122, 171, 18
38, 97, 172, 70
38, 359, 172, 41
38, 107, 172, 14
38, 53, 172, 53
38, 186, 172, 80
38, 250, 173, 97
38, 16, 173, 26
38, 304, 173, 18
38, 243, 173, 19
38, 150, 173, 6
38, 282, 173, 26
38, 161, 174, 46
38, 68, 174, 78
38, 165, 174, 83
38, 260, 174, 31
38, 391, 174, 45
38, 329, 174, 75
38, 109, 174, 31
38, 14, 174, 56
38, 399, 174, 61
38, 175, 174, 35
38, 48, 174, 52
38, 19, 174, 60
38, 282, 174, 26
38, 189, 174, 93
38, 255, 174, 73
38, 394, 175, 53
38, 172, 175, 26
38, 13, 175, 71
38, 305, 175, 85
38, 340, 175, 32
38, 119, 175, 100
38, 26, 175, 87
38, 321, 176, 26
38, 237, 176, 23
38, 305, 176, 85
38, 21, 176, 18
38, 214, 176, 86
38, 94, 176, 20
38, 313, 176, 57
38, 284, 176, 29
38, 350, 176, 62
38, 352, 177, 66
38, 130, 177, 15
38, 100, 177, 39
38, 166, 177, 74
38, 73, 177, 63
38, 233, 177, 54
38, 105, 177, 47
38, 17, 177, 48
38, 146, 177, 4
38, 179, 177, 96
38, 242, 177, 14
38, 114, 177, 45
38, 86, 177, 11
38, 119, 177, 100
38, 30, 177, 84
38, 383, 177, 84
38, 354, 178, 34
38, 165, 178, 83
38, 138, 178, 81
38, 333, 178, 17
38, 336, 178, 36
38, 178, 178, 91
38, 179, 178, 96
38, 372, 178, 45
38, 277, 178, 11
38, 20, 178, 27
38, 148, 178, 75
38, 216, 178, 2
38, 217, 178, 14
38, 149, 178, 6
38, 342, 178, 20
38, 350, 178, 62
38, 34, 179, 81
38, 8, 179, 82
38, 345, 179, 82
38, 74, 179, 37
38, 42, 179, 16
38, 104, 179, 75
38, 78, 179, 91
38, 79, 179, 1
38, 307, 179, 52
38, 181, 179, 42
38, 53, 179, 53
38, 55, 179, 90
38, 185, 179, 84
38, 256, 180, 23
38, 353, 180, 4
38, 229, 180, 6
38, 295, 180, 2
38, 9, 180, 67
38, 176, 180, 66
38, 179, 180, 96
38, 1, 181, 30
38, 322, 181, 95
38, 260, 181, 31
38, 325, 181, 85
38, 358, 181, 1
38, 362, 181, 69
38, 235, 181, 36
38, 333, 181, 17
38, 14, 181, 56
38, 79, 181, 1
38, 237, 181, 23
38, 209, 181, 94
38, 210, 181, 23
38, 115, 181, 36
38, 19, 181, 60
38, 336, 181, 36
38, 120, 181, 44
38, 152, 181, 99
38, 261, 182, 63
38, 37, 182, 6
38, 73, 182, 63
38, 299, 182, 65
38, 219, 182, 33
38, 302, 182, 41
38, 18, 182, 32
38, 338, 182, 60
38, 182, 182, 65
38, 25, 182, 14
38, 283, 182, 62
38, 28, 182, 50
38, 350, 182, 62
38, 95, 182, 37
38, 231, 183, 87
38, 137, 183, 83
38, 239, 183, 95
38, 242, 183, 14
38, 179, 183, 96
38, 244, 183, 46
38, 248, 183, 31
38, 217, 183, 14
38, 346, 183, 52
38, 253, 183, 81
38, 36, 184, 40
38, 302, 184, 41
38, 335, 184, 85
38, 244, 184, 46
38, 150, 184, 6
38, 22, 184, 75
38, 376, 184, 12
38, 226, 185, 20
38, 130, 185, 15
38, 386, 185, 48
38, 137, 185, 83
38, 142, 185, 84
38, 56, 185, 86
38, 89, 185, 24
38, 282, 185, 26
38, 387, 186, 3
38, 396, 186, 75
38, 141, 186, 24
38, 398, 186, 69
38, 142, 186, 84
38, 17, 186, 48
38, 276, 186, 32
38, 279, 186, 93
38, 285, 186, 44
38, 158, 186, 61
38, 300, 186, 45
38, 173, 186, 69
38, 176, 186, 66
38, 306, 186, 96
38, 185, 186, 84
38, 321, 186, 26
38, 322, 186, 95
38, 329, 186, 75
38, 355, 186, 80
38, 312, 187, 99
38, 199, 187, 63
38, 361, 187, 24
38, 335, 187, 85
38, 369, 187, 30
38, 376, 187, 12
38, 127, 187, 10
38, 289, 188, 2
38, 386, 188, 48
38, 355, 188, 80
38, 100, 188, 39
38, 357, 188, 18
38, 65, 188, 13
38, 363, 188, 39
38, 237, 188, 23
38, 366, 188, 60
38, 146, 188, 4
38, 306, 188, 96
38, 83, 188, 26
38, 347, 188, 51
38, 188, 188, 21
38, 257, 189, 92
38, 234, 189, 39
38, 107, 189, 14
38, 395, 189, 33
38, 109, 189, 31
38, 46, 189, 17
38, 177, 189, 42
38, 21, 189, 18
38, 88, 189, 53
38, 289, 190, 2
38, 232, 190, 75
38, 202, 190, 77
38, 218, 190, 82
38, 380, 190, 3
38, 320, 191, 79
38, 97, 191, 70
38, 324, 191, 8
38, 38, 191, 33
38, 266, 191, 90
38, 108, 191, 12
38, 110, 191, 69
38, 175, 191, 35
38, 207, 191, 49
38, 208, 191, 70
38, 375, 191, 44
38, 120, 191, 44
38, 154, 191, 50
38, 382, 191, 61
38, 31, 191, 73
38, 65, 192, 13
38, 321, 192, 26
38, 35, 192, 66
38, 385, 192, 30
38, 386, 192, 48
38, 9, 192, 67
38, 42, 192, 16
38, 397, 192, 15
38, 306, 192, 96
38, 116, 192, 25
38, 246, 192, 24
38, 55, 192, 90
38, 344, 192, 95
38, 88, 192, 53
38, 190, 192, 58
38, 127, 192, 10
38, 32, 193, 95
38, 257, 193, 92
38, 293, 193, 20
38, 198, 193, 48
38, 327, 193, 10
38, 70, 193, 91
38, 137, 193, 83
38, 202, 193, 77
38, 300, 193, 45
38, 173, 193, 69
38, 372, 193, 45
38, 152, 193, 99
38, 91, 193, 83
38, 125, 193, 23
38, 190, 193, 58
38, 255, 193, 73
38, 389, 194, 91
38, 390, 194, 32
38, 45, 194, 45
38, 13, 194, 71
38, 281, 194, 10
38, 291, 195, 21
38, 47, 195, 78
38, 144, 195, 36
38, 337, 195, 1
38, 308, 195, 34
38, 181, 195, 42
38, 212, 195, 72
38, 315, 195, 13
38, 192, 196, 44
38, 100, 196, 39
38, 196, 196, 71
38, 266, 196, 90
38, 43, 196, 70
38, 269, 196, 24
38, 398, 196, 69
38, 173, 196, 69
38, 237, 196, 23
38, 17, 196, 48
38, 85, 196, 39
38, 187, 196, 9
38, 93, 196, 6
38, 94, 196, 20
38, 33, 197, 18
38, 133, 197, 84
38, 304, 197, 18
38, 114, 197, 45
38, 214, 197, 86
38, 119, 197, 100
38, 249, 197, 38
38, 154, 197, 50
38, 189, 197, 93
38, 255, 197, 73
38, 162, 198, 20
38, 36, 198, 40
38, 233, 198, 54
38, 234, 198, 39
38, 108, 198, 12
38, 268, 198, 61
38, 110, 198, 69
38, 238, 198, 13
38, 143, 198, 96
38, 145, 198, 26
38, 82, 198, 96
38, 83, 198, 26
38, 274, 198, 49
38, 245, 198, 91
38, 337, 198, 1
38, 186, 198, 80
38, 187, 198, 9
38, 130, 199, 15
38, 98, 199, 44
38, 162, 199, 20
38, 290, 199, 8
38, 103, 199, 61
38, 397, 199, 15
38, 112, 199, 55
38, 20, 199, 27
38, 148, 199, 75
38, 54, 199, 66
38, 150, 199, 6
38, 89, 199, 24
38, 122, 199, 18
38, 189, 199, 93
