200, 400, 20
63, 324, 0, 52
63, 4, 0, 57
63, 293, 0, 42
63, 231, 0, 92
63, 361, 0, 80
63, 16, 0, 81
63, 306, 0, 42
63, 114, 0, 47
63, 313, 0, 31
63, 318, 0, 100
63, 129, 1, 78
63, 262, 1, 96
63, 391, 1, 5
63, 84, 1, 25
63, 183, 1, 68
63, 227, 2, 13
63, 323, 2, 25
63, 261, 2, 65
63, 102, 2, 99
63, 359, 2, 79
63, 360, 2, 52
63, 393, 2, 39
63, 234, 2, 24
63, 40, 2, 54
63, 204, 2, 75
63, 12, 2, 87
63, 236, 2, 7
63, 177, 2, 15
63, 82, 2, 13
63, 341, 2, 94
63, 342, 2, 75
63, 87, 2, 20
63, 185, 2, 51
63, 195, 3, 31
63, 201, 3, 18
63, 236, 3, 7
63, 146, 3, 63
63, 150, 3, 52
63, 215, 3, 38
63, 22, 3, 96
63, 124, 3, 42
63, 229, 4, 1
63, 73, 4, 95
63, 282, 4, 46
63, 341, 4, 94
63, 250, 4, 2
63, 384, 5, 49
63, 129, 5, 78
63, 322, 5, 16
63, 358, 5, 97
63, 391, 5, 5
63, 361, 5, 80
63, 203, 5, 45
63, 44, 5, 33
63, 75, 5, 62
63, 331, 5, 95
63, 239, 5, 40
63, 17, 5, 49
63, 88, 5, 24
63, 185, 5, 51
63, 124, 5, 42
63, 320, 6, 66
63, 291, 6, 31
63, 73, 6, 95
63, 298, 6, 17
63, 331, 6, 95
63, 332, 6, 4
63, 76, 6, 30
63, 45, 6, 33
63, 209, 6, 94
63, 243, 6, 89
63, 308, 6, 36
63, 309, 6, 43
63, 341, 6, 94
63, 307, 6, 7
63, 216, 6, 69
63, 95, 6, 24
63, 321, 7, 29
63, 291, 7, 31
63, 4, 7, 57
63, 328, 7, 62
63, 393, 7, 39
63, 170, 7, 2
63, 108, 7, 3
63, 364, 7, 3
63, 270, 7, 38
63, 178, 7, 72
63, 114, 7, 47
63, 309, 7, 43
63, 311, 7, 11
63, 56, 7, 26
63, 215, 7, 38
63, 380, 7, 87
63, 192, 8, 20
63, 228, 8, 82
63, 68, 8, 48
63, 271, 8, 34
63, 376, 8, 13
63, 389, 9, 67
63, 139, 9, 18
63, 12, 9, 87
63, 395, 9, 33
63, 18, 9, 18
63, 293, 9, 42
63, 298, 9, 17
63, 183, 9, 68
63, 56, 9, 26
63, 195, 9, 31
63, 72, 9, 7
63, 208, 9, 61
63, 220, 9, 88
63, 351, 9, 33
63, 96, 9, 65
63, 225, 9, 65
63, 239, 9, 40
63, 372, 9, 34
63, 373, 9, 74
63, 118, 9, 8
63, 260, 10, 30
63, 7, 10, 10
63, 138, 10, 39
63, 271, 10, 34
63, 21, 10, 50
63, 22, 10, 96
63, 39, 10, 84
63, 301, 10, 61
63, 197, 10, 62
63, 327, 10, 43
63, 331, 10, 95
63, 80, 10, 42
63, 343, 10, 96
63, 89, 10, 4
63, 345, 10, 4
63, 90, 10, 98
63, 219, 10, 44
63, 92, 10, 22
63, 364, 10, 3
63, 367, 10, 48
63, 386, 11, 46
63, 389, 11, 67
63, 270, 11, 38
63, 20, 11, 64
63, 278, 11, 66
63, 157, 11, 10
63, 158, 11, 80
63, 40, 11, 54
63, 297, 11, 23
63, 170, 11, 2
63, 304, 11, 69
63, 180, 11, 10
63, 189, 11, 67
63, 324, 11, 52
63, 74, 11, 50
63, 346, 11, 74
63, 350, 11, 69
63, 109, 11, 13
63, 382, 11, 54
63, 192, 12, 20
63, 26, 12, 72
63, 7, 12, 10
63, 41, 12, 24
63, 205, 12, 20
63, 141, 12, 71
63, 378, 12, 65
63, 341, 12, 94
63, 23, 12, 20
63, 313, 12, 31
63, 346, 12, 74
63, 94, 12, 59
63, 286, 12, 79
63, 262, 13, 96
63, 232, 13, 65
63, 17, 13, 49
63, 307, 13, 7
63, 311, 13, 11
63, 93, 13, 52
63, 96, 14, 65
63, 132, 14, 4
63, 164, 14, 34
63, 171, 14, 6
63, 181, 14, 49
63, 163, 15, 9
63, 195, 15, 31
63, 376, 15, 13
63, 357, 15, 46
63, 167, 15, 91
63, 15, 15, 22
63, 272, 15, 36
63, 148, 15, 32
63, 181, 15, 49
63, 86, 15, 47
63, 151, 15, 47
63, 149, 15, 23
63, 88, 15, 24
63, 92, 15, 22
63, 320, 16, 66
63, 259, 16, 56
63, 390, 16, 54
63, 394, 16, 28
63, 178, 16, 72
63, 371, 16, 92
63, 85, 16, 97
63, 27, 16, 86
63, 352, 17, 23
63, 131, 17, 31
63, 69, 17, 47
63, 326, 17, 10
63, 165, 17, 37
63, 393, 17, 39
63, 106, 17, 87
63, 14, 17, 42
63, 174, 17, 35
63, 342, 17, 75
63, 119, 17, 42
63, 89, 17, 4
63, 314, 17, 88
63, 251, 17, 84
63, 252, 17, 14
63, 157, 17, 10
63, 9, 18, 34
63, 106, 18, 87
63, 174, 18, 35
63, 80, 18, 42
63, 309, 18, 43
63, 282, 18, 46
63, 61, 18, 98
63, 385, 19, 97
63, 3, 19, 57
63, 240, 19, 2
63, 273, 19, 98
63, 84, 19, 25
63, 87, 19, 20
63, 103, 20, 38
63, 105, 20, 45
63, 330, 20, 92
63, 29, 20, 93
63, 350, 20, 69
63, 256, 21, 41
63, 5, 21, 71
63, 135, 21, 59
63, 136, 21, 77
63, 154, 21, 57
63, 31, 21, 5
63, 302, 21, 51
63, 57, 21, 80
63, 74, 21, 50
63, 212, 21, 63
63, 86, 21, 47
63, 87, 21, 20
63, 225, 21, 65
63, 234, 21, 24
63, 368, 21, 24
63, 117, 21, 8
63, 250, 21, 2
63, 252, 21, 14
63, 125, 21, 8
63, 64, 22, 84
63, 41, 22, 24
63, 395, 22, 33
63, 363, 22, 7
63, 206, 22, 88
63, 112, 22, 29
63, 336, 22, 89
63, 368, 22, 24
63, 178, 22, 72
63, 282, 22, 46
63, 92, 22, 22
63, 191, 22, 8
63, 352, 23, 23
63, 65, 23, 36
63, 64, 23, 84
63, 167, 23, 91
63, 136, 23, 77
63, 9, 23, 34
63, 137, 23, 85
63, 204, 23, 75
63, 300, 23, 16
63, 21, 23, 50
63, 379, 23, 68
63, 95, 23, 24
63, 7, 24, 10
63, 140, 24, 95
63, 142, 24, 32
63, 16, 24, 81
63, 17, 24, 49
63, 51, 24, 3
63, 58, 24, 6
63, 321, 24, 29
63, 324, 24, 52
63, 328, 24, 62
63, 329, 24, 14
63, 211, 24, 52
63, 84, 24, 25
63, 342, 24, 75
63, 109, 24, 13
63, 111, 24, 99
63, 240, 24, 2
63, 376, 24, 13
63, 252, 24, 14
63, 125, 24, 8
63, 228, 25, 82
63, 106, 25, 87
63, 235, 25, 71
63, 139, 25, 18
63, 77, 25, 30
63, 15, 25, 22
63, 274, 25, 41
63, 122, 25, 58
63, 316, 25, 17
63, 61, 25, 98
63, 352, 26, 23
63, 32, 26, 64
63, 229, 26, 1
63, 70, 26, 64
63, 154, 26, 57
63, 166, 26, 45
63, 43, 26, 5
63, 272, 26, 36
63, 339, 26, 64
63, 181, 26, 49
63, 278, 26, 66
63, 342, 26, 75
63, 54, 26, 88
63, 58, 26, 6
63, 353, 27, 94
63, 70, 27, 64
63, 103, 27, 38
63, 329, 27, 14
63, 78, 27, 41
63, 366, 27, 38
63, 341, 27, 94
63, 373, 27, 74
63, 122, 27, 58
63, 324, 28, 52
63, 103, 28, 38
63, 236, 28, 7
63, 109, 28, 13
63, 237, 28, 39
63, 207, 28, 8
63, 16, 28, 81
63, 368, 28, 24
63, 370, 28, 82
63, 144, 28, 93
63, 148, 28, 32
63, 86, 28, 47
63, 284, 28, 46
63, 3, 29, 57
63, 229, 29, 1
63, 262, 29, 96
63, 294, 29, 33
63, 392, 29, 60
63, 201, 29, 18
63, 173, 29, 38
63, 270, 29, 38
63, 306, 29, 42
63, 115, 29, 94
63, 180, 29, 10
63, 214, 29, 58
63, 151, 29, 47
63, 216, 29, 69
63, 154, 29, 57
63, 63, 29, 83
63, 30, 29, 79
63, 255, 29, 17
63, 224, 30, 80
63, 34, 30, 36
63, 164, 30, 34
63, 4, 30, 57
63, 103, 30, 38
63, 231, 30, 92
63, 393, 30, 39
63, 266, 30, 90
63, 268, 30, 43
63, 272, 30, 36
63, 241, 30, 78
63, 177, 30, 15
63, 116, 30, 17
63, 24, 30, 4
63, 250, 30, 2
63, 315, 30, 78
63, 188, 30, 16
63, 133, 31, 61
63, 391, 31, 5
63, 362, 31, 19
63, 173, 31, 38
63, 334, 31, 60
63, 271, 31, 34
63, 272, 31, 36
63, 17, 31, 49
63, 115, 31, 94
63, 276, 31, 50
63, 84, 31, 25
63, 342, 31, 75
63, 53, 31, 69
63, 250, 31, 2
63, 93, 31, 52
63, 190, 31, 49
63, 391, 32, 5
63, 274, 32, 41
63, 276, 32, 50
63, 34, 32, 36
63, 291, 32, 31
63, 299, 32, 71
63, 62, 32, 97
63, 64, 32, 84
63, 327, 32, 43
63, 340, 32, 82
63, 92, 32, 22
63, 221, 32, 52
63, 223, 32, 6
63, 95, 32, 24
63, 113, 32, 25
63, 371, 32, 92
63, 125, 32, 8
63, 381, 32, 78
63, 255, 32, 17
63, 89, 33, 4
63, 355, 33, 81
63, 196, 33, 33
63, 281, 33, 86
63, 199, 33, 23
63, 359, 33, 79
63, 327, 33, 43
63, 74, 33, 50
63, 140, 33, 95
63, 270, 33, 38
63, 112, 33, 29
63, 145, 33, 81
63, 210, 33, 91
63, 81, 33, 31
63, 374, 33, 99
63, 249, 33, 89
63, 126, 33, 100
63, 286, 33, 79
63, 327, 34, 43
63, 267, 34, 94
63, 205, 34, 20
63, 309, 34, 43
63, 375, 34, 53
63, 91, 34, 64
63, 132, 35, 4
63, 276, 35, 50
63, 165, 35, 37
63, 167, 35, 91
63, 48, 35, 42
63, 182, 35, 53
63, 55, 35, 86
63, 184, 35, 57
63, 313, 35, 31
63, 316, 35, 17
63, 188, 35, 16
63, 68, 35, 48
63, 210, 35, 91
63, 88, 35, 24
63, 228, 35, 82
63, 361, 35, 80
63, 368, 35, 24
63, 244, 35, 18
63, 374, 35, 99
63, 246, 35, 29
63, 288, 36, 71
63, 386, 36, 46
63, 132, 36, 4
63, 167, 36, 91
63, 301, 36, 61
63, 47, 36, 46
63, 80, 36, 42
63, 208, 36, 61
63, 338, 36, 60
63, 213, 36, 20
63, 278, 36, 66
63, 55, 36, 86
63, 182, 36, 53
63, 153, 36, 95
63, 157, 36, 10
63, 123, 36, 75
63, 253, 36, 83
63, 321, 37, 29
63, 293, 37, 42
63, 295, 37, 4
63, 202, 37, 40
63, 236, 37, 7
63, 365, 37, 95
63, 174, 37, 35
63, 367, 37, 48
63, 336, 37, 89
63, 80, 37, 42
63, 84, 37, 25
63, 313, 37, 31
63, 221, 37, 52
63, 192, 38, 20
63, 312, 38, 4
63, 344, 38, 13
63, 388, 38, 35
63, 7, 38, 10
63, 43, 38, 5
63, 173, 38, 38
63, 211, 38, 52
63, 184, 38, 57
63, 153, 38, 95
63, 258, 39, 92
63, 69, 39, 47
63, 389, 39, 67
63, 11, 39, 15
63, 172, 39, 92
63, 251, 39, 84
63, 188, 39, 16
63, 181, 39, 49
63, 219, 39, 44
63, 124, 39, 42
63, 286, 39, 79
63, 224, 40, 80
63, 129, 40, 78
63, 228, 40, 82
63, 229, 40, 1
63, 6, 40, 15
63, 391, 40, 5
63, 392, 40, 60
63, 393, 40, 39
63, 330, 40, 92
63, 363, 40, 7
63, 71, 40, 61
63, 245, 40, 97
63, 375, 40, 53
63, 128, 41, 28
63, 64, 41, 84
63, 354, 41, 60
63, 355, 41, 81
63, 258, 41, 92
63, 134, 41, 33
63, 7, 41, 10
63, 11, 41, 15
63, 13, 41, 6
63, 347, 41, 63
63, 212, 41, 63
63, 87, 41, 20
63, 248, 41, 97
63, 27, 41, 86
63, 29, 41, 93
63, 68, 42, 48
63, 37, 42, 46
63, 134, 42, 33
63, 105, 42, 45
63, 204, 42, 75
63, 17, 42, 49
63, 117, 42, 8
63, 246, 42, 29
63, 119, 42, 42
63, 123, 42, 75
63, 29, 42, 93
63, 99, 43, 84
63, 195, 43, 31
63, 170, 43, 2
63, 203, 43, 45
63, 44, 43, 33
63, 239, 43, 40
63, 118, 43, 8
63, 192, 44, 20
63, 288, 44, 71
63, 324, 44, 52
63, 37, 44, 46
63, 166, 44, 45
63, 234, 44, 24
63, 173, 44, 38
63, 142, 44, 32
63, 49, 44, 96
63, 189, 44, 67
63, 151, 44, 47
63, 249, 44, 89
63, 250, 44, 2
63, 285, 44, 54
63, 159, 44, 69
63, 133, 45, 61
63, 265, 45, 64
63, 137, 45, 85
63, 138, 45, 39
63, 25, 45, 65
63, 154, 45, 57
63, 159, 45, 69
63, 299, 45, 71
63, 301, 45, 61
63, 46, 45, 52
63, 175, 45, 30
63, 180, 45, 10
63, 56, 45, 26
63, 65, 45, 36
63, 67, 45, 60
63, 195, 45, 31
63, 204, 45, 75
63, 205, 45, 20
63, 210, 45, 91
63, 373, 45, 74
63, 259, 46, 56
63, 9, 46, 34
63, 15, 46, 22
63, 275, 46, 55
63, 29, 46, 93
63, 179, 46, 68
63, 323, 46, 25
63, 328, 46, 62
63, 208, 46, 61
63, 338, 46, 60
63, 216, 46, 69
63, 346, 46, 74
63, 95, 46, 24
63, 100, 46, 8
63, 229, 46, 1
63, 360, 46, 52
63, 109, 46, 13
63, 369, 46, 8
63, 244, 46, 18
63, 116, 46, 17
63, 193, 47, 73
63, 66, 47, 49
63, 68, 47, 48
63, 197, 47, 62
63, 70, 47, 64
63, 295, 47, 4
63, 71, 47, 61
63, 363, 47, 7
63, 204, 47, 75
63, 75, 47, 62
63, 270, 47, 38
63, 336, 47, 89
63, 243, 47, 89
63, 122, 47, 58
63, 91, 47, 64
63, 156, 47, 3
63, 254, 47, 45
63, 191, 47, 8
63, 66, 48, 49
63, 35, 48, 42
63, 196, 48, 33
63, 231, 48, 92
63, 232, 48, 65
63, 265, 48, 64
63, 234, 48, 24
63, 268, 48, 43
63, 206, 48, 88
63, 303, 48, 10
63, 239, 48, 40
63, 117, 48, 8
63, 310, 48, 46
63, 150, 48, 52
63, 248, 48, 97
63, 250, 48, 2
63, 318, 48, 100
63, 162, 49, 2
63, 355, 49, 81
63, 163, 49, 9
63, 130, 49, 50
63, 389, 49, 67
63, 228, 49, 82
63, 354, 49, 60
63, 265, 49, 64
63, 41, 49, 24
63, 145, 49, 81
63, 214, 49, 58
63, 255, 49, 17
63, 384, 50, 49
63, 324, 50, 52
63, 236, 50, 7
63, 272, 50, 36
63, 115, 50, 94
63, 245, 50, 97
63, 85, 50, 97
63, 182, 50, 53
63, 56, 50, 26
63, 257, 51, 58
63, 129, 51, 78
63, 392, 51, 60
63, 137, 51, 85
63, 264, 51, 36
63, 396, 51, 85
63, 149, 51, 23
63, 34, 51, 36
63, 36, 51, 23
63, 176, 51, 39
63, 52, 51, 37
63, 60, 51, 8
63, 322, 51, 16
63, 73, 51, 95
63, 82, 51, 13
63, 214, 51, 58
63, 218, 51, 16
63, 95, 51, 24
63, 102, 51, 99
63, 165, 52, 37
63, 293, 52, 42
63, 79, 52, 8
63, 144, 52, 93
63, 337, 52, 46
63, 338, 52, 60
63, 399, 52, 5
63, 86, 52, 47
63, 247, 52, 80
63, 29, 52, 93
63, 225, 53, 65
63, 39, 53, 84
63, 298, 53, 17
63, 334, 53, 60
63, 174, 53, 35
63, 316, 53, 17
63, 65, 54, 36
63, 97, 54, 98
63, 355, 54, 81
63, 386, 54, 46
63, 389, 54, 67
63, 69, 54, 47
63, 290, 54, 61
63, 232, 54, 65
63, 169, 54, 79
63, 297, 54, 23
63, 237, 54, 39
63, 17, 54, 49
63, 60, 54, 8
63, 287, 54, 15
63, 257, 55, 58
63, 280, 55, 91
63, 162, 55, 2
63, 100, 55, 8
63, 231, 55, 92
63, 170, 55, 2
63, 10, 55, 20
63, 110, 55, 80
63, 143, 55, 82
63, 304, 55, 69
63, 177, 55, 15
63, 207, 55, 8
63, 309, 55, 43
63, 87, 55, 20
63, 311, 55, 11
63, 376, 55, 13
63, 188, 55, 16
63, 33, 56, 29
63, 45, 56, 33
63, 368, 56, 24
63, 240, 56, 2
63, 86, 56, 47
63, 0, 57, 43
63, 353, 57, 94
63, 322, 57, 16
63, 228, 57, 82
63, 165, 57, 37
63, 122, 57, 58
63, 388, 57, 35
63, 37, 57, 46
63, 234, 57, 24
63, 204, 57, 75
63, 153, 57, 95
63, 346, 57, 74
63, 160, 58, 24
63, 159, 58, 69
63, 292, 58, 98
63, 326, 58, 10
63, 392, 58, 60
63, 234, 58, 24
63, 267, 58, 94
63, 187, 58, 73
63, 302, 58, 51
63, 212, 58, 63
63, 117, 58, 8
63, 183, 58, 68
63, 88, 58, 24
63, 24, 58, 4
63, 219, 58, 44
63, 252, 58, 14
63, 254, 58, 45
63, 57, 58, 80
63, 34, 59, 36
63, 132, 59, 4
63, 171, 59, 6
63, 141, 59, 71
63, 78, 59, 41
63, 271, 59, 34
63, 56, 59, 26
63, 90, 59, 98
63, 189, 59, 67
63, 158, 59, 80
63, 386, 60, 46
63, 230, 60, 61
63, 391, 60, 5
63, 167, 60, 91
63, 297, 60, 23
63, 332, 60, 4
63, 286, 60, 79
63, 334, 60, 60
63, 271, 60, 34
63, 173, 60, 38
63, 156, 60, 3
63, 338, 60, 60
63, 23, 60, 20
63, 118, 60, 8
63, 311, 60, 11
63, 348, 60, 4
63, 382, 60, 54
63, 375, 60, 53
63, 263, 61, 90
63, 14, 61, 42
63, 151, 61, 47
63, 173, 61, 38
63, 303, 61, 10
63, 55, 61, 86
63, 191, 61, 8
63, 193, 61, 73
63, 322, 61, 16
63, 325, 61, 45
63, 330, 61, 92
63, 332, 61, 4
63, 82, 61, 13
63, 342, 61, 75
63, 348, 61, 4
63, 103, 61, 38
63, 106, 61, 87
63, 234, 61, 24
63, 126, 61, 100
63, 128, 62, 28
63, 258, 62, 92
63, 141, 62, 71
63, 275, 62, 55
63, 20, 62, 64
63, 24, 62, 4
63, 29, 62, 93
63, 162, 62, 2
63, 163, 62, 9
63, 45, 62, 33
63, 189, 62, 67
63, 62, 62, 97
63, 193, 62, 73
63, 334, 62, 60
63, 86, 62, 47
63, 221, 62, 52
63, 362, 62, 19
63, 368, 62, 24
63, 122, 62, 58
63, 255, 62, 17
63, 32, 63, 64
63, 34, 63, 36
63, 291, 63, 31
63, 293, 63, 42
63, 329, 63, 14
63, 330, 63, 92
63, 11, 63, 15
63, 233, 63, 76
63, 301, 63, 61
63, 77, 63, 30
63, 176, 63, 39
63, 304, 63, 69
63, 284, 63, 46
63, 55, 63, 86
63, 188, 63, 16
63, 221, 63, 52
63, 383, 63, 17
63, 320, 64, 66
63, 384, 64, 49
63, 100, 64, 8
63, 36, 64, 23
63, 101, 64, 47
63, 71, 64, 61
63, 133, 64, 61
63, 41, 64, 24
63, 144, 64, 93
63, 336, 64, 89
63, 178, 64, 72
63, 379, 64, 68
63, 52, 64, 37
63, 87, 64, 20
63, 377, 64, 78
63, 154, 64, 57
63, 155, 64, 65
63, 230, 65, 61
63, 136, 65, 77
63, 13, 65, 6
63, 111, 65, 99
63, 273, 65, 98
63, 338, 65, 60
63, 124, 65, 42
63, 349, 65, 35
63, 353, 66, 94
63, 135, 66, 59
63, 297, 66, 23
63, 202, 66, 40
63, 266, 66, 90
63, 364, 66, 3
63, 105, 66, 45
63, 112, 66, 29
63, 81, 66, 31
63, 155, 66, 65
63, 126, 66, 100
63, 32, 67, 64
63, 355, 67, 81
63, 205, 67, 20
63, 15, 67, 22
63, 80, 67, 42
63, 21, 67, 50
63, 118, 67, 8
63, 281, 67, 86
63, 33, 68, 29
63, 129, 68, 78
63, 3, 68, 57
63, 261, 68, 65
63, 108, 68, 3
63, 305, 68, 71
63, 312, 68, 4
63, 313, 68, 31
63, 317, 68, 66
63, 61, 68, 98
63, 95, 68, 24
63, 216, 68, 69
63, 387, 69, 52
63, 398, 69, 35
63, 277, 69, 27
63, 39, 69, 84
63, 173, 69, 38
63, 47, 69, 46
63, 177, 69, 15
63, 307, 69, 7
63, 316, 69, 17
63, 327, 69, 43
63, 208, 69, 61
63, 83, 69, 14
63, 84, 69, 25
63, 89, 69, 4
63, 355, 69, 81
63, 359, 69, 79
63, 377, 69, 78
63, 250, 69, 2
63, 252, 69, 14
63, 66, 70, 49
63, 131, 70, 31
63, 100, 70, 8
63, 70, 70, 64
63, 135, 70, 59
63, 330, 70, 92
63, 299, 70, 71
63, 332, 70, 4
63, 395, 70, 33
63, 74, 70, 50
63, 362, 70, 19
63, 47, 70, 46
63, 24, 70, 4
63, 348, 70, 4
63, 184, 70, 57
63, 0, 71, 43
63, 228, 71, 82
63, 390, 71, 54
63, 230, 71, 61
63, 201, 71, 18
63, 203, 71, 45
63, 332, 71, 4
63, 269, 71, 55
63, 369, 71, 8
63, 178, 71, 72
63, 81, 71, 31
63, 209, 71, 94
63, 215, 71, 38
63, 27, 71, 86
63, 226, 72, 71
63, 290, 72, 61
63, 133, 72, 61
63, 71, 72, 61
63, 7, 72, 10
63, 111, 72, 99
63, 240, 72, 2
63, 369, 72, 8
63, 50, 72, 68
63, 220, 72, 88
63, 308, 72, 36
63, 17, 72, 49
63, 118, 72, 8
63, 125, 72, 8
63, 313, 72, 31
63, 349, 72, 35
63, 381, 72, 78
63, 69, 73, 47
63, 326, 73, 10
63, 327, 73, 43
63, 247, 73, 80
63, 393, 73, 39
63, 11, 73, 15
63, 331, 73, 95
63, 269, 73, 55
63, 271, 73, 34
63, 178, 73, 72
63, 339, 73, 64
63, 52, 73, 37
63, 375, 73, 53
63, 346, 73, 74
63, 187, 73, 73
63, 349, 73, 35
63, 317, 73, 66
63, 319, 73, 22
63, 5, 74, 71
63, 134, 74, 33
63, 232, 74, 65
63, 174, 74, 35
63, 315, 74, 78
63, 30, 74, 79
63, 257, 75, 58
63, 294, 75, 33
63, 361, 75, 80
63, 393, 75, 39
63, 395, 75, 33
63, 140, 75, 95
63, 141, 75, 71
63, 77, 75, 30
63, 303, 75, 10
63, 269, 75, 55
63, 49, 75, 96
63, 114, 75, 47
63, 211, 75, 52
63, 92, 75, 22
63, 123, 75, 75
63, 156, 75, 3
63, 350, 75, 69
63, 194, 76, 49
63, 356, 76, 30
63, 260, 76, 30
63, 140, 76, 95
63, 311, 76, 11
63, 151, 76, 47
63, 379, 76, 68
63, 1, 77, 19
63, 30, 77, 79
63, 159, 77, 69
63, 297, 77, 23
63, 307, 77, 7
63, 51, 77, 3
63, 318, 77, 100
63, 327, 77, 43
63, 340, 77, 82
63, 213, 77, 20
63, 89, 77, 4
63, 231, 77, 92
63, 105, 77, 45
63, 363, 77, 7
63, 366, 77, 38
63, 111, 77, 99
63, 368, 77, 24
63, 112, 77, 29
63, 114, 77, 47
63, 241, 77, 78
63, 98, 78, 46
63, 36, 78, 23
63, 132, 78, 4
63, 230, 78, 61
63, 359, 78, 79
63, 200, 78, 96
63, 105, 78, 45
63, 203, 78, 45
63, 76, 78, 30
63, 301, 78, 61
63, 340, 78, 82
63, 376, 78, 13
63, 25, 78, 65
63, 318, 78, 100
63, 191, 78, 8
63, 288, 79, 71
63, 290, 79, 61
63, 70, 79, 64
63, 295, 79, 4
63, 232, 79, 65
63, 361, 79, 80
63, 14, 79, 42
63, 79, 79, 8
63, 399, 79, 5
63, 276, 79, 50
63, 353, 80, 94
63, 133, 80, 61
63, 172, 80, 92
63, 271, 80, 34
63, 48, 80, 42
63, 336, 80, 89
63, 178, 80, 72
63, 19, 80, 2
63, 213, 80, 20
63, 216, 80, 69
63, 61, 80, 98
63, 190, 80, 49
63, 289, 81, 67
63, 329, 81, 14
63, 266, 81, 90
63, 301, 81, 61
63, 45, 81, 33
63, 13, 81, 6
63, 308, 81, 36
63, 52, 81, 37
63, 180, 81, 10
63, 184, 81, 57
63, 60, 81, 8
63, 222, 81, 88
63, 350, 81, 69
63, 384, 82, 49
63, 2, 82, 93
63, 354, 82, 60
63, 228, 82, 82
63, 299, 82, 71
63, 174, 82, 35
63, 176, 82, 39
63, 17, 82, 49
63, 50, 82, 68
63, 115, 82, 94
63, 210, 82, 91
63, 341, 82, 94
63, 307, 82, 7
63, 338, 82, 60
63, 306, 82, 42
63, 92, 82, 22
63, 29, 82, 93
63, 222, 82, 88
63, 71, 83, 61
63, 103, 83, 38
63, 300, 83, 16
63, 109, 83, 13
63, 398, 83, 35
63, 94, 83, 59
63, 190, 83, 49
63, 351, 83, 33
63, 0, 84, 43
63, 354, 84, 60
63, 70, 84, 64
63, 136, 84, 77
63, 265, 84, 64
63, 362, 84, 19
63, 75, 84, 62
63, 143, 84, 82
63, 273, 84, 98
63, 53, 84, 69
63, 245, 84, 97
63, 344, 84, 13
63, 155, 84, 65
63, 29, 84, 93
63, 32, 85, 64
63, 289, 85, 67
63, 38, 85, 89
63, 359, 85, 79
63, 263, 85, 90
63, 306, 85, 42
63, 181, 85, 49
63, 246, 85, 29
63, 154, 85, 57
63, 157, 85, 10
63, 386, 86, 46
63, 355, 86, 81
63, 34, 86, 36
63, 358, 86, 97
63, 296, 86, 52
63, 297, 86, 23
63, 207, 86, 8
63, 274, 86, 41
63, 179, 86, 68
63, 148, 86, 32
63, 342, 86, 75
63, 215, 86, 38
63, 374, 86, 99
63, 30, 86, 79
63, 255, 86, 17
63, 290, 87, 61
63, 356, 87, 30
63, 6, 87, 15
63, 264, 87, 36
63, 8, 87, 92
63, 11, 87, 15
63, 31, 87, 5
63, 307, 87, 7
63, 55, 87, 86
63, 344, 87, 13
63, 26, 87, 72
63, 27, 87, 86
63, 156, 87, 3
63, 157, 87, 10
63, 383, 87, 17
63, 70, 88, 64
63, 329, 88, 14
63, 113, 88, 25
63, 211, 88, 52
63, 147, 88, 62
63, 213, 88, 20
63, 214, 88, 58
63, 62, 88, 97
63, 33, 89, 29
63, 273, 89, 98
63, 84, 89, 25
63, 148, 89, 32
63, 151, 89, 47
63, 56, 89, 26
63, 345, 89, 4
63, 251, 89, 84
63, 157, 89, 10
63, 223, 89, 6
63, 385, 90, 97
63, 227, 90, 13
63, 105, 90, 45
63, 179, 90, 68
63, 375, 90, 53
63, 25, 90, 65
63, 383, 90, 17
63, 64, 91, 84
63, 1, 91, 19
63, 196, 91, 33
63, 231, 91, 92
63, 172, 91, 92
63, 247, 91, 80
63, 215, 91, 38
63, 381, 91, 78
63, 382, 91, 54
63, 128, 92, 28
63, 196, 92, 33
63, 234, 92, 24
63, 237, 92, 39
63, 181, 92, 49
63, 253, 92, 83
63, 33, 93, 29
63, 70, 93, 64
63, 168, 93, 9
63, 136, 93, 77
63, 364, 93, 3
63, 48, 93, 42
63, 212, 93, 63
63, 117, 93, 8
63, 86, 93, 47
63, 125, 93, 8
63, 152, 93, 37
63, 378, 93, 65
63, 220, 93, 88
63, 189, 93, 67
63, 3, 94, 57
63, 43, 94, 5
63, 49, 94, 96
63, 114, 94, 47
63, 183, 94, 68
63, 94, 94, 59
63, 96, 95, 65
63, 257, 95, 58
63, 294, 95, 33
63, 265, 95, 64
63, 10, 95, 20
63, 395, 95, 33
63, 396, 95, 85
63, 77, 95, 30
63, 336, 95, 89
63, 369, 95, 8
63, 81, 95, 31
63, 49, 95, 96
63, 251, 95, 84
63, 350, 95, 69
63, 127, 95, 44
63, 193, 96, 73
63, 228, 96, 82
63, 69, 96, 47
63, 134, 96, 33
63, 175, 96, 30
63, 310, 96, 46
63, 118, 96, 8
63, 318, 96, 100
63, 321, 97, 29
63, 2, 97, 93
63, 312, 97, 4
63, 227, 97, 13
63, 398, 97, 35
63, 303, 97, 10
63, 399, 97, 5
63, 18, 97, 18
63, 182, 97, 53
63, 311, 97, 11
63, 216, 97, 69
63, 153, 97, 95
63, 384, 98, 49
63, 129, 98, 78
63, 104, 98, 3
63, 107, 98, 2
63, 114, 98, 47
63, 243, 98, 89
63, 341, 98, 94
63, 375, 98, 53
63, 155, 98, 65
63, 376, 99, 13
63, 262, 99, 96
63, 264, 99, 36
63, 393, 99, 39
63, 75, 99, 62
63, 141, 99, 71
63, 301, 99, 61
63, 303, 99, 10
63, 48, 99, 42
63, 339, 99, 64
63, 245, 99, 97
63, 374, 99, 99
63, 344, 99, 13
63, 89, 99, 4
63, 316, 99, 17
63, 73, 100, 95
63, 266, 100, 90
63, 52, 100, 37
63, 216, 100, 69
63, 123, 100, 75
63, 348, 100, 4
63, 31, 100, 5
63, 96, 101, 65
63, 194, 101, 49
63, 100, 101, 8
63, 132, 101, 4
63, 135, 101, 59
63, 9, 101, 34
63, 139, 101, 18
63, 173, 101, 38
63, 174, 101, 35
63, 110, 101, 80
63, 271, 101, 34
63, 333, 101, 82
63, 21, 101, 50
63, 345, 101, 4
63, 186, 101, 21
63, 253, 101, 83
63, 63, 101, 83
63, 132, 102, 4
63, 261, 102, 65
63, 139, 102, 18
63, 21, 102, 50
63, 37, 102, 46
63, 168, 102, 9
63, 188, 102, 16
63, 194, 102, 49
63, 195, 102, 31
63, 72, 102, 7
63, 207, 102, 8
63, 102, 102, 99
63, 232, 102, 65
63, 360, 102, 52
63, 240, 102, 2
63, 374, 102, 99
63, 379, 102, 68
63, 382, 102, 54
63, 255, 102, 17
63, 192, 103, 20
63, 323, 103, 25
63, 260, 103, 30
63, 205, 103, 20
63, 273, 103, 98
63, 347, 103, 63
63, 274, 103, 41
63, 310, 103, 46
63, 88, 103, 24
63, 379, 103, 68
63, 190, 103, 49
63, 351, 103, 33
63, 13, 104, 6
63, 399, 104, 5
63, 15, 104, 22
63, 16, 104, 81
63, 18, 104, 18
63, 19, 104, 2
63, 20, 104, 64
63, 277, 104, 27
63, 278, 104, 66
63, 30, 104, 79
63, 303, 104, 10
63, 176, 104, 39
63, 52, 104, 37
63, 309, 104, 43
63, 78, 104, 41
63, 217, 104, 79
63, 345, 104, 4
63, 249, 104, 89
63, 381, 104, 78
63, 256, 105, 41
63, 321, 105, 29
63, 2, 105, 93
63, 35, 105, 42
63, 198, 105, 30
63, 327, 105, 43
63, 264, 105, 36
63, 383, 105, 17
63, 364, 105, 3
63, 46, 105, 52
63, 366, 105, 38
63, 80, 105, 42
63, 348, 105, 4
63, 373, 105, 74
63, 23, 105, 20
63, 188, 105, 16
63, 285, 105, 54
63, 127, 105, 44
63, 58, 106, 6
63, 173, 106, 38
63, 310, 106, 46
63, 57, 106, 80
63, 346, 106, 74
63, 193, 107, 73
63, 326, 107, 10
63, 40, 107, 54
63, 110, 107, 80
63, 18, 107, 18
63, 244, 107, 18
63, 310, 107, 46
63, 282, 107, 46
63, 352, 108, 23
63, 161, 108, 35
63, 326, 108, 10
63, 7, 108, 10
63, 328, 108, 62
63, 104, 108, 3
63, 201, 108, 18
63, 268, 108, 43
63, 141, 108, 71
63, 304, 108, 69
63, 19, 108, 2
63, 149, 108, 23
63, 152, 108, 37
63, 121, 108, 29
63, 219, 108, 44
63, 380, 108, 87
63, 97, 109, 98
63, 297, 109, 23
63, 141, 109, 71
63, 302, 109, 51
63, 47, 109, 46
63, 336, 109, 89
63, 307, 109, 7
63, 26, 109, 72
63, 125, 109, 8
63, 223, 109, 6
63, 259, 110, 56
63, 260, 110, 30
63, 137, 110, 85
63, 396, 110, 85
63, 399, 110, 5
63, 148, 110, 32
63, 277, 110, 27
63, 155, 110, 65
63, 283, 110, 57
63, 156, 110, 3
63, 297, 110, 23
63, 171, 110, 6
63, 173, 110, 38
63, 305, 110, 71
63, 190, 110, 49
63, 196, 110, 33
63, 76, 110, 30
63, 361, 110, 80
63, 238, 110, 18
63, 243, 110, 89
63, 70, 111, 64
63, 203, 111, 45
63, 365, 111, 95
63, 209, 111, 94
63, 375, 111, 53
63, 3, 112, 57
63, 103, 112, 38
63, 40, 112, 54
63, 171, 112, 6
63, 300, 112, 16
63, 55, 112, 86
63, 186, 112, 21
63, 323, 113, 25
63, 131, 113, 31
63, 101, 113, 47
63, 103, 113, 38
63, 360, 113, 52
63, 73, 113, 95
63, 105, 113, 45
63, 330, 113, 92
63, 141, 113, 71
63, 177, 113, 15
63, 338, 113, 60
63, 178, 113, 72
63, 306, 113, 42
63, 315, 113, 78
63, 246, 113, 29
63, 375, 113, 53
63, 59, 113, 51
63, 343, 113, 96
63, 32, 114, 64
63, 225, 114, 65
63, 3, 114, 57
63, 228, 114, 82
63, 105, 114, 45
63, 394, 114, 28
63, 43, 114, 5
63, 332, 114, 4
63, 238, 114, 18
63, 175, 114, 30
63, 212, 114, 63
63, 55, 114, 86
63, 283, 114, 57
63, 259, 115, 56
63, 164, 115, 34
63, 140, 115, 95
63, 371, 115, 92
63, 53, 115, 69
63, 277, 115, 27
63, 97, 116, 98
63, 325, 116, 45
63, 358, 116, 97
63, 360, 116, 52
63, 297, 116, 23
63, 266, 116, 90
63, 330, 116, 92
63, 108, 116, 3
63, 74, 116, 50
63, 77, 116, 30
63, 18, 116, 18
63, 309, 116, 43
63, 281, 116, 86
63, 59, 116, 51
63, 383, 116, 17
63, 1, 117, 19
63, 34, 117, 36
63, 292, 117, 98
63, 52, 117, 37
63, 277, 117, 27
63, 391, 118, 5
63, 19, 118, 2
63, 281, 118, 86
63, 155, 118, 65
63, 156, 118, 3
63, 37, 118, 46
63, 38, 118, 89
63, 298, 118, 17
63, 181, 118, 49
63, 55, 118, 86
63, 312, 118, 4
63, 333, 118, 82
63, 337, 118, 46
63, 219, 118, 44
63, 223, 118, 6
63, 226, 118, 71
63, 232, 118, 65
63, 111, 118, 99
63, 116, 118, 17
63, 244, 118, 18
63, 323, 119, 25
63, 331, 119, 95
63, 140, 119, 95
63, 110, 119, 80
63, 187, 119, 73
63, 126, 119, 100
63, 319, 119, 22
63, 1, 120, 19
63, 3, 120, 57
63, 389, 120, 67
63, 6, 120, 15
63, 398, 120, 35
63, 288, 120, 71
63, 37, 120, 46
63, 167, 120, 91
63, 299, 120, 71
63, 304, 120, 69
63, 311, 120, 11
63, 315, 120, 78
63, 194, 120, 49
63, 328, 120, 62
63, 77, 120, 30
63, 90, 120, 98
63, 222, 120, 88
63, 225, 120, 65
63, 238, 120, 18
63, 248, 120, 97
63, 288, 121, 71
63, 290, 121, 61
63, 3, 121, 57
63, 199, 121, 23
63, 170, 121, 2
63, 75, 121, 62
63, 11, 121, 15
63, 10, 121, 20
63, 174, 121, 35
63, 16, 121, 81
63, 373, 121, 74
63, 247, 121, 80
63, 153, 121, 95
63, 314, 121, 88
63, 343, 121, 96
63, 352, 122, 23
63, 257, 122, 58
63, 388, 122, 35
63, 261, 122, 65
63, 36, 122, 23
63, 71, 122, 61
63, 199, 122, 23
63, 361, 122, 80
63, 395, 122, 33
63, 304, 122, 69
63, 81, 122, 31
63, 274, 122, 41
63, 147, 122, 62
63, 20, 122, 64
63, 342, 122, 75
63, 120, 122, 12
63, 314, 122, 88
63, 162, 123, 2
63, 354, 123, 60
63, 228, 123, 82
63, 42, 123, 63
63, 273, 123, 98
63, 250, 123, 2
63, 256, 124, 41
63, 129, 124, 78
63, 111, 124, 99
63, 337, 124, 46
63, 178, 124, 72
63, 347, 124, 63
63, 57, 124, 80
63, 155, 124, 65
63, 157, 124, 10
63, 160, 125, 24
63, 2, 125, 93
63, 194, 125, 49
63, 100, 125, 8
63, 362, 125, 19
63, 330, 125, 92
63, 143, 125, 82
63, 337, 125, 46
63, 146, 125, 63
63, 115, 125, 94
63, 245, 125, 97
63, 87, 125, 20
63, 376, 125, 13
63, 30, 125, 79
63, 63, 125, 83
63, 58, 126, 6
63, 154, 126, 57
63, 392, 126, 60
63, 298, 126, 17
63, 74, 126, 50
63, 398, 126, 35
63, 208, 126, 61
63, 210, 126, 91
63, 306, 126, 42
63, 276, 126, 50
63, 214, 126, 58
63, 278, 126, 66
63, 246, 126, 29
63, 250, 126, 2
63, 380, 126, 87
63, 317, 126, 66
63, 31, 126, 5
63, 121, 127, 29
63, 355, 127, 81
63, 196, 127, 33
63, 131, 127, 31
63, 326, 127, 10
63, 391, 127, 5
63, 232, 127, 65
63, 158, 127, 80
63, 108, 127, 3
63, 13, 127, 6
63, 306, 127, 42
63, 212, 127, 63
63, 54, 127, 88
63, 56, 127, 26
63, 185, 127, 51
63, 379, 127, 68
63, 350, 127, 69
63, 127, 127, 44
63, 387, 128, 52
63, 355, 128, 81
63, 388, 128, 35
63, 38, 128, 89
63, 232, 128, 65
63, 360, 128, 52
63, 296, 128, 52
63, 203, 128, 45
63, 332, 128, 4
63, 45, 128, 33
63, 14, 128, 42
63, 24, 128, 4
63, 185, 128, 51
63, 315, 128, 78
63, 285, 128, 54
63, 192, 129, 20
63, 354, 129, 60
63, 396, 129, 85
63, 115, 129, 94
63, 341, 129, 94
63, 149, 129, 23
63, 256, 130, 41
63, 230, 130, 61
63, 135, 130, 59
63, 78, 130, 41
63, 179, 130, 68
63, 308, 130, 36
63, 246, 130, 29
63, 23, 130, 20
63, 257, 131, 58
63, 103, 131, 38
63, 204, 131, 75
63, 398, 131, 35
63, 144, 131, 93
63, 119, 131, 42
63, 201, 132, 18
63, 77, 132, 30
63, 368, 132, 24
63, 306, 132, 42
63, 150, 132, 52
63, 28, 132, 49
63, 159, 132, 69
63, 134, 133, 33
63, 241, 133, 78
63, 250, 133, 2
63, 348, 133, 4
63, 125, 133, 8
63, 32, 134, 64
63, 310, 134, 46
63, 26, 134, 72
63, 157, 134, 10
63, 158, 134, 80
63, 193, 135, 73
63, 129, 135, 78
63, 99, 135, 84
63, 69, 135, 47
63, 103, 135, 38
63, 168, 135, 9
63, 363, 135, 7
63, 82, 135, 13
63, 339, 135, 64
63, 181, 135, 49
63, 60, 135, 8
63, 193, 136, 73
63, 390, 136, 54
63, 13, 136, 6
63, 189, 136, 67
63, 186, 136, 21
63, 251, 136, 84
63, 285, 136, 54
63, 193, 137, 73
63, 326, 137, 10
63, 11, 137, 15
63, 76, 137, 30
63, 203, 137, 45
63, 141, 137, 71
63, 44, 137, 33
63, 16, 137, 81
63, 145, 137, 81
63, 49, 137, 96
63, 305, 137, 71
63, 308, 137, 36
63, 149, 137, 23
63, 242, 137, 12
63, 154, 137, 57
63, 315, 137, 78
63, 5, 138, 71
63, 268, 138, 43
63, 270, 138, 38
63, 271, 138, 34
63, 274, 138, 41
63, 24, 138, 4
63, 163, 138, 9
63, 167, 138, 91
63, 40, 138, 54
63, 173, 138, 38
63, 175, 138, 30
63, 189, 138, 67
63, 318, 138, 100
63, 67, 138, 60
63, 328, 138, 62
63, 329, 138, 14
63, 82, 138, 13
63, 213, 138, 20
63, 349, 138, 35
63, 380, 138, 87
63, 129, 139, 78
63, 260, 139, 30
63, 275, 139, 55
63, 148, 139, 32
63, 149, 139, 23
63, 159, 139, 69
63, 37, 139, 46
63, 168, 139, 9
63, 176, 139, 39
63, 194, 139, 49
63, 327, 139, 43
63, 76, 139, 30
63, 80, 139, 42
63, 216, 139, 69
63, 351, 139, 33
63, 112, 139, 29
63, 246, 139, 29
63, 120, 139, 12
63, 379, 139, 68
63, 224, 140, 80
63, 0, 140, 43
63, 226, 140, 71
63, 354, 140, 60
63, 229, 140, 1
63, 6, 140, 15
63, 166, 140, 45
63, 73, 140, 95
63, 91, 140, 64
63, 176, 140, 39
63, 370, 140, 82
63, 179, 140, 68
63, 211, 140, 52
63, 85, 140, 97
63, 147, 140, 62
63, 308, 140, 36
63, 89, 140, 4
63, 283, 140, 57
63, 320, 141, 66
63, 288, 141, 71
63, 194, 141, 49
63, 0, 141, 43
63, 99, 141, 84
63, 7, 141, 10
63, 204, 141, 75
63, 208, 141, 61
63, 20, 141, 64
63, 121, 141, 29
63, 96, 142, 65
63, 224, 142, 80
63, 69, 142, 47
63, 203, 142, 45
63, 271, 142, 34
63, 339, 142, 64
63, 347, 142, 63
63, 253, 142, 83
63, 352, 143, 23
63, 35, 143, 42
63, 227, 143, 13
63, 140, 143, 95
63, 306, 143, 42
63, 250, 143, 2
63, 222, 143, 88
63, 192, 144, 20
63, 358, 144, 97
63, 270, 144, 38
63, 238, 144, 18
63, 60, 144, 8
63, 243, 144, 89
63, 181, 144, 49
63, 150, 144, 52
63, 86, 144, 47
63, 28, 144, 49
63, 253, 144, 83
63, 3, 145, 57
63, 261, 145, 65
63, 393, 145, 39
63, 269, 145, 55
63, 82, 145, 13
63, 275, 145, 55
63, 341, 145, 94
63, 98, 146, 46
63, 389, 146, 67
63, 261, 146, 65
63, 167, 146, 91
63, 325, 146, 45
63, 331, 146, 95
63, 396, 146, 85
63, 205, 146, 20
63, 243, 146, 89
63, 215, 146, 38
63, 312, 146, 4
63, 377, 146, 78
63, 157, 146, 10
63, 351, 146, 33
63, 385, 147, 97
63, 34, 147, 36
63, 35, 147, 42
63, 197, 147, 62
63, 6, 147, 15
63, 8, 147, 92
63, 365, 147, 95
63, 182, 147, 53
63, 281, 147, 86
63, 378, 147, 65
63, 189, 147, 67
63, 255, 147, 17
63, 262, 148, 96
63, 9, 148, 34
63, 42, 148, 63
63, 75, 148, 62
63, 204, 148, 75
63, 46, 148, 52
63, 15, 148, 22
63, 367, 148, 48
63, 336, 148, 89
63, 241, 148, 78
63, 342, 148, 75
63, 153, 148, 95
63, 155, 148, 65
63, 318, 148, 100
63, 98, 149, 46
63, 99, 149, 84
63, 102, 149, 99
63, 168, 149, 9
63, 299, 149, 71
63, 333, 149, 82
63, 302, 149, 51
63, 273, 149, 98
63, 53, 149, 69
63, 217, 149, 79
63, 261, 150, 65
63, 357, 150, 46
63, 199, 150, 23
63, 170, 150, 2
63, 138, 150, 39
63, 300, 150, 16
63, 224, 151, 80
63, 134, 151, 33
63, 71, 151, 61
63, 135, 151, 59
63, 328, 151, 62
63, 208, 151, 61
63, 145, 151, 81
63, 178, 151, 72
63, 304, 151, 69
63, 125, 151, 8
63, 313, 151, 31
63, 379, 151, 68
63, 380, 151, 87
63, 381, 151, 78
63, 36, 152, 23
63, 200, 152, 96
63, 11, 152, 15
63, 207, 152, 8
63, 16, 152, 81
63, 209, 152, 94
63, 307, 152, 7
63, 275, 152, 55
63, 90, 152, 98
63, 328, 153, 62
63, 236, 153, 7
63, 177, 153, 15
63, 148, 153, 32
63, 88, 153, 24
63, 89, 153, 4
63, 37, 154, 46
63, 328, 154, 62
63, 137, 154, 85
63, 171, 154, 6
63, 13, 154, 6
63, 240, 154, 2
63, 305, 154, 71
63, 369, 154, 8
63, 374, 154, 99
63, 25, 154, 65
63, 187, 154, 73
63, 93, 154, 52
63, 191, 154, 8
63, 160, 155, 24
63, 66, 155, 49
63, 323, 155, 25
63, 100, 155, 8
63, 166, 155, 45
63, 103, 155, 38
63, 136, 155, 77
63, 138, 155, 39
63, 110, 155, 80
63, 178, 155, 72
63, 85, 155, 97
63, 184, 155, 57
63, 380, 155, 87
63, 29, 155, 93
63, 126, 155, 100
63, 159, 155, 69
63, 161, 156, 35
63, 66, 156, 49
63, 37, 156, 46
63, 169, 156, 79
63, 48, 156, 42
63, 305, 156, 71
63, 306, 156, 42
63, 19, 156, 2
63, 341, 156, 94
63, 85, 156, 97
63, 56, 156, 26
63, 315, 156, 78
63, 286, 156, 79
63, 223, 156, 6
63, 201, 157, 18
63, 202, 157, 40
63, 50, 157, 68
63, 307, 157, 7
63, 148, 157, 32
63, 124, 157, 42
63, 350, 157, 69
63, 193, 158, 73
63, 322, 158, 16
63, 35, 158, 42
63, 359, 158, 79
63, 360, 158, 52
63, 393, 158, 39
63, 367, 158, 48
63, 304, 158, 69
63, 273, 158, 98
63, 370, 158, 82
63, 83, 158, 14
63, 210, 158, 91
63, 27, 158, 86
63, 380, 158, 87
63, 191, 158, 8
63, 68, 159, 48
63, 228, 159, 82
63, 360, 159, 52
63, 233, 159, 76
63, 363, 159, 7
63, 242, 159, 12
63, 371, 159, 92
63, 340, 159, 82
63, 381, 159, 78
63, 120, 159, 12
63, 186, 159, 21
63, 253, 159, 83
63, 263, 160, 90
63, 168, 160, 9
63, 329, 160, 14
63, 247, 160, 80
63, 56, 160, 26
63, 345, 160, 4
63, 282, 160, 46
63, 183, 160, 68
63, 287, 160, 15
63, 97, 161, 98
63, 69, 161, 47
63, 102, 161, 99
63, 6, 161, 15
63, 104, 161, 3
63, 333, 161, 82
63, 141, 161, 71
63, 49, 161, 96
63, 370, 161, 82
63, 209, 161, 94
63, 215, 161, 38
63, 346, 161, 74
63, 252, 161, 14
63, 318, 161, 100
63, 223, 161, 6
63, 292, 162, 98
63, 68, 162, 48
63, 134, 162, 33
63, 38, 162, 89
63, 330, 162, 92
63, 171, 162, 6
63, 268, 162, 43
63, 269, 162, 55
63, 176, 162, 39
63, 177, 162, 15
63, 304, 162, 69
63, 157, 162, 10
63, 254, 162, 45
63, 65, 163, 36
63, 386, 163, 46
63, 227, 163, 13
63, 281, 163, 86
63, 234, 163, 24
63, 12, 163, 87
63, 109, 163, 13
63, 16, 163, 81
63, 113, 163, 25
63, 381, 163, 78
63, 84, 163, 25
63, 117, 163, 8
63, 86, 163, 47
63, 57, 163, 80
63, 218, 163, 16
63, 125, 163, 8
63, 96, 164, 65
63, 385, 164, 97
63, 227, 164, 13
63, 261, 164, 65
63, 293, 164, 42
63, 295, 164, 4
63, 6, 164, 15
63, 393, 164, 39
63, 172, 164, 92
63, 365, 164, 95
63, 176, 164, 39
63, 336, 164, 89
63, 275, 164, 55
63, 246, 164, 29
63, 374, 164, 99
63, 312, 164, 4
63, 375, 164, 53
63, 97, 165, 98
63, 355, 165, 81
63, 313, 165, 31
63, 264, 165, 36
63, 136, 165, 77
63, 263, 165, 90
63, 331, 165, 95
63, 237, 165, 39
63, 273, 165, 98
63, 370, 165, 82
63, 17, 165, 49
63, 113, 165, 25
63, 245, 165, 97
63, 248, 165, 97
63, 345, 165, 4
63, 250, 165, 2
63, 259, 166, 56
63, 132, 166, 4
63, 392, 166, 60
63, 395, 166, 33
63, 15, 166, 22
63, 287, 166, 15
63, 299, 166, 71
63, 48, 166, 42
63, 51, 166, 3
63, 55, 166, 86
63, 190, 166, 49
63, 337, 166, 46
63, 212, 166, 63
63, 88, 166, 24
63, 91, 166, 64
63, 349, 166, 35
63, 101, 166, 47
63, 237, 166, 39
63, 109, 166, 13
63, 3, 167, 57
63, 293, 167, 42
63, 358, 167, 97
63, 168, 167, 9
63, 399, 167, 5
63, 115, 167, 94
63, 58, 167, 6
63, 283, 167, 57
63, 220, 167, 88
63, 381, 167, 78
63, 158, 167, 80
63, 287, 167, 15
63, 37, 168, 46
63, 200, 168, 96
63, 202, 168, 40
63, 372, 168, 34
63, 349, 168, 35
63, 226, 169, 71
63, 131, 169, 31
63, 355, 169, 81
63, 389, 169, 67
63, 359, 169, 79
63, 266, 169, 90
63, 330, 169, 92
63, 269, 169, 55
63, 173, 169, 38
63, 111, 169, 99
63, 25, 169, 65
63, 181, 169, 49
63, 246, 169, 29
63, 183, 169, 68
63, 280, 169, 91
63, 377, 169, 78
63, 150, 169, 52
63, 318, 169, 100
63, 289, 170, 67
63, 34, 170, 36
63, 259, 170, 56
63, 197, 170, 62
63, 7, 170, 10
63, 8, 170, 92
63, 111, 170, 99
63, 306, 170, 42
63, 246, 170, 29
63, 347, 170, 63
63, 285, 170, 54
63, 128, 171, 28
63, 65, 171, 36
63, 160, 171, 24
63, 259, 171, 56
63, 229, 171, 1
63, 135, 171, 59
63, 273, 171, 98
63, 92, 171, 22
63, 354, 172, 60
63, 200, 172, 96
63, 264, 172, 36
63, 174, 172, 35
63, 175, 172, 30
63, 19, 172, 2
63, 276, 172, 50
63, 218, 172, 16
63, 67, 173, 60
63, 261, 173, 65
63, 231, 173, 92
63, 265, 173, 64
63, 73, 173, 95
63, 142, 173, 32
63, 367, 173, 48
63, 59, 173, 51
63, 388, 174, 35
63, 9, 174, 34
63, 267, 174, 94
63, 12, 174, 87
63, 275, 174, 55
63, 280, 174, 91
63, 156, 174, 3
63, 286, 174, 79
63, 287, 174, 15
63, 52, 174, 37
63, 180, 174, 10
63, 185, 174, 51
63, 320, 174, 66
63, 321, 174, 29
63, 71, 174, 61
63, 73, 174, 95
63, 331, 174, 95
63, 206, 174, 88
63, 112, 174, 29
63, 373, 174, 74
63, 386, 175, 46
63, 387, 175, 52
63, 163, 175, 9
63, 5, 175, 71
63, 359, 175, 79
63, 327, 175, 43
63, 299, 175, 71
63, 109, 175, 13
63, 48, 175, 42
63, 305, 175, 71
63, 114, 175, 47
63, 84, 175, 25
63, 20, 175, 64
63, 55, 175, 86
63, 88, 175, 24
63, 251, 175, 84
63, 133, 176, 61
63, 264, 176, 36
63, 105, 176, 45
63, 200, 176, 96
63, 172, 176, 92
63, 108, 176, 3
63, 60, 176, 8
63, 304, 176, 69
63, 124, 176, 42
63, 148, 176, 32
63, 21, 176, 50
63, 54, 176, 88
63, 247, 176, 80
63, 344, 176, 13
63, 308, 176, 36
63, 378, 176, 65
63, 28, 176, 49
63, 95, 176, 24
63, 226, 177, 71
63, 99, 177, 84
63, 203, 177, 45
63, 236, 177, 7
63, 278, 177, 66
63, 156, 177, 3
63, 136, 178, 77
63, 8, 178, 92
63, 269, 178, 55
63, 142, 178, 32
63, 285, 178, 54
63, 49, 178, 96
63, 310, 178, 46
63, 59, 178, 51
63, 315, 178, 78
63, 66, 178, 49
63, 325, 178, 45
63, 335, 178, 38
63, 347, 178, 63
63, 348, 178, 4
63, 221, 178, 52
63, 226, 178, 71
63, 119, 178, 42
63, 250, 178, 2
63, 255, 178, 17
63, 388, 179, 35
63, 261, 179, 65
63, 15, 179, 22
63, 148, 179, 32
63, 152, 179, 37
63, 288, 179, 71
63, 295, 179, 4
63, 40, 179, 54
63, 306, 179, 42
63, 308, 179, 36
63, 68, 179, 48
63, 341, 179, 94
63, 344, 179, 13
63, 217, 179, 79
63, 347, 179, 63
63, 99, 179, 84
63, 112, 179, 29
63, 241, 179, 78
63, 255, 179, 17
63, 97, 180, 98
63, 163, 180, 9
63, 366, 180, 38
63, 303, 180, 10
63, 114, 180, 47
63, 212, 180, 63
63, 218, 180, 16
63, 255, 180, 17
63, 162, 181, 2
63, 133, 181, 61
63, 230, 181, 61
63, 361, 181, 80
63, 362, 181, 19
63, 268, 181, 43
63, 14, 181, 42
63, 304, 181, 69
63, 211, 181, 52
63, 342, 181, 75
63, 344, 181, 13
63, 25, 181, 65
63, 9, 182, 34
63, 29, 182, 93
63, 32, 182, 64
63, 290, 182, 61
63, 170, 182, 2
63, 173, 182, 38
63, 174, 182, 35
63, 301, 182, 61
63, 51, 182, 3
63, 310, 182, 46
63, 59, 182, 51
63, 67, 182, 60
63, 324, 182, 52
63, 206, 182, 88
63, 82, 182, 13
63, 216, 182, 69
63, 91, 182, 64
63, 242, 182, 12
63, 118, 182, 8
63, 382, 182, 54
63, 133, 183, 61
63, 390, 183, 54
63, 41, 183, 24
63, 398, 183, 35
63, 367, 183, 48
63, 52, 183, 37
63, 217, 183, 79
63, 123, 183, 75
63, 60, 183, 8
63, 257, 184, 58
63, 392, 184, 60
63, 361, 184, 80
63, 169, 184, 79
63, 11, 184, 15
63, 140, 184, 95
63, 146, 184, 63
63, 19, 184, 2
63, 116, 184, 17
63, 86, 184, 47
63, 152, 184, 37
63, 155, 184, 65
63, 349, 184, 35
63, 95, 184, 24
63, 64, 185, 84
63, 38, 185, 89
63, 8, 185, 92
63, 170, 185, 2
63, 110, 185, 80
63, 143, 185, 82
63, 24, 185, 4
63, 379, 185, 68
63, 391, 186, 5
63, 265, 186, 64
63, 280, 186, 91
63, 24, 186, 4
63, 27, 186, 86
63, 283, 186, 57
63, 29, 186, 93
63, 295, 186, 4
63, 305, 186, 71
63, 178, 186, 72
63, 181, 186, 49
63, 59, 186, 51
63, 318, 186, 100
63, 191, 186, 8
63, 332, 186, 4
63, 346, 186, 74
63, 93, 186, 52
63, 232, 186, 65
63, 236, 186, 7
63, 118, 186, 8
63, 291, 187, 31
63, 319, 187, 22
63, 102, 187, 99
63, 104, 187, 3
63, 201, 187, 18
63, 369, 187, 8
63, 306, 187, 42
63, 213, 187, 20
63, 95, 187, 24
63, 353, 188, 94
63, 3, 188, 57
63, 260, 188, 30
63, 165, 188, 37
63, 259, 188, 56
63, 295, 188, 4
63, 360, 188, 52
63, 362, 188, 19
63, 108, 188, 3
63, 172, 188, 92
63, 337, 188, 46
63, 82, 188, 13
63, 52, 188, 37
63, 220, 188, 88
63, 189, 188, 67
63, 287, 188, 15
63, 130, 189, 50
63, 381, 189, 78
63, 157, 189, 10
63, 248, 189, 97
63, 186, 189, 21
63, 92, 189, 22
63, 125, 189, 8
63, 97, 190, 98
63, 193, 190, 73
63, 130, 190, 50
63, 387, 190, 52
63, 133, 190, 61
63, 290, 190, 61
63, 226, 190, 71
63, 137, 190, 85
63, 106, 190, 87
63, 300, 190, 16
63, 364, 190, 3
63, 111, 190, 99
63, 87, 190, 20
63, 280, 190, 91
63, 25, 190, 65
63, 251, 190, 84
63, 266, 191, 90
63, 139, 191, 18
63, 268, 191, 43
63, 22, 191, 96
63, 28, 191, 49
63, 158, 191, 80
63, 163, 191, 9
63, 305, 191, 71
63, 57, 191, 80
63, 190, 191, 49
63, 325, 191, 45
63, 81, 191, 31
63, 338, 191, 60
63, 83, 191, 14
63, 222, 191, 88
63, 103, 191, 38
63, 232, 191, 65
63, 240, 191, 2
63, 121, 191, 29
63, 123, 191, 75
63, 256, 192, 41
63, 163, 192, 9
63, 36, 192, 23
63, 38, 192, 89
63, 71, 192, 61
63, 105, 192, 45
63, 235, 192, 71
63, 110, 192, 80
63, 274, 192, 41
63, 373, 192, 74
63, 343, 192, 96
63, 24, 192, 4
63, 89, 192, 4
63, 127, 192, 44
63, 382, 193, 54
63, 4, 193, 57
63, 166, 193, 45
63, 167, 193, 91
63, 233, 193, 76
63, 9, 193, 34
63, 204, 193, 75
63, 211, 193, 52
63, 244, 193, 18
63, 22, 193, 96
63, 58, 193, 6
63, 316, 193, 17
63, 349, 193, 35
63, 350, 193, 69
63, 159, 193, 69
63, 194, 194, 49
63, 198, 194, 30
63, 8, 194, 92
63, 45, 194, 33
63, 399, 194, 5
63, 50, 194, 68
63, 373, 194, 74
63, 310, 194, 46
63, 23, 194, 20
63, 282, 194, 46
63, 93, 194, 52
63, 350, 194, 69
63, 137, 195, 85
63, 10, 195, 20
63, 9, 195, 34
63, 141, 195, 71
63, 153, 195, 95
63, 291, 195, 31
63, 296, 195, 52
63, 173, 195, 38
63, 47, 195, 46
63, 176, 195, 39
63, 305, 195, 71
63, 181, 195, 49
63, 198, 195, 30
63, 205, 195, 20
63, 82, 195, 13
63, 340, 195, 82
63, 220, 195, 88
63, 229, 195, 1
63, 111, 195, 99
63, 196, 196, 33
63, 100, 196, 8
63, 325, 196, 45
63, 262, 196, 96
63, 168, 196, 9
63, 73, 196, 95
63, 13, 196, 6
63, 212, 196, 63
63, 214, 196, 58
63, 278, 196, 66
63, 391, 197, 5
63, 40, 197, 54
63, 235, 197, 71
63, 107, 197, 2
63, 269, 197, 55
63, 14, 197, 42
63, 84, 197, 25
63, 213, 197, 20
63, 184, 197, 57
63, 349, 197, 35
63, 350, 198, 69
63, 382, 198, 54
63, 257, 198, 58
63, 291, 198, 31
63, 194, 198, 49
63, 234, 198, 24
63, 395, 198, 33
63, 13, 198, 6
63, 49, 198, 96
63, 178, 198, 72
63, 179, 198, 68
63, 277, 198, 27
63, 123, 198, 75
63, 190, 198, 49
63, 226, 199, 71
63, 199, 199, 23
63, 75, 199, 62
63, 236, 199, 7
63, 243, 199, 89
63, 181, 199, 49
63, 87, 199, 20
