200, 400, 20
45, 354, 0, 74
45, 98, 0, 42
45, 4, 0, 100
45, 197, 0, 36
45, 134, 0, 26
45, 74, 0, 41
45, 237, 0, 40
45, 20, 0, 9
45, 123, 0, 40
45, 28, 0, 53
45, 300, 1, 82
45, 178, 1, 67
45, 114, 1, 53
45, 310, 1, 77
45, 190, 1, 15
45, 324, 2, 40
45, 165, 2, 27
45, 262, 2, 2
45, 104, 2, 20
45, 202, 2, 36
45, 78, 2, 80
45, 242, 2, 58
45, 214, 2, 57
45, 312, 2, 14
45, 61, 2, 56
45, 318, 2, 46
45, 0, 3, 28
45, 65, 3, 41
45, 169, 3, 46
45, 170, 3, 40
45, 139, 3, 26
45, 211, 3, 90
45, 89, 3, 46
45, 284, 3, 32
45, 29, 3, 72
45, 258, 4, 21
45, 11, 4, 55
45, 334, 4, 20
45, 207, 4, 53
45, 272, 4, 90
45, 147, 4, 16
45, 86, 4, 59
45, 247, 4, 68
45, 185, 4, 41
45, 62, 4, 54
45, 95, 4, 98
45, 320, 5, 12
45, 160, 5, 45
45, 324, 5, 40
45, 363, 5, 7
45, 396, 5, 71
45, 174, 5, 5
45, 15, 5, 85
45, 210, 5, 92
45, 312, 5, 14
45, 381, 5, 67
45, 222, 5, 71
45, 159, 5, 21
45, 165, 6, 27
45, 390, 6, 53
45, 262, 6, 2
45, 74, 6, 41
45, 107, 6, 59
45, 300, 6, 82
45, 111, 6, 50
45, 274, 6, 96
45, 211, 6, 90
45, 340, 6, 81
45, 85, 6, 23
45, 376, 6, 100
45, 123, 6, 40
45, 156, 6, 25
45, 255, 6, 21
45, 226, 7, 50
45, 354, 7, 74
45, 295, 7, 7
45, 205, 7, 96
45, 82, 7, 43
45, 147, 7, 16
45, 97, 8, 7
45, 99, 8, 61
45, 259, 8, 21
45, 356, 8, 13
45, 227, 8, 51
45, 106, 8, 14
45, 204, 8, 76
45, 271, 8, 10
45, 336, 8, 23
45, 210, 8, 92
45, 83, 8, 49
45, 84, 8, 23
45, 21, 8, 41
45, 317, 8, 4
45, 351, 8, 49
45, 328, 9, 74
45, 329, 9, 30
45, 333, 9, 14
45, 398, 9, 98
45, 335, 9, 85
45, 176, 9, 76
45, 369, 9, 88
45, 113, 9, 66
45, 339, 9, 36
45, 146, 9, 63
45, 307, 9, 50
45, 248, 9, 14
45, 263, 10, 44
45, 328, 10, 74
45, 362, 10, 24
45, 203, 10, 48
45, 238, 10, 84
45, 239, 10, 51
45, 240, 10, 24
45, 398, 10, 98
45, 277, 10, 19
45, 248, 10, 14
45, 217, 10, 83
45, 251, 10, 1
45, 127, 10, 37
45, 225, 11, 22
45, 98, 11, 42
45, 35, 11, 97
45, 132, 11, 86
45, 102, 11, 6
45, 199, 11, 9
45, 46, 11, 71
45, 338, 11, 69
45, 343, 11, 89
45, 281, 11, 43
45, 186, 11, 83
45, 159, 11, 21
45, 65, 12, 41
45, 195, 12, 16
45, 293, 12, 41
45, 231, 12, 44
45, 169, 12, 46
45, 299, 12, 12
45, 267, 12, 56
45, 78, 12, 80
45, 305, 12, 3
45, 374, 12, 80
45, 57, 12, 48
45, 315, 12, 7
45, 317, 12, 4
45, 318, 12, 46
45, 2, 13, 51
45, 4, 13, 100
45, 5, 13, 71
45, 390, 13, 53
45, 199, 13, 9
45, 392, 13, 50
45, 108, 13, 43
45, 397, 13, 100
45, 239, 13, 51
45, 97, 14, 7
45, 385, 14, 37
45, 131, 14, 4
45, 44, 14, 72
45, 176, 14, 76
45, 179, 14, 73
45, 340, 14, 81
45, 308, 14, 37
45, 123, 14, 40
45, 161, 15, 94
45, 34, 15, 8
45, 39, 15, 44
45, 140, 15, 74
45, 239, 15, 51
45, 271, 15, 10
45, 368, 15, 23
45, 148, 15, 44
45, 61, 15, 56
45, 260, 16, 96
45, 262, 16, 2
45, 8, 16, 43
45, 137, 16, 2
45, 273, 16, 11
45, 280, 16, 9
45, 296, 16, 79
45, 46, 16, 71
45, 176, 16, 76
45, 305, 16, 3
45, 186, 16, 83
45, 189, 16, 82
45, 72, 16, 46
45, 85, 16, 23
45, 214, 16, 57
45, 345, 16, 86
45, 104, 16, 20
45, 109, 16, 79
45, 123, 16, 40
45, 1, 17, 37
45, 101, 17, 58
45, 39, 17, 44
45, 8, 17, 43
45, 361, 17, 27
45, 41, 17, 63
45, 107, 17, 59
45, 187, 17, 55
45, 144, 17, 16
45, 272, 17, 90
45, 211, 17, 90
45, 54, 17, 13
45, 215, 17, 66
45, 249, 17, 14
45, 158, 17, 36
45, 189, 17, 82
45, 183, 17, 65
45, 31, 17, 57
45, 384, 18, 39
45, 130, 18, 19
45, 67, 18, 37
45, 102, 18, 6
45, 231, 18, 44
45, 199, 18, 9
45, 395, 18, 43
45, 110, 18, 6
45, 399, 18, 53
45, 144, 18, 16
45, 145, 18, 5
45, 306, 18, 82
45, 148, 18, 44
45, 116, 18, 91
45, 21, 18, 41
45, 343, 18, 89
45, 316, 18, 75
45, 384, 19, 39
45, 131, 19, 4
45, 388, 19, 54
45, 5, 19, 71
45, 395, 19, 43
45, 397, 19, 100
45, 150, 19, 83
45, 300, 19, 82
45, 176, 19, 76
45, 65, 19, 41
45, 204, 19, 76
45, 209, 19, 27
45, 347, 19, 42
45, 355, 19, 99
45, 356, 19, 13
45, 359, 19, 85
45, 104, 19, 20
45, 107, 19, 59
45, 243, 19, 94
45, 118, 19, 58
45, 72, 20, 46
45, 201, 20, 4
45, 361, 20, 27
45, 236, 20, 55
45, 141, 20, 58
45, 143, 20, 46
45, 150, 20, 83
45, 120, 20, 86
45, 26, 20, 39
45, 317, 20, 4
45, 126, 20, 46
45, 194, 21, 68
45, 292, 21, 77
45, 357, 21, 93
45, 264, 21, 47
45, 8, 21, 43
45, 10, 21, 52
45, 178, 21, 67
45, 18, 21, 53
45, 278, 21, 100
45, 185, 21, 41
45, 383, 21, 36
45, 162, 22, 28
45, 34, 22, 8
45, 165, 22, 27
45, 69, 22, 5
45, 266, 22, 38
45, 171, 22, 68
45, 75, 22, 58
45, 396, 22, 71
45, 371, 22, 45
45, 52, 22, 3
45, 282, 22, 81
45, 252, 22, 84
45, 36, 23, 40
45, 198, 23, 69
45, 168, 23, 25
45, 15, 23, 85
45, 339, 23, 36
45, 279, 23, 36
45, 281, 23, 43
45, 25, 23, 46
45, 257, 24, 15
45, 391, 24, 27
45, 201, 24, 4
45, 11, 24, 55
45, 20, 24, 9
45, 86, 24, 59
45, 26, 24, 39
45, 91, 24, 8
45, 124, 24, 17
45, 249, 25, 14
45, 38, 25, 84
45, 39, 25, 44
45, 71, 25, 78
45, 360, 25, 83
45, 142, 25, 90
45, 340, 25, 81
45, 182, 25, 61
45, 342, 25, 52
45, 217, 25, 83
45, 250, 25, 7
45, 381, 25, 67
45, 318, 25, 46
45, 319, 25, 95
45, 354, 26, 74
45, 131, 26, 4
45, 362, 26, 24
45, 363, 26, 7
45, 118, 26, 58
45, 32, 27, 83
45, 191, 27, 84
45, 67, 27, 37
45, 99, 27, 61
45, 106, 27, 14
45, 75, 27, 58
45, 44, 27, 72
45, 269, 27, 62
45, 206, 27, 70
45, 273, 27, 11
45, 371, 27, 45
45, 308, 27, 37
45, 118, 27, 58
45, 152, 27, 72
45, 60, 27, 85
45, 318, 27, 46
45, 159, 27, 21
45, 258, 28, 21
45, 5, 28, 71
45, 389, 28, 79
45, 261, 28, 51
45, 42, 28, 27
45, 74, 28, 41
45, 366, 28, 43
45, 81, 28, 34
45, 54, 28, 13
45, 121, 28, 86
45, 255, 28, 21
45, 192, 29, 32
45, 67, 29, 37
45, 132, 29, 86
45, 199, 29, 9
45, 206, 29, 70
45, 79, 29, 22
45, 144, 29, 16
45, 305, 29, 3
45, 114, 29, 53
45, 147, 29, 16
45, 315, 29, 7
45, 21, 29, 41
45, 118, 29, 58
45, 119, 29, 73
45, 216, 29, 70
45, 153, 29, 39
45, 123, 29, 40
45, 62, 29, 54
45, 107, 30, 59
45, 240, 30, 24
45, 369, 30, 88
45, 116, 30, 91
45, 54, 30, 13
45, 290, 31, 6
45, 3, 31, 50
45, 101, 31, 58
45, 200, 31, 57
45, 329, 31, 30
45, 168, 31, 25
45, 206, 31, 70
45, 177, 31, 76
45, 306, 31, 82
45, 51, 31, 70
45, 284, 31, 32
45, 125, 31, 71
45, 191, 32, 84
45, 356, 32, 13
45, 100, 32, 98
45, 330, 32, 27
45, 12, 32, 42
45, 205, 32, 96
45, 301, 32, 43
45, 272, 32, 90
45, 309, 32, 26
45, 342, 32, 52
45, 218, 32, 57
45, 251, 32, 1
45, 94, 32, 7
45, 255, 32, 21
45, 290, 33, 6
45, 67, 33, 37
45, 293, 33, 41
45, 170, 33, 40
45, 106, 33, 14
45, 332, 33, 85
45, 142, 33, 90
45, 399, 33, 53
45, 271, 33, 10
45, 270, 33, 56
45, 50, 33, 23
45, 275, 33, 94
45, 60, 33, 85
45, 61, 33, 56
45, 318, 33, 46
45, 383, 33, 36
45, 5, 34, 71
45, 134, 34, 26
45, 264, 34, 47
45, 266, 34, 38
45, 141, 34, 58
45, 275, 34, 94
45, 21, 34, 41
45, 25, 34, 46
45, 289, 34, 20
45, 161, 34, 94
45, 174, 34, 5
45, 326, 34, 95
45, 200, 34, 57
45, 74, 34, 41
45, 88, 34, 33
45, 350, 34, 57
45, 237, 34, 40
45, 110, 34, 6
45, 244, 34, 92
45, 263, 35, 44
45, 237, 35, 40
45, 174, 35, 5
45, 80, 35, 9
45, 147, 35, 16
45, 311, 35, 86
45, 1, 36, 37
45, 66, 36, 56
45, 99, 36, 61
45, 356, 36, 13
45, 133, 36, 46
45, 134, 36, 26
45, 142, 36, 90
45, 175, 36, 81
45, 305, 36, 3
45, 50, 36, 23
45, 84, 36, 23
45, 53, 36, 2
45, 279, 36, 36
45, 285, 36, 39
45, 253, 36, 75
45, 163, 37, 100
45, 99, 37, 61
45, 230, 37, 59
45, 12, 37, 42
45, 310, 37, 77
45, 249, 37, 14
45, 319, 37, 95
45, 320, 38, 12
45, 33, 38, 89
45, 66, 38, 56
45, 161, 38, 94
45, 260, 38, 96
45, 69, 38, 5
45, 198, 38, 69
45, 238, 38, 84
45, 367, 38, 19
45, 371, 38, 45
45, 53, 38, 2
45, 341, 38, 28
45, 248, 38, 14
45, 348, 38, 79
45, 66, 39, 56
45, 136, 39, 7
45, 45, 39, 54
45, 337, 39, 3
45, 209, 39, 27
45, 178, 39, 67
45, 277, 39, 19
45, 85, 39, 23
45, 347, 39, 42
45, 262, 40, 2
45, 174, 40, 5
45, 306, 40, 82
45, 244, 40, 92
45, 93, 40, 16
45, 191, 40, 84
45, 129, 41, 70
45, 130, 41, 19
45, 23, 41, 28
45, 300, 41, 82
45, 46, 41, 71
45, 184, 41, 32
45, 315, 41, 7
45, 316, 41, 75
45, 188, 41, 16
45, 74, 41, 41
45, 203, 41, 48
45, 346, 41, 43
45, 91, 41, 8
45, 230, 41, 59
45, 233, 41, 39
45, 368, 41, 23
45, 115, 41, 63
45, 126, 41, 46
45, 252, 41, 84
45, 382, 41, 40
45, 3, 42, 50
45, 355, 42, 99
45, 294, 42, 17
45, 326, 42, 95
45, 364, 42, 72
45, 13, 42, 5
45, 174, 42, 5
45, 335, 42, 85
45, 78, 42, 80
45, 307, 42, 50
45, 115, 42, 63
45, 117, 42, 80
45, 221, 42, 29
45, 286, 42, 76
45, 319, 42, 95
45, 130, 43, 19
45, 386, 43, 69
45, 23, 43, 28
45, 281, 43, 43
45, 168, 43, 25
45, 299, 43, 12
45, 178, 43, 67
45, 52, 43, 3
45, 316, 43, 75
45, 75, 43, 58
45, 342, 43, 52
45, 90, 43, 31
45, 225, 43, 22
45, 102, 43, 6
45, 109, 43, 79
45, 110, 43, 6
45, 112, 43, 88
45, 248, 43, 14
45, 121, 43, 86
45, 123, 43, 40
45, 96, 44, 36
45, 289, 44, 20
45, 293, 44, 41
45, 168, 44, 25
45, 249, 44, 14
45, 349, 44, 59
45, 289, 45, 20
45, 262, 45, 2
45, 390, 45, 53
45, 210, 45, 92
45, 21, 45, 41
45, 30, 45, 85
45, 255, 45, 21
45, 0, 46, 28
45, 386, 46, 69
45, 265, 46, 37
45, 9, 46, 8
45, 300, 46, 82
45, 87, 46, 84
45, 255, 46, 21
45, 121, 47, 86
45, 228, 47, 38
45, 394, 47, 81
45, 399, 47, 53
45, 147, 47, 16
45, 243, 47, 94
45, 277, 47, 19
45, 94, 47, 7
45, 345, 47, 86
45, 62, 47, 54
45, 223, 47, 30
45, 356, 48, 13
45, 110, 48, 6
45, 399, 48, 53
45, 341, 48, 28
45, 28, 48, 53
45, 128, 49, 11
45, 326, 49, 95
45, 263, 49, 44
45, 147, 49, 16
45, 308, 49, 37
45, 284, 49, 32
45, 53, 49, 2
45, 151, 49, 96
45, 249, 49, 14
45, 28, 49, 53
45, 134, 50, 26
45, 390, 50, 53
45, 266, 50, 38
45, 27, 50, 91
45, 157, 50, 43
45, 49, 50, 68
45, 318, 50, 46
45, 319, 50, 95
45, 323, 50, 81
45, 198, 50, 69
45, 199, 50, 9
45, 77, 50, 49
45, 218, 50, 57
45, 222, 50, 71
45, 96, 50, 36
45, 236, 50, 55
45, 115, 50, 63
45, 116, 50, 91
45, 245, 50, 40
45, 383, 50, 36
45, 102, 51, 6
45, 207, 51, 53
45, 337, 51, 3
45, 280, 51, 9
45, 27, 51, 91
45, 98, 52, 42
45, 163, 52, 100
45, 101, 52, 58
45, 166, 52, 17
45, 70, 52, 53
45, 11, 52, 55
45, 48, 52, 15
45, 124, 52, 17
45, 116, 52, 91
45, 84, 52, 23
45, 20, 52, 9
45, 254, 52, 21
45, 312, 52, 14
45, 345, 52, 86
45, 314, 52, 82
45, 380, 52, 10
45, 222, 52, 71
45, 382, 53, 40
45, 259, 53, 21
45, 71, 53, 78
45, 234, 53, 76
45, 235, 53, 6
45, 301, 53, 43
45, 45, 53, 54
45, 239, 53, 51
45, 51, 53, 70
45, 23, 53, 28
45, 214, 53, 57
45, 54, 53, 13
45, 62, 53, 54
45, 157, 53, 43
45, 222, 53, 71
45, 255, 53, 21
45, 64, 54, 84
45, 354, 54, 74
45, 227, 54, 51
45, 388, 54, 54
45, 101, 54, 58
45, 10, 54, 52
45, 13, 54, 5
45, 245, 54, 40
45, 311, 54, 86
45, 94, 54, 7
45, 223, 54, 30
45, 32, 55, 83
45, 289, 55, 20
45, 6, 55, 74
45, 359, 55, 85
45, 186, 55, 83
45, 200, 55, 57
45, 203, 55, 48
45, 332, 55, 85
45, 269, 55, 62
45, 109, 55, 79
45, 20, 55, 9
45, 117, 55, 80
45, 246, 55, 81
45, 122, 55, 84
45, 393, 56, 81
45, 138, 56, 23
45, 143, 56, 46
45, 274, 56, 96
45, 290, 56, 6
45, 164, 56, 19
45, 296, 56, 79
45, 177, 56, 76
45, 310, 56, 77
45, 319, 56, 95
45, 67, 56, 37
45, 198, 56, 69
45, 89, 56, 46
45, 93, 56, 16
45, 353, 56, 21
45, 234, 56, 76
45, 381, 56, 67
45, 126, 56, 46
45, 127, 56, 37
45, 228, 57, 38
45, 37, 57, 1
45, 199, 57, 9
45, 135, 57, 72
45, 170, 57, 40
45, 332, 57, 85
45, 50, 57, 23
45, 340, 57, 81
45, 119, 57, 73
45, 59, 57, 7
45, 125, 57, 71
45, 259, 58, 21
45, 388, 58, 54
45, 136, 58, 7
45, 275, 58, 94
45, 287, 58, 95
45, 45, 58, 54
45, 175, 58, 81
45, 177, 58, 76
45, 55, 58, 49
45, 316, 58, 75
45, 188, 58, 16
45, 190, 58, 15
45, 320, 58, 12
45, 208, 58, 52
45, 347, 58, 42
45, 223, 58, 30
45, 367, 58, 19
45, 368, 58, 23
45, 113, 58, 66
45, 255, 58, 21
45, 289, 59, 20
45, 1, 59, 37
45, 264, 59, 47
45, 157, 59, 43
45, 186, 59, 83
45, 156, 59, 25
45, 253, 59, 75
45, 197, 60, 36
45, 201, 60, 4
45, 237, 60, 40
45, 79, 60, 22
45, 372, 60, 52
45, 342, 60, 52
45, 69, 61, 5
45, 231, 61, 44
45, 297, 61, 11
45, 75, 61, 58
45, 396, 61, 71
45, 151, 61, 96
45, 257, 62, 15
45, 35, 62, 97
45, 324, 62, 40
45, 7, 62, 47
45, 392, 62, 50
45, 40, 62, 65
45, 138, 62, 23
45, 300, 62, 82
45, 79, 62, 22
45, 49, 62, 68
45, 306, 62, 82
45, 340, 62, 81
45, 53, 62, 2
45, 221, 62, 29
45, 285, 62, 39
45, 318, 62, 46
45, 385, 63, 37
45, 138, 63, 23
45, 11, 63, 55
45, 272, 63, 90
45, 36, 63, 40
45, 165, 63, 27
45, 302, 63, 76
45, 55, 63, 49
45, 312, 63, 14
45, 320, 63, 12
45, 78, 63, 80
45, 211, 63, 90
45, 213, 63, 53
45, 89, 63, 46
45, 222, 63, 71
45, 356, 63, 13
45, 365, 63, 73
45, 244, 63, 92
45, 381, 63, 67
45, 263, 64, 44
45, 397, 64, 100
45, 19, 64, 35
45, 154, 64, 38
45, 166, 64, 17
45, 296, 64, 79
45, 168, 64, 25
45, 43, 64, 4
45, 47, 64, 63
45, 305, 64, 3
45, 178, 64, 67
45, 183, 64, 65
45, 59, 64, 7
45, 78, 64, 80
45, 93, 64, 16
45, 105, 64, 66
45, 235, 64, 6
45, 364, 64, 72
45, 120, 64, 86
45, 124, 64, 17
45, 160, 65, 45
45, 289, 65, 20
45, 354, 65, 74
45, 162, 65, 28
45, 326, 65, 95
45, 71, 65, 78
45, 394, 65, 81
45, 365, 65, 73
45, 13, 65, 5
45, 110, 65, 6
45, 209, 65, 27
45, 338, 65, 69
45, 341, 65, 28
45, 150, 65, 83
45, 122, 65, 84
45, 354, 66, 74
45, 360, 66, 83
45, 10, 66, 52
45, 368, 66, 23
45, 308, 66, 37
45, 282, 66, 81
45, 35, 67, 97
45, 388, 67, 54
45, 230, 67, 59
45, 263, 67, 44
45, 235, 67, 6
45, 155, 67, 97
45, 109, 67, 79
45, 110, 67, 6
45, 179, 67, 73
45, 342, 67, 52
45, 379, 67, 94
45, 106, 68, 14
45, 395, 68, 43
45, 51, 68, 70
45, 181, 68, 20
45, 287, 68, 95
45, 256, 69, 79
45, 135, 69, 72
45, 296, 69, 79
45, 332, 69, 85
45, 237, 69, 40
45, 334, 69, 20
45, 240, 69, 24
45, 272, 69, 90
45, 319, 69, 95
45, 32, 70, 83
45, 1, 70, 37
45, 261, 70, 51
45, 230, 70, 59
45, 72, 70, 46
45, 105, 70, 66
45, 42, 70, 27
45, 203, 70, 48
45, 332, 70, 85
45, 44, 70, 72
45, 334, 70, 20
45, 339, 70, 36
45, 119, 70, 73
45, 248, 70, 14
45, 345, 70, 86
45, 28, 70, 53
45, 93, 70, 16
45, 286, 70, 76
45, 256, 71, 79
45, 260, 71, 96
45, 143, 71, 46
45, 155, 71, 97
45, 28, 71, 53
45, 286, 71, 76
45, 302, 71, 76
45, 175, 71, 81
45, 46, 71, 71
45, 52, 71, 3
45, 308, 71, 37
45, 332, 71, 85
45, 208, 71, 52
45, 337, 71, 3
45, 347, 71, 42
45, 97, 71, 7
45, 233, 71, 39
45, 240, 71, 24
45, 249, 71, 14
45, 253, 71, 75
45, 353, 72, 21
45, 4, 72, 100
45, 102, 72, 6
45, 40, 72, 65
45, 218, 72, 57
45, 232, 72, 74
45, 204, 72, 76
45, 13, 72, 5
45, 23, 72, 28
45, 181, 72, 20
45, 247, 72, 68
45, 280, 72, 9
45, 378, 72, 98
45, 252, 72, 84
45, 387, 73, 70
45, 261, 73, 51
45, 394, 73, 81
45, 11, 73, 55
45, 398, 73, 98
45, 35, 73, 97
45, 39, 73, 44
45, 302, 73, 76
45, 56, 73, 42
45, 61, 73, 56
45, 325, 73, 25
45, 88, 73, 33
45, 345, 73, 86
45, 100, 73, 98
45, 234, 73, 76
45, 368, 73, 23
45, 369, 73, 88
45, 116, 73, 91
45, 126, 73, 46
45, 127, 73, 37
45, 64, 74, 84
45, 97, 74, 7
45, 130, 74, 19
45, 323, 74, 81
45, 229, 74, 52
45, 326, 74, 95
45, 203, 74, 48
45, 108, 74, 43
45, 208, 74, 52
45, 369, 74, 88
45, 50, 74, 23
45, 241, 74, 64
45, 343, 74, 89
45, 56, 74, 42
45, 90, 74, 31
45, 251, 74, 1
45, 132, 75, 86
45, 394, 75, 81
45, 13, 75, 5
45, 269, 75, 62
45, 15, 75, 85
45, 144, 75, 16
45, 147, 75, 16
45, 54, 75, 13
45, 192, 75, 32
45, 325, 75, 25
45, 71, 75, 78
45, 333, 75, 14
45, 338, 75, 69
45, 339, 75, 36
45, 211, 75, 90
45, 351, 75, 49
45, 360, 75, 83
45, 371, 75, 45
45, 248, 75, 14
45, 125, 75, 71
45, 393, 76, 81
45, 12, 76, 42
45, 308, 76, 37
45, 55, 76, 49
45, 156, 76, 25
45, 5, 77, 71
45, 229, 77, 52
45, 10, 77, 52
45, 210, 77, 92
45, 114, 77, 53
45, 184, 77, 32
45, 54, 77, 13
45, 150, 77, 83
45, 248, 77, 14
45, 282, 77, 81
45, 27, 77, 91
45, 349, 77, 59
45, 62, 77, 54
45, 384, 78, 39
45, 0, 78, 28
45, 23, 78, 28
45, 25, 78, 46
45, 157, 78, 43
45, 33, 78, 89
45, 40, 78, 65
45, 182, 78, 61
45, 193, 78, 61
45, 205, 78, 96
45, 216, 78, 70
45, 99, 78, 61
45, 355, 78, 99
45, 362, 78, 24
45, 235, 78, 6
45, 363, 78, 7
45, 107, 78, 59
45, 242, 78, 58
45, 121, 78, 86
45, 253, 78, 75
45, 195, 79, 16
45, 132, 79, 86
45, 167, 79, 3
45, 266, 79, 38
45, 110, 79, 6
45, 367, 79, 19
45, 15, 79, 85
45, 180, 79, 25
45, 23, 79, 28
45, 155, 79, 97
45, 279, 79, 36
45, 159, 79, 21
45, 320, 80, 12
45, 356, 80, 13
45, 101, 80, 58
45, 39, 80, 44
45, 201, 80, 4
45, 43, 80, 4
45, 205, 80, 96
45, 369, 80, 88
45, 21, 80, 41
45, 343, 80, 89
45, 183, 80, 65
45, 159, 80, 21
45, 352, 81, 85
45, 353, 81, 21
45, 226, 81, 50
45, 263, 81, 44
45, 296, 81, 79
45, 238, 81, 84
45, 214, 81, 57
45, 59, 81, 7
45, 161, 82, 94
45, 99, 82, 61
45, 131, 82, 4
45, 132, 82, 86
45, 6, 82, 74
45, 136, 82, 7
45, 108, 82, 43
45, 192, 83, 32
45, 129, 83, 70
45, 34, 83, 8
45, 37, 83, 1
45, 295, 83, 7
45, 392, 83, 50
45, 266, 83, 38
45, 298, 83, 90
45, 47, 83, 63
45, 81, 83, 34
45, 52, 83, 3
45, 181, 83, 20
45, 189, 83, 82
45, 217, 83, 83
45, 253, 83, 75
45, 73, 84, 3
45, 17, 84, 65
45, 82, 84, 43
45, 182, 84, 61
45, 314, 84, 82
45, 353, 85, 21
45, 163, 85, 100
45, 231, 85, 44
45, 167, 85, 3
45, 297, 85, 11
45, 301, 85, 43
45, 399, 85, 53
45, 273, 85, 11
45, 147, 85, 16
45, 244, 85, 92
45, 115, 85, 63
45, 183, 85, 65
45, 318, 85, 46
45, 63, 85, 77
45, 361, 86, 27
45, 274, 86, 96
45, 344, 86, 78
45, 121, 86, 86
45, 351, 86, 49
45, 385, 87, 37
45, 197, 87, 36
45, 71, 87, 78
45, 72, 87, 46
45, 304, 87, 70
45, 339, 87, 36
45, 243, 87, 94
45, 246, 87, 81
45, 121, 87, 86
45, 260, 88, 96
45, 391, 88, 27
45, 139, 88, 26
45, 13, 88, 5
45, 399, 88, 53
45, 17, 88, 65
45, 152, 88, 72
45, 153, 88, 39
45, 283, 88, 53
45, 158, 88, 36
45, 303, 88, 98
45, 49, 88, 68
45, 63, 88, 77
45, 65, 88, 41
45, 202, 88, 36
45, 334, 88, 20
45, 241, 88, 64
45, 116, 88, 91
45, 250, 88, 7
45, 324, 89, 40
45, 166, 89, 17
45, 313, 89, 47
45, 7, 89, 47
45, 39, 89, 44
45, 317, 89, 4
45, 399, 89, 53
45, 208, 89, 52
45, 178, 89, 67
45, 51, 89, 70
45, 343, 89, 89
45, 377, 89, 9
45, 378, 89, 98
45, 27, 89, 91
45, 124, 89, 17
45, 157, 89, 43
45, 25, 89, 46
45, 64, 90, 84
45, 4, 90, 100
45, 5, 90, 71
45, 68, 90, 21
45, 295, 90, 7
45, 292, 90, 77
45, 134, 90, 26
45, 395, 90, 43
45, 111, 90, 50
45, 17, 90, 65
45, 50, 90, 23
45, 179, 90, 73
45, 273, 90, 11
45, 25, 90, 46
45, 317, 90, 4
45, 321, 91, 47
45, 289, 91, 20
45, 391, 91, 27
45, 328, 91, 74
45, 138, 91, 23
45, 299, 91, 12
45, 12, 91, 42
45, 237, 91, 40
45, 307, 91, 50
45, 85, 91, 23
45, 23, 91, 28
45, 345, 91, 86
45, 250, 91, 7
45, 251, 91, 1
45, 164, 92, 19
45, 6, 92, 74
45, 294, 92, 17
45, 201, 92, 4
45, 108, 92, 43
45, 240, 92, 24
45, 50, 92, 23
45, 114, 92, 53
45, 52, 92, 3
45, 88, 92, 33
45, 218, 92, 57
45, 284, 92, 32
45, 190, 92, 15
45, 287, 92, 95
45, 320, 93, 12
45, 289, 93, 20
45, 2, 93, 51
45, 58, 93, 29
45, 391, 93, 27
45, 72, 93, 46
45, 201, 93, 4
45, 232, 93, 74
45, 365, 93, 73
45, 366, 93, 43
45, 272, 93, 90
45, 306, 93, 82
45, 51, 93, 70
45, 274, 93, 96
45, 55, 93, 49
45, 186, 93, 83
45, 155, 93, 97
45, 92, 93, 49
45, 256, 94, 79
45, 326, 94, 95
45, 230, 94, 59
45, 11, 94, 55
45, 75, 94, 58
45, 270, 94, 56
45, 367, 94, 19
45, 305, 94, 3
45, 274, 94, 96
45, 370, 94, 73
45, 146, 94, 63
45, 247, 94, 68
45, 281, 94, 43
45, 387, 95, 70
45, 132, 95, 86
45, 266, 95, 38
45, 11, 95, 55
45, 13, 95, 5
45, 269, 95, 62
45, 397, 95, 100
45, 141, 95, 58
45, 23, 95, 28
45, 27, 95, 91
45, 294, 95, 17
45, 168, 95, 25
45, 174, 95, 5
45, 309, 95, 26
45, 201, 95, 4
45, 204, 95, 76
45, 230, 95, 59
45, 104, 95, 20
45, 237, 95, 40
45, 120, 95, 86
45, 291, 96, 87
45, 135, 96, 72
45, 73, 96, 3
45, 366, 96, 43
45, 335, 96, 85
45, 371, 96, 45
45, 150, 96, 83
45, 278, 96, 100
45, 315, 96, 7
45, 60, 96, 85
45, 193, 97, 61
45, 8, 97, 43
45, 361, 97, 27
45, 44, 97, 72
45, 112, 97, 88
45, 223, 97, 30
45, 192, 98, 32
45, 160, 98, 45
45, 64, 98, 84
45, 198, 98, 69
45, 268, 98, 67
45, 143, 98, 46
45, 369, 98, 88
45, 209, 98, 27
45, 253, 98, 75
45, 191, 98, 84
45, 65, 99, 41
45, 321, 99, 47
45, 385, 99, 37
45, 196, 99, 32
45, 102, 99, 6
45, 104, 99, 20
45, 331, 99, 51
45, 206, 99, 70
45, 240, 99, 24
45, 211, 99, 90
45, 91, 99, 8
45, 121, 100, 86
45, 2, 100, 51
45, 227, 100, 51
45, 37, 100, 1
45, 165, 100, 27
45, 201, 100, 4
45, 237, 100, 40
45, 304, 100, 70
45, 61, 100, 56
45, 310, 100, 77
45, 157, 100, 43
45, 153, 100, 39
45, 317, 100, 4
45, 320, 101, 12
45, 2, 101, 51
45, 361, 101, 27
45, 242, 101, 58
45, 306, 101, 82
45, 182, 101, 61
45, 88, 101, 33
45, 128, 102, 11
45, 392, 102, 50
45, 19, 102, 35
45, 280, 102, 9
45, 288, 102, 40
45, 42, 102, 27
45, 171, 102, 68
45, 183, 102, 65
45, 61, 102, 56
45, 66, 102, 56
45, 71, 102, 78
45, 201, 102, 4
45, 82, 102, 43
45, 215, 102, 66
45, 345, 102, 86
45, 232, 102, 74
45, 246, 102, 81
45, 382, 102, 40
45, 255, 102, 21
45, 163, 103, 100
45, 324, 103, 40
45, 167, 103, 3
45, 232, 103, 74
45, 361, 103, 27
45, 395, 103, 43
45, 301, 103, 43
45, 334, 103, 20
45, 367, 103, 19
45, 19, 103, 35
45, 309, 103, 26
45, 22, 103, 56
45, 278, 103, 100
45, 313, 103, 47
45, 346, 103, 43
45, 252, 103, 84
45, 93, 103, 16
45, 63, 103, 77
45, 65, 104, 41
45, 35, 104, 97
45, 260, 104, 96
45, 357, 104, 93
45, 390, 104, 53
45, 359, 104, 85
45, 167, 104, 3
45, 297, 104, 11
45, 69, 104, 5
45, 59, 104, 7
45, 11, 104, 55
45, 271, 104, 10
45, 179, 104, 73
45, 214, 104, 57
45, 182, 104, 61
45, 312, 104, 14
45, 155, 104, 97
45, 384, 105, 39
45, 33, 105, 89
45, 291, 105, 87
45, 393, 105, 81
45, 170, 105, 40
45, 301, 105, 43
45, 79, 105, 22
45, 207, 105, 53
45, 210, 105, 92
45, 348, 105, 79
45, 277, 105, 19
45, 341, 105, 28
45, 23, 105, 28
45, 340, 105, 81
45, 60, 105, 85
45, 254, 105, 21
45, 387, 106, 70
45, 40, 106, 65
45, 200, 106, 57
45, 239, 106, 51
45, 112, 106, 88
45, 116, 106, 91
45, 255, 106, 21
45, 384, 107, 39
45, 292, 107, 77
45, 6, 107, 74
45, 166, 107, 17
45, 87, 107, 84
45, 312, 107, 14
45, 124, 107, 17
45, 354, 108, 74
45, 103, 108, 63
45, 264, 108, 47
45, 104, 108, 20
45, 74, 108, 41
45, 395, 108, 43
45, 108, 108, 43
45, 77, 108, 49
45, 271, 108, 10
45, 179, 108, 73
45, 213, 108, 53
45, 309, 108, 26
45, 312, 108, 14
45, 250, 108, 7
45, 155, 108, 97
45, 254, 108, 21
45, 359, 109, 85
45, 234, 109, 76
45, 171, 109, 68
45, 106, 109, 14
45, 115, 109, 63
45, 377, 109, 9
45, 282, 109, 81
45, 318, 109, 46
45, 128, 110, 11
45, 386, 110, 69
45, 68, 110, 21
45, 262, 110, 2
45, 241, 110, 64
45, 370, 110, 73
45, 242, 110, 58
45, 308, 110, 37
45, 311, 110, 86
45, 345, 110, 86
45, 189, 110, 82
45, 98, 111, 42
45, 53, 111, 2
45, 120, 111, 86
45, 153, 111, 39
45, 252, 111, 84
45, 33, 112, 89
45, 2, 112, 51
45, 323, 112, 81
45, 292, 112, 77
45, 357, 112, 93
45, 162, 112, 28
45, 66, 112, 56
45, 270, 112, 56
45, 368, 112, 23
45, 210, 112, 92
45, 339, 112, 36
45, 115, 112, 63
45, 373, 112, 2
45, 118, 112, 58
45, 182, 112, 61
45, 91, 112, 8
45, 284, 112, 32
45, 319, 112, 95
45, 128, 113, 11
45, 324, 113, 40
45, 230, 113, 59
45, 360, 113, 83
45, 234, 113, 76
45, 13, 113, 5
45, 271, 113, 10
45, 347, 113, 42
45, 83, 113, 49
45, 339, 113, 36
45, 146, 113, 63
45, 125, 113, 71
45, 216, 113, 70
45, 219, 113, 64
45, 93, 113, 16
45, 286, 113, 76
45, 7, 114, 47
45, 46, 114, 71
45, 242, 114, 58
45, 243, 114, 94
45, 85, 114, 23
45, 277, 114, 19
45, 151, 114, 96
45, 54, 114, 13
45, 281, 114, 43
45, 258, 115, 21
45, 162, 115, 28
45, 356, 115, 13
45, 137, 115, 2
45, 141, 115, 58
45, 45, 115, 54
45, 398, 115, 98
45, 188, 115, 16
45, 243, 115, 94
45, 154, 115, 38
45, 124, 115, 17
45, 224, 116, 18
45, 264, 116, 47
45, 396, 116, 71
45, 369, 116, 88
45, 281, 116, 43
45, 348, 116, 79
45, 64, 117, 84
45, 193, 117, 61
45, 388, 117, 54
45, 293, 117, 41
45, 263, 117, 44
45, 330, 117, 27
45, 235, 117, 6
45, 53, 117, 2
45, 283, 117, 53
45, 382, 117, 40
45, 63, 117, 77
45, 290, 118, 6
45, 356, 118, 13
45, 158, 118, 36
45, 41, 118, 63
45, 42, 118, 27
45, 234, 118, 76
45, 268, 118, 67
45, 54, 118, 13
45, 376, 118, 100
45, 377, 118, 9
45, 251, 118, 1
45, 286, 118, 76
45, 355, 119, 99
45, 292, 119, 77
45, 263, 119, 44
45, 8, 119, 43
45, 391, 119, 27
45, 106, 119, 14
45, 267, 119, 56
45, 167, 119, 3
45, 301, 119, 43
45, 79, 119, 22
45, 16, 119, 23
45, 273, 119, 11
45, 113, 119, 66
45, 241, 119, 64
45, 181, 119, 20
45, 56, 119, 42
45, 249, 119, 14
45, 252, 119, 84
45, 67, 120, 37
45, 356, 120, 13
45, 69, 120, 5
45, 8, 120, 43
45, 78, 120, 80
45, 305, 120, 3
45, 114, 120, 53
45, 50, 120, 23
45, 52, 120, 3
45, 315, 120, 7
45, 134, 121, 26
45, 16, 121, 23
45, 274, 121, 96
45, 277, 121, 19
45, 150, 121, 83
45, 27, 121, 91
45, 283, 121, 53
45, 288, 121, 40
45, 39, 121, 44
45, 177, 121, 76
45, 307, 121, 50
45, 67, 121, 37
45, 213, 121, 53
45, 215, 121, 66
45, 347, 121, 42
45, 103, 121, 63
45, 232, 121, 74
45, 241, 121, 64
45, 255, 121, 21
45, 33, 122, 89
45, 131, 122, 4
45, 133, 122, 46
45, 169, 122, 46
45, 238, 122, 84
45, 110, 122, 6
45, 80, 122, 9
45, 247, 122, 68
45, 355, 123, 99
45, 168, 123, 25
45, 234, 123, 76
45, 236, 123, 55
45, 142, 123, 90
45, 371, 123, 45
45, 243, 123, 94
45, 54, 123, 13
45, 119, 123, 73
45, 87, 123, 84
45, 365, 124, 73
45, 207, 124, 53
45, 244, 124, 92
45, 373, 124, 2
45, 182, 124, 61
45, 248, 124, 14
45, 317, 124, 4
45, 95, 124, 98
45, 259, 125, 21
45, 358, 125, 91
45, 393, 125, 81
45, 362, 125, 24
45, 235, 125, 6
45, 270, 125, 56
45, 48, 125, 15
45, 311, 125, 86
45, 90, 125, 31
45, 318, 125, 46
45, 223, 125, 30
45, 134, 126, 26
45, 289, 126, 20
45, 164, 126, 19
45, 167, 126, 3
45, 304, 126, 70
45, 315, 126, 7
45, 195, 126, 16
45, 333, 126, 14
45, 205, 126, 96
45, 216, 126, 70
45, 218, 126, 57
45, 219, 126, 64
45, 352, 126, 85
45, 98, 126, 42
45, 227, 126, 51
45, 108, 126, 43
45, 239, 126, 51
45, 250, 126, 7
45, 255, 126, 21
45, 129, 127, 70
45, 290, 127, 6
45, 258, 127, 21
45, 196, 127, 32
45, 197, 127, 36
45, 324, 127, 40
45, 364, 127, 72
45, 282, 127, 81
45, 35, 128, 97
45, 91, 128, 8
45, 299, 128, 12
45, 171, 128, 68
45, 399, 128, 53
45, 310, 128, 77
45, 247, 128, 68
45, 347, 128, 42
45, 380, 128, 10
45, 64, 129, 84
45, 258, 129, 21
45, 35, 129, 97
45, 3, 129, 50
45, 197, 129, 36
45, 294, 129, 17
45, 139, 129, 26
45, 120, 129, 86
45, 146, 129, 63
45, 19, 129, 35
45, 181, 129, 20
45, 213, 129, 53
45, 56, 129, 42
45, 122, 129, 84
45, 316, 129, 75
45, 224, 130, 18
45, 98, 130, 42
45, 163, 130, 100
45, 326, 130, 95
45, 10, 130, 52
45, 363, 130, 7
45, 76, 130, 86
45, 337, 130, 3
45, 274, 130, 96
45, 83, 130, 49
45, 148, 130, 44
45, 180, 130, 25
45, 241, 130, 64
45, 183, 130, 65
45, 282, 130, 81
45, 156, 130, 25
45, 157, 130, 43
45, 161, 131, 94
45, 166, 131, 17
45, 104, 131, 20
45, 143, 131, 46
45, 271, 131, 10
45, 351, 131, 49
45, 35, 132, 97
45, 261, 132, 51
45, 367, 132, 19
45, 145, 132, 5
45, 147, 132, 16
45, 276, 132, 74
45, 278, 132, 100
45, 313, 132, 47
45, 128, 133, 11
45, 353, 133, 21
45, 102, 133, 6
45, 391, 133, 27
45, 198, 133, 69
45, 299, 133, 12
45, 206, 133, 70
45, 302, 133, 76
45, 182, 133, 61
45, 58, 133, 29
45, 251, 133, 1
45, 31, 133, 57
45, 258, 134, 21
45, 325, 134, 25
45, 70, 134, 53
45, 262, 134, 2
45, 40, 134, 65
45, 362, 134, 24
45, 300, 134, 82
45, 236, 134, 55
45, 335, 134, 85
45, 17, 134, 65
45, 278, 134, 100
45, 86, 134, 59
45, 252, 134, 84
45, 381, 134, 67
45, 135, 135, 72
45, 276, 135, 74
45, 288, 135, 40
45, 167, 135, 3
45, 295, 135, 7
45, 41, 135, 63
45, 308, 135, 37
45, 185, 135, 41
45, 59, 135, 7
45, 192, 135, 32
45, 73, 135, 3
45, 206, 135, 70
45, 210, 135, 92
45, 212, 135, 67
45, 224, 135, 18
45, 226, 135, 50
45, 367, 135, 19
45, 242, 135, 58
45, 373, 135, 2
45, 2, 136, 51
45, 260, 136, 96
45, 388, 136, 54
45, 132, 136, 86
45, 267, 136, 56
45, 268, 136, 67
45, 148, 136, 44
45, 287, 136, 95
45, 160, 136, 45
45, 296, 136, 79
45, 180, 136, 25
45, 308, 136, 37
45, 70, 136, 53
45, 80, 136, 9
45, 341, 136, 28
45, 343, 136, 89
45, 344, 136, 78
45, 115, 136, 63
45, 379, 136, 94
45, 352, 137, 85
45, 96, 137, 36
45, 100, 137, 98
45, 356, 137, 13
45, 301, 137, 43
45, 334, 137, 20
45, 78, 137, 80
45, 176, 137, 76
45, 13, 137, 5
45, 173, 137, 84
45, 87, 137, 84
45, 347, 137, 42
45, 62, 137, 54
45, 98, 138, 42
45, 135, 138, 72
45, 391, 138, 27
45, 204, 138, 76
45, 77, 138, 49
45, 314, 138, 82
45, 335, 138, 85
45, 44, 138, 72
45, 50, 138, 23
45, 178, 138, 67
45, 212, 138, 67
45, 374, 138, 80
45, 182, 138, 61
45, 88, 138, 33
45, 215, 138, 66
45, 317, 138, 4
45, 388, 139, 54
45, 6, 139, 74
45, 296, 139, 79
45, 41, 139, 63
45, 139, 139, 26
45, 79, 139, 22
45, 82, 139, 43
45, 246, 139, 81
45, 185, 139, 41
45, 347, 139, 42
45, 354, 140, 74
45, 104, 140, 20
45, 393, 140, 81
45, 363, 140, 7
45, 203, 140, 48
45, 139, 140, 26
45, 395, 140, 43
45, 14, 140, 20
45, 176, 140, 76
45, 83, 140, 49
45, 148, 140, 44
45, 276, 140, 74
45, 89, 140, 46
45, 157, 140, 43
45, 95, 140, 98
45, 322, 141, 77
45, 325, 141, 25
45, 359, 141, 85
45, 136, 141, 7
45, 104, 141, 20
45, 265, 141, 37
45, 177, 141, 76
45, 148, 141, 44
45, 342, 141, 52
45, 278, 141, 100
45, 248, 141, 14
45, 182, 141, 61
45, 27, 141, 91
45, 343, 141, 89
45, 8, 142, 43
45, 138, 142, 23
45, 275, 142, 94
45, 278, 142, 100
45, 279, 142, 36
45, 28, 142, 53
45, 38, 142, 84
45, 297, 142, 11
45, 48, 142, 15
45, 311, 142, 86
45, 312, 142, 14
45, 187, 142, 55
45, 325, 142, 25
45, 76, 142, 86
45, 335, 142, 85
45, 339, 142, 36
45, 238, 142, 84
45, 371, 142, 45
45, 383, 142, 36
45, 146, 143, 63
45, 278, 143, 100
45, 23, 143, 28
45, 41, 143, 63
45, 170, 143, 40
45, 299, 143, 12
45, 44, 143, 72
45, 312, 143, 14
45, 313, 143, 47
45, 57, 143, 48
45, 187, 143, 55
45, 61, 143, 56
45, 331, 143, 51
45, 78, 143, 80
45, 339, 143, 36
45, 229, 143, 52
45, 103, 143, 63
45, 379, 143, 94
45, 123, 143, 40
45, 382, 143, 40
45, 320, 144, 12
45, 32, 144, 83
45, 196, 144, 32
45, 229, 144, 52
45, 165, 144, 27
45, 7, 144, 47
45, 172, 144, 34
45, 109, 144, 79
45, 144, 144, 16
45, 241, 144, 64
45, 30, 144, 85
45, 312, 144, 14
45, 217, 144, 83
45, 318, 144, 46
45, 162, 145, 28
45, 387, 145, 70
45, 132, 145, 86
45, 230, 145, 59
45, 392, 145, 50
45, 363, 145, 7
45, 44, 145, 72
45, 236, 145, 55
45, 145, 145, 5
45, 82, 145, 43
45, 178, 145, 67
45, 345, 145, 86
45, 379, 145, 94
45, 29, 145, 72
45, 129, 146, 70
45, 260, 146, 96
45, 136, 146, 7
45, 283, 146, 53
45, 284, 146, 32
45, 161, 146, 94
45, 168, 146, 25
45, 308, 146, 37
45, 311, 146, 86
45, 315, 146, 7
45, 62, 146, 54
45, 67, 146, 37
45, 198, 146, 69
45, 85, 146, 23
45, 216, 146, 70
45, 349, 146, 59
45, 97, 146, 7
45, 111, 146, 50
45, 245, 146, 40
45, 354, 147, 74
45, 291, 147, 87
45, 229, 147, 52
45, 73, 147, 3
45, 365, 147, 73
45, 382, 147, 40
45, 130, 148, 19
45, 355, 148, 99
45, 358, 148, 91
45, 7, 148, 47
45, 247, 148, 68
45, 107, 148, 59
45, 314, 148, 82
45, 173, 148, 84
45, 16, 148, 23
45, 336, 148, 23
45, 372, 148, 52
45, 86, 148, 59
45, 87, 148, 84
45, 250, 148, 7
45, 155, 148, 97
45, 259, 149, 21
45, 356, 149, 13
45, 10, 149, 52
45, 53, 149, 2
45, 149, 149, 5
45, 214, 149, 57
45, 58, 149, 29
45, 313, 150, 47
45, 332, 150, 85
45, 371, 150, 45
45, 153, 150, 39
45, 26, 150, 39
45, 60, 150, 85
45, 125, 150, 71
45, 30, 150, 85
45, 89, 151, 46
45, 322, 151, 77
45, 293, 151, 41
45, 103, 151, 63
45, 377, 151, 9
45, 169, 151, 46
45, 235, 151, 6
45, 332, 151, 85
45, 238, 151, 84
45, 272, 151, 90
45, 306, 151, 82
45, 307, 151, 50
45, 19, 151, 35
45, 339, 151, 36
45, 121, 151, 86
45, 346, 151, 43
45, 123, 151, 40
45, 33, 152, 89
45, 291, 152, 87
45, 231, 152, 44
45, 8, 152, 43
45, 361, 152, 27
45, 76, 152, 86
45, 335, 152, 85
45, 337, 152, 3
45, 310, 152, 77
45, 342, 152, 52
45, 89, 152, 46
45, 126, 152, 46
45, 347, 152, 42
45, 62, 152, 54
45, 0, 153, 28
45, 358, 153, 91
45, 361, 153, 27
45, 297, 153, 11
45, 75, 153, 58
45, 267, 153, 56
45, 237, 153, 40
45, 234, 153, 76
45, 15, 153, 85
45, 80, 153, 9
45, 302, 153, 76
45, 211, 153, 90
45, 180, 153, 25
45, 181, 153, 20
45, 309, 153, 26
45, 56, 153, 42
45, 347, 153, 42
45, 34, 154, 8
45, 387, 154, 70
45, 103, 154, 63
45, 169, 154, 46
45, 109, 154, 79
45, 305, 154, 3
45, 27, 154, 91
45, 223, 154, 30
45, 128, 155, 11
45, 193, 155, 61
45, 386, 155, 69
45, 227, 155, 51
45, 323, 155, 81
45, 265, 155, 37
45, 234, 155, 76
45, 138, 155, 23
45, 365, 155, 73
45, 142, 155, 90
45, 31, 155, 57
45, 310, 155, 77
45, 156, 155, 25
45, 63, 155, 77
45, 95, 155, 98
45, 32, 156, 83
45, 257, 156, 15
45, 259, 156, 21
45, 165, 156, 27
45, 104, 156, 20
45, 9, 156, 8
45, 328, 156, 74
45, 76, 156, 86
45, 366, 156, 43
45, 239, 156, 51
45, 367, 156, 19
45, 181, 156, 20
45, 31, 156, 57
45, 356, 157, 13
45, 388, 157, 54
45, 166, 157, 17
45, 262, 157, 2
45, 7, 157, 47
45, 296, 157, 79
45, 358, 157, 91
45, 136, 157, 7
45, 39, 157, 44
45, 209, 157, 27
45, 210, 157, 92
45, 275, 157, 94
45, 116, 157, 91
45, 50, 157, 23
45, 342, 157, 52
45, 215, 157, 66
45, 314, 157, 82
45, 91, 157, 8
45, 353, 158, 21
45, 231, 158, 44
45, 72, 158, 46
45, 205, 158, 96
45, 156, 158, 25
45, 353, 159, 21
45, 386, 159, 69
45, 163, 159, 100
45, 390, 159, 53
45, 329, 159, 30
45, 265, 159, 37
45, 363, 159, 7
45, 144, 159, 16
45, 116, 159, 91
45, 55, 159, 49
45, 93, 159, 16
45, 194, 160, 68
45, 3, 160, 50
45, 5, 160, 71
45, 70, 160, 53
45, 39, 160, 44
45, 296, 160, 79
45, 297, 160, 11
45, 10, 160, 52
45, 395, 160, 43
45, 300, 160, 82
45, 12, 160, 42
45, 372, 160, 52
45, 244, 160, 92
45, 278, 160, 100
45, 56, 160, 42
45, 222, 160, 71
45, 104, 161, 20
45, 210, 161, 92
45, 181, 161, 20
45, 151, 161, 96
45, 317, 161, 4
45, 286, 161, 76
45, 352, 162, 85
45, 136, 162, 7
45, 140, 162, 74
45, 46, 162, 71
45, 367, 162, 19
45, 178, 162, 67
45, 117, 162, 80
45, 283, 162, 53
45, 221, 162, 29
45, 190, 162, 15
45, 223, 162, 30
45, 290, 163, 6
45, 9, 163, 8
45, 370, 163, 73
45, 54, 163, 13
45, 151, 163, 96
45, 281, 163, 43
45, 59, 163, 7
45, 124, 163, 17
45, 0, 164, 28
45, 163, 164, 100
45, 137, 164, 2
45, 398, 164, 98
45, 158, 164, 36
45, 387, 165, 70
45, 264, 165, 47
45, 273, 165, 11
45, 150, 165, 83
45, 155, 165, 97
45, 27, 165, 91
45, 39, 165, 44
45, 41, 165, 63
45, 317, 165, 4
45, 66, 165, 56
45, 197, 165, 36
45, 327, 165, 81
45, 201, 165, 4
45, 329, 165, 30
45, 77, 165, 49
45, 79, 165, 22
45, 228, 165, 38
45, 357, 165, 93
45, 359, 165, 85
45, 99, 166, 61
45, 364, 166, 72
45, 204, 166, 76
45, 269, 166, 62
45, 280, 166, 9
45, 98, 167, 42
45, 387, 167, 70
45, 215, 167, 66
45, 130, 167, 19
45, 40, 167, 65
45, 74, 167, 41
45, 395, 167, 43
45, 44, 167, 72
45, 399, 167, 53
45, 144, 167, 16
45, 82, 167, 43
45, 181, 167, 20
45, 214, 167, 57
45, 119, 167, 73
45, 221, 167, 29
45, 154, 167, 38
45, 61, 167, 56
45, 383, 167, 36
45, 128, 168, 11
45, 353, 168, 21
45, 228, 168, 38
45, 394, 168, 81
45, 363, 168, 7
45, 333, 168, 14
45, 366, 168, 43
45, 77, 168, 49
45, 272, 168, 90
45, 146, 168, 63
45, 151, 168, 96
45, 345, 168, 86
45, 155, 168, 97
45, 159, 168, 21
45, 320, 169, 12
45, 389, 169, 79
45, 72, 169, 46
45, 233, 169, 39
45, 74, 169, 41
45, 236, 169, 55
45, 142, 169, 90
45, 302, 169, 76
45, 113, 169, 66
45, 150, 169, 83
45, 215, 169, 66
45, 27, 169, 91
45, 60, 169, 85
45, 253, 169, 75
45, 351, 169, 49
45, 98, 170, 42
45, 354, 170, 74
45, 298, 170, 90
45, 14, 170, 20
45, 51, 170, 70
45, 372, 170, 52
45, 313, 170, 47
45, 189, 170, 82
45, 387, 171, 70
45, 165, 171, 27
45, 70, 171, 53
45, 297, 171, 11
45, 235, 171, 6
45, 303, 171, 98
45, 175, 171, 81
45, 209, 171, 27
45, 275, 171, 94
45, 307, 171, 50
45, 374, 171, 80
45, 349, 171, 59
45, 192, 172, 32
45, 354, 172, 74
45, 258, 172, 21
45, 39, 172, 44
45, 328, 172, 74
45, 112, 172, 88
45, 51, 172, 70
45, 180, 172, 25
45, 150, 172, 83
45, 189, 172, 82
45, 89, 172, 46
45, 219, 172, 64
45, 157, 172, 43
45, 350, 172, 57
45, 63, 172, 77
45, 257, 173, 15
45, 390, 173, 53
45, 151, 173, 96
45, 152, 173, 72
45, 279, 173, 36
45, 154, 173, 38
45, 38, 173, 84
45, 167, 173, 3
45, 175, 173, 81
45, 176, 173, 76
45, 72, 173, 46
45, 339, 173, 36
45, 345, 173, 86
45, 99, 173, 61
45, 102, 173, 6
45, 241, 173, 64
45, 373, 173, 2
45, 247, 173, 68
45, 377, 173, 9
45, 254, 173, 21
45, 224, 174, 18
45, 318, 174, 46
45, 66, 174, 56
45, 3, 174, 50
45, 259, 174, 21
45, 13, 174, 5
45, 334, 174, 20
45, 175, 174, 81
45, 272, 174, 90
45, 26, 174, 39
45, 158, 174, 36
45, 188, 174, 16
45, 95, 174, 98
45, 191, 174, 84
45, 389, 175, 79
45, 103, 175, 63
45, 10, 175, 52
45, 46, 175, 71
45, 174, 175, 5
45, 160, 176, 45
45, 132, 176, 86
45, 173, 176, 84
45, 14, 176, 20
45, 156, 176, 25
45, 323, 177, 81
45, 292, 177, 77
45, 262, 177, 2
45, 71, 177, 78
45, 168, 177, 25
45, 392, 177, 50
45, 297, 177, 11
45, 299, 177, 12
45, 43, 177, 4
45, 359, 177, 85
45, 250, 177, 7
45, 335, 177, 85
45, 208, 177, 52
45, 209, 177, 27
45, 329, 177, 30
45, 341, 177, 28
45, 26, 177, 39
45, 352, 178, 85
45, 288, 178, 40
45, 68, 178, 21
45, 389, 178, 79
45, 6, 178, 74
45, 135, 178, 72
45, 73, 178, 3
45, 301, 178, 43
45, 237, 178, 40
45, 208, 178, 52
45, 212, 178, 67
45, 309, 178, 26
45, 27, 178, 91
45, 163, 179, 100
45, 70, 179, 53
45, 102, 179, 6
45, 327, 179, 81
45, 40, 179, 65
45, 333, 179, 14
45, 47, 179, 63
45, 370, 179, 73
45, 147, 179, 16
45, 307, 179, 50
45, 310, 179, 77
45, 87, 179, 84
45, 155, 179, 97
45, 92, 179, 49
45, 125, 179, 71
45, 254, 179, 21
45, 319, 179, 95
45, 129, 180, 70
45, 228, 180, 38
45, 329, 180, 30
45, 282, 180, 81
45, 346, 180, 43
45, 270, 180, 56
45, 304, 180, 70
45, 337, 180, 3
45, 145, 180, 5
45, 52, 180, 3
45, 342, 180, 52
45, 186, 180, 83
45, 284, 180, 32
45, 381, 180, 67
45, 286, 180, 76
45, 0, 181, 28
45, 256, 181, 79
45, 71, 181, 78
45, 296, 181, 79
45, 44, 181, 72
45, 269, 181, 62
45, 243, 181, 94
45, 307, 181, 50
45, 22, 181, 56
45, 215, 181, 66
45, 184, 181, 32
45, 379, 181, 94
45, 385, 182, 37
45, 260, 182, 96
45, 229, 182, 52
45, 165, 182, 27
45, 328, 182, 74
45, 394, 182, 81
45, 363, 182, 7
45, 172, 182, 34
45, 266, 182, 38
45, 76, 182, 86
45, 368, 182, 23
45, 337, 182, 3
45, 178, 182, 67
45, 341, 182, 28
45, 182, 182, 61
45, 187, 182, 55
45, 61, 182, 56
45, 158, 182, 36
45, 33, 183, 89
45, 395, 183, 43
45, 141, 183, 58
45, 175, 183, 81
45, 336, 183, 23
45, 176, 183, 76
45, 18, 183, 53
45, 306, 183, 82
45, 208, 183, 52
45, 273, 183, 11
45, 225, 184, 22
45, 223, 184, 30
45, 35, 184, 97
45, 38, 184, 84
45, 7, 184, 47
45, 199, 184, 9
45, 198, 184, 69
45, 395, 184, 43
45, 267, 184, 56
45, 205, 184, 96
45, 269, 184, 62
45, 143, 184, 46
45, 175, 184, 81
45, 369, 184, 88
45, 183, 184, 65
45, 350, 184, 57
45, 319, 184, 95
45, 257, 185, 15
45, 131, 185, 4
45, 137, 185, 2
45, 266, 185, 38
45, 17, 185, 65
45, 18, 185, 53
45, 155, 185, 97
45, 169, 185, 46
45, 318, 185, 46
45, 324, 185, 40
45, 69, 185, 5
45, 203, 185, 48
45, 75, 185, 58
45, 368, 185, 23
45, 124, 185, 17
45, 373, 185, 2
45, 122, 185, 84
45, 252, 185, 84
45, 381, 185, 67
45, 33, 186, 89
45, 70, 186, 53
45, 71, 186, 78
45, 392, 186, 50
45, 140, 186, 74
45, 341, 186, 28
45, 156, 186, 25
45, 128, 187, 11
45, 259, 187, 21
45, 138, 187, 23
45, 203, 187, 48
45, 236, 187, 55
45, 366, 187, 43
45, 15, 187, 85
45, 110, 187, 6
45, 315, 187, 7
45, 210, 187, 92
45, 275, 187, 94
45, 17, 187, 65
45, 342, 187, 52
45, 280, 187, 9
45, 250, 187, 7
45, 155, 187, 97
45, 221, 187, 29
45, 356, 188, 13
45, 263, 188, 44
45, 395, 188, 43
45, 306, 188, 82
45, 83, 188, 49
45, 115, 188, 63
45, 371, 188, 45
45, 92, 188, 49
45, 125, 188, 71
45, 191, 188, 84
45, 68, 189, 21
45, 5, 189, 71
45, 171, 189, 68
45, 332, 189, 85
45, 81, 189, 34
45, 18, 189, 53
45, 24, 189, 52
45, 91, 189, 8
45, 320, 190, 12
45, 34, 190, 8
45, 355, 190, 99
45, 68, 190, 21
45, 133, 190, 46
45, 134, 190, 26
45, 391, 190, 27
45, 393, 190, 81
45, 11, 190, 55
45, 367, 190, 19
45, 47, 190, 63
45, 49, 190, 68
45, 115, 190, 63
45, 251, 190, 1
45, 284, 190, 32
45, 317, 190, 4
45, 382, 190, 40
45, 286, 190, 76
45, 280, 191, 9
45, 322, 191, 77
45, 99, 191, 61
45, 5, 191, 71
45, 330, 191, 27
45, 75, 191, 58
45, 366, 191, 43
45, 181, 191, 20
45, 23, 191, 28
45, 88, 191, 33
45, 153, 191, 39
45, 220, 191, 70
45, 158, 191, 36
45, 354, 192, 74
45, 4, 192, 100
45, 294, 192, 17
45, 72, 192, 46
45, 233, 192, 39
45, 299, 192, 12
45, 204, 192, 76
45, 365, 192, 73
45, 141, 192, 58
45, 335, 192, 85
45, 15, 192, 85
45, 308, 192, 37
45, 279, 192, 36
45, 376, 192, 100
45, 253, 192, 75
45, 256, 193, 79
45, 128, 193, 11
45, 3, 193, 50
45, 262, 193, 2
45, 393, 193, 81
45, 9, 193, 8
45, 18, 193, 53
45, 166, 193, 17
45, 50, 193, 23
45, 316, 193, 75
45, 60, 193, 85
45, 63, 193, 77
45, 70, 193, 53
45, 343, 193, 89
45, 90, 193, 31
45, 93, 193, 16
45, 94, 193, 7
45, 356, 193, 13
45, 368, 193, 23
45, 253, 193, 75
45, 1, 194, 37
45, 15, 194, 85
45, 147, 194, 16
45, 277, 194, 19
45, 21, 194, 41
45, 23, 194, 28
45, 155, 194, 97
45, 159, 194, 21
45, 303, 194, 98
45, 183, 194, 65
45, 312, 194, 14
45, 60, 194, 85
45, 322, 194, 77
45, 71, 194, 78
45, 100, 194, 98
45, 367, 194, 19
45, 369, 194, 88
45, 251, 194, 1
45, 383, 194, 36
45, 390, 195, 53
45, 7, 195, 47
45, 139, 195, 26
45, 23, 195, 28
45, 153, 195, 39
45, 293, 195, 41
45, 176, 195, 76
45, 51, 195, 70
45, 181, 195, 20
45, 314, 195, 82
45, 62, 195, 54
45, 65, 195, 41
45, 198, 195, 69
45, 86, 195, 59
45, 218, 195, 57
45, 351, 195, 49
45, 365, 195, 73
45, 370, 195, 73
45, 251, 195, 1
45, 254, 195, 21
45, 352, 196, 85
45, 396, 196, 71
45, 205, 196, 96
45, 173, 196, 84
45, 85, 196, 23
45, 216, 196, 70
45, 284, 196, 32
45, 259, 197, 21
45, 291, 197, 87
45, 39, 197, 44
45, 44, 197, 72
45, 300, 197, 82
45, 79, 197, 22
45, 112, 197, 88
45, 114, 197, 53
45, 339, 197, 36
45, 120, 197, 86
45, 283, 197, 53
45, 350, 198, 57
45, 105, 198, 66
45, 203, 198, 48
45, 397, 198, 100
45, 79, 198, 22
45, 240, 198, 24
45, 18, 198, 53
45, 339, 198, 36
45, 119, 198, 73
45, 343, 198, 89
45, 312, 198, 14
45, 315, 198, 7
45, 318, 198, 46
45, 216, 198, 70
45, 288, 199, 40
45, 323, 199, 81
45, 196, 199, 32
45, 197, 199, 36
45, 198, 199, 69
45, 7, 199, 47
45, 266, 199, 38
45, 48, 199, 15
45, 304, 199, 70
45, 51, 199, 70
45, 52, 199, 3
45, 248, 199, 14
45, 125, 199, 71
45, 31, 199, 57
