200, 400, 20
53, 288, 0, 28
53, 132, 0, 100
53, 166, 0, 2
53, 295, 0, 34
53, 264, 0, 51
53, 186, 0, 32
53, 138, 0, 46
53, 218, 0, 64
53, 115, 0, 78
53, 250, 0, 76
53, 59, 0, 57
53, 93, 0, 7
53, 289, 1, 25
53, 353, 1, 11
53, 103, 1, 35
53, 393, 1, 48
53, 11, 1, 57
53, 395, 1, 88
53, 237, 1, 8
53, 305, 1, 69
53, 178, 1, 14
53, 243, 1, 66
53, 116, 1, 22
53, 213, 1, 62
53, 123, 1, 94
53, 220, 1, 20
53, 94, 1, 1
53, 258, 2, 68
53, 2, 2, 67
53, 324, 2, 75
53, 165, 2, 75
53, 38, 2, 69
53, 37, 2, 28
53, 8, 2, 87
53, 232, 2, 78
53, 72, 2, 10
53, 12, 2, 55
53, 172, 2, 11
53, 144, 2, 69
53, 276, 2, 70
53, 245, 2, 65
53, 89, 2, 29
53, 158, 2, 37
53, 62, 2, 90
53, 319, 2, 68
53, 160, 3, 67
53, 3, 3, 97
53, 68, 3, 50
53, 292, 3, 99
53, 326, 3, 86
53, 359, 3, 28
53, 299, 3, 27
53, 267, 3, 19
53, 238, 3, 22
53, 307, 3, 68
53, 308, 3, 23
53, 278, 3, 97
53, 59, 3, 57
53, 62, 3, 90
53, 128, 4, 72
53, 322, 4, 59
53, 35, 4, 69
53, 231, 4, 56
53, 270, 4, 27
53, 83, 4, 83
53, 183, 4, 85
53, 216, 4, 73
53, 377, 4, 15
53, 91, 4, 87
53, 257, 5, 33
53, 134, 5, 30
53, 264, 5, 51
53, 150, 5, 52
53, 27, 5, 29
53, 155, 5, 53
53, 283, 5, 6
53, 28, 5, 27
53, 286, 5, 64
53, 33, 5, 42
53, 179, 5, 3
53, 52, 5, 69
53, 183, 5, 85
53, 320, 5, 82
53, 81, 5, 8
53, 345, 5, 33
53, 218, 5, 64
53, 227, 5, 100
53, 359, 5, 28
53, 246, 5, 11
53, 192, 6, 15
53, 226, 6, 76
53, 323, 6, 48
53, 230, 6, 4
53, 71, 6, 21
53, 136, 6, 69
53, 213, 6, 62
53, 345, 6, 33
53, 57, 6, 93
53, 96, 7, 13
53, 194, 7, 2
53, 163, 7, 66
53, 230, 7, 4
53, 263, 7, 88
53, 297, 7, 3
53, 267, 7, 19
53, 45, 7, 95
53, 219, 7, 95
53, 92, 7, 88
53, 208, 7, 21
53, 368, 7, 85
53, 371, 7, 49
53, 148, 7, 57
53, 84, 7, 96
53, 377, 7, 15
53, 379, 7, 46
53, 220, 7, 20
53, 256, 8, 100
53, 35, 8, 69
53, 131, 8, 41
53, 198, 8, 96
53, 71, 8, 21
53, 295, 8, 34
53, 264, 8, 51
53, 203, 8, 45
53, 236, 8, 12
53, 146, 8, 3
53, 211, 8, 32
53, 372, 8, 10
53, 180, 8, 65
53, 311, 8, 100
53, 247, 8, 86
53, 256, 9, 100
53, 354, 9, 72
53, 325, 9, 46
53, 199, 9, 23
53, 168, 9, 84
53, 9, 9, 56
53, 362, 9, 92
53, 140, 9, 15
53, 333, 9, 37
53, 51, 9, 22
53, 212, 9, 77
53, 84, 9, 96
53, 154, 9, 95
53, 191, 9, 26
53, 326, 10, 86
53, 8, 10, 87
53, 330, 10, 60
53, 206, 10, 11
53, 48, 10, 75
53, 51, 10, 22
53, 345, 10, 33
53, 130, 11, 86
53, 324, 11, 75
53, 261, 11, 35
53, 236, 11, 12
53, 302, 11, 5
53, 275, 11, 81
53, 340, 11, 66
53, 149, 11, 38
53, 374, 11, 28
53, 189, 11, 90
53, 256, 12, 100
53, 293, 12, 4
53, 392, 12, 60
53, 174, 12, 72
53, 78, 12, 77
53, 369, 12, 71
53, 306, 12, 74
53, 52, 12, 69
53, 183, 12, 85
53, 31, 12, 10
53, 160, 13, 67
53, 100, 13, 41
53, 229, 13, 89
53, 360, 13, 32
53, 363, 13, 80
53, 141, 13, 31
53, 369, 13, 71
53, 178, 13, 14
53, 339, 13, 35
53, 85, 13, 16
53, 186, 13, 32
53, 315, 13, 58
53, 28, 13, 27
53, 317, 13, 52
53, 65, 14, 86
53, 322, 14, 59
53, 258, 14, 68
53, 294, 14, 70
53, 135, 14, 43
53, 296, 14, 53
53, 297, 14, 3
53, 330, 14, 60
53, 326, 14, 86
53, 301, 14, 19
53, 77, 14, 48
53, 109, 14, 13
53, 116, 14, 22
53, 215, 14, 65
53, 217, 14, 86
53, 250, 14, 76
53, 61, 14, 2
53, 65, 15, 86
53, 385, 15, 45
53, 362, 15, 92
53, 203, 15, 45
53, 236, 15, 12
53, 14, 15, 19
53, 276, 15, 70
53, 185, 15, 4
53, 381, 15, 46
53, 33, 16, 42
53, 36, 16, 54
53, 294, 16, 70
53, 200, 16, 95
53, 168, 16, 84
53, 42, 16, 43
53, 365, 16, 17
53, 110, 16, 82
53, 270, 16, 27
53, 178, 16, 14
53, 212, 16, 77
53, 53, 16, 76
53, 29, 16, 5
53, 62, 16, 90
53, 286, 16, 64
53, 385, 17, 45
53, 258, 17, 68
53, 131, 17, 41
53, 12, 17, 55
53, 274, 17, 44
53, 29, 17, 5
53, 304, 17, 52
53, 177, 17, 74
53, 178, 17, 14
53, 52, 17, 69
53, 57, 17, 93
53, 187, 17, 9
53, 318, 17, 90
53, 320, 17, 82
53, 331, 17, 71
53, 344, 17, 5
53, 93, 17, 7
53, 231, 17, 56
53, 377, 17, 15
53, 98, 18, 35
53, 37, 18, 28
53, 395, 18, 88
53, 331, 18, 71
53, 238, 18, 22
53, 303, 18, 12
53, 112, 18, 39
53, 209, 18, 43
53, 48, 18, 75
53, 337, 18, 25
53, 20, 18, 53
53, 335, 18, 72
53, 248, 18, 14
53, 283, 18, 6
53, 190, 18, 10
53, 130, 19, 86
53, 290, 19, 14
53, 77, 19, 48
53, 368, 19, 85
53, 16, 19, 25
53, 159, 19, 20
53, 389, 20, 31
53, 5, 20, 20
53, 140, 20, 15
53, 24, 20, 75
53, 283, 20, 6
53, 28, 20, 27
53, 157, 20, 75
53, 181, 20, 84
53, 314, 20, 36
53, 68, 20, 50
53, 326, 20, 86
53, 73, 20, 18
53, 77, 20, 48
53, 335, 20, 72
53, 84, 20, 96
53, 86, 20, 69
53, 357, 20, 59
53, 243, 20, 66
53, 247, 20, 86
53, 34, 21, 22
53, 326, 21, 86
53, 173, 21, 32
53, 176, 21, 66
53, 153, 21, 30
53, 381, 21, 46
53, 225, 22, 48
53, 34, 22, 22
53, 68, 22, 50
53, 5, 22, 20
53, 197, 22, 31
53, 137, 22, 65
53, 218, 22, 64
53, 299, 22, 27
53, 173, 22, 32
53, 77, 22, 48
53, 23, 22, 42
53, 88, 22, 8
53, 346, 22, 14
53, 252, 22, 80
53, 382, 22, 49
53, 287, 22, 10
53, 393, 23, 48
53, 11, 23, 57
53, 395, 23, 88
53, 270, 23, 27
53, 112, 23, 39
53, 273, 23, 57
53, 17, 23, 68
53, 244, 23, 28
53, 149, 23, 38
53, 121, 23, 70
53, 154, 23, 95
53, 6, 24, 84
53, 135, 24, 43
53, 142, 24, 71
53, 144, 24, 69
53, 275, 24, 81
53, 278, 24, 97
53, 151, 24, 61
53, 24, 24, 75
53, 161, 24, 67
53, 290, 24, 14
53, 34, 24, 22
53, 43, 24, 26
53, 311, 24, 100
53, 67, 24, 35
53, 222, 24, 42
53, 97, 24, 43
53, 102, 24, 55
53, 108, 24, 45
53, 238, 24, 22
53, 253, 24, 63
53, 384, 25, 69
53, 258, 25, 68
53, 67, 25, 35
53, 391, 25, 90
53, 362, 25, 92
53, 271, 25, 4
53, 124, 25, 31
53, 21, 25, 57
53, 374, 25, 28
53, 278, 25, 97
53, 121, 25, 70
53, 156, 25, 13
53, 62, 25, 90
53, 225, 26, 48
53, 196, 26, 78
53, 169, 26, 64
53, 267, 26, 19
53, 219, 26, 95
53, 384, 27, 69
53, 385, 27, 45
53, 38, 27, 69
53, 264, 27, 51
53, 10, 27, 7
53, 266, 27, 38
53, 108, 27, 45
53, 205, 27, 73
53, 214, 27, 94
53, 184, 27, 73
53, 216, 27, 73
53, 318, 27, 90
53, 256, 28, 100
53, 96, 28, 13
53, 322, 28, 59
53, 197, 28, 31
53, 167, 28, 4
53, 395, 28, 88
53, 269, 28, 87
53, 112, 28, 39
53, 283, 28, 6
53, 307, 28, 68
53, 345, 28, 33
53, 219, 28, 95
53, 29, 28, 5
53, 318, 28, 90
53, 1, 29, 26
53, 263, 29, 88
53, 136, 29, 69
53, 274, 29, 44
53, 19, 29, 78
53, 21, 29, 57
53, 149, 29, 38
53, 29, 29, 5
53, 286, 29, 64
53, 296, 29, 53
53, 304, 29, 52
53, 321, 29, 93
53, 203, 29, 45
53, 79, 29, 20
53, 213, 29, 62
53, 341, 29, 11
53, 234, 29, 96
53, 112, 29, 39
53, 370, 29, 82
53, 244, 29, 28
53, 64, 30, 95
53, 291, 30, 98
53, 357, 30, 59
53, 101, 30, 90
53, 263, 30, 88
53, 270, 30, 27
53, 79, 30, 20
53, 372, 30, 10
53, 20, 30, 53
53, 310, 30, 37
53, 342, 30, 84
53, 87, 30, 71
53, 250, 30, 76
53, 123, 30, 94
53, 318, 30, 90
53, 191, 30, 26
53, 289, 31, 25
53, 100, 31, 41
53, 294, 31, 70
53, 265, 31, 34
53, 361, 31, 10
53, 9, 31, 56
53, 140, 31, 15
53, 77, 31, 48
53, 79, 31, 20
53, 372, 31, 10
53, 22, 31, 81
53, 24, 31, 75
53, 217, 31, 86
53, 188, 31, 14
53, 62, 31, 90
53, 192, 32, 15
53, 100, 32, 41
53, 230, 32, 4
53, 71, 32, 21
53, 170, 32, 52
53, 206, 32, 11
53, 80, 32, 31
53, 48, 32, 75
53, 124, 32, 31
53, 287, 32, 10
53, 352, 33, 73
53, 256, 33, 100
53, 265, 33, 34
53, 183, 33, 85
53, 30, 33, 13
53, 160, 34, 67
53, 128, 34, 72
53, 64, 34, 95
53, 3, 34, 97
53, 36, 34, 54
53, 389, 34, 31
53, 102, 34, 55
53, 233, 34, 86
53, 15, 34, 96
53, 175, 34, 85
53, 273, 34, 57
53, 61, 34, 2
53, 282, 34, 39
53, 316, 34, 67
53, 285, 34, 87
53, 68, 35, 50
53, 391, 35, 90
53, 42, 35, 43
53, 47, 35, 32
53, 305, 35, 69
53, 315, 35, 58
53, 117, 35, 69
53, 218, 35, 64
53, 27, 35, 29
53, 352, 36, 73
53, 363, 36, 80
53, 148, 36, 57
53, 373, 36, 18
53, 60, 36, 66
53, 62, 36, 90
53, 191, 36, 26
53, 8, 37, 87
53, 394, 37, 18
53, 13, 37, 93
53, 141, 37, 31
53, 270, 37, 27
53, 150, 37, 52
53, 282, 37, 39
53, 160, 37, 67
53, 165, 37, 75
53, 39, 37, 33
53, 174, 37, 72
53, 60, 37, 66
53, 194, 37, 2
53, 201, 37, 100
53, 213, 37, 62
53, 221, 37, 57
53, 236, 37, 12
53, 371, 37, 49
53, 247, 37, 86
53, 252, 37, 80
53, 384, 38, 69
53, 225, 38, 48
53, 391, 38, 90
53, 186, 38, 32
53, 366, 38, 79
53, 78, 38, 77
53, 207, 38, 23
53, 81, 38, 8
53, 344, 38, 5
53, 153, 38, 30
53, 56, 38, 36
53, 156, 38, 13
53, 318, 38, 90
53, 290, 39, 14
53, 329, 39, 90
53, 77, 39, 48
53, 46, 39, 19
53, 175, 39, 85
53, 64, 40, 95
53, 36, 40, 54
53, 236, 40, 12
53, 397, 40, 45
53, 205, 40, 73
53, 19, 40, 78
53, 211, 40, 32
53, 245, 40, 65
53, 118, 40, 73
53, 89, 40, 29
53, 315, 40, 58
53, 318, 40, 90
53, 200, 41, 95
53, 16, 41, 25
53, 273, 41, 57
53, 179, 41, 3
53, 374, 41, 28
53, 91, 41, 87
53, 64, 42, 95
53, 32, 42, 38
53, 2, 42, 67
53, 325, 42, 46
53, 102, 42, 55
53, 41, 42, 4
53, 397, 42, 45
53, 118, 42, 73
53, 280, 42, 50
53, 25, 42, 98
53, 218, 42, 64
53, 92, 42, 88
53, 157, 42, 75
53, 224, 43, 55
53, 385, 43, 45
53, 89, 43, 29
53, 291, 43, 98
53, 358, 43, 100
53, 231, 43, 56
53, 103, 43, 35
53, 105, 43, 51
53, 209, 43, 43
53, 147, 43, 80
53, 213, 43, 62
53, 281, 43, 26
53, 381, 43, 46
53, 64, 44, 95
53, 324, 44, 75
53, 217, 44, 86
53, 390, 44, 26
53, 266, 44, 38
53, 75, 44, 35
53, 107, 44, 35
53, 45, 44, 95
53, 111, 44, 37
53, 272, 44, 53
53, 307, 44, 68
53, 372, 44, 10
53, 373, 44, 18
53, 53, 44, 76
53, 247, 44, 86
53, 377, 44, 15
53, 349, 44, 82
53, 61, 44, 2
53, 67, 45, 35
53, 197, 45, 31
53, 198, 45, 96
53, 199, 45, 23
53, 345, 45, 33
53, 74, 45, 1
53, 171, 45, 35
53, 143, 45, 25
53, 21, 45, 57
53, 312, 45, 58
53, 217, 45, 86
53, 154, 45, 95
53, 57, 45, 93
53, 157, 45, 75
53, 159, 45, 20
53, 382, 46, 49
53, 264, 46, 51
53, 138, 46, 46
53, 279, 46, 10
53, 27, 46, 29
53, 159, 46, 20
53, 32, 46, 38
53, 174, 46, 72
53, 303, 46, 12
53, 53, 46, 76
53, 58, 46, 65
53, 70, 46, 80
53, 207, 46, 23
53, 87, 46, 71
53, 218, 46, 64
53, 101, 46, 90
53, 236, 46, 12
53, 370, 46, 82
53, 117, 46, 69
53, 254, 46, 43
53, 320, 47, 82
53, 1, 47, 26
53, 166, 47, 2
53, 170, 47, 52
53, 44, 47, 66
53, 109, 47, 13
53, 114, 47, 79
53, 377, 47, 15
53, 317, 47, 52
53, 387, 48, 22
53, 389, 48, 31
53, 5, 48, 20
53, 266, 48, 38
53, 14, 48, 19
53, 145, 48, 81
53, 292, 48, 99
53, 49, 48, 96
53, 316, 48, 67
53, 318, 48, 90
53, 192, 48, 15
53, 213, 48, 62
53, 350, 48, 17
53, 99, 48, 89
53, 110, 48, 82
53, 367, 48, 70
53, 373, 48, 18
53, 246, 48, 11
53, 375, 48, 1
53, 253, 48, 63
53, 37, 49, 28
53, 101, 49, 90
53, 393, 49, 48
53, 330, 49, 60
53, 367, 49, 70
53, 49, 49, 96
53, 241, 49, 39
53, 243, 49, 66
53, 280, 49, 50
53, 187, 49, 9
53, 252, 49, 80
53, 61, 49, 2
53, 388, 50, 10
53, 138, 50, 46
53, 268, 50, 24
53, 21, 50, 57
53, 24, 50, 75
53, 34, 50, 22
53, 296, 50, 53
53, 45, 50, 95
53, 178, 50, 14
53, 55, 50, 30
53, 184, 50, 73
53, 61, 50, 2
53, 328, 50, 15
53, 208, 50, 21
53, 342, 50, 84
53, 233, 50, 86
53, 364, 50, 59
53, 113, 50, 24
53, 244, 50, 28
53, 139, 51, 61
53, 17, 51, 68
53, 147, 51, 80
53, 152, 51, 82
53, 288, 51, 28
53, 176, 51, 66
53, 305, 51, 69
53, 307, 51, 68
53, 182, 51, 10
53, 324, 51, 75
53, 199, 51, 23
53, 205, 51, 73
53, 206, 51, 11
53, 83, 51, 83
53, 346, 51, 14
53, 349, 51, 82
53, 100, 51, 41
53, 358, 51, 100
53, 249, 51, 99
53, 161, 52, 67
53, 353, 52, 11
53, 293, 52, 4
53, 328, 52, 15
53, 269, 52, 87
53, 303, 52, 12
53, 79, 52, 20
53, 276, 52, 70
53, 222, 52, 42
53, 383, 52, 17
53, 99, 53, 89
53, 196, 53, 78
53, 323, 53, 48
53, 102, 53, 55
53, 324, 53, 75
53, 392, 53, 60
53, 104, 53, 37
53, 42, 53, 43
53, 75, 53, 35
53, 360, 53, 32
53, 77, 53, 48
53, 366, 53, 79
53, 113, 53, 24
53, 117, 53, 69
53, 25, 53, 98
53, 379, 53, 46
53, 252, 53, 80
53, 253, 53, 63
53, 290, 54, 14
53, 38, 54, 69
53, 138, 54, 46
53, 333, 54, 37
53, 175, 54, 85
53, 247, 54, 86
53, 185, 54, 4
53, 283, 54, 6
53, 317, 54, 52
53, 160, 55, 67
53, 323, 55, 48
53, 260, 55, 24
53, 5, 55, 20
53, 36, 55, 54
53, 359, 55, 28
53, 72, 55, 10
53, 37, 55, 28
53, 362, 55, 92
53, 44, 55, 66
53, 12, 55, 55
53, 179, 55, 3
53, 125, 55, 57
53, 279, 55, 10
53, 220, 55, 20
53, 61, 55, 2
53, 0, 56, 96
53, 166, 56, 2
53, 27, 56, 29
53, 43, 56, 26
53, 236, 56, 12
53, 239, 56, 81
53, 176, 56, 66
53, 211, 56, 32
53, 244, 56, 28
53, 26, 56, 15
53, 251, 56, 5
53, 124, 56, 31
53, 63, 56, 38
53, 328, 57, 15
53, 336, 57, 34
53, 92, 57, 88
53, 93, 57, 7
53, 350, 57, 17
53, 159, 57, 20
53, 66, 58, 17
53, 323, 58, 48
53, 298, 58, 52
53, 373, 58, 18
53, 215, 58, 65
53, 376, 58, 19
53, 128, 59, 72
53, 35, 59, 69
53, 100, 59, 41
53, 266, 59, 38
53, 240, 59, 15
53, 181, 59, 84
53, 283, 59, 6
53, 380, 59, 63
53, 288, 60, 28
53, 384, 60, 69
53, 1, 60, 26
53, 73, 60, 18
53, 109, 60, 13
53, 146, 60, 3
53, 183, 60, 85
53, 312, 60, 58
53, 26, 60, 15
53, 124, 60, 31
53, 236, 61, 12
53, 272, 61, 53
53, 242, 61, 64
53, 244, 61, 28
53, 217, 61, 86
53, 321, 62, 93
53, 130, 62, 86
53, 344, 62, 5
53, 100, 62, 41
53, 69, 62, 33
53, 231, 62, 56
53, 137, 62, 65
53, 170, 62, 52
53, 74, 62, 1
53, 187, 62, 9
53, 271, 62, 4
53, 61, 62, 2
53, 376, 62, 19
53, 59, 62, 57
53, 60, 62, 66
53, 285, 62, 87
53, 256, 63, 100
53, 133, 63, 10
53, 262, 63, 69
53, 138, 63, 46
53, 140, 63, 15
53, 270, 63, 27
53, 20, 63, 53
53, 278, 63, 97
53, 283, 63, 6
53, 41, 63, 4
53, 169, 63, 64
53, 303, 63, 12
53, 178, 63, 14
53, 316, 63, 67
53, 318, 63, 90
53, 67, 63, 35
53, 212, 63, 77
53, 215, 63, 65
53, 225, 63, 48
53, 372, 63, 10
53, 129, 64, 50
53, 387, 64, 22
53, 281, 64, 26
53, 282, 64, 39
53, 157, 64, 75
53, 36, 64, 54
53, 171, 64, 35
53, 179, 64, 3
53, 309, 64, 64
53, 185, 64, 4
53, 313, 64, 42
53, 194, 64, 2
53, 69, 64, 33
53, 199, 64, 23
53, 206, 64, 11
53, 348, 64, 81
53, 350, 64, 17
53, 225, 64, 48
53, 358, 64, 100
53, 124, 64, 31
53, 65, 65, 86
53, 112, 65, 39
53, 56, 65, 36
53, 124, 65, 31
53, 285, 65, 87
53, 133, 66, 10
53, 262, 66, 69
53, 7, 66, 31
53, 392, 66, 60
53, 265, 66, 34
53, 361, 66, 10
53, 107, 66, 35
53, 235, 66, 17
53, 297, 66, 3
53, 359, 66, 28
53, 82, 66, 47
53, 54, 66, 73
53, 247, 66, 86
53, 118, 66, 73
53, 123, 66, 94
53, 348, 66, 81
53, 93, 66, 7
53, 94, 66, 1
53, 352, 67, 73
53, 160, 67, 67
53, 290, 67, 14
53, 194, 67, 2
53, 66, 67, 17
53, 133, 67, 10
53, 134, 67, 30
53, 327, 67, 66
53, 168, 67, 84
53, 137, 67, 65
53, 162, 67, 22
53, 315, 67, 58
53, 184, 67, 73
53, 250, 67, 76
53, 379, 67, 46
53, 383, 67, 17
53, 192, 68, 15
53, 97, 68, 43
53, 5, 68, 20
53, 262, 68, 69
53, 360, 68, 32
53, 329, 68, 90
53, 49, 68, 96
53, 243, 68, 66
53, 22, 68, 81
53, 312, 68, 58
53, 159, 68, 20
53, 160, 69, 67
53, 321, 69, 93
53, 2, 69, 67
53, 384, 69, 69
53, 194, 69, 2
53, 38, 69, 69
53, 134, 69, 30
53, 345, 69, 33
53, 313, 69, 42
53, 263, 69, 88
53, 297, 69, 3
53, 172, 69, 11
53, 238, 69, 22
53, 249, 69, 99
53, 124, 69, 31
53, 383, 69, 17
53, 133, 70, 10
53, 13, 70, 93
53, 303, 70, 12
53, 116, 70, 22
53, 349, 70, 82
53, 8, 71, 87
53, 16, 71, 25
53, 152, 71, 82
53, 281, 71, 26
53, 159, 71, 20
53, 34, 71, 22
53, 292, 71, 99
53, 165, 71, 75
53, 306, 71, 74
53, 53, 71, 76
53, 309, 71, 64
53, 187, 71, 9
53, 321, 71, 93
53, 322, 71, 59
53, 90, 71, 28
53, 219, 71, 95
53, 220, 71, 20
53, 98, 71, 35
53, 114, 71, 79
53, 354, 72, 72
53, 223, 72, 13
53, 36, 72, 54
53, 34, 72, 22
53, 27, 72, 29
53, 330, 72, 60
53, 266, 72, 38
53, 332, 72, 31
53, 249, 72, 99
53, 251, 72, 5
53, 156, 72, 13
53, 383, 72, 17
53, 98, 73, 35
53, 131, 73, 41
53, 259, 73, 9
53, 230, 73, 4
53, 39, 73, 33
53, 361, 73, 10
53, 169, 73, 64
53, 109, 73, 13
53, 92, 73, 88
53, 144, 73, 69
53, 146, 73, 3
53, 50, 73, 19
53, 309, 73, 64
53, 345, 73, 33
53, 314, 73, 36
53, 316, 73, 67
53, 350, 73, 17
53, 63, 73, 38
53, 1, 74, 26
53, 12, 74, 55
53, 396, 74, 4
53, 144, 74, 69
53, 21, 74, 57
53, 34, 74, 22
53, 35, 74, 69
53, 45, 74, 95
53, 307, 74, 68
53, 320, 74, 82
53, 197, 74, 31
53, 216, 74, 73
53, 356, 74, 32
53, 111, 74, 37
53, 112, 74, 39
53, 115, 74, 78
53, 372, 74, 10
53, 375, 74, 1
53, 125, 74, 57
53, 160, 75, 67
53, 292, 75, 99
53, 37, 75, 28
53, 69, 75, 33
53, 305, 75, 69
53, 381, 75, 46
53, 116, 75, 22
53, 373, 75, 18
53, 215, 75, 65
53, 60, 75, 66
53, 253, 75, 63
53, 222, 75, 42
53, 392, 76, 60
53, 265, 76, 34
53, 267, 76, 19
53, 84, 76, 96
53, 341, 76, 11
53, 373, 76, 18
53, 379, 76, 46
53, 60, 76, 66
53, 0, 77, 96
53, 130, 77, 86
53, 3, 77, 97
53, 355, 77, 69
53, 325, 77, 46
53, 39, 77, 33
53, 201, 77, 100
53, 238, 77, 22
53, 271, 77, 4
53, 211, 77, 32
53, 56, 77, 36
53, 121, 77, 70
53, 154, 77, 95
53, 316, 77, 67
53, 286, 77, 64
53, 193, 78, 6
53, 321, 78, 93
53, 324, 78, 75
53, 358, 78, 100
53, 76, 78, 96
53, 141, 78, 31
53, 312, 78, 58
53, 285, 78, 87
53, 124, 78, 31
53, 189, 78, 90
53, 97, 79, 43
53, 291, 79, 98
53, 196, 79, 78
53, 69, 79, 33
53, 313, 79, 42
53, 266, 79, 38
53, 267, 79, 19
53, 300, 79, 8
53, 74, 79, 1
53, 399, 79, 75
53, 185, 79, 4
53, 284, 79, 22
53, 158, 79, 37
53, 191, 79, 26
53, 32, 80, 38
53, 386, 80, 15
53, 259, 80, 9
53, 4, 80, 29
53, 37, 80, 28
53, 295, 80, 34
53, 141, 80, 31
53, 52, 80, 69
53, 246, 80, 11
53, 188, 80, 14
53, 349, 80, 82
53, 132, 81, 100
53, 391, 81, 90
53, 285, 81, 87
53, 287, 81, 10
53, 32, 81, 38
53, 34, 81, 22
53, 182, 81, 10
53, 58, 81, 65
53, 62, 81, 90
53, 202, 81, 44
53, 204, 81, 80
53, 78, 81, 77
53, 80, 81, 31
53, 83, 81, 83
53, 87, 81, 71
53, 237, 81, 8
53, 238, 81, 22
53, 112, 81, 39
53, 380, 81, 63
53, 256, 82, 100
53, 128, 82, 72
53, 229, 82, 89
53, 363, 82, 80
53, 332, 82, 31
53, 46, 82, 19
53, 111, 82, 37
53, 336, 82, 34
53, 369, 82, 71
53, 370, 82, 82
53, 147, 82, 80
53, 54, 82, 73
53, 344, 82, 5
53, 27, 82, 29
53, 93, 82, 7
53, 66, 83, 17
53, 263, 83, 88
53, 173, 83, 32
53, 372, 83, 10
53, 26, 83, 15
53, 156, 83, 13
53, 192, 84, 15
53, 385, 84, 45
53, 162, 84, 22
53, 353, 84, 11
53, 8, 84, 87
53, 235, 84, 17
53, 203, 84, 45
53, 140, 84, 15
53, 144, 84, 69
53, 241, 84, 39
53, 20, 84, 53
53, 157, 84, 75
53, 217, 84, 86
53, 314, 84, 36
53, 189, 84, 90
53, 224, 85, 55
53, 33, 85, 42
53, 257, 85, 33
53, 225, 85, 48
53, 292, 85, 99
53, 384, 85, 69
53, 358, 85, 100
53, 328, 85, 15
53, 14, 85, 19
53, 145, 85, 81
53, 118, 85, 73
53, 61, 85, 2
53, 287, 85, 10
53, 163, 86, 66
53, 142, 86, 71
53, 46, 86, 19
53, 241, 86, 39
53, 213, 86, 62
53, 278, 86, 97
53, 55, 86, 30
53, 279, 86, 10
53, 157, 86, 75
53, 94, 86, 1
53, 192, 87, 15
53, 2, 87, 67
53, 232, 87, 78
53, 203, 87, 45
53, 110, 87, 82
53, 112, 87, 39
53, 144, 87, 69
53, 306, 87, 74
53, 94, 87, 1
53, 223, 87, 13
53, 354, 88, 72
53, 226, 88, 76
53, 4, 88, 29
53, 359, 88, 28
53, 204, 88, 80
53, 148, 88, 57
53, 55, 88, 30
53, 348, 88, 81
53, 33, 89, 42
53, 257, 89, 33
53, 323, 89, 48
53, 228, 89, 21
53, 168, 89, 84
53, 41, 89, 4
53, 10, 89, 7
53, 173, 89, 32
53, 86, 89, 69
53, 353, 90, 11
53, 199, 90, 23
53, 7, 90, 31
53, 265, 90, 34
53, 74, 90, 1
53, 314, 90, 36
53, 48, 90, 75
53, 306, 90, 74
53, 186, 90, 32
53, 286, 90, 64
53, 159, 90, 20
53, 130, 91, 86
53, 263, 91, 88
53, 392, 91, 60
53, 266, 91, 38
53, 28, 91, 27
53, 30, 91, 13
53, 299, 91, 27
53, 302, 91, 5
53, 308, 91, 23
53, 180, 91, 65
53, 185, 91, 4
53, 317, 91, 52
53, 64, 91, 95
53, 75, 91, 35
53, 217, 91, 86
53, 348, 91, 81
53, 354, 91, 72
53, 360, 91, 32
53, 106, 91, 84
53, 379, 91, 46
53, 132, 92, 100
53, 5, 92, 20
53, 399, 92, 75
53, 180, 92, 65
53, 85, 92, 16
53, 248, 92, 14
53, 125, 92, 57
53, 226, 93, 76
53, 292, 93, 99
53, 262, 93, 69
53, 294, 93, 70
53, 201, 93, 100
53, 169, 93, 64
53, 203, 93, 45
53, 10, 93, 7
53, 77, 93, 48
53, 16, 93, 25
53, 114, 93, 79
53, 148, 93, 57
53, 277, 93, 47
53, 184, 93, 73
53, 155, 93, 53
53, 253, 93, 63
53, 95, 93, 67
53, 2, 94, 67
53, 229, 94, 89
53, 200, 94, 95
53, 393, 94, 48
53, 367, 94, 70
53, 368, 94, 85
53, 113, 94, 24
53, 370, 94, 82
53, 51, 94, 22
53, 86, 94, 69
53, 342, 94, 84
53, 251, 94, 5
53, 28, 94, 27
53, 95, 94, 67
53, 163, 95, 66
53, 387, 95, 22
53, 135, 95, 43
53, 172, 95, 11
53, 77, 95, 48
53, 302, 95, 5
53, 125, 95, 57
53, 257, 96, 33
53, 390, 96, 26
53, 135, 96, 43
53, 392, 96, 60
53, 268, 96, 24
53, 272, 96, 53
53, 21, 96, 57
53, 299, 96, 27
53, 174, 96, 72
53, 52, 96, 69
53, 59, 96, 57
53, 66, 96, 17
53, 226, 96, 76
53, 234, 96, 96
53, 363, 96, 80
53, 369, 96, 71
53, 370, 96, 82
53, 244, 96, 28
53, 380, 96, 63
53, 388, 97, 10
53, 262, 97, 69
53, 397, 97, 45
53, 33, 97, 42
53, 40, 97, 77
53, 300, 97, 8
53, 45, 97, 95
53, 46, 97, 19
53, 312, 97, 58
53, 197, 97, 31
53, 199, 97, 23
53, 79, 97, 20
53, 337, 97, 25
53, 338, 97, 69
53, 351, 97, 66
53, 230, 97, 4
53, 231, 97, 56
53, 381, 97, 46
53, 254, 97, 43
53, 199, 98, 23
53, 267, 98, 19
53, 77, 98, 48
53, 367, 98, 70
53, 275, 98, 81
53, 119, 98, 90
53, 249, 98, 99
53, 222, 98, 42
53, 65, 99, 86
53, 33, 99, 42
53, 164, 99, 76
53, 293, 99, 4
53, 38, 99, 69
53, 40, 99, 77
53, 265, 99, 34
53, 239, 99, 81
53, 48, 99, 75
53, 399, 99, 75
53, 79, 99, 20
53, 146, 99, 3
53, 149, 99, 38
53, 283, 99, 6
53, 92, 99, 88
53, 160, 100, 67
53, 128, 100, 72
53, 6, 100, 84
53, 102, 100, 55
53, 328, 100, 15
53, 232, 100, 78
53, 74, 100, 1
53, 364, 100, 59
53, 270, 100, 27
53, 17, 100, 68
53, 53, 100, 76
53, 181, 100, 84
53, 122, 100, 84
53, 127, 100, 24
53, 191, 100, 26
53, 326, 101, 86
53, 6, 101, 84
53, 329, 101, 90
53, 300, 101, 8
53, 14, 101, 19
53, 240, 101, 15
53, 18, 101, 37
53, 147, 101, 80
53, 83, 101, 83
53, 182, 101, 10
53, 55, 101, 30
53, 344, 101, 5
53, 153, 101, 30
53, 250, 101, 76
53, 29, 101, 5
53, 222, 101, 42
53, 129, 102, 50
53, 225, 102, 48
53, 293, 102, 4
53, 299, 102, 27
53, 206, 102, 11
53, 334, 102, 1
53, 176, 102, 66
53, 145, 102, 81
53, 146, 102, 3
53, 19, 102, 78
53, 180, 102, 65
53, 378, 102, 8
53, 111, 102, 37
53, 154, 102, 95
53, 97, 103, 43
53, 162, 103, 22
53, 261, 103, 35
53, 300, 103, 8
53, 396, 103, 4
53, 22, 103, 81
53, 251, 103, 5
53, 31, 103, 10
53, 126, 103, 14
53, 287, 103, 10
53, 6, 104, 84
53, 327, 104, 66
53, 328, 104, 15
53, 75, 104, 35
53, 208, 104, 21
53, 56, 104, 36
53, 251, 104, 5
53, 95, 104, 67
53, 384, 105, 69
53, 353, 105, 11
53, 385, 105, 45
53, 322, 105, 59
53, 133, 105, 10
53, 229, 105, 89
53, 40, 105, 77
53, 46, 105, 19
53, 16, 105, 25
53, 306, 105, 74
53, 178, 105, 14
53, 116, 105, 22
53, 247, 105, 86
53, 184, 105, 73
53, 282, 105, 39
53, 123, 105, 94
53, 127, 105, 24
53, 223, 105, 13
53, 292, 106, 99
53, 326, 106, 86
53, 363, 106, 80
53, 43, 106, 26
53, 370, 106, 82
53, 51, 106, 22
53, 310, 106, 37
53, 262, 107, 69
53, 135, 107, 43
53, 103, 107, 35
53, 296, 107, 53
53, 74, 107, 1
53, 155, 107, 53
53, 142, 107, 71
53, 144, 107, 69
53, 84, 107, 96
53, 373, 107, 18
53, 85, 107, 16
53, 184, 107, 73
53, 57, 107, 93
53, 27, 107, 29
53, 92, 107, 88
53, 189, 107, 90
53, 0, 108, 96
53, 257, 108, 33
53, 3, 108, 97
53, 327, 108, 66
53, 302, 108, 5
53, 372, 108, 10
53, 149, 108, 38
53, 150, 108, 52
53, 375, 108, 1
53, 220, 108, 20
53, 381, 108, 46
53, 168, 109, 84
53, 210, 109, 55
53, 51, 109, 22
53, 211, 109, 32
53, 277, 109, 47
53, 344, 109, 5
53, 169, 110, 64
53, 237, 110, 8
53, 398, 110, 61
53, 334, 110, 1
53, 369, 110, 71
53, 211, 110, 32
53, 287, 110, 10
53, 0, 111, 96
53, 258, 111, 68
53, 389, 111, 31
53, 262, 111, 69
53, 396, 111, 4
53, 275, 111, 81
53, 150, 111, 52
53, 27, 111, 29
53, 285, 111, 87
53, 286, 111, 64
53, 300, 111, 8
53, 194, 111, 2
53, 329, 111, 90
53, 84, 111, 96
53, 230, 111, 4
53, 360, 111, 32
53, 246, 111, 11
53, 252, 111, 80
53, 381, 111, 46
53, 224, 112, 55
53, 260, 112, 24
53, 295, 112, 34
53, 264, 112, 51
53, 136, 112, 69
53, 120, 112, 94
53, 286, 112, 64
53, 4, 113, 29
53, 264, 113, 51
53, 12, 113, 55
53, 160, 113, 67
53, 294, 113, 70
53, 58, 113, 65
53, 61, 113, 2
53, 319, 113, 68
53, 192, 113, 15
53, 323, 113, 48
53, 76, 113, 96
53, 206, 113, 11
53, 207, 113, 23
53, 337, 113, 25
53, 347, 113, 31
53, 224, 113, 55
53, 241, 113, 39
53, 242, 113, 64
53, 375, 113, 1
53, 389, 114, 31
53, 168, 114, 84
53, 233, 114, 86
53, 51, 114, 22
53, 309, 114, 64
53, 281, 114, 26
53, 31, 114, 10
53, 192, 115, 15
53, 167, 115, 4
53, 103, 115, 35
53, 199, 115, 23
53, 342, 115, 84
53, 388, 116, 10
53, 261, 116, 35
53, 5, 116, 20
53, 391, 116, 90
53, 139, 116, 61
53, 143, 116, 25
53, 280, 116, 50
53, 161, 116, 67
53, 292, 116, 99
53, 298, 116, 52
53, 304, 116, 52
53, 49, 116, 96
53, 310, 116, 37
53, 188, 116, 14
53, 323, 116, 48
53, 85, 116, 16
53, 353, 116, 11
53, 376, 116, 19
53, 252, 116, 80
53, 224, 117, 55
53, 0, 117, 96
53, 388, 117, 10
53, 197, 117, 31
53, 58, 117, 65
53, 295, 117, 34
53, 390, 117, 26
53, 266, 117, 38
53, 237, 117, 8
53, 269, 117, 87
53, 335, 117, 72
53, 19, 117, 78
53, 148, 117, 57
53, 346, 117, 14
53, 59, 117, 57
53, 252, 117, 80
53, 353, 118, 11
53, 356, 118, 32
53, 100, 118, 41
53, 263, 118, 88
53, 239, 118, 81
53, 275, 118, 81
53, 180, 118, 65
53, 58, 118, 65
53, 157, 118, 75
53, 223, 118, 13
53, 289, 119, 25
53, 121, 119, 70
53, 100, 119, 41
53, 297, 119, 3
53, 42, 119, 43
53, 139, 119, 61
53, 237, 119, 8
53, 78, 119, 77
53, 144, 119, 69
53, 370, 119, 82
53, 211, 119, 32
53, 243, 119, 66
53, 242, 119, 64
53, 86, 119, 69
53, 183, 119, 85
53, 25, 119, 98
53, 59, 119, 57
53, 383, 119, 17
53, 141, 120, 31
53, 283, 120, 6
53, 39, 120, 33
53, 295, 120, 34
53, 190, 120, 10
53, 67, 120, 35
53, 203, 120, 45
53, 210, 120, 55
53, 341, 120, 11
53, 214, 120, 94
53, 89, 120, 29
53, 353, 120, 11
53, 102, 120, 55
53, 360, 120, 32
53, 107, 120, 35
53, 238, 120, 22
53, 372, 120, 10
53, 248, 120, 14
53, 254, 120, 43
53, 228, 121, 21
53, 7, 121, 31
53, 167, 121, 4
53, 362, 121, 92
53, 107, 121, 35
53, 332, 121, 31
53, 343, 121, 93
53, 320, 122, 82
53, 225, 122, 48
53, 386, 122, 15
53, 6, 122, 84
53, 199, 122, 23
53, 327, 122, 66
53, 266, 122, 38
53, 42, 122, 43
53, 170, 122, 52
53, 205, 122, 73
53, 147, 122, 80
53, 308, 122, 23
53, 19, 122, 78
53, 92, 122, 88
53, 253, 122, 63
53, 320, 123, 82
53, 130, 123, 86
53, 382, 123, 49
53, 293, 123, 4
53, 103, 123, 35
53, 392, 123, 60
53, 201, 123, 100
53, 367, 123, 70
53, 115, 123, 78
53, 117, 123, 69
53, 184, 123, 73
53, 58, 123, 65
53, 216, 123, 73
53, 95, 123, 67
53, 351, 123, 66
53, 323, 124, 48
53, 324, 124, 75
53, 361, 124, 10
53, 297, 124, 3
53, 9, 124, 56
53, 396, 124, 4
53, 333, 124, 37
53, 109, 124, 13
53, 267, 124, 19
53, 337, 124, 25
53, 21, 124, 57
53, 309, 124, 64
53, 215, 124, 65
53, 390, 125, 26
53, 395, 125, 88
53, 25, 125, 98
53, 155, 125, 53
53, 28, 125, 27
53, 35, 125, 69
53, 164, 125, 76
53, 300, 125, 8
53, 44, 125, 66
53, 57, 125, 93
53, 327, 125, 66
53, 73, 125, 18
53, 220, 125, 20
53, 97, 125, 43
53, 231, 125, 56
53, 246, 125, 11
53, 119, 125, 90
53, 253, 125, 63
53, 127, 125, 24
53, 225, 126, 48
53, 261, 126, 35
53, 8, 126, 87
53, 41, 126, 4
53, 137, 126, 65
53, 75, 126, 35
53, 187, 126, 9
53, 13, 126, 93
53, 114, 126, 79
53, 307, 126, 68
53, 116, 126, 22
53, 338, 126, 69
53, 346, 126, 14
53, 123, 126, 94
53, 60, 126, 66
53, 285, 126, 87
53, 95, 126, 67
53, 259, 127, 9
53, 236, 127, 12
53, 269, 127, 87
53, 208, 127, 21
53, 17, 127, 68
53, 211, 127, 32
53, 86, 127, 69
53, 278, 127, 97
53, 281, 127, 26
53, 186, 127, 32
53, 160, 128, 67
53, 132, 128, 100
53, 38, 128, 69
53, 295, 128, 34
53, 171, 128, 35
53, 363, 128, 80
53, 13, 128, 93
53, 305, 128, 69
53, 114, 128, 79
53, 212, 128, 77
53, 215, 128, 65
53, 124, 128, 31
53, 189, 128, 90
53, 289, 129, 25
53, 36, 129, 54
53, 326, 129, 86
53, 395, 129, 88
53, 143, 129, 25
53, 239, 129, 81
53, 129, 130, 50
53, 66, 130, 17
53, 195, 130, 61
53, 163, 130, 66
53, 135, 130, 43
53, 40, 130, 77
53, 364, 130, 59
53, 244, 130, 28
53, 149, 130, 38
53, 148, 130, 57
53, 85, 130, 16
53, 284, 130, 22
53, 256, 131, 100
53, 289, 131, 25
53, 99, 131, 89
53, 389, 131, 31
53, 284, 131, 22
53, 182, 131, 10
53, 380, 131, 63
53, 347, 131, 31
53, 28, 131, 27
53, 184, 131, 73
53, 134, 132, 30
53, 262, 132, 69
53, 8, 132, 87
53, 135, 132, 43
53, 144, 132, 69
53, 147, 132, 80
53, 278, 132, 97
53, 285, 132, 87
53, 162, 132, 22
53, 308, 132, 23
53, 69, 132, 33
53, 74, 132, 1
53, 202, 132, 44
53, 88, 132, 8
53, 222, 132, 42
53, 366, 132, 79
53, 375, 132, 1
53, 123, 132, 94
53, 126, 132, 14
53, 17, 133, 68
53, 275, 133, 81
53, 52, 133, 69
53, 244, 133, 28
53, 25, 133, 98
53, 158, 133, 37
53, 352, 134, 73
53, 121, 134, 70
53, 35, 134, 69
53, 67, 134, 35
53, 391, 134, 90
53, 296, 134, 53
53, 74, 134, 1
53, 13, 134, 93
53, 51, 134, 22
53, 180, 134, 65
53, 21, 134, 57
53, 183, 134, 85
53, 57, 134, 93
53, 188, 134, 14
53, 190, 134, 10
53, 255, 134, 68
53, 382, 135, 49
53, 132, 135, 100
53, 9, 135, 56
53, 10, 135, 7
53, 280, 135, 50
53, 165, 135, 75
53, 42, 135, 43
53, 45, 135, 95
53, 310, 135, 37
53, 72, 135, 10
53, 334, 135, 1
53, 82, 135, 47
53, 103, 135, 35
53, 234, 135, 96
53, 108, 135, 45
53, 366, 135, 79
53, 119, 135, 90
53, 122, 135, 84
53, 126, 135, 14
53, 129, 136, 50
53, 290, 136, 14
53, 358, 136, 100
53, 167, 136, 4
53, 11, 136, 57
53, 77, 136, 48
53, 398, 136, 61
53, 112, 136, 39
53, 81, 136, 8
53, 208, 136, 21
53, 341, 136, 11
53, 118, 136, 73
53, 25, 136, 98
53, 249, 136, 99
53, 346, 136, 14
53, 28, 136, 27
53, 318, 136, 90
53, 385, 137, 45
53, 290, 137, 14
53, 225, 137, 48
53, 262, 137, 69
53, 392, 137, 60
53, 396, 137, 4
53, 187, 137, 9
53, 111, 137, 37
53, 283, 137, 6
53, 212, 137, 77
53, 119, 137, 90
53, 123, 137, 94
53, 157, 137, 75
53, 158, 137, 37
53, 224, 138, 55
53, 1, 138, 26
53, 294, 138, 70
53, 201, 138, 100
53, 268, 138, 24
53, 45, 138, 95
53, 85, 138, 16
53, 183, 138, 85
53, 184, 138, 73
53, 91, 138, 87
53, 29, 138, 5
53, 257, 139, 33
53, 104, 139, 37
53, 106, 139, 84
53, 12, 139, 55
53, 240, 139, 15
53, 18, 139, 37
53, 212, 139, 77
53, 253, 139, 63
53, 157, 139, 75
53, 94, 139, 1
53, 262, 140, 69
53, 392, 140, 60
53, 266, 140, 38
53, 11, 140, 57
53, 143, 140, 25
53, 148, 140, 57
53, 159, 140, 20
53, 161, 140, 67
53, 47, 140, 32
53, 48, 140, 75
53, 58, 140, 65
53, 188, 140, 14
53, 190, 140, 10
53, 193, 140, 6
53, 332, 140, 31
53, 341, 140, 11
53, 346, 140, 14
53, 225, 140, 48
53, 100, 140, 41
53, 111, 140, 37
53, 128, 141, 72
53, 6, 141, 84
53, 201, 141, 100
53, 299, 141, 27
53, 142, 141, 71
53, 16, 141, 25
53, 336, 141, 34
53, 26, 141, 15
53, 253, 141, 63
53, 5, 142, 20
53, 165, 142, 75
53, 141, 142, 31
53, 239, 142, 81
53, 54, 142, 73
53, 224, 143, 55
53, 325, 143, 46
53, 268, 143, 24
53, 208, 143, 21
53, 85, 143, 16
53, 54, 143, 73
53, 279, 143, 10
53, 344, 143, 5
53, 379, 143, 46
53, 63, 143, 38
53, 260, 144, 24
53, 69, 144, 33
53, 358, 144, 100
53, 230, 144, 4
53, 360, 144, 32
53, 265, 144, 34
53, 395, 144, 88
53, 20, 144, 53
53, 161, 145, 67
53, 355, 145, 69
53, 100, 145, 41
53, 6, 145, 84
53, 326, 145, 86
53, 139, 145, 61
53, 171, 145, 35
53, 333, 145, 37
53, 302, 145, 5
53, 268, 145, 24
53, 16, 145, 25
53, 370, 145, 82
53, 339, 145, 35
53, 154, 145, 95
53, 125, 145, 57
53, 63, 145, 38
53, 288, 146, 28
53, 328, 146, 15
53, 52, 146, 69
53, 155, 146, 53
53, 255, 146, 68
53, 258, 147, 68
53, 227, 147, 100
53, 4, 147, 29
53, 3, 147, 97
53, 327, 147, 66
53, 296, 147, 53
53, 8, 147, 87
53, 136, 147, 69
53, 167, 147, 4
53, 170, 147, 52
53, 334, 147, 1
53, 111, 147, 37
53, 117, 147, 69
53, 86, 147, 69
53, 310, 147, 37
53, 22, 147, 81
53, 346, 147, 14
53, 247, 147, 86
53, 32, 148, 38
53, 161, 148, 67
53, 325, 148, 46
53, 391, 148, 90
53, 42, 148, 43
53, 11, 148, 57
53, 298, 148, 52
53, 175, 148, 85
53, 272, 148, 53
53, 239, 148, 81
53, 83, 148, 83
53, 308, 148, 23
53, 216, 148, 73
53, 157, 148, 75
53, 255, 148, 68
53, 322, 149, 59
53, 293, 149, 4
53, 166, 149, 2
53, 135, 149, 43
53, 393, 149, 48
53, 201, 149, 100
53, 171, 149, 35
53, 204, 149, 80
53, 240, 149, 15
53, 49, 149, 96
53, 188, 149, 14
53, 149, 149, 38
53, 278, 149, 97
53, 88, 149, 8
53, 316, 149, 67
53, 362, 150, 92
53, 77, 150, 48
53, 333, 150, 37
53, 398, 150, 61
53, 141, 150, 31
53, 56, 150, 36
53, 384, 151, 69
53, 64, 151, 95
53, 67, 151, 35
53, 326, 151, 86
53, 393, 151, 48
53, 11, 151, 57
53, 23, 151, 42
53, 122, 151, 84
53, 253, 151, 63
53, 286, 151, 64
53, 319, 151, 68
53, 263, 152, 88
53, 295, 152, 34
53, 297, 152, 3
53, 391, 152, 90
53, 172, 152, 11
53, 302, 152, 5
53, 239, 152, 81
53, 49, 152, 96
53, 305, 152, 69
53, 20, 152, 53
53, 245, 152, 65
53, 120, 152, 94
53, 314, 152, 36
53, 187, 152, 9
53, 159, 152, 20
53, 226, 153, 76
53, 386, 153, 15
53, 34, 153, 22
53, 153, 153, 30
53, 7, 153, 31
53, 327, 153, 66
53, 393, 153, 48
53, 138, 153, 46
53, 108, 153, 45
53, 238, 153, 22
53, 242, 153, 64
53, 274, 153, 44
53, 309, 153, 64
53, 278, 153, 97
53, 245, 153, 65
53, 249, 153, 99
53, 259, 154, 9
53, 326, 154, 86
53, 392, 154, 60
53, 233, 154, 86
53, 178, 154, 14
53, 147, 154, 80
53, 213, 154, 62
53, 61, 154, 2
53, 116, 155, 22
53, 149, 155, 38
53, 348, 155, 81
53, 30, 155, 13
53, 351, 155, 66
53, 161, 156, 67
53, 322, 156, 59
53, 354, 156, 72
53, 36, 156, 54
53, 101, 156, 90
53, 38, 156, 69
53, 296, 156, 53
53, 170, 156, 52
53, 10, 156, 7
53, 204, 156, 80
53, 141, 156, 31
53, 209, 156, 43
53, 29, 156, 5
53, 341, 156, 11
53, 317, 156, 52
53, 286, 156, 64
53, 64, 157, 95
53, 66, 157, 17
53, 229, 157, 89
53, 71, 157, 21
53, 367, 157, 70
53, 242, 157, 64
53, 243, 157, 66
53, 213, 157, 62
53, 341, 157, 11
53, 344, 157, 5
53, 189, 157, 90
53, 257, 158, 33
53, 226, 158, 76
53, 35, 158, 69
53, 391, 158, 90
53, 266, 158, 38
53, 91, 158, 87
53, 107, 158, 35
53, 237, 158, 8
53, 366, 158, 79
53, 303, 158, 12
53, 80, 158, 31
53, 176, 158, 66
53, 208, 158, 21
53, 315, 158, 58
53, 124, 158, 31
53, 94, 158, 1
53, 56, 159, 36
53, 168, 159, 84
53, 104, 159, 37
53, 138, 159, 46
53, 139, 159, 61
53, 299, 159, 27
53, 330, 159, 60
53, 142, 159, 71
53, 112, 159, 39
53, 210, 159, 55
53, 88, 159, 8
53, 250, 159, 76
53, 125, 159, 57
53, 318, 159, 90
53, 258, 160, 68
53, 355, 160, 69
53, 38, 160, 69
53, 231, 160, 56
53, 105, 160, 51
53, 127, 160, 24
53, 354, 161, 72
53, 323, 161, 48
53, 197, 161, 31
53, 262, 161, 69
53, 359, 161, 28
53, 43, 161, 26
53, 44, 161, 66
53, 173, 161, 32
53, 365, 161, 17
53, 175, 161, 85
53, 334, 161, 1
53, 372, 161, 10
53, 180, 161, 65
53, 150, 161, 52
53, 316, 161, 67
53, 94, 161, 1
53, 96, 162, 13
53, 259, 162, 9
53, 132, 162, 100
53, 38, 162, 69
53, 27, 162, 29
53, 137, 162, 65
53, 40, 162, 77
53, 395, 162, 88
53, 267, 162, 19
53, 237, 162, 8
53, 142, 162, 71
53, 360, 162, 32
53, 120, 162, 94
53, 90, 162, 28
53, 155, 162, 53
53, 222, 162, 42
53, 351, 162, 66
53, 3, 163, 97
53, 389, 163, 31
53, 137, 163, 65
53, 268, 163, 24
53, 147, 163, 80
53, 24, 163, 75
53, 282, 163, 39
53, 161, 163, 67
53, 162, 163, 22
53, 170, 163, 52
53, 58, 163, 65
53, 189, 163, 90
53, 202, 163, 44
53, 334, 163, 1
53, 347, 163, 31
53, 353, 163, 11
53, 235, 163, 17
53, 107, 163, 35
53, 379, 163, 46
53, 382, 163, 49
53, 0, 164, 96
53, 163, 164, 66
53, 4, 164, 29
53, 71, 164, 21
53, 172, 164, 11
53, 44, 164, 66
53, 174, 164, 72
53, 212, 164, 77
53, 149, 164, 38
53, 283, 164, 6
53, 129, 165, 50
53, 169, 165, 64
53, 203, 165, 45
53, 368, 165, 85
53, 209, 165, 43
53, 306, 165, 74
53, 284, 165, 22
53, 374, 165, 28
53, 57, 165, 93
53, 188, 165, 14
53, 260, 166, 24
53, 390, 166, 26
53, 233, 166, 86
53, 107, 166, 35
53, 44, 166, 66
53, 304, 166, 52
53, 369, 166, 71
53, 275, 166, 81
53, 277, 166, 47
53, 181, 166, 84
53, 282, 166, 39
53, 28, 166, 27
53, 221, 166, 57
53, 95, 166, 67
53, 386, 167, 15
53, 393, 167, 48
53, 267, 167, 19
53, 146, 167, 3
53, 54, 167, 73
53, 313, 167, 42
53, 65, 167, 86
53, 196, 167, 78
53, 79, 167, 20
53, 89, 167, 29
53, 99, 167, 89
53, 362, 167, 92
53, 367, 167, 70
53, 112, 167, 39
53, 368, 167, 85
53, 114, 167, 79
53, 117, 167, 69
53, 246, 167, 11
53, 126, 167, 14
53, 383, 167, 17
53, 193, 168, 6
53, 37, 168, 28
53, 263, 168, 88
53, 393, 168, 48
53, 107, 168, 35
53, 174, 168, 72
53, 46, 168, 19
53, 149, 168, 38
53, 152, 168, 82
53, 253, 168, 63
53, 284, 168, 22
53, 93, 168, 7
53, 194, 169, 2
53, 290, 169, 14
53, 196, 169, 78
53, 39, 169, 33
53, 40, 169, 77
53, 168, 169, 84
53, 202, 169, 44
53, 267, 169, 19
53, 13, 169, 93
53, 240, 169, 15
53, 343, 169, 93
53, 313, 169, 42
53, 219, 169, 95
53, 156, 169, 13
53, 32, 170, 38
53, 325, 170, 46
53, 359, 170, 28
53, 110, 170, 82
53, 28, 170, 27
53, 349, 170, 82
53, 1, 171, 26
53, 259, 171, 9
53, 100, 171, 41
53, 202, 171, 44
53, 75, 171, 35
53, 239, 171, 81
53, 272, 171, 53
53, 305, 171, 69
53, 370, 171, 82
53, 83, 171, 83
53, 276, 171, 70
53, 240, 171, 15
53, 280, 171, 50
53, 253, 171, 63
53, 222, 171, 42
53, 191, 171, 26
53, 321, 172, 93
53, 98, 172, 35
53, 298, 172, 52
53, 213, 172, 62
53, 246, 172, 11
53, 343, 172, 93
53, 376, 172, 19
53, 59, 172, 57
53, 287, 172, 10
53, 160, 173, 67
53, 386, 173, 15
53, 100, 173, 41
53, 197, 173, 31
53, 198, 173, 96
53, 229, 173, 89
53, 264, 173, 51
53, 393, 173, 48
53, 365, 173, 17
53, 78, 173, 77
53, 399, 173, 75
53, 175, 173, 85
53, 114, 173, 79
53, 245, 173, 65
53, 182, 173, 10
53, 22, 173, 81
53, 279, 173, 10
53, 353, 174, 11
53, 130, 174, 86
53, 323, 174, 48
53, 4, 174, 29
53, 330, 174, 60
53, 172, 174, 11
53, 205, 174, 73
53, 367, 174, 70
53, 49, 174, 96
53, 308, 174, 23
53, 187, 174, 9
53, 190, 174, 10
53, 62, 174, 90
53, 319, 174, 68
53, 384, 175, 69
53, 257, 175, 33
53, 99, 175, 89
53, 9, 175, 56
53, 298, 175, 52
53, 210, 175, 55
53, 91, 175, 87
53, 125, 175, 57
53, 197, 176, 31
53, 264, 176, 51
53, 10, 176, 7
53, 364, 176, 59
53, 140, 176, 15
53, 314, 176, 36
53, 302, 176, 5
53, 85, 176, 16
53, 182, 176, 10
53, 23, 176, 42
53, 54, 176, 73
53, 154, 176, 95
53, 343, 176, 93
53, 223, 176, 13
53, 193, 177, 6
53, 2, 177, 67
53, 102, 177, 55
53, 186, 177, 32
53, 298, 177, 52
53, 235, 177, 17
53, 314, 177, 36
53, 172, 177, 11
53, 272, 177, 53
53, 17, 177, 68
53, 338, 177, 69
53, 23, 177, 42
53, 281, 177, 26
53, 154, 177, 95
53, 190, 177, 10
53, 351, 177, 66
53, 224, 178, 55
53, 258, 178, 68
53, 290, 178, 14
53, 37, 178, 28
53, 167, 178, 4
53, 73, 178, 18
53, 10, 178, 7
53, 44, 178, 66
53, 301, 178, 19
53, 80, 178, 31
53, 17, 178, 68
53, 146, 178, 3
53, 25, 178, 98
53, 252, 178, 80
53, 29, 178, 5
53, 261, 179, 35
53, 105, 179, 51
53, 300, 179, 8
53, 26, 179, 15
53, 380, 179, 63
53, 317, 179, 52
53, 384, 180, 69
53, 130, 180, 86
53, 131, 180, 41
53, 36, 180, 54
53, 217, 180, 86
53, 358, 180, 100
53, 327, 180, 66
53, 265, 180, 34
53, 59, 180, 57
53, 330, 180, 60
53, 366, 180, 79
53, 147, 180, 80
53, 211, 180, 32
53, 115, 180, 78
53, 248, 180, 14
53, 281, 180, 26
53, 91, 180, 87
53, 254, 180, 43
53, 389, 181, 31
53, 263, 181, 88
53, 398, 181, 61
53, 143, 181, 25
53, 142, 181, 71
53, 156, 181, 13
53, 31, 181, 10
53, 160, 181, 67
53, 169, 181, 64
53, 51, 181, 22
53, 58, 181, 65
53, 319, 181, 68
53, 199, 181, 23
53, 209, 181, 43
53, 218, 181, 64
53, 228, 181, 21
53, 103, 181, 35
53, 240, 181, 15
53, 373, 181, 18
53, 280, 182, 50
53, 3, 182, 97
53, 132, 182, 100
53, 197, 182, 31
53, 100, 182, 41
53, 391, 182, 90
53, 136, 182, 69
53, 135, 182, 43
53, 164, 182, 76
53, 299, 182, 27
53, 358, 182, 100
53, 17, 182, 68
53, 370, 182, 82
53, 147, 182, 80
53, 146, 182, 3
53, 88, 182, 8
53, 290, 183, 14
53, 199, 183, 23
53, 233, 183, 86
53, 331, 183, 71
53, 77, 183, 48
53, 79, 183, 20
53, 80, 183, 31
53, 271, 183, 4
53, 82, 183, 47
53, 214, 183, 94
53, 246, 183, 11
53, 248, 183, 14
53, 281, 183, 26
53, 95, 183, 67
53, 319, 183, 68
53, 35, 184, 69
53, 7, 184, 31
53, 74, 184, 1
53, 46, 184, 19
53, 144, 184, 69
53, 147, 184, 80
53, 276, 184, 70
53, 339, 184, 35
53, 54, 184, 73
53, 149, 184, 38
53, 249, 184, 99
53, 65, 185, 86
53, 231, 185, 56
53, 8, 185, 87
53, 171, 185, 35
53, 364, 185, 59
53, 238, 185, 22
53, 79, 185, 20
53, 336, 185, 34
53, 380, 185, 63
53, 25, 185, 98
53, 348, 185, 81
53, 356, 186, 32
53, 69, 186, 33
53, 134, 186, 30
53, 141, 186, 31
53, 335, 186, 72
53, 315, 186, 58
53, 383, 186, 17
53, 99, 187, 89
53, 132, 187, 100
53, 263, 187, 88
53, 72, 187, 10
53, 201, 187, 100
53, 106, 187, 84
53, 360, 187, 32
53, 81, 187, 8
53, 339, 187, 35
53, 115, 187, 78
53, 53, 187, 76
53, 92, 187, 88
53, 4, 188, 29
53, 264, 188, 51
53, 361, 188, 10
53, 74, 188, 1
53, 171, 188, 35
53, 43, 188, 26
53, 173, 188, 32
53, 366, 188, 79
53, 303, 188, 12
53, 238, 188, 22
53, 236, 188, 12
53, 296, 188, 53
53, 183, 188, 85
53, 184, 188, 73
53, 220, 188, 20
53, 93, 188, 7
53, 383, 188, 17
53, 163, 189, 66
53, 44, 189, 66
53, 271, 189, 4
53, 16, 189, 25
53, 159, 189, 20
53, 194, 190, 2
53, 36, 190, 54
53, 37, 190, 28
53, 201, 190, 100
53, 112, 190, 39
53, 178, 190, 14
53, 250, 190, 76
53, 251, 190, 5
53, 92, 190, 88
53, 349, 190, 82
53, 291, 191, 98
53, 263, 191, 88
53, 186, 191, 32
53, 47, 191, 32
53, 143, 191, 25
53, 309, 191, 64
53, 279, 191, 10
53, 250, 191, 76
53, 29, 191, 5
53, 385, 192, 45
53, 33, 192, 42
53, 164, 192, 76
53, 167, 192, 4
53, 44, 192, 66
53, 308, 192, 23
53, 191, 192, 26
53, 68, 192, 50
53, 74, 192, 1
53, 203, 192, 45
53, 81, 192, 8
53, 93, 192, 7
53, 98, 192, 35
53, 232, 192, 78
53, 106, 192, 84
53, 362, 192, 92
53, 109, 192, 13
53, 237, 192, 8
53, 240, 192, 15
53, 115, 192, 78
53, 230, 193, 4
53, 142, 193, 71
53, 175, 193, 85
53, 209, 193, 43
53, 178, 193, 14
53, 53, 193, 76
53, 184, 193, 73
53, 347, 193, 31
53, 127, 193, 24
53, 289, 194, 25
53, 164, 194, 76
53, 359, 194, 28
53, 135, 194, 43
53, 14, 194, 19
53, 114, 194, 79
53, 125, 194, 57
53, 221, 194, 57
53, 92, 194, 88
53, 285, 194, 87
53, 222, 194, 42
53, 72, 195, 10
53, 329, 195, 90
53, 298, 195, 52
53, 73, 195, 18
53, 236, 195, 12
53, 308, 195, 23
53, 54, 195, 73
53, 30, 195, 13
53, 329, 196, 90
53, 9, 196, 56
53, 76, 196, 96
53, 78, 196, 77
53, 47, 196, 32
53, 340, 196, 66
53, 54, 196, 73
53, 188, 196, 14
53, 349, 196, 82
53, 260, 197, 24
53, 165, 197, 75
53, 71, 197, 21
53, 42, 197, 43
53, 236, 197, 12
53, 205, 197, 73
53, 175, 197, 85
53, 176, 197, 66
53, 273, 197, 57
53, 21, 197, 57
53, 284, 197, 22
53, 281, 197, 26
53, 250, 197, 76
53, 127, 197, 24
53, 95, 197, 67
53, 0, 198, 96
53, 3, 198, 97
53, 390, 198, 26
53, 271, 198, 4
53, 144, 198, 69
53, 272, 198, 53
53, 277, 198, 47
53, 155, 198, 53
53, 162, 198, 22
53, 177, 198, 74
53, 313, 198, 42
53, 68, 198, 50
53, 326, 198, 86
53, 75, 198, 35
53, 76, 198, 96
53, 208, 198, 21
53, 88, 198, 8
53, 221, 198, 57
53, 235, 198, 17
53, 376, 198, 19
53, 35, 199, 69
53, 391, 199, 90
53, 302, 199, 5
53, 48, 199, 75
53, 147, 199, 80
53, 120, 199, 94
