200, 400, 20
59, 385, 0, 61
59, 356, 0, 77
59, 293, 0, 33
59, 261, 0, 85
59, 325, 0, 44
59, 234, 0, 30
59, 12, 0, 35
59, 179, 0, 59
59, 342, 0, 31
59, 344, 0, 49
59, 153, 0, 34
59, 347, 0, 18
59, 124, 0, 99
59, 62, 0, 84
59, 261, 1, 85
59, 8, 1, 69
59, 11, 1, 4
59, 239, 1, 6
59, 111, 1, 94
59, 252, 1, 38
59, 255, 2, 52
59, 69, 2, 3
59, 38, 2, 67
59, 261, 2, 85
59, 167, 2, 93
59, 295, 2, 79
59, 331, 2, 46
59, 12, 2, 35
59, 77, 2, 96
59, 252, 2, 38
59, 21, 2, 39
59, 214, 2, 13
59, 346, 2, 72
59, 315, 2, 14
59, 284, 2, 67
59, 317, 2, 100
59, 223, 2, 72
59, 291, 3, 20
59, 72, 3, 79
59, 267, 3, 89
59, 332, 3, 83
59, 77, 3, 96
59, 300, 3, 67
59, 340, 3, 74
59, 218, 3, 91
59, 348, 3, 73
59, 255, 3, 52
59, 227, 4, 45
59, 113, 4, 61
59, 114, 4, 50
59, 94, 4, 93
59, 31, 4, 53
59, 321, 5, 9
59, 195, 5, 46
59, 327, 5, 78
59, 360, 5, 77
59, 265, 5, 57
59, 233, 5, 56
59, 331, 5, 46
59, 12, 5, 35
59, 301, 5, 64
59, 109, 5, 90
59, 369, 5, 82
59, 342, 5, 31
59, 247, 5, 77
59, 351, 5, 31
59, 224, 6, 64
59, 40, 6, 58
59, 399, 6, 66
59, 114, 6, 50
59, 340, 6, 74
59, 348, 6, 73
59, 287, 7, 7
59, 351, 7, 31
59, 360, 7, 77
59, 392, 7, 84
59, 169, 7, 90
59, 235, 7, 81
59, 396, 7, 73
59, 9, 7, 49
59, 206, 7, 20
59, 399, 7, 66
59, 270, 7, 3
59, 179, 7, 59
59, 213, 7, 4
59, 86, 7, 64
59, 186, 7, 16
59, 347, 7, 18
59, 28, 7, 53
59, 255, 7, 52
59, 393, 8, 86
59, 270, 8, 3
59, 25, 8, 88
59, 28, 8, 53
59, 161, 8, 7
59, 293, 8, 33
59, 295, 8, 79
59, 41, 8, 16
59, 180, 8, 12
59, 192, 8, 54
59, 193, 8, 71
59, 76, 8, 53
59, 79, 8, 7
59, 213, 8, 4
59, 99, 8, 5
59, 358, 8, 72
59, 369, 8, 82
59, 373, 8, 100
59, 124, 8, 99
59, 256, 9, 34
59, 36, 9, 73
59, 261, 9, 85
59, 108, 9, 85
59, 333, 9, 23
59, 140, 9, 94
59, 18, 9, 36
59, 181, 9, 67
59, 86, 9, 64
59, 23, 9, 10
59, 317, 9, 100
59, 343, 9, 39
59, 95, 9, 7
59, 258, 10, 76
59, 322, 10, 62
59, 324, 10, 55
59, 138, 10, 24
59, 109, 10, 90
59, 206, 10, 20
59, 173, 10, 89
59, 48, 10, 14
59, 337, 10, 40
59, 30, 10, 41
59, 217, 10, 51
59, 93, 10, 61
59, 382, 10, 87
59, 191, 11, 87
59, 4, 11, 81
59, 5, 11, 100
59, 230, 11, 71
59, 287, 11, 7
59, 136, 11, 20
59, 362, 11, 65
59, 13, 11, 17
59, 368, 11, 1
59, 22, 11, 77
59, 127, 11, 18
59, 63, 11, 35
59, 65, 12, 70
59, 163, 12, 46
59, 325, 12, 44
59, 326, 12, 65
59, 265, 12, 57
59, 272, 12, 79
59, 116, 12, 57
59, 247, 12, 77
59, 254, 12, 88
59, 223, 12, 72
59, 327, 13, 78
59, 169, 13, 90
59, 108, 13, 85
59, 254, 13, 88
59, 222, 13, 28
59, 383, 13, 43
59, 160, 14, 14
59, 1, 14, 44
59, 257, 14, 6
59, 67, 14, 91
59, 132, 14, 88
59, 262, 14, 37
59, 296, 14, 50
59, 362, 14, 65
59, 12, 14, 35
59, 306, 14, 13
59, 19, 14, 43
59, 245, 14, 6
59, 309, 14, 79
59, 29, 14, 85
59, 95, 14, 7
59, 353, 15, 10
59, 1, 15, 44
59, 389, 15, 12
59, 44, 15, 26
59, 276, 15, 33
59, 255, 15, 52
59, 256, 16, 34
59, 258, 16, 76
59, 131, 16, 54
59, 262, 16, 37
59, 137, 16, 93
59, 399, 16, 66
59, 145, 16, 85
59, 21, 16, 39
59, 158, 16, 42
59, 31, 16, 53
59, 171, 16, 44
59, 176, 16, 68
59, 181, 16, 67
59, 323, 16, 80
59, 212, 16, 5
59, 231, 16, 99
59, 232, 16, 48
59, 233, 16, 56
59, 106, 16, 13
59, 249, 16, 32
59, 328, 17, 86
59, 74, 17, 14
59, 112, 17, 39
59, 148, 17, 67
59, 118, 17, 14
59, 89, 17, 34
59, 1, 18, 44
59, 226, 18, 17
59, 291, 18, 20
59, 76, 18, 53
59, 334, 18, 30
59, 367, 18, 20
59, 53, 18, 45
59, 217, 18, 51
59, 346, 18, 72
59, 27, 18, 90
59, 133, 19, 18
59, 231, 19, 99
59, 394, 19, 22
59, 77, 19, 96
59, 306, 19, 13
59, 341, 19, 55
59, 245, 19, 6
59, 125, 19, 11
59, 228, 20, 31
59, 299, 20, 33
59, 242, 20, 83
59, 245, 20, 6
59, 28, 20, 53
59, 98, 21, 90
59, 131, 21, 54
59, 391, 21, 43
59, 39, 21, 61
59, 201, 21, 81
59, 362, 21, 65
59, 236, 21, 75
59, 81, 21, 74
59, 116, 21, 57
59, 55, 21, 71
59, 24, 21, 64
59, 100, 22, 100
59, 135, 22, 26
59, 7, 22, 96
59, 330, 22, 92
59, 395, 22, 47
59, 208, 22, 59
59, 17, 22, 57
59, 243, 22, 40
59, 117, 22, 77
59, 277, 22, 42
59, 351, 22, 31
59, 384, 23, 37
59, 3, 23, 60
59, 259, 23, 96
59, 112, 23, 39
59, 304, 23, 14
59, 116, 23, 57
59, 348, 23, 73
59, 189, 23, 16
59, 2, 24, 7
59, 162, 24, 52
59, 295, 24, 79
59, 297, 24, 41
59, 298, 24, 77
59, 234, 24, 30
59, 13, 24, 17
59, 271, 24, 26
59, 144, 24, 83
59, 146, 24, 2
59, 50, 24, 36
59, 215, 24, 98
59, 351, 24, 31
59, 387, 25, 32
59, 269, 25, 12
59, 141, 25, 86
59, 16, 25, 1
59, 147, 25, 49
59, 150, 25, 17
59, 38, 25, 67
59, 180, 25, 12
59, 58, 25, 45
59, 316, 25, 6
59, 61, 25, 34
59, 322, 25, 62
59, 329, 25, 69
59, 212, 25, 5
59, 228, 25, 31
59, 357, 25, 18
59, 364, 25, 73
59, 240, 25, 10
59, 120, 25, 99
59, 255, 25, 52
59, 320, 26, 70
59, 8, 26, 69
59, 42, 26, 94
59, 332, 26, 83
59, 279, 26, 11
59, 46, 26, 32
59, 270, 26, 3
59, 314, 26, 54
59, 113, 26, 61
59, 371, 26, 77
59, 213, 26, 4
59, 21, 26, 39
59, 87, 26, 52
59, 186, 26, 16
59, 316, 26, 6
59, 270, 27, 3
59, 15, 27, 70
59, 17, 27, 57
59, 153, 27, 34
59, 291, 27, 20
59, 164, 27, 48
59, 300, 27, 67
59, 46, 27, 32
59, 49, 27, 32
59, 179, 27, 59
59, 309, 27, 79
59, 55, 27, 71
59, 318, 27, 7
59, 86, 27, 64
59, 343, 27, 39
59, 345, 27, 97
59, 225, 27, 12
59, 242, 27, 83
59, 121, 27, 45
59, 193, 28, 71
59, 226, 28, 17
59, 69, 28, 3
59, 395, 28, 47
59, 238, 28, 40
59, 342, 28, 31
59, 279, 28, 11
59, 88, 28, 48
59, 24, 28, 64
59, 26, 28, 59
59, 251, 28, 51
59, 93, 28, 61
59, 25, 28, 88
59, 287, 28, 7
59, 131, 29, 54
59, 262, 29, 37
59, 393, 29, 86
59, 138, 29, 24
59, 141, 29, 86
59, 270, 29, 3
59, 146, 29, 2
59, 156, 29, 73
59, 291, 29, 20
59, 51, 29, 73
59, 191, 29, 87
59, 199, 29, 63
59, 328, 29, 86
59, 76, 29, 53
59, 204, 29, 88
59, 209, 29, 14
59, 354, 29, 69
59, 112, 29, 39
59, 246, 29, 96
59, 129, 30, 10
59, 126, 30, 26
59, 262, 30, 37
59, 300, 30, 67
59, 301, 30, 64
59, 112, 30, 39
59, 177, 30, 27
59, 278, 30, 79
59, 378, 30, 22
59, 31, 30, 53
59, 317, 30, 100
59, 95, 30, 7
59, 127, 30, 18
59, 2, 31, 7
59, 227, 31, 45
59, 166, 31, 1
59, 202, 31, 99
59, 143, 31, 38
59, 338, 31, 78
59, 4, 32, 81
59, 296, 32, 50
59, 43, 32, 2
59, 235, 32, 81
59, 237, 32, 67
59, 79, 32, 7
59, 345, 32, 97
59, 161, 33, 7
59, 322, 33, 62
59, 166, 33, 1
59, 169, 33, 90
59, 106, 33, 13
59, 11, 33, 4
59, 364, 33, 73
59, 365, 33, 82
59, 206, 33, 20
59, 304, 33, 14
59, 273, 33, 32
59, 17, 33, 57
59, 180, 33, 12
59, 217, 33, 51
59, 91, 33, 63
59, 93, 33, 61
59, 160, 34, 14
59, 64, 34, 54
59, 97, 34, 70
59, 163, 34, 46
59, 68, 34, 42
59, 137, 34, 93
59, 218, 34, 91
59, 234, 34, 30
59, 187, 34, 57
59, 334, 34, 30
59, 399, 34, 66
59, 176, 34, 68
59, 50, 34, 36
59, 347, 34, 18
59, 277, 34, 42
59, 154, 34, 90
59, 283, 34, 34
59, 125, 34, 11
59, 384, 35, 37
59, 131, 35, 54
59, 7, 35, 96
59, 397, 35, 13
59, 147, 35, 49
59, 278, 35, 79
59, 40, 35, 58
59, 47, 35, 24
59, 305, 35, 17
59, 179, 35, 59
59, 61, 35, 34
59, 64, 35, 54
59, 73, 35, 94
59, 334, 35, 30
59, 338, 35, 78
59, 224, 35, 64
59, 354, 35, 69
59, 100, 35, 100
59, 369, 35, 82
59, 377, 35, 68
59, 32, 36, 47
59, 129, 36, 10
59, 14, 36, 65
59, 307, 36, 10
59, 245, 36, 6
59, 122, 36, 55
59, 128, 37, 23
59, 129, 37, 10
59, 67, 37, 91
59, 198, 37, 72
59, 169, 37, 90
59, 275, 37, 17
59, 150, 37, 17
59, 119, 37, 37
59, 25, 37, 88
59, 157, 37, 94
59, 256, 38, 34
59, 321, 38, 9
59, 217, 38, 51
59, 105, 38, 33
59, 74, 38, 14
59, 107, 38, 92
59, 141, 38, 86
59, 47, 38, 24
59, 147, 38, 49
59, 247, 38, 77
59, 185, 38, 18
59, 378, 38, 22
59, 379, 38, 57
59, 221, 38, 88
59, 159, 38, 23
59, 335, 39, 34
59, 16, 39, 1
59, 305, 39, 17
59, 185, 39, 18
59, 220, 39, 63
59, 0, 40, 31
59, 33, 40, 7
59, 257, 40, 6
59, 225, 40, 12
59, 98, 40, 90
59, 37, 40, 82
59, 69, 40, 3
59, 140, 40, 94
59, 217, 40, 51
59, 154, 40, 90
59, 160, 41, 14
59, 386, 41, 18
59, 324, 41, 55
59, 230, 41, 71
59, 71, 41, 24
59, 200, 41, 22
59, 169, 41, 90
59, 203, 41, 83
59, 332, 41, 83
59, 116, 41, 57
59, 278, 41, 79
59, 57, 41, 34
59, 124, 41, 99
59, 62, 41, 84
59, 387, 42, 32
59, 229, 42, 53
59, 134, 42, 57
59, 330, 42, 92
59, 238, 42, 40
59, 284, 42, 67
59, 54, 42, 92
59, 119, 42, 37
59, 184, 42, 23
59, 316, 42, 6
59, 122, 42, 55
59, 220, 42, 63
59, 285, 42, 94
59, 62, 42, 84
59, 384, 43, 37
59, 257, 43, 6
59, 322, 43, 62
59, 194, 43, 11
59, 38, 43, 67
59, 392, 43, 84
59, 232, 43, 48
59, 170, 43, 68
59, 297, 43, 41
59, 92, 43, 26
59, 305, 43, 17
59, 147, 43, 49
59, 55, 43, 71
59, 181, 43, 67
59, 343, 43, 39
59, 124, 43, 99
59, 257, 44, 6
59, 154, 44, 90
59, 107, 44, 92
59, 78, 44, 16
59, 184, 44, 23
59, 186, 44, 16
59, 384, 45, 37
59, 70, 45, 93
59, 175, 45, 22
59, 313, 45, 91
59, 283, 45, 34
59, 385, 46, 61
59, 398, 46, 65
59, 145, 46, 85
59, 280, 46, 39
59, 26, 46, 59
59, 157, 46, 94
59, 158, 46, 42
59, 288, 46, 96
59, 55, 46, 71
59, 183, 46, 76
59, 69, 46, 3
59, 335, 46, 34
59, 343, 46, 39
59, 226, 46, 17
59, 229, 46, 53
59, 241, 46, 83
59, 114, 46, 50
59, 242, 46, 83
59, 254, 46, 88
59, 127, 46, 18
59, 382, 47, 87
59, 227, 47, 45
59, 260, 47, 37
59, 36, 47, 73
59, 165, 47, 79
59, 200, 47, 22
59, 232, 47, 48
59, 394, 47, 22
59, 119, 47, 37
59, 154, 47, 90
59, 61, 47, 34
59, 94, 47, 93
59, 352, 48, 19
59, 65, 48, 70
59, 388, 48, 37
59, 360, 48, 77
59, 298, 48, 77
59, 299, 48, 33
59, 237, 48, 67
59, 246, 48, 96
59, 311, 48, 1
59, 121, 48, 45
59, 154, 48, 90
59, 62, 48, 84
59, 95, 48, 7
59, 34, 49, 37
59, 99, 49, 5
59, 101, 49, 62
59, 70, 49, 93
59, 391, 49, 43
59, 41, 49, 16
59, 49, 49, 32
59, 371, 49, 77
59, 52, 49, 33
59, 340, 49, 74
59, 374, 49, 28
59, 342, 49, 31
59, 249, 49, 32
59, 189, 49, 16
59, 32, 50, 47
59, 321, 50, 9
59, 290, 50, 20
59, 300, 50, 67
59, 269, 50, 12
59, 47, 50, 24
59, 178, 50, 42
59, 180, 50, 12
59, 220, 50, 63
59, 383, 50, 43
59, 129, 51, 10
59, 139, 51, 4
59, 269, 51, 12
59, 144, 51, 83
59, 275, 51, 17
59, 279, 51, 11
59, 31, 51, 53
59, 43, 51, 2
59, 300, 51, 67
59, 179, 51, 59
59, 309, 51, 79
59, 53, 51, 45
59, 60, 51, 97
59, 198, 51, 72
59, 92, 51, 26
59, 226, 51, 17
59, 243, 51, 40
59, 244, 51, 64
59, 251, 51, 51
59, 224, 52, 64
59, 3, 52, 60
59, 36, 52, 73
59, 376, 52, 66
59, 8, 52, 69
59, 205, 52, 80
59, 77, 52, 96
59, 80, 52, 12
59, 337, 52, 40
59, 240, 52, 10
59, 211, 52, 27
59, 148, 52, 67
59, 212, 52, 5
59, 213, 52, 4
59, 23, 52, 10
59, 18, 52, 36
59, 147, 52, 49
59, 350, 52, 48
59, 130, 53, 82
59, 267, 53, 89
59, 75, 53, 85
59, 368, 53, 1
59, 276, 53, 33
59, 218, 53, 91
59, 283, 53, 34
59, 252, 53, 38
59, 34, 54, 37
59, 386, 54, 18
59, 37, 54, 82
59, 135, 54, 26
59, 211, 54, 27
59, 55, 54, 71
59, 25, 54, 88
59, 95, 54, 7
59, 33, 55, 7
59, 229, 55, 53
59, 302, 55, 57
59, 177, 55, 27
59, 245, 55, 6
59, 118, 55, 14
59, 90, 55, 41
59, 318, 55, 7
59, 255, 55, 52
59, 224, 56, 64
59, 358, 56, 72
59, 263, 56, 44
59, 174, 56, 5
59, 399, 56, 66
59, 241, 56, 83
59, 243, 56, 40
59, 373, 56, 100
59, 21, 56, 39
59, 23, 56, 10
59, 375, 56, 35
59, 97, 57, 70
59, 69, 57, 3
59, 138, 57, 24
59, 269, 57, 12
59, 141, 57, 86
59, 111, 57, 94
59, 272, 57, 79
59, 370, 57, 53
59, 243, 57, 40
59, 376, 57, 66
59, 185, 57, 18
59, 187, 57, 57
59, 348, 57, 73
59, 319, 57, 54
59, 392, 58, 84
59, 235, 58, 81
59, 140, 58, 94
59, 110, 58, 10
59, 334, 58, 30
59, 374, 58, 28
59, 226, 59, 17
59, 229, 59, 53
59, 135, 59, 26
59, 40, 59, 58
59, 199, 59, 63
59, 298, 59, 77
59, 333, 59, 23
59, 365, 59, 82
59, 79, 59, 7
59, 49, 59, 32
59, 116, 59, 57
59, 21, 59, 39
59, 246, 59, 96
59, 181, 59, 67
59, 277, 59, 42
59, 25, 59, 88
59, 284, 59, 67
59, 188, 59, 81
59, 6, 60, 89
59, 88, 60, 48
59, 11, 60, 4
59, 208, 60, 59
59, 16, 60, 1
59, 149, 60, 77
59, 380, 60, 4
59, 379, 60, 57
59, 188, 60, 81
59, 30, 60, 41
59, 0, 61, 31
59, 289, 61, 25
59, 200, 61, 22
59, 113, 61, 61
59, 82, 61, 39
59, 311, 61, 1
59, 190, 61, 7
59, 193, 62, 71
59, 99, 62, 5
59, 185, 62, 18
59, 8, 62, 69
59, 265, 62, 57
59, 200, 62, 22
59, 267, 62, 89
59, 106, 62, 13
59, 333, 62, 23
59, 176, 62, 68
59, 368, 62, 1
59, 144, 62, 83
59, 212, 62, 5
59, 342, 62, 31
59, 56, 62, 43
59, 121, 62, 45
59, 380, 62, 4
59, 321, 63, 9
59, 162, 63, 52
59, 133, 63, 18
59, 204, 63, 88
59, 364, 63, 73
59, 333, 63, 23
59, 79, 63, 7
59, 369, 63, 82
59, 340, 63, 74
59, 253, 63, 16
59, 67, 64, 91
59, 325, 64, 44
59, 6, 64, 89
59, 71, 64, 24
59, 199, 64, 63
59, 234, 64, 30
59, 395, 64, 47
59, 337, 64, 40
59, 273, 64, 32
59, 242, 64, 83
59, 374, 64, 28
59, 182, 64, 93
59, 281, 64, 49
59, 347, 64, 18
59, 156, 64, 73
59, 258, 65, 76
59, 68, 65, 42
59, 37, 65, 82
59, 228, 65, 31
59, 327, 65, 78
59, 9, 65, 49
59, 394, 65, 22
59, 331, 65, 46
59, 333, 65, 23
59, 301, 65, 64
59, 366, 65, 40
59, 336, 65, 66
59, 370, 65, 53
59, 55, 65, 71
59, 380, 65, 4
59, 127, 65, 18
59, 32, 66, 47
59, 225, 66, 12
59, 1, 66, 44
59, 226, 66, 17
59, 164, 66, 48
59, 132, 66, 88
59, 331, 66, 46
59, 398, 66, 65
59, 111, 66, 94
59, 368, 66, 1
59, 340, 66, 74
59, 181, 66, 67
59, 27, 66, 90
59, 156, 66, 73
59, 286, 66, 4
59, 63, 66, 35
59, 161, 67, 7
59, 290, 67, 20
59, 258, 67, 76
59, 194, 67, 11
59, 261, 67, 85
59, 359, 67, 51
59, 41, 67, 16
59, 331, 67, 46
59, 269, 67, 12
59, 398, 67, 65
59, 120, 67, 99
59, 219, 67, 83
59, 31, 67, 53
59, 30, 67, 41
59, 287, 67, 7
59, 355, 68, 99
59, 69, 68, 3
59, 329, 68, 69
59, 266, 68, 68
59, 274, 68, 39
59, 83, 68, 98
59, 199, 69, 63
59, 360, 69, 77
59, 138, 69, 24
59, 362, 69, 65
59, 273, 69, 32
59, 243, 69, 40
59, 23, 69, 10
59, 252, 69, 38
59, 130, 70, 82
59, 290, 70, 20
59, 324, 70, 55
59, 261, 70, 85
59, 166, 70, 1
59, 168, 70, 44
59, 13, 70, 17
59, 148, 70, 67
59, 181, 70, 67
59, 182, 70, 93
59, 22, 70, 77
59, 216, 70, 28
59, 351, 70, 31
59, 228, 71, 31
59, 101, 71, 62
59, 294, 71, 55
59, 324, 71, 55
59, 262, 71, 37
59, 329, 71, 69
59, 388, 71, 37
59, 43, 71, 2
59, 268, 71, 14
59, 11, 71, 4
59, 234, 71, 30
59, 337, 71, 40
59, 85, 71, 25
59, 254, 71, 88
59, 281, 71, 49
59, 350, 71, 48
59, 353, 72, 10
59, 227, 72, 45
59, 358, 72, 72
59, 230, 72, 71
59, 264, 72, 76
59, 8, 72, 69
59, 301, 72, 64
59, 369, 72, 82
59, 309, 72, 79
59, 117, 72, 77
59, 214, 72, 13
59, 25, 72, 88
59, 314, 72, 54
59, 123, 72, 62
59, 254, 72, 88
59, 295, 73, 79
59, 304, 73, 14
59, 277, 73, 42
59, 93, 73, 61
59, 126, 73, 26
59, 192, 74, 54
59, 98, 74, 90
59, 227, 74, 45
59, 69, 74, 3
59, 297, 74, 41
59, 303, 74, 12
59, 242, 74, 83
59, 153, 74, 34
59, 295, 75, 79
59, 136, 75, 20
59, 21, 75, 39
59, 57, 75, 34
59, 95, 75, 7
59, 160, 76, 14
59, 2, 76, 7
59, 259, 76, 96
59, 5, 76, 100
59, 230, 76, 71
59, 199, 76, 63
59, 102, 76, 69
59, 139, 76, 4
59, 76, 76, 53
59, 363, 76, 54
59, 303, 76, 12
59, 143, 76, 38
59, 179, 76, 59
59, 307, 76, 10
59, 277, 76, 42
59, 148, 76, 67
59, 220, 76, 63
59, 317, 76, 100
59, 352, 77, 19
59, 323, 77, 80
59, 296, 77, 50
59, 300, 77, 67
59, 82, 77, 39
59, 53, 77, 45
59, 310, 77, 68
59, 122, 77, 55
59, 320, 78, 70
59, 288, 78, 96
59, 35, 78, 48
59, 377, 78, 68
59, 137, 78, 93
59, 205, 78, 80
59, 78, 78, 16
59, 81, 78, 74
59, 241, 78, 83
59, 179, 78, 59
59, 274, 78, 39
59, 146, 78, 2
59, 147, 78, 49
59, 83, 78, 98
59, 88, 78, 48
59, 185, 78, 18
59, 380, 78, 4
59, 322, 79, 62
59, 197, 79, 41
59, 168, 79, 44
59, 363, 79, 54
59, 44, 79, 26
59, 333, 79, 23
59, 272, 79, 79
59, 113, 79, 61
59, 188, 79, 81
59, 211, 79, 27
59, 120, 79, 99
59, 380, 79, 4
59, 378, 79, 22
59, 156, 79, 73
59, 61, 79, 34
59, 31, 79, 53
59, 260, 80, 37
59, 105, 80, 33
59, 106, 80, 13
59, 297, 80, 41
59, 15, 80, 70
59, 151, 80, 72
59, 31, 80, 53
59, 126, 80, 26
59, 255, 80, 52
59, 385, 81, 61
59, 353, 81, 10
59, 226, 81, 17
59, 130, 81, 82
59, 103, 81, 54
59, 105, 81, 33
59, 363, 81, 54
59, 268, 81, 14
59, 76, 81, 53
59, 174, 81, 5
59, 306, 81, 13
59, 244, 81, 64
59, 311, 81, 1
59, 28, 81, 53
59, 61, 81, 34
59, 30, 81, 41
59, 257, 82, 6
59, 2, 82, 7
59, 3, 82, 60
59, 68, 82, 42
59, 6, 82, 89
59, 169, 82, 90
59, 75, 82, 85
59, 77, 82, 96
59, 270, 82, 3
59, 79, 82, 7
59, 336, 82, 66
59, 277, 82, 42
59, 155, 82, 50
59, 126, 82, 26
59, 63, 82, 35
59, 318, 83, 7
59, 64, 83, 54
59, 386, 83, 18
59, 326, 83, 65
59, 383, 83, 43
59, 232, 83, 48
59, 204, 83, 88
59, 241, 83, 83
59, 210, 83, 90
59, 209, 83, 14
59, 348, 83, 73
59, 247, 83, 77
59, 186, 83, 16
59, 375, 83, 35
59, 221, 83, 88
59, 254, 83, 88
59, 255, 83, 52
59, 320, 84, 70
59, 67, 84, 91
59, 391, 84, 43
59, 103, 84, 54
59, 73, 84, 94
59, 395, 84, 47
59, 192, 85, 54
59, 387, 85, 32
59, 358, 85, 72
59, 103, 85, 54
59, 338, 85, 78
59, 374, 85, 28
59, 346, 85, 72
59, 380, 85, 4
59, 285, 85, 94
59, 196, 86, 21
59, 260, 86, 37
59, 70, 86, 93
59, 173, 86, 89
59, 14, 86, 65
59, 77, 86, 96
59, 244, 86, 64
59, 317, 86, 100
59, 158, 86, 42
59, 191, 86, 87
59, 192, 87, 54
59, 37, 87, 82
59, 326, 87, 65
59, 264, 87, 76
59, 169, 87, 90
59, 234, 87, 30
59, 269, 87, 12
59, 302, 87, 57
59, 304, 87, 14
59, 241, 87, 83
59, 187, 87, 57
59, 350, 87, 48
59, 320, 88, 70
59, 358, 88, 72
59, 47, 88, 24
59, 346, 88, 72
59, 315, 88, 14
59, 161, 89, 7
59, 291, 89, 20
59, 132, 89, 88
59, 5, 89, 100
59, 186, 89, 16
59, 105, 89, 33
59, 139, 89, 4
59, 399, 89, 66
59, 16, 89, 1
59, 23, 89, 10
59, 120, 89, 99
59, 122, 89, 55
59, 155, 89, 50
59, 158, 89, 42
59, 95, 89, 7
59, 193, 90, 71
59, 354, 90, 69
59, 5, 90, 100
59, 198, 90, 72
59, 104, 90, 48
59, 268, 90, 14
59, 237, 90, 67
59, 366, 90, 40
59, 270, 90, 3
59, 334, 90, 30
59, 305, 90, 17
59, 50, 90, 36
59, 338, 90, 78
59, 309, 90, 79
59, 374, 90, 28
59, 119, 90, 37
59, 311, 90, 1
59, 96, 91, 30
59, 162, 91, 52
59, 394, 91, 22
59, 332, 91, 83
59, 174, 91, 5
59, 242, 91, 83
59, 19, 91, 43
59, 252, 91, 38
59, 116, 91, 57
59, 182, 91, 93
59, 146, 91, 2
59, 18, 91, 36
59, 121, 91, 45
59, 28, 91, 53
59, 63, 91, 35
59, 288, 92, 96
59, 320, 92, 70
59, 258, 92, 76
59, 32, 92, 47
59, 165, 92, 79
59, 298, 92, 77
59, 205, 92, 80
59, 175, 92, 22
59, 368, 92, 1
59, 274, 92, 39
59, 119, 92, 37
59, 344, 92, 49
59, 28, 92, 53
59, 65, 93, 70
59, 258, 93, 76
59, 126, 93, 26
59, 196, 93, 21
59, 38, 93, 67
59, 154, 93, 90
59, 41, 93, 16
59, 207, 93, 53
59, 80, 93, 12
59, 310, 93, 68
59, 215, 93, 98
59, 312, 93, 5
59, 56, 93, 43
59, 247, 93, 77
59, 63, 93, 35
59, 190, 93, 7
59, 351, 93, 31
59, 130, 94, 82
59, 266, 94, 68
59, 13, 94, 17
59, 19, 94, 43
59, 277, 94, 42
59, 153, 94, 34
59, 29, 94, 85
59, 289, 94, 25
59, 291, 94, 20
59, 38, 94, 67
59, 49, 94, 32
59, 52, 94, 33
59, 316, 94, 6
59, 340, 94, 74
59, 221, 94, 88
59, 223, 94, 72
59, 229, 94, 53
59, 104, 94, 48
59, 124, 94, 99
59, 386, 95, 18
59, 262, 95, 37
59, 200, 95, 22
59, 137, 95, 93
59, 8, 95, 69
59, 201, 95, 81
59, 239, 95, 6
59, 304, 95, 14
59, 17, 95, 57
59, 81, 95, 74
59, 337, 95, 40
59, 244, 95, 64
59, 308, 95, 52
59, 182, 95, 93
59, 177, 95, 27
59, 120, 95, 99
59, 281, 95, 49
59, 93, 95, 61
59, 130, 96, 82
59, 69, 96, 3
59, 201, 96, 81
59, 170, 96, 68
59, 208, 96, 59
59, 176, 96, 68
59, 371, 96, 77
59, 215, 96, 98
59, 152, 96, 100
59, 346, 96, 72
59, 287, 96, 7
59, 224, 97, 64
59, 386, 97, 18
59, 322, 97, 62
59, 70, 97, 93
59, 361, 97, 59
59, 201, 97, 81
59, 203, 97, 83
59, 76, 97, 53
59, 115, 97, 87
59, 51, 97, 73
59, 149, 97, 77
59, 379, 97, 57
59, 121, 97, 45
59, 315, 97, 14
59, 156, 97, 73
59, 254, 97, 88
59, 71, 98, 24
59, 236, 98, 75
59, 111, 98, 94
59, 341, 98, 55
59, 57, 98, 34
59, 93, 98, 61
59, 89, 99, 34
59, 5, 99, 100
59, 134, 99, 57
59, 392, 99, 84
59, 233, 99, 56
59, 10, 99, 97
59, 169, 99, 90
59, 204, 99, 88
59, 333, 99, 23
59, 79, 99, 7
59, 305, 99, 17
59, 146, 99, 2
59, 372, 99, 67
59, 215, 99, 98
59, 185, 99, 18
59, 317, 99, 100
59, 188, 99, 81
59, 93, 99, 61
59, 358, 100, 72
59, 392, 100, 84
59, 333, 100, 23
59, 83, 100, 98
59, 372, 100, 67
59, 245, 100, 6
59, 308, 100, 52
59, 183, 100, 76
59, 120, 100, 99
59, 379, 100, 57
59, 285, 100, 94
59, 0, 101, 31
59, 99, 101, 5
59, 260, 101, 37
59, 356, 101, 77
59, 167, 101, 93
59, 9, 101, 49
59, 202, 101, 99
59, 330, 101, 92
59, 269, 101, 12
59, 336, 101, 66
59, 212, 101, 5
59, 22, 101, 77
59, 216, 101, 28
59, 217, 101, 51
59, 92, 101, 26
59, 94, 101, 93
59, 127, 101, 18
59, 66, 102, 50
59, 291, 102, 20
59, 8, 102, 69
59, 208, 102, 59
59, 241, 102, 83
59, 113, 102, 61
59, 347, 102, 18
59, 339, 102, 15
59, 117, 102, 77
59, 118, 102, 14
59, 22, 102, 77
59, 186, 102, 16
59, 91, 102, 63
59, 89, 103, 34
59, 354, 103, 69
59, 259, 103, 96
59, 102, 103, 69
59, 41, 103, 16
59, 138, 103, 24
59, 139, 103, 4
59, 362, 103, 65
59, 111, 103, 94
59, 399, 103, 66
59, 375, 103, 35
59, 345, 103, 97
59, 250, 103, 32
59, 348, 103, 73
59, 130, 104, 82
59, 102, 104, 69
59, 263, 104, 44
59, 360, 104, 77
59, 230, 104, 71
59, 266, 104, 68
59, 146, 104, 2
59, 371, 104, 77
59, 24, 104, 64
59, 121, 104, 45
59, 28, 104, 53
59, 94, 104, 93
59, 2, 105, 7
59, 36, 105, 73
59, 390, 105, 4
59, 140, 105, 94
59, 238, 105, 40
59, 60, 105, 97
59, 274, 105, 39
59, 210, 105, 90
59, 212, 105, 5
59, 19, 105, 43
59, 54, 105, 92
59, 375, 105, 35
59, 279, 105, 11
59, 286, 105, 4
59, 319, 105, 54
59, 33, 106, 7
59, 291, 106, 20
59, 35, 106, 48
59, 165, 106, 79
59, 46, 106, 32
59, 16, 106, 1
59, 274, 106, 39
59, 147, 106, 49
59, 18, 106, 36
59, 213, 106, 4
59, 371, 106, 77
59, 215, 106, 98
59, 312, 106, 5
59, 185, 106, 18
59, 90, 106, 41
59, 286, 106, 4
59, 227, 107, 45
59, 133, 107, 18
59, 199, 107, 63
59, 360, 107, 77
59, 105, 107, 33
59, 138, 107, 24
59, 233, 107, 56
59, 8, 107, 69
59, 71, 107, 24
59, 300, 107, 67
59, 175, 107, 22
59, 49, 107, 32
59, 209, 107, 14
59, 275, 107, 17
59, 245, 107, 6
59, 91, 107, 63
59, 61, 107, 34
59, 286, 107, 4
59, 1, 108, 44
59, 290, 108, 20
59, 328, 108, 86
59, 105, 108, 33
59, 362, 108, 65
59, 300, 108, 67
59, 238, 108, 40
59, 144, 108, 83
59, 17, 108, 57
59, 336, 108, 66
59, 371, 108, 77
59, 212, 108, 5
59, 119, 108, 37
59, 24, 108, 64
59, 375, 108, 35
59, 159, 108, 23
59, 389, 109, 12
59, 8, 109, 69
59, 11, 109, 4
59, 14, 109, 65
59, 399, 109, 66
59, 274, 109, 39
59, 276, 109, 33
59, 23, 109, 10
59, 287, 109, 7
59, 43, 109, 2
59, 303, 109, 12
59, 316, 109, 6
59, 193, 109, 71
59, 324, 109, 55
59, 82, 109, 39
59, 220, 109, 63
59, 97, 109, 70
59, 113, 109, 61
59, 371, 109, 77
59, 372, 109, 67
59, 227, 110, 45
59, 165, 110, 79
59, 169, 110, 90
59, 299, 110, 33
59, 364, 110, 73
59, 366, 110, 40
59, 178, 110, 42
59, 115, 110, 87
59, 57, 110, 34
59, 154, 110, 90
59, 384, 111, 37
59, 101, 111, 62
59, 135, 111, 26
59, 334, 111, 30
59, 16, 111, 1
59, 176, 111, 68
59, 148, 111, 67
59, 120, 111, 99
59, 98, 112, 90
59, 364, 112, 73
59, 141, 112, 86
59, 51, 112, 73
59, 148, 112, 67
59, 58, 112, 45
59, 384, 113, 37
59, 96, 113, 30
59, 321, 113, 9
59, 131, 113, 54
59, 352, 113, 19
59, 65, 113, 70
59, 11, 113, 4
59, 76, 113, 53
59, 365, 113, 82
59, 238, 113, 40
59, 118, 113, 14
59, 120, 113, 99
59, 154, 113, 90
59, 256, 114, 34
59, 99, 114, 5
59, 69, 114, 3
59, 294, 114, 55
59, 267, 114, 89
59, 269, 114, 12
59, 281, 114, 49
59, 65, 115, 70
59, 130, 115, 82
59, 291, 115, 20
59, 353, 115, 10
59, 293, 115, 33
59, 198, 115, 72
59, 289, 115, 25
59, 259, 115, 96
59, 201, 115, 81
59, 8, 115, 69
59, 165, 115, 79
59, 141, 115, 86
59, 209, 115, 14
59, 53, 115, 45
59, 309, 115, 79
59, 153, 115, 34
59, 189, 115, 16
59, 163, 116, 46
59, 143, 116, 38
59, 176, 116, 68
59, 82, 116, 39
59, 19, 116, 43
59, 21, 116, 39
59, 247, 116, 77
59, 346, 116, 72
59, 123, 116, 62
59, 356, 117, 77
59, 133, 117, 18
59, 230, 117, 71
59, 5, 117, 100
59, 392, 117, 84
59, 140, 117, 94
59, 238, 117, 40
59, 83, 117, 98
59, 20, 117, 66
59, 86, 117, 64
59, 62, 117, 84
59, 283, 117, 34
59, 190, 117, 7
59, 318, 117, 7
59, 268, 118, 14
59, 111, 118, 94
59, 338, 118, 78
59, 22, 118, 77
59, 93, 118, 61
59, 129, 119, 10
59, 226, 119, 17
59, 67, 119, 91
59, 161, 119, 7
59, 69, 119, 3
59, 104, 119, 48
59, 41, 119, 16
59, 301, 119, 64
59, 218, 119, 91
59, 155, 119, 50
59, 196, 120, 21
59, 397, 120, 13
59, 78, 120, 16
59, 282, 120, 88
59, 95, 120, 7
59, 390, 121, 4
59, 264, 121, 76
59, 266, 121, 68
59, 13, 121, 17
59, 399, 121, 66
59, 20, 121, 66
59, 157, 121, 94
59, 288, 121, 96
59, 36, 121, 73
59, 310, 121, 68
59, 63, 121, 35
59, 326, 121, 65
59, 328, 121, 86
59, 213, 121, 4
59, 343, 121, 39
59, 88, 121, 48
59, 97, 121, 70
59, 360, 121, 77
59, 240, 121, 10
59, 0, 122, 31
59, 99, 122, 5
59, 100, 122, 100
59, 6, 122, 89
59, 391, 122, 43
59, 40, 122, 58
59, 301, 122, 64
59, 270, 122, 3
59, 305, 122, 17
59, 151, 122, 72
59, 185, 122, 18
59, 28, 122, 53
59, 383, 122, 43
59, 224, 123, 64
59, 66, 123, 50
59, 133, 123, 18
59, 294, 123, 55
59, 391, 123, 43
59, 264, 123, 76
59, 201, 123, 81
59, 328, 123, 86
59, 7, 123, 96
59, 338, 123, 78
59, 116, 123, 57
59, 374, 123, 28
59, 121, 123, 45
59, 346, 123, 72
59, 127, 123, 18
59, 159, 123, 23
59, 128, 124, 23
59, 273, 124, 32
59, 50, 124, 36
59, 51, 124, 73
59, 24, 124, 64
59, 271, 125, 26
59, 16, 125, 1
59, 33, 125, 7
59, 291, 125, 20
59, 171, 125, 44
59, 45, 125, 84
59, 46, 125, 32
59, 183, 125, 76
59, 316, 125, 6
59, 320, 125, 70
59, 215, 125, 98
59, 343, 125, 39
59, 92, 125, 26
59, 349, 125, 44
59, 96, 125, 30
59, 100, 125, 100
59, 357, 125, 18
59, 230, 125, 71
59, 114, 125, 50
59, 383, 125, 43
59, 382, 126, 87
59, 195, 126, 46
59, 359, 126, 51
59, 264, 126, 76
59, 169, 126, 90
59, 27, 126, 90
59, 233, 126, 56
59, 268, 126, 14
59, 215, 126, 98
59, 282, 126, 88
59, 315, 126, 14
59, 124, 126, 99
59, 318, 126, 7
59, 96, 127, 30
59, 163, 127, 46
59, 165, 127, 79
59, 69, 127, 3
59, 199, 127, 63
59, 363, 127, 54
59, 155, 127, 50
59, 172, 127, 21
59, 79, 127, 7
59, 156, 127, 73
59, 306, 127, 13
59, 307, 127, 10
59, 50, 127, 36
59, 379, 127, 57
59, 188, 127, 81
59, 32, 128, 47
59, 385, 128, 61
59, 226, 128, 17
59, 291, 128, 20
59, 132, 128, 88
59, 387, 128, 32
59, 203, 128, 83
59, 172, 128, 21
59, 44, 128, 26
59, 140, 128, 94
59, 79, 128, 7
59, 212, 128, 5
59, 280, 128, 39
59, 282, 128, 88
59, 220, 128, 63
59, 295, 129, 79
59, 299, 129, 33
59, 122, 129, 55
59, 29, 129, 85
59, 223, 129, 72
59, 258, 130, 76
59, 143, 130, 38
59, 16, 130, 1
59, 284, 130, 67
59, 46, 130, 32
59, 177, 130, 27
59, 309, 130, 79
59, 56, 130, 43
59, 63, 130, 35
59, 74, 130, 14
59, 330, 130, 92
59, 203, 130, 83
59, 204, 130, 88
59, 351, 130, 31
59, 100, 130, 100
59, 101, 130, 62
59, 228, 130, 31
59, 241, 130, 83
59, 375, 130, 35
59, 288, 131, 96
59, 387, 131, 32
59, 359, 131, 51
59, 301, 131, 64
59, 271, 131, 26
59, 51, 131, 73
59, 55, 131, 71
59, 118, 131, 14
59, 343, 131, 39
59, 158, 131, 42
59, 285, 131, 94
59, 62, 131, 84
59, 255, 131, 52
59, 321, 132, 9
59, 1, 132, 44
59, 382, 132, 87
59, 392, 132, 84
59, 296, 132, 50
59, 138, 132, 24
59, 393, 132, 86
59, 298, 132, 77
59, 334, 132, 30
59, 337, 132, 40
59, 147, 132, 49
59, 212, 132, 5
59, 341, 132, 55
59, 309, 132, 79
59, 311, 132, 1
59, 153, 132, 34
59, 190, 132, 7
59, 163, 133, 46
59, 390, 133, 4
59, 231, 133, 99
59, 9, 133, 49
59, 365, 133, 82
59, 366, 133, 40
59, 367, 133, 20
59, 113, 133, 61
59, 50, 133, 36
59, 53, 133, 45
59, 376, 133, 66
59, 121, 133, 45
59, 348, 133, 73
59, 61, 133, 34
59, 36, 134, 73
59, 8, 134, 69
59, 265, 134, 57
59, 364, 134, 73
59, 270, 134, 3
59, 110, 134, 10
59, 156, 134, 73
59, 179, 134, 59
59, 212, 134, 5
59, 244, 134, 64
59, 252, 134, 38
59, 345, 134, 97
59, 122, 134, 55
59, 155, 134, 50
59, 28, 134, 53
59, 221, 134, 88
59, 286, 134, 4
59, 287, 134, 7
59, 230, 135, 71
59, 137, 135, 93
59, 201, 135, 81
59, 75, 135, 85
59, 204, 135, 88
59, 45, 135, 84
59, 49, 135, 32
59, 210, 135, 90
59, 156, 135, 73
59, 261, 136, 85
59, 199, 136, 63
59, 297, 136, 41
59, 394, 136, 22
59, 171, 136, 44
59, 43, 136, 2
59, 214, 136, 13
59, 183, 136, 76
59, 152, 136, 100
59, 62, 136, 84
59, 191, 136, 87
59, 97, 137, 70
59, 132, 137, 88
59, 101, 137, 62
59, 135, 137, 26
59, 396, 137, 73
59, 47, 137, 24
59, 80, 137, 12
59, 209, 137, 14
59, 83, 137, 98
59, 180, 137, 12
59, 277, 137, 42
59, 211, 137, 27
59, 116, 137, 57
59, 24, 137, 64
59, 57, 137, 34
59, 5, 138, 100
59, 390, 138, 4
59, 396, 138, 73
59, 14, 138, 65
59, 145, 138, 85
59, 28, 138, 53
59, 297, 138, 41
59, 299, 138, 33
59, 176, 138, 68
59, 200, 138, 22
59, 74, 138, 14
59, 335, 138, 34
59, 80, 138, 12
59, 84, 138, 9
59, 231, 138, 99
59, 242, 138, 83
59, 372, 138, 67
59, 125, 138, 11
59, 121, 138, 45
59, 381, 138, 57
59, 384, 139, 37
59, 225, 139, 12
59, 355, 139, 99
59, 40, 139, 58
59, 172, 139, 21
59, 14, 139, 65
59, 212, 139, 5
59, 220, 139, 63
59, 352, 140, 19
59, 384, 140, 37
59, 354, 140, 69
59, 102, 140, 69
59, 359, 140, 51
59, 40, 140, 58
59, 172, 140, 21
59, 397, 140, 13
59, 240, 140, 10
59, 370, 140, 53
59, 115, 140, 87
59, 119, 140, 37
59, 372, 140, 67
59, 151, 140, 72
59, 345, 140, 97
59, 215, 140, 98
59, 156, 140, 73
59, 125, 140, 11
59, 4, 141, 81
59, 165, 141, 79
59, 133, 141, 18
59, 100, 141, 100
59, 68, 141, 42
59, 389, 141, 12
59, 107, 141, 92
59, 239, 141, 6
59, 80, 141, 12
59, 337, 141, 40
59, 114, 141, 50
59, 50, 141, 36
59, 309, 141, 79
59, 374, 141, 28
59, 1, 142, 44
59, 228, 142, 31
59, 328, 142, 86
59, 40, 142, 58
59, 202, 142, 99
59, 373, 142, 100
59, 154, 142, 90
59, 130, 143, 82
59, 259, 143, 96
59, 132, 143, 88
59, 136, 143, 20
59, 160, 143, 14
59, 167, 143, 93
59, 45, 143, 84
59, 50, 143, 36
59, 180, 143, 12
59, 189, 143, 16
59, 66, 143, 50
59, 194, 143, 11
59, 200, 143, 22
59, 332, 143, 83
59, 205, 143, 80
59, 333, 143, 23
59, 81, 143, 74
59, 121, 143, 45
59, 249, 143, 32
59, 250, 143, 32
59, 385, 144, 61
59, 195, 144, 46
59, 126, 144, 26
59, 358, 144, 72
59, 103, 144, 54
59, 102, 144, 69
59, 234, 144, 30
59, 75, 144, 85
59, 177, 144, 27
59, 370, 144, 53
59, 378, 144, 22
59, 94, 144, 93
59, 223, 144, 72
59, 159, 145, 23
59, 382, 145, 87
59, 323, 145, 80
59, 67, 145, 91
59, 171, 145, 44
59, 79, 145, 7
59, 399, 145, 66
59, 146, 145, 2
59, 275, 145, 17
59, 343, 145, 39
59, 25, 145, 88
59, 251, 145, 51
59, 60, 145, 97
59, 286, 145, 4
59, 127, 145, 18
59, 193, 146, 71
59, 66, 146, 50
59, 99, 146, 5
59, 262, 146, 37
59, 199, 146, 63
59, 390, 146, 4
59, 43, 146, 2
59, 141, 146, 86
59, 48, 146, 14
59, 273, 146, 32
59, 338, 146, 78
59, 214, 146, 13
59, 22, 146, 77
59, 344, 146, 49
59, 221, 146, 88
59, 382, 146, 87
59, 127, 146, 18
59, 134, 147, 57
59, 298, 147, 77
59, 396, 147, 73
59, 142, 147, 40
59, 399, 147, 66
59, 241, 147, 83
59, 249, 147, 32
59, 5, 148, 100
59, 262, 148, 37
59, 15, 148, 70
59, 23, 148, 10
59, 281, 148, 49
59, 158, 148, 42
59, 162, 148, 52
59, 293, 148, 33
59, 186, 148, 16
59, 318, 148, 7
59, 194, 148, 11
59, 71, 148, 24
59, 208, 148, 59
59, 84, 148, 9
59, 341, 148, 55
59, 365, 148, 82
59, 366, 148, 40
59, 249, 148, 32
59, 383, 148, 43
59, 192, 149, 54
59, 161, 149, 7
59, 297, 149, 41
59, 138, 149, 24
59, 363, 149, 54
59, 140, 149, 94
59, 52, 149, 33
59, 309, 149, 79
59, 21, 149, 39
59, 344, 149, 49
59, 123, 149, 62
59, 156, 149, 73
59, 157, 149, 94
59, 127, 149, 18
59, 89, 150, 34
59, 225, 150, 12
59, 226, 150, 17
59, 65, 150, 70
59, 166, 150, 1
59, 358, 150, 72
59, 201, 150, 81
59, 74, 150, 14
59, 19, 150, 43
59, 57, 150, 34
59, 155, 150, 50
59, 380, 150, 4
59, 93, 150, 61
59, 287, 150, 7
59, 352, 151, 19
59, 129, 151, 10
59, 293, 151, 33
59, 38, 151, 67
59, 294, 151, 55
59, 296, 151, 50
59, 135, 151, 26
59, 200, 151, 22
59, 133, 151, 18
59, 358, 151, 72
59, 108, 151, 85
59, 146, 151, 2
59, 371, 151, 77
59, 374, 151, 28
59, 310, 151, 68
59, 36, 152, 73
59, 229, 152, 53
59, 358, 152, 72
59, 231, 152, 99
59, 329, 152, 69
59, 9, 152, 49
59, 300, 152, 67
59, 336, 152, 66
59, 337, 152, 40
59, 178, 152, 42
59, 135, 153, 26
59, 137, 153, 93
59, 268, 153, 14
59, 140, 153, 94
59, 15, 153, 70
59, 279, 153, 11
59, 62, 153, 84
59, 319, 153, 54
59, 320, 153, 70
59, 325, 153, 44
59, 208, 153, 59
59, 339, 153, 15
59, 214, 153, 13
59, 346, 153, 72
59, 95, 153, 7
59, 226, 153, 17
59, 109, 153, 90
59, 371, 153, 77
59, 251, 153, 51
59, 248, 154, 51
59, 385, 154, 61
59, 161, 154, 7
59, 384, 154, 37
59, 390, 154, 4
59, 200, 154, 22
59, 11, 154, 4
59, 108, 154, 85
59, 14, 154, 65
59, 178, 154, 42
59, 310, 154, 68
59, 279, 154, 11
59, 376, 154, 66
59, 27, 154, 90
59, 384, 155, 37
59, 66, 155, 50
59, 2, 155, 7
59, 68, 155, 42
59, 122, 155, 55
59, 263, 155, 44
59, 359, 155, 51
59, 72, 155, 79
59, 171, 155, 44
59, 108, 155, 85
59, 12, 155, 35
59, 210, 155, 90
59, 50, 155, 36
59, 278, 155, 79
59, 23, 155, 10
59, 346, 155, 72
59, 251, 155, 51
59, 383, 155, 43
59, 75, 156, 85
59, 364, 156, 73
59, 173, 156, 89
59, 372, 156, 67
59, 373, 156, 100
59, 282, 156, 88
59, 61, 156, 34
59, 126, 157, 26
59, 90, 157, 41
59, 332, 157, 83
59, 13, 157, 17
59, 143, 157, 38
59, 209, 157, 14
59, 211, 157, 27
59, 246, 157, 96
59, 314, 157, 54
59, 285, 157, 94
59, 286, 157, 4
59, 2, 158, 7
59, 4, 158, 81
59, 70, 158, 93
59, 396, 158, 73
59, 336, 158, 66
59, 278, 158, 79
59, 346, 158, 72
59, 286, 158, 4
59, 226, 159, 17
59, 35, 159, 48
59, 138, 159, 24
59, 113, 159, 61
59, 29, 159, 85
59, 53, 159, 45
59, 378, 159, 22
59, 155, 159, 50
59, 317, 159, 100
59, 288, 160, 96
59, 103, 160, 54
59, 136, 160, 20
59, 169, 160, 90
59, 203, 160, 83
59, 44, 160, 26
59, 97, 161, 70
59, 385, 161, 61
59, 8, 161, 69
59, 41, 161, 16
59, 232, 161, 48
59, 205, 161, 80
59, 303, 161, 12
59, 115, 161, 87
59, 220, 161, 63
59, 248, 161, 51
59, 315, 161, 14
59, 28, 161, 53
59, 317, 161, 100
59, 288, 162, 96
59, 131, 162, 54
59, 228, 162, 31
59, 69, 162, 3
59, 38, 162, 67
59, 121, 162, 45
59, 284, 162, 67
59, 222, 162, 28
59, 97, 163, 70
59, 98, 163, 90
59, 165, 163, 79
59, 261, 163, 85
59, 12, 163, 35
59, 206, 163, 20
59, 143, 163, 38
59, 368, 163, 1
59, 27, 163, 90
59, 380, 163, 4
59, 157, 163, 94
59, 130, 164, 82
59, 4, 164, 81
59, 267, 164, 89
59, 18, 164, 36
59, 275, 164, 17
59, 153, 164, 34
59, 25, 164, 88
59, 29, 164, 85
59, 174, 164, 5
59, 178, 164, 42
59, 182, 164, 93
59, 191, 164, 87
59, 64, 164, 54
59, 325, 164, 44
59, 213, 164, 4
59, 346, 164, 72
59, 109, 164, 90
59, 381, 164, 57
59, 127, 164, 18
59, 194, 165, 11
59, 258, 165, 76
59, 108, 165, 85
59, 268, 165, 14
59, 242, 165, 83
59, 178, 165, 42
59, 344, 165, 49
59, 379, 165, 57
59, 224, 166, 64
59, 225, 166, 12
59, 194, 166, 11
59, 357, 166, 18
59, 102, 166, 69
59, 199, 166, 63
59, 27, 166, 90
59, 59, 166, 77
59, 299, 166, 33
59, 238, 166, 40
59, 336, 166, 66
59, 22, 166, 77
59, 283, 166, 34
59, 195, 167, 46
59, 101, 167, 62
59, 325, 167, 44
59, 391, 167, 43
59, 169, 167, 90
59, 395, 167, 47
59, 45, 167, 84
59, 146, 167, 2
59, 275, 167, 17
59, 343, 167, 39
59, 97, 168, 70
59, 33, 168, 7
59, 198, 168, 72
59, 10, 168, 97
59, 171, 168, 44
59, 394, 168, 22
59, 331, 168, 46
59, 15, 168, 70
59, 86, 168, 64
59, 215, 168, 98
59, 255, 168, 52
59, 321, 169, 9
59, 130, 169, 82
59, 376, 169, 66
59, 37, 169, 82
59, 326, 169, 65
59, 263, 169, 44
59, 137, 169, 93
59, 268, 169, 14
59, 140, 169, 94
59, 303, 169, 12
59, 239, 169, 6
59, 49, 169, 32
59, 312, 169, 5
59, 188, 169, 81
59, 319, 169, 54
59, 321, 170, 9
59, 261, 170, 85
59, 137, 170, 93
59, 234, 170, 30
59, 270, 170, 3
59, 304, 170, 14
59, 19, 170, 43
59, 116, 170, 57
59, 394, 171, 22
59, 331, 171, 46
59, 302, 171, 57
59, 47, 171, 24
59, 177, 171, 27
59, 305, 171, 17
59, 183, 171, 76
59, 63, 171, 35
59, 273, 172, 32
59, 279, 172, 11
59, 157, 172, 94
59, 42, 172, 94
59, 50, 172, 36
59, 307, 172, 10
59, 189, 172, 16
59, 322, 172, 62
59, 196, 172, 21
59, 214, 172, 13
59, 217, 172, 51
59, 219, 172, 83
59, 93, 172, 61
59, 232, 172, 48
59, 361, 172, 59
59, 104, 172, 48
59, 251, 172, 51
59, 377, 172, 68
59, 123, 172, 62
59, 3, 173, 60
59, 101, 173, 62
59, 136, 173, 20
59, 297, 173, 41
59, 8, 173, 69
59, 60, 173, 97
59, 367, 173, 20
59, 78, 173, 16
59, 177, 173, 27
59, 83, 173, 98
59, 372, 173, 67
59, 85, 173, 25
59, 343, 173, 39
59, 186, 173, 16
59, 59, 173, 77
59, 156, 173, 73
59, 157, 173, 94
59, 127, 173, 18
59, 89, 174, 34
59, 298, 174, 77
59, 109, 174, 90
59, 366, 174, 40
59, 147, 174, 49
59, 212, 174, 5
59, 85, 174, 25
59, 311, 174, 1
59, 281, 174, 49
59, 156, 174, 73
59, 29, 174, 85
59, 255, 174, 52
59, 225, 175, 12
59, 312, 175, 5
59, 197, 175, 41
59, 7, 175, 96
59, 360, 175, 77
59, 79, 175, 7
59, 145, 175, 85
59, 275, 175, 17
59, 372, 175, 67
59, 341, 175, 55
59, 245, 175, 6
59, 118, 175, 14
59, 280, 175, 39
59, 86, 175, 64
59, 123, 175, 62
59, 32, 176, 47
59, 197, 176, 41
59, 230, 176, 71
59, 167, 176, 93
59, 107, 176, 92
59, 268, 176, 14
59, 171, 176, 44
59, 364, 176, 73
59, 174, 176, 5
59, 240, 176, 10
59, 210, 176, 90
59, 338, 176, 78
59, 277, 176, 42
59, 117, 176, 77
59, 156, 176, 73
59, 31, 176, 53
59, 98, 177, 90
59, 163, 177, 46
59, 38, 177, 67
59, 167, 177, 93
59, 392, 177, 84
59, 8, 177, 69
59, 330, 177, 92
59, 172, 177, 21
59, 303, 177, 12
59, 51, 177, 73
59, 372, 177, 67
59, 345, 177, 97
59, 283, 177, 34
59, 258, 178, 76
59, 323, 178, 80
59, 281, 178, 49
59, 359, 178, 51
59, 264, 178, 76
59, 107, 178, 92
59, 364, 178, 73
59, 302, 178, 57
59, 93, 178, 61
59, 21, 178, 39
59, 55, 178, 71
59, 56, 178, 43
59, 249, 178, 32
59, 349, 178, 44
59, 1, 179, 44
59, 392, 179, 84
59, 361, 179, 59
59, 172, 179, 21
59, 52, 179, 33
59, 149, 179, 77
59, 23, 179, 10
59, 56, 179, 43
59, 186, 179, 16
59, 380, 179, 4
59, 253, 179, 16
59, 222, 179, 28
59, 288, 180, 96
59, 66, 180, 50
59, 69, 180, 3
59, 326, 180, 65
59, 136, 180, 20
59, 301, 180, 64
59, 208, 180, 59
59, 241, 180, 83
59, 113, 180, 61
59, 370, 180, 53
59, 242, 180, 83
59, 213, 180, 4
59, 220, 180, 63
59, 218, 180, 91
59, 251, 180, 51
59, 284, 180, 67
59, 285, 180, 94
59, 192, 181, 54
59, 99, 181, 5
59, 68, 181, 42
59, 5, 181, 100
59, 137, 181, 93
59, 362, 181, 65
59, 74, 181, 14
59, 299, 181, 33
59, 305, 181, 17
59, 115, 181, 87
59, 247, 181, 77
59, 127, 181, 18
59, 292, 182, 83
59, 357, 182, 18
59, 388, 182, 37
59, 262, 182, 37
59, 200, 182, 22
59, 75, 182, 85
59, 300, 182, 67
59, 109, 182, 90
59, 302, 182, 57
59, 142, 182, 40
59, 303, 182, 12
59, 16, 182, 1
59, 306, 182, 13
59, 20, 182, 66
59, 311, 182, 1
59, 158, 182, 42
59, 286, 182, 4
59, 375, 182, 35
59, 384, 183, 37
59, 353, 183, 10
59, 123, 183, 62
59, 12, 183, 35
59, 110, 183, 10
59, 270, 183, 3
59, 181, 183, 67
59, 311, 183, 1
59, 155, 183, 50
59, 220, 183, 63
59, 227, 184, 45
59, 38, 184, 67
59, 74, 184, 14
59, 303, 184, 12
59, 215, 184, 98
59, 216, 184, 28
59, 219, 184, 83
59, 320, 185, 70
59, 10, 185, 97
59, 266, 185, 68
59, 269, 185, 12
59, 14, 185, 65
59, 239, 185, 6
59, 178, 185, 42
59, 339, 185, 15
59, 243, 185, 40
59, 214, 185, 13
59, 349, 185, 44
59, 318, 185, 7
59, 260, 186, 37
59, 265, 186, 57
59, 11, 186, 4
59, 285, 186, 94
59, 43, 186, 2
59, 44, 186, 26
59, 45, 186, 84
59, 52, 186, 33
59, 317, 186, 100
59, 324, 186, 55
59, 204, 186, 88
59, 334, 186, 30
59, 347, 186, 18
59, 94, 186, 93
59, 356, 186, 77
59, 105, 186, 33
59, 113, 186, 61
59, 241, 186, 83
59, 243, 186, 40
59, 99, 187, 5
59, 132, 187, 88
59, 135, 187, 26
59, 330, 187, 92
59, 267, 187, 89
59, 12, 187, 35
59, 337, 187, 40
59, 312, 187, 5
59, 128, 188, 23
59, 227, 188, 45
59, 135, 188, 26
59, 105, 188, 33
59, 269, 188, 12
59, 368, 188, 1
59, 51, 188, 73
59, 350, 188, 48
59, 133, 189, 18
59, 103, 189, 54
59, 168, 189, 44
59, 298, 189, 77
59, 237, 189, 67
59, 307, 189, 10
59, 20, 189, 66
59, 51, 189, 73
59, 54, 189, 92
59, 23, 189, 10
59, 87, 189, 52
59, 182, 189, 93
59, 278, 189, 79
59, 311, 189, 1
59, 254, 189, 88
59, 192, 190, 54
59, 256, 190, 34
59, 66, 190, 50
59, 355, 190, 99
59, 2, 190, 7
59, 376, 190, 66
59, 130, 190, 82
59, 71, 190, 24
59, 165, 190, 79
59, 268, 190, 14
59, 365, 190, 82
59, 277, 190, 42
59, 280, 190, 39
59, 346, 190, 72
59, 158, 190, 42
59, 348, 190, 73
59, 184, 190, 23
59, 257, 191, 6
59, 227, 191, 45
59, 196, 191, 21
59, 228, 191, 31
59, 295, 191, 79
59, 297, 191, 41
59, 236, 191, 75
59, 78, 191, 16
59, 238, 191, 40
59, 339, 191, 15
59, 119, 191, 37
59, 24, 191, 64
59, 219, 191, 83
59, 92, 191, 26
59, 189, 191, 16
59, 5, 192, 100
59, 394, 192, 22
59, 150, 192, 17
59, 28, 192, 53
59, 157, 192, 94
59, 31, 192, 53
59, 290, 192, 20
59, 165, 192, 79
59, 168, 192, 44
59, 61, 192, 34
59, 191, 192, 87
59, 68, 192, 42
59, 73, 192, 94
59, 345, 192, 97
59, 226, 192, 17
59, 98, 192, 90
59, 106, 192, 13
59, 235, 192, 81
59, 111, 192, 94
59, 251, 192, 51
59, 132, 193, 88
59, 41, 193, 16
59, 137, 193, 93
59, 171, 193, 44
59, 277, 193, 42
59, 246, 193, 96
59, 119, 193, 37
59, 284, 193, 67
59, 97, 194, 70
59, 130, 194, 82
59, 99, 194, 5
59, 26, 194, 59
59, 165, 194, 79
59, 389, 194, 12
59, 200, 194, 22
59, 40, 194, 58
59, 336, 194, 66
59, 273, 194, 32
59, 177, 194, 27
59, 51, 194, 73
59, 152, 194, 100
59, 314, 194, 54
59, 220, 194, 63
59, 126, 194, 26
59, 159, 194, 23
59, 257, 195, 6
59, 98, 195, 90
59, 323, 195, 80
59, 229, 195, 53
59, 103, 195, 54
59, 170, 195, 68
59, 267, 195, 89
59, 332, 195, 83
59, 365, 195, 82
59, 141, 195, 86
59, 398, 195, 65
59, 112, 195, 39
59, 144, 195, 83
59, 368, 195, 1
59, 16, 195, 1
59, 46, 195, 32
59, 97, 196, 70
59, 34, 196, 37
59, 323, 196, 80
59, 36, 196, 73
59, 299, 196, 33
59, 396, 196, 73
59, 44, 196, 26
59, 43, 196, 2
59, 305, 196, 17
59, 243, 196, 40
59, 288, 197, 96
59, 96, 197, 30
59, 194, 197, 11
59, 163, 197, 46
59, 3, 197, 60
59, 390, 197, 4
59, 166, 197, 1
59, 264, 197, 76
59, 14, 197, 65
59, 144, 197, 83
59, 370, 197, 53
59, 380, 197, 4
59, 189, 197, 16
59, 62, 197, 84
59, 223, 197, 72
59, 129, 198, 10
59, 261, 198, 85
59, 262, 198, 37
59, 327, 198, 78
59, 165, 198, 79
59, 233, 198, 56
59, 200, 198, 22
59, 267, 198, 89
59, 77, 198, 96
59, 269, 198, 12
59, 47, 198, 24
59, 334, 198, 30
59, 149, 198, 77
59, 347, 198, 18
59, 156, 198, 73
59, 390, 199, 4
59, 146, 199, 2
59, 19, 199, 43
59, 154, 199, 90
59, 283, 199, 34
59, 163, 199, 46
59, 296, 199, 50
59, 43, 199, 2
59, 300, 199, 67
59, 172, 199, 21
59, 45, 199, 84
59, 210, 199, 90
59, 214, 199, 13
59, 216, 199, 28
59, 102, 199, 69
59, 232, 199, 48
59, 111, 199, 94
59, 117, 199, 77
59, 378, 199, 22
59, 379, 199, 57
