200, 400, 20
11, 193, 0, 46
11, 33, 0, 19
11, 292, 0, 68
11, 230, 0, 49
11, 231, 0, 4
11, 234, 0, 83
11, 298, 0, 52
11, 111, 0, 35
11, 52, 0, 26
11, 118, 0, 48
11, 375, 0, 91
11, 22, 0, 73
11, 89, 0, 84
11, 259, 1, 70
11, 132, 1, 67
11, 68, 1, 32
11, 131, 1, 7
11, 299, 1, 25
11, 334, 1, 53
11, 339, 1, 3
11, 341, 1, 58
11, 150, 1, 81
11, 278, 1, 85
11, 282, 1, 91
11, 187, 1, 32
11, 388, 2, 5
11, 133, 2, 5
11, 399, 2, 7
11, 240, 2, 27
11, 18, 2, 54
11, 86, 2, 34
11, 127, 2, 51
11, 129, 3, 87
11, 323, 3, 59
11, 77, 3, 21
11, 397, 3, 55
11, 303, 3, 10
11, 81, 3, 40
11, 115, 3, 75
11, 149, 3, 87
11, 87, 3, 98
11, 23, 3, 37
11, 249, 3, 17
11, 57, 3, 69
11, 353, 4, 26
11, 228, 4, 53
11, 198, 4, 51
11, 328, 4, 59
11, 298, 4, 52
11, 11, 4, 63
11, 305, 4, 35
11, 58, 4, 12
11, 93, 4, 27
11, 352, 5, 69
11, 353, 5, 26
11, 70, 5, 22
11, 18, 5, 54
11, 53, 5, 9
11, 310, 5, 25
11, 345, 5, 79
11, 317, 5, 54
11, 294, 6, 58
11, 265, 6, 29
11, 42, 6, 26
11, 139, 6, 77
11, 141, 6, 87
11, 46, 6, 31
11, 365, 6, 33
11, 174, 6, 2
11, 148, 6, 48
11, 182, 6, 28
11, 249, 6, 17
11, 188, 6, 97
11, 286, 6, 50
11, 132, 7, 67
11, 157, 7, 71
11, 33, 7, 19
11, 290, 7, 72
11, 166, 7, 85
11, 42, 7, 26
11, 44, 7, 39
11, 51, 7, 94
11, 319, 7, 76
11, 65, 7, 57
11, 74, 7, 4
11, 207, 7, 14
11, 80, 7, 95
11, 341, 7, 58
11, 347, 7, 48
11, 92, 7, 80
11, 358, 7, 63
11, 246, 7, 80
11, 250, 7, 5
11, 124, 7, 57
11, 197, 8, 16
11, 78, 8, 6
11, 304, 8, 96
11, 18, 8, 54
11, 312, 8, 49
11, 379, 8, 82
11, 316, 8, 95
11, 317, 8, 54
11, 256, 9, 65
11, 98, 9, 41
11, 354, 9, 15
11, 171, 9, 74
11, 139, 9, 77
11, 238, 9, 38
11, 371, 9, 29
11, 220, 9, 43
11, 309, 9, 9
11, 252, 9, 74
11, 221, 9, 5
11, 350, 9, 46
11, 163, 10, 85
11, 100, 10, 82
11, 229, 10, 93
11, 103, 10, 28
11, 360, 10, 90
11, 137, 10, 76
11, 43, 10, 17
11, 172, 10, 53
11, 174, 10, 2
11, 206, 10, 82
11, 56, 10, 91
11, 314, 10, 99
11, 225, 11, 67
11, 129, 11, 87
11, 359, 11, 40
11, 135, 11, 76
11, 297, 11, 90
11, 362, 11, 25
11, 146, 11, 82
11, 83, 11, 22
11, 117, 11, 46
11, 379, 11, 82
11, 130, 12, 81
11, 67, 12, 31
11, 386, 12, 73
11, 230, 12, 49
11, 72, 12, 1
11, 137, 12, 76
11, 139, 12, 77
11, 332, 12, 76
11, 46, 12, 31
11, 49, 12, 37
11, 50, 12, 46
11, 115, 12, 75
11, 178, 12, 4
11, 145, 12, 26
11, 246, 12, 80
11, 26, 12, 90
11, 348, 12, 43
11, 157, 12, 71
11, 384, 13, 16
11, 398, 13, 13
11, 271, 13, 19
11, 286, 13, 50
11, 291, 13, 15
11, 166, 13, 85
11, 167, 13, 8
11, 296, 13, 75
11, 314, 13, 99
11, 315, 13, 83
11, 317, 13, 54
11, 323, 13, 59
11, 329, 13, 26
11, 203, 13, 28
11, 207, 13, 14
11, 110, 13, 12
11, 245, 13, 61
11, 380, 13, 92
11, 382, 13, 92
11, 260, 14, 6
11, 7, 14, 39
11, 40, 14, 41
11, 41, 14, 83
11, 363, 14, 62
11, 396, 14, 41
11, 110, 14, 12
11, 19, 14, 99
11, 181, 14, 89
11, 118, 14, 48
11, 346, 14, 72
11, 318, 14, 87
11, 192, 15, 56
11, 131, 15, 7
11, 228, 15, 53
11, 168, 15, 18
11, 345, 15, 79
11, 45, 15, 79
11, 46, 15, 31
11, 15, 15, 99
11, 335, 15, 28
11, 18, 15, 54
11, 147, 15, 75
11, 340, 15, 65
11, 185, 15, 41
11, 191, 15, 83
11, 192, 16, 56
11, 323, 16, 59
11, 101, 16, 69
11, 38, 16, 29
11, 393, 16, 15
11, 266, 16, 68
11, 234, 16, 83
11, 155, 16, 15
11, 79, 16, 20
11, 80, 16, 95
11, 178, 16, 4
11, 243, 16, 31
11, 244, 16, 82
11, 88, 16, 87
11, 185, 16, 41
11, 154, 16, 41
11, 91, 16, 43
11, 63, 16, 93
11, 355, 17, 50
11, 7, 17, 39
11, 137, 17, 76
11, 201, 17, 16
11, 50, 17, 46
11, 372, 17, 20
11, 255, 17, 72
11, 355, 18, 50
11, 324, 18, 35
11, 5, 18, 45
11, 134, 18, 8
11, 359, 18, 40
11, 231, 18, 4
11, 329, 18, 26
11, 41, 18, 83
11, 107, 18, 48
11, 204, 18, 18
11, 44, 18, 39
11, 15, 18, 99
11, 80, 18, 95
11, 83, 18, 22
11, 247, 18, 11
11, 89, 18, 84
11, 348, 18, 43
11, 63, 18, 93
11, 385, 19, 83
11, 9, 19, 5
11, 138, 19, 90
11, 266, 19, 68
11, 17, 19, 19
11, 19, 19, 99
11, 302, 19, 7
11, 303, 19, 10
11, 308, 19, 17
11, 183, 19, 96
11, 62, 19, 37
11, 192, 19, 56
11, 193, 19, 46
11, 87, 19, 98
11, 346, 19, 72
11, 220, 19, 43
11, 112, 19, 95
11, 372, 19, 20
11, 116, 19, 89
11, 133, 20, 5
11, 265, 20, 29
11, 20, 20, 71
11, 31, 20, 39
11, 35, 20, 60
11, 298, 20, 52
11, 172, 20, 53
11, 308, 20, 17
11, 310, 20, 25
11, 317, 20, 54
11, 77, 20, 21
11, 80, 20, 95
11, 336, 20, 88
11, 87, 20, 98
11, 349, 20, 22
11, 354, 20, 15
11, 109, 20, 26
11, 239, 20, 21
11, 112, 20, 95
11, 117, 20, 46
11, 267, 21, 38
11, 343, 21, 38
11, 26, 21, 90
11, 381, 21, 31
11, 63, 21, 93
11, 2, 22, 60
11, 227, 22, 83
11, 290, 22, 72
11, 77, 22, 21
11, 110, 22, 12
11, 14, 22, 49
11, 80, 22, 95
11, 142, 22, 26
11, 242, 22, 2
11, 239, 22, 21
11, 54, 22, 58
11, 182, 22, 28
11, 185, 22, 41
11, 29, 22, 7
11, 190, 22, 17
11, 160, 23, 72
11, 98, 23, 41
11, 291, 23, 15
11, 325, 23, 68
11, 41, 23, 83
11, 169, 23, 62
11, 105, 23, 53
11, 46, 23, 31
11, 47, 23, 83
11, 337, 23, 53
11, 179, 23, 8
11, 372, 23, 20
11, 183, 23, 96
11, 349, 23, 22
11, 93, 23, 27
11, 343, 23, 38
11, 65, 24, 57
11, 102, 24, 45
11, 296, 24, 75
11, 202, 24, 86
11, 110, 24, 12
11, 142, 24, 26
11, 175, 24, 33
11, 145, 24, 26
11, 81, 24, 40
11, 83, 24, 22
11, 84, 24, 86
11, 147, 24, 75
11, 311, 24, 78
11, 58, 24, 12
11, 380, 24, 92
11, 125, 24, 73
11, 95, 24, 61
11, 64, 25, 31
11, 160, 25, 72
11, 387, 25, 75
11, 69, 25, 40
11, 390, 25, 3
11, 357, 25, 9
11, 328, 25, 59
11, 393, 25, 15
11, 235, 25, 10
11, 45, 25, 79
11, 334, 25, 53
11, 78, 25, 6
11, 206, 25, 82
11, 18, 25, 54
11, 279, 25, 95
11, 190, 25, 17
11, 224, 26, 8
11, 390, 26, 3
11, 38, 26, 29
11, 296, 26, 75
11, 138, 26, 90
11, 46, 26, 31
11, 176, 26, 71
11, 117, 26, 46
11, 22, 26, 73
11, 246, 26, 80
11, 377, 26, 90
11, 123, 26, 41
11, 388, 27, 5
11, 142, 27, 26
11, 398, 27, 13
11, 336, 27, 88
11, 369, 27, 45
11, 50, 27, 46
11, 179, 27, 8
11, 340, 27, 65
11, 277, 27, 73
11, 212, 27, 37
11, 284, 27, 25
11, 94, 27, 84
11, 34, 28, 86
11, 162, 28, 73
11, 69, 28, 40
11, 230, 28, 49
11, 392, 28, 18
11, 115, 28, 75
11, 245, 28, 61
11, 58, 28, 12
11, 27, 28, 15
11, 382, 28, 92
11, 393, 29, 15
11, 10, 29, 58
11, 287, 29, 80
11, 35, 29, 60
11, 36, 29, 70
11, 40, 29, 41
11, 177, 29, 30
11, 309, 29, 9
11, 182, 29, 28
11, 71, 29, 54
11, 203, 29, 28
11, 205, 29, 56
11, 206, 29, 82
11, 84, 29, 86
11, 240, 29, 27
11, 117, 29, 46
11, 248, 29, 79
11, 380, 29, 92
11, 383, 29, 36
11, 99, 30, 83
11, 388, 30, 5
11, 357, 30, 9
11, 359, 30, 40
11, 328, 30, 59
11, 297, 30, 90
11, 332, 30, 76
11, 303, 30, 10
11, 368, 30, 10
11, 17, 30, 19
11, 276, 30, 75
11, 342, 30, 50
11, 154, 30, 41
11, 124, 30, 57
11, 61, 30, 10
11, 385, 31, 83
11, 290, 31, 72
11, 386, 31, 73
11, 287, 31, 80
11, 167, 31, 8
11, 136, 31, 79
11, 72, 31, 1
11, 41, 31, 83
11, 46, 31, 31
11, 206, 31, 82
11, 304, 31, 96
11, 368, 31, 10
11, 309, 31, 9
11, 345, 31, 79
11, 186, 31, 20
11, 382, 31, 92
11, 351, 31, 56
11, 357, 32, 9
11, 229, 32, 93
11, 199, 32, 53
11, 76, 32, 55
11, 79, 32, 20
11, 387, 33, 75
11, 196, 33, 39
11, 281, 33, 10
11, 199, 33, 53
11, 140, 33, 82
11, 12, 33, 17
11, 302, 33, 7
11, 397, 33, 55
11, 16, 33, 98
11, 210, 33, 72
11, 276, 33, 75
11, 148, 33, 48
11, 277, 33, 73
11, 185, 33, 41
11, 381, 33, 31
11, 66, 34, 19
11, 2, 34, 60
11, 360, 34, 90
11, 367, 34, 19
11, 178, 34, 4
11, 211, 34, 59
11, 148, 34, 48
11, 59, 34, 78
11, 222, 34, 10
11, 286, 34, 50
11, 121, 35, 95
11, 68, 35, 32
11, 101, 35, 69
11, 140, 35, 82
11, 14, 35, 49
11, 143, 35, 3
11, 272, 35, 26
11, 343, 35, 38
11, 56, 35, 91
11, 89, 35, 84
11, 251, 35, 3
11, 220, 35, 43
11, 158, 35, 48
11, 127, 35, 51
11, 217, 36, 77
11, 261, 36, 13
11, 262, 36, 60
11, 383, 36, 36
11, 329, 36, 26
11, 330, 36, 27
11, 395, 36, 18
11, 362, 36, 25
11, 269, 36, 33
11, 43, 36, 17
11, 206, 36, 82
11, 241, 36, 77
11, 149, 36, 87
11, 184, 36, 69
11, 249, 36, 17
11, 92, 36, 80
11, 159, 36, 45
11, 35, 37, 60
11, 12, 37, 17
11, 364, 37, 59
11, 14, 37, 49
11, 157, 37, 71
11, 125, 37, 73
11, 62, 37, 37
11, 128, 38, 38
11, 291, 38, 15
11, 260, 38, 6
11, 325, 38, 68
11, 136, 38, 79
11, 41, 38, 83
11, 171, 38, 74
11, 44, 38, 39
11, 49, 38, 37
11, 370, 38, 88
11, 308, 38, 17
11, 342, 38, 50
11, 159, 38, 45
11, 99, 39, 83
11, 71, 39, 54
11, 108, 39, 49
11, 109, 39, 26
11, 367, 39, 19
11, 243, 39, 31
11, 51, 39, 94
11, 115, 39, 75
11, 150, 39, 81
11, 348, 39, 43
11, 344, 39, 11
11, 186, 39, 20
11, 284, 39, 25
11, 72, 40, 1
11, 73, 40, 33
11, 138, 40, 90
11, 108, 40, 49
11, 237, 40, 32
11, 372, 40, 20
11, 87, 40, 98
11, 355, 41, 50
11, 196, 41, 39
11, 68, 41, 32
11, 358, 41, 63
11, 236, 41, 16
11, 44, 41, 39
11, 14, 41, 49
11, 398, 41, 13
11, 108, 41, 49
11, 172, 41, 53
11, 365, 41, 33
11, 114, 41, 43
11, 276, 41, 75
11, 150, 41, 81
11, 214, 41, 24
11, 284, 41, 25
11, 261, 42, 13
11, 269, 42, 33
11, 142, 42, 26
11, 274, 42, 65
11, 148, 42, 48
11, 152, 42, 68
11, 285, 42, 50
11, 286, 42, 50
11, 31, 42, 39
11, 171, 42, 74
11, 303, 42, 10
11, 313, 42, 36
11, 196, 42, 39
11, 328, 42, 59
11, 200, 42, 96
11, 74, 42, 4
11, 203, 42, 28
11, 367, 42, 19
11, 245, 42, 61
11, 118, 42, 48
11, 132, 43, 67
11, 134, 43, 8
11, 263, 43, 64
11, 271, 43, 19
11, 157, 43, 71
11, 30, 43, 3
11, 287, 43, 80
11, 32, 43, 25
11, 290, 43, 72
11, 163, 43, 85
11, 297, 43, 90
11, 323, 43, 59
11, 204, 43, 18
11, 205, 43, 56
11, 83, 43, 22
11, 342, 43, 50
11, 216, 43, 96
11, 221, 43, 5
11, 226, 43, 68
11, 241, 43, 77
11, 2, 44, 60
11, 388, 44, 5
11, 69, 44, 40
11, 390, 44, 3
11, 240, 44, 27
11, 209, 44, 97
11, 337, 44, 53
11, 340, 44, 65
11, 54, 44, 58
11, 377, 44, 90
11, 59, 44, 78
11, 1, 45, 95
11, 259, 45, 70
11, 69, 45, 40
11, 304, 45, 96
11, 17, 45, 19
11, 274, 45, 65
11, 275, 45, 44
11, 183, 45, 96
11, 141, 46, 87
11, 111, 46, 35
11, 213, 46, 69
11, 246, 46, 80
11, 278, 46, 85
11, 378, 46, 66
11, 286, 46, 50
11, 0, 47, 63
11, 64, 47, 31
11, 198, 47, 51
11, 104, 47, 5
11, 140, 47, 82
11, 187, 47, 32
11, 365, 47, 33
11, 303, 47, 10
11, 366, 47, 64
11, 278, 47, 85
11, 247, 47, 11
11, 184, 47, 69
11, 346, 47, 72
11, 315, 47, 83
11, 96, 48, 5
11, 65, 48, 57
11, 128, 48, 38
11, 1, 48, 95
11, 34, 48, 86
11, 322, 48, 78
11, 161, 48, 14
11, 233, 48, 76
11, 106, 48, 28
11, 298, 48, 52
11, 140, 48, 82
11, 112, 48, 95
11, 49, 48, 37
11, 210, 48, 72
11, 149, 48, 87
11, 118, 48, 48
11, 55, 48, 20
11, 319, 48, 76
11, 128, 49, 38
11, 225, 49, 67
11, 195, 49, 59
11, 313, 49, 36
11, 392, 49, 18
11, 41, 49, 83
11, 268, 49, 64
11, 334, 49, 53
11, 208, 49, 54
11, 344, 49, 11
11, 377, 49, 90
11, 317, 49, 54
11, 127, 49, 51
11, 97, 50, 84
11, 395, 50, 18
11, 268, 50, 64
11, 150, 50, 81
11, 118, 50, 48
11, 249, 50, 17
11, 26, 50, 90
11, 27, 50, 15
11, 99, 51, 83
11, 133, 51, 5
11, 37, 51, 38
11, 211, 51, 59
11, 244, 51, 82
11, 181, 51, 89
11, 179, 51, 8
11, 51, 51, 94
11, 357, 52, 9
11, 359, 52, 40
11, 362, 52, 25
11, 51, 52, 94
11, 344, 52, 11
11, 314, 52, 99
11, 319, 52, 76
11, 103, 53, 28
11, 232, 53, 24
11, 168, 53, 18
11, 314, 53, 99
11, 349, 53, 22
11, 160, 54, 72
11, 207, 54, 14
11, 315, 54, 83
11, 86, 54, 34
11, 154, 54, 41
11, 91, 54, 43
11, 258, 55, 93
11, 270, 55, 40
11, 277, 55, 73
11, 23, 55, 37
11, 158, 55, 48
11, 34, 55, 86
11, 293, 55, 2
11, 298, 55, 52
11, 321, 55, 12
11, 67, 55, 31
11, 71, 55, 54
11, 333, 55, 89
11, 208, 55, 54
11, 211, 55, 59
11, 343, 55, 38
11, 217, 55, 77
11, 91, 55, 43
11, 120, 55, 51
11, 347, 55, 48
11, 376, 55, 38
11, 129, 56, 87
11, 98, 56, 41
11, 163, 56, 85
11, 389, 56, 66
11, 37, 56, 38
11, 165, 56, 58
11, 329, 56, 26
11, 76, 56, 55
11, 109, 56, 26
11, 371, 56, 29
11, 52, 56, 26
11, 180, 56, 17
11, 278, 56, 85
11, 287, 56, 80
11, 96, 57, 5
11, 225, 57, 67
11, 262, 57, 60
11, 7, 57, 39
11, 138, 57, 90
11, 397, 57, 55
11, 78, 57, 6
11, 369, 57, 45
11, 210, 57, 72
11, 276, 57, 75
11, 53, 57, 9
11, 281, 57, 10
11, 125, 57, 73
11, 353, 58, 26
11, 191, 58, 83
11, 68, 58, 32
11, 324, 58, 35
11, 261, 58, 13
11, 319, 58, 76
11, 136, 58, 79
11, 200, 58, 96
11, 107, 58, 48
11, 282, 58, 91
11, 338, 58, 3
11, 372, 58, 20
11, 20, 58, 71
11, 214, 58, 24
11, 126, 58, 65
11, 94, 58, 84
11, 159, 58, 45
11, 320, 59, 6
11, 103, 59, 28
11, 39, 59, 73
11, 41, 59, 83
11, 201, 59, 16
11, 235, 59, 10
11, 106, 59, 28
11, 302, 59, 7
11, 370, 59, 88
11, 247, 59, 11
11, 344, 59, 11
11, 282, 59, 91
11, 157, 59, 71
11, 184, 59, 69
11, 354, 60, 15
11, 291, 60, 15
11, 323, 60, 59
11, 131, 60, 7
11, 390, 60, 3
11, 231, 60, 4
11, 199, 60, 53
11, 201, 60, 16
11, 294, 60, 58
11, 13, 60, 88
11, 142, 60, 26
11, 110, 60, 12
11, 245, 60, 61
11, 54, 60, 58
11, 343, 60, 38
11, 22, 60, 73
11, 259, 61, 70
11, 295, 61, 27
11, 336, 61, 88
11, 55, 61, 20
11, 187, 61, 32
11, 62, 61, 37
11, 322, 62, 78
11, 164, 62, 46
11, 363, 62, 62
11, 306, 62, 52
11, 181, 62, 89
11, 95, 62, 61
11, 137, 63, 76
11, 14, 63, 49
11, 272, 63, 26
11, 277, 63, 73
11, 37, 63, 38
11, 168, 63, 18
11, 59, 63, 78
11, 190, 63, 17
11, 192, 63, 56
11, 70, 63, 22
11, 83, 63, 22
11, 216, 63, 96
11, 94, 63, 84
11, 223, 63, 40
11, 354, 63, 15
11, 242, 63, 2
11, 119, 63, 53
11, 377, 63, 90
11, 124, 63, 57
11, 129, 64, 87
11, 264, 64, 40
11, 14, 64, 49
11, 26, 64, 90
11, 164, 64, 46
11, 174, 64, 2
11, 51, 64, 94
11, 55, 64, 20
11, 313, 64, 36
11, 186, 64, 20
11, 205, 64, 56
11, 78, 64, 6
11, 344, 64, 11
11, 90, 64, 89
11, 346, 64, 72
11, 219, 64, 71
11, 100, 64, 82
11, 357, 64, 9
11, 358, 64, 63
11, 104, 64, 5
11, 64, 65, 31
11, 290, 65, 72
11, 36, 65, 70
11, 196, 65, 39
11, 38, 65, 29
11, 231, 65, 4
11, 392, 65, 18
11, 41, 65, 83
11, 240, 65, 27
11, 82, 65, 68
11, 85, 65, 41
11, 214, 65, 24
11, 373, 65, 78
11, 278, 65, 85
11, 183, 65, 96
11, 91, 65, 43
11, 311, 65, 78
11, 158, 65, 48
11, 0, 66, 63
11, 262, 66, 60
11, 12, 66, 17
11, 397, 66, 55
11, 285, 66, 50
11, 290, 66, 72
11, 291, 66, 15
11, 175, 66, 33
11, 179, 66, 8
11, 309, 66, 9
11, 53, 66, 9
11, 315, 66, 83
11, 320, 66, 6
11, 325, 66, 68
11, 75, 66, 40
11, 85, 66, 41
11, 215, 66, 67
11, 362, 66, 25
11, 241, 66, 77
11, 249, 66, 17
11, 4, 67, 42
11, 292, 67, 68
11, 294, 67, 58
11, 196, 67, 39
11, 136, 67, 79
11, 361, 67, 52
11, 232, 67, 24
11, 395, 67, 18
11, 398, 67, 13
11, 337, 67, 53
11, 180, 67, 17
11, 246, 67, 80
11, 23, 67, 37
11, 90, 67, 89
11, 222, 67, 10
11, 352, 68, 69
11, 259, 68, 70
11, 389, 68, 66
11, 390, 68, 3
11, 135, 68, 76
11, 391, 68, 91
11, 293, 68, 2
11, 91, 68, 43
11, 75, 68, 40
11, 365, 68, 33
11, 303, 68, 10
11, 179, 68, 8
11, 275, 68, 44
11, 117, 68, 46
11, 22, 68, 73
11, 187, 68, 32
11, 288, 69, 67
11, 100, 69, 82
11, 231, 69, 4
11, 383, 69, 36
11, 44, 69, 39
11, 174, 69, 2
11, 242, 69, 2
11, 307, 69, 53
11, 370, 69, 88
11, 54, 69, 58
11, 184, 69, 69
11, 153, 69, 25
11, 347, 69, 48
11, 159, 69, 45
11, 108, 70, 49
11, 13, 70, 88
11, 141, 70, 87
11, 15, 70, 99
11, 368, 70, 10
11, 77, 70, 21
11, 82, 70, 68
11, 300, 70, 5
11, 53, 70, 9
11, 216, 70, 96
11, 315, 70, 83
11, 160, 71, 72
11, 354, 71, 15
11, 35, 71, 60
11, 36, 71, 70
11, 7, 71, 39
11, 138, 71, 90
11, 394, 71, 17
11, 10, 71, 58
11, 79, 71, 20
11, 15, 71, 99
11, 49, 71, 37
11, 177, 71, 30
11, 243, 71, 31
11, 149, 71, 87
11, 278, 71, 85
11, 27, 71, 15
11, 192, 72, 56
11, 359, 72, 40
11, 136, 72, 79
11, 210, 72, 72
11, 86, 72, 34
11, 183, 72, 96
11, 281, 72, 10
11, 189, 72, 32
11, 191, 73, 83
11, 6, 73, 40
11, 262, 73, 60
11, 42, 73, 26
11, 107, 73, 48
11, 236, 73, 16
11, 170, 73, 3
11, 43, 73, 17
11, 266, 73, 68
11, 369, 73, 45
11, 338, 73, 3
11, 243, 73, 31
11, 117, 73, 46
11, 311, 73, 78
11, 58, 73, 12
11, 286, 73, 50
11, 255, 73, 72
11, 228, 74, 53
11, 236, 74, 16
11, 141, 74, 87
11, 143, 74, 3
11, 239, 74, 21
11, 112, 74, 95
11, 219, 74, 71
11, 382, 74, 92
11, 132, 75, 67
11, 5, 75, 45
11, 8, 75, 97
11, 59, 75, 78
11, 145, 75, 26
11, 146, 75, 82
11, 371, 75, 29
11, 342, 75, 50
11, 314, 75, 99
11, 91, 75, 43
11, 351, 75, 56
11, 128, 76, 38
11, 37, 76, 38
11, 281, 76, 10
11, 39, 76, 73
11, 238, 76, 38
11, 176, 76, 71
11, 114, 76, 43
11, 307, 76, 53
11, 150, 76, 81
11, 55, 76, 20
11, 313, 76, 36
11, 218, 76, 39
11, 220, 76, 43
11, 349, 76, 22
11, 5, 77, 45
11, 134, 77, 8
11, 269, 77, 33
11, 207, 77, 14
11, 113, 77, 86
11, 146, 77, 82
11, 61, 77, 10
11, 118, 77, 48
11, 183, 77, 96
11, 125, 77, 73
11, 190, 77, 17
11, 223, 77, 40
11, 99, 78, 83
11, 328, 78, 59
11, 265, 78, 29
11, 297, 78, 90
11, 299, 78, 25
11, 18, 78, 54
11, 242, 78, 2
11, 115, 78, 75
11, 52, 78, 26
11, 340, 78, 65
11, 30, 78, 3
11, 210, 78, 72
11, 116, 78, 89
11, 85, 78, 41
11, 87, 78, 98
11, 61, 78, 10
11, 126, 78, 65
11, 291, 79, 15
11, 344, 79, 11
11, 261, 79, 13
11, 263, 79, 64
11, 328, 79, 59
11, 105, 79, 53
11, 364, 79, 59
11, 365, 79, 33
11, 302, 79, 7
11, 399, 79, 7
11, 336, 79, 88
11, 277, 79, 73
11, 86, 79, 34
11, 120, 79, 51
11, 122, 79, 82
11, 91, 79, 43
11, 286, 79, 50
11, 97, 80, 84
11, 386, 80, 73
11, 259, 80, 70
11, 101, 80, 69
11, 41, 80, 83
11, 301, 80, 23
11, 142, 80, 26
11, 19, 80, 99
11, 56, 80, 91
11, 31, 80, 39
11, 262, 81, 60
11, 72, 81, 1
11, 104, 81, 5
11, 42, 81, 26
11, 394, 81, 17
11, 236, 81, 16
11, 44, 81, 39
11, 46, 81, 31
11, 272, 81, 26
11, 369, 81, 45
11, 18, 81, 54
11, 373, 81, 78
11, 119, 81, 53
11, 31, 81, 39
11, 127, 81, 51
11, 384, 82, 16
11, 36, 82, 70
11, 293, 82, 2
11, 177, 82, 30
11, 21, 82, 72
11, 346, 82, 72
11, 122, 83, 82
11, 40, 83, 41
11, 48, 83, 25
11, 18, 83, 54
11, 275, 83, 44
11, 277, 83, 73
11, 278, 83, 85
11, 186, 83, 20
11, 220, 83, 43
11, 61, 83, 10
11, 3, 84, 81
11, 195, 84, 59
11, 390, 84, 3
11, 169, 84, 62
11, 170, 84, 3
11, 331, 84, 66
11, 108, 84, 49
11, 268, 84, 64
11, 142, 84, 26
11, 80, 84, 95
11, 115, 84, 75
11, 280, 84, 56
11, 249, 84, 17
11, 355, 85, 50
11, 261, 85, 13
11, 104, 85, 5
11, 60, 85, 51
11, 242, 85, 2
11, 243, 85, 31
11, 221, 85, 5
11, 348, 85, 43
11, 125, 85, 73
11, 318, 85, 87
11, 7, 86, 39
11, 44, 86, 39
11, 141, 86, 87
11, 211, 86, 59
11, 29, 86, 7
11, 197, 87, 16
11, 103, 87, 28
11, 359, 87, 40
11, 202, 87, 86
11, 299, 87, 25
11, 269, 87, 33
11, 303, 87, 10
11, 208, 87, 54
11, 120, 87, 51
11, 348, 87, 43
11, 64, 88, 31
11, 224, 88, 8
11, 352, 88, 69
11, 162, 88, 73
11, 261, 88, 13
11, 359, 88, 40
11, 392, 88, 18
11, 205, 88, 56
11, 79, 88, 20
11, 111, 88, 35
11, 112, 88, 95
11, 81, 88, 40
11, 84, 88, 86
11, 342, 88, 50
11, 23, 88, 37
11, 312, 88, 49
11, 317, 88, 54
11, 34, 89, 86
11, 324, 89, 35
11, 69, 89, 40
11, 37, 89, 38
11, 196, 89, 39
11, 134, 89, 8
11, 100, 89, 82
11, 202, 89, 86
11, 141, 89, 87
11, 115, 89, 75
11, 149, 89, 87
11, 182, 89, 28
11, 31, 89, 39
11, 65, 90, 57
11, 134, 90, 8
11, 169, 90, 62
11, 137, 90, 76
11, 267, 90, 38
11, 173, 90, 97
11, 78, 90, 6
11, 205, 90, 56
11, 368, 90, 10
11, 336, 90, 88
11, 174, 90, 2
11, 19, 90, 99
11, 175, 90, 33
11, 51, 90, 94
11, 219, 90, 71
11, 190, 90, 17
11, 62, 90, 37
11, 353, 91, 26
11, 35, 91, 60
11, 198, 91, 51
11, 218, 91, 39
11, 175, 91, 33
11, 79, 91, 20
11, 181, 91, 89
11, 346, 91, 72
11, 157, 91, 71
11, 222, 91, 10
11, 129, 92, 87
11, 226, 92, 68
11, 292, 92, 68
11, 389, 92, 66
11, 166, 92, 85
11, 197, 92, 16
11, 68, 92, 32
11, 169, 92, 62
11, 75, 92, 40
11, 268, 92, 64
11, 76, 92, 55
11, 18, 92, 54
11, 52, 92, 26
11, 278, 92, 85
11, 152, 92, 68
11, 223, 92, 40
11, 289, 93, 54
11, 290, 93, 72
11, 296, 93, 75
11, 173, 93, 97
11, 28, 93, 81
11, 399, 93, 7
11, 368, 93, 10
11, 177, 93, 30
11, 114, 93, 43
11, 81, 93, 40
11, 277, 93, 73
11, 380, 93, 92
11, 317, 93, 54
11, 160, 94, 72
11, 33, 94, 19
11, 294, 94, 58
11, 168, 94, 18
11, 232, 94, 24
11, 171, 94, 74
11, 110, 94, 12
11, 208, 94, 54
11, 347, 94, 48
11, 212, 94, 37
11, 379, 94, 82
11, 1, 95, 95
11, 11, 95, 63
11, 396, 95, 41
11, 19, 95, 99
11, 277, 95, 73
11, 295, 95, 27
11, 44, 95, 39
11, 47, 95, 83
11, 177, 95, 30
11, 178, 95, 4
11, 58, 95, 12
11, 314, 95, 99
11, 318, 95, 87
11, 323, 95, 59
11, 70, 95, 22
11, 201, 95, 16
11, 84, 95, 86
11, 355, 95, 50
11, 238, 95, 38
11, 126, 95, 65
11, 128, 96, 38
11, 198, 96, 51
11, 234, 96, 83
11, 176, 96, 71
11, 209, 96, 97
11, 373, 96, 78
11, 222, 96, 10
11, 1, 97, 95
11, 387, 97, 75
11, 390, 97, 3
11, 11, 97, 63
11, 271, 97, 19
11, 19, 97, 99
11, 281, 97, 10
11, 156, 97, 65
11, 161, 97, 14
11, 38, 97, 29
11, 40, 97, 41
11, 316, 97, 95
11, 196, 97, 39
11, 329, 97, 26
11, 218, 97, 39
11, 234, 97, 83
11, 374, 97, 22
11, 252, 97, 74
11, 127, 97, 51
11, 353, 98, 26
11, 290, 98, 72
11, 260, 98, 6
11, 37, 98, 38
11, 102, 98, 45
11, 249, 98, 17
11, 232, 98, 24
11, 234, 98, 83
11, 74, 98, 4
11, 304, 98, 96
11, 369, 98, 45
11, 275, 98, 44
11, 55, 98, 20
11, 377, 98, 90
11, 90, 98, 89
11, 188, 98, 97
11, 102, 99, 45
11, 365, 99, 33
11, 244, 99, 82
11, 280, 99, 56
11, 249, 99, 17
11, 378, 99, 66
11, 229, 100, 93
11, 199, 100, 53
11, 274, 100, 65
11, 82, 100, 68
11, 375, 100, 91
11, 290, 101, 72
11, 387, 101, 75
11, 196, 101, 39
11, 197, 101, 16
11, 103, 101, 28
11, 39, 101, 73
11, 391, 101, 91
11, 397, 101, 55
11, 110, 101, 12
11, 173, 101, 97
11, 20, 101, 71
11, 132, 102, 67
11, 229, 102, 93
11, 199, 102, 53
11, 235, 102, 10
11, 300, 102, 5
11, 331, 102, 66
11, 366, 102, 64
11, 206, 102, 82
11, 178, 102, 4
11, 53, 102, 9
11, 54, 102, 58
11, 127, 102, 51
11, 27, 103, 15
11, 28, 103, 81
11, 157, 103, 71
11, 286, 103, 50
11, 55, 103, 20
11, 59, 103, 78
11, 64, 103, 31
11, 193, 103, 46
11, 197, 103, 16
11, 92, 103, 80
11, 348, 103, 43
11, 222, 103, 10
11, 105, 103, 53
11, 233, 103, 76
11, 108, 103, 49
11, 110, 103, 12
11, 370, 103, 88
11, 119, 103, 53
11, 249, 103, 17
11, 380, 103, 92
11, 386, 104, 73
11, 291, 104, 15
11, 9, 104, 5
11, 74, 104, 4
11, 393, 104, 15
11, 76, 104, 55
11, 111, 104, 35
11, 304, 104, 96
11, 305, 104, 35
11, 368, 104, 10
11, 339, 104, 3
11, 116, 104, 89
11, 372, 104, 20
11, 248, 104, 79
11, 89, 104, 84
11, 186, 104, 20
11, 27, 104, 15
11, 120, 104, 51
11, 293, 105, 2
11, 69, 105, 40
11, 319, 105, 76
11, 200, 105, 96
11, 141, 105, 87
11, 143, 105, 3
11, 113, 105, 86
11, 372, 105, 20
11, 340, 105, 65
11, 57, 105, 69
11, 346, 105, 72
11, 380, 105, 92
11, 222, 105, 10
11, 95, 105, 61
11, 31, 105, 39
11, 291, 106, 15
11, 104, 106, 5
11, 169, 106, 62
11, 107, 106, 48
11, 369, 106, 45
11, 307, 106, 53
11, 308, 106, 17
11, 211, 106, 59
11, 344, 106, 11
11, 287, 106, 80
11, 248, 107, 79
11, 195, 107, 59
11, 166, 107, 85
11, 134, 107, 8
11, 81, 107, 40
11, 20, 107, 71
11, 53, 107, 9
11, 120, 107, 51
11, 61, 107, 10
11, 128, 108, 38
11, 258, 108, 93
11, 359, 108, 40
11, 40, 108, 41
11, 273, 108, 92
11, 274, 108, 65
11, 17, 108, 19
11, 118, 108, 48
11, 254, 108, 72
11, 385, 109, 83
11, 232, 109, 24
11, 44, 109, 39
11, 269, 109, 33
11, 332, 109, 76
11, 399, 109, 7
11, 367, 109, 19
11, 52, 109, 26
11, 320, 110, 6
11, 170, 110, 3
11, 307, 110, 53
11, 343, 110, 38
11, 187, 110, 32
11, 226, 111, 68
11, 227, 111, 83
11, 66, 111, 19
11, 391, 111, 91
11, 329, 111, 26
11, 10, 111, 58
11, 361, 111, 52
11, 46, 111, 31
11, 340, 111, 65
11, 119, 111, 53
11, 24, 111, 72
11, 185, 111, 41
11, 285, 111, 50
11, 381, 111, 31
11, 190, 111, 17
11, 351, 111, 56
11, 256, 112, 65
11, 5, 112, 45
11, 326, 112, 44
11, 186, 112, 20
11, 176, 112, 71
11, 305, 112, 35
11, 114, 112, 43
11, 16, 112, 98
11, 19, 112, 99
11, 56, 112, 91
11, 377, 112, 90
11, 314, 112, 99
11, 379, 112, 82
11, 68, 113, 32
11, 4, 113, 42
11, 134, 113, 8
11, 231, 113, 4
11, 136, 113, 79
11, 262, 113, 60
11, 332, 113, 76
11, 141, 113, 87
11, 144, 113, 69
11, 208, 113, 54
11, 306, 113, 52
11, 245, 113, 61
11, 182, 113, 28
11, 247, 113, 11
11, 378, 113, 66
11, 379, 113, 82
11, 284, 113, 25
11, 61, 113, 10
11, 258, 114, 93
11, 263, 114, 64
11, 396, 114, 41
11, 16, 114, 98
11, 22, 114, 73
11, 23, 114, 37
11, 297, 114, 90
11, 303, 114, 10
11, 304, 114, 96
11, 57, 114, 69
11, 66, 114, 19
11, 198, 114, 51
11, 330, 114, 27
11, 338, 114, 3
11, 342, 114, 50
11, 356, 114, 33
11, 104, 114, 5
11, 237, 114, 32
11, 246, 114, 80
11, 127, 114, 51
11, 224, 115, 8
11, 70, 115, 22
11, 265, 115, 29
11, 141, 115, 87
11, 367, 115, 19
11, 305, 115, 35
11, 178, 115, 4
11, 339, 115, 3
11, 81, 115, 40
11, 185, 115, 41
11, 379, 115, 82
11, 158, 115, 48
11, 32, 116, 25
11, 2, 116, 60
11, 295, 116, 27
11, 361, 116, 52
11, 330, 116, 27
11, 363, 116, 62
11, 314, 116, 99
11, 238, 116, 38
11, 307, 116, 53
11, 116, 116, 89
11, 247, 116, 11
11, 218, 116, 39
11, 251, 116, 3
11, 28, 116, 81
11, 160, 117, 72
11, 121, 117, 95
11, 100, 117, 82
11, 217, 117, 77
11, 314, 117, 99
11, 169, 118, 62
11, 81, 118, 40
11, 340, 118, 65
11, 55, 118, 20
11, 281, 118, 10
11, 91, 118, 43
11, 3, 119, 81
11, 394, 119, 17
11, 19, 119, 99
11, 150, 119, 81
11, 153, 119, 25
11, 287, 119, 80
11, 162, 119, 73
11, 165, 119, 58
11, 57, 119, 69
11, 189, 119, 32
11, 190, 119, 17
11, 68, 119, 32
11, 76, 119, 55
11, 205, 119, 56
11, 111, 119, 35
11, 368, 119, 10
11, 240, 119, 27
11, 244, 119, 82
11, 248, 119, 79
11, 259, 120, 70
11, 6, 120, 40
11, 262, 120, 60
11, 266, 120, 68
11, 397, 120, 55
11, 18, 120, 54
11, 25, 120, 91
11, 156, 120, 65
11, 30, 120, 3
11, 306, 120, 52
11, 53, 120, 9
11, 54, 120, 58
11, 185, 120, 41
11, 69, 120, 40
11, 215, 120, 67
11, 93, 120, 27
11, 352, 120, 69
11, 103, 120, 28
11, 232, 120, 24
11, 246, 120, 80
11, 0, 121, 63
11, 225, 121, 67
11, 230, 121, 49
11, 72, 121, 1
11, 202, 121, 86
11, 76, 121, 55
11, 397, 121, 55
11, 335, 121, 28
11, 184, 121, 69
11, 380, 121, 92
11, 29, 121, 7
11, 256, 122, 65
11, 136, 122, 79
11, 137, 122, 76
11, 273, 122, 92
11, 146, 122, 82
11, 19, 122, 99
11, 277, 122, 73
11, 152, 122, 68
11, 153, 122, 25
11, 24, 122, 72
11, 282, 122, 91
11, 286, 122, 50
11, 161, 122, 14
11, 189, 122, 32
11, 332, 122, 76
11, 340, 122, 65
11, 215, 122, 67
11, 345, 122, 79
11, 113, 122, 86
11, 381, 122, 31
11, 324, 123, 35
11, 293, 123, 2
11, 200, 123, 96
11, 9, 123, 5
11, 395, 123, 18
11, 187, 123, 32
11, 368, 123, 10
11, 50, 123, 46
11, 147, 123, 75
11, 339, 123, 3
11, 85, 123, 41
11, 54, 123, 58
11, 342, 123, 50
11, 282, 123, 91
11, 155, 123, 15
11, 80, 124, 95
11, 17, 124, 19
11, 51, 124, 94
11, 153, 124, 25
11, 31, 124, 39
11, 98, 125, 41
11, 293, 125, 2
11, 327, 125, 26
11, 12, 125, 17
11, 143, 125, 3
11, 273, 125, 92
11, 85, 125, 41
11, 86, 125, 34
11, 248, 125, 79
11, 225, 126, 67
11, 161, 126, 14
11, 90, 126, 89
11, 198, 126, 51
11, 296, 126, 75
11, 105, 126, 53
11, 346, 126, 72
11, 142, 126, 26
11, 238, 126, 38
11, 253, 126, 78
11, 341, 126, 58
11, 279, 126, 95
11, 249, 126, 17
11, 58, 126, 12
11, 91, 126, 43
11, 124, 126, 57
11, 125, 126, 73
11, 94, 126, 84
11, 353, 127, 26
11, 388, 127, 5
11, 356, 127, 33
11, 6, 127, 40
11, 154, 127, 41
11, 173, 127, 97
11, 239, 127, 21
11, 17, 127, 19
11, 114, 127, 43
11, 83, 127, 22
11, 53, 127, 9
11, 119, 127, 53
11, 282, 127, 91
11, 379, 127, 82
11, 317, 127, 54
11, 384, 128, 16
11, 360, 128, 90
11, 141, 128, 87
11, 242, 128, 2
11, 87, 128, 98
11, 256, 129, 65
11, 66, 129, 19
11, 355, 129, 50
11, 100, 129, 82
11, 354, 129, 15
11, 389, 129, 66
11, 9, 129, 5
11, 363, 129, 62
11, 270, 129, 40
11, 303, 129, 10
11, 144, 129, 69
11, 92, 129, 80
11, 371, 129, 29
11, 117, 129, 46
11, 57, 129, 69
11, 26, 129, 90
11, 284, 129, 25
11, 383, 129, 36
11, 385, 130, 83
11, 259, 130, 70
11, 99, 130, 83
11, 5, 130, 45
11, 15, 130, 99
11, 337, 130, 53
11, 274, 130, 65
11, 52, 130, 26
11, 348, 130, 43
11, 319, 130, 76
11, 133, 131, 5
11, 102, 131, 45
11, 197, 131, 16
11, 261, 131, 13
11, 173, 131, 97
11, 271, 131, 19
11, 379, 131, 82
11, 341, 131, 58
11, 181, 131, 89
11, 91, 131, 43
11, 129, 132, 87
11, 322, 132, 78
11, 227, 132, 83
11, 97, 132, 84
11, 293, 132, 2
11, 162, 132, 73
11, 204, 132, 18
11, 123, 132, 41
11, 258, 133, 93
11, 226, 133, 68
11, 131, 133, 7
11, 101, 133, 69
11, 135, 133, 76
11, 75, 133, 40
11, 397, 133, 55
11, 398, 133, 13
11, 82, 133, 68
11, 307, 133, 53
11, 212, 133, 37
11, 373, 133, 78
11, 343, 133, 38
11, 88, 133, 87
11, 313, 133, 36
11, 283, 133, 19
11, 60, 133, 51
11, 126, 133, 65
11, 98, 134, 41
11, 227, 134, 83
11, 165, 134, 58
11, 218, 134, 39
11, 235, 134, 10
11, 140, 134, 82
11, 76, 134, 55
11, 116, 134, 89
11, 86, 134, 34
11, 248, 134, 79
11, 26, 134, 90
11, 317, 134, 54
11, 64, 135, 31
11, 97, 135, 84
11, 386, 135, 73
11, 198, 135, 51
11, 6, 135, 40
11, 328, 135, 59
11, 326, 135, 44
11, 395, 135, 18
11, 145, 135, 26
11, 181, 135, 89
11, 247, 135, 11
11, 312, 135, 49
11, 283, 135, 19
11, 380, 135, 92
11, 158, 135, 48
11, 224, 136, 8
11, 2, 136, 60
11, 69, 136, 40
11, 391, 136, 91
11, 167, 136, 8
11, 329, 136, 26
11, 138, 136, 90
11, 267, 136, 38
11, 395, 136, 18
11, 272, 136, 26
11, 244, 136, 82
11, 119, 136, 53
11, 87, 136, 98
11, 88, 136, 87
11, 249, 136, 17
11, 29, 136, 7
11, 62, 136, 37
11, 0, 137, 63
11, 129, 137, 87
11, 68, 137, 32
11, 196, 137, 39
11, 394, 137, 17
11, 204, 137, 18
11, 339, 137, 3
11, 342, 137, 50
11, 376, 137, 38
11, 25, 137, 91
11, 250, 137, 5
11, 2, 138, 60
11, 227, 138, 83
11, 9, 138, 5
11, 143, 138, 3
11, 211, 138, 59
11, 185, 138, 41
11, 129, 139, 87
11, 98, 139, 41
11, 3, 139, 81
11, 68, 139, 32
11, 5, 139, 45
11, 162, 139, 73
11, 71, 139, 54
11, 69, 139, 40
11, 106, 139, 28
11, 237, 139, 32
11, 174, 139, 2
11, 13, 139, 88
11, 336, 139, 88
11, 54, 139, 58
11, 218, 139, 39
11, 158, 139, 48
11, 256, 140, 65
11, 159, 140, 45
11, 162, 140, 73
11, 164, 140, 46
11, 201, 140, 16
11, 170, 140, 3
11, 266, 140, 68
11, 237, 140, 32
11, 174, 140, 2
11, 48, 140, 25
11, 156, 140, 65
11, 178, 140, 4
11, 308, 140, 17
11, 180, 140, 17
11, 60, 140, 51
11, 95, 140, 61
11, 133, 141, 5
11, 262, 141, 60
11, 22, 141, 73
11, 156, 141, 65
11, 158, 141, 48
11, 169, 141, 62
11, 170, 141, 3
11, 43, 141, 17
11, 194, 141, 41
11, 67, 141, 31
11, 201, 141, 16
11, 337, 141, 53
11, 213, 141, 69
11, 91, 141, 43
11, 350, 141, 46
11, 353, 141, 26
11, 355, 141, 50
11, 118, 141, 48
11, 253, 141, 78
11, 32, 142, 25
11, 164, 142, 46
11, 325, 142, 68
11, 231, 142, 4
11, 360, 142, 90
11, 200, 142, 96
11, 10, 142, 58
11, 107, 142, 48
11, 113, 142, 86
11, 274, 142, 65
11, 180, 142, 17
11, 116, 142, 89
11, 278, 142, 85
11, 247, 142, 11
11, 25, 142, 91
11, 154, 142, 41
11, 255, 142, 72
11, 134, 143, 8
11, 168, 143, 18
11, 140, 143, 82
11, 13, 143, 88
11, 109, 143, 26
11, 211, 143, 59
11, 245, 143, 61
11, 342, 143, 50
11, 213, 143, 69
11, 345, 143, 79
11, 232, 144, 24
11, 9, 144, 5
11, 298, 144, 52
11, 332, 144, 76
11, 81, 144, 40
11, 119, 144, 53
11, 248, 144, 79
11, 123, 144, 41
11, 120, 144, 51
11, 129, 145, 87
11, 387, 145, 75
11, 227, 145, 83
11, 101, 145, 69
11, 333, 145, 89
11, 13, 145, 88
11, 239, 145, 21
11, 177, 145, 30
11, 87, 145, 98
11, 248, 145, 79
11, 345, 145, 79
11, 311, 145, 78
11, 350, 145, 46
11, 384, 146, 16
11, 292, 146, 68
11, 325, 146, 68
11, 198, 146, 51
11, 173, 146, 97
11, 46, 146, 31
11, 45, 146, 79
11, 19, 146, 99
11, 211, 146, 59
11, 85, 146, 41
11, 353, 147, 26
11, 35, 147, 60
11, 331, 147, 66
11, 237, 147, 32
11, 142, 147, 26
11, 120, 147, 51
11, 315, 147, 83
11, 99, 148, 83
11, 6, 148, 40
11, 135, 148, 76
11, 281, 148, 10
11, 298, 148, 52
11, 74, 148, 4
11, 207, 148, 14
11, 79, 148, 20
11, 149, 148, 87
11, 25, 148, 91
11, 95, 148, 61
11, 31, 148, 39
11, 229, 149, 93
11, 166, 149, 85
11, 359, 149, 40
11, 202, 149, 86
11, 235, 149, 10
11, 336, 149, 88
11, 156, 149, 65
11, 159, 149, 45
11, 259, 150, 70
11, 133, 150, 5
11, 264, 150, 40
11, 147, 150, 75
11, 148, 150, 48
11, 150, 150, 81
11, 159, 150, 45
11, 165, 150, 58
11, 39, 150, 73
11, 40, 150, 41
11, 44, 150, 39
11, 177, 150, 30
11, 64, 150, 31
11, 334, 150, 53
11, 80, 150, 95
11, 345, 150, 79
11, 222, 150, 10
11, 244, 150, 82
11, 253, 150, 78
11, 153, 151, 25
11, 355, 151, 50
11, 228, 151, 53
11, 170, 151, 3
11, 51, 151, 94
11, 25, 151, 91
11, 315, 151, 83
11, 256, 152, 65
11, 8, 152, 97
11, 397, 152, 55
11, 399, 152, 7
11, 147, 152, 75
11, 150, 152, 81
11, 292, 152, 68
11, 295, 152, 27
11, 45, 152, 79
11, 47, 152, 83
11, 184, 152, 69
11, 185, 152, 41
11, 317, 152, 54
11, 194, 152, 41
11, 196, 152, 39
11, 200, 152, 96
11, 334, 152, 53
11, 214, 152, 24
11, 95, 152, 61
11, 321, 153, 12
11, 358, 153, 63
11, 313, 153, 36
11, 393, 153, 15
11, 141, 153, 87
11, 398, 153, 13
11, 338, 153, 3
11, 182, 153, 28
11, 312, 153, 49
11, 345, 153, 79
11, 257, 154, 69
11, 260, 154, 6
11, 390, 154, 3
11, 12, 154, 17
11, 277, 154, 73
11, 300, 154, 5
11, 176, 154, 71
11, 67, 154, 31
11, 74, 154, 4
11, 333, 154, 89
11, 215, 154, 67
11, 89, 154, 84
11, 220, 154, 43
11, 225, 154, 67
11, 355, 154, 50
11, 245, 154, 61
11, 122, 154, 82
11, 252, 154, 74
11, 254, 154, 72
11, 161, 155, 14
11, 323, 155, 59
11, 260, 155, 6
11, 196, 155, 39
11, 232, 155, 24
11, 171, 155, 74
11, 300, 155, 5
11, 109, 155, 26
11, 144, 155, 69
11, 17, 155, 19
11, 149, 155, 87
11, 280, 155, 56
11, 25, 155, 91
11, 282, 155, 91
11, 315, 155, 83
11, 31, 155, 39
11, 353, 156, 26
11, 388, 156, 5
11, 293, 156, 2
11, 108, 156, 49
11, 205, 156, 56
11, 272, 156, 26
11, 17, 156, 19
11, 273, 156, 92
11, 148, 156, 48
11, 118, 156, 48
11, 152, 156, 68
11, 186, 156, 20
11, 187, 156, 32
11, 4, 157, 42
11, 228, 157, 53
11, 49, 157, 37
11, 146, 157, 82
11, 376, 157, 38
11, 25, 157, 91
11, 63, 157, 93
11, 69, 158, 40
11, 200, 158, 96
11, 104, 158, 5
11, 330, 158, 27
11, 239, 158, 21
11, 23, 158, 37
11, 376, 158, 38
11, 3, 159, 81
11, 132, 159, 67
11, 264, 159, 40
11, 396, 159, 41
11, 23, 159, 37
11, 157, 159, 71
11, 288, 159, 67
11, 40, 159, 41
11, 45, 159, 79
11, 55, 159, 20
11, 314, 159, 99
11, 315, 159, 83
11, 62, 159, 37
11, 71, 159, 54
11, 75, 159, 40
11, 203, 159, 28
11, 344, 159, 11
11, 110, 159, 12
11, 247, 159, 11
11, 124, 159, 57
11, 322, 160, 78
11, 99, 160, 83
11, 100, 160, 82
11, 197, 160, 16
11, 329, 160, 26
11, 363, 160, 62
11, 268, 160, 64
11, 210, 160, 72
11, 147, 160, 75
11, 180, 160, 17
11, 214, 160, 24
11, 189, 160, 32
11, 158, 160, 48
11, 227, 161, 83
11, 296, 161, 75
11, 45, 161, 79
11, 303, 161, 10
11, 120, 161, 51
11, 313, 161, 36
11, 122, 161, 82
11, 157, 161, 71
11, 25, 161, 91
11, 386, 162, 73
11, 390, 162, 3
11, 267, 162, 38
11, 142, 162, 26
11, 270, 162, 40
11, 25, 162, 91
11, 163, 162, 85
11, 169, 162, 62
11, 306, 162, 52
11, 307, 162, 53
11, 55, 162, 20
11, 70, 162, 22
11, 329, 162, 26
11, 212, 162, 37
11, 228, 162, 53
11, 103, 162, 28
11, 360, 162, 90
11, 235, 162, 10
11, 381, 162, 31
11, 353, 163, 26
11, 130, 163, 81
11, 387, 163, 75
11, 36, 163, 70
11, 164, 163, 46
11, 165, 163, 58
11, 73, 163, 33
11, 41, 163, 83
11, 361, 163, 52
11, 333, 163, 89
11, 77, 163, 21
11, 372, 163, 20
11, 22, 163, 73
11, 154, 163, 41
11, 381, 163, 31
11, 1, 164, 95
11, 48, 164, 25
11, 250, 164, 5
11, 251, 164, 3
11, 316, 164, 95
11, 31, 164, 39
11, 0, 165, 63
11, 390, 165, 3
11, 263, 165, 64
11, 14, 165, 49
11, 26, 165, 90
11, 157, 165, 71
11, 163, 165, 85
11, 45, 165, 79
11, 307, 165, 53
11, 312, 165, 49
11, 185, 165, 41
11, 58, 165, 12
11, 319, 165, 76
11, 329, 165, 26
11, 347, 165, 48
11, 348, 165, 43
11, 108, 165, 49
11, 369, 165, 45
11, 241, 165, 77
11, 322, 166, 78
11, 107, 166, 48
11, 81, 166, 40
11, 55, 166, 20
11, 119, 166, 53
11, 152, 166, 68
11, 189, 166, 32
11, 96, 167, 5
11, 318, 167, 87
11, 100, 167, 82
11, 269, 167, 33
11, 397, 167, 55
11, 207, 167, 14
11, 144, 167, 69
11, 253, 167, 78
11, 350, 167, 46
11, 32, 168, 25
11, 99, 168, 83
11, 38, 168, 29
11, 359, 168, 40
11, 233, 168, 76
11, 106, 168, 28
11, 363, 168, 62
11, 203, 168, 28
11, 10, 168, 58
11, 267, 168, 38
11, 176, 168, 71
11, 241, 168, 77
11, 52, 168, 26
11, 377, 168, 90
11, 58, 168, 12
11, 187, 168, 32
11, 262, 169, 60
11, 138, 169, 90
11, 144, 169, 69
11, 272, 169, 26
11, 17, 169, 19
11, 149, 169, 87
11, 281, 169, 10
11, 283, 169, 19
11, 169, 169, 62
11, 174, 169, 2
11, 179, 169, 8
11, 191, 169, 83
11, 326, 169, 44
11, 80, 169, 95
11, 214, 169, 24
11, 104, 169, 5
11, 109, 169, 26
11, 250, 169, 5
11, 382, 169, 92
11, 34, 170, 86
11, 391, 170, 91
11, 39, 170, 73
11, 302, 170, 7
11, 379, 170, 82
11, 385, 171, 83
11, 138, 171, 90
11, 278, 171, 85
11, 153, 171, 25
11, 25, 171, 91
11, 156, 171, 65
11, 285, 171, 50
11, 286, 171, 50
11, 181, 171, 89
11, 189, 171, 32
11, 317, 171, 54
11, 64, 171, 31
11, 68, 171, 32
11, 75, 171, 40
11, 77, 171, 21
11, 106, 171, 28
11, 242, 171, 2
11, 118, 171, 48
11, 375, 171, 91
11, 120, 171, 51
11, 354, 172, 15
11, 163, 172, 85
11, 103, 172, 28
11, 40, 172, 41
11, 265, 172, 29
11, 42, 172, 26
11, 267, 172, 38
11, 10, 172, 58
11, 173, 172, 97
11, 270, 172, 40
11, 15, 172, 99
11, 17, 172, 19
11, 370, 172, 88
11, 89, 172, 84
11, 58, 172, 12
11, 252, 172, 74
11, 253, 172, 78
11, 160, 173, 72
11, 291, 173, 15
11, 228, 173, 53
11, 230, 173, 49
11, 199, 173, 53
11, 168, 173, 18
11, 329, 173, 26
11, 330, 173, 27
11, 170, 173, 3
11, 234, 173, 83
11, 43, 173, 17
11, 53, 173, 9
11, 342, 173, 50
11, 55, 173, 20
11, 87, 173, 98
11, 377, 173, 90
11, 58, 173, 12
11, 135, 174, 76
11, 105, 174, 53
11, 169, 174, 62
11, 331, 174, 66
11, 337, 174, 53
11, 17, 174, 19
11, 146, 174, 82
11, 52, 174, 26
11, 258, 175, 93
11, 170, 175, 3
11, 299, 175, 25
11, 176, 175, 71
11, 81, 175, 40
11, 344, 175, 11
11, 159, 175, 45
11, 324, 176, 35
11, 238, 176, 38
11, 240, 176, 27
11, 83, 176, 22
11, 58, 176, 12
11, 28, 176, 81
11, 286, 176, 50
11, 280, 177, 56
11, 344, 177, 11
11, 163, 177, 85
11, 231, 177, 4
11, 169, 177, 62
11, 173, 177, 97
11, 399, 177, 7
11, 50, 177, 46
11, 211, 177, 59
11, 348, 177, 43
11, 152, 177, 68
11, 282, 177, 91
11, 187, 177, 32
11, 252, 177, 74
11, 311, 177, 78
11, 375, 177, 91
11, 289, 178, 54
11, 197, 178, 16
11, 39, 178, 73
11, 264, 178, 40
11, 361, 178, 52
11, 393, 178, 15
11, 72, 178, 1
11, 300, 178, 5
11, 270, 178, 40
11, 304, 178, 96
11, 49, 178, 37
11, 211, 178, 59
11, 280, 178, 56
11, 249, 178, 17
11, 120, 178, 51
11, 222, 178, 10
11, 63, 178, 93
11, 192, 179, 56
11, 384, 179, 16
11, 354, 179, 15
11, 386, 179, 73
11, 34, 179, 86
11, 391, 179, 91
11, 265, 179, 29
11, 112, 179, 95
11, 18, 179, 54
11, 85, 179, 41
11, 184, 179, 69
11, 188, 179, 97
11, 189, 179, 32
11, 351, 179, 56
11, 100, 180, 82
11, 326, 180, 44
11, 262, 180, 60
11, 105, 180, 53
11, 42, 180, 26
11, 170, 180, 3
11, 141, 180, 87
11, 275, 180, 44
11, 20, 180, 71
11, 308, 180, 17
11, 52, 180, 26
11, 311, 180, 78
11, 215, 180, 67
11, 125, 180, 73
11, 256, 181, 65
11, 386, 181, 73
11, 10, 181, 58
11, 272, 181, 26
11, 153, 181, 25
11, 287, 181, 80
11, 161, 181, 14
11, 162, 181, 73
11, 172, 181, 53
11, 322, 181, 78
11, 204, 181, 18
11, 212, 181, 37
11, 342, 181, 50
11, 343, 181, 38
11, 101, 181, 69
11, 237, 181, 32
11, 111, 181, 35
11, 121, 181, 95
11, 123, 181, 41
11, 66, 182, 19
11, 26, 182, 90
11, 389, 182, 66
11, 137, 182, 76
11, 107, 182, 48
11, 139, 182, 77
11, 12, 182, 17
11, 332, 182, 76
11, 15, 182, 99
11, 112, 182, 95
11, 271, 182, 19
11, 174, 182, 2
11, 23, 182, 37
11, 58, 182, 12
11, 92, 182, 80
11, 63, 182, 93
11, 64, 183, 31
11, 35, 183, 60
11, 387, 183, 75
11, 326, 183, 44
11, 8, 183, 97
11, 76, 183, 55
11, 45, 183, 79
11, 334, 183, 53
11, 352, 184, 69
11, 287, 184, 80
11, 233, 184, 76
11, 47, 184, 83
11, 279, 184, 95
11, 121, 184, 95
11, 126, 184, 65
11, 95, 184, 61
11, 160, 185, 72
11, 225, 185, 67
11, 260, 185, 6
11, 4, 185, 42
11, 358, 185, 63
11, 6, 185, 40
11, 267, 185, 38
11, 315, 185, 83
11, 337, 185, 53
11, 115, 185, 75
11, 51, 185, 94
11, 20, 185, 71
11, 374, 185, 22
11, 182, 185, 28
11, 90, 185, 89
11, 155, 185, 15
11, 390, 186, 3
11, 392, 186, 18
11, 28, 186, 81
11, 209, 186, 97
11, 306, 186, 52
11, 50, 186, 46
11, 150, 186, 81
11, 246, 186, 80
11, 56, 186, 91
11, 188, 186, 97
11, 356, 187, 33
11, 329, 187, 26
11, 201, 187, 16
11, 273, 187, 92
11, 115, 187, 75
11, 189, 187, 32
11, 376, 187, 38
11, 124, 187, 57
11, 93, 187, 27
11, 230, 188, 49
11, 204, 188, 18
11, 305, 188, 35
11, 182, 188, 28
11, 313, 188, 36
11, 352, 189, 69
11, 129, 189, 87
11, 130, 189, 81
11, 4, 189, 42
11, 261, 189, 13
11, 263, 189, 64
11, 363, 189, 62
11, 365, 189, 33
11, 78, 189, 6
11, 397, 189, 55
11, 46, 189, 31
11, 305, 189, 35
11, 114, 189, 43
11, 338, 189, 3
11, 243, 189, 31
11, 345, 189, 79
11, 90, 189, 89
11, 254, 189, 72
11, 209, 190, 97
11, 82, 190, 68
11, 22, 190, 73
11, 247, 190, 11
11, 218, 190, 39
11, 253, 190, 78
11, 34, 191, 86
11, 227, 191, 83
11, 231, 191, 4
11, 264, 191, 40
11, 137, 191, 76
11, 44, 191, 39
11, 398, 191, 13
11, 143, 191, 3
11, 368, 191, 10
11, 15, 191, 99
11, 344, 191, 11
11, 377, 191, 90
11, 253, 191, 78
11, 254, 191, 72
11, 289, 192, 54
11, 97, 192, 84
11, 258, 192, 93
11, 397, 192, 55
11, 206, 192, 82
11, 119, 192, 53
11, 183, 192, 96
11, 313, 192, 36
11, 351, 192, 56
11, 387, 193, 75
11, 265, 193, 29
11, 12, 193, 17
11, 147, 193, 75
11, 22, 193, 73
11, 42, 193, 26
11, 174, 193, 2
11, 181, 193, 89
11, 314, 193, 99
11, 315, 193, 83
11, 326, 193, 44
11, 200, 193, 96
11, 201, 193, 16
11, 346, 193, 72
11, 219, 193, 71
11, 96, 193, 5
11, 97, 193, 84
11, 106, 193, 28
11, 248, 193, 79
11, 382, 193, 92
11, 328, 194, 59
11, 333, 194, 89
11, 367, 194, 19
11, 242, 194, 2
11, 212, 194, 37
11, 92, 194, 80
11, 351, 194, 56
11, 353, 195, 26
11, 259, 195, 70
11, 387, 195, 75
11, 198, 195, 51
11, 326, 195, 44
11, 40, 195, 41
11, 359, 195, 40
11, 170, 195, 3
11, 363, 195, 62
11, 172, 195, 53
11, 175, 195, 33
11, 15, 195, 99
11, 49, 195, 37
11, 211, 195, 59
11, 87, 195, 98
11, 154, 195, 41
11, 251, 195, 3
11, 126, 195, 65
11, 128, 196, 38
11, 354, 196, 15
11, 267, 196, 38
11, 366, 196, 64
11, 273, 196, 92
11, 19, 196, 99
11, 379, 196, 82
11, 57, 196, 69
11, 154, 196, 41
11, 123, 196, 41
11, 33, 197, 19
11, 312, 197, 49
11, 4, 197, 42
11, 362, 197, 25
11, 331, 197, 66
11, 301, 197, 23
11, 368, 197, 10
11, 272, 197, 26
11, 146, 197, 82
11, 211, 197, 59
11, 50, 197, 46
11, 339, 197, 3
11, 342, 197, 50
11, 246, 197, 80
11, 118, 197, 48
11, 121, 197, 95
11, 250, 197, 5
11, 152, 197, 68
11, 257, 198, 69
11, 162, 198, 73
11, 130, 198, 81
11, 71, 198, 54
11, 264, 198, 40
11, 271, 198, 19
11, 144, 198, 69
11, 112, 198, 95
11, 55, 198, 20
11, 23, 198, 37
11, 281, 198, 10
11, 154, 198, 41
11, 123, 198, 41
11, 255, 198, 72
11, 322, 199, 78
11, 163, 199, 85
11, 36, 199, 70
11, 363, 199, 62
11, 109, 199, 26
11, 144, 199, 69
11, 177, 199, 30
11, 190, 199, 17
11, 349, 199, 22
11, 30, 199, 3
