200, 400, 20
12, 130, 0, 13
12, 163, 0, 73
12, 387, 0, 69
12, 391, 0, 13
12, 170, 0, 74
12, 299, 0, 56
12, 365, 0, 97
12, 177, 0, 54
12, 115, 0, 44
12, 373, 0, 25
12, 53, 0, 18
12, 377, 0, 24
12, 199, 1, 14
12, 13, 1, 84
12, 239, 1, 1
12, 210, 1, 3
12, 114, 1, 75
12, 88, 1, 89
12, 380, 1, 56
12, 287, 1, 83
12, 385, 2, 87
12, 7, 2, 98
12, 148, 2, 88
12, 150, 2, 10
12, 25, 2, 52
12, 290, 2, 70
12, 179, 2, 59
12, 180, 2, 5
12, 308, 2, 88
12, 54, 2, 93
12, 326, 2, 21
12, 73, 2, 27
12, 330, 2, 44
12, 206, 2, 2
12, 207, 2, 49
12, 342, 2, 63
12, 348, 2, 9
12, 226, 2, 18
12, 116, 2, 84
12, 246, 2, 78
12, 256, 3, 69
12, 217, 3, 63
12, 325, 3, 52
12, 168, 3, 52
12, 42, 3, 35
12, 235, 3, 61
12, 44, 3, 84
12, 143, 3, 50
12, 369, 3, 3
12, 19, 3, 8
12, 116, 3, 84
12, 342, 3, 63
12, 87, 3, 55
12, 249, 3, 76
12, 93, 3, 75
12, 95, 3, 15
12, 0, 4, 29
12, 294, 4, 65
12, 102, 4, 44
12, 328, 4, 26
12, 233, 4, 87
12, 139, 4, 81
12, 171, 4, 4
12, 301, 4, 48
12, 109, 4, 77
12, 251, 4, 54
12, 334, 4, 54
12, 397, 4, 84
12, 347, 4, 71
12, 395, 4, 45
12, 117, 4, 96
12, 181, 4, 23
12, 379, 4, 29
12, 191, 4, 55
12, 288, 5, 64
12, 257, 5, 35
12, 325, 5, 52
12, 135, 5, 68
12, 264, 5, 80
12, 13, 5, 84
12, 15, 5, 68
12, 283, 5, 43
12, 182, 5, 64
12, 315, 5, 45
12, 227, 6, 86
12, 324, 6, 9
12, 133, 6, 30
12, 294, 6, 65
12, 325, 6, 52
12, 11, 6, 44
12, 395, 6, 45
12, 240, 6, 44
12, 273, 6, 64
12, 246, 6, 78
12, 374, 6, 21
12, 216, 6, 4
12, 183, 6, 55
12, 314, 6, 10
12, 379, 6, 29
12, 191, 6, 55
12, 352, 7, 52
12, 257, 7, 35
12, 358, 7, 3
12, 330, 7, 44
12, 331, 7, 44
12, 203, 7, 42
12, 52, 7, 22
12, 372, 7, 42
12, 157, 7, 24
12, 285, 7, 57
12, 382, 7, 89
12, 161, 8, 84
12, 393, 8, 83
12, 236, 8, 95
12, 365, 8, 97
12, 301, 8, 48
12, 341, 8, 9
12, 382, 8, 89
12, 322, 9, 61
12, 374, 9, 21
12, 185, 9, 29
12, 251, 9, 54
12, 60, 9, 10
12, 33, 10, 29
12, 167, 10, 36
12, 336, 10, 94
12, 179, 10, 59
12, 85, 10, 49
12, 245, 10, 73
12, 120, 10, 42
12, 155, 10, 18
12, 354, 11, 51
12, 122, 11, 88
12, 199, 11, 14
12, 264, 11, 80
12, 297, 11, 26
12, 9, 11, 47
12, 203, 11, 42
12, 332, 11, 32
12, 240, 11, 44
12, 18, 11, 42
12, 119, 11, 40
12, 215, 11, 72
12, 188, 11, 51
12, 127, 11, 57
12, 224, 12, 85
12, 97, 12, 78
12, 387, 12, 69
12, 324, 12, 9
12, 71, 12, 81
12, 41, 12, 61
12, 138, 12, 57
12, 144, 12, 56
12, 48, 12, 77
12, 273, 12, 64
12, 83, 12, 93
12, 116, 12, 84
12, 311, 12, 84
12, 312, 12, 91
12, 343, 12, 59
12, 319, 12, 5
12, 128, 13, 28
12, 354, 13, 51
12, 163, 13, 73
12, 229, 13, 65
12, 357, 13, 1
12, 71, 13, 81
12, 197, 13, 22
12, 43, 13, 89
12, 237, 13, 28
12, 17, 13, 20
12, 372, 13, 42
12, 277, 13, 73
12, 246, 13, 78
12, 56, 13, 43
12, 252, 13, 21
12, 97, 14, 78
12, 226, 14, 18
12, 126, 14, 83
12, 356, 14, 14
12, 5, 14, 62
12, 197, 14, 22
12, 135, 14, 68
12, 328, 14, 26
12, 297, 14, 26
12, 20, 14, 87
12, 120, 14, 42
12, 218, 14, 52
12, 190, 14, 76
12, 319, 14, 5
12, 291, 15, 3
12, 196, 15, 29
12, 390, 15, 87
12, 42, 15, 35
12, 363, 15, 50
12, 108, 15, 85
12, 202, 15, 17
12, 210, 15, 3
12, 189, 15, 11
12, 256, 16, 69
12, 384, 16, 8
12, 390, 16, 87
12, 266, 16, 58
12, 145, 16, 70
12, 283, 16, 43
12, 42, 16, 35
12, 43, 16, 89
12, 172, 16, 41
12, 44, 16, 84
12, 303, 16, 66
12, 312, 16, 91
12, 313, 16, 62
12, 323, 16, 31
12, 224, 16, 85
12, 100, 16, 40
12, 365, 16, 97
12, 373, 16, 25
12, 254, 16, 87
12, 383, 16, 75
12, 129, 17, 44
12, 8, 17, 54
12, 279, 17, 55
12, 153, 17, 28
12, 25, 17, 52
12, 285, 17, 57
12, 172, 17, 41
12, 307, 17, 51
12, 316, 17, 33
12, 196, 17, 29
12, 197, 17, 22
12, 206, 17, 2
12, 336, 17, 94
12, 219, 17, 86
12, 95, 17, 15
12, 225, 17, 33
12, 102, 17, 44
12, 119, 17, 40
12, 123, 17, 96
12, 253, 17, 54
12, 97, 18, 78
12, 129, 18, 44
12, 230, 18, 65
12, 209, 18, 23
12, 18, 18, 42
12, 37, 19, 12
12, 74, 19, 59
12, 17, 19, 20
12, 343, 19, 59
12, 378, 19, 11
12, 191, 19, 55
12, 194, 20, 41
12, 258, 20, 94
12, 260, 20, 56
12, 197, 20, 22
12, 299, 20, 56
12, 51, 20, 16
12, 246, 20, 78
12, 97, 21, 78
12, 1, 21, 63
12, 3, 21, 11
12, 39, 21, 45
12, 361, 21, 6
12, 330, 21, 44
12, 397, 21, 84
12, 78, 21, 7
12, 334, 21, 54
12, 81, 21, 38
12, 147, 21, 27
12, 149, 21, 66
12, 221, 21, 43
12, 352, 22, 52
12, 231, 22, 62
12, 169, 22, 80
12, 330, 22, 44
12, 43, 22, 89
12, 109, 22, 77
12, 174, 22, 6
12, 305, 22, 98
12, 119, 22, 40
12, 191, 22, 55
12, 136, 23, 41
12, 265, 23, 93
12, 274, 23, 60
12, 167, 23, 36
12, 41, 23, 61
12, 51, 23, 16
12, 67, 23, 93
12, 197, 23, 22
12, 73, 23, 27
12, 330, 23, 44
12, 206, 23, 2
12, 80, 23, 10
12, 220, 23, 71
12, 349, 23, 82
12, 107, 23, 78
12, 111, 23, 20
12, 113, 23, 68
12, 249, 23, 76
12, 383, 23, 75
12, 97, 24, 78
12, 225, 24, 33
12, 199, 24, 14
12, 73, 24, 27
12, 145, 24, 70
12, 244, 24, 73
12, 52, 24, 22
12, 246, 24, 78
12, 377, 24, 24
12, 346, 24, 28
12, 60, 24, 10
12, 32, 25, 65
12, 2, 25, 72
12, 359, 25, 88
12, 74, 25, 59
12, 205, 25, 44
12, 141, 25, 19
12, 207, 25, 49
12, 209, 25, 23
12, 82, 25, 18
12, 126, 25, 83
12, 61, 25, 6
12, 254, 25, 87
12, 63, 25, 13
12, 257, 26, 35
12, 290, 26, 70
12, 292, 26, 75
12, 133, 26, 30
12, 6, 26, 14
12, 113, 26, 68
12, 145, 26, 70
12, 339, 26, 20
12, 338, 26, 35
12, 117, 26, 96
12, 154, 26, 30
12, 155, 26, 18
12, 348, 26, 9
12, 254, 26, 87
12, 351, 26, 15
12, 289, 27, 46
12, 194, 27, 41
12, 290, 27, 70
12, 132, 27, 17
12, 168, 27, 52
12, 137, 27, 74
12, 233, 27, 87
12, 45, 27, 75
12, 308, 27, 88
12, 341, 27, 9
12, 280, 27, 62
12, 345, 27, 63
12, 156, 27, 6
12, 189, 27, 11
12, 191, 27, 55
12, 326, 28, 21
12, 327, 28, 99
12, 363, 28, 50
12, 121, 28, 66
12, 58, 28, 58
12, 127, 28, 57
12, 101, 29, 92
12, 103, 29, 71
12, 137, 29, 74
12, 171, 29, 4
12, 76, 29, 58
12, 14, 29, 58
12, 283, 29, 43
12, 337, 29, 41
12, 85, 29, 49
12, 218, 29, 52
12, 91, 29, 38
12, 384, 30, 8
12, 170, 30, 74
12, 53, 30, 18
12, 278, 30, 81
12, 60, 30, 10
12, 225, 31, 33
12, 290, 31, 70
12, 312, 31, 91
12, 294, 31, 65
12, 104, 31, 77
12, 200, 31, 41
12, 107, 31, 78
12, 11, 31, 44
12, 336, 31, 94
12, 19, 31, 8
12, 341, 31, 9
12, 117, 31, 96
12, 375, 31, 92
12, 216, 31, 4
12, 246, 31, 78
12, 220, 31, 71
12, 255, 31, 95
12, 321, 32, 15
12, 362, 32, 58
12, 18, 32, 42
12, 242, 32, 62
12, 183, 32, 55
12, 90, 32, 57
12, 353, 33, 89
12, 390, 33, 87
12, 365, 33, 97
12, 16, 33, 58
12, 117, 33, 96
12, 153, 33, 28
12, 221, 33, 43
12, 257, 34, 35
12, 389, 34, 82
12, 168, 34, 52
12, 137, 34, 74
12, 365, 34, 97
12, 346, 34, 28
12, 241, 34, 67
12, 148, 34, 88
12, 342, 34, 63
12, 57, 34, 30
12, 250, 34, 18
12, 156, 34, 6
12, 351, 34, 15
12, 256, 35, 69
12, 32, 35, 65
12, 394, 35, 61
12, 11, 35, 44
12, 172, 35, 41
12, 18, 35, 42
12, 184, 35, 7
12, 384, 36, 8
12, 292, 36, 75
12, 167, 36, 36
12, 391, 36, 13
12, 9, 36, 47
12, 202, 36, 17
12, 204, 36, 3
12, 270, 36, 7
12, 16, 36, 58
12, 368, 36, 15
12, 213, 36, 33
12, 247, 36, 84
12, 222, 36, 59
12, 6, 37, 14
12, 199, 37, 14
12, 136, 37, 41
12, 110, 37, 78
12, 118, 37, 26
12, 158, 37, 4
12, 257, 38, 35
12, 388, 38, 2
12, 6, 38, 14
12, 8, 38, 54
12, 393, 38, 83
12, 265, 38, 93
12, 20, 38, 87
12, 21, 38, 70
12, 155, 38, 18
12, 163, 38, 73
12, 45, 38, 75
12, 195, 38, 71
12, 198, 38, 80
12, 91, 38, 38
12, 220, 38, 71
12, 102, 38, 44
12, 230, 38, 65
12, 249, 38, 76
12, 251, 38, 54
12, 128, 39, 28
12, 296, 39, 44
12, 105, 39, 38
12, 169, 39, 80
12, 13, 39, 84
12, 110, 39, 78
12, 192, 40, 94
12, 64, 40, 29
12, 386, 40, 4
12, 163, 40, 73
12, 137, 40, 74
12, 394, 40, 61
12, 173, 40, 88
12, 47, 40, 77
12, 145, 40, 70
12, 370, 40, 8
12, 90, 40, 57
12, 379, 40, 29
12, 160, 41, 42
12, 192, 41, 94
12, 229, 41, 65
12, 263, 41, 41
12, 136, 41, 41
12, 59, 41, 22
12, 395, 41, 45
12, 107, 41, 78
12, 45, 41, 75
12, 110, 41, 78
12, 272, 41, 48
12, 306, 41, 53
12, 87, 41, 55
12, 219, 41, 86
12, 61, 41, 6
12, 287, 41, 83
12, 192, 42, 94
12, 384, 42, 8
12, 322, 42, 61
12, 163, 42, 73
12, 389, 42, 82
12, 134, 42, 66
12, 7, 42, 98
12, 41, 42, 61
12, 237, 42, 28
12, 111, 42, 20
12, 272, 42, 48
12, 113, 42, 68
12, 242, 42, 62
12, 179, 42, 59
12, 150, 42, 10
12, 379, 42, 29
12, 289, 43, 46
12, 35, 43, 82
12, 260, 43, 56
12, 75, 43, 30
12, 270, 43, 7
12, 16, 43, 58
12, 179, 43, 59
12, 340, 43, 99
12, 54, 43, 93
12, 216, 43, 4
12, 89, 43, 25
12, 59, 43, 22
12, 349, 43, 82
12, 184, 43, 7
12, 64, 44, 29
12, 0, 44, 29
12, 326, 44, 21
12, 393, 44, 83
12, 138, 44, 57
12, 44, 44, 84
12, 240, 44, 44
12, 16, 44, 58
12, 375, 44, 92
12, 217, 44, 63
12, 94, 44, 4
12, 7, 45, 98
12, 156, 45, 6
12, 165, 45, 10
12, 168, 45, 52
12, 48, 45, 77
12, 177, 45, 54
12, 307, 45, 51
12, 56, 45, 43
12, 317, 45, 58
12, 321, 45, 15
12, 322, 45, 61
12, 330, 45, 44
12, 335, 45, 71
12, 352, 45, 52
12, 358, 45, 3
12, 105, 45, 38
12, 242, 45, 62
12, 375, 45, 92
12, 378, 45, 11
12, 69, 46, 21
12, 102, 46, 44
12, 262, 46, 70
12, 202, 46, 17
12, 364, 46, 59
12, 335, 46, 71
12, 210, 46, 3
12, 338, 46, 35
12, 308, 46, 88
12, 182, 46, 64
12, 248, 46, 26
12, 284, 46, 47
12, 2, 47, 72
12, 58, 47, 58
12, 38, 47, 38
12, 136, 47, 41
12, 297, 47, 26
12, 11, 47, 44
12, 314, 47, 10
12, 397, 47, 84
12, 271, 47, 3
12, 241, 47, 67
12, 243, 47, 52
12, 84, 47, 37
12, 51, 47, 16
12, 244, 47, 73
12, 245, 47, 73
12, 280, 47, 62
12, 282, 47, 85
12, 347, 47, 71
12, 32, 48, 65
12, 355, 48, 50
12, 265, 48, 93
12, 111, 48, 20
12, 208, 48, 29
12, 16, 48, 58
12, 80, 48, 10
12, 303, 48, 66
12, 65, 49, 97
12, 133, 49, 30
12, 102, 49, 44
12, 262, 49, 70
12, 40, 49, 28
12, 179, 49, 59
12, 181, 49, 23
12, 310, 49, 53
12, 379, 49, 29
12, 160, 50, 42
12, 324, 50, 9
12, 392, 50, 28
12, 200, 50, 41
12, 43, 50, 89
12, 205, 50, 44
12, 399, 50, 49
12, 180, 50, 5
12, 87, 50, 55
12, 279, 50, 55
12, 216, 50, 4
12, 121, 50, 66
12, 183, 50, 55
12, 36, 51, 99
12, 166, 51, 8
12, 231, 51, 62
12, 76, 51, 58
12, 114, 51, 75
12, 22, 51, 33
12, 347, 51, 71
12, 384, 52, 8
12, 163, 52, 73
12, 355, 52, 50
12, 166, 52, 8
12, 203, 52, 42
12, 268, 52, 65
12, 110, 52, 78
12, 15, 52, 68
12, 368, 52, 15
12, 50, 52, 72
12, 82, 52, 18
12, 342, 52, 63
12, 378, 52, 11
12, 219, 52, 86
12, 125, 52, 60
12, 353, 53, 89
12, 354, 53, 51
12, 291, 53, 3
12, 136, 53, 41
12, 41, 53, 61
12, 394, 53, 61
12, 75, 53, 30
12, 268, 53, 65
12, 43, 53, 89
12, 366, 53, 13
12, 270, 53, 7
12, 204, 53, 3
12, 306, 53, 53
12, 371, 53, 17
12, 180, 53, 5
12, 54, 53, 93
12, 281, 53, 89
12, 154, 53, 30
12, 384, 54, 8
12, 24, 54, 30
12, 287, 54, 83
12, 160, 54, 42
12, 170, 54, 74
12, 45, 54, 75
12, 49, 54, 26
12, 53, 54, 18
12, 312, 54, 91
12, 185, 54, 29
12, 67, 54, 93
12, 78, 54, 7
12, 212, 54, 16
12, 351, 54, 15
12, 234, 54, 87
12, 365, 54, 97
12, 110, 54, 78
12, 123, 54, 96
12, 380, 54, 56
12, 6, 55, 14
12, 80, 55, 10
12, 337, 55, 41
12, 246, 55, 78
12, 151, 55, 86
12, 376, 55, 46
12, 346, 55, 28
12, 348, 55, 9
12, 61, 55, 6
12, 382, 55, 89
12, 32, 56, 65
12, 386, 56, 4
12, 342, 56, 63
12, 151, 56, 86
12, 26, 56, 44
12, 288, 57, 64
12, 65, 57, 97
12, 162, 57, 90
12, 69, 57, 21
12, 133, 57, 30
12, 325, 57, 52
12, 327, 57, 99
12, 234, 57, 87
12, 299, 57, 56
12, 12, 57, 15
12, 140, 57, 69
12, 80, 57, 10
12, 209, 57, 23
12, 17, 57, 20
12, 52, 57, 22
12, 313, 57, 62
12, 221, 57, 43
12, 94, 57, 4
12, 290, 58, 70
12, 35, 58, 82
12, 101, 58, 92
12, 134, 58, 66
12, 282, 58, 85
12, 12, 58, 15
12, 235, 58, 61
12, 172, 58, 41
12, 268, 58, 65
12, 396, 58, 38
12, 243, 58, 52
12, 375, 58, 92
12, 377, 58, 24
12, 154, 58, 30
12, 134, 59, 66
12, 201, 59, 73
12, 361, 59, 6
12, 143, 59, 50
12, 79, 59, 2
12, 306, 59, 53
12, 84, 59, 37
12, 256, 60, 69
12, 227, 60, 86
12, 360, 60, 32
12, 236, 60, 95
12, 240, 60, 44
12, 368, 60, 15
12, 223, 60, 95
12, 129, 61, 44
12, 5, 61, 62
12, 390, 61, 87
12, 137, 61, 74
12, 399, 61, 49
12, 19, 61, 8
12, 276, 61, 62
12, 298, 61, 15
12, 43, 61, 89
12, 45, 61, 75
12, 180, 61, 5
12, 183, 61, 55
12, 327, 61, 99
12, 335, 61, 71
12, 342, 61, 63
12, 87, 61, 55
12, 356, 61, 14
12, 374, 61, 21
12, 124, 61, 12
12, 159, 62, 76
12, 353, 62, 89
12, 290, 62, 70
12, 388, 62, 2
12, 37, 62, 12
12, 38, 62, 38
12, 166, 62, 8
12, 211, 62, 93
12, 277, 62, 73
12, 376, 62, 46
12, 381, 62, 83
12, 191, 62, 55
12, 97, 63, 78
12, 129, 63, 44
12, 228, 63, 37
12, 231, 63, 62
12, 136, 63, 41
12, 362, 63, 58
12, 267, 63, 96
12, 88, 63, 89
12, 260, 64, 56
12, 17, 64, 20
12, 286, 64, 26
12, 290, 64, 70
12, 41, 64, 61
12, 298, 64, 15
12, 177, 64, 54
12, 308, 64, 88
12, 186, 64, 55
12, 187, 64, 17
12, 338, 64, 35
12, 340, 64, 99
12, 342, 64, 63
12, 224, 64, 85
12, 96, 64, 11
12, 105, 64, 38
12, 369, 64, 3
12, 242, 64, 62
12, 123, 64, 96
12, 253, 64, 54
12, 5, 65, 62
12, 229, 65, 65
12, 71, 65, 81
12, 167, 65, 36
12, 265, 65, 93
12, 362, 65, 58
12, 199, 65, 14
12, 142, 65, 1
12, 111, 65, 20
12, 336, 65, 94
12, 113, 65, 68
12, 16, 65, 58
12, 179, 65, 59
12, 309, 65, 56
12, 215, 65, 72
12, 380, 65, 56
12, 255, 65, 95
12, 289, 66, 46
12, 326, 66, 21
12, 167, 66, 36
12, 107, 66, 78
12, 363, 66, 50
12, 345, 67, 63
12, 266, 67, 58
12, 171, 67, 4
12, 177, 67, 54
12, 183, 67, 55
12, 153, 67, 28
12, 348, 67, 9
12, 160, 68, 42
12, 194, 68, 41
12, 36, 68, 99
12, 170, 68, 74
12, 399, 68, 49
12, 80, 68, 10
12, 93, 68, 75
12, 374, 68, 21
12, 278, 68, 81
12, 312, 68, 91
12, 185, 68, 29
12, 246, 68, 78
12, 88, 68, 89
12, 316, 68, 33
12, 381, 68, 83
12, 62, 68, 17
12, 194, 69, 41
12, 162, 69, 90
12, 103, 69, 71
12, 237, 69, 28
12, 46, 69, 72
12, 18, 69, 42
12, 371, 69, 17
12, 309, 69, 56
12, 121, 69, 66
12, 254, 69, 87
12, 321, 70, 15
12, 355, 70, 50
12, 35, 70, 82
12, 67, 70, 93
12, 329, 70, 66
12, 170, 70, 74
12, 204, 70, 3
12, 271, 70, 3
12, 175, 70, 9
12, 369, 70, 3
12, 179, 70, 59
12, 356, 71, 14
12, 261, 71, 56
12, 199, 71, 14
12, 359, 71, 88
12, 327, 71, 99
12, 267, 71, 96
12, 204, 71, 3
12, 366, 71, 13
12, 178, 71, 44
12, 84, 71, 37
12, 309, 71, 56
12, 122, 71, 88
12, 347, 71, 71
12, 383, 71, 75
12, 288, 72, 64
12, 193, 72, 70
12, 321, 72, 15
12, 104, 72, 77
12, 11, 72, 44
12, 269, 72, 67
12, 28, 72, 33
12, 399, 72, 49
12, 48, 72, 77
12, 277, 72, 73
12, 314, 72, 10
12, 380, 72, 56
12, 253, 72, 54
12, 390, 73, 87
12, 328, 73, 26
12, 238, 73, 5
12, 118, 73, 26
12, 152, 73, 42
12, 59, 73, 22
12, 348, 73, 9
12, 285, 73, 57
12, 222, 73, 59
12, 354, 74, 51
12, 3, 74, 11
12, 324, 74, 9
12, 231, 74, 62
12, 41, 74, 61
12, 334, 74, 54
12, 51, 74, 16
12, 150, 74, 10
12, 191, 74, 55
12, 352, 75, 52
12, 257, 75, 35
12, 0, 75, 29
12, 72, 75, 9
12, 394, 75, 61
12, 203, 75, 42
12, 206, 75, 2
12, 177, 75, 54
12, 248, 75, 26
12, 123, 75, 96
12, 188, 75, 51
12, 216, 75, 4
12, 192, 76, 94
12, 288, 76, 64
12, 2, 76, 72
12, 260, 76, 56
12, 229, 76, 65
12, 166, 76, 8
12, 72, 76, 9
12, 40, 76, 28
12, 74, 76, 59
12, 331, 76, 44
12, 109, 76, 77
12, 301, 76, 48
12, 341, 76, 9
12, 24, 76, 30
12, 346, 76, 28
12, 317, 76, 58
12, 383, 76, 75
12, 192, 77, 94
12, 324, 77, 9
12, 392, 77, 28
12, 138, 77, 57
12, 24, 77, 30
12, 251, 77, 54
12, 388, 78, 2
12, 234, 78, 87
12, 330, 78, 44
12, 235, 78, 61
12, 271, 78, 3
12, 321, 79, 15
12, 356, 79, 14
12, 261, 79, 56
12, 72, 79, 9
12, 394, 79, 61
12, 330, 79, 44
12, 268, 79, 65
12, 178, 79, 44
12, 211, 79, 93
12, 149, 79, 66
12, 213, 79, 33
12, 375, 79, 92
12, 22, 79, 33
12, 379, 79, 29
12, 188, 79, 51
12, 189, 79, 11
12, 254, 79, 87
12, 256, 80, 69
12, 257, 80, 35
12, 130, 80, 13
12, 261, 80, 56
12, 135, 80, 68
12, 111, 80, 20
12, 80, 80, 10
12, 143, 80, 50
12, 272, 80, 48
12, 274, 80, 60
12, 118, 80, 26
12, 379, 80, 29
12, 63, 80, 13
12, 0, 81, 29
12, 168, 81, 52
12, 75, 81, 30
12, 109, 81, 77
12, 19, 81, 8
12, 342, 81, 63
12, 345, 81, 63
12, 225, 82, 33
12, 391, 82, 13
12, 201, 82, 73
12, 205, 82, 44
12, 112, 82, 23
12, 49, 82, 26
12, 306, 82, 53
12, 115, 82, 44
12, 52, 82, 22
12, 21, 82, 70
12, 349, 82, 82
12, 255, 82, 95
12, 128, 83, 28
12, 290, 83, 70
12, 231, 83, 62
12, 200, 83, 41
12, 328, 83, 26
12, 46, 83, 72
12, 179, 83, 59
12, 340, 83, 99
12, 278, 83, 81
12, 119, 83, 40
12, 377, 83, 24
12, 59, 83, 22
12, 380, 83, 56
12, 157, 83, 24
12, 351, 83, 15
12, 193, 84, 70
12, 229, 84, 65
12, 102, 84, 44
12, 70, 84, 63
12, 171, 84, 4
12, 276, 84, 62
12, 53, 84, 18
12, 352, 85, 52
12, 295, 85, 17
12, 139, 85, 81
12, 396, 85, 38
12, 112, 85, 23
12, 209, 85, 23
12, 309, 85, 56
12, 216, 85, 4
12, 193, 86, 70
12, 357, 86, 1
12, 261, 86, 56
12, 75, 86, 30
12, 237, 86, 28
12, 303, 86, 66
12, 304, 86, 93
12, 307, 86, 51
12, 188, 86, 51
12, 189, 86, 11
12, 99, 87, 20
12, 355, 87, 50
12, 201, 87, 73
12, 105, 87, 38
12, 171, 87, 4
12, 116, 87, 84
12, 55, 87, 46
12, 219, 87, 86
12, 161, 88, 84
12, 194, 88, 41
12, 38, 88, 38
12, 139, 88, 81
12, 304, 88, 93
12, 208, 88, 29
12, 275, 88, 73
12, 148, 88, 88
12, 277, 88, 73
12, 217, 88, 63
12, 59, 88, 22
12, 30, 88, 35
12, 97, 89, 78
12, 228, 89, 37
12, 132, 89, 17
12, 137, 89, 74
12, 201, 89, 73
12, 171, 89, 4
12, 175, 89, 9
12, 53, 89, 18
12, 182, 89, 64
12, 183, 89, 55
12, 153, 89, 28
12, 27, 89, 40
12, 253, 89, 54
12, 292, 90, 75
12, 164, 90, 49
12, 360, 90, 32
12, 8, 90, 54
12, 12, 90, 15
12, 115, 90, 44
12, 309, 90, 56
12, 150, 90, 10
12, 345, 90, 63
12, 26, 90, 44
12, 253, 90, 54
12, 131, 91, 51
12, 90, 91, 57
12, 135, 91, 68
12, 327, 91, 99
12, 234, 91, 87
12, 395, 91, 45
12, 173, 91, 88
12, 53, 91, 18
12, 54, 91, 93
12, 87, 91, 55
12, 342, 91, 63
12, 185, 91, 29
12, 378, 91, 11
12, 63, 91, 13
12, 255, 91, 95
12, 19, 92, 8
12, 153, 92, 28
12, 156, 92, 6
12, 158, 92, 4
12, 293, 92, 46
12, 296, 92, 44
12, 308, 92, 88
12, 187, 92, 17
12, 327, 92, 99
12, 81, 92, 38
12, 84, 92, 37
12, 213, 92, 33
12, 88, 92, 89
12, 92, 92, 42
12, 352, 92, 52
12, 235, 92, 61
12, 240, 92, 44
12, 372, 92, 42
12, 377, 92, 24
12, 252, 92, 21
12, 356, 93, 14
12, 36, 93, 99
12, 166, 93, 8
12, 293, 93, 46
12, 200, 93, 41
12, 233, 93, 87
12, 234, 93, 87
12, 299, 93, 56
12, 269, 93, 67
12, 306, 93, 53
12, 372, 93, 42
12, 342, 93, 63
12, 23, 93, 20
12, 282, 93, 85
12, 252, 93, 21
12, 221, 93, 43
12, 318, 94, 20
12, 9, 94, 47
12, 363, 94, 50
12, 203, 94, 42
12, 301, 94, 48
12, 139, 94, 81
12, 85, 94, 49
12, 182, 94, 64
12, 313, 94, 62
12, 126, 94, 83
12, 39, 95, 45
12, 395, 95, 45
12, 208, 95, 29
12, 370, 95, 8
12, 285, 95, 57
12, 318, 95, 20
12, 288, 96, 64
12, 350, 96, 69
12, 162, 96, 90
12, 258, 96, 94
12, 58, 96, 58
12, 357, 96, 1
12, 325, 96, 52
12, 391, 96, 13
12, 45, 96, 75
12, 78, 96, 7
12, 315, 96, 45
12, 213, 96, 33
12, 278, 96, 81
12, 346, 96, 28
12, 219, 96, 86
12, 220, 96, 71
12, 62, 96, 17
12, 320, 97, 7
12, 295, 97, 17
12, 232, 97, 74
12, 328, 97, 26
12, 106, 97, 100
12, 139, 97, 81
12, 108, 97, 85
12, 215, 97, 72
12, 120, 97, 42
12, 121, 97, 66
12, 186, 97, 55
12, 251, 97, 54
12, 30, 97, 35
12, 96, 98, 11
12, 5, 98, 62
12, 122, 98, 88
12, 295, 98, 17
12, 200, 98, 41
12, 327, 98, 99
12, 10, 98, 41
12, 235, 98, 61
12, 237, 98, 28
12, 283, 98, 43
12, 177, 98, 54
12, 189, 98, 11
12, 213, 98, 33
12, 311, 98, 84
12, 26, 98, 44
12, 59, 98, 22
12, 157, 98, 24
12, 30, 98, 35
12, 225, 99, 33
12, 130, 99, 13
12, 293, 99, 46
12, 70, 99, 63
12, 390, 99, 87
12, 205, 99, 44
12, 176, 99, 96
12, 309, 99, 56
12, 154, 99, 30
12, 222, 99, 59
12, 384, 100, 8
12, 194, 100, 41
12, 163, 100, 73
12, 197, 100, 22
12, 295, 100, 17
12, 298, 100, 15
12, 132, 101, 17
12, 4, 101, 75
12, 232, 101, 74
12, 299, 101, 56
12, 364, 101, 59
12, 110, 101, 78
12, 14, 101, 58
12, 112, 101, 23
12, 16, 101, 58
12, 145, 101, 70
12, 370, 101, 8
12, 117, 101, 96
12, 190, 101, 76
12, 94, 101, 4
12, 159, 101, 76
12, 69, 102, 21
12, 357, 102, 1
12, 270, 102, 7
12, 17, 102, 20
12, 350, 102, 69
12, 355, 103, 50
12, 388, 103, 2
12, 259, 103, 74
12, 164, 103, 49
12, 230, 103, 65
12, 131, 103, 51
12, 393, 103, 83
12, 399, 103, 49
12, 143, 103, 50
12, 124, 103, 12
12, 307, 103, 51
12, 156, 103, 6
12, 37, 104, 12
12, 389, 104, 82
12, 171, 104, 4
12, 140, 104, 69
12, 240, 104, 44
12, 241, 104, 67
12, 56, 104, 43
12, 250, 104, 18
12, 287, 104, 83
12, 227, 105, 86
12, 198, 105, 80
12, 41, 105, 61
12, 396, 105, 38
12, 110, 105, 78
12, 177, 105, 54
12, 178, 105, 44
12, 369, 105, 3
12, 25, 105, 52
12, 282, 105, 85
12, 349, 105, 82
12, 256, 106, 69
12, 356, 106, 14
12, 40, 106, 28
12, 106, 106, 100
12, 234, 106, 87
12, 108, 106, 85
12, 141, 106, 19
12, 42, 106, 35
12, 239, 106, 1
12, 242, 106, 62
12, 114, 106, 75
12, 244, 106, 73
12, 310, 106, 53
12, 25, 106, 52
12, 1, 107, 63
12, 4, 107, 75
12, 389, 107, 82
12, 397, 107, 84
12, 271, 107, 3
12, 28, 107, 33
12, 159, 107, 76
12, 312, 107, 91
12, 56, 107, 43
12, 62, 107, 17
12, 321, 107, 15
12, 87, 107, 55
12, 92, 107, 42
12, 93, 107, 75
12, 220, 107, 71
12, 96, 107, 11
12, 248, 107, 26
12, 119, 107, 40
12, 376, 107, 46
12, 125, 107, 60
12, 99, 108, 20
12, 231, 108, 62
12, 365, 108, 97
12, 85, 108, 49
12, 157, 108, 24
12, 21, 108, 70
12, 314, 108, 10
12, 317, 108, 58
12, 351, 108, 15
12, 140, 109, 69
12, 173, 109, 88
12, 206, 109, 2
12, 369, 109, 3
12, 277, 109, 73
12, 280, 109, 62
12, 157, 109, 24
12, 216, 109, 4
12, 0, 110, 29
12, 393, 110, 83
12, 267, 110, 96
12, 141, 110, 19
12, 31, 110, 93
12, 47, 110, 77
12, 178, 110, 44
12, 316, 110, 33
12, 188, 110, 51
12, 323, 110, 31
12, 325, 110, 52
12, 74, 110, 59
12, 76, 110, 58
12, 215, 110, 72
12, 100, 110, 40
12, 359, 110, 88
12, 235, 110, 61
12, 375, 110, 92
12, 122, 110, 88
12, 254, 110, 87
12, 387, 111, 69
12, 134, 111, 66
12, 102, 111, 44
12, 235, 111, 61
12, 301, 111, 48
12, 367, 111, 27
12, 182, 111, 64
12, 94, 111, 4
12, 260, 112, 56
12, 398, 112, 31
12, 144, 112, 56
12, 277, 112, 73
12, 164, 112, 49
12, 305, 112, 98
12, 178, 112, 44
12, 318, 112, 20
12, 325, 112, 52
12, 326, 112, 21
12, 217, 112, 63
12, 93, 112, 75
12, 349, 112, 82
12, 95, 112, 15
12, 230, 112, 65
12, 108, 112, 85
12, 251, 112, 54
12, 112, 112, 23
12, 118, 112, 26
12, 123, 112, 96
12, 128, 113, 28
12, 64, 113, 29
12, 194, 113, 41
12, 227, 113, 86
12, 200, 113, 41
12, 141, 113, 19
12, 209, 113, 23
12, 85, 113, 49
12, 309, 113, 56
12, 121, 113, 66
12, 27, 113, 40
12, 156, 113, 6
12, 94, 113, 4
12, 353, 114, 89
12, 101, 114, 92
12, 9, 114, 47
12, 266, 114, 58
12, 201, 114, 73
12, 377, 114, 24
12, 320, 115, 7
12, 69, 115, 21
12, 325, 115, 52
12, 38, 115, 38
12, 235, 115, 61
12, 176, 115, 96
12, 244, 115, 73
12, 375, 115, 92
12, 30, 115, 35
12, 67, 116, 93
12, 36, 116, 99
12, 71, 116, 81
12, 235, 116, 61
12, 110, 116, 78
12, 367, 116, 27
12, 82, 116, 18
12, 310, 116, 53
12, 54, 116, 93
12, 251, 116, 54
12, 220, 116, 71
12, 230, 117, 65
12, 299, 117, 56
12, 365, 117, 97
12, 17, 117, 20
12, 340, 117, 99
12, 312, 117, 91
12, 347, 117, 71
12, 127, 117, 57
12, 253, 117, 54
12, 350, 117, 69
12, 319, 117, 5
12, 0, 118, 29
12, 257, 118, 35
12, 266, 118, 58
12, 140, 118, 69
12, 399, 118, 49
12, 272, 118, 48
12, 290, 118, 70
12, 164, 118, 49
12, 295, 118, 17
12, 42, 118, 35
12, 44, 118, 84
12, 53, 118, 18
12, 333, 118, 38
12, 338, 118, 35
12, 91, 118, 38
12, 220, 118, 71
12, 352, 118, 52
12, 369, 118, 3
12, 382, 118, 89
12, 1, 119, 63
12, 66, 119, 26
12, 69, 119, 21
12, 299, 119, 56
12, 300, 119, 55
12, 366, 119, 13
12, 111, 119, 20
12, 368, 119, 15
12, 175, 119, 9
12, 94, 119, 4
12, 342, 119, 63
12, 151, 119, 86
12, 88, 119, 89
12, 57, 119, 30
12, 284, 119, 47
12, 125, 119, 60
12, 286, 119, 26
12, 223, 119, 95
12, 320, 120, 7
12, 354, 120, 51
12, 262, 120, 70
12, 281, 120, 89
12, 233, 120, 87
12, 170, 120, 74
12, 106, 120, 100
12, 114, 120, 75
12, 23, 120, 20
12, 181, 120, 23
12, 374, 120, 21
12, 55, 120, 46
12, 312, 120, 91
12, 183, 120, 55
12, 26, 120, 44
12, 247, 120, 84
12, 22, 120, 33
12, 129, 121, 44
12, 353, 121, 89
12, 385, 121, 87
12, 164, 121, 49
12, 8, 121, 54
12, 395, 121, 45
12, 11, 121, 44
12, 366, 121, 13
12, 206, 121, 2
12, 17, 121, 20
12, 82, 121, 18
12, 306, 121, 53
12, 61, 121, 6
12, 350, 121, 69
12, 162, 122, 90
12, 322, 122, 61
12, 66, 122, 26
12, 358, 122, 3
12, 303, 122, 66
12, 305, 122, 98
12, 339, 122, 20
12, 340, 122, 99
12, 282, 122, 85
12, 200, 123, 41
12, 13, 123, 84
12, 242, 123, 62
12, 95, 123, 15
12, 120, 123, 42
12, 379, 123, 29
12, 318, 123, 20
12, 191, 123, 55
12, 323, 124, 31
12, 5, 124, 62
12, 101, 124, 92
12, 393, 124, 83
12, 334, 124, 54
12, 247, 124, 84
12, 376, 124, 46
12, 250, 124, 18
12, 318, 124, 20
12, 69, 125, 21
12, 11, 125, 44
12, 237, 125, 28
12, 143, 125, 50
12, 147, 125, 27
12, 148, 125, 88
12, 192, 126, 94
12, 37, 126, 12
12, 114, 126, 75
12, 339, 126, 20
12, 58, 126, 58
12, 7, 127, 98
12, 71, 127, 81
12, 393, 127, 83
12, 365, 127, 97
12, 270, 127, 7
12, 207, 127, 49
12, 373, 127, 25
12, 184, 127, 7
12, 172, 128, 41
12, 76, 128, 58
12, 311, 128, 84
12, 248, 128, 26
12, 185, 128, 29
12, 120, 128, 42
12, 290, 129, 70
12, 99, 129, 20
12, 68, 129, 32
12, 102, 129, 44
12, 391, 129, 13
12, 362, 129, 58
12, 76, 129, 58
12, 187, 129, 17
12, 175, 129, 9
12, 371, 129, 17
12, 117, 129, 96
12, 374, 129, 21
12, 344, 129, 76
12, 122, 129, 88
12, 251, 129, 54
12, 317, 129, 58
12, 287, 129, 83
12, 65, 130, 97
12, 3, 130, 11
12, 292, 130, 75
12, 235, 130, 61
12, 203, 130, 42
12, 141, 130, 19
12, 84, 130, 37
12, 375, 130, 92
12, 222, 130, 59
12, 107, 131, 78
12, 268, 131, 65
12, 47, 131, 77
12, 146, 131, 60
12, 310, 131, 53
12, 187, 131, 17
12, 352, 132, 52
12, 35, 132, 82
12, 388, 132, 2
12, 5, 132, 62
12, 185, 132, 29
12, 299, 132, 56
12, 77, 132, 29
12, 335, 132, 71
12, 240, 132, 44
12, 180, 132, 5
12, 310, 132, 53
12, 153, 132, 28
12, 154, 132, 30
12, 38, 133, 38
12, 74, 133, 59
12, 204, 133, 3
12, 110, 133, 78
12, 46, 133, 72
12, 336, 133, 94
12, 113, 133, 68
12, 145, 133, 70
12, 207, 133, 49
12, 308, 133, 88
12, 148, 133, 88
12, 86, 133, 6
12, 151, 133, 86
12, 93, 133, 75
12, 128, 134, 28
12, 129, 134, 44
12, 391, 134, 13
12, 149, 134, 66
12, 31, 134, 93
12, 34, 134, 43
12, 48, 134, 77
12, 55, 134, 46
12, 58, 134, 58
12, 328, 134, 26
12, 204, 134, 3
12, 207, 134, 49
12, 80, 134, 10
12, 215, 134, 72
12, 345, 134, 63
12, 361, 134, 6
12, 109, 134, 77
12, 367, 134, 27
12, 248, 134, 26
12, 380, 134, 56
12, 196, 135, 29
12, 327, 135, 99
12, 71, 135, 81
12, 201, 135, 73
12, 138, 135, 57
12, 269, 135, 67
12, 302, 135, 33
12, 47, 135, 77
12, 272, 135, 48
12, 181, 135, 23
12, 21, 135, 70
12, 343, 135, 59
12, 91, 135, 38
12, 35, 136, 82
12, 4, 136, 75
12, 197, 136, 22
12, 202, 136, 17
12, 206, 136, 2
12, 251, 136, 54
12, 247, 136, 84
12, 91, 136, 38
12, 28, 136, 33
12, 3, 137, 11
12, 262, 137, 70
12, 263, 137, 41
12, 15, 137, 68
12, 281, 137, 89
12, 154, 137, 30
12, 155, 137, 18
12, 283, 137, 43
12, 27, 137, 40
12, 156, 137, 6
12, 45, 137, 75
12, 306, 137, 53
12, 311, 137, 84
12, 63, 137, 13
12, 82, 137, 18
12, 346, 137, 28
12, 98, 137, 66
12, 364, 137, 59
12, 367, 137, 27
12, 382, 137, 89
12, 97, 138, 78
12, 353, 138, 89
12, 385, 138, 87
12, 358, 138, 3
12, 200, 138, 41
12, 138, 138, 57
12, 174, 138, 6
12, 335, 138, 71
12, 271, 138, 3
12, 241, 138, 67
12, 17, 138, 20
12, 51, 138, 16
12, 118, 138, 26
12, 215, 138, 72
12, 24, 138, 30
12, 346, 138, 28
12, 319, 138, 5
12, 386, 139, 4
12, 163, 139, 73
12, 227, 139, 86
12, 6, 139, 14
12, 7, 139, 98
12, 44, 139, 84
12, 301, 139, 48
12, 237, 139, 28
12, 47, 139, 77
12, 305, 139, 98
12, 114, 139, 75
12, 243, 139, 52
12, 53, 139, 18
12, 374, 139, 21
12, 312, 139, 91
12, 187, 139, 17
12, 156, 139, 6
12, 288, 140, 64
12, 257, 140, 35
12, 289, 140, 46
12, 4, 140, 75
12, 71, 140, 81
12, 266, 140, 58
12, 144, 140, 56
12, 82, 140, 18
12, 309, 140, 56
12, 185, 140, 29
12, 65, 141, 97
12, 3, 141, 11
12, 40, 141, 28
12, 41, 141, 61
12, 298, 141, 15
12, 232, 141, 74
12, 396, 141, 38
12, 365, 141, 97
12, 190, 141, 76
12, 28, 141, 33
12, 272, 141, 48
12, 211, 141, 93
12, 373, 141, 25
12, 151, 141, 86
12, 27, 141, 40
12, 220, 141, 71
12, 382, 141, 89
12, 159, 141, 76
12, 32, 142, 65
12, 257, 142, 35
12, 326, 142, 21
12, 295, 142, 17
12, 235, 142, 61
12, 174, 142, 6
12, 276, 142, 62
12, 341, 142, 9
12, 375, 142, 92
12, 312, 142, 91
12, 252, 142, 21
12, 257, 143, 35
12, 13, 143, 84
12, 146, 143, 60
12, 31, 143, 93
12, 288, 143, 64
12, 299, 143, 56
12, 305, 143, 98
12, 52, 143, 22
12, 57, 143, 30
12, 189, 143, 11
12, 72, 143, 9
12, 333, 143, 38
12, 336, 143, 94
12, 84, 143, 37
12, 365, 143, 97
12, 113, 143, 68
12, 115, 143, 44
12, 120, 143, 42
12, 127, 143, 57
12, 320, 144, 7
12, 194, 144, 41
12, 37, 144, 12
12, 362, 144, 58
12, 110, 144, 78
12, 335, 144, 71
12, 271, 144, 3
12, 80, 144, 10
12, 18, 144, 42
12, 307, 144, 51
12, 116, 144, 84
12, 245, 144, 73
12, 247, 144, 84
12, 123, 144, 96
12, 192, 145, 94
12, 196, 145, 29
12, 358, 145, 3
12, 359, 145, 88
12, 72, 145, 9
12, 167, 145, 36
12, 70, 145, 63
12, 152, 145, 42
12, 21, 145, 70
12, 56, 145, 43
12, 381, 145, 83
12, 254, 145, 87
12, 216, 145, 4
12, 33, 146, 29
12, 161, 146, 84
12, 129, 146, 44
12, 194, 146, 41
12, 100, 146, 40
12, 70, 146, 63
12, 105, 146, 38
12, 172, 146, 41
12, 301, 146, 48
12, 397, 146, 84
12, 45, 146, 75
12, 119, 146, 40
12, 90, 146, 57
12, 28, 146, 33
12, 159, 146, 76
12, 292, 147, 75
12, 166, 147, 8
12, 104, 147, 77
12, 233, 147, 87
12, 266, 147, 58
12, 363, 147, 50
12, 274, 147, 60
12, 50, 147, 72
12, 246, 147, 78
12, 374, 147, 21
12, 128, 148, 28
12, 385, 148, 87
12, 71, 148, 81
12, 200, 148, 41
12, 135, 148, 68
12, 199, 148, 14
12, 17, 148, 20
12, 242, 148, 62
12, 116, 148, 84
12, 280, 148, 62
12, 156, 148, 6
12, 224, 149, 85
12, 65, 149, 97
12, 330, 149, 44
12, 77, 149, 29
12, 366, 149, 13
12, 305, 149, 98
12, 254, 149, 87
12, 0, 150, 29
12, 289, 150, 46
12, 226, 150, 18
12, 230, 150, 65
12, 72, 150, 9
12, 80, 150, 10
12, 310, 150, 53
12, 215, 150, 72
12, 345, 150, 63
12, 32, 151, 65
12, 161, 151, 84
12, 111, 151, 20
12, 178, 151, 44
12, 243, 151, 52
12, 313, 151, 62
12, 60, 151, 10
12, 189, 151, 11
12, 16, 152, 58
12, 20, 152, 87
12, 151, 152, 86
12, 163, 152, 73
12, 294, 152, 65
12, 168, 152, 52
12, 42, 152, 35
12, 172, 152, 41
12, 50, 152, 72
12, 58, 152, 58
12, 323, 152, 31
12, 325, 152, 52
12, 337, 152, 41
12, 219, 152, 86
12, 350, 152, 69
12, 365, 152, 97
12, 116, 152, 84
12, 378, 152, 11
12, 382, 152, 89
12, 0, 153, 29
12, 326, 153, 21
12, 327, 153, 99
12, 391, 153, 13
12, 107, 153, 78
12, 15, 153, 68
12, 271, 153, 3
12, 51, 153, 16
12, 243, 153, 52
12, 24, 153, 30
12, 314, 153, 10
12, 91, 153, 38
12, 252, 153, 21
12, 319, 153, 5
12, 352, 154, 52
12, 97, 154, 78
12, 387, 154, 69
12, 324, 154, 9
12, 329, 154, 66
12, 11, 154, 44
12, 139, 154, 81
12, 141, 154, 19
12, 60, 154, 10
12, 239, 154, 1
12, 80, 154, 10
12, 363, 154, 50
12, 183, 154, 55
12, 151, 154, 86
12, 249, 154, 76
12, 283, 154, 43
12, 220, 154, 71
12, 95, 154, 15
12, 257, 155, 35
12, 227, 155, 86
12, 70, 155, 63
12, 395, 155, 45
12, 335, 155, 71
12, 367, 155, 27
12, 273, 155, 64
12, 82, 155, 18
12, 339, 155, 20
12, 277, 155, 73
12, 88, 155, 89
12, 313, 155, 62
12, 58, 155, 58
12, 347, 155, 71
12, 28, 155, 33
12, 285, 155, 57
12, 129, 156, 44
12, 289, 156, 46
12, 326, 156, 21
12, 199, 156, 14
12, 11, 156, 44
12, 267, 156, 96
12, 397, 156, 84
12, 142, 156, 1
12, 247, 156, 84
12, 64, 157, 29
12, 33, 157, 29
12, 227, 157, 86
12, 99, 157, 20
12, 37, 157, 12
12, 166, 157, 8
12, 154, 157, 30
12, 136, 157, 41
12, 80, 157, 10
12, 81, 157, 38
12, 368, 157, 15
12, 340, 157, 99
12, 54, 157, 93
12, 247, 157, 84
12, 250, 157, 18
12, 220, 157, 71
12, 254, 157, 87
12, 32, 158, 65
12, 165, 158, 10
12, 230, 158, 65
12, 5, 158, 62
12, 10, 158, 41
12, 11, 158, 44
12, 170, 158, 74
12, 270, 158, 7
12, 207, 158, 49
12, 272, 158, 48
12, 177, 158, 54
12, 53, 158, 18
12, 213, 158, 33
12, 121, 158, 66
12, 222, 158, 59
12, 191, 158, 55
12, 288, 159, 64
12, 194, 159, 41
12, 386, 159, 4
12, 390, 159, 87
12, 107, 159, 78
12, 48, 159, 77
12, 314, 159, 10
12, 123, 159, 96
12, 222, 159, 59
12, 290, 160, 70
12, 194, 160, 41
12, 138, 160, 57
12, 106, 160, 100
12, 175, 160, 9
12, 48, 160, 77
12, 340, 160, 99
12, 246, 160, 78
12, 284, 160, 47
12, 29, 160, 76
12, 224, 161, 85
12, 185, 161, 29
12, 293, 161, 46
12, 359, 161, 88
12, 168, 161, 52
12, 72, 161, 9
12, 110, 161, 78
12, 47, 161, 77
12, 336, 161, 94
12, 14, 161, 58
12, 306, 161, 53
12, 276, 161, 62
12, 313, 161, 62
12, 122, 161, 88
12, 92, 161, 42
12, 190, 161, 76
12, 223, 161, 95
12, 291, 162, 3
12, 293, 162, 46
12, 197, 162, 22
12, 229, 162, 65
12, 360, 162, 32
12, 393, 162, 83
12, 5, 162, 62
12, 300, 162, 55
12, 83, 162, 93
12, 251, 162, 54
12, 94, 162, 4
12, 31, 162, 93
12, 2, 163, 72
12, 389, 163, 82
12, 390, 163, 87
12, 137, 163, 74
12, 19, 163, 8
12, 151, 163, 86
12, 156, 163, 6
12, 164, 163, 49
12, 37, 163, 12
12, 296, 163, 44
12, 58, 163, 58
12, 322, 163, 61
12, 327, 163, 99
12, 339, 163, 20
12, 350, 163, 69
12, 100, 163, 40
12, 229, 163, 65
12, 108, 163, 85
12, 242, 163, 62
12, 0, 164, 29
12, 32, 164, 65
12, 67, 164, 93
12, 70, 164, 63
12, 235, 164, 61
12, 141, 164, 19
12, 373, 164, 25
12, 154, 164, 30
12, 381, 164, 83
12, 320, 165, 7
12, 356, 165, 14
12, 357, 165, 1
12, 359, 165, 88
12, 328, 165, 26
12, 304, 165, 93
12, 152, 165, 42
12, 124, 165, 12
12, 160, 166, 42
12, 248, 166, 26
12, 259, 166, 74
12, 136, 166, 41
12, 329, 166, 66
12, 242, 166, 62
12, 21, 166, 70
12, 184, 166, 7
12, 56, 166, 43
12, 60, 166, 10
12, 216, 166, 4
12, 321, 167, 15
12, 389, 167, 82
12, 39, 167, 45
12, 391, 167, 13
12, 333, 167, 38
12, 272, 167, 48
12, 50, 167, 72
12, 53, 167, 18
12, 278, 167, 81
12, 247, 167, 84
12, 316, 167, 33
12, 88, 167, 89
12, 60, 167, 10
12, 382, 167, 89
12, 199, 168, 14
12, 167, 168, 36
12, 282, 168, 85
12, 126, 168, 83
12, 124, 168, 12
12, 30, 168, 35
12, 67, 169, 93
12, 292, 169, 75
12, 35, 169, 82
12, 102, 169, 44
12, 357, 169, 1
12, 200, 169, 41
12, 163, 169, 73
12, 107, 169, 78
12, 109, 169, 77
12, 397, 169, 84
12, 338, 169, 35
12, 211, 169, 93
12, 116, 169, 84
12, 184, 169, 7
12, 379, 169, 29
12, 293, 170, 46
12, 5, 170, 62
12, 229, 170, 65
12, 264, 170, 80
12, 105, 170, 38
12, 169, 170, 80
12, 327, 170, 99
12, 366, 170, 13
12, 115, 170, 44
12, 84, 170, 37
12, 212, 170, 16
12, 279, 170, 55
12, 184, 170, 7
12, 252, 170, 21
12, 349, 170, 82
12, 1, 171, 63
12, 386, 171, 4
12, 389, 171, 82
12, 394, 171, 61
12, 11, 171, 44
12, 276, 171, 62
12, 156, 171, 6
12, 296, 171, 44
12, 48, 171, 77
12, 311, 171, 84
12, 58, 171, 58
12, 189, 171, 11
12, 194, 171, 41
12, 198, 171, 80
12, 231, 171, 62
12, 234, 171, 87
12, 241, 171, 67
12, 246, 171, 78
12, 123, 171, 96
12, 164, 172, 49
12, 75, 172, 30
12, 397, 172, 84
12, 114, 172, 75
12, 310, 172, 53
12, 86, 172, 6
12, 151, 172, 86
12, 317, 172, 58
12, 257, 173, 35
12, 70, 173, 63
12, 330, 173, 44
12, 237, 173, 28
12, 367, 173, 27
12, 307, 173, 51
12, 244, 173, 73
12, 340, 173, 99
12, 279, 173, 55
12, 88, 173, 89
12, 90, 173, 57
12, 311, 173, 84
12, 385, 174, 87
12, 293, 174, 46
12, 319, 174, 5
12, 264, 174, 80
12, 137, 174, 74
12, 43, 174, 89
12, 108, 174, 85
12, 333, 174, 38
12, 50, 174, 72
12, 57, 174, 30
12, 26, 174, 44
12, 347, 174, 71
12, 188, 174, 51
12, 95, 174, 15
12, 324, 175, 9
12, 389, 175, 82
12, 134, 175, 66
12, 358, 175, 3
12, 362, 175, 58
12, 139, 175, 81
12, 44, 175, 84
12, 170, 175, 74
12, 203, 175, 42
12, 239, 175, 1
12, 337, 175, 41
12, 147, 175, 27
12, 87, 175, 55
12, 215, 175, 72
12, 249, 175, 76
12, 59, 175, 22
12, 318, 175, 20
12, 255, 175, 95
12, 289, 176, 46
12, 37, 176, 12
12, 40, 176, 28
12, 109, 176, 77
12, 335, 176, 71
12, 275, 176, 73
12, 245, 176, 73
12, 310, 176, 53
12, 312, 176, 91
12, 381, 176, 83
12, 320, 177, 7
12, 289, 177, 46
12, 384, 177, 8
12, 89, 177, 25
12, 260, 177, 56
12, 121, 177, 66
12, 294, 177, 65
12, 103, 177, 71
12, 186, 177, 55
12, 12, 177, 15
12, 109, 177, 77
12, 141, 177, 19
12, 279, 177, 55
12, 25, 177, 52
12, 122, 177, 88
12, 251, 177, 54
12, 28, 177, 33
12, 190, 177, 76
12, 318, 178, 20
12, 66, 178, 26
12, 355, 178, 50
12, 230, 178, 65
12, 199, 178, 14
12, 6, 178, 14
12, 9, 178, 47
12, 364, 178, 59
12, 45, 178, 75
12, 206, 178, 2
12, 144, 178, 56
12, 49, 178, 26
12, 52, 178, 22
12, 278, 178, 81
12, 250, 178, 18
12, 251, 178, 54
12, 28, 178, 33
12, 94, 178, 4
12, 320, 179, 7
12, 163, 179, 73
12, 324, 179, 9
12, 263, 179, 41
12, 330, 179, 44
12, 141, 179, 19
12, 398, 179, 31
12, 115, 179, 44
12, 373, 179, 25
12, 3, 180, 11
12, 165, 180, 10
12, 262, 180, 70
12, 135, 180, 68
12, 392, 180, 28
12, 332, 180, 32
12, 238, 180, 5
12, 311, 180, 84
12, 58, 180, 58
12, 219, 180, 86
12, 285, 180, 57
12, 33, 181, 29
12, 323, 181, 31
12, 169, 181, 80
12, 243, 181, 52
12, 148, 181, 88
12, 147, 181, 27
12, 211, 181, 93
12, 308, 181, 88
12, 151, 181, 86
12, 179, 181, 59
12, 157, 181, 24
12, 375, 181, 92
12, 352, 182, 52
12, 3, 182, 11
12, 377, 182, 24
12, 301, 182, 48
12, 281, 182, 89
12, 288, 183, 64
12, 107, 183, 78
12, 332, 183, 32
12, 365, 183, 97
12, 112, 183, 23
12, 369, 183, 3
12, 339, 183, 20
12, 188, 183, 51
12, 190, 183, 76
12, 95, 183, 15
12, 164, 184, 49
12, 281, 184, 89
12, 73, 184, 27
12, 282, 184, 85
12, 241, 184, 67
12, 115, 184, 44
12, 215, 184, 72
12, 217, 184, 63
12, 154, 184, 30
12, 251, 184, 54
12, 381, 184, 83
12, 319, 184, 5
12, 168, 185, 52
12, 73, 185, 27
12, 170, 185, 74
12, 395, 185, 45
12, 300, 185, 55
12, 213, 185, 33
12, 125, 185, 60
12, 172, 186, 41
12, 176, 186, 96
12, 273, 186, 64
12, 16, 186, 58
12, 340, 186, 99
12, 149, 186, 66
12, 345, 186, 63
12, 314, 186, 10
12, 27, 186, 40
12, 63, 186, 13
12, 384, 187, 8
12, 358, 187, 3
12, 136, 187, 41
12, 201, 187, 73
12, 54, 187, 93
12, 30, 187, 35
12, 352, 188, 52
12, 356, 188, 14
12, 229, 188, 65
12, 109, 188, 77
12, 242, 188, 62
12, 308, 188, 88
12, 21, 188, 70
12, 353, 189, 89
12, 354, 189, 51
12, 131, 189, 51
12, 100, 189, 40
12, 134, 189, 66
12, 391, 189, 13
12, 9, 189, 47
12, 172, 189, 41
12, 301, 189, 48
12, 155, 189, 18
12, 366, 189, 13
12, 22, 189, 33
12, 24, 189, 30
12, 89, 189, 25
12, 27, 189, 40
12, 380, 189, 56
12, 392, 190, 28
12, 171, 190, 4
12, 336, 190, 94
12, 308, 190, 88
12, 149, 190, 66
12, 22, 190, 33
12, 153, 190, 28
12, 124, 190, 12
12, 350, 190, 69
12, 352, 191, 52
12, 384, 191, 8
12, 321, 191, 15
12, 356, 191, 14
12, 10, 191, 41
12, 107, 191, 78
12, 307, 191, 51
12, 309, 191, 56
12, 54, 191, 93
12, 92, 191, 42
12, 190, 191, 76
12, 100, 192, 40
12, 197, 192, 22
12, 261, 192, 56
12, 264, 192, 80
12, 204, 192, 3
12, 142, 192, 1
12, 80, 192, 10
12, 49, 192, 26
12, 211, 192, 93
12, 85, 192, 49
12, 377, 192, 24
12, 157, 192, 24
12, 129, 193, 44
12, 162, 193, 90
12, 70, 193, 63
12, 72, 193, 9
12, 168, 193, 52
12, 41, 193, 61
12, 139, 193, 81
12, 236, 193, 95
12, 49, 193, 26
12, 84, 193, 37
12, 277, 193, 73
12, 87, 193, 55
12, 55, 193, 46
12, 251, 193, 54
12, 387, 194, 69
12, 18, 194, 42
12, 278, 194, 81
12, 41, 194, 61
12, 170, 194, 74
12, 176, 194, 96
12, 180, 194, 5
12, 60, 194, 10
12, 195, 194, 71
12, 332, 194, 32
12, 334, 194, 54
12, 213, 194, 33
12, 87, 194, 55
12, 90, 194, 57
12, 225, 194, 33
12, 354, 194, 51
12, 112, 194, 23
12, 243, 194, 52
12, 246, 194, 78
12, 353, 195, 89
12, 332, 195, 32
12, 20, 195, 87
12, 244, 195, 73
12, 342, 195, 63
12, 343, 195, 59
12, 345, 195, 63
12, 59, 195, 22
12, 222, 195, 59
12, 290, 196, 70
12, 300, 196, 55
12, 205, 196, 44
12, 302, 196, 33
12, 341, 196, 9
12, 246, 196, 78
12, 217, 196, 63
12, 91, 196, 38
12, 156, 196, 6
12, 29, 196, 76
12, 126, 196, 83
12, 95, 196, 15
12, 194, 197, 41
12, 131, 197, 51
12, 328, 197, 26
12, 9, 197, 47
12, 200, 197, 41
12, 14, 197, 58
12, 113, 197, 68
12, 179, 197, 59
12, 23, 197, 20
12, 151, 197, 86
12, 248, 197, 26
12, 123, 197, 96
12, 132, 198, 17
12, 135, 198, 68
12, 10, 198, 41
12, 25, 198, 52
12, 287, 198, 83
12, 300, 198, 55
12, 51, 198, 16
12, 312, 198, 91
12, 62, 198, 17
12, 196, 198, 29
12, 212, 198, 16
12, 214, 198, 19
12, 220, 198, 71
12, 352, 198, 52
12, 353, 198, 89
12, 358, 198, 3
12, 106, 198, 100
12, 125, 198, 60
12, 127, 198, 57
12, 225, 199, 33
12, 344, 199, 76
12, 335, 199, 71
12, 81, 199, 38
12, 178, 199, 44
12, 146, 199, 60
12, 340, 199, 99
12, 147, 199, 27
12, 376, 199, 46
12, 350, 199, 69
12, 216, 199, 4
