200, 400, 20
7, 321, 0, 60
7, 162, 0, 26
7, 100, 0, 96
7, 201, 0, 17
7, 25, 0, 77
7, 189, 0, 16
7, 128, 1, 13
7, 131, 1, 59
7, 389, 1, 65
7, 391, 1, 12
7, 264, 1, 24
7, 232, 1, 32
7, 40, 1, 10
7, 137, 1, 59
7, 76, 1, 79
7, 135, 1, 81
7, 231, 1, 44
7, 23, 1, 41
7, 182, 1, 90
7, 374, 1, 31
7, 280, 1, 28
7, 190, 1, 22
7, 259, 2, 18
7, 7, 2, 24
7, 21, 2, 31
7, 160, 2, 9
7, 168, 2, 30
7, 170, 2, 23
7, 177, 2, 78
7, 52, 2, 65
7, 310, 2, 31
7, 318, 2, 81
7, 192, 2, 67
7, 328, 2, 85
7, 340, 2, 34
7, 247, 2, 19
7, 95, 2, 94
7, 99, 2, 6
7, 356, 2, 100
7, 106, 2, 1
7, 372, 2, 37
7, 375, 2, 25
7, 64, 3, 56
7, 130, 3, 81
7, 259, 3, 18
7, 324, 3, 38
7, 163, 3, 85
7, 388, 3, 62
7, 136, 3, 51
7, 8, 3, 16
7, 138, 3, 45
7, 140, 3, 12
7, 206, 3, 53
7, 148, 3, 33
7, 85, 3, 68
7, 152, 3, 96
7, 313, 3, 2
7, 250, 3, 84
7, 128, 4, 13
7, 346, 4, 66
7, 367, 4, 22
7, 208, 4, 3
7, 275, 4, 36
7, 152, 4, 96
7, 58, 4, 21
7, 159, 4, 27
7, 322, 5, 44
7, 100, 5, 96
7, 357, 5, 62
7, 165, 5, 10
7, 13, 5, 83
7, 270, 5, 80
7, 246, 5, 75
7, 25, 5, 77
7, 124, 5, 63
7, 129, 6, 39
7, 322, 6, 44
7, 226, 6, 42
7, 163, 6, 85
7, 354, 6, 27
7, 358, 6, 31
7, 327, 6, 20
7, 104, 6, 72
7, 106, 6, 1
7, 268, 6, 30
7, 397, 6, 93
7, 274, 6, 24
7, 275, 6, 36
7, 178, 6, 36
7, 119, 6, 94
7, 154, 6, 46
7, 279, 6, 68
7, 129, 7, 39
7, 98, 7, 66
7, 322, 7, 44
7, 229, 7, 78
7, 397, 7, 93
7, 302, 7, 26
7, 14, 7, 44
7, 113, 7, 95
7, 371, 7, 68
7, 2, 8, 21
7, 99, 8, 6
7, 226, 8, 42
7, 330, 8, 79
7, 364, 8, 96
7, 111, 8, 98
7, 145, 8, 5
7, 116, 8, 90
7, 93, 8, 43
7, 150, 8, 75
7, 23, 8, 41
7, 58, 8, 21
7, 59, 8, 51
7, 380, 8, 100
7, 221, 8, 89
7, 223, 8, 17
7, 132, 9, 62
7, 394, 9, 22
7, 275, 9, 36
7, 148, 9, 33
7, 147, 9, 44
7, 152, 9, 96
7, 39, 9, 61
7, 170, 9, 23
7, 179, 9, 93
7, 183, 9, 80
7, 184, 9, 46
7, 323, 9, 75
7, 328, 9, 85
7, 216, 9, 14
7, 350, 9, 17
7, 224, 9, 2
7, 354, 9, 27
7, 226, 9, 42
7, 105, 9, 6
7, 248, 9, 20
7, 96, 10, 25
7, 391, 10, 12
7, 168, 10, 30
7, 77, 10, 15
7, 111, 10, 98
7, 144, 10, 100
7, 80, 10, 34
7, 244, 10, 65
7, 56, 10, 29
7, 345, 10, 20
7, 314, 10, 11
7, 30, 10, 97
7, 287, 10, 22
7, 3, 11, 96
7, 391, 11, 12
7, 207, 11, 73
7, 23, 11, 41
7, 251, 11, 81
7, 322, 12, 44
7, 259, 12, 18
7, 255, 12, 51
7, 168, 12, 30
7, 269, 12, 42
7, 306, 12, 71
7, 53, 12, 47
7, 118, 12, 33
7, 316, 12, 49
7, 31, 12, 68
7, 3, 13, 96
7, 266, 13, 66
7, 275, 13, 36
7, 23, 13, 41
7, 165, 13, 10
7, 170, 13, 23
7, 45, 13, 62
7, 56, 13, 29
7, 199, 13, 77
7, 206, 13, 53
7, 338, 13, 47
7, 83, 13, 65
7, 343, 13, 65
7, 92, 13, 56
7, 351, 13, 56
7, 99, 13, 6
7, 228, 13, 98
7, 106, 13, 1
7, 239, 13, 53
7, 256, 14, 23
7, 132, 14, 62
7, 133, 14, 97
7, 45, 14, 62
7, 180, 14, 80
7, 86, 14, 81
7, 22, 14, 60
7, 88, 14, 15
7, 59, 14, 51
7, 221, 14, 89
7, 95, 14, 94
7, 127, 14, 39
7, 160, 15, 9
7, 197, 15, 63
7, 102, 15, 80
7, 165, 15, 10
7, 264, 15, 24
7, 10, 15, 99
7, 235, 15, 60
7, 76, 15, 79
7, 77, 15, 15
7, 46, 15, 80
7, 240, 15, 81
7, 368, 15, 32
7, 115, 15, 37
7, 84, 15, 42
7, 275, 15, 36
7, 184, 15, 46
7, 381, 15, 87
7, 191, 15, 66
7, 32, 16, 86
7, 322, 16, 44
7, 194, 16, 64
7, 319, 16, 29
7, 297, 16, 13
7, 170, 16, 23
7, 171, 16, 65
7, 16, 16, 16
7, 209, 16, 41
7, 84, 16, 42
7, 151, 16, 45
7, 121, 16, 89
7, 346, 16, 66
7, 279, 16, 68
7, 159, 16, 27
7, 34, 17, 57
7, 324, 17, 38
7, 100, 17, 96
7, 6, 17, 79
7, 294, 17, 67
7, 169, 17, 81
7, 110, 17, 73
7, 271, 17, 96
7, 87, 17, 9
7, 151, 17, 45
7, 281, 17, 12
7, 378, 17, 67
7, 159, 17, 27
7, 226, 18, 42
7, 101, 18, 16
7, 231, 18, 44
7, 273, 18, 41
7, 50, 18, 78
7, 214, 18, 26
7, 150, 18, 75
7, 280, 19, 28
7, 34, 19, 57
7, 9, 19, 2
7, 206, 19, 53
7, 180, 19, 80
7, 278, 19, 59
7, 88, 19, 15
7, 60, 19, 21
7, 349, 19, 46
7, 387, 20, 97
7, 168, 20, 30
7, 393, 20, 52
7, 298, 20, 72
7, 139, 20, 70
7, 235, 20, 60
7, 80, 20, 34
7, 210, 20, 65
7, 179, 20, 93
7, 118, 20, 33
7, 92, 20, 56
7, 223, 20, 17
7, 257, 21, 64
7, 290, 21, 21
7, 395, 21, 2
7, 109, 21, 13
7, 383, 21, 65
7, 256, 22, 23
7, 266, 22, 66
7, 12, 22, 86
7, 21, 22, 31
7, 23, 22, 41
7, 26, 22, 54
7, 166, 22, 34
7, 172, 22, 88
7, 44, 22, 60
7, 68, 22, 59
7, 327, 22, 20
7, 80, 22, 34
7, 337, 22, 87
7, 349, 22, 46
7, 350, 22, 17
7, 366, 22, 62
7, 245, 22, 92
7, 123, 22, 82
7, 125, 22, 55
7, 96, 23, 25
7, 194, 23, 64
7, 361, 23, 40
7, 137, 23, 59
7, 300, 23, 32
7, 145, 23, 5
7, 114, 23, 53
7, 283, 23, 41
7, 9, 24, 2
7, 106, 24, 1
7, 365, 24, 23
7, 243, 24, 15
7, 216, 24, 14
7, 220, 24, 7
7, 184, 24, 46
7, 206, 25, 53
7, 175, 25, 94
7, 367, 25, 22
7, 112, 25, 61
7, 306, 25, 71
7, 18, 25, 4
7, 337, 25, 87
7, 57, 25, 36
7, 352, 26, 4
7, 113, 26, 95
7, 84, 26, 42
7, 341, 26, 4
7, 150, 26, 75
7, 120, 26, 45
7, 57, 26, 36
7, 154, 26, 46
7, 316, 26, 49
7, 381, 26, 87
7, 159, 26, 27
7, 233, 27, 30
7, 366, 27, 62
7, 272, 27, 73
7, 144, 27, 100
7, 341, 27, 4
7, 90, 27, 46
7, 160, 28, 9
7, 35, 28, 5
7, 217, 28, 15
7, 104, 28, 72
7, 57, 28, 36
7, 29, 28, 20
7, 222, 28, 28
7, 127, 28, 39
7, 259, 29, 18
7, 390, 29, 7
7, 6, 29, 79
7, 139, 29, 70
7, 273, 29, 41
7, 148, 29, 33
7, 151, 29, 45
7, 289, 29, 23
7, 161, 29, 2
7, 165, 29, 10
7, 294, 29, 67
7, 183, 29, 80
7, 184, 29, 46
7, 329, 29, 77
7, 203, 29, 100
7, 212, 29, 51
7, 86, 29, 81
7, 343, 29, 65
7, 223, 29, 17
7, 356, 29, 100
7, 133, 30, 97
7, 135, 30, 81
7, 265, 30, 99
7, 139, 30, 70
7, 14, 30, 44
7, 151, 30, 45
7, 281, 30, 12
7, 287, 30, 22
7, 307, 30, 63
7, 184, 30, 46
7, 58, 30, 21
7, 317, 30, 53
7, 320, 30, 80
7, 194, 30, 64
7, 199, 30, 77
7, 82, 30, 87
7, 98, 30, 66
7, 238, 30, 84
7, 368, 30, 32
7, 253, 30, 9
7, 353, 31, 3
7, 100, 31, 96
7, 37, 31, 27
7, 262, 31, 33
7, 296, 31, 64
7, 75, 31, 5
7, 300, 31, 32
7, 301, 31, 74
7, 142, 31, 74
7, 271, 31, 96
7, 272, 31, 73
7, 273, 31, 41
7, 367, 31, 22
7, 147, 31, 44
7, 212, 31, 51
7, 59, 31, 51
7, 349, 31, 46
7, 358, 32, 31
7, 230, 32, 76
7, 172, 32, 88
7, 178, 32, 36
7, 281, 32, 12
7, 348, 32, 21
7, 125, 32, 55
7, 185, 33, 64
7, 249, 33, 46
7, 383, 33, 65
7, 296, 33, 64
7, 59, 33, 51
7, 327, 33, 20
7, 395, 33, 2
7, 140, 33, 12
7, 363, 33, 38
7, 174, 33, 62
7, 337, 33, 87
7, 146, 33, 75
7, 24, 33, 57
7, 94, 33, 75
7, 378, 33, 67
7, 219, 33, 77
7, 318, 33, 81
7, 351, 33, 56
7, 89, 34, 5
7, 294, 34, 67
7, 39, 34, 61
7, 136, 34, 51
7, 361, 34, 40
7, 234, 34, 22
7, 138, 34, 45
7, 395, 34, 2
7, 11, 34, 95
7, 370, 34, 57
7, 50, 34, 78
7, 242, 34, 44
7, 245, 34, 92
7, 151, 34, 45
7, 344, 34, 47
7, 57, 34, 36
7, 91, 34, 15
7, 28, 34, 48
7, 384, 35, 73
7, 229, 35, 78
7, 231, 35, 44
7, 73, 35, 52
7, 142, 35, 74
7, 238, 35, 84
7, 81, 35, 55
7, 242, 35, 44
7, 51, 35, 79
7, 244, 35, 65
7, 116, 35, 90
7, 26, 35, 54
7, 91, 35, 15
7, 382, 35, 14
7, 288, 36, 99
7, 97, 36, 49
7, 195, 36, 86
7, 261, 36, 51
7, 102, 36, 80
7, 209, 36, 41
7, 146, 36, 75
7, 339, 36, 28
7, 52, 36, 65
7, 151, 36, 45
7, 251, 36, 81
7, 93, 36, 43
7, 383, 36, 65
7, 256, 37, 23
7, 194, 37, 64
7, 259, 37, 18
7, 99, 37, 6
7, 134, 37, 15
7, 360, 37, 59
7, 177, 37, 78
7, 242, 37, 44
7, 115, 37, 37
7, 344, 37, 47
7, 156, 37, 75
7, 94, 37, 75
7, 163, 38, 85
7, 358, 38, 31
7, 40, 38, 10
7, 305, 38, 12
7, 244, 38, 65
7, 54, 38, 68
7, 187, 38, 12
7, 33, 39, 3
7, 387, 39, 97
7, 390, 39, 7
7, 328, 39, 85
7, 392, 39, 9
7, 138, 39, 45
7, 396, 39, 63
7, 301, 39, 74
7, 270, 39, 80
7, 303, 39, 85
7, 240, 39, 81
7, 13, 39, 83
7, 179, 39, 93
7, 372, 39, 37
7, 248, 39, 20
7, 381, 39, 87
7, 97, 40, 49
7, 162, 40, 26
7, 68, 40, 59
7, 78, 40, 42
7, 49, 40, 46
7, 341, 40, 4
7, 277, 40, 54
7, 321, 41, 60
7, 162, 41, 26
7, 130, 41, 81
7, 134, 41, 15
7, 42, 41, 69
7, 10, 41, 99
7, 15, 41, 30
7, 146, 41, 75
7, 82, 41, 87
7, 277, 41, 54
7, 280, 41, 28
7, 121, 41, 89
7, 251, 41, 81
7, 94, 41, 75
7, 95, 41, 94
7, 9, 42, 2
7, 10, 42, 99
7, 11, 42, 95
7, 270, 42, 80
7, 153, 42, 61
7, 285, 42, 100
7, 157, 42, 81
7, 289, 42, 23
7, 177, 42, 78
7, 313, 42, 2
7, 193, 42, 54
7, 333, 42, 97
7, 78, 42, 42
7, 345, 42, 20
7, 221, 42, 89
7, 229, 42, 78
7, 361, 42, 40
7, 234, 42, 22
7, 111, 42, 98
7, 240, 42, 81
7, 96, 43, 25
7, 354, 43, 27
7, 99, 43, 6
7, 4, 43, 11
7, 226, 43, 42
7, 328, 43, 85
7, 13, 43, 83
7, 110, 43, 73
7, 335, 43, 27
7, 82, 43, 87
7, 114, 43, 53
7, 19, 43, 52
7, 146, 43, 75
7, 308, 43, 100
7, 180, 43, 80
7, 338, 43, 47
7, 276, 43, 84
7, 187, 43, 12
7, 36, 44, 16
7, 326, 44, 1
7, 104, 44, 72
7, 168, 44, 30
7, 302, 44, 26
7, 79, 44, 51
7, 273, 44, 41
7, 115, 44, 37
7, 151, 44, 45
7, 380, 44, 100
7, 316, 44, 49
7, 258, 45, 51
7, 324, 45, 38
7, 165, 45, 10
7, 167, 45, 29
7, 8, 45, 16
7, 218, 45, 9
7, 13, 45, 83
7, 177, 45, 78
7, 308, 45, 100
7, 85, 45, 68
7, 117, 45, 37
7, 90, 45, 46
7, 277, 46, 54
7, 153, 46, 61
7, 295, 46, 41
7, 176, 46, 54
7, 178, 46, 36
7, 180, 46, 80
7, 53, 46, 47
7, 57, 46, 36
7, 61, 46, 1
7, 320, 46, 80
7, 196, 46, 29
7, 69, 46, 94
7, 201, 46, 17
7, 214, 46, 26
7, 217, 46, 15
7, 345, 46, 20
7, 351, 46, 56
7, 224, 46, 2
7, 231, 46, 44
7, 367, 46, 22
7, 97, 47, 49
7, 36, 47, 16
7, 232, 47, 32
7, 392, 47, 9
7, 74, 47, 71
7, 331, 47, 71
7, 299, 47, 32
7, 170, 47, 23
7, 49, 47, 46
7, 178, 47, 36
7, 20, 47, 55
7, 184, 47, 46
7, 2, 48, 21
7, 356, 48, 100
7, 58, 48, 21
7, 81, 48, 55
7, 246, 48, 75
7, 24, 48, 57
7, 249, 48, 46
7, 154, 48, 46
7, 317, 48, 53
7, 0, 49, 22
7, 192, 49, 67
7, 354, 49, 27
7, 263, 49, 33
7, 107, 49, 43
7, 300, 49, 32
7, 272, 49, 73
7, 113, 49, 95
7, 309, 49, 47
7, 58, 49, 21
7, 347, 49, 92
7, 222, 49, 28
7, 386, 50, 2
7, 230, 50, 76
7, 135, 50, 81
7, 359, 50, 28
7, 107, 50, 43
7, 77, 50, 15
7, 16, 50, 16
7, 273, 50, 41
7, 147, 50, 44
7, 243, 50, 15
7, 245, 50, 92
7, 187, 50, 12
7, 262, 51, 33
7, 383, 51, 65
7, 46, 51, 80
7, 52, 51, 65
7, 213, 51, 4
7, 159, 51, 27
7, 256, 52, 23
7, 260, 52, 2
7, 228, 52, 98
7, 5, 52, 24
7, 392, 52, 9
7, 168, 52, 30
7, 396, 52, 63
7, 110, 52, 73
7, 208, 52, 3
7, 144, 52, 100
7, 115, 52, 37
7, 246, 52, 75
7, 154, 52, 46
7, 285, 52, 100
7, 318, 52, 81
7, 31, 52, 68
7, 0, 53, 22
7, 353, 53, 3
7, 226, 53, 42
7, 66, 53, 54
7, 100, 53, 96
7, 293, 53, 27
7, 230, 53, 76
7, 33, 53, 3
7, 138, 53, 45
7, 236, 53, 45
7, 140, 53, 12
7, 77, 53, 15
7, 180, 53, 80
7, 183, 53, 80
7, 379, 53, 95
7, 190, 53, 22
7, 127, 53, 39
7, 64, 54, 56
7, 65, 54, 64
7, 322, 54, 44
7, 0, 54, 22
7, 39, 54, 61
7, 328, 54, 85
7, 365, 54, 23
7, 336, 54, 31
7, 177, 54, 78
7, 272, 54, 73
7, 307, 54, 63
7, 304, 54, 66
7, 85, 54, 68
7, 152, 54, 96
7, 281, 54, 12
7, 26, 54, 54
7, 60, 54, 21
7, 126, 54, 1
7, 4, 55, 11
7, 262, 55, 33
7, 135, 55, 81
7, 6, 55, 79
7, 136, 55, 51
7, 394, 55, 22
7, 265, 55, 99
7, 151, 55, 45
7, 31, 55, 68
7, 162, 55, 26
7, 291, 55, 10
7, 296, 55, 64
7, 171, 55, 65
7, 314, 55, 11
7, 81, 55, 55
7, 337, 55, 87
7, 354, 55, 27
7, 357, 55, 62
7, 126, 55, 1
7, 131, 56, 59
7, 7, 56, 24
7, 9, 56, 2
7, 16, 56, 16
7, 282, 56, 79
7, 33, 56, 3
7, 43, 56, 41
7, 179, 56, 93
7, 313, 56, 2
7, 71, 56, 26
7, 344, 56, 47
7, 90, 56, 46
7, 347, 56, 92
7, 220, 56, 7
7, 92, 56, 56
7, 101, 56, 16
7, 357, 56, 62
7, 358, 56, 31
7, 237, 56, 95
7, 117, 56, 37
7, 280, 57, 28
7, 99, 57, 6
7, 229, 57, 78
7, 134, 57, 15
7, 72, 57, 39
7, 104, 57, 72
7, 42, 57, 69
7, 302, 57, 26
7, 248, 57, 20
7, 123, 57, 82
7, 348, 57, 21
7, 289, 58, 23
7, 99, 58, 6
7, 357, 58, 62
7, 169, 58, 81
7, 10, 58, 99
7, 96, 59, 25
7, 354, 59, 27
7, 226, 59, 42
7, 325, 59, 27
7, 10, 59, 99
7, 395, 59, 2
7, 266, 59, 66
7, 232, 60, 32
7, 328, 60, 85
7, 139, 60, 70
7, 365, 60, 23
7, 305, 60, 12
7, 126, 60, 1
7, 32, 61, 86
7, 174, 61, 62
7, 145, 61, 5
7, 343, 61, 65
7, 280, 61, 28
7, 155, 61, 25
7, 157, 61, 81
7, 94, 61, 75
7, 34, 62, 57
7, 322, 62, 44
7, 130, 62, 81
7, 326, 62, 1
7, 313, 62, 2
7, 105, 62, 6
7, 138, 62, 45
7, 45, 62, 62
7, 338, 62, 47
7, 50, 62, 78
7, 22, 62, 60
7, 119, 62, 94
7, 214, 62, 26
7, 249, 62, 46
7, 251, 62, 81
7, 29, 62, 20
7, 292, 63, 11
7, 389, 63, 65
7, 103, 63, 93
7, 265, 63, 99
7, 329, 63, 77
7, 73, 63, 52
7, 332, 63, 26
7, 142, 63, 74
7, 398, 63, 38
7, 278, 63, 59
7, 311, 63, 95
7, 376, 63, 11
7, 118, 63, 33
7, 215, 63, 21
7, 220, 63, 7
7, 127, 63, 39
7, 227, 64, 9
7, 37, 64, 27
7, 41, 64, 29
7, 74, 64, 71
7, 267, 64, 70
7, 333, 64, 97
7, 110, 64, 73
7, 15, 64, 30
7, 77, 64, 15
7, 334, 64, 50
7, 78, 64, 42
7, 48, 64, 36
7, 86, 64, 81
7, 247, 64, 19
7, 310, 64, 31
7, 377, 64, 45
7, 123, 64, 82
7, 158, 64, 89
7, 358, 65, 31
7, 247, 65, 19
7, 233, 65, 30
7, 361, 65, 40
7, 107, 65, 43
7, 236, 65, 45
7, 205, 65, 82
7, 41, 65, 29
7, 136, 65, 51
7, 336, 65, 31
7, 241, 65, 31
7, 245, 65, 92
7, 215, 65, 21
7, 315, 65, 5
7, 220, 65, 7
7, 381, 65, 87
7, 287, 65, 22
7, 227, 66, 9
7, 228, 66, 98
7, 174, 66, 62
7, 242, 66, 44
7, 339, 66, 28
7, 22, 66, 60
7, 183, 66, 80
7, 186, 66, 93
7, 34, 67, 57
7, 227, 67, 9
7, 101, 67, 16
7, 265, 67, 99
7, 362, 67, 84
7, 393, 67, 52
7, 234, 67, 22
7, 301, 67, 74
7, 142, 67, 74
7, 235, 67, 60
7, 144, 67, 100
7, 108, 67, 35
7, 245, 67, 92
7, 310, 67, 31
7, 219, 67, 77
7, 382, 67, 14
7, 383, 67, 65
7, 225, 68, 65
7, 100, 68, 96
7, 167, 68, 29
7, 9, 68, 2
7, 338, 68, 47
7, 150, 68, 75
7, 185, 68, 64
7, 314, 68, 11
7, 252, 68, 98
7, 190, 68, 22
7, 127, 68, 39
7, 291, 69, 10
7, 69, 69, 94
7, 37, 69, 27
7, 71, 69, 26
7, 359, 69, 28
7, 201, 69, 17
7, 233, 69, 30
7, 46, 69, 80
7, 367, 69, 22
7, 180, 69, 80
7, 374, 69, 31
7, 191, 69, 66
7, 291, 70, 10
7, 68, 70, 59
7, 300, 70, 32
7, 15, 70, 30
7, 312, 70, 66
7, 258, 71, 51
7, 265, 71, 99
7, 10, 71, 99
7, 395, 71, 2
7, 397, 71, 93
7, 26, 71, 54
7, 284, 71, 96
7, 302, 71, 26
7, 181, 71, 56
7, 59, 71, 51
7, 61, 71, 1
7, 195, 71, 86
7, 343, 71, 65
7, 224, 71, 2
7, 358, 71, 31
7, 112, 71, 61
7, 118, 71, 33
7, 381, 71, 87
7, 382, 71, 14
7, 162, 72, 26
7, 226, 72, 42
7, 40, 72, 10
7, 234, 72, 22
7, 331, 72, 71
7, 114, 72, 53
7, 116, 72, 90
7, 341, 72, 4
7, 23, 72, 41
7, 343, 72, 65
7, 282, 72, 79
7, 159, 72, 27
7, 161, 73, 2
7, 66, 73, 54
7, 258, 73, 51
7, 33, 73, 3
7, 289, 73, 23
7, 390, 73, 7
7, 364, 73, 96
7, 398, 73, 38
7, 147, 73, 44
7, 212, 73, 51
7, 53, 73, 47
7, 55, 73, 21
7, 216, 73, 14
7, 346, 73, 66
7, 188, 73, 93
7, 93, 73, 43
7, 158, 73, 89
7, 319, 73, 29
7, 256, 74, 23
7, 321, 74, 60
7, 137, 74, 59
7, 149, 74, 23
7, 31, 74, 68
7, 288, 75, 99
7, 259, 75, 18
7, 294, 75, 67
7, 207, 75, 73
7, 306, 75, 71
7, 338, 75, 47
7, 276, 75, 84
7, 183, 75, 80
7, 377, 75, 45
7, 190, 75, 22
7, 32, 76, 86
7, 163, 76, 85
7, 103, 76, 93
7, 372, 76, 37
7, 278, 76, 59
7, 150, 76, 75
7, 35, 77, 5
7, 357, 77, 62
7, 166, 77, 34
7, 165, 77, 10
7, 167, 77, 29
7, 394, 77, 22
7, 363, 77, 38
7, 236, 77, 45
7, 14, 77, 44
7, 79, 77, 51
7, 143, 77, 10
7, 122, 77, 58
7, 315, 77, 5
7, 30, 77, 97
7, 161, 78, 2
7, 100, 78, 96
7, 8, 78, 16
7, 108, 78, 35
7, 180, 78, 80
7, 373, 78, 60
7, 223, 78, 17
7, 2, 79, 21
7, 295, 79, 41
7, 359, 79, 28
7, 42, 79, 69
7, 43, 79, 41
7, 309, 79, 47
7, 217, 79, 15
7, 95, 79, 94
7, 320, 80, 80
7, 161, 80, 2
7, 98, 80, 66
7, 355, 80, 17
7, 291, 80, 10
7, 133, 80, 97
7, 17, 80, 6
7, 178, 80, 36
7, 244, 80, 65
7, 86, 80, 81
7, 26, 80, 54
7, 319, 80, 29
7, 168, 81, 30
7, 107, 81, 43
7, 395, 81, 2
7, 143, 81, 10
7, 212, 81, 51
7, 372, 81, 37
7, 250, 81, 84
7, 30, 81, 97
7, 65, 82, 64
7, 322, 82, 44
7, 131, 82, 59
7, 133, 82, 97
7, 7, 82, 24
7, 264, 82, 24
7, 361, 82, 40
7, 43, 82, 41
7, 139, 82, 70
7, 175, 82, 94
7, 144, 82, 100
7, 369, 82, 82
7, 47, 82, 28
7, 374, 82, 31
7, 221, 82, 89
7, 25, 82, 77
7, 251, 82, 81
7, 61, 82, 1
7, 128, 83, 13
7, 65, 83, 64
7, 326, 83, 1
7, 80, 83, 34
7, 316, 83, 49
7, 320, 84, 80
7, 164, 84, 13
7, 292, 84, 11
7, 71, 84, 26
7, 200, 84, 98
7, 233, 84, 30
7, 247, 84, 19
7, 328, 84, 85
7, 12, 84, 86
7, 333, 84, 97
7, 109, 84, 13
7, 41, 84, 29
7, 119, 84, 94
7, 215, 84, 21
7, 59, 84, 51
7, 348, 84, 21
7, 73, 85, 52
7, 394, 85, 22
7, 25, 85, 77
7, 122, 85, 58
7, 158, 85, 89
7, 191, 85, 66
7, 37, 86, 27
7, 390, 86, 7
7, 393, 86, 52
7, 106, 86, 1
7, 300, 86, 32
7, 146, 86, 75
7, 51, 86, 79
7, 212, 86, 51
7, 147, 86, 44
7, 218, 86, 9
7, 254, 86, 98
7, 287, 86, 22
7, 96, 87, 25
7, 161, 87, 2
7, 195, 87, 86
7, 133, 87, 97
7, 38, 87, 78
7, 392, 87, 9
7, 361, 87, 40
7, 365, 87, 23
7, 238, 87, 84
7, 114, 87, 53
7, 274, 87, 24
7, 21, 87, 31
7, 312, 87, 66
7, 314, 87, 11
7, 351, 87, 56
7, 384, 88, 73
7, 387, 88, 97
7, 397, 88, 93
7, 271, 88, 96
7, 274, 88, 24
7, 277, 88, 54
7, 278, 88, 59
7, 159, 88, 27
7, 32, 88, 86
7, 174, 88, 62
7, 192, 88, 67
7, 330, 88, 79
7, 337, 88, 87
7, 81, 88, 55
7, 350, 88, 17
7, 358, 88, 31
7, 244, 88, 65
7, 250, 88, 84
7, 126, 88, 1
7, 255, 88, 51
7, 386, 89, 2
7, 291, 89, 10
7, 358, 89, 31
7, 135, 89, 81
7, 380, 89, 100
7, 66, 90, 54
7, 355, 90, 17
7, 134, 90, 15
7, 391, 90, 12
7, 296, 90, 64
7, 361, 90, 40
7, 74, 90, 71
7, 171, 90, 65
7, 363, 90, 38
7, 102, 90, 80
7, 46, 90, 80
7, 262, 90, 33
7, 368, 90, 32
7, 85, 90, 68
7, 310, 90, 31
7, 88, 90, 15
7, 377, 90, 45
7, 187, 90, 12
7, 256, 91, 23
7, 353, 91, 3
7, 258, 91, 51
7, 193, 91, 54
7, 360, 91, 59
7, 170, 91, 23
7, 298, 91, 72
7, 236, 91, 45
7, 315, 91, 5
7, 363, 92, 38
7, 238, 92, 84
7, 208, 92, 3
7, 274, 92, 24
7, 115, 92, 37
7, 311, 92, 95
7, 309, 92, 47
7, 86, 92, 81
7, 183, 92, 80
7, 184, 92, 46
7, 377, 92, 45
7, 19, 92, 52
7, 27, 92, 95
7, 221, 92, 89
7, 248, 93, 20
7, 3, 93, 96
7, 324, 93, 38
7, 165, 93, 10
7, 102, 93, 80
7, 294, 93, 67
7, 296, 93, 64
7, 396, 93, 63
7, 207, 93, 73
7, 368, 93, 32
7, 337, 93, 87
7, 210, 93, 65
7, 152, 93, 96
7, 218, 93, 9
7, 284, 93, 96
7, 159, 93, 27
7, 128, 94, 13
7, 352, 94, 4
7, 165, 94, 10
7, 297, 94, 13
7, 298, 94, 72
7, 76, 94, 79
7, 13, 94, 83
7, 378, 94, 67
7, 143, 94, 10
7, 367, 94, 22
7, 178, 94, 36
7, 274, 94, 24
7, 381, 94, 87
7, 310, 94, 31
7, 313, 94, 2
7, 218, 94, 9
7, 222, 94, 28
7, 190, 94, 22
7, 352, 95, 4
7, 256, 95, 23
7, 195, 95, 86
7, 4, 95, 11
7, 198, 95, 20
7, 27, 95, 95
7, 329, 95, 77
7, 40, 95, 10
7, 41, 95, 29
7, 269, 95, 42
7, 109, 95, 13
7, 347, 95, 92
7, 216, 95, 14
7, 251, 95, 81
7, 189, 95, 16
7, 228, 96, 98
7, 165, 96, 10
7, 324, 96, 38
7, 169, 96, 81
7, 172, 96, 88
7, 369, 96, 82
7, 18, 96, 4
7, 306, 96, 71
7, 84, 96, 42
7, 115, 96, 37
7, 375, 96, 25
7, 56, 96, 29
7, 59, 96, 51
7, 384, 97, 73
7, 153, 97, 61
7, 259, 97, 18
7, 356, 97, 100
7, 230, 97, 76
7, 328, 97, 85
7, 204, 97, 99
7, 279, 97, 68
7, 345, 97, 20
7, 346, 97, 66
7, 155, 97, 25
7, 1, 98, 8
7, 226, 98, 42
7, 5, 98, 24
7, 326, 98, 1
7, 391, 98, 12
7, 135, 98, 81
7, 10, 98, 99
7, 234, 98, 22
7, 346, 98, 66
7, 81, 98, 55
7, 114, 98, 53
7, 49, 98, 46
7, 338, 98, 47
7, 213, 98, 4
7, 215, 98, 21
7, 281, 98, 12
7, 186, 98, 93
7, 286, 98, 67
7, 65, 99, 64
7, 107, 99, 43
7, 209, 99, 41
7, 20, 99, 55
7, 116, 99, 90
7, 151, 99, 45
7, 57, 99, 36
7, 286, 99, 67
7, 163, 100, 85
7, 387, 100, 97
7, 197, 100, 63
7, 358, 100, 31
7, 266, 100, 66
7, 206, 100, 53
7, 207, 100, 73
7, 338, 100, 47
7, 114, 100, 53
7, 20, 100, 55
7, 312, 100, 66
7, 25, 100, 77
7, 218, 100, 9
7, 31, 100, 68
7, 67, 101, 69
7, 196, 101, 29
7, 389, 101, 65
7, 35, 101, 5
7, 330, 101, 79
7, 107, 101, 43
7, 106, 101, 1
7, 144, 101, 100
7, 146, 101, 75
7, 115, 101, 37
7, 93, 101, 43
7, 149, 101, 23
7, 214, 101, 26
7, 89, 101, 5
7, 218, 101, 9
7, 347, 101, 92
7, 125, 101, 55
7, 320, 102, 80
7, 353, 102, 3
7, 198, 102, 20
7, 395, 102, 2
7, 48, 102, 36
7, 313, 102, 2
7, 382, 102, 14
7, 351, 102, 56
7, 354, 103, 27
7, 263, 103, 33
7, 138, 103, 45
7, 14, 103, 44
7, 242, 103, 44
7, 245, 103, 92
7, 319, 103, 29
7, 96, 104, 25
7, 160, 104, 9
7, 163, 104, 85
7, 41, 104, 29
7, 210, 104, 65
7, 276, 104, 84
7, 278, 104, 59
7, 23, 104, 41
7, 189, 104, 16
7, 31, 104, 68
7, 227, 105, 9
7, 4, 105, 11
7, 324, 105, 38
7, 230, 105, 76
7, 359, 105, 28
7, 167, 105, 29
7, 108, 105, 35
7, 366, 105, 62
7, 207, 105, 73
7, 146, 105, 75
7, 277, 105, 54
7, 23, 105, 41
7, 312, 105, 66
7, 92, 105, 56
7, 97, 106, 49
7, 355, 106, 17
7, 227, 106, 9
7, 389, 106, 65
7, 102, 106, 80
7, 228, 106, 98
7, 392, 106, 9
7, 72, 106, 39
7, 331, 106, 71
7, 173, 106, 23
7, 143, 106, 10
7, 274, 106, 24
7, 181, 106, 56
7, 25, 106, 77
7, 184, 106, 46
7, 94, 106, 75
7, 189, 106, 16
7, 158, 106, 89
7, 260, 107, 2
7, 266, 107, 66
7, 141, 107, 26
7, 16, 107, 16
7, 18, 107, 4
7, 24, 107, 57
7, 43, 107, 41
7, 44, 107, 60
7, 185, 107, 64
7, 63, 107, 87
7, 79, 107, 51
7, 210, 107, 65
7, 93, 107, 43
7, 228, 107, 98
7, 106, 107, 1
7, 364, 107, 96
7, 111, 107, 98
7, 368, 107, 32
7, 242, 107, 44
7, 32, 108, 86
7, 289, 108, 23
7, 96, 108, 25
7, 65, 108, 64
7, 326, 108, 1
7, 327, 108, 20
7, 296, 108, 64
7, 169, 108, 81
7, 331, 108, 71
7, 155, 108, 25
7, 399, 108, 91
7, 144, 108, 100
7, 246, 108, 75
7, 87, 108, 9
7, 313, 108, 2
7, 315, 108, 5
7, 28, 108, 48
7, 25, 108, 77
7, 257, 109, 64
7, 262, 109, 33
7, 22, 109, 60
7, 24, 109, 57
7, 280, 109, 28
7, 156, 109, 75
7, 29, 109, 20
7, 181, 109, 56
7, 182, 109, 90
7, 184, 109, 46
7, 65, 109, 64
7, 199, 109, 77
7, 88, 109, 15
7, 90, 109, 46
7, 222, 109, 28
7, 357, 109, 62
7, 107, 109, 43
7, 253, 109, 9
7, 382, 109, 14
7, 96, 110, 25
7, 0, 110, 22
7, 130, 110, 81
7, 231, 110, 44
7, 173, 110, 23
7, 373, 110, 60
7, 27, 110, 95
7, 381, 110, 87
7, 191, 110, 66
7, 384, 111, 73
7, 129, 111, 39
7, 226, 111, 42
7, 326, 111, 1
7, 264, 111, 24
7, 40, 111, 10
7, 363, 111, 38
7, 299, 111, 32
7, 267, 111, 70
7, 397, 111, 93
7, 172, 111, 88
7, 205, 111, 82
7, 148, 111, 33
7, 373, 111, 60
7, 220, 111, 7
7, 61, 111, 1
7, 96, 112, 25
7, 225, 112, 65
7, 258, 112, 51
7, 391, 112, 12
7, 109, 112, 13
7, 398, 112, 38
7, 178, 112, 36
7, 118, 112, 33
7, 279, 112, 68
7, 87, 112, 9
7, 121, 112, 89
7, 123, 112, 82
7, 254, 112, 98
7, 287, 112, 22
7, 2, 113, 21
7, 36, 113, 16
7, 262, 113, 33
7, 167, 113, 29
7, 8, 113, 16
7, 331, 113, 71
7, 111, 113, 98
7, 112, 113, 61
7, 146, 113, 75
7, 308, 113, 100
7, 94, 113, 75
7, 155, 113, 25
7, 124, 113, 63
7, 350, 113, 17
7, 63, 113, 87
7, 227, 114, 9
7, 357, 114, 62
7, 241, 114, 31
7, 210, 114, 65
7, 90, 114, 46
7, 128, 115, 13
7, 384, 115, 73
7, 257, 115, 64
7, 263, 115, 33
7, 141, 115, 26
7, 14, 115, 44
7, 143, 115, 10
7, 275, 115, 36
7, 276, 115, 84
7, 285, 115, 100
7, 315, 115, 5
7, 189, 115, 16
7, 318, 115, 81
7, 65, 115, 64
7, 330, 115, 79
7, 218, 115, 9
7, 350, 115, 17
7, 362, 115, 84
7, 254, 115, 98
7, 356, 116, 100
7, 73, 116, 52
7, 202, 116, 30
7, 12, 116, 86
7, 333, 116, 97
7, 174, 116, 62
7, 108, 116, 35
7, 19, 116, 52
7, 280, 116, 28
7, 282, 116, 79
7, 287, 116, 22
7, 193, 117, 54
7, 74, 117, 71
7, 120, 117, 45
7, 142, 117, 74
7, 46, 117, 80
7, 273, 117, 41
7, 306, 117, 71
7, 152, 117, 96
7, 316, 117, 49
7, 128, 118, 13
7, 235, 118, 60
7, 301, 118, 74
7, 269, 118, 42
7, 15, 118, 30
7, 270, 118, 80
7, 145, 118, 5
7, 338, 118, 47
7, 347, 118, 92
7, 116, 118, 90
7, 53, 118, 47
7, 118, 118, 33
7, 343, 118, 65
7, 248, 118, 20
7, 18, 118, 4
7, 27, 118, 95
7, 383, 118, 65
7, 130, 119, 81
7, 5, 119, 24
7, 326, 119, 1
7, 231, 119, 44
7, 71, 119, 26
7, 233, 119, 30
7, 115, 119, 37
7, 179, 119, 93
7, 257, 120, 64
7, 387, 120, 97
7, 260, 120, 2
7, 266, 120, 66
7, 142, 120, 74
7, 399, 120, 91
7, 24, 120, 57
7, 158, 120, 89
7, 39, 120, 61
7, 181, 120, 56
7, 188, 120, 93
7, 79, 120, 51
7, 225, 120, 65
7, 99, 120, 6
7, 122, 120, 58
7, 360, 120, 59
7, 114, 120, 53
7, 378, 120, 67
7, 382, 120, 14
7, 96, 121, 25
7, 161, 121, 2
7, 389, 121, 65
7, 39, 121, 61
7, 107, 121, 43
7, 108, 121, 35
7, 149, 121, 23
7, 280, 121, 28
7, 155, 121, 25
7, 29, 121, 20
7, 96, 122, 25
7, 288, 122, 99
7, 66, 122, 54
7, 228, 122, 98
7, 166, 122, 34
7, 231, 122, 44
7, 200, 122, 98
7, 263, 122, 33
7, 201, 122, 17
7, 167, 122, 29
7, 173, 122, 23
7, 47, 122, 28
7, 307, 122, 63
7, 376, 122, 11
7, 26, 122, 54
7, 283, 122, 41
7, 349, 122, 46
7, 64, 123, 56
7, 387, 123, 97
7, 104, 123, 72
7, 107, 123, 43
7, 235, 123, 60
7, 396, 123, 63
7, 207, 123, 73
7, 16, 123, 16
7, 23, 123, 41
7, 186, 123, 93
7, 252, 123, 98
7, 317, 123, 53
7, 351, 123, 56
7, 352, 124, 4
7, 1, 124, 8
7, 161, 124, 2
7, 320, 124, 80
7, 236, 124, 45
7, 337, 124, 87
7, 306, 124, 71
7, 249, 124, 46
7, 90, 124, 46
7, 251, 124, 81
7, 32, 125, 86
7, 161, 125, 2
7, 130, 125, 81
7, 37, 125, 27
7, 6, 125, 79
7, 231, 125, 44
7, 299, 125, 32
7, 75, 125, 5
7, 237, 125, 95
7, 378, 125, 67
7, 150, 125, 75
7, 343, 125, 65
7, 122, 125, 58
7, 286, 125, 67
7, 257, 126, 64
7, 387, 126, 97
7, 261, 126, 51
7, 395, 126, 2
7, 162, 126, 26
7, 291, 126, 10
7, 296, 126, 64
7, 41, 126, 29
7, 44, 126, 60
7, 49, 126, 46
7, 188, 126, 93
7, 61, 126, 1
7, 64, 126, 56
7, 79, 126, 51
7, 357, 126, 62
7, 111, 126, 98
7, 368, 126, 32
7, 114, 126, 53
7, 247, 126, 19
7, 288, 127, 99
7, 257, 127, 64
7, 98, 127, 66
7, 291, 127, 10
7, 100, 127, 96
7, 70, 127, 30
7, 72, 127, 39
7, 301, 127, 74
7, 173, 127, 23
7, 213, 127, 4
7, 310, 127, 31
7, 375, 127, 25
7, 86, 127, 81
7, 281, 127, 12
7, 250, 127, 84
7, 317, 127, 53
7, 222, 127, 28
7, 287, 127, 22
7, 65, 128, 64
7, 291, 128, 10
7, 167, 128, 29
7, 263, 128, 33
7, 329, 128, 77
7, 368, 128, 32
7, 345, 128, 20
7, 91, 128, 15
7, 188, 128, 93
7, 131, 129, 59
7, 37, 129, 27
7, 6, 129, 79
7, 327, 129, 20
7, 232, 129, 32
7, 393, 129, 52
7, 297, 129, 13
7, 236, 129, 45
7, 335, 129, 27
7, 177, 129, 78
7, 181, 129, 56
7, 287, 129, 22
7, 288, 130, 99
7, 320, 130, 80
7, 0, 130, 22
7, 64, 130, 56
7, 385, 130, 5
7, 165, 130, 10
7, 69, 130, 94
7, 70, 130, 30
7, 355, 130, 17
7, 272, 130, 73
7, 337, 130, 87
7, 211, 130, 83
7, 214, 130, 26
7, 55, 130, 21
7, 59, 130, 51
7, 32, 131, 86
7, 257, 131, 64
7, 387, 131, 97
7, 260, 131, 2
7, 108, 131, 35
7, 239, 131, 53
7, 1, 132, 8
7, 6, 132, 79
7, 8, 132, 16
7, 137, 132, 59
7, 243, 132, 15
7, 148, 132, 33
7, 213, 132, 4
7, 118, 132, 33
7, 247, 132, 19
7, 315, 132, 5
7, 321, 133, 60
7, 258, 133, 51
7, 66, 133, 54
7, 388, 133, 62
7, 39, 133, 61
7, 295, 133, 41
7, 361, 133, 40
7, 298, 133, 72
7, 270, 133, 80
7, 334, 133, 50
7, 112, 133, 61
7, 178, 133, 36
7, 147, 133, 44
7, 372, 133, 37
7, 247, 133, 19
7, 346, 133, 66
7, 59, 133, 51
7, 2, 134, 21
7, 259, 134, 18
7, 269, 134, 42
7, 336, 134, 31
7, 277, 134, 54
7, 54, 134, 68
7, 119, 134, 94
7, 218, 134, 9
7, 9, 135, 2
7, 205, 135, 82
7, 303, 135, 85
7, 16, 135, 16
7, 152, 135, 96
7, 256, 136, 23
7, 193, 136, 54
7, 358, 136, 31
7, 232, 136, 32
7, 362, 136, 84
7, 110, 136, 73
7, 145, 136, 5
7, 55, 136, 21
7, 126, 136, 1
7, 190, 136, 22
7, 127, 136, 39
7, 0, 137, 22
7, 33, 137, 3
7, 129, 137, 39
7, 344, 137, 47
7, 164, 137, 13
7, 258, 137, 51
7, 353, 137, 3
7, 200, 137, 98
7, 106, 137, 1
7, 171, 137, 65
7, 142, 137, 74
7, 145, 137, 5
7, 376, 137, 11
7, 56, 137, 29
7, 188, 137, 93
7, 232, 138, 32
7, 73, 138, 52
7, 305, 138, 12
7, 209, 138, 41
7, 280, 138, 28
7, 350, 138, 17
7, 258, 139, 51
7, 58, 139, 21
7, 229, 139, 78
7, 37, 139, 27
7, 104, 139, 72
7, 203, 139, 100
7, 374, 139, 31
7, 377, 139, 45
7, 186, 139, 93
7, 283, 139, 41
7, 191, 139, 66
7, 192, 140, 67
7, 64, 140, 56
7, 391, 140, 12
7, 264, 140, 24
7, 296, 140, 64
7, 238, 140, 84
7, 337, 140, 87
7, 373, 140, 60
7, 346, 140, 66
7, 220, 140, 7
7, 383, 140, 65
7, 131, 141, 59
7, 355, 141, 17
7, 328, 141, 85
7, 297, 141, 13
7, 363, 141, 38
7, 45, 141, 62
7, 79, 141, 51
7, 183, 141, 80
7, 287, 141, 22
7, 326, 142, 1
7, 16, 142, 16
7, 305, 142, 12
7, 180, 142, 80
7, 150, 142, 75
7, 311, 142, 95
7, 246, 142, 75
7, 95, 142, 94
7, 390, 143, 7
7, 103, 143, 93
7, 41, 143, 29
7, 239, 143, 53
7, 111, 143, 98
7, 274, 143, 24
7, 150, 143, 75
7, 185, 143, 64
7, 283, 143, 41
7, 224, 144, 2
7, 34, 144, 57
7, 4, 144, 11
7, 71, 144, 26
7, 298, 144, 72
7, 106, 144, 1
7, 171, 144, 65
7, 13, 144, 83
7, 399, 144, 91
7, 79, 144, 51
7, 209, 144, 41
7, 89, 144, 5
7, 91, 144, 15
7, 129, 145, 39
7, 97, 145, 49
7, 396, 145, 63
7, 236, 145, 45
7, 206, 145, 53
7, 147, 145, 44
7, 20, 145, 55
7, 278, 145, 59
7, 286, 145, 67
7, 352, 146, 4
7, 392, 146, 9
7, 141, 146, 26
7, 243, 146, 15
7, 212, 146, 51
7, 61, 146, 1
7, 0, 147, 22
7, 260, 147, 2
7, 132, 147, 62
7, 270, 147, 80
7, 291, 147, 10
7, 294, 147, 67
7, 61, 147, 1
7, 191, 147, 66
7, 324, 147, 38
7, 72, 147, 39
7, 204, 147, 99
7, 336, 147, 31
7, 211, 147, 83
7, 91, 147, 15
7, 95, 147, 94
7, 358, 147, 31
7, 117, 147, 37
7, 120, 147, 45
7, 378, 147, 67
7, 128, 148, 13
7, 321, 148, 60
7, 72, 148, 39
7, 171, 148, 65
7, 396, 148, 63
7, 365, 148, 23
7, 110, 148, 73
7, 108, 148, 35
7, 114, 148, 53
7, 52, 148, 65
7, 150, 148, 75
7, 87, 148, 9
7, 248, 148, 20
7, 282, 148, 79
7, 156, 148, 75
7, 96, 149, 25
7, 65, 149, 64
7, 129, 149, 39
7, 195, 149, 86
7, 5, 149, 24
7, 102, 149, 80
7, 361, 149, 40
7, 234, 149, 22
7, 174, 149, 62
7, 207, 149, 73
7, 239, 149, 53
7, 374, 149, 31
7, 118, 149, 33
7, 151, 149, 45
7, 26, 149, 54
7, 156, 149, 75
7, 384, 150, 73
7, 0, 150, 22
7, 192, 150, 67
7, 280, 150, 28
7, 352, 150, 4
7, 105, 150, 6
7, 113, 150, 95
7, 279, 150, 68
7, 344, 150, 47
7, 217, 150, 15
7, 186, 150, 93
7, 91, 150, 15
7, 319, 150, 29
7, 288, 151, 99
7, 3, 151, 96
7, 229, 151, 78
7, 154, 151, 46
7, 59, 151, 51
7, 348, 151, 21
7, 193, 152, 54
7, 228, 152, 98
7, 261, 152, 51
7, 100, 152, 96
7, 9, 152, 2
7, 201, 152, 17
7, 300, 152, 32
7, 346, 152, 66
7, 144, 152, 100
7, 83, 152, 65
7, 371, 152, 68
7, 182, 152, 90
7, 23, 152, 41
7, 22, 152, 60
7, 153, 152, 61
7, 186, 152, 93
7, 96, 153, 25
7, 1, 153, 8
7, 70, 153, 30
7, 332, 153, 26
7, 282, 153, 79
7, 1, 154, 8
7, 162, 154, 26
7, 163, 154, 85
7, 281, 154, 12
7, 110, 154, 73
7, 49, 154, 46
7, 241, 154, 31
7, 312, 154, 66
7, 345, 154, 20
7, 378, 154, 67
7, 317, 154, 53
7, 190, 154, 22
7, 287, 154, 22
7, 288, 155, 99
7, 280, 155, 28
7, 66, 155, 54
7, 100, 155, 96
7, 101, 155, 16
7, 39, 155, 61
7, 9, 155, 2
7, 267, 155, 70
7, 236, 155, 45
7, 141, 155, 26
7, 46, 155, 80
7, 111, 155, 98
7, 369, 155, 82
7, 82, 155, 87
7, 87, 155, 9
7, 248, 155, 20
7, 219, 155, 77
7, 254, 155, 98
7, 290, 156, 21
7, 326, 156, 1
7, 104, 156, 72
7, 329, 156, 77
7, 232, 156, 32
7, 137, 156, 59
7, 361, 156, 40
7, 124, 156, 63
7, 49, 156, 46
7, 244, 156, 65
7, 213, 156, 4
7, 284, 156, 96
7, 374, 156, 31
7, 249, 156, 46
7, 190, 156, 22
7, 382, 156, 14
7, 74, 157, 71
7, 396, 157, 63
7, 13, 157, 83
7, 110, 157, 73
7, 208, 157, 3
7, 252, 157, 98
7, 84, 157, 42
7, 156, 157, 75
7, 32, 158, 86
7, 36, 158, 16
7, 327, 158, 20
7, 75, 158, 5
7, 46, 158, 80
7, 213, 158, 4
7, 127, 158, 39
7, 165, 159, 10
7, 325, 159, 27
7, 166, 159, 34
7, 397, 159, 93
7, 340, 159, 34
7, 86, 159, 81
7, 251, 159, 81
7, 62, 159, 84
7, 10, 160, 99
7, 23, 160, 41
7, 167, 160, 29
7, 314, 160, 11
7, 188, 160, 93
7, 73, 160, 52
7, 75, 160, 5
7, 333, 160, 97
7, 86, 160, 81
7, 344, 160, 47
7, 91, 160, 15
7, 375, 160, 25
7, 96, 160, 25
7, 230, 160, 76
7, 103, 160, 93
7, 365, 160, 23
7, 371, 160, 68
7, 118, 160, 33
7, 247, 160, 19
7, 253, 160, 9
7, 48, 161, 36
7, 369, 161, 82
7, 180, 161, 80
7, 86, 161, 81
7, 247, 161, 19
7, 255, 161, 51
7, 387, 162, 97
7, 390, 162, 7
7, 8, 162, 16
7, 392, 162, 9
7, 107, 162, 43
7, 335, 162, 27
7, 368, 162, 32
7, 214, 162, 26
7, 55, 162, 21
7, 184, 162, 46
7, 28, 162, 48
7, 285, 162, 100
7, 318, 162, 81
7, 132, 163, 62
7, 230, 163, 76
7, 134, 163, 15
7, 392, 163, 9
7, 103, 163, 93
7, 137, 163, 59
7, 393, 163, 52
7, 328, 163, 85
7, 109, 163, 13
7, 336, 163, 31
7, 305, 163, 12
7, 306, 163, 71
7, 23, 163, 41
7, 216, 163, 14
7, 56, 163, 29
7, 191, 163, 66
7, 161, 164, 2
7, 390, 164, 7
7, 391, 164, 12
7, 360, 164, 59
7, 393, 164, 52
7, 297, 164, 13
7, 392, 164, 9
7, 81, 164, 55
7, 245, 164, 92
7, 278, 164, 59
7, 216, 164, 14
7, 25, 164, 77
7, 187, 164, 12
7, 92, 164, 56
7, 222, 164, 28
7, 384, 165, 73
7, 354, 165, 27
7, 99, 165, 6
7, 324, 165, 38
7, 35, 165, 5
7, 198, 165, 20
7, 263, 165, 33
7, 202, 165, 30
7, 267, 165, 70
7, 108, 165, 35
7, 10, 165, 99
7, 142, 165, 74
7, 268, 165, 30
7, 18, 165, 4
7, 214, 165, 26
7, 119, 165, 94
7, 157, 165, 81
7, 223, 165, 17
7, 65, 166, 64
7, 164, 166, 13
7, 364, 166, 96
7, 304, 166, 66
7, 242, 166, 44
7, 54, 166, 68
7, 381, 166, 87
7, 384, 167, 73
7, 33, 167, 3
7, 322, 167, 44
7, 201, 167, 17
7, 11, 167, 95
7, 235, 167, 60
7, 269, 167, 42
7, 107, 167, 43
7, 77, 167, 15
7, 215, 167, 21
7, 222, 167, 28
7, 126, 167, 1
7, 287, 167, 22
7, 0, 168, 22
7, 289, 168, 23
7, 193, 168, 54
7, 356, 168, 100
7, 388, 168, 62
7, 230, 168, 76
7, 236, 168, 45
7, 16, 168, 16
7, 84, 168, 42
7, 374, 168, 31
7, 88, 168, 15
7, 281, 168, 12
7, 31, 168, 68
7, 225, 169, 65
7, 385, 169, 5
7, 131, 169, 59
7, 35, 169, 5
7, 351, 169, 56
7, 392, 169, 9
7, 308, 169, 100
7, 149, 169, 23
7, 215, 169, 21
7, 152, 169, 96
7, 377, 169, 45
7, 158, 169, 89
7, 95, 169, 94
7, 321, 170, 60
7, 34, 170, 57
7, 195, 170, 86
7, 36, 170, 16
7, 357, 170, 62
7, 134, 170, 15
7, 263, 170, 33
7, 136, 170, 51
7, 267, 170, 70
7, 300, 170, 32
7, 235, 170, 60
7, 145, 170, 5
7, 53, 170, 47
7, 22, 170, 60
7, 280, 170, 28
7, 251, 170, 81
7, 125, 170, 55
7, 97, 171, 49
7, 322, 171, 44
7, 358, 171, 31
7, 296, 171, 64
7, 397, 171, 93
7, 207, 171, 73
7, 175, 171, 94
7, 369, 171, 82
7, 243, 171, 15
7, 275, 171, 36
7, 21, 171, 31
7, 211, 171, 83
7, 56, 171, 29
7, 58, 171, 21
7, 62, 171, 84
7, 264, 172, 24
7, 329, 172, 77
7, 13, 172, 83
7, 305, 172, 12
7, 339, 172, 28
7, 51, 172, 79
7, 318, 172, 81
7, 260, 173, 2
7, 20, 173, 55
7, 276, 173, 84
7, 148, 173, 33
7, 290, 173, 21
7, 166, 173, 34
7, 306, 173, 71
7, 309, 173, 47
7, 190, 173, 22
7, 198, 173, 20
7, 72, 173, 39
7, 344, 173, 47
7, 221, 173, 89
7, 351, 173, 56
7, 353, 173, 3
7, 230, 173, 76
7, 104, 173, 72
7, 234, 173, 22
7, 114, 173, 53
7, 382, 173, 14
7, 293, 174, 27
7, 69, 174, 94
7, 136, 174, 51
7, 397, 174, 93
7, 143, 174, 10
7, 274, 174, 24
7, 83, 174, 65
7, 371, 174, 68
7, 309, 174, 47
7, 246, 174, 75
7, 183, 174, 80
7, 22, 174, 60
7, 345, 174, 20
7, 282, 174, 79
7, 62, 174, 84
7, 387, 175, 97
7, 7, 175, 24
7, 395, 175, 2
7, 398, 175, 38
7, 273, 175, 41
7, 278, 175, 59
7, 34, 175, 57
7, 170, 175, 23
7, 309, 175, 47
7, 186, 175, 93
7, 197, 175, 63
7, 78, 175, 42
7, 207, 175, 73
7, 341, 175, 4
7, 94, 175, 75
7, 355, 175, 17
7, 228, 175, 98
7, 232, 175, 32
7, 373, 175, 60
7, 107, 176, 43
7, 108, 176, 35
7, 269, 176, 42
7, 303, 176, 85
7, 116, 176, 90
7, 376, 176, 11
7, 29, 176, 20
7, 254, 176, 98
7, 1, 177, 8
7, 136, 177, 51
7, 266, 177, 66
7, 155, 177, 25
7, 33, 177, 3
7, 36, 177, 16
7, 166, 177, 34
7, 170, 177, 23
7, 48, 177, 36
7, 176, 177, 54
7, 55, 177, 21
7, 202, 177, 30
7, 81, 177, 55
7, 212, 177, 51
7, 87, 177, 9
7, 224, 177, 2
7, 229, 177, 78
7, 358, 177, 31
7, 246, 177, 75
7, 376, 177, 11
7, 4, 178, 11
7, 389, 178, 65
7, 326, 178, 1
7, 261, 178, 51
7, 238, 178, 84
7, 240, 178, 81
7, 342, 178, 91
7, 92, 178, 56
7, 131, 179, 59
7, 260, 179, 2
7, 40, 179, 10
7, 234, 179, 22
7, 140, 179, 12
7, 141, 179, 26
7, 365, 179, 23
7, 268, 179, 30
7, 370, 179, 57
7, 181, 179, 56
7, 374, 179, 31
7, 214, 179, 26
7, 151, 179, 45
7, 251, 179, 81
7, 158, 179, 89
7, 324, 180, 38
7, 356, 180, 100
7, 168, 180, 30
7, 169, 180, 81
7, 42, 180, 69
7, 200, 180, 98
7, 76, 180, 79
7, 52, 180, 65
7, 312, 180, 66
7, 218, 180, 9
7, 63, 180, 87
7, 163, 181, 85
7, 38, 181, 78
7, 136, 181, 51
7, 107, 181, 43
7, 175, 181, 94
7, 112, 181, 61
7, 52, 181, 65
7, 277, 181, 54
7, 377, 181, 45
7, 29, 181, 20
7, 94, 181, 75
7, 286, 181, 67
7, 256, 182, 23
7, 34, 182, 57
7, 7, 182, 24
7, 231, 182, 44
7, 74, 182, 71
7, 397, 182, 93
7, 206, 182, 53
7, 120, 182, 45
7, 146, 182, 75
7, 339, 182, 28
7, 23, 182, 41
7, 51, 182, 79
7, 151, 182, 45
7, 248, 182, 20
7, 156, 182, 75
7, 67, 183, 69
7, 195, 183, 86
7, 132, 183, 62
7, 325, 183, 27
7, 268, 183, 30
7, 239, 183, 53
7, 86, 183, 81
7, 152, 183, 96
7, 25, 183, 77
7, 156, 183, 75
7, 128, 184, 13
7, 97, 184, 49
7, 385, 184, 5
7, 359, 184, 28
7, 202, 184, 30
7, 14, 184, 44
7, 243, 184, 15
7, 341, 184, 4
7, 183, 184, 80
7, 90, 184, 46
7, 251, 184, 81
7, 192, 185, 67
7, 133, 185, 97
7, 328, 185, 85
7, 360, 185, 59
7, 138, 185, 45
7, 112, 185, 61
7, 51, 185, 79
7, 290, 186, 21
7, 102, 186, 80
7, 166, 186, 34
7, 392, 186, 9
7, 42, 186, 69
7, 394, 186, 22
7, 109, 186, 13
7, 111, 186, 98
7, 177, 186, 78
7, 274, 186, 24
7, 279, 186, 68
7, 379, 186, 95
7, 92, 186, 56
7, 63, 186, 87
7, 296, 187, 64
7, 349, 187, 46
7, 301, 187, 74
7, 210, 187, 65
7, 279, 187, 68
7, 186, 187, 93
7, 220, 187, 7
7, 285, 187, 100
7, 128, 188, 13
7, 135, 188, 81
7, 361, 188, 40
7, 110, 188, 73
7, 344, 188, 47
7, 120, 188, 45
7, 221, 188, 89
7, 128, 189, 13
7, 289, 189, 23
7, 3, 189, 96
7, 197, 189, 63
7, 6, 189, 79
7, 103, 189, 93
7, 38, 189, 78
7, 73, 189, 52
7, 139, 189, 70
7, 175, 189, 94
7, 176, 189, 54
7, 271, 189, 96
7, 370, 189, 57
7, 239, 189, 53
7, 247, 189, 19
7, 56, 189, 29
7, 152, 189, 96
7, 319, 189, 29
7, 280, 190, 28
7, 294, 190, 67
7, 365, 190, 23
7, 150, 190, 75
7, 120, 190, 45
7, 285, 190, 100
7, 184, 190, 46
7, 353, 191, 3
7, 194, 191, 64
7, 163, 191, 85
7, 229, 191, 78
7, 106, 191, 1
7, 107, 191, 43
7, 235, 191, 60
7, 109, 191, 13
7, 110, 191, 73
7, 343, 191, 65
7, 376, 191, 11
7, 59, 191, 51
7, 317, 191, 53
7, 99, 192, 6
7, 324, 192, 38
7, 229, 192, 78
7, 198, 192, 20
7, 204, 192, 99
7, 300, 192, 32
7, 44, 192, 60
7, 143, 192, 10
7, 210, 192, 65
7, 340, 192, 34
7, 57, 192, 36
7, 2, 193, 21
7, 268, 193, 30
7, 17, 193, 6
7, 291, 193, 10
7, 292, 193, 11
7, 176, 193, 54
7, 177, 193, 78
7, 53, 193, 47
7, 56, 193, 29
7, 62, 193, 84
7, 318, 193, 81
7, 193, 193, 54
7, 65, 193, 64
7, 68, 193, 59
7, 227, 193, 9
7, 99, 193, 6
7, 103, 193, 93
7, 232, 193, 32
7, 112, 193, 61
7, 261, 194, 51
7, 21, 194, 31
7, 278, 194, 59
7, 283, 194, 41
7, 289, 194, 23
7, 38, 194, 78
7, 172, 194, 88
7, 175, 194, 94
7, 177, 194, 78
7, 184, 194, 46
7, 319, 194, 29
7, 65, 194, 64
7, 321, 194, 60
7, 208, 194, 3
7, 343, 194, 65
7, 357, 194, 62
7, 251, 194, 81
7, 123, 194, 82
7, 383, 194, 65
7, 288, 195, 99
7, 160, 195, 9
7, 256, 195, 23
7, 202, 195, 30
7, 333, 195, 97
7, 46, 195, 80
7, 175, 195, 94
7, 368, 195, 32
7, 348, 195, 21
7, 317, 195, 53
7, 35, 196, 5
7, 36, 196, 16
7, 134, 196, 15
7, 199, 196, 77
7, 230, 196, 76
7, 392, 196, 9
7, 265, 196, 99
7, 107, 196, 43
7, 396, 196, 63
7, 219, 196, 77
7, 146, 196, 75
7, 213, 196, 4
7, 157, 196, 81
7, 379, 196, 95
7, 125, 196, 55
7, 163, 197, 85
7, 140, 197, 12
7, 304, 197, 66
7, 240, 197, 81
7, 50, 197, 78
7, 115, 197, 37
7, 371, 197, 68
7, 282, 197, 79
7, 219, 197, 77
7, 127, 197, 39
7, 353, 198, 3
7, 261, 198, 51
7, 327, 198, 20
7, 359, 198, 28
7, 267, 198, 70
7, 333, 198, 97
7, 16, 198, 16
7, 188, 198, 93
7, 20, 198, 55
7, 88, 198, 15
7, 348, 198, 21
7, 93, 198, 43
7, 30, 198, 97
7, 257, 199, 64
7, 130, 199, 81
7, 7, 199, 24
7, 139, 199, 70
7, 280, 199, 28
7, 157, 199, 81
7, 159, 199, 27
7, 54, 199, 68
7, 187, 199, 12
7, 59, 199, 51
7, 189, 199, 16
7, 190, 199, 22
7, 192, 199, 67
7, 321, 199, 60
7, 325, 199, 27
7, 83, 199, 65
7, 345, 199, 20
7, 102, 199, 80
7, 119, 199, 94
7, 125, 199, 55
