200, 400, 20
10, 161, 0, 83
10, 290, 0, 74
10, 295, 0, 61
10, 140, 0, 45
10, 236, 0, 77
10, 16, 0, 77
10, 144, 0, 34
10, 112, 0, 93
10, 375, 0, 35
10, 248, 0, 1
10, 313, 0, 74
10, 188, 0, 51
10, 285, 0, 73
10, 34, 1, 36
10, 66, 1, 70
10, 90, 1, 50
10, 294, 1, 91
10, 134, 1, 77
10, 392, 1, 99
10, 250, 1, 70
10, 171, 1, 59
10, 332, 1, 100
10, 331, 1, 73
10, 14, 1, 92
10, 305, 1, 70
10, 180, 1, 17
10, 248, 1, 1
10, 282, 1, 39
10, 251, 1, 24
10, 220, 1, 17
10, 29, 1, 87
10, 89, 2, 16
10, 355, 2, 6
10, 197, 2, 66
10, 110, 2, 94
10, 335, 2, 9
10, 148, 2, 34
10, 53, 2, 53
10, 309, 2, 69
10, 119, 2, 20
10, 376, 2, 32
10, 121, 2, 46
10, 97, 3, 31
10, 34, 3, 36
10, 7, 3, 33
10, 136, 3, 6
10, 377, 3, 6
10, 331, 3, 73
10, 236, 3, 77
10, 300, 3, 36
10, 44, 3, 47
10, 143, 3, 89
10, 208, 3, 48
10, 185, 3, 48
10, 58, 3, 64
10, 59, 3, 86
10, 316, 3, 18
10, 125, 3, 61
10, 66, 4, 70
10, 292, 4, 69
10, 197, 4, 66
10, 394, 4, 67
10, 16, 4, 77
10, 17, 4, 97
10, 18, 4, 41
10, 116, 4, 81
10, 184, 4, 44
10, 26, 4, 79
10, 380, 4, 47
10, 159, 4, 64
10, 97, 5, 31
10, 358, 5, 7
10, 171, 5, 59
10, 238, 5, 60
10, 339, 5, 89
10, 375, 5, 35
10, 379, 5, 86
10, 384, 6, 14
10, 195, 6, 6
10, 101, 6, 65
10, 38, 6, 52
10, 361, 6, 95
10, 234, 6, 81
10, 202, 6, 20
10, 12, 6, 68
10, 172, 6, 75
10, 145, 6, 53
10, 23, 6, 44
10, 346, 6, 85
10, 287, 6, 88
10, 0, 7, 66
10, 132, 7, 94
10, 5, 7, 16
10, 393, 7, 54
10, 106, 7, 95
10, 333, 7, 19
10, 109, 7, 4
10, 50, 7, 84
10, 187, 7, 43
10, 321, 8, 1
10, 66, 8, 70
10, 370, 8, 25
10, 83, 8, 30
10, 250, 8, 70
10, 156, 8, 10
10, 65, 9, 88
10, 385, 9, 21
10, 99, 9, 49
10, 389, 9, 81
10, 102, 9, 36
10, 231, 9, 83
10, 241, 9, 39
10, 63, 9, 68
10, 223, 9, 43
10, 385, 10, 21
10, 299, 10, 31
10, 108, 10, 35
10, 44, 10, 47
10, 12, 10, 68
10, 172, 10, 75
10, 112, 10, 93
10, 65, 11, 88
10, 131, 11, 62
10, 37, 11, 4
10, 390, 11, 35
10, 261, 11, 46
10, 398, 11, 16
10, 144, 11, 34
10, 242, 11, 12
10, 377, 11, 6
10, 218, 11, 82
10, 253, 11, 67
10, 68, 12, 48
10, 43, 12, 92
10, 114, 12, 9
10, 148, 12, 34
10, 119, 12, 20
10, 352, 13, 45
10, 66, 13, 70
10, 324, 13, 13
10, 388, 13, 47
10, 296, 13, 13
10, 74, 13, 54
10, 203, 13, 49
10, 367, 13, 38
10, 272, 13, 17
10, 18, 13, 41
10, 118, 13, 20
10, 153, 13, 53
10, 197, 14, 66
10, 326, 14, 75
10, 351, 14, 34
10, 206, 14, 16
10, 177, 14, 87
10, 113, 14, 56
10, 21, 14, 4
10, 246, 14, 65
10, 25, 14, 63
10, 62, 14, 50
10, 223, 14, 43
10, 103, 15, 26
10, 78, 15, 82
10, 243, 15, 31
10, 309, 15, 69
10, 248, 15, 1
10, 187, 15, 43
10, 96, 16, 46
10, 65, 16, 88
10, 328, 16, 8
10, 201, 16, 69
10, 234, 16, 81
10, 105, 16, 66
10, 145, 16, 53
10, 369, 16, 28
10, 212, 16, 77
10, 281, 16, 5
10, 27, 16, 96
10, 61, 16, 88
10, 383, 16, 66
10, 321, 17, 1
10, 294, 17, 91
10, 199, 17, 39
10, 232, 17, 73
10, 8, 17, 100
10, 358, 17, 7
10, 204, 17, 75
10, 398, 17, 16
10, 304, 17, 12
10, 113, 17, 56
10, 348, 17, 79
10, 183, 17, 89
10, 153, 17, 53
10, 59, 17, 86
10, 156, 17, 10
10, 158, 17, 50
10, 95, 17, 14
10, 168, 18, 15
10, 266, 18, 15
10, 123, 18, 57
10, 396, 18, 24
10, 141, 18, 70
10, 110, 18, 94
10, 170, 18, 63
10, 309, 18, 69
10, 310, 18, 50
10, 57, 18, 98
10, 379, 18, 86
10, 382, 18, 43
10, 265, 19, 71
10, 146, 19, 76
10, 22, 19, 31
10, 171, 19, 59
10, 316, 19, 18
10, 62, 19, 50
10, 318, 19, 87
10, 319, 19, 19
10, 70, 19, 97
10, 329, 19, 46
10, 202, 19, 20
10, 206, 19, 16
10, 219, 19, 38
10, 222, 19, 10
10, 351, 19, 34
10, 99, 19, 49
10, 106, 19, 95
10, 237, 19, 72
10, 249, 19, 100
10, 352, 20, 45
10, 36, 20, 27
10, 37, 20, 4
10, 230, 20, 59
10, 39, 20, 65
10, 356, 20, 53
10, 235, 20, 31
10, 76, 20, 8
10, 13, 20, 55
10, 272, 20, 17
10, 180, 20, 17
10, 311, 20, 15
10, 90, 20, 50
10, 131, 21, 62
10, 4, 21, 18
10, 387, 21, 57
10, 265, 21, 71
10, 146, 21, 76
10, 148, 21, 34
10, 32, 21, 5
10, 164, 21, 64
10, 166, 21, 31
10, 39, 21, 65
10, 59, 21, 86
10, 69, 21, 43
10, 206, 21, 16
10, 79, 21, 74
10, 220, 21, 17
10, 221, 21, 72
10, 95, 21, 14
10, 105, 21, 66
10, 362, 21, 39
10, 240, 21, 72
10, 32, 22, 5
10, 384, 22, 14
10, 261, 22, 46
10, 392, 22, 99
10, 297, 22, 24
10, 330, 22, 33
10, 140, 22, 45
10, 333, 22, 19
10, 237, 22, 72
10, 81, 22, 93
10, 51, 22, 88
10, 184, 22, 44
10, 153, 22, 53
10, 188, 22, 51
10, 286, 22, 73
10, 386, 23, 98
10, 294, 23, 91
10, 299, 23, 31
10, 141, 23, 70
10, 372, 23, 84
10, 230, 24, 59
10, 167, 24, 47
10, 264, 24, 83
10, 135, 24, 58
10, 205, 24, 10
10, 309, 24, 69
10, 190, 24, 67
10, 262, 25, 96
10, 13, 25, 55
10, 15, 25, 78
10, 273, 25, 59
10, 275, 25, 51
10, 19, 25, 69
10, 282, 25, 39
10, 159, 25, 64
10, 163, 25, 93
10, 319, 25, 19
10, 202, 25, 20
10, 215, 25, 30
10, 349, 25, 38
10, 223, 25, 43
10, 97, 25, 31
10, 229, 25, 66
10, 361, 25, 95
10, 121, 25, 46
10, 126, 25, 8
10, 97, 26, 31
10, 66, 26, 70
10, 162, 26, 12
10, 230, 26, 59
10, 136, 26, 6
10, 392, 26, 99
10, 146, 26, 76
10, 211, 26, 5
10, 371, 26, 32
10, 152, 26, 7
10, 251, 26, 24
10, 220, 26, 17
10, 62, 26, 50
10, 192, 27, 79
10, 165, 27, 63
10, 264, 27, 83
10, 10, 27, 61
10, 332, 27, 100
10, 206, 27, 16
10, 49, 27, 83
10, 315, 27, 50
10, 84, 27, 13
10, 311, 27, 15
10, 184, 27, 44
10, 250, 27, 70
10, 347, 27, 53
10, 223, 27, 43
10, 96, 28, 46
10, 32, 28, 5
10, 256, 28, 36
10, 229, 28, 66
10, 325, 28, 52
10, 327, 28, 76
10, 265, 28, 71
10, 394, 28, 67
10, 107, 28, 44
10, 75, 28, 12
10, 206, 28, 16
10, 240, 28, 72
10, 19, 28, 69
10, 372, 28, 84
10, 54, 28, 99
10, 248, 28, 1
10, 223, 28, 43
10, 96, 29, 46
10, 384, 29, 14
10, 0, 29, 66
10, 355, 29, 6
10, 201, 29, 69
10, 108, 29, 35
10, 141, 29, 70
10, 44, 29, 47
10, 50, 29, 84
10, 179, 29, 30
10, 371, 29, 32
10, 243, 29, 31
10, 184, 29, 44
10, 316, 29, 18
10, 190, 29, 67
10, 351, 29, 34
10, 299, 30, 31
10, 139, 30, 89
10, 331, 30, 73
10, 206, 30, 16
10, 273, 30, 59
10, 338, 30, 49
10, 81, 30, 93
10, 21, 30, 4
10, 215, 30, 30
10, 90, 30, 50
10, 124, 30, 15
10, 29, 30, 87
10, 129, 31, 60
10, 261, 31, 46
10, 398, 31, 16
10, 148, 31, 34
10, 31, 31, 51
10, 172, 31, 75
10, 194, 31, 46
10, 327, 31, 76
10, 201, 31, 69
10, 84, 31, 13
10, 85, 31, 73
10, 213, 31, 19
10, 212, 31, 77
10, 347, 31, 53
10, 363, 31, 58
10, 365, 31, 40
10, 115, 31, 30
10, 372, 31, 84
10, 379, 31, 86
10, 127, 31, 95
10, 391, 32, 3
10, 264, 32, 83
10, 10, 32, 61
10, 140, 32, 45
10, 236, 32, 77
10, 368, 32, 2
10, 184, 32, 44
10, 89, 32, 16
10, 347, 32, 53
10, 288, 33, 53
10, 384, 33, 14
10, 4, 33, 18
10, 100, 33, 94
10, 5, 33, 16
10, 136, 33, 6
10, 267, 33, 7
10, 208, 33, 48
10, 241, 33, 39
10, 339, 33, 89
10, 344, 33, 20
10, 154, 33, 50
10, 349, 33, 38
10, 159, 33, 64
10, 132, 34, 94
10, 139, 34, 89
10, 13, 34, 55
10, 15, 34, 78
10, 38, 34, 52
10, 40, 34, 100
10, 52, 34, 75
10, 310, 34, 50
10, 184, 34, 44
10, 63, 34, 68
10, 195, 34, 6
10, 207, 34, 76
10, 81, 34, 93
10, 82, 34, 76
10, 342, 34, 54
10, 217, 34, 90
10, 348, 34, 79
10, 228, 34, 31
10, 364, 34, 57
10, 33, 35, 17
10, 132, 35, 94
10, 133, 35, 9
10, 230, 35, 59
10, 231, 35, 83
10, 265, 35, 71
10, 395, 35, 11
10, 108, 35, 35
10, 368, 35, 2
10, 244, 35, 91
10, 87, 35, 88
10, 345, 35, 91
10, 91, 35, 73
10, 285, 35, 73
10, 375, 35, 35
10, 89, 36, 16
10, 324, 36, 13
10, 293, 36, 78
10, 266, 36, 15
10, 43, 36, 92
10, 75, 36, 12
10, 399, 36, 94
10, 79, 36, 74
10, 149, 36, 69
10, 118, 36, 20
10, 342, 36, 54
10, 184, 36, 44
10, 121, 36, 46
10, 190, 36, 67
10, 34, 37, 36
10, 169, 37, 93
10, 171, 37, 59
10, 84, 37, 13
10, 121, 37, 46
10, 326, 38, 75
10, 7, 38, 33
10, 200, 38, 70
10, 300, 38, 36
10, 333, 38, 19
10, 238, 38, 60
10, 206, 38, 16
10, 16, 38, 77
10, 145, 38, 53
10, 302, 38, 68
10, 371, 38, 32
10, 87, 38, 88
10, 0, 39, 66
10, 385, 39, 21
10, 260, 39, 17
10, 165, 39, 63
10, 166, 39, 31
10, 265, 39, 71
10, 45, 39, 5
10, 366, 39, 19
10, 371, 39, 32
10, 308, 39, 59
10, 190, 39, 67
10, 254, 39, 79
10, 255, 39, 92
10, 1, 40, 73
10, 385, 40, 21
10, 131, 40, 62
10, 297, 40, 24
10, 9, 40, 31
10, 333, 40, 19
10, 16, 40, 77
10, 347, 40, 53
10, 155, 40, 81
10, 316, 40, 18
10, 63, 40, 68
10, 351, 40, 34
10, 64, 41, 46
10, 228, 41, 31
10, 5, 41, 16
10, 330, 41, 33
10, 267, 41, 7
10, 204, 41, 75
10, 269, 41, 81
10, 110, 41, 94
10, 111, 41, 91
10, 112, 41, 93
10, 272, 41, 17
10, 208, 41, 48
10, 243, 41, 31
10, 42, 41, 4
10, 77, 41, 32
10, 19, 41, 69
10, 220, 41, 17
10, 157, 41, 44
10, 167, 42, 47
10, 296, 42, 13
10, 265, 42, 71
10, 267, 42, 7
10, 218, 42, 82
10, 347, 42, 53
10, 382, 42, 43
10, 257, 43, 24
10, 136, 43, 6
10, 235, 43, 31
10, 171, 43, 59
10, 205, 43, 10
10, 51, 43, 88
10, 276, 43, 80
10, 341, 43, 33
10, 308, 43, 59
10, 100, 44, 94
10, 324, 44, 13
10, 294, 44, 91
10, 135, 44, 58
10, 362, 44, 39
10, 267, 44, 7
10, 76, 44, 8
10, 13, 44, 55
10, 272, 44, 17
10, 369, 44, 28
10, 242, 44, 12
10, 83, 44, 30
10, 21, 44, 4
10, 214, 44, 37
10, 55, 44, 31
10, 88, 44, 99
10, 288, 45, 53
10, 384, 45, 14
10, 257, 45, 24
10, 134, 45, 77
10, 367, 45, 38
10, 16, 45, 77
10, 195, 46, 6
10, 233, 46, 15
10, 116, 46, 81
10, 377, 46, 6
10, 154, 46, 50
10, 352, 47, 45
10, 225, 47, 50
10, 355, 47, 6
10, 356, 47, 53
10, 67, 47, 78
10, 38, 47, 52
10, 266, 47, 15
10, 75, 47, 12
10, 236, 47, 77
10, 74, 47, 54
10, 267, 47, 7
10, 366, 47, 19
10, 76, 47, 8
10, 17, 47, 97
10, 20, 47, 75
10, 151, 47, 72
10, 88, 47, 99
10, 386, 48, 98
10, 388, 48, 47
10, 287, 48, 88
10, 199, 48, 39
10, 392, 48, 99
10, 397, 48, 50
10, 142, 48, 96
10, 336, 48, 20
10, 241, 48, 39
10, 16, 48, 77
10, 148, 48, 34
10, 157, 48, 44
10, 377, 48, 6
10, 92, 48, 53
10, 29, 48, 87
10, 191, 48, 93
10, 70, 49, 97
10, 43, 49, 92
10, 276, 49, 80
10, 373, 49, 99
10, 88, 49, 99
10, 154, 49, 50
10, 125, 49, 61
10, 191, 49, 93
10, 322, 50, 22
10, 196, 50, 45
10, 365, 50, 40
10, 116, 50, 81
10, 31, 50, 51
10, 131, 51, 62
10, 7, 51, 33
10, 10, 51, 61
10, 153, 51, 53
10, 161, 51, 83
10, 167, 51, 47
10, 42, 51, 4
10, 170, 51, 63
10, 178, 51, 74
10, 330, 51, 33
10, 79, 51, 74
10, 208, 51, 48
10, 211, 51, 5
10, 350, 51, 1
10, 223, 51, 43
10, 226, 51, 11
10, 106, 51, 95
10, 240, 51, 72
10, 372, 51, 84
10, 385, 52, 21
10, 237, 52, 72
10, 238, 52, 60
10, 370, 52, 25
10, 306, 52, 11
10, 372, 52, 84
10, 340, 52, 24
10, 85, 52, 73
10, 152, 52, 7
10, 221, 52, 72
10, 350, 52, 1
10, 319, 52, 19
10, 226, 53, 11
10, 195, 53, 6
10, 324, 53, 13
10, 4, 53, 18
10, 263, 53, 78
10, 8, 53, 100
10, 265, 53, 71
10, 9, 53, 31
10, 363, 53, 58
10, 206, 53, 16
10, 275, 53, 51
10, 85, 53, 73
10, 182, 53, 1
10, 56, 53, 24
10, 26, 53, 79
10, 379, 53, 86
10, 254, 53, 79
10, 133, 54, 9
10, 136, 54, 6
10, 393, 54, 54
10, 145, 54, 53
10, 276, 54, 80
10, 32, 54, 5
10, 178, 54, 74
10, 182, 54, 1
10, 312, 54, 39
10, 187, 54, 43
10, 325, 54, 52
10, 199, 54, 39
10, 201, 54, 69
10, 202, 54, 20
10, 203, 54, 49
10, 341, 54, 33
10, 230, 54, 59
10, 231, 54, 83
10, 361, 54, 95
10, 368, 54, 2
10, 129, 55, 60
10, 226, 55, 11
10, 2, 55, 71
10, 292, 55, 69
10, 386, 55, 98
10, 267, 55, 7
10, 11, 55, 41
10, 397, 55, 50
10, 269, 55, 81
10, 145, 55, 53
10, 146, 55, 76
10, 179, 55, 30
10, 117, 55, 25
10, 245, 55, 45
10, 218, 55, 82
10, 284, 55, 65
10, 397, 56, 50
10, 288, 56, 53
10, 290, 56, 74
10, 42, 56, 4
10, 45, 56, 5
10, 52, 56, 75
10, 185, 56, 48
10, 69, 56, 43
10, 81, 56, 93
10, 212, 56, 77
10, 343, 56, 51
10, 216, 56, 71
10, 355, 56, 6
10, 105, 56, 66
10, 239, 56, 6
10, 111, 56, 91
10, 252, 56, 41
10, 118, 56, 20
10, 247, 56, 66
10, 380, 56, 47
10, 167, 57, 47
10, 369, 57, 28
10, 50, 57, 84
10, 57, 57, 98
10, 187, 57, 43
10, 318, 57, 87
10, 64, 58, 46
10, 1, 58, 73
10, 385, 58, 21
10, 321, 58, 1
10, 390, 58, 35
10, 360, 58, 33
10, 234, 58, 81
10, 106, 58, 95
10, 269, 58, 81
10, 333, 58, 19
10, 334, 58, 77
10, 238, 58, 60
10, 50, 58, 84
10, 147, 58, 86
10, 116, 58, 81
10, 182, 58, 1
10, 188, 58, 51
10, 159, 58, 64
10, 69, 59, 43
10, 168, 59, 15
10, 172, 59, 75
10, 145, 59, 53
10, 309, 59, 69
10, 280, 59, 11
10, 384, 60, 14
10, 352, 60, 45
10, 34, 60, 36
10, 101, 60, 65
10, 232, 60, 73
10, 91, 60, 73
10, 76, 60, 8
10, 206, 60, 16
10, 302, 60, 68
10, 271, 60, 32
10, 110, 60, 94
10, 148, 60, 34
10, 278, 60, 91
10, 118, 60, 20
10, 346, 60, 85
10, 379, 60, 86
10, 28, 60, 97
10, 0, 61, 66
10, 99, 61, 49
10, 356, 61, 53
10, 228, 61, 31
10, 294, 61, 91
10, 102, 61, 36
10, 122, 61, 58
10, 42, 61, 4
10, 299, 61, 31
10, 111, 61, 91
10, 152, 61, 7
10, 249, 61, 100
10, 218, 61, 82
10, 31, 61, 51
10, 352, 62, 45
10, 97, 62, 31
10, 67, 62, 78
10, 294, 62, 91
10, 391, 62, 3
10, 105, 62, 66
10, 42, 62, 4
10, 268, 62, 81
10, 398, 62, 16
10, 302, 62, 68
10, 209, 62, 7
10, 20, 62, 75
10, 215, 62, 30
10, 25, 62, 63
10, 123, 62, 57
10, 96, 63, 46
10, 97, 63, 31
10, 121, 63, 46
10, 68, 63, 48
10, 36, 63, 27
10, 72, 63, 23
10, 393, 63, 54
10, 360, 63, 33
10, 107, 63, 44
10, 236, 63, 77
10, 396, 63, 24
10, 368, 63, 2
10, 210, 63, 81
10, 149, 63, 69
10, 183, 63, 89
10, 313, 63, 74
10, 64, 64, 46
10, 330, 64, 33
10, 397, 64, 50
10, 240, 64, 72
10, 58, 64, 64
10, 258, 65, 4
10, 329, 65, 46
10, 10, 65, 61
10, 334, 65, 77
10, 272, 65, 17
10, 112, 65, 93
10, 49, 65, 83
10, 276, 65, 80
10, 345, 65, 91
10, 90, 65, 50
10, 289, 66, 38
10, 69, 66, 43
10, 295, 66, 61
10, 233, 66, 15
10, 173, 66, 47
10, 46, 66, 27
10, 52, 66, 75
10, 149, 66, 69
10, 1, 67, 73
10, 65, 67, 88
10, 291, 67, 99
10, 356, 67, 53
10, 97, 67, 31
10, 392, 67, 99
10, 136, 67, 6
10, 298, 67, 90
10, 393, 67, 54
10, 108, 67, 35
10, 141, 67, 70
10, 208, 67, 48
10, 82, 67, 76
10, 338, 67, 49
10, 372, 67, 84
10, 92, 67, 53
10, 389, 68, 81
10, 134, 68, 77
10, 391, 68, 3
10, 359, 68, 51
10, 297, 68, 24
10, 45, 68, 5
10, 207, 68, 76
10, 79, 68, 74
10, 21, 68, 4
10, 85, 68, 73
10, 284, 68, 65
10, 316, 68, 18
10, 192, 69, 79
10, 355, 69, 6
10, 196, 69, 45
10, 357, 69, 34
10, 325, 69, 52
10, 133, 69, 9
10, 262, 69, 96
10, 105, 69, 66
10, 218, 69, 82
10, 388, 69, 47
10, 236, 69, 77
10, 397, 69, 50
10, 206, 69, 16
10, 139, 69, 89
10, 18, 69, 41
10, 244, 69, 91
10, 149, 69, 69
10, 122, 69, 58
10, 352, 70, 45
10, 355, 70, 6
10, 3, 70, 64
10, 4, 70, 18
10, 393, 70, 54
10, 299, 70, 31
10, 75, 70, 12
10, 206, 70, 16
10, 47, 70, 57
10, 339, 70, 89
10, 309, 70, 69
10, 310, 70, 50
10, 312, 70, 39
10, 249, 70, 100
10, 383, 70, 66
10, 263, 71, 78
10, 264, 71, 83
10, 201, 71, 69
10, 266, 71, 15
10, 11, 71, 41
10, 396, 71, 24
10, 150, 71, 90
10, 377, 71, 6
10, 348, 71, 79
10, 99, 72, 49
10, 135, 72, 58
10, 142, 72, 96
10, 15, 72, 78
10, 375, 72, 35
10, 185, 72, 48
10, 279, 72, 6
10, 94, 72, 22
10, 129, 73, 60
10, 67, 73, 78
10, 100, 73, 94
10, 267, 73, 7
10, 204, 73, 75
10, 114, 73, 9
10, 242, 73, 12
10, 84, 73, 13
10, 56, 73, 24
10, 314, 73, 99
10, 124, 73, 15
10, 248, 74, 1
10, 129, 74, 60
10, 196, 74, 45
10, 359, 74, 51
10, 200, 74, 70
10, 107, 74, 44
10, 271, 74, 32
10, 177, 74, 87
10, 82, 74, 76
10, 276, 74, 80
10, 118, 74, 20
10, 279, 74, 6
10, 184, 74, 44
10, 56, 74, 24
10, 283, 74, 22
10, 380, 74, 47
10, 192, 75, 79
10, 355, 75, 6
10, 103, 75, 26
10, 333, 75, 19
10, 110, 75, 94
10, 178, 75, 74
10, 181, 75, 98
10, 150, 75, 90
10, 91, 75, 73
10, 381, 75, 16
10, 255, 75, 92
10, 36, 76, 27
10, 40, 76, 100
10, 361, 76, 95
10, 142, 76, 96
10, 367, 76, 38
10, 145, 76, 53
10, 338, 76, 49
10, 278, 76, 91
10, 67, 77, 78
10, 325, 77, 52
10, 230, 77, 59
10, 391, 77, 3
10, 200, 77, 70
10, 299, 77, 31
10, 12, 77, 68
10, 270, 77, 60
10, 143, 77, 89
10, 176, 77, 45
10, 55, 77, 31
10, 381, 77, 16
10, 350, 77, 1
10, 319, 77, 19
10, 141, 78, 70
10, 152, 78, 7
10, 25, 78, 63
10, 282, 78, 39
10, 31, 78, 51
10, 36, 78, 27
10, 171, 78, 59
10, 173, 78, 47
10, 48, 78, 65
10, 307, 78, 20
10, 51, 78, 88
10, 181, 78, 98
10, 323, 78, 73
10, 84, 78, 13
10, 344, 78, 20
10, 89, 78, 16
10, 92, 78, 53
10, 223, 78, 43
10, 100, 78, 94
10, 379, 78, 86
10, 385, 79, 21
10, 258, 79, 4
10, 2, 79, 71
10, 4, 79, 18
10, 386, 79, 98
10, 137, 79, 8
10, 138, 79, 67
10, 11, 79, 41
10, 23, 79, 44
10, 280, 79, 11
10, 290, 79, 74
10, 50, 79, 84
10, 204, 79, 75
10, 77, 79, 32
10, 338, 79, 49
10, 95, 79, 14
10, 355, 79, 6
10, 232, 79, 73
10, 246, 79, 65
10, 375, 79, 35
10, 289, 80, 38
10, 322, 80, 22
10, 327, 80, 76
10, 204, 80, 75
10, 174, 80, 54
10, 81, 80, 93
10, 305, 80, 70
10, 243, 80, 31
10, 278, 80, 91
10, 159, 80, 64
10, 198, 81, 52
10, 169, 81, 93
10, 331, 81, 73
10, 301, 81, 74
10, 334, 81, 77
10, 47, 81, 57
10, 48, 81, 65
10, 243, 81, 31
10, 214, 81, 37
10, 57, 81, 98
10, 91, 81, 73
10, 252, 81, 41
10, 223, 81, 43
10, 261, 82, 46
10, 102, 82, 36
10, 359, 82, 51
10, 262, 82, 96
10, 81, 82, 93
10, 51, 82, 88
10, 211, 82, 5
10, 89, 82, 16
10, 315, 82, 50
10, 351, 82, 34
10, 193, 83, 61
10, 34, 83, 36
10, 392, 83, 99
10, 105, 83, 66
10, 202, 83, 20
10, 363, 83, 58
10, 396, 83, 24
10, 377, 83, 6
10, 273, 83, 59
10, 114, 83, 9
10, 178, 83, 74
10, 121, 83, 46
10, 3, 84, 64
10, 355, 84, 6
10, 74, 84, 54
10, 236, 84, 77
10, 364, 84, 57
10, 174, 84, 54
10, 368, 84, 2
10, 115, 84, 30
10, 340, 84, 24
10, 244, 84, 91
10, 311, 84, 15
10, 347, 84, 53
10, 252, 84, 41
10, 93, 84, 40
10, 286, 84, 73
10, 288, 85, 53
10, 130, 85, 23
10, 102, 85, 36
10, 364, 85, 57
10, 78, 85, 82
10, 239, 85, 6
10, 29, 85, 87
10, 147, 85, 86
10, 20, 85, 75
10, 308, 85, 59
10, 123, 85, 57
10, 316, 85, 18
10, 189, 85, 28
10, 158, 85, 50
10, 319, 85, 19
10, 383, 86, 66
10, 46, 86, 27
10, 206, 86, 16
10, 145, 86, 53
10, 344, 86, 20
10, 223, 86, 43
10, 131, 87, 62
10, 70, 87, 97
10, 233, 87, 15
10, 77, 87, 32
10, 338, 87, 49
10, 148, 87, 34
10, 247, 87, 66
10, 376, 87, 32
10, 191, 87, 93
10, 66, 88, 70
10, 387, 88, 57
10, 154, 88, 50
10, 138, 88, 67
10, 143, 88, 89
10, 282, 88, 39
10, 349, 88, 38
10, 126, 88, 8
10, 162, 89, 12
10, 260, 89, 17
10, 38, 89, 52
10, 327, 89, 76
10, 232, 89, 73
10, 362, 89, 39
10, 267, 89, 7
10, 207, 89, 76
10, 342, 89, 54
10, 25, 89, 63
10, 193, 90, 61
10, 322, 90, 22
10, 161, 90, 83
10, 298, 90, 90
10, 75, 90, 12
10, 334, 90, 77
10, 14, 90, 92
10, 119, 90, 20
10, 189, 90, 28
10, 191, 90, 93
10, 65, 91, 88
10, 68, 91, 48
10, 38, 91, 52
10, 264, 91, 83
10, 105, 91, 66
10, 393, 91, 54
10, 171, 91, 59
10, 392, 91, 99
10, 109, 91, 4
10, 302, 91, 68
10, 269, 91, 81
10, 336, 91, 20
10, 347, 91, 53
10, 148, 91, 34
10, 214, 91, 37
10, 184, 91, 44
10, 154, 91, 50
10, 155, 91, 81
10, 5, 92, 16
10, 269, 92, 81
10, 275, 92, 51
10, 156, 92, 10
10, 31, 92, 51
10, 295, 92, 61
10, 314, 92, 99
10, 195, 92, 6
10, 70, 92, 97
10, 73, 92, 11
10, 203, 92, 49
10, 206, 92, 16
10, 81, 92, 93
10, 83, 92, 30
10, 213, 92, 19
10, 216, 92, 71
10, 352, 92, 45
10, 354, 92, 76
10, 370, 92, 25
10, 122, 92, 58
10, 66, 93, 70
10, 194, 93, 46
10, 295, 93, 61
10, 264, 93, 83
10, 10, 93, 61
10, 335, 93, 9
10, 112, 93, 93
10, 338, 93, 49
10, 18, 93, 41
10, 179, 93, 30
10, 372, 93, 84
10, 310, 93, 50
10, 378, 93, 30
10, 190, 93, 67
10, 95, 93, 14
10, 98, 94, 89
10, 165, 94, 63
10, 38, 94, 52
10, 197, 94, 66
10, 234, 94, 81
10, 202, 94, 20
10, 108, 94, 35
10, 398, 94, 16
10, 78, 94, 82
10, 176, 94, 45
10, 366, 94, 19
10, 211, 94, 5
10, 181, 94, 98
10, 221, 94, 72
10, 256, 95, 36
10, 321, 95, 1
10, 257, 95, 24
10, 4, 95, 18
10, 325, 95, 52
10, 7, 95, 33
10, 306, 95, 11
10, 244, 95, 91
10, 288, 96, 53
10, 65, 96, 88
10, 325, 96, 52
10, 103, 96, 26
10, 41, 96, 80
10, 300, 96, 36
10, 301, 96, 74
10, 205, 96, 10
10, 335, 96, 9
10, 209, 96, 7
10, 49, 96, 83
10, 309, 96, 69
10, 30, 96, 96
10, 348, 96, 79
10, 158, 96, 50
10, 352, 97, 45
10, 321, 97, 1
10, 99, 97, 49
10, 332, 97, 100
10, 143, 97, 89
10, 249, 97, 100
10, 154, 97, 50
10, 163, 98, 93
10, 131, 98, 62
10, 394, 98, 67
10, 75, 98, 12
10, 301, 98, 74
10, 237, 98, 72
10, 275, 98, 51
10, 153, 98, 53
10, 58, 98, 64
10, 380, 98, 47
10, 158, 98, 50
10, 255, 98, 92
10, 35, 99, 5
10, 356, 99, 53
10, 5, 99, 16
10, 36, 99, 27
10, 361, 99, 95
10, 266, 99, 15
10, 272, 99, 17
10, 83, 99, 30
10, 55, 99, 31
10, 345, 99, 91
10, 222, 99, 10
10, 196, 100, 45
10, 100, 100, 94
10, 101, 100, 65
10, 295, 100, 61
10, 12, 100, 68
10, 367, 100, 38
10, 143, 100, 89
10, 156, 100, 10
10, 95, 100, 14
10, 261, 101, 46
10, 134, 101, 77
10, 136, 101, 6
10, 9, 101, 31
10, 140, 101, 45
10, 302, 101, 68
10, 210, 101, 81
10, 246, 101, 65
10, 189, 101, 28
10, 313, 101, 74
10, 314, 101, 99
10, 187, 101, 43
10, 29, 101, 87
10, 222, 101, 10
10, 160, 102, 5
10, 193, 102, 61
10, 35, 102, 5
10, 317, 102, 70
10, 235, 102, 31
10, 107, 102, 44
10, 78, 102, 82
10, 399, 102, 94
10, 15, 102, 78
10, 303, 102, 96
10, 25, 102, 63
10, 58, 102, 64
10, 379, 102, 86
10, 316, 102, 18
10, 157, 102, 44
10, 1, 103, 73
10, 194, 103, 46
10, 355, 103, 6
10, 294, 103, 91
10, 200, 103, 70
10, 169, 103, 93
10, 266, 103, 15
10, 180, 103, 17
10, 374, 103, 41
10, 122, 103, 58
10, 379, 103, 86
10, 258, 104, 4
10, 3, 104, 64
10, 356, 104, 53
10, 168, 104, 15
10, 110, 104, 94
10, 369, 104, 28
10, 114, 104, 9
10, 338, 104, 49
10, 341, 104, 33
10, 118, 104, 20
10, 379, 104, 86
10, 124, 104, 15
10, 6, 105, 48
10, 170, 105, 63
10, 238, 105, 60
10, 335, 105, 9
10, 16, 105, 77
10, 178, 105, 74
10, 308, 105, 59
10, 88, 105, 99
10, 186, 105, 25
10, 219, 105, 38
10, 0, 106, 66
10, 96, 106, 46
10, 200, 106, 70
10, 205, 106, 10
10, 29, 106, 87
10, 212, 106, 77
10, 308, 106, 59
10, 123, 106, 57
10, 381, 106, 16
10, 382, 106, 43
10, 385, 107, 21
10, 130, 107, 23
10, 387, 107, 57
10, 257, 107, 24
10, 390, 107, 35
10, 7, 107, 33
10, 24, 107, 68
10, 162, 107, 12
10, 296, 107, 13
10, 171, 107, 59
10, 300, 107, 36
10, 47, 107, 57
10, 55, 107, 31
10, 323, 107, 73
10, 339, 107, 89
10, 98, 107, 89
10, 364, 107, 57
10, 367, 107, 38
10, 243, 107, 31
10, 0, 108, 66
10, 130, 108, 23
10, 292, 108, 69
10, 106, 108, 95
10, 215, 108, 30
10, 314, 108, 99
10, 321, 109, 1
10, 355, 109, 6
10, 357, 109, 34
10, 102, 109, 36
10, 398, 109, 16
10, 80, 109, 10
10, 337, 109, 18
10, 306, 109, 11
10, 339, 109, 89
10, 180, 109, 17
10, 181, 109, 98
10, 55, 109, 31
10, 250, 109, 70
10, 123, 109, 57
10, 0, 110, 66
10, 352, 110, 45
10, 131, 110, 62
10, 132, 110, 94
10, 357, 110, 34
10, 228, 110, 31
10, 7, 110, 33
10, 202, 110, 20
10, 204, 110, 75
10, 173, 110, 47
10, 46, 110, 27
10, 270, 110, 60
10, 338, 110, 49
10, 308, 110, 59
10, 245, 110, 45
10, 285, 110, 73
10, 190, 110, 67
10, 289, 111, 38
10, 257, 111, 24
10, 58, 111, 64
10, 122, 111, 58
10, 362, 111, 39
10, 234, 111, 81
10, 12, 111, 68
10, 173, 111, 47
10, 378, 111, 30
10, 397, 111, 50
10, 16, 111, 77
10, 304, 111, 12
10, 302, 111, 68
10, 181, 111, 98
10, 343, 111, 51
10, 152, 111, 7
10, 218, 111, 82
10, 320, 112, 49
10, 1, 112, 73
10, 257, 112, 24
10, 65, 112, 88
10, 68, 112, 48
10, 133, 112, 9
10, 392, 112, 99
10, 298, 112, 90
10, 331, 112, 73
10, 237, 112, 72
10, 179, 112, 30
10, 52, 112, 75
10, 371, 112, 32
10, 310, 112, 50
10, 55, 112, 31
10, 346, 112, 85
10, 30, 112, 96
10, 248, 113, 1
10, 97, 113, 31
10, 33, 113, 17
10, 257, 113, 24
10, 68, 113, 48
10, 328, 113, 8
10, 345, 113, 91
10, 250, 113, 70
10, 367, 113, 38
10, 82, 113, 76
10, 83, 113, 30
10, 150, 113, 90
10, 24, 113, 68
10, 153, 113, 53
10, 282, 113, 39
10, 347, 113, 53
10, 253, 113, 67
10, 190, 113, 67
10, 318, 114, 87
10, 35, 114, 5
10, 101, 114, 65
10, 326, 114, 75
10, 264, 114, 83
10, 104, 114, 73
10, 249, 114, 100
10, 124, 114, 15
10, 125, 114, 61
10, 158, 114, 50
10, 319, 114, 19
10, 256, 115, 36
10, 193, 115, 61
10, 153, 115, 53
10, 100, 115, 94
10, 164, 115, 64
10, 198, 115, 52
10, 233, 115, 15
10, 332, 115, 100
10, 79, 115, 74
10, 175, 115, 12
10, 338, 115, 49
10, 245, 115, 45
10, 310, 115, 50
10, 313, 115, 74
10, 288, 116, 53
10, 323, 116, 73
10, 293, 116, 78
10, 391, 116, 3
10, 337, 116, 18
10, 306, 116, 11
10, 339, 116, 89
10, 125, 116, 61
10, 215, 116, 30
10, 27, 116, 96
10, 189, 116, 28
10, 191, 116, 93
10, 321, 117, 1
10, 35, 117, 5
10, 291, 117, 99
10, 197, 117, 66
10, 261, 117, 46
10, 295, 117, 61
10, 233, 117, 15
10, 394, 117, 67
10, 238, 117, 60
10, 46, 117, 27
10, 144, 117, 34
10, 335, 117, 9
10, 23, 117, 44
10, 215, 117, 30
10, 344, 117, 20
10, 122, 117, 58
10, 252, 117, 41
10, 34, 118, 36
10, 35, 118, 5
10, 281, 118, 5
10, 201, 118, 69
10, 139, 118, 89
10, 363, 118, 58
10, 395, 118, 11
10, 238, 118, 60
10, 207, 118, 76
10, 171, 118, 59
10, 373, 118, 99
10, 118, 118, 20
10, 342, 118, 54
10, 345, 118, 91
10, 319, 118, 19
10, 33, 119, 17
10, 34, 119, 36
10, 197, 119, 66
10, 6, 119, 48
10, 135, 119, 58
10, 234, 119, 81
10, 12, 119, 68
10, 47, 119, 57
10, 272, 119, 17
10, 189, 119, 28
10, 56, 119, 24
10, 24, 119, 68
10, 90, 119, 50
10, 220, 119, 17
10, 29, 119, 87
10, 9, 120, 31
10, 395, 120, 11
10, 272, 120, 17
10, 283, 120, 22
10, 156, 120, 10
10, 293, 120, 78
10, 301, 120, 74
10, 313, 120, 74
10, 316, 120, 18
10, 193, 120, 61
10, 67, 120, 78
10, 70, 120, 97
10, 199, 120, 39
10, 84, 120, 13
10, 343, 120, 51
10, 89, 120, 16
10, 223, 120, 43
10, 352, 120, 45
10, 237, 120, 72
10, 37, 121, 4
10, 367, 121, 38
10, 303, 121, 96
10, 177, 121, 87
10, 252, 121, 41
10, 188, 121, 51
10, 289, 122, 38
10, 121, 122, 46
10, 294, 122, 91
10, 391, 122, 3
10, 358, 122, 7
10, 338, 122, 49
10, 151, 122, 72
10, 57, 122, 98
10, 28, 122, 97
10, 62, 122, 50
10, 63, 122, 68
10, 387, 123, 57
10, 261, 123, 46
10, 389, 123, 81
10, 20, 123, 75
10, 22, 123, 31
10, 28, 123, 97
10, 34, 123, 36
10, 37, 123, 4
10, 304, 123, 12
10, 180, 123, 17
10, 312, 123, 39
10, 72, 123, 23
10, 332, 123, 100
10, 334, 123, 77
10, 340, 123, 24
10, 342, 123, 54
10, 233, 123, 15
10, 120, 123, 41
10, 253, 123, 67
10, 229, 124, 66
10, 142, 124, 96
10, 178, 124, 74
10, 82, 124, 76
10, 179, 124, 30
10, 151, 124, 72
10, 217, 124, 90
10, 39, 125, 65
10, 136, 125, 6
10, 295, 125, 61
10, 74, 125, 54
10, 104, 125, 73
10, 111, 125, 91
10, 80, 125, 10
10, 17, 125, 97
10, 210, 125, 81
10, 372, 125, 84
10, 215, 125, 30
10, 251, 125, 24
10, 127, 125, 95
10, 289, 126, 38
10, 4, 126, 18
10, 165, 126, 63
10, 358, 126, 7
10, 167, 126, 47
10, 228, 126, 31
10, 265, 126, 71
10, 296, 126, 13
10, 235, 126, 31
10, 49, 126, 83
10, 246, 126, 65
10, 152, 126, 7
10, 57, 126, 98
10, 382, 127, 43
10, 357, 127, 34
10, 40, 127, 100
10, 234, 127, 81
10, 58, 127, 64
10, 222, 127, 10
10, 32, 128, 5
10, 99, 128, 49
10, 356, 128, 53
10, 227, 128, 67
10, 38, 128, 52
10, 135, 128, 58
10, 324, 128, 13
10, 137, 128, 8
10, 107, 128, 44
10, 204, 128, 75
10, 14, 128, 92
10, 16, 128, 77
10, 305, 128, 70
10, 21, 128, 4
10, 248, 128, 1
10, 187, 128, 43
10, 60, 128, 70
10, 30, 128, 96
10, 394, 129, 67
10, 269, 129, 81
10, 148, 129, 34
10, 280, 129, 11
10, 31, 129, 51
10, 166, 129, 31
10, 303, 129, 96
10, 48, 129, 65
10, 182, 129, 1
10, 61, 129, 88
10, 189, 129, 28
10, 327, 129, 76
10, 339, 129, 89
10, 99, 129, 49
10, 229, 129, 66
10, 363, 129, 58
10, 119, 129, 20
10, 379, 129, 86
10, 127, 129, 95
10, 353, 130, 50
10, 227, 130, 67
10, 357, 130, 34
10, 91, 130, 73
10, 204, 130, 75
10, 335, 130, 9
10, 399, 130, 94
10, 274, 130, 32
10, 313, 130, 74
10, 187, 130, 43
10, 316, 130, 18
10, 160, 131, 5
10, 130, 131, 23
10, 36, 131, 27
10, 58, 131, 64
10, 232, 131, 73
10, 75, 131, 12
10, 143, 131, 89
10, 111, 131, 91
10, 273, 131, 59
10, 117, 131, 25
10, 250, 131, 70
10, 159, 131, 64
10, 160, 132, 5
10, 388, 132, 47
10, 16, 132, 77
10, 19, 132, 69
10, 148, 132, 34
10, 340, 132, 24
10, 26, 132, 79
10, 59, 132, 86
10, 318, 132, 87
10, 257, 133, 24
10, 388, 133, 47
10, 165, 133, 63
10, 42, 133, 4
10, 235, 133, 31
10, 240, 133, 72
10, 19, 133, 69
10, 215, 133, 30
10, 248, 133, 1
10, 314, 133, 99
10, 272, 134, 17
10, 149, 134, 69
10, 281, 134, 5
10, 282, 134, 39
10, 33, 134, 17
10, 169, 134, 93
10, 302, 134, 68
10, 49, 134, 83
10, 178, 134, 74
10, 305, 134, 70
10, 65, 134, 88
10, 327, 134, 76
10, 86, 134, 37
10, 220, 134, 17
10, 225, 134, 50
10, 366, 134, 19
10, 374, 134, 41
10, 377, 134, 6
10, 253, 134, 67
10, 126, 134, 8
10, 128, 135, 12
10, 3, 135, 64
10, 7, 135, 33
10, 8, 135, 100
10, 20, 135, 75
10, 288, 135, 53
10, 34, 135, 36
10, 174, 135, 54
10, 54, 135, 99
10, 67, 135, 78
10, 219, 135, 38
10, 226, 135, 11
10, 101, 135, 65
10, 104, 135, 73
10, 106, 135, 95
10, 108, 135, 35
10, 249, 135, 100
10, 378, 135, 30
10, 251, 135, 24
10, 96, 136, 46
10, 320, 136, 49
10, 128, 136, 12
10, 387, 136, 57
10, 81, 136, 93
10, 120, 136, 41
10, 218, 136, 82
10, 123, 136, 57
10, 60, 136, 70
10, 286, 136, 73
10, 160, 137, 5
10, 134, 137, 77
10, 296, 137, 13
10, 361, 137, 95
10, 105, 137, 66
10, 299, 137, 31
10, 171, 137, 59
10, 237, 137, 72
10, 14, 137, 92
10, 144, 137, 34
10, 82, 137, 76
10, 84, 137, 13
10, 247, 137, 66
10, 90, 137, 50
10, 283, 137, 22
10, 321, 138, 1
10, 325, 138, 52
10, 170, 138, 63
10, 139, 138, 89
10, 144, 138, 34
10, 340, 138, 24
10, 91, 138, 73
10, 288, 139, 53
10, 193, 139, 61
10, 130, 139, 23
10, 195, 139, 6
10, 292, 139, 69
10, 37, 139, 4
10, 390, 139, 35
10, 137, 139, 8
10, 363, 139, 58
10, 18, 139, 41
10, 179, 139, 30
10, 308, 139, 59
10, 149, 139, 69
10, 86, 139, 37
10, 379, 139, 86
10, 188, 139, 51
10, 350, 139, 1
10, 191, 139, 93
10, 96, 140, 46
10, 320, 140, 49
10, 129, 140, 60
10, 290, 140, 74
10, 326, 140, 75
10, 264, 140, 83
10, 11, 140, 41
10, 12, 140, 68
10, 172, 140, 75
10, 139, 140, 89
10, 186, 140, 25
10, 283, 140, 22
10, 381, 140, 16
10, 259, 141, 96
10, 391, 141, 3
10, 155, 141, 81
10, 301, 141, 74
10, 307, 141, 20
10, 184, 141, 44
10, 64, 141, 46
10, 321, 141, 1
10, 322, 141, 22
10, 335, 141, 9
10, 208, 141, 48
10, 88, 141, 99
10, 90, 141, 50
10, 220, 141, 17
10, 221, 141, 72
10, 99, 141, 49
10, 243, 141, 31
10, 245, 141, 45
10, 127, 141, 95
10, 129, 142, 60
10, 98, 142, 89
10, 66, 142, 70
10, 360, 142, 33
10, 394, 142, 67
10, 236, 142, 77
10, 206, 142, 16
10, 79, 142, 74
10, 369, 142, 28
10, 380, 142, 47
10, 251, 142, 24
10, 28, 142, 97
10, 322, 143, 22
10, 327, 143, 76
10, 267, 143, 7
10, 299, 143, 31
10, 17, 143, 97
10, 246, 143, 65
10, 218, 143, 82
10, 385, 144, 21
10, 387, 144, 57
10, 99, 144, 49
10, 6, 144, 48
10, 295, 144, 61
10, 103, 144, 26
10, 170, 144, 63
10, 12, 144, 68
10, 368, 144, 2
10, 178, 144, 74
10, 51, 144, 88
10, 181, 144, 98
10, 150, 144, 90
10, 314, 144, 99
10, 129, 145, 60
10, 162, 145, 12
10, 153, 145, 53
10, 197, 145, 66
10, 5, 145, 16
10, 294, 145, 91
10, 27, 145, 96
10, 108, 145, 35
10, 236, 145, 77
10, 333, 145, 19
10, 273, 145, 59
10, 242, 145, 12
10, 371, 145, 32
10, 310, 145, 50
10, 281, 145, 5
10, 347, 145, 53
10, 381, 145, 16
10, 94, 145, 22
10, 32, 146, 5
10, 353, 146, 50
10, 4, 146, 18
10, 71, 146, 44
10, 235, 146, 31
10, 398, 146, 16
10, 80, 146, 10
10, 50, 146, 84
10, 127, 146, 95
10, 96, 147, 46
10, 64, 147, 46
10, 72, 147, 23
10, 267, 147, 7
10, 363, 147, 58
10, 75, 147, 12
10, 398, 147, 16
10, 275, 147, 51
10, 313, 147, 74
10, 218, 147, 82
10, 59, 147, 86
10, 192, 148, 79
10, 162, 148, 12
10, 164, 148, 64
10, 70, 148, 97
10, 166, 148, 31
10, 395, 148, 11
10, 396, 148, 24
10, 269, 148, 81
10, 238, 148, 60
10, 207, 148, 76
10, 302, 148, 68
10, 86, 148, 37
10, 56, 148, 24
10, 57, 148, 98
10, 191, 148, 93
10, 0, 149, 66
10, 129, 149, 60
10, 291, 149, 99
10, 230, 149, 59
10, 73, 149, 11
10, 43, 149, 92
10, 45, 149, 5
10, 177, 149, 87
10, 146, 149, 76
10, 244, 149, 91
10, 22, 149, 31
10, 215, 149, 30
10, 25, 149, 63
10, 250, 149, 70
10, 123, 149, 57
10, 3, 150, 64
10, 387, 150, 57
10, 293, 150, 78
10, 323, 150, 73
10, 232, 150, 73
10, 298, 150, 90
10, 365, 150, 40
10, 238, 150, 60
10, 269, 150, 81
10, 16, 150, 77
10, 273, 150, 59
10, 309, 150, 69
10, 185, 150, 48
10, 124, 150, 15
10, 157, 150, 44
10, 191, 150, 93
10, 384, 151, 14
10, 257, 151, 24
10, 143, 151, 89
10, 273, 151, 59
10, 149, 151, 69
10, 285, 151, 73
10, 171, 151, 59
10, 180, 151, 17
10, 61, 151, 88
10, 69, 151, 43
10, 198, 151, 52
10, 87, 151, 88
10, 215, 151, 30
10, 101, 151, 65
10, 230, 151, 59
10, 104, 151, 73
10, 105, 151, 66
10, 240, 151, 72
10, 246, 151, 65
10, 126, 151, 8
10, 134, 152, 77
10, 264, 152, 83
10, 297, 152, 24
10, 302, 152, 68
10, 83, 152, 30
10, 244, 152, 91
10, 253, 152, 67
10, 94, 152, 22
10, 1, 153, 73
10, 229, 153, 66
10, 37, 153, 4
10, 363, 153, 58
10, 13, 153, 55
10, 238, 153, 60
10, 273, 153, 59
10, 371, 153, 32
10, 212, 153, 77
10, 20, 153, 75
10, 57, 153, 98
10, 218, 153, 82
10, 91, 153, 73
10, 61, 153, 88
10, 68, 154, 48
10, 69, 154, 43
10, 71, 154, 44
10, 266, 154, 15
10, 270, 154, 60
10, 120, 154, 41
10, 61, 154, 88
10, 260, 155, 17
10, 11, 155, 41
10, 268, 155, 81
10, 14, 155, 92
10, 270, 155, 60
10, 302, 155, 68
10, 179, 155, 30
10, 53, 155, 53
10, 66, 155, 70
10, 68, 155, 48
10, 199, 155, 39
10, 339, 155, 89
10, 341, 155, 33
10, 215, 155, 30
10, 343, 155, 51
10, 225, 155, 50
10, 367, 155, 38
10, 376, 155, 32
10, 125, 155, 61
10, 388, 156, 47
10, 142, 156, 96
10, 271, 156, 32
10, 144, 156, 34
10, 276, 156, 80
10, 31, 156, 51
10, 168, 156, 15
10, 50, 156, 84
10, 191, 156, 93
10, 67, 156, 78
10, 325, 156, 52
10, 208, 156, 48
10, 81, 156, 93
10, 93, 156, 40
10, 222, 156, 10
10, 357, 156, 34
10, 107, 156, 44
10, 376, 156, 32
10, 379, 156, 86
10, 382, 156, 43
10, 89, 157, 16
10, 66, 157, 70
10, 292, 157, 69
10, 293, 157, 78
10, 326, 157, 75
10, 39, 157, 65
10, 171, 157, 59
10, 47, 157, 57
10, 239, 157, 6
10, 17, 157, 97
10, 308, 157, 59
10, 277, 157, 20
10, 86, 157, 37
10, 278, 157, 91
10, 153, 157, 53
10, 188, 157, 51
10, 95, 157, 14
10, 322, 158, 22
10, 230, 158, 59
10, 137, 158, 8
10, 79, 158, 74
10, 23, 158, 44
10, 216, 158, 71
10, 123, 158, 57
10, 380, 158, 47
10, 20, 159, 75
10, 280, 159, 11
10, 26, 159, 79
10, 291, 159, 99
10, 173, 159, 47
10, 51, 159, 88
10, 184, 159, 44
10, 188, 159, 51
10, 66, 159, 70
10, 195, 159, 6
10, 75, 159, 12
10, 337, 159, 18
10, 342, 159, 54
10, 346, 159, 85
10, 231, 159, 83
10, 234, 159, 81
10, 238, 159, 60
10, 112, 159, 93
10, 118, 159, 20
10, 247, 159, 66
10, 161, 160, 83
10, 97, 160, 31
10, 230, 160, 59
10, 391, 160, 3
10, 70, 160, 97
10, 9, 160, 31
10, 199, 160, 39
10, 76, 160, 8
10, 239, 160, 6
10, 304, 160, 12
10, 315, 160, 50
10, 82, 160, 76
10, 115, 160, 30
10, 308, 160, 59
10, 379, 160, 86
10, 383, 160, 66
10, 1, 161, 73
10, 390, 161, 35
10, 393, 161, 54
10, 23, 161, 44
10, 151, 161, 72
10, 302, 161, 68
10, 50, 161, 84
10, 53, 161, 53
10, 183, 161, 89
10, 320, 161, 49
10, 324, 161, 13
10, 71, 161, 44
10, 75, 161, 12
10, 77, 161, 32
10, 101, 161, 65
10, 105, 161, 66
10, 238, 161, 60
10, 111, 161, 91
10, 240, 161, 72
10, 375, 161, 35
10, 161, 162, 83
10, 162, 162, 12
10, 103, 162, 26
10, 266, 162, 15
10, 394, 162, 67
10, 396, 162, 24
10, 45, 162, 5
10, 377, 162, 6
10, 93, 162, 40
10, 30, 162, 96
10, 37, 163, 4
10, 105, 163, 66
10, 235, 163, 31
10, 12, 163, 68
10, 242, 163, 12
10, 60, 163, 70
10, 162, 164, 12
10, 164, 164, 64
10, 167, 164, 47
10, 331, 164, 73
10, 332, 164, 100
10, 205, 164, 10
10, 397, 164, 50
10, 366, 164, 19
10, 176, 164, 45
10, 92, 164, 53
10, 181, 164, 98
10, 124, 164, 15
10, 29, 164, 87
10, 158, 164, 50
10, 290, 165, 74
10, 263, 165, 78
10, 74, 165, 54
10, 234, 165, 81
10, 177, 165, 87
10, 85, 165, 73
10, 21, 165, 4
10, 252, 165, 41
10, 94, 165, 22
10, 223, 165, 43
10, 323, 166, 73
10, 58, 166, 64
10, 136, 166, 6
10, 41, 166, 80
10, 123, 166, 57
10, 337, 166, 18
10, 50, 166, 84
10, 179, 166, 30
10, 279, 166, 6
10, 153, 166, 53
10, 122, 166, 58
10, 251, 166, 24
10, 192, 167, 79
10, 263, 167, 78
10, 205, 167, 10
10, 366, 167, 19
10, 111, 167, 91
10, 373, 167, 99
10, 341, 167, 33
10, 247, 167, 66
10, 56, 167, 24
10, 316, 167, 18
10, 158, 167, 50
10, 65, 168, 88
10, 324, 168, 13
10, 236, 168, 77
10, 399, 168, 94
10, 250, 168, 70
10, 62, 168, 50
10, 96, 169, 46
10, 69, 169, 43
10, 390, 169, 35
10, 263, 169, 78
10, 231, 169, 83
10, 170, 169, 63
10, 75, 169, 12
10, 298, 169, 90
10, 205, 169, 10
10, 366, 169, 19
10, 273, 169, 59
10, 371, 169, 32
10, 86, 169, 37
10, 376, 169, 32
10, 287, 169, 88
10, 96, 170, 46
10, 1, 170, 73
10, 293, 170, 78
10, 70, 170, 97
10, 104, 170, 73
10, 266, 170, 15
10, 142, 170, 96
10, 19, 170, 69
10, 23, 170, 44
10, 341, 170, 33
10, 374, 170, 41
10, 343, 170, 51
10, 218, 170, 82
10, 348, 170, 79
10, 321, 171, 1
10, 5, 171, 16
10, 171, 171, 59
10, 43, 171, 92
10, 173, 171, 47
10, 206, 171, 16
10, 80, 171, 10
10, 244, 171, 91
10, 341, 171, 33
10, 216, 171, 71
10, 292, 172, 69
10, 228, 172, 31
10, 359, 172, 51
10, 265, 172, 71
10, 10, 172, 61
10, 395, 172, 11
10, 235, 172, 31
10, 13, 172, 55
10, 364, 172, 57
10, 244, 172, 91
10, 310, 172, 50
10, 184, 172, 44
10, 345, 172, 91
10, 346, 172, 85
10, 350, 172, 1
10, 257, 173, 24
10, 34, 173, 36
10, 36, 173, 27
10, 204, 173, 75
10, 60, 173, 70
10, 84, 173, 13
10, 87, 173, 88
10, 152, 173, 7
10, 219, 173, 38
10, 188, 173, 51
10, 158, 173, 50
10, 34, 174, 36
10, 327, 174, 76
10, 330, 174, 33
10, 234, 174, 81
10, 305, 174, 70
10, 1, 175, 73
10, 138, 175, 67
10, 271, 175, 32
10, 21, 175, 4
10, 278, 175, 91
10, 27, 175, 96
10, 34, 175, 36
10, 41, 175, 80
10, 299, 175, 31
10, 182, 175, 1
10, 313, 175, 74
10, 58, 175, 64
10, 315, 175, 50
10, 68, 175, 48
10, 331, 175, 73
10, 339, 175, 89
10, 90, 175, 50
10, 349, 175, 38
10, 241, 175, 39
10, 130, 176, 23
10, 100, 176, 94
10, 357, 176, 34
10, 172, 176, 75
10, 48, 176, 65
10, 56, 176, 24
10, 93, 176, 40
10, 159, 176, 64
10, 323, 177, 73
10, 296, 177, 13
10, 12, 177, 68
10, 269, 177, 81
10, 16, 177, 77
10, 177, 177, 87
10, 183, 177, 89
10, 347, 177, 53
10, 256, 178, 36
10, 388, 178, 47
10, 268, 178, 81
10, 149, 178, 69
10, 278, 178, 91
10, 44, 178, 47
10, 304, 178, 12
10, 305, 178, 70
10, 313, 178, 74
10, 211, 178, 5
10, 87, 178, 88
10, 345, 178, 91
10, 346, 178, 85
10, 350, 178, 1
10, 96, 178, 46
10, 231, 178, 83
10, 233, 178, 15
10, 363, 178, 58
10, 236, 178, 77
10, 368, 178, 2
10, 97, 179, 31
10, 258, 179, 4
10, 99, 179, 49
10, 35, 179, 5
10, 5, 179, 16
10, 65, 179, 88
10, 295, 179, 61
10, 74, 179, 54
10, 364, 179, 57
10, 109, 179, 4
10, 110, 179, 94
10, 79, 179, 74
10, 54, 179, 99
10, 183, 179, 89
10, 313, 179, 74
10, 26, 179, 79
10, 12, 180, 68
10, 332, 180, 100
10, 142, 180, 96
10, 337, 180, 18
10, 374, 180, 41
10, 183, 180, 89
10, 186, 180, 25
10, 129, 181, 60
10, 99, 181, 49
10, 42, 181, 4
10, 203, 181, 49
10, 302, 181, 68
10, 146, 181, 76
10, 83, 181, 30
10, 375, 181, 35
10, 219, 181, 38
10, 257, 182, 24
10, 355, 182, 6
10, 388, 182, 47
10, 390, 182, 35
10, 167, 182, 47
10, 333, 182, 19
10, 240, 182, 72
10, 114, 182, 9
10, 371, 182, 32
10, 339, 182, 89
10, 185, 182, 48
10, 154, 182, 50
10, 91, 182, 73
10, 386, 183, 98
10, 240, 183, 72
10, 246, 183, 65
10, 250, 183, 70
10, 124, 183, 15
10, 294, 184, 91
10, 135, 184, 58
10, 262, 184, 96
10, 233, 184, 15
10, 74, 184, 54
10, 171, 184, 59
10, 204, 184, 75
10, 41, 184, 80
10, 110, 184, 94
10, 370, 184, 25
10, 20, 184, 75
10, 54, 184, 99
10, 184, 184, 44
10, 58, 184, 64
10, 351, 184, 34
10, 263, 185, 78
10, 71, 185, 44
10, 199, 185, 39
10, 170, 185, 63
10, 331, 185, 73
10, 171, 185, 59
10, 268, 185, 81
10, 270, 185, 60
10, 303, 185, 96
10, 135, 185, 58
10, 202, 185, 20
10, 47, 185, 57
10, 306, 185, 11
10, 215, 185, 30
10, 377, 185, 6
10, 155, 185, 81
10, 252, 185, 41
10, 258, 186, 4
10, 135, 186, 58
10, 392, 186, 99
10, 10, 186, 61
10, 11, 186, 41
10, 24, 186, 68
10, 172, 186, 75
10, 176, 186, 45
10, 179, 186, 30
10, 308, 186, 59
10, 313, 186, 74
10, 315, 186, 50
10, 205, 186, 10
10, 335, 186, 9
10, 231, 186, 83
10, 232, 186, 73
10, 364, 186, 57
10, 237, 186, 72
10, 374, 186, 41
10, 246, 186, 65
10, 2, 187, 71
10, 386, 187, 98
10, 359, 187, 51
10, 8, 187, 100
10, 302, 187, 68
10, 143, 187, 89
10, 369, 187, 28
10, 54, 187, 99
10, 374, 187, 41
10, 120, 187, 41
10, 57, 187, 98
10, 255, 187, 92
10, 96, 188, 46
10, 225, 188, 50
10, 357, 188, 34
10, 392, 188, 99
10, 337, 188, 18
10, 242, 188, 12
10, 308, 188, 59
10, 57, 188, 98
10, 251, 188, 24
10, 284, 188, 65
10, 160, 189, 5
10, 97, 189, 31
10, 290, 189, 74
10, 100, 189, 94
10, 135, 189, 58
10, 78, 189, 82
10, 398, 189, 16
10, 144, 189, 34
10, 271, 189, 32
10, 241, 189, 39
10, 273, 189, 59
10, 247, 189, 66
10, 160, 190, 5
10, 193, 190, 61
10, 258, 190, 4
10, 99, 190, 49
10, 294, 190, 91
10, 170, 190, 63
10, 396, 190, 24
10, 205, 190, 10
10, 78, 190, 82
10, 337, 190, 18
10, 145, 190, 53
10, 210, 190, 81
10, 20, 190, 75
10, 308, 190, 59
10, 53, 190, 53
10, 184, 190, 44
10, 255, 190, 92
10, 121, 191, 46
10, 130, 191, 23
10, 196, 191, 45
10, 324, 191, 13
10, 313, 191, 74
10, 263, 191, 78
10, 41, 191, 80
10, 138, 191, 67
10, 8, 191, 100
10, 72, 191, 23
10, 77, 191, 32
10, 336, 191, 20
10, 275, 191, 51
10, 281, 191, 5
10, 127, 191, 95
10, 319, 191, 19
10, 77, 192, 32
10, 271, 192, 32
10, 240, 192, 72
10, 175, 192, 12
10, 146, 192, 76
10, 159, 192, 64
10, 259, 193, 96
10, 229, 193, 66
10, 166, 193, 31
10, 392, 193, 99
10, 394, 193, 67
10, 241, 193, 39
10, 128, 194, 12
10, 96, 194, 46
10, 194, 194, 46
10, 99, 194, 49
10, 131, 194, 62
10, 325, 194, 52
10, 134, 194, 77
10, 7, 194, 33
10, 319, 194, 19
10, 132, 194, 94
10, 331, 194, 73
10, 396, 194, 24
10, 205, 194, 10
10, 306, 194, 11
10, 346, 194, 85
10, 315, 194, 50
10, 95, 194, 14
10, 288, 195, 53
10, 34, 195, 36
10, 37, 195, 4
10, 167, 195, 47
10, 200, 195, 70
10, 73, 195, 11
10, 329, 195, 46
10, 109, 195, 4
10, 206, 195, 16
10, 144, 195, 34
10, 339, 195, 89
10, 276, 195, 80
10, 117, 195, 25
10, 313, 195, 74
10, 27, 195, 96
10, 156, 195, 10
10, 381, 195, 16
10, 127, 195, 95
10, 389, 196, 81
10, 138, 196, 67
10, 141, 196, 70
10, 272, 196, 17
10, 146, 196, 76
10, 277, 196, 20
10, 152, 196, 7
10, 157, 196, 44
10, 30, 196, 96
10, 38, 196, 52
10, 71, 196, 44
10, 203, 196, 49
10, 204, 196, 75
10, 337, 196, 18
10, 339, 196, 89
10, 214, 196, 37
10, 356, 196, 53
10, 375, 196, 35
10, 124, 196, 15
10, 127, 196, 95
10, 132, 197, 94
10, 263, 197, 78
10, 201, 197, 69
10, 362, 197, 39
10, 396, 197, 24
10, 269, 197, 81
10, 85, 197, 73
10, 183, 197, 89
10, 24, 197, 68
10, 221, 197, 72
10, 30, 197, 96
10, 321, 198, 1
10, 257, 198, 24
10, 227, 198, 67
10, 195, 198, 6
10, 323, 198, 73
10, 102, 198, 36
10, 39, 198, 65
10, 70, 198, 97
10, 201, 198, 69
10, 169, 198, 93
10, 263, 198, 78
10, 79, 198, 74
10, 16, 198, 77
10, 239, 198, 6
10, 338, 198, 49
10, 305, 198, 70
10, 347, 198, 53
10, 89, 199, 16
10, 67, 199, 78
10, 292, 199, 69
10, 359, 199, 51
10, 40, 199, 100
10, 392, 199, 99
10, 202, 199, 20
10, 336, 199, 20
10, 112, 199, 93
10, 305, 199, 70
10, 212, 199, 77
10, 53, 199, 53
10, 118, 199, 20
10, 279, 199, 6
10, 345, 199, 91
10, 59, 199, 86
10, 157, 199, 44
