200, 400, 20
58, 257, 0, 1
58, 47, 0, 55
58, 278, 0, 9
58, 157, 0, 46
58, 127, 0, 19
58, 1, 1, 79
58, 292, 1, 97
58, 356, 1, 80
58, 40, 1, 2
58, 366, 1, 86
58, 368, 1, 65
58, 184, 1, 66
58, 284, 1, 81
58, 93, 1, 11
58, 1, 2, 79
58, 3, 2, 6
58, 271, 2, 42
58, 152, 2, 46
58, 157, 2, 46
58, 31, 2, 37
58, 291, 2, 34
58, 171, 2, 6
58, 299, 2, 86
58, 300, 2, 65
58, 50, 2, 73
58, 52, 2, 82
58, 309, 2, 94
58, 56, 2, 91
58, 184, 2, 66
58, 323, 2, 17
58, 325, 2, 61
58, 242, 2, 91
58, 125, 2, 94
58, 352, 3, 88
58, 67, 3, 67
58, 69, 3, 50
58, 358, 3, 96
58, 268, 3, 2
58, 80, 3, 28
58, 81, 3, 30
58, 340, 3, 23
58, 89, 3, 72
58, 123, 3, 34
58, 326, 4, 28
58, 102, 4, 23
58, 393, 4, 32
58, 74, 4, 40
58, 299, 4, 86
58, 107, 4, 8
58, 302, 4, 25
58, 215, 4, 97
58, 185, 4, 55
58, 378, 4, 4
58, 317, 4, 62
58, 383, 4, 90
58, 161, 5, 60
58, 227, 5, 44
58, 135, 5, 98
58, 330, 5, 47
58, 79, 5, 5
58, 148, 5, 46
58, 136, 6, 18
58, 72, 6, 35
58, 214, 6, 44
58, 153, 6, 100
58, 220, 6, 96
58, 193, 7, 52
58, 100, 7, 94
58, 69, 7, 50
58, 359, 7, 62
58, 7, 7, 97
58, 361, 7, 97
58, 265, 7, 99
58, 174, 7, 36
58, 177, 7, 8
58, 308, 7, 48
58, 22, 7, 8
58, 288, 8, 18
58, 1, 8, 79
58, 227, 8, 44
58, 264, 8, 74
58, 136, 8, 18
58, 395, 8, 60
58, 174, 8, 36
58, 238, 8, 60
58, 272, 8, 49
58, 17, 8, 2
58, 214, 8, 44
58, 120, 8, 3
58, 60, 8, 86
58, 62, 8, 26
58, 223, 8, 34
58, 131, 9, 46
58, 235, 9, 5
58, 207, 9, 41
58, 51, 9, 10
58, 213, 9, 17
58, 214, 9, 44
58, 23, 9, 90
58, 187, 9, 81
58, 258, 10, 41
58, 98, 10, 95
58, 388, 10, 21
58, 325, 10, 61
58, 5, 10, 22
58, 104, 10, 11
58, 267, 10, 62
58, 269, 10, 30
58, 49, 10, 65
58, 210, 10, 1
58, 276, 10, 66
58, 251, 10, 12
58, 92, 10, 52
58, 287, 10, 56
58, 263, 11, 74
58, 264, 11, 74
58, 267, 11, 62
58, 12, 11, 62
58, 278, 11, 9
58, 289, 11, 2
58, 292, 11, 97
58, 294, 11, 91
58, 62, 11, 26
58, 323, 11, 17
58, 196, 11, 21
58, 80, 11, 28
58, 338, 11, 44
58, 215, 11, 97
58, 89, 11, 72
58, 222, 11, 63
58, 233, 11, 16
58, 250, 11, 94
58, 122, 11, 44
58, 234, 12, 5
58, 305, 12, 11
58, 25, 12, 14
58, 158, 12, 90
58, 31, 12, 37
58, 195, 13, 98
58, 53, 13, 98
58, 152, 13, 46
58, 121, 13, 9
58, 93, 13, 11
58, 292, 14, 97
58, 249, 14, 9
58, 198, 14, 60
58, 262, 14, 94
58, 135, 14, 98
58, 324, 14, 68
58, 395, 14, 60
58, 108, 14, 62
58, 364, 14, 19
58, 219, 14, 54
58, 209, 14, 46
58, 276, 14, 66
58, 374, 14, 11
58, 345, 14, 18
58, 282, 14, 2
58, 91, 14, 94
58, 258, 15, 41
58, 226, 15, 88
58, 322, 15, 15
58, 230, 15, 16
58, 141, 15, 85
58, 272, 15, 49
58, 347, 15, 54
58, 195, 16, 98
58, 76, 16, 21
58, 13, 16, 74
58, 238, 16, 60
58, 337, 16, 56
58, 347, 16, 54
58, 20, 16, 45
58, 85, 16, 28
58, 150, 16, 20
58, 345, 16, 18
58, 250, 16, 94
58, 379, 16, 75
58, 131, 17, 46
58, 260, 17, 52
58, 324, 17, 68
58, 358, 17, 96
58, 7, 17, 97
58, 392, 17, 23
58, 140, 17, 37
58, 178, 17, 92
58, 308, 17, 48
58, 372, 17, 49
58, 101, 18, 90
58, 329, 18, 17
58, 42, 18, 19
58, 302, 18, 25
58, 87, 18, 87
58, 25, 18, 14
58, 255, 19, 14
58, 355, 19, 61
58, 293, 19, 81
58, 387, 19, 26
58, 145, 19, 47
58, 276, 19, 66
58, 118, 19, 40
58, 150, 19, 20
58, 280, 19, 57
58, 122, 19, 44
58, 222, 19, 63
58, 159, 19, 87
58, 228, 20, 44
58, 165, 20, 99
58, 360, 20, 40
58, 51, 20, 10
58, 20, 20, 45
58, 312, 20, 76
58, 313, 20, 29
58, 126, 20, 37
58, 256, 21, 81
58, 161, 21, 60
58, 164, 21, 10
58, 7, 21, 97
58, 75, 21, 4
58, 172, 21, 7
58, 48, 21, 16
58, 181, 21, 38
58, 185, 21, 55
58, 256, 22, 81
58, 131, 22, 46
58, 397, 22, 29
58, 50, 22, 73
58, 371, 22, 17
58, 376, 22, 95
58, 348, 22, 46
58, 33, 23, 51
58, 67, 23, 67
58, 228, 23, 44
58, 327, 23, 65
58, 7, 23, 97
58, 364, 23, 19
58, 144, 23, 79
58, 370, 23, 24
58, 146, 23, 52
58, 213, 23, 17
58, 118, 23, 40
58, 346, 23, 98
58, 155, 23, 74
58, 291, 24, 34
58, 165, 24, 99
58, 103, 24, 45
58, 328, 24, 77
58, 201, 24, 18
58, 394, 24, 26
58, 267, 24, 62
58, 45, 24, 27
58, 207, 24, 41
58, 208, 24, 68
58, 369, 24, 61
58, 29, 24, 97
58, 179, 24, 21
58, 85, 24, 28
58, 181, 24, 38
58, 25, 24, 14
58, 221, 24, 15
58, 63, 24, 11
58, 321, 25, 69
58, 354, 25, 20
58, 261, 25, 97
58, 294, 25, 91
58, 42, 25, 19
58, 266, 25, 13
58, 304, 25, 87
58, 145, 25, 47
58, 245, 25, 56
58, 220, 25, 96
58, 227, 26, 44
58, 295, 26, 90
58, 233, 26, 16
58, 399, 26, 85
58, 48, 26, 16
58, 368, 26, 65
58, 15, 26, 61
58, 370, 26, 24
58, 121, 26, 9
58, 285, 26, 17
58, 159, 26, 87
58, 257, 27, 1
58, 387, 27, 26
58, 268, 27, 2
58, 13, 27, 74
58, 142, 27, 7
58, 14, 27, 79
58, 144, 27, 79
58, 273, 27, 97
58, 280, 27, 57
58, 291, 27, 34
58, 164, 27, 10
58, 309, 27, 94
58, 324, 27, 68
58, 327, 27, 65
58, 333, 27, 94
58, 209, 27, 46
58, 100, 27, 94
58, 229, 27, 65
58, 371, 27, 17
58, 263, 28, 74
58, 77, 28, 42
58, 271, 28, 42
58, 56, 28, 91
58, 383, 28, 90
58, 99, 29, 2
58, 327, 29, 65
58, 40, 29, 2
58, 298, 29, 62
58, 331, 29, 91
58, 266, 29, 13
58, 304, 29, 87
58, 155, 29, 74
58, 316, 29, 49
58, 125, 29, 94
58, 70, 30, 43
58, 109, 30, 88
58, 207, 30, 41
58, 273, 30, 97
58, 146, 30, 52
58, 30, 30, 91
58, 96, 31, 41
58, 35, 31, 4
58, 262, 31, 94
58, 10, 31, 6
58, 121, 31, 9
58, 218, 31, 45
58, 253, 31, 29
58, 158, 31, 90
58, 194, 32, 37
58, 34, 32, 17
58, 106, 32, 65
58, 175, 32, 28
58, 25, 32, 14
58, 283, 32, 30
58, 127, 32, 19
58, 160, 33, 45
58, 66, 33, 36
58, 392, 33, 23
58, 139, 33, 63
58, 204, 33, 99
58, 158, 33, 90
58, 190, 33, 73
58, 258, 34, 41
58, 387, 34, 26
58, 3, 34, 6
58, 398, 34, 95
58, 399, 34, 85
58, 271, 34, 42
58, 148, 34, 46
58, 155, 34, 74
58, 316, 34, 49
58, 317, 34, 62
58, 194, 34, 37
58, 72, 34, 35
58, 331, 34, 91
58, 348, 34, 46
58, 222, 34, 63
58, 353, 34, 31
58, 228, 34, 44
58, 363, 34, 95
58, 113, 34, 90
58, 114, 34, 39
58, 385, 35, 4
58, 386, 35, 93
58, 261, 35, 97
58, 327, 35, 65
58, 295, 35, 90
58, 78, 35, 76
58, 48, 35, 16
58, 113, 35, 90
58, 219, 35, 54
58, 350, 35, 92
58, 289, 36, 2
58, 162, 36, 18
58, 133, 36, 16
58, 264, 36, 74
58, 276, 36, 66
58, 120, 36, 3
58, 26, 36, 100
58, 61, 36, 58
58, 96, 37, 41
58, 129, 37, 24
58, 228, 37, 44
58, 37, 37, 26
58, 326, 37, 28
58, 204, 37, 99
58, 109, 37, 88
58, 78, 37, 76
58, 175, 37, 28
58, 187, 37, 81
58, 399, 37, 85
58, 115, 37, 10
58, 283, 37, 30
58, 381, 37, 42
58, 31, 37, 37
58, 128, 38, 43
58, 386, 38, 93
58, 11, 38, 49
58, 277, 38, 100
58, 24, 38, 77
58, 169, 38, 9
58, 46, 38, 73
58, 51, 38, 10
58, 187, 38, 81
58, 64, 38, 9
58, 324, 38, 68
58, 340, 38, 23
58, 344, 38, 65
58, 217, 38, 45
58, 357, 38, 45
58, 231, 38, 13
58, 109, 38, 88
58, 119, 38, 18
58, 251, 38, 12
58, 160, 39, 45
58, 291, 39, 34
58, 100, 39, 94
58, 356, 39, 80
58, 228, 39, 44
58, 10, 39, 6
58, 205, 39, 17
58, 273, 39, 97
58, 308, 39, 48
58, 21, 39, 53
58, 246, 39, 35
58, 85, 39, 28
58, 212, 39, 58
58, 249, 39, 9
58, 282, 39, 2
58, 92, 39, 52
58, 349, 39, 78
58, 351, 39, 64
58, 352, 40, 88
58, 192, 40, 4
58, 226, 40, 88
58, 320, 40, 90
58, 5, 40, 22
58, 201, 40, 18
58, 77, 40, 42
58, 302, 40, 25
58, 176, 40, 80
58, 156, 40, 43
58, 50, 40, 73
58, 86, 40, 49
58, 215, 40, 97
58, 152, 40, 46
58, 313, 40, 29
58, 348, 40, 46
58, 318, 40, 60
58, 127, 40, 19
58, 5, 41, 22
58, 330, 41, 47
58, 244, 41, 50
58, 180, 41, 23
58, 218, 41, 45
58, 386, 42, 93
58, 2, 42, 15
58, 264, 42, 74
58, 8, 42, 41
58, 76, 42, 21
58, 364, 42, 19
58, 25, 42, 14
58, 387, 43, 26
58, 131, 43, 46
58, 72, 43, 35
58, 140, 43, 37
58, 270, 43, 100
58, 79, 43, 5
58, 369, 43, 61
58, 247, 43, 85
58, 24, 43, 77
58, 193, 44, 52
58, 387, 44, 26
58, 4, 44, 32
58, 37, 44, 26
58, 196, 44, 21
58, 231, 44, 13
58, 195, 44, 98
58, 110, 44, 34
58, 79, 44, 5
58, 16, 44, 50
58, 241, 44, 46
58, 48, 44, 16
58, 334, 44, 8
58, 148, 44, 46
58, 175, 44, 28
58, 342, 44, 15
58, 26, 44, 100
58, 92, 44, 52
58, 224, 45, 43
58, 298, 45, 62
58, 346, 45, 98
58, 284, 45, 81
58, 93, 45, 11
58, 321, 46, 69
58, 263, 46, 74
58, 72, 46, 35
58, 303, 46, 13
58, 83, 46, 43
58, 116, 46, 53
58, 216, 46, 57
58, 89, 46, 72
58, 378, 46, 4
58, 257, 47, 1
58, 162, 47, 18
58, 387, 47, 26
58, 196, 47, 21
58, 354, 47, 20
58, 67, 47, 67
58, 264, 47, 74
58, 46, 47, 73
58, 249, 47, 9
58, 154, 47, 49
58, 187, 47, 81
58, 164, 48, 10
58, 5, 48, 22
58, 137, 48, 83
58, 298, 48, 62
58, 395, 48, 60
58, 336, 48, 36
58, 373, 48, 62
58, 281, 48, 79
58, 252, 48, 56
58, 388, 49, 21
58, 324, 49, 68
58, 169, 49, 9
58, 107, 49, 8
58, 111, 49, 53
58, 308, 49, 48
58, 89, 49, 72
58, 384, 50, 58
58, 129, 50, 24
58, 354, 50, 20
58, 4, 50, 32
58, 137, 50, 83
58, 394, 50, 26
58, 297, 50, 70
58, 47, 50, 55
58, 79, 50, 5
58, 207, 50, 41
58, 18, 50, 54
58, 220, 50, 96
58, 274, 50, 56
58, 279, 50, 85
58, 188, 50, 92
58, 136, 51, 18
58, 328, 51, 77
58, 176, 51, 80
58, 115, 51, 10
58, 252, 51, 56
58, 380, 51, 88
58, 94, 51, 90
58, 320, 52, 90
58, 388, 52, 21
58, 5, 52, 22
58, 166, 52, 40
58, 11, 52, 49
58, 396, 52, 99
58, 48, 52, 16
58, 370, 52, 24
58, 375, 52, 42
58, 91, 52, 94
58, 383, 52, 90
58, 0, 53, 42
58, 191, 53, 56
58, 386, 53, 93
58, 356, 53, 80
58, 6, 53, 78
58, 359, 53, 62
58, 265, 53, 99
58, 234, 53, 5
58, 236, 53, 49
58, 306, 53, 58
58, 307, 53, 76
58, 55, 53, 2
58, 153, 53, 100
58, 91, 53, 94
58, 62, 53, 26
58, 351, 53, 64
58, 321, 54, 69
58, 164, 54, 10
58, 167, 54, 36
58, 11, 54, 49
58, 398, 54, 95
58, 336, 54, 36
58, 373, 54, 62
58, 56, 54, 91
58, 186, 54, 55
58, 219, 54, 54
58, 190, 54, 73
58, 1, 55, 79
58, 392, 55, 23
58, 172, 55, 7
58, 369, 55, 61
58, 309, 55, 94
58, 284, 55, 81
58, 128, 56, 43
58, 101, 56, 90
58, 328, 56, 77
58, 40, 56, 2
58, 362, 56, 5
58, 75, 56, 4
58, 368, 56, 65
58, 148, 56, 46
58, 23, 56, 90
58, 30, 56, 91
58, 383, 56, 90
58, 224, 57, 43
58, 258, 57, 41
58, 262, 57, 94
58, 175, 57, 28
58, 15, 57, 61
58, 207, 57, 41
58, 84, 57, 98
58, 151, 57, 68
58, 347, 57, 54
58, 33, 58, 51
58, 323, 58, 17
58, 196, 58, 21
58, 249, 58, 9
58, 154, 58, 49
58, 8, 58, 41
58, 234, 58, 5
58, 13, 58, 74
58, 398, 58, 95
58, 206, 58, 44
58, 53, 58, 98
58, 86, 58, 49
58, 85, 58, 28
58, 185, 58, 55
58, 186, 58, 55
58, 354, 59, 20
58, 163, 59, 23
58, 90, 59, 17
58, 201, 59, 18
58, 364, 59, 19
58, 13, 59, 74
58, 143, 59, 91
58, 79, 59, 5
58, 177, 59, 8
58, 19, 59, 35
58, 250, 59, 94
58, 320, 60, 90
58, 66, 60, 36
58, 130, 60, 4
58, 325, 60, 61
58, 139, 60, 63
58, 268, 60, 2
58, 269, 60, 30
58, 109, 60, 88
58, 396, 60, 99
58, 177, 60, 8
58, 284, 60, 81
58, 374, 60, 11
58, 184, 60, 66
58, 58, 60, 1
58, 123, 60, 34
58, 252, 60, 56
58, 165, 61, 99
58, 71, 61, 55
58, 392, 61, 23
58, 9, 61, 24
58, 362, 61, 5
58, 39, 61, 92
58, 12, 61, 62
58, 300, 61, 65
58, 367, 61, 48
58, 124, 61, 26
58, 86, 61, 49
58, 314, 61, 48
58, 187, 61, 81
58, 60, 61, 86
58, 96, 62, 41
58, 65, 62, 35
58, 290, 62, 10
58, 257, 62, 1
58, 102, 62, 23
58, 143, 62, 91
58, 337, 62, 56
58, 49, 62, 65
58, 182, 62, 92
58, 216, 62, 57
58, 185, 62, 55
58, 383, 62, 90
58, 162, 63, 18
58, 131, 63, 46
58, 68, 63, 63
58, 262, 63, 94
58, 154, 63, 49
58, 105, 63, 83
58, 329, 63, 17
58, 202, 63, 31
58, 203, 63, 15
58, 42, 63, 19
58, 270, 63, 100
58, 238, 63, 60
58, 17, 63, 2
58, 214, 63, 44
58, 374, 63, 11
58, 151, 63, 68
58, 346, 63, 98
58, 158, 63, 90
58, 1, 64, 79
58, 326, 64, 28
58, 103, 64, 45
58, 202, 64, 31
58, 330, 64, 47
58, 150, 64, 20
58, 86, 64, 49
58, 121, 64, 9
58, 189, 64, 64
58, 159, 64, 87
58, 352, 65, 88
58, 101, 65, 90
58, 267, 65, 62
58, 276, 65, 66
58, 89, 65, 72
58, 290, 66, 10
58, 164, 66, 10
58, 101, 66, 90
58, 303, 66, 13
58, 283, 66, 30
58, 98, 67, 95
58, 217, 67, 45
58, 261, 67, 97
58, 167, 67, 36
58, 75, 67, 4
58, 203, 67, 15
58, 76, 67, 21
58, 302, 67, 25
58, 84, 67, 98
58, 119, 67, 18
58, 184, 67, 66
58, 89, 67, 72
58, 315, 67, 81
58, 25, 67, 14
58, 128, 68, 43
58, 352, 68, 88
58, 354, 68, 20
58, 58, 68, 1
58, 69, 68, 50
58, 197, 68, 91
58, 393, 68, 32
58, 202, 68, 31
58, 363, 68, 95
58, 173, 68, 82
58, 371, 68, 17
58, 244, 68, 50
58, 221, 68, 15
58, 185, 68, 55
58, 378, 68, 4
58, 348, 68, 46
58, 157, 68, 46
58, 30, 68, 91
58, 256, 69, 81
58, 97, 69, 54
58, 66, 69, 36
58, 230, 69, 16
58, 360, 69, 40
58, 44, 69, 86
58, 396, 69, 99
58, 48, 69, 16
58, 242, 69, 91
58, 148, 69, 46
58, 278, 69, 9
58, 183, 69, 98
58, 310, 69, 57
58, 313, 69, 29
58, 215, 69, 97
58, 315, 69, 81
58, 285, 69, 17
58, 226, 70, 88
58, 325, 70, 61
58, 74, 70, 40
58, 333, 70, 94
58, 187, 70, 81
58, 83, 70, 43
58, 84, 70, 98
58, 181, 70, 38
58, 91, 70, 94
58, 33, 71, 51
58, 199, 71, 39
58, 87, 71, 87
58, 376, 71, 95
58, 217, 71, 45
58, 256, 72, 81
58, 131, 72, 46
58, 355, 72, 61
58, 361, 72, 97
58, 106, 72, 65
58, 301, 72, 88
58, 46, 72, 73
58, 47, 72, 55
58, 176, 72, 80
58, 17, 72, 2
58, 1, 73, 79
58, 258, 73, 41
58, 129, 73, 24
58, 388, 73, 21
58, 8, 73, 41
58, 266, 73, 13
58, 273, 73, 97
58, 172, 73, 7
58, 301, 73, 88
58, 179, 73, 21
58, 312, 73, 76
58, 319, 73, 41
58, 76, 73, 21
58, 80, 73, 28
58, 357, 73, 45
58, 106, 73, 65
58, 108, 73, 62
58, 114, 73, 39
58, 254, 73, 92
58, 384, 74, 58
58, 128, 74, 43
58, 36, 74, 73
58, 7, 74, 97
58, 329, 74, 17
58, 237, 74, 31
58, 334, 74, 8
58, 378, 74, 4
58, 219, 74, 54
58, 145, 74, 47
58, 117, 74, 95
58, 373, 74, 62
58, 281, 74, 79
58, 314, 74, 48
58, 158, 74, 90
58, 61, 74, 58
58, 286, 74, 86
58, 31, 74, 37
58, 384, 75, 58
58, 331, 75, 91
58, 75, 75, 4
58, 365, 75, 33
58, 335, 75, 16
58, 314, 75, 48
58, 382, 75, 96
58, 1, 76, 79
58, 8, 76, 41
58, 398, 76, 95
58, 155, 76, 74
58, 283, 76, 30
58, 40, 76, 2
58, 44, 76, 86
58, 46, 76, 73
58, 303, 76, 13
58, 48, 76, 16
58, 177, 76, 8
58, 185, 76, 55
58, 191, 76, 56
58, 198, 76, 60
58, 342, 76, 15
58, 87, 76, 87
58, 355, 76, 61
58, 105, 76, 83
58, 242, 76, 91
58, 254, 76, 92
58, 288, 77, 18
58, 353, 77, 31
58, 320, 77, 90
58, 352, 77, 88
58, 39, 77, 92
58, 360, 77, 40
58, 267, 77, 62
58, 13, 77, 74
58, 399, 77, 85
58, 273, 77, 97
58, 212, 77, 58
58, 22, 77, 8
58, 152, 77, 46
58, 379, 77, 75
58, 285, 77, 17
58, 134, 78, 31
58, 205, 78, 17
58, 369, 78, 61
58, 114, 78, 39
58, 338, 78, 44
58, 350, 78, 92
58, 130, 79, 4
58, 360, 79, 40
58, 205, 79, 17
58, 15, 79, 61
58, 245, 79, 56
58, 184, 79, 66
58, 59, 79, 35
58, 226, 80, 88
58, 228, 80, 44
58, 293, 80, 81
58, 10, 80, 6
58, 106, 80, 65
58, 277, 80, 100
58, 119, 80, 18
58, 286, 80, 86
58, 95, 80, 62
58, 32, 81, 15
58, 293, 81, 81
58, 102, 81, 23
58, 71, 81, 55
58, 326, 81, 28
58, 235, 81, 5
58, 268, 81, 2
58, 140, 81, 37
58, 142, 81, 7
58, 270, 81, 100
58, 272, 81, 49
58, 398, 81, 95
58, 177, 81, 8
58, 395, 81, 60
58, 187, 81, 81
58, 289, 82, 2
58, 68, 82, 63
58, 326, 82, 28
58, 138, 82, 60
58, 108, 82, 62
58, 398, 82, 95
58, 58, 82, 1
58, 61, 82, 58
58, 318, 82, 60
58, 65, 83, 35
58, 323, 83, 17
58, 4, 83, 32
58, 164, 83, 10
58, 70, 83, 43
58, 107, 83, 8
58, 267, 83, 62
58, 176, 83, 80
58, 242, 83, 91
58, 115, 83, 10
58, 211, 83, 20
58, 245, 83, 56
58, 278, 83, 9
58, 24, 83, 77
58, 252, 83, 56
58, 223, 83, 34
58, 193, 84, 52
58, 290, 84, 10
58, 291, 84, 34
58, 196, 84, 21
58, 199, 84, 39
58, 41, 84, 26
58, 336, 84, 36
58, 53, 84, 98
58, 349, 84, 78
58, 257, 85, 1
58, 385, 85, 4
58, 227, 85, 44
58, 324, 85, 68
58, 101, 85, 90
58, 170, 85, 44
58, 74, 85, 40
58, 140, 85, 37
58, 301, 85, 88
58, 173, 85, 82
58, 395, 85, 60
58, 18, 85, 54
58, 276, 85, 66
58, 91, 85, 94
58, 252, 85, 56
58, 286, 85, 86
58, 352, 86, 88
58, 320, 86, 90
58, 196, 86, 21
58, 388, 86, 21
58, 304, 86, 87
58, 148, 86, 46
58, 310, 86, 57
58, 375, 86, 42
58, 217, 86, 45
58, 58, 86, 1
58, 347, 86, 54
58, 126, 86, 37
58, 386, 87, 93
58, 259, 87, 24
58, 4, 87, 32
58, 6, 87, 78
58, 137, 87, 83
58, 278, 87, 9
58, 23, 87, 90
58, 172, 87, 7
58, 301, 87, 88
58, 306, 87, 58
58, 52, 87, 82
58, 339, 87, 18
58, 212, 87, 58
58, 219, 87, 54
58, 356, 87, 80
58, 100, 87, 94
58, 364, 87, 19
58, 242, 87, 91
58, 372, 87, 49
58, 71, 88, 55
58, 85, 88, 28
58, 22, 88, 8
58, 254, 88, 92
58, 126, 88, 37
58, 390, 89, 88
58, 83, 89, 43
58, 117, 89, 95
58, 24, 89, 77
58, 220, 89, 96
58, 161, 90, 60
58, 99, 90, 2
58, 229, 90, 65
58, 103, 90, 45
58, 74, 90, 40
58, 76, 90, 21
58, 15, 90, 61
58, 17, 90, 2
58, 83, 90, 43
58, 20, 90, 45
58, 85, 90, 28
58, 215, 90, 97
58, 27, 90, 97
58, 188, 90, 92
58, 285, 90, 17
58, 318, 90, 60
58, 191, 90, 56
58, 288, 91, 18
58, 33, 91, 51
58, 226, 91, 88
58, 232, 91, 63
58, 169, 91, 9
58, 80, 91, 28
58, 177, 91, 8
58, 209, 91, 46
58, 340, 91, 23
58, 149, 91, 93
58, 309, 91, 94
58, 150, 91, 20
58, 374, 91, 11
58, 190, 91, 73
58, 160, 92, 45
58, 385, 92, 4
58, 38, 92, 35
58, 230, 92, 16
58, 361, 92, 97
58, 363, 92, 95
58, 237, 92, 31
58, 110, 92, 34
58, 336, 92, 36
58, 372, 92, 49
58, 117, 92, 95
58, 118, 92, 40
58, 343, 92, 66
58, 94, 92, 90
58, 321, 93, 69
58, 163, 93, 23
58, 100, 93, 94
58, 196, 93, 21
58, 134, 93, 31
58, 75, 93, 4
58, 76, 93, 21
58, 272, 93, 49
58, 112, 93, 81
58, 212, 93, 58
58, 309, 93, 94
58, 85, 93, 28
58, 376, 93, 95
58, 92, 93, 52
58, 349, 93, 78
58, 222, 93, 63
58, 95, 93, 62
58, 323, 94, 17
58, 292, 94, 97
58, 197, 94, 91
58, 390, 94, 88
58, 42, 94, 19
58, 147, 94, 19
58, 129, 95, 24
58, 139, 95, 63
58, 205, 95, 17
58, 118, 95, 40
58, 57, 95, 19
58, 250, 95, 94
58, 323, 96, 17
58, 324, 96, 68
58, 329, 96, 17
58, 76, 96, 21
58, 237, 96, 31
58, 18, 96, 54
58, 284, 96, 81
58, 382, 96, 96
58, 295, 97, 90
58, 10, 97, 6
58, 268, 97, 2
58, 399, 97, 85
58, 307, 97, 76
58, 181, 97, 38
58, 377, 97, 35
58, 287, 97, 56
58, 388, 98, 21
58, 260, 98, 52
58, 135, 98, 98
58, 232, 98, 63
58, 105, 98, 83
58, 362, 98, 5
58, 91, 98, 94
58, 12, 98, 62
58, 13, 98, 74
58, 78, 98, 76
58, 367, 98, 48
58, 146, 98, 52
58, 244, 98, 50
58, 21, 98, 53
58, 53, 98, 98
58, 280, 98, 57
58, 251, 98, 12
58, 224, 99, 43
58, 193, 99, 52
58, 361, 99, 97
58, 267, 99, 62
58, 47, 99, 55
58, 375, 99, 42
58, 153, 99, 100
58, 261, 100, 97
58, 278, 100, 9
58, 166, 100, 40
58, 315, 100, 81
58, 317, 100, 62
58, 65, 100, 35
58, 331, 100, 91
58, 334, 100, 8
58, 336, 100, 36
58, 340, 100, 23
58, 351, 100, 64
58, 355, 100, 61
58, 356, 100, 80
58, 110, 100, 34
58, 244, 100, 50
58, 245, 100, 56
58, 118, 100, 40
58, 250, 100, 94
58, 253, 100, 29
58, 321, 101, 69
58, 391, 101, 27
58, 263, 101, 74
58, 10, 101, 6
58, 300, 101, 65
58, 204, 101, 99
58, 174, 101, 36
58, 333, 101, 94
58, 242, 101, 91
58, 311, 101, 11
58, 94, 101, 90
58, 224, 102, 43
58, 103, 102, 45
58, 42, 102, 19
58, 302, 102, 25
58, 251, 102, 12
58, 304, 102, 87
58, 242, 102, 91
58, 179, 102, 21
58, 20, 102, 45
58, 372, 102, 49
58, 184, 102, 66
58, 56, 102, 91
58, 187, 102, 81
58, 125, 102, 94
58, 132, 103, 66
58, 4, 103, 32
58, 170, 103, 44
58, 107, 103, 8
58, 187, 103, 81
58, 79, 103, 5
58, 176, 103, 80
58, 177, 103, 8
58, 308, 103, 48
58, 341, 103, 11
58, 183, 103, 98
58, 121, 103, 9
58, 315, 103, 81
58, 124, 103, 26
58, 349, 103, 78
58, 30, 103, 91
58, 357, 104, 45
58, 238, 104, 60
58, 271, 104, 42
58, 19, 104, 35
58, 29, 104, 97
58, 351, 104, 64
58, 98, 105, 95
58, 291, 105, 34
58, 298, 105, 62
58, 333, 105, 94
58, 177, 105, 8
58, 55, 105, 2
58, 187, 105, 81
58, 385, 106, 4
58, 323, 106, 17
58, 6, 106, 78
58, 71, 106, 55
58, 138, 106, 60
58, 139, 106, 63
58, 15, 106, 61
58, 399, 106, 85
58, 336, 106, 36
58, 176, 106, 80
58, 56, 106, 91
58, 124, 106, 26
58, 157, 106, 46
58, 98, 107, 95
58, 363, 107, 95
58, 83, 107, 43
58, 243, 107, 72
58, 340, 107, 23
58, 341, 107, 11
58, 220, 107, 96
58, 62, 107, 26
58, 159, 107, 87
58, 256, 108, 81
58, 130, 108, 4
58, 297, 108, 70
58, 41, 108, 26
58, 176, 108, 80
58, 336, 108, 36
58, 85, 108, 28
58, 283, 108, 30
58, 188, 108, 92
58, 126, 108, 37
58, 128, 109, 43
58, 0, 109, 42
58, 132, 109, 66
58, 391, 109, 27
58, 265, 109, 99
58, 149, 109, 93
58, 163, 109, 23
58, 305, 109, 11
58, 180, 109, 23
58, 315, 109, 81
58, 317, 109, 62
58, 320, 109, 90
58, 339, 109, 18
58, 217, 109, 45
58, 361, 109, 97
58, 363, 109, 95
58, 117, 109, 95
58, 375, 109, 42
58, 377, 109, 35
58, 130, 110, 4
58, 131, 110, 46
58, 388, 110, 21
58, 231, 110, 13
58, 200, 110, 59
58, 233, 110, 16
58, 377, 110, 35
58, 103, 110, 45
58, 339, 110, 18
58, 244, 110, 50
58, 277, 110, 100
58, 278, 110, 9
58, 121, 110, 9
58, 218, 110, 45
58, 189, 110, 64
58, 386, 111, 93
58, 356, 111, 80
58, 9, 111, 24
58, 106, 111, 65
58, 300, 111, 65
58, 48, 111, 16
58, 277, 111, 100
58, 63, 111, 11
58, 352, 112, 88
58, 256, 112, 81
58, 223, 112, 34
58, 0, 112, 42
58, 288, 112, 18
58, 197, 112, 91
58, 326, 112, 28
58, 2, 112, 15
58, 296, 112, 77
58, 200, 112, 59
58, 138, 112, 60
58, 11, 112, 49
58, 146, 112, 52
58, 276, 112, 66
58, 88, 112, 11
58, 219, 112, 54
58, 191, 112, 56
58, 288, 113, 18
58, 227, 113, 44
58, 293, 113, 81
58, 327, 113, 65
58, 10, 113, 6
58, 267, 113, 62
58, 396, 113, 99
58, 365, 113, 33
58, 398, 113, 95
58, 269, 113, 30
58, 366, 113, 86
58, 211, 113, 20
58, 214, 113, 44
58, 94, 113, 90
58, 122, 113, 44
58, 379, 113, 75
58, 318, 113, 60
58, 31, 113, 37
58, 97, 114, 54
58, 387, 114, 26
58, 359, 114, 62
58, 394, 114, 26
58, 298, 114, 62
58, 398, 114, 95
58, 144, 114, 79
58, 368, 114, 65
58, 208, 114, 68
58, 307, 114, 76
58, 216, 114, 57
58, 90, 114, 17
58, 190, 114, 73
58, 254, 114, 92
58, 32, 115, 15
58, 99, 115, 2
58, 328, 115, 77
58, 73, 115, 9
58, 72, 115, 35
58, 13, 115, 74
58, 45, 115, 27
58, 334, 115, 8
58, 272, 115, 49
58, 145, 115, 47
58, 16, 115, 50
58, 116, 115, 53
58, 86, 115, 49
58, 376, 115, 95
58, 222, 115, 63
58, 286, 115, 86
58, 287, 115, 56
58, 166, 116, 40
58, 262, 116, 94
58, 231, 116, 13
58, 73, 116, 9
58, 269, 116, 30
58, 46, 116, 73
58, 241, 116, 46
58, 116, 116, 53
58, 122, 116, 44
58, 199, 117, 39
58, 136, 117, 18
58, 393, 117, 32
58, 169, 117, 9
58, 277, 117, 100
58, 380, 117, 88
58, 286, 117, 86
58, 261, 118, 97
58, 358, 118, 96
58, 103, 118, 45
58, 8, 118, 41
58, 298, 118, 62
58, 172, 118, 7
58, 82, 118, 41
58, 372, 118, 49
58, 84, 118, 98
58, 58, 118, 1
58, 380, 118, 88
58, 189, 118, 64
58, 286, 118, 86
58, 0, 119, 42
58, 265, 119, 99
58, 275, 119, 8
58, 34, 119, 17
58, 164, 119, 10
58, 166, 119, 40
58, 296, 119, 77
58, 179, 119, 21
58, 185, 119, 55
58, 72, 119, 35
58, 73, 119, 9
58, 74, 119, 40
58, 81, 119, 30
58, 339, 119, 18
58, 348, 119, 46
58, 358, 119, 96
58, 233, 119, 16
58, 234, 119, 5
58, 373, 119, 62
58, 2, 120, 15
58, 43, 120, 27
58, 309, 120, 94
58, 23, 120, 90
58, 62, 120, 26
58, 346, 120, 98
58, 91, 120, 94
58, 350, 120, 92
58, 1, 121, 79
58, 385, 121, 4
58, 70, 121, 43
58, 359, 121, 62
58, 368, 121, 65
58, 176, 121, 80
58, 208, 121, 68
58, 338, 121, 44
58, 182, 121, 92
58, 92, 121, 52
58, 285, 121, 17
58, 126, 121, 37
58, 3, 122, 6
58, 397, 122, 29
58, 276, 122, 66
58, 277, 122, 100
58, 22, 122, 8
58, 28, 122, 90
58, 29, 122, 97
58, 289, 122, 2
58, 169, 122, 9
58, 297, 122, 70
58, 181, 122, 38
58, 322, 122, 15
58, 203, 122, 15
58, 206, 122, 44
58, 343, 122, 66
58, 223, 122, 34
58, 109, 122, 88
58, 110, 122, 34
58, 251, 122, 12
58, 132, 123, 66
58, 133, 123, 16
58, 168, 123, 25
58, 392, 123, 23
58, 11, 123, 49
58, 173, 123, 82
58, 178, 123, 92
58, 52, 123, 82
58, 21, 123, 53
58, 84, 123, 98
58, 88, 123, 11
58, 58, 123, 1
58, 315, 123, 81
58, 253, 123, 29
58, 223, 123, 34
58, 96, 124, 41
58, 33, 124, 51
58, 6, 124, 78
58, 327, 124, 65
58, 72, 124, 35
58, 135, 124, 98
58, 202, 124, 31
58, 170, 124, 44
58, 264, 124, 74
58, 305, 124, 11
58, 94, 124, 90
58, 62, 124, 26
58, 121, 124, 9
58, 219, 124, 54
58, 61, 124, 58
58, 382, 124, 96
58, 320, 125, 90
58, 2, 125, 15
58, 34, 125, 17
58, 292, 125, 97
58, 99, 125, 2
58, 230, 125, 16
58, 327, 125, 65
58, 232, 125, 63
58, 370, 125, 24
58, 149, 125, 93
58, 213, 125, 17
58, 183, 125, 98
58, 378, 125, 4
58, 39, 126, 92
58, 199, 126, 39
58, 10, 126, 6
58, 338, 126, 44
58, 116, 126, 53
58, 160, 127, 45
58, 224, 127, 43
58, 195, 127, 98
58, 90, 127, 17
58, 295, 127, 90
58, 232, 127, 63
58, 105, 127, 83
58, 363, 127, 95
58, 44, 127, 86
58, 142, 127, 7
58, 15, 127, 61
58, 270, 127, 100
58, 206, 127, 44
58, 313, 127, 29
58, 186, 127, 55
58, 187, 127, 81
58, 260, 128, 52
58, 265, 128, 99
58, 266, 128, 13
58, 138, 128, 60
58, 150, 128, 20
58, 23, 128, 90
58, 281, 128, 79
58, 31, 128, 37
58, 160, 128, 45
58, 34, 128, 17
58, 171, 128, 6
58, 43, 128, 27
58, 306, 128, 58
58, 318, 128, 60
58, 192, 128, 4
58, 335, 128, 16
58, 212, 128, 58
58, 348, 128, 46
58, 370, 128, 24
58, 383, 128, 90
58, 64, 129, 9
58, 3, 129, 6
58, 387, 129, 26
58, 261, 129, 97
58, 227, 129, 44
58, 359, 129, 62
58, 264, 129, 74
58, 242, 129, 91
58, 193, 130, 52
58, 129, 130, 24
58, 355, 130, 61
58, 70, 130, 43
58, 231, 130, 13
58, 362, 130, 5
58, 43, 130, 27
58, 178, 130, 92
58, 192, 131, 4
58, 321, 131, 69
58, 227, 131, 44
58, 154, 131, 49
58, 203, 131, 15
58, 75, 131, 4
58, 13, 131, 74
58, 251, 131, 12
58, 304, 131, 87
58, 145, 131, 47
58, 48, 131, 16
58, 111, 131, 53
58, 83, 131, 43
58, 53, 131, 98
58, 150, 131, 20
58, 55, 131, 2
58, 186, 131, 55
58, 315, 131, 81
58, 258, 132, 41
58, 312, 132, 76
58, 227, 132, 44
58, 293, 132, 81
58, 133, 132, 16
58, 105, 132, 83
58, 142, 132, 7
58, 16, 132, 50
58, 368, 132, 65
58, 18, 132, 54
58, 179, 132, 21
58, 340, 132, 23
58, 248, 132, 37
58, 345, 132, 18
58, 223, 132, 34
58, 352, 133, 88
58, 233, 133, 16
58, 203, 133, 15
58, 140, 133, 37
58, 396, 133, 99
58, 49, 133, 65
58, 249, 133, 9
58, 154, 133, 49
58, 161, 134, 60
58, 66, 134, 36
58, 298, 134, 62
58, 396, 134, 99
58, 21, 134, 53
58, 226, 135, 88
58, 4, 135, 32
58, 342, 135, 15
58, 220, 135, 96
58, 383, 135, 90
58, 32, 136, 15
58, 37, 136, 26
58, 166, 136, 40
58, 6, 136, 78
58, 137, 136, 83
58, 334, 136, 8
58, 83, 136, 43
58, 149, 136, 93
58, 185, 136, 55
58, 189, 136, 64
58, 130, 137, 4
58, 357, 137, 45
58, 390, 137, 88
58, 43, 137, 27
58, 396, 137, 99
58, 205, 137, 17
58, 213, 137, 17
58, 216, 137, 57
58, 154, 137, 49
58, 125, 137, 94
58, 0, 138, 42
58, 129, 138, 24
58, 98, 138, 95
58, 36, 138, 73
58, 167, 138, 36
58, 104, 138, 11
58, 74, 138, 40
58, 333, 138, 94
58, 303, 138, 13
58, 273, 138, 97
58, 146, 138, 52
58, 180, 138, 23
58, 85, 138, 28
58, 373, 138, 62
58, 27, 138, 97
58, 222, 138, 63
58, 223, 138, 34
58, 225, 139, 69
58, 195, 139, 98
58, 196, 139, 21
58, 6, 139, 78
58, 237, 139, 31
58, 399, 139, 85
58, 80, 139, 28
58, 114, 139, 39
58, 275, 139, 8
58, 149, 139, 93
58, 57, 139, 19
58, 378, 139, 4
58, 27, 139, 97
58, 0, 140, 42
58, 229, 140, 65
58, 327, 140, 65
58, 139, 140, 63
58, 76, 140, 21
58, 15, 140, 61
58, 144, 140, 79
58, 80, 140, 28
58, 119, 140, 18
58, 314, 140, 48
58, 379, 140, 75
58, 318, 140, 60
58, 129, 141, 24
58, 133, 141, 16
58, 137, 141, 83
58, 394, 141, 26
58, 151, 141, 68
58, 153, 141, 100
58, 42, 141, 19
58, 43, 141, 27
58, 173, 141, 82
58, 175, 141, 28
58, 312, 141, 76
58, 67, 141, 67
58, 326, 141, 28
58, 327, 141, 65
58, 202, 141, 31
58, 334, 141, 8
58, 209, 141, 46
58, 212, 141, 58
58, 251, 141, 12
58, 259, 142, 24
58, 70, 142, 43
58, 104, 142, 11
58, 74, 142, 40
58, 23, 142, 90
58, 380, 142, 88
58, 99, 143, 2
58, 357, 143, 45
58, 325, 143, 61
58, 295, 143, 90
58, 136, 143, 18
58, 350, 143, 92
58, 70, 144, 43
58, 200, 144, 59
58, 329, 144, 17
58, 10, 144, 6
58, 169, 144, 9
58, 398, 144, 95
58, 272, 144, 49
58, 144, 144, 79
58, 18, 144, 54
58, 49, 144, 65
58, 52, 144, 82
58, 215, 144, 97
58, 283, 144, 30
58, 94, 144, 90
58, 223, 144, 34
58, 34, 145, 17
58, 394, 145, 26
58, 398, 145, 95
58, 81, 145, 30
58, 182, 145, 92
58, 379, 145, 75
58, 255, 145, 14
58, 153, 146, 100
58, 356, 146, 80
58, 164, 146, 10
58, 38, 146, 35
58, 358, 146, 96
58, 262, 146, 94
58, 297, 146, 70
58, 42, 146, 19
58, 11, 146, 49
58, 204, 146, 99
58, 78, 146, 76
58, 175, 146, 28
58, 54, 146, 90
58, 25, 146, 14
58, 383, 146, 90
58, 288, 147, 18
58, 36, 147, 73
58, 376, 147, 95
58, 169, 147, 9
58, 362, 147, 5
58, 203, 147, 15
58, 43, 147, 27
58, 12, 147, 62
58, 303, 147, 13
58, 399, 147, 85
58, 337, 147, 56
58, 177, 147, 8
58, 83, 147, 43
58, 116, 147, 53
58, 339, 147, 18
58, 248, 147, 37
58, 378, 147, 4
58, 94, 147, 90
58, 257, 148, 1
58, 4, 148, 32
58, 327, 148, 65
58, 267, 148, 62
58, 303, 148, 13
58, 208, 148, 68
58, 337, 148, 56
58, 338, 148, 44
58, 21, 148, 53
58, 214, 148, 44
58, 23, 148, 90
58, 22, 148, 8
58, 343, 148, 66
58, 294, 149, 91
58, 359, 149, 62
58, 328, 149, 77
58, 330, 149, 47
58, 363, 149, 95
58, 123, 149, 34
58, 337, 149, 56
58, 315, 149, 81
58, 243, 149, 72
58, 51, 149, 10
58, 245, 149, 56
58, 375, 149, 42
58, 88, 149, 11
58, 122, 149, 44
58, 347, 149, 54
58, 92, 149, 52
58, 191, 149, 56
58, 1, 150, 79
58, 267, 150, 62
58, 30, 150, 91
58, 31, 150, 37
58, 47, 150, 55
58, 308, 150, 48
58, 328, 150, 77
58, 203, 150, 15
58, 76, 150, 21
58, 342, 150, 15
58, 216, 150, 57
58, 222, 150, 63
58, 224, 150, 43
58, 226, 150, 88
58, 227, 150, 44
58, 364, 150, 19
58, 243, 150, 72
58, 248, 150, 37
58, 377, 150, 35
58, 124, 150, 26
58, 227, 151, 44
58, 356, 151, 80
58, 131, 151, 46
58, 70, 151, 43
58, 199, 151, 39
58, 200, 151, 59
58, 40, 151, 2
58, 138, 151, 60
58, 362, 151, 5
58, 110, 151, 34
58, 303, 151, 13
58, 207, 151, 41
58, 369, 151, 61
58, 214, 151, 44
58, 248, 151, 37
58, 217, 151, 45
58, 38, 152, 35
58, 8, 152, 41
58, 238, 152, 60
58, 239, 152, 54
58, 144, 152, 79
58, 273, 152, 97
58, 343, 152, 66
58, 192, 153, 4
58, 128, 153, 43
58, 294, 153, 91
58, 359, 153, 62
58, 40, 153, 2
58, 265, 153, 99
58, 106, 153, 65
58, 235, 153, 5
58, 331, 153, 91
58, 231, 153, 13
58, 144, 153, 79
58, 112, 153, 81
58, 315, 153, 81
58, 277, 153, 100
58, 181, 153, 38
58, 217, 153, 45
58, 378, 153, 4
58, 219, 153, 54
58, 66, 154, 36
58, 35, 154, 4
58, 72, 154, 35
58, 10, 154, 6
58, 108, 154, 62
58, 399, 154, 85
58, 244, 154, 50
58, 249, 154, 9
58, 378, 154, 4
58, 158, 154, 90
58, 65, 155, 35
58, 37, 155, 26
58, 329, 155, 17
58, 106, 155, 65
58, 74, 155, 40
58, 335, 155, 16
58, 112, 155, 81
58, 79, 155, 5
58, 83, 155, 43
58, 247, 155, 85
58, 153, 155, 100
58, 92, 155, 52
58, 157, 155, 46
58, 350, 155, 92
58, 287, 155, 56
58, 388, 156, 21
58, 167, 156, 36
58, 15, 156, 61
58, 399, 156, 85
58, 209, 156, 46
58, 278, 156, 9
58, 184, 156, 66
58, 314, 156, 48
58, 255, 156, 14
58, 257, 157, 1
58, 130, 157, 4
58, 296, 157, 77
58, 297, 157, 70
58, 205, 157, 17
58, 334, 157, 8
58, 398, 157, 95
58, 48, 157, 16
58, 340, 157, 23
58, 309, 157, 94
58, 183, 157, 98
58, 345, 157, 18
58, 28, 157, 90
58, 382, 157, 96
58, 63, 157, 11
58, 225, 158, 69
58, 324, 158, 68
58, 229, 158, 65
58, 333, 158, 94
58, 78, 158, 76
58, 308, 158, 48
58, 188, 158, 92
58, 384, 159, 58
58, 66, 159, 36
58, 5, 159, 22
58, 6, 159, 78
58, 361, 159, 97
58, 170, 159, 44
58, 363, 159, 95
58, 137, 159, 83
58, 398, 159, 95
58, 271, 159, 42
58, 179, 159, 21
58, 117, 159, 95
58, 279, 159, 85
58, 122, 159, 44
58, 347, 159, 54
58, 252, 159, 56
58, 255, 159, 14
58, 3, 160, 6
58, 35, 160, 4
58, 101, 160, 90
58, 167, 160, 36
58, 169, 160, 9
58, 330, 160, 47
58, 43, 160, 27
58, 108, 160, 62
58, 46, 160, 73
58, 335, 160, 16
58, 15, 160, 61
58, 307, 160, 76
58, 219, 160, 54
58, 191, 160, 56
58, 0, 161, 42
58, 129, 161, 24
58, 6, 161, 78
58, 392, 161, 23
58, 137, 161, 83
58, 138, 161, 60
58, 183, 161, 98
58, 62, 161, 26
58, 194, 161, 37
58, 71, 161, 55
58, 329, 161, 17
58, 331, 161, 91
58, 84, 161, 98
58, 86, 161, 49
58, 346, 161, 98
58, 357, 161, 45
58, 240, 161, 77
58, 369, 161, 61
58, 241, 161, 46
58, 373, 161, 62
58, 257, 162, 1
58, 138, 162, 60
58, 273, 162, 97
58, 27, 162, 97
58, 283, 162, 30
58, 290, 162, 10
58, 164, 162, 10
58, 39, 162, 92
58, 40, 162, 2
58, 311, 162, 11
58, 312, 162, 76
58, 317, 162, 62
58, 213, 162, 17
58, 85, 162, 28
58, 352, 162, 88
58, 225, 162, 69
58, 101, 162, 90
58, 245, 162, 56
58, 375, 162, 42
58, 81, 163, 30
58, 19, 163, 35
58, 180, 163, 23
58, 54, 163, 90
58, 381, 163, 42
58, 131, 164, 46
58, 10, 164, 6
58, 397, 164, 29
58, 275, 164, 8
58, 148, 164, 46
58, 24, 164, 77
58, 287, 164, 56
58, 167, 164, 36
58, 170, 164, 44
58, 51, 164, 10
58, 309, 164, 94
58, 187, 164, 81
58, 191, 164, 56
58, 74, 164, 40
58, 330, 164, 47
58, 205, 164, 17
58, 83, 164, 43
58, 100, 164, 94
58, 251, 164, 12
58, 255, 164, 14
58, 193, 165, 52
58, 321, 165, 69
58, 353, 165, 31
58, 33, 165, 51
58, 299, 165, 86
58, 333, 165, 94
58, 206, 165, 44
58, 304, 165, 87
58, 240, 165, 77
58, 247, 165, 85
58, 219, 165, 54
58, 124, 165, 26
58, 0, 166, 42
58, 146, 166, 52
58, 19, 166, 35
58, 147, 166, 19
58, 157, 166, 46
58, 164, 166, 10
58, 176, 166, 80
58, 51, 166, 10
58, 55, 166, 2
58, 61, 166, 58
58, 321, 166, 69
58, 193, 166, 52
58, 195, 166, 98
58, 326, 166, 28
58, 71, 166, 55
58, 201, 166, 18
58, 209, 166, 46
58, 361, 166, 97
58, 111, 166, 53
58, 195, 167, 98
58, 264, 167, 74
58, 118, 167, 40
58, 56, 167, 91
58, 349, 167, 78
58, 222, 167, 63
58, 161, 168, 60
58, 234, 168, 5
58, 171, 168, 6
58, 172, 168, 7
58, 270, 168, 100
58, 46, 168, 73
58, 220, 168, 96
58, 221, 168, 15
58, 194, 169, 37
58, 13, 169, 74
58, 368, 169, 65
58, 20, 169, 45
58, 222, 169, 63
58, 33, 170, 51
58, 226, 170, 88
58, 37, 170, 26
58, 294, 170, 91
58, 230, 170, 16
58, 361, 170, 97
58, 137, 170, 83
58, 330, 170, 47
58, 364, 170, 19
58, 13, 170, 74
58, 14, 170, 79
58, 177, 170, 8
58, 18, 170, 54
58, 83, 170, 43
58, 50, 170, 73
58, 147, 170, 19
58, 246, 170, 35
58, 24, 170, 77
58, 352, 171, 88
58, 355, 171, 61
58, 4, 171, 32
58, 135, 171, 98
58, 170, 171, 44
58, 335, 171, 16
58, 303, 171, 13
58, 243, 171, 72
58, 246, 171, 35
58, 344, 171, 65
58, 121, 171, 9
58, 380, 171, 88
58, 63, 171, 11
58, 351, 171, 64
58, 385, 172, 4
58, 135, 172, 98
58, 167, 172, 36
58, 338, 172, 44
58, 191, 172, 56
58, 65, 173, 35
58, 104, 173, 11
58, 200, 173, 59
58, 216, 173, 57
58, 281, 173, 79
58, 133, 174, 16
58, 278, 174, 9
58, 289, 174, 2
58, 291, 174, 34
58, 43, 174, 27
58, 307, 174, 76
58, 309, 174, 94
58, 186, 174, 55
58, 64, 174, 9
58, 77, 174, 42
58, 341, 174, 11
58, 91, 174, 94
58, 354, 174, 20
58, 229, 174, 65
58, 370, 174, 24
58, 242, 174, 91
58, 372, 174, 49
58, 245, 174, 56
58, 376, 174, 95
58, 382, 174, 96
58, 4, 175, 32
58, 392, 175, 23
58, 236, 175, 49
58, 341, 175, 11
58, 87, 175, 87
58, 154, 175, 49
58, 95, 175, 62
58, 291, 176, 34
58, 358, 176, 96
58, 76, 176, 21
58, 46, 176, 73
58, 94, 176, 90
58, 25, 176, 14
58, 126, 176, 37
58, 256, 177, 81
58, 1, 177, 79
58, 291, 177, 34
58, 69, 177, 50
58, 325, 177, 61
58, 329, 177, 17
58, 235, 177, 5
58, 299, 177, 86
58, 92, 177, 52
58, 17, 177, 2
58, 82, 177, 41
58, 113, 177, 90
58, 57, 177, 19
58, 124, 177, 26
58, 157, 177, 46
58, 137, 178, 83
58, 15, 178, 61
58, 144, 178, 79
58, 16, 178, 50
58, 19, 178, 35
58, 285, 178, 17
58, 286, 178, 86
58, 48, 178, 16
58, 331, 178, 91
58, 213, 178, 17
58, 221, 178, 15
58, 354, 178, 20
58, 232, 178, 63
58, 236, 178, 49
58, 366, 178, 86
58, 121, 178, 9
58, 380, 178, 88
58, 253, 178, 29
58, 127, 178, 19
58, 0, 179, 42
58, 226, 179, 88
58, 255, 179, 14
58, 324, 179, 68
58, 102, 179, 23
58, 295, 179, 90
58, 141, 179, 85
58, 206, 179, 44
58, 399, 179, 85
58, 243, 179, 72
58, 372, 179, 49
58, 54, 179, 90
58, 246, 179, 35
58, 24, 179, 77
58, 310, 179, 57
58, 223, 179, 34
58, 1, 180, 79
58, 353, 180, 31
58, 355, 180, 61
58, 261, 180, 97
58, 102, 180, 23
58, 167, 180, 36
58, 329, 180, 17
58, 202, 180, 31
58, 397, 180, 29
58, 45, 180, 27
58, 207, 180, 41
58, 114, 180, 39
58, 115, 180, 10
58, 57, 180, 19
58, 156, 180, 43
58, 62, 180, 26
58, 351, 180, 64
58, 224, 181, 43
58, 65, 181, 35
58, 34, 181, 17
58, 99, 181, 2
58, 130, 181, 4
58, 192, 181, 4
58, 344, 181, 65
58, 33, 181, 51
58, 396, 181, 99
58, 365, 181, 33
58, 211, 181, 20
58, 216, 181, 57
58, 249, 181, 9
58, 166, 182, 40
58, 240, 182, 77
58, 243, 182, 72
58, 374, 182, 11
58, 87, 182, 87
58, 196, 183, 21
58, 260, 183, 52
58, 358, 183, 96
58, 168, 183, 25
58, 11, 183, 49
58, 116, 183, 53
58, 54, 183, 90
58, 279, 183, 85
58, 283, 183, 30
58, 223, 183, 34
58, 129, 184, 24
58, 399, 184, 85
58, 148, 184, 46
58, 151, 184, 68
58, 161, 184, 60
58, 293, 184, 81
58, 296, 184, 77
58, 44, 184, 86
58, 52, 184, 82
58, 53, 184, 98
58, 316, 184, 49
58, 318, 184, 60
58, 193, 184, 52
58, 70, 184, 43
58, 331, 184, 91
58, 339, 184, 18
58, 235, 184, 5
58, 367, 184, 48
58, 118, 184, 40
58, 258, 185, 41
58, 358, 185, 96
58, 203, 185, 15
58, 108, 185, 62
58, 57, 185, 19
58, 27, 185, 97
58, 95, 185, 62
58, 355, 186, 61
58, 100, 186, 94
58, 263, 186, 74
58, 335, 186, 16
58, 86, 186, 49
58, 345, 186, 18
58, 60, 186, 86
58, 383, 186, 90
58, 160, 187, 45
58, 97, 187, 54
58, 2, 187, 15
58, 161, 187, 60
58, 68, 187, 63
58, 174, 187, 36
58, 303, 187, 13
58, 147, 187, 19
58, 216, 187, 57
58, 377, 187, 35
58, 26, 187, 100
58, 157, 187, 46
58, 257, 188, 1
58, 258, 188, 41
58, 164, 188, 10
58, 51, 188, 10
58, 308, 188, 48
58, 63, 188, 11
58, 320, 188, 90
58, 207, 188, 41
58, 341, 188, 11
58, 87, 188, 87
58, 93, 188, 11
58, 224, 188, 43
58, 230, 188, 16
58, 103, 188, 45
58, 360, 188, 40
58, 239, 188, 54
58, 116, 188, 53
58, 373, 188, 62
58, 246, 188, 35
58, 253, 188, 29
58, 136, 189, 18
58, 297, 189, 70
58, 15, 189, 61
58, 273, 189, 97
58, 277, 189, 100
58, 157, 189, 46
58, 118, 189, 40
58, 313, 189, 29
58, 93, 189, 11
58, 130, 190, 4
58, 6, 190, 78
58, 110, 190, 34
58, 305, 190, 11
58, 342, 190, 15
58, 291, 191, 34
58, 39, 191, 92
58, 391, 191, 27
58, 41, 191, 26
58, 109, 191, 88
58, 77, 191, 42
58, 49, 191, 65
58, 275, 191, 8
58, 116, 191, 53
58, 118, 191, 40
58, 285, 191, 17
58, 30, 191, 91
58, 223, 191, 34
58, 161, 192, 60
58, 36, 192, 73
58, 394, 192, 26
58, 333, 192, 94
58, 307, 192, 76
58, 373, 192, 62
58, 183, 192, 98
58, 124, 192, 26
58, 381, 192, 42
58, 383, 192, 90
58, 288, 193, 18
58, 354, 193, 20
58, 39, 193, 92
58, 345, 193, 18
58, 73, 193, 9
58, 362, 193, 5
58, 75, 193, 4
58, 78, 193, 76
58, 337, 193, 56
58, 210, 193, 1
58, 241, 193, 46
58, 372, 193, 49
58, 245, 193, 56
58, 153, 193, 100
58, 186, 193, 55
58, 156, 193, 43
58, 318, 193, 60
58, 127, 193, 19
58, 65, 194, 35
58, 324, 194, 68
58, 293, 194, 81
58, 7, 194, 97
58, 276, 194, 66
58, 218, 194, 45
58, 14, 195, 79
58, 399, 195, 85
58, 283, 195, 30
58, 27, 195, 97
58, 164, 195, 10
58, 318, 195, 60
58, 62, 195, 26
58, 195, 195, 98
58, 68, 195, 63
58, 79, 195, 5
58, 212, 195, 58
58, 87, 195, 87
58, 221, 195, 15
58, 96, 195, 41
58, 358, 195, 96
58, 230, 195, 16
58, 114, 195, 39
58, 370, 195, 24
58, 252, 195, 56
58, 382, 195, 96
58, 64, 196, 9
58, 289, 196, 2
58, 134, 196, 31
58, 102, 196, 23
58, 42, 196, 19
58, 236, 196, 49
58, 44, 196, 86
58, 365, 196, 33
58, 271, 196, 42
58, 368, 196, 65
58, 240, 196, 77
58, 244, 196, 50
58, 279, 196, 85
58, 248, 196, 37
58, 380, 196, 88
58, 349, 196, 78
58, 129, 197, 24
58, 97, 197, 54
58, 260, 197, 52
58, 389, 197, 38
58, 293, 197, 81
58, 295, 197, 90
58, 331, 197, 91
58, 300, 197, 65
58, 11, 197, 49
58, 45, 197, 27
58, 175, 197, 28
58, 178, 197, 92
58, 148, 197, 46
58, 21, 197, 53
58, 280, 197, 57
58, 26, 197, 100
58, 90, 198, 17
58, 166, 198, 40
58, 358, 198, 96
58, 250, 198, 94
58, 79, 198, 5
58, 82, 198, 41
58, 378, 198, 4
58, 347, 198, 54
58, 94, 198, 90
58, 258, 199, 41
58, 135, 199, 98
58, 19, 199, 35
58, 281, 199, 79
58, 282, 199, 2
58, 160, 199, 45
58, 38, 199, 35
58, 39, 199, 92
58, 43, 199, 27
58, 305, 199, 11
58, 181, 199, 38
58, 58, 199, 1
58, 69, 199, 50
58, 327, 199, 65
58, 75, 199, 4
58, 90, 199, 17
58, 102, 199, 23
58, 366, 199, 86
58, 248, 199, 37
