200, 400, 20
49, 0, 0, 41
49, 4, 0, 86
49, 390, 0, 44
49, 135, 0, 11
49, 265, 0, 76
49, 233, 0, 18
49, 363, 0, 51
49, 332, 0, 69
49, 11, 0, 60
49, 367, 0, 60
49, 48, 0, 48
49, 273, 0, 48
49, 19, 0, 29
49, 20, 0, 42
49, 23, 0, 13
49, 310, 0, 31
49, 375, 0, 80
49, 218, 0, 18
49, 289, 1, 75
49, 324, 1, 43
49, 197, 1, 77
49, 326, 1, 82
49, 356, 1, 85
49, 333, 1, 77
49, 334, 1, 68
49, 52, 1, 10
49, 277, 1, 97
49, 245, 1, 72
49, 22, 1, 59
49, 23, 1, 13
49, 379, 1, 36
49, 30, 1, 83
49, 2, 2, 97
49, 263, 2, 41
49, 395, 2, 35
49, 12, 2, 2
49, 273, 2, 48
49, 147, 2, 62
49, 280, 2, 85
49, 29, 2, 73
49, 40, 2, 93
49, 176, 2, 78
49, 188, 2, 57
49, 191, 2, 33
49, 320, 2, 89
49, 63, 2, 69
49, 201, 2, 35
49, 96, 2, 6
49, 360, 2, 33
49, 236, 2, 4
49, 369, 2, 98
49, 122, 2, 66
49, 162, 3, 86
49, 101, 3, 35
49, 281, 3, 41
49, 333, 3, 77
49, 112, 3, 67
49, 312, 3, 10
49, 217, 3, 70
49, 282, 3, 15
49, 284, 3, 32
49, 62, 3, 49
49, 128, 4, 6
49, 34, 4, 29
49, 36, 4, 27
49, 132, 4, 84
49, 43, 4, 61
49, 172, 4, 83
49, 140, 4, 35
49, 78, 4, 56
49, 335, 4, 16
49, 399, 4, 47
49, 116, 4, 78
49, 22, 4, 59
49, 152, 4, 90
49, 347, 4, 23
49, 254, 4, 32
49, 351, 4, 78
49, 33, 5, 65
49, 38, 5, 42
49, 13, 5, 98
49, 335, 5, 16
49, 86, 5, 12
49, 183, 5, 35
49, 186, 5, 68
49, 390, 6, 44
49, 41, 6, 10
49, 361, 6, 24
49, 115, 6, 95
49, 312, 6, 10
49, 4, 7, 86
49, 133, 7, 59
49, 166, 7, 22
49, 295, 7, 8
49, 27, 7, 24
49, 298, 7, 17
49, 333, 7, 77
49, 205, 7, 85
49, 275, 7, 73
49, 309, 7, 2
49, 23, 7, 13
49, 247, 7, 6
49, 124, 7, 72
49, 350, 7, 89
49, 191, 7, 33
49, 193, 8, 33
49, 305, 8, 37
49, 211, 8, 16
49, 246, 8, 41
49, 346, 8, 97
49, 252, 8, 16
49, 255, 8, 35
49, 163, 9, 79
49, 356, 9, 85
49, 227, 9, 41
49, 230, 9, 65
49, 7, 9, 88
49, 168, 9, 60
49, 37, 9, 3
49, 106, 9, 51
49, 171, 9, 77
49, 195, 9, 29
49, 74, 9, 3
49, 293, 9, 43
49, 111, 9, 53
49, 148, 9, 48
49, 183, 9, 35
49, 121, 9, 47
49, 282, 9, 15
49, 219, 9, 3
49, 288, 10, 19
49, 58, 10, 22
49, 197, 10, 77
49, 229, 10, 69
49, 186, 10, 68
49, 396, 10, 96
49, 271, 10, 76
49, 304, 10, 7
49, 81, 10, 12
49, 51, 10, 49
49, 372, 10, 25
49, 181, 10, 10
49, 87, 10, 59
49, 249, 10, 3
49, 282, 10, 15
49, 316, 10, 81
49, 191, 10, 33
49, 356, 11, 85
49, 262, 11, 71
49, 392, 11, 42
49, 396, 11, 96
49, 109, 11, 71
49, 375, 11, 80
49, 192, 12, 50
49, 96, 12, 6
49, 100, 12, 11
49, 164, 12, 31
49, 103, 12, 17
49, 328, 12, 36
49, 362, 12, 29
49, 364, 12, 69
49, 314, 12, 38
49, 14, 12, 6
49, 46, 12, 65
49, 303, 12, 96
49, 377, 12, 67
49, 346, 12, 97
49, 252, 12, 16
49, 129, 13, 23
49, 392, 13, 42
49, 14, 13, 6
49, 272, 13, 18
49, 148, 13, 48
49, 165, 13, 23
49, 166, 13, 22
49, 42, 13, 12
49, 320, 13, 89
49, 193, 13, 33
49, 66, 13, 23
49, 201, 13, 35
49, 329, 13, 14
49, 212, 13, 7
49, 92, 13, 2
49, 226, 13, 63
49, 236, 13, 4
49, 116, 13, 78
49, 122, 13, 66
49, 100, 14, 11
49, 233, 14, 18
49, 301, 14, 98
49, 275, 14, 73
49, 24, 14, 88
49, 57, 14, 62
49, 282, 14, 15
49, 157, 14, 50
49, 192, 15, 50
49, 227, 15, 41
49, 324, 15, 43
49, 325, 15, 30
49, 84, 15, 3
49, 134, 16, 60
49, 136, 16, 72
49, 171, 16, 77
49, 300, 16, 48
49, 364, 16, 69
49, 47, 16, 67
49, 18, 16, 53
49, 307, 16, 10
49, 244, 16, 73
49, 381, 16, 43
49, 185, 16, 82
49, 253, 16, 48
49, 259, 17, 99
49, 260, 17, 78
49, 393, 17, 37
49, 14, 17, 6
49, 143, 17, 18
49, 278, 17, 19
49, 155, 17, 27
49, 158, 17, 98
49, 287, 17, 79
49, 298, 17, 17
49, 188, 17, 57
49, 62, 17, 49
49, 323, 17, 59
49, 201, 17, 35
49, 339, 17, 57
49, 345, 17, 94
49, 103, 17, 17
49, 113, 17, 81
49, 117, 17, 55
49, 352, 18, 45
49, 224, 18, 36
49, 256, 18, 77
49, 259, 18, 99
49, 36, 18, 27
49, 389, 18, 14
49, 261, 18, 42
49, 71, 18, 55
49, 27, 18, 24
49, 298, 18, 17
49, 304, 18, 7
49, 210, 18, 34
49, 245, 18, 72
49, 183, 18, 35
49, 88, 18, 35
49, 251, 18, 43
49, 157, 18, 50
49, 94, 18, 91
49, 248, 19, 99
49, 64, 19, 14
49, 388, 19, 20
49, 298, 19, 17
49, 15, 19, 82
49, 147, 19, 62
49, 88, 19, 35
49, 316, 19, 81
49, 30, 19, 83
49, 31, 19, 90
49, 192, 20, 50
49, 231, 20, 27
49, 329, 20, 14
49, 170, 20, 6
49, 73, 20, 55
49, 330, 20, 24
49, 361, 20, 24
49, 91, 20, 22
49, 42, 20, 12
49, 265, 20, 76
49, 23, 20, 13
49, 216, 20, 38
49, 313, 20, 17
49, 347, 20, 23
49, 30, 20, 83
49, 196, 21, 51
49, 389, 21, 14
49, 166, 21, 22
49, 199, 21, 89
49, 75, 21, 94
49, 24, 21, 88
49, 359, 22, 13
49, 40, 22, 93
49, 175, 22, 83
49, 81, 22, 12
49, 59, 22, 60
49, 190, 22, 54
49, 161, 23, 3
49, 164, 23, 31
49, 301, 23, 98
49, 145, 23, 67
49, 147, 23, 62
49, 154, 23, 38
49, 64, 24, 14
49, 223, 24, 56
49, 39, 24, 73
49, 144, 24, 27
49, 305, 24, 37
49, 375, 24, 80
49, 282, 24, 15
49, 191, 24, 33
49, 98, 25, 71
49, 26, 25, 83
49, 324, 25, 43
49, 5, 25, 84
49, 134, 25, 60
49, 334, 25, 68
49, 335, 25, 16
49, 176, 25, 78
49, 179, 25, 81
49, 212, 25, 7
49, 52, 25, 10
49, 20, 25, 42
49, 343, 25, 91
49, 282, 25, 15
49, 188, 25, 57
49, 293, 26, 43
49, 205, 26, 85
49, 145, 26, 67
49, 337, 26, 21
49, 20, 26, 42
49, 340, 26, 73
49, 93, 26, 46
49, 318, 26, 28
49, 255, 26, 35
49, 2, 27, 97
49, 132, 27, 84
49, 144, 27, 27
49, 275, 27, 73
49, 292, 27, 80
49, 50, 27, 68
49, 52, 27, 10
49, 184, 27, 23
49, 186, 27, 68
49, 64, 27, 14
49, 198, 27, 31
49, 200, 27, 82
49, 207, 27, 99
49, 81, 27, 12
49, 341, 27, 37
49, 87, 27, 59
49, 96, 27, 6
49, 233, 27, 18
49, 252, 27, 16
49, 320, 28, 89
49, 192, 28, 50
49, 0, 28, 41
49, 261, 28, 42
49, 295, 28, 8
49, 169, 28, 16
49, 362, 28, 29
49, 9, 28, 91
49, 314, 28, 38
49, 334, 28, 68
49, 270, 28, 36
49, 339, 28, 57
49, 248, 28, 99
49, 218, 28, 18
49, 348, 28, 79
49, 285, 28, 58
49, 359, 29, 13
49, 267, 29, 61
49, 204, 29, 70
49, 399, 29, 47
49, 48, 29, 48
49, 79, 29, 21
49, 25, 29, 34
49, 166, 30, 22
49, 103, 30, 17
49, 273, 30, 48
49, 279, 30, 86
49, 311, 30, 24
49, 128, 31, 6
49, 3, 31, 50
49, 132, 31, 84
49, 197, 31, 77
49, 231, 31, 27
49, 10, 31, 87
49, 266, 31, 43
49, 366, 31, 98
49, 145, 31, 67
49, 52, 31, 10
49, 53, 31, 25
49, 349, 31, 11
49, 63, 31, 69
49, 224, 32, 36
49, 321, 32, 43
49, 386, 32, 80
49, 67, 32, 8
49, 162, 32, 86
49, 196, 32, 51
49, 354, 32, 86
49, 39, 32, 73
49, 37, 32, 3
49, 297, 32, 98
49, 171, 32, 77
49, 396, 32, 96
49, 208, 32, 68
49, 188, 32, 57
49, 53, 32, 25
49, 54, 32, 89
49, 184, 32, 23
49, 92, 32, 2
49, 354, 33, 86
49, 67, 33, 8
49, 390, 33, 44
49, 395, 33, 35
49, 76, 33, 11
49, 16, 33, 16
49, 305, 33, 37
49, 211, 33, 16
49, 83, 33, 84
49, 307, 33, 10
49, 346, 33, 97
49, 185, 34, 82
49, 260, 34, 78
49, 264, 34, 73
49, 140, 34, 35
49, 397, 34, 71
49, 270, 34, 36
49, 242, 34, 35
49, 243, 34, 61
49, 20, 34, 42
49, 120, 34, 67
49, 89, 34, 46
49, 154, 34, 38
49, 1, 35, 55
49, 257, 35, 75
49, 390, 35, 44
49, 395, 35, 35
49, 399, 35, 47
49, 144, 35, 27
49, 162, 35, 86
49, 295, 35, 8
49, 46, 35, 65
49, 305, 35, 37
49, 52, 35, 10
49, 63, 35, 69
49, 323, 35, 59
49, 70, 35, 5
49, 71, 35, 55
49, 209, 35, 91
49, 338, 35, 32
49, 354, 35, 86
49, 357, 35, 51
49, 372, 35, 25
49, 160, 36, 91
49, 3, 36, 50
49, 4, 36, 86
49, 291, 36, 89
49, 293, 36, 43
49, 377, 36, 67
49, 96, 37, 6
49, 193, 37, 33
49, 194, 37, 66
49, 259, 37, 99
49, 36, 37, 27
49, 4, 37, 86
49, 230, 37, 65
49, 328, 37, 36
49, 329, 37, 14
49, 394, 37, 18
49, 201, 37, 35
49, 275, 37, 73
49, 84, 37, 3
49, 382, 37, 71
49, 159, 37, 29
49, 258, 38, 73
49, 132, 38, 84
49, 260, 38, 78
49, 6, 38, 25
49, 21, 38, 78
49, 36, 38, 27
49, 167, 38, 6
49, 295, 38, 8
49, 41, 38, 10
49, 305, 38, 37
49, 54, 38, 89
49, 62, 38, 49
49, 74, 38, 3
49, 230, 38, 65
49, 103, 38, 17
49, 358, 38, 5
49, 110, 38, 99
49, 369, 38, 98
49, 247, 38, 6
49, 249, 38, 3
49, 195, 39, 29
49, 266, 39, 43
49, 339, 39, 57
49, 311, 39, 24
49, 216, 39, 38
49, 158, 39, 98
49, 32, 40, 7
49, 257, 40, 75
49, 354, 40, 86
49, 35, 40, 23
49, 36, 40, 27
49, 37, 40, 3
49, 163, 40, 79
49, 263, 40, 41
49, 304, 40, 7
49, 308, 40, 93
49, 149, 40, 23
49, 118, 40, 4
49, 217, 40, 70
49, 285, 40, 58
49, 220, 40, 49
49, 189, 40, 84
49, 190, 40, 54
49, 287, 40, 79
49, 32, 41, 7
49, 299, 41, 80
49, 80, 41, 57
49, 147, 41, 62
49, 316, 41, 81
49, 166, 42, 22
49, 14, 42, 6
49, 306, 42, 51
49, 210, 42, 34
49, 86, 42, 12
49, 120, 42, 67
49, 57, 42, 62
49, 378, 42, 39
49, 193, 43, 33
49, 262, 43, 71
49, 359, 43, 13
49, 201, 43, 35
49, 394, 43, 18
49, 43, 43, 61
49, 364, 43, 69
49, 187, 43, 5
49, 239, 43, 78
49, 143, 43, 18
49, 369, 43, 98
49, 273, 43, 48
49, 308, 43, 93
49, 150, 43, 10
49, 376, 43, 62
49, 89, 43, 46
49, 155, 43, 27
49, 319, 43, 28
49, 8, 44, 85
49, 15, 44, 82
49, 277, 44, 97
49, 151, 44, 66
49, 283, 44, 70
49, 285, 44, 58
49, 158, 44, 98
49, 65, 44, 53
49, 323, 44, 59
49, 324, 44, 43
49, 69, 44, 79
49, 70, 44, 5
49, 334, 44, 68
49, 339, 44, 57
49, 86, 44, 12
49, 346, 44, 97
49, 111, 44, 53
49, 369, 44, 98
49, 379, 44, 36
49, 254, 44, 32
49, 129, 45, 23
49, 287, 45, 79
49, 232, 45, 57
49, 236, 45, 4
49, 303, 45, 96
49, 115, 45, 95
49, 180, 45, 15
49, 213, 45, 59
49, 22, 45, 59
49, 87, 45, 59
49, 344, 45, 33
49, 151, 45, 66
49, 122, 45, 66
49, 157, 45, 50
49, 31, 45, 90
49, 122, 46, 66
49, 396, 46, 96
49, 338, 46, 32
49, 51, 46, 49
49, 244, 46, 73
49, 181, 46, 10
49, 58, 46, 22
49, 68, 47, 83
49, 324, 47, 43
49, 388, 47, 20
49, 42, 47, 12
49, 139, 47, 68
49, 110, 47, 99
49, 367, 47, 60
49, 114, 47, 72
49, 245, 47, 72
49, 250, 47, 65
49, 284, 47, 32
49, 353, 48, 34
49, 257, 48, 75
49, 161, 48, 3
49, 132, 48, 84
49, 259, 48, 99
49, 231, 48, 27
49, 298, 48, 17
49, 304, 48, 7
49, 275, 48, 73
49, 372, 48, 25
49, 22, 48, 59
49, 23, 48, 13
49, 344, 48, 33
49, 247, 48, 6
49, 380, 48, 50
49, 286, 48, 65
49, 289, 49, 75
49, 324, 49, 43
49, 75, 49, 94
49, 44, 49, 58
49, 140, 49, 35
49, 49, 49, 74
49, 372, 49, 25
49, 281, 49, 41
49, 127, 49, 95
49, 352, 50, 45
49, 290, 50, 92
49, 70, 50, 5
49, 393, 50, 37
49, 302, 50, 90
49, 305, 50, 37
49, 189, 50, 84
49, 26, 50, 83
49, 317, 50, 6
49, 159, 50, 29
49, 359, 51, 13
49, 360, 51, 33
49, 170, 51, 6
49, 367, 51, 60
49, 177, 51, 51
49, 274, 51, 16
49, 372, 51, 25
49, 212, 51, 7
49, 310, 51, 31
49, 53, 51, 25
49, 249, 51, 3
49, 250, 51, 65
49, 60, 51, 97
49, 189, 51, 84
49, 30, 51, 83
49, 287, 51, 79
49, 2, 52, 97
49, 3, 52, 50
49, 273, 52, 48
49, 28, 52, 29
49, 34, 52, 29
49, 169, 52, 16
49, 174, 52, 38
49, 187, 52, 5
49, 193, 52, 33
49, 195, 52, 29
49, 324, 52, 43
49, 199, 52, 89
49, 330, 52, 24
49, 334, 52, 68
49, 208, 52, 68
49, 223, 52, 56
49, 117, 52, 55
49, 118, 52, 4
49, 249, 52, 3
49, 88, 53, 35
49, 363, 53, 51
49, 396, 53, 96
49, 206, 53, 89
49, 335, 53, 16
49, 81, 53, 12
49, 145, 53, 67
49, 311, 53, 24
49, 120, 53, 67
49, 121, 53, 47
49, 187, 53, 5
49, 386, 54, 80
49, 3, 54, 50
49, 265, 54, 76
49, 396, 54, 96
49, 29, 54, 73
49, 44, 54, 58
49, 305, 54, 37
49, 52, 54, 10
49, 187, 54, 5
49, 94, 54, 91
49, 224, 54, 36
49, 353, 54, 34
49, 97, 54, 59
49, 105, 54, 75
49, 118, 54, 4
49, 374, 54, 33
49, 122, 54, 66
49, 252, 54, 16
49, 382, 54, 71
49, 259, 55, 99
49, 326, 55, 82
49, 38, 55, 42
49, 296, 55, 57
49, 335, 55, 16
49, 121, 55, 47
49, 218, 55, 18
49, 224, 56, 36
49, 195, 56, 29
49, 3, 56, 50
49, 166, 56, 22
49, 358, 56, 5
49, 298, 56, 17
49, 202, 56, 95
49, 76, 56, 11
49, 235, 56, 26
49, 274, 56, 16
49, 211, 56, 16
49, 52, 56, 10
49, 210, 56, 34
49, 247, 56, 6
49, 316, 56, 81
49, 61, 56, 9
49, 96, 57, 6
49, 385, 57, 53
49, 194, 57, 66
49, 196, 57, 51
49, 325, 57, 30
49, 166, 57, 22
49, 230, 57, 65
49, 281, 57, 41
49, 270, 57, 36
49, 79, 57, 21
49, 336, 57, 51
49, 81, 57, 12
49, 276, 57, 68
49, 216, 57, 38
49, 345, 57, 94
49, 124, 57, 72
49, 286, 57, 65
49, 159, 57, 29
49, 393, 58, 37
49, 266, 58, 43
49, 142, 58, 68
49, 17, 58, 12
49, 281, 58, 41
49, 154, 58, 38
49, 35, 58, 23
49, 295, 58, 8
49, 41, 58, 10
49, 305, 58, 37
49, 182, 58, 19
49, 322, 58, 76
49, 324, 58, 43
49, 83, 58, 84
49, 341, 58, 37
49, 88, 58, 35
49, 359, 58, 13
49, 243, 58, 61
49, 117, 58, 55
49, 159, 59, 29
49, 293, 59, 43
49, 198, 59, 31
49, 239, 59, 78
49, 148, 59, 48
49, 182, 59, 19
49, 312, 59, 10
49, 121, 59, 47
49, 381, 59, 43
49, 287, 59, 79
49, 71, 60, 55
49, 235, 60, 26
49, 76, 60, 11
49, 366, 60, 98
49, 208, 60, 68
49, 81, 60, 12
49, 83, 60, 84
49, 252, 60, 16
49, 245, 60, 72
49, 275, 60, 73
49, 56, 60, 44
49, 57, 60, 62
49, 58, 60, 22
49, 348, 60, 79
49, 323, 61, 59
49, 78, 61, 56
49, 14, 61, 6
49, 16, 61, 16
49, 180, 61, 15
49, 90, 61, 54
49, 191, 61, 33
49, 90, 62, 54
49, 326, 62, 82
49, 264, 62, 73
49, 234, 62, 66
49, 143, 62, 18
49, 144, 62, 27
49, 367, 62, 60
49, 179, 62, 81
49, 87, 62, 59
49, 154, 62, 38
49, 187, 62, 5
49, 382, 62, 71
49, 96, 63, 6
49, 34, 63, 29
49, 388, 63, 20
49, 37, 63, 3
49, 292, 63, 80
49, 199, 63, 89
49, 265, 63, 76
49, 75, 63, 94
49, 365, 63, 70
49, 366, 63, 98
49, 303, 63, 96
49, 318, 63, 28
49, 224, 64, 36
49, 67, 64, 8
49, 230, 64, 65
49, 358, 64, 5
49, 198, 64, 31
49, 73, 64, 55
49, 361, 64, 24
49, 171, 64, 77
49, 6, 64, 25
49, 173, 64, 23
49, 144, 64, 27
49, 209, 64, 91
49, 274, 64, 16
49, 240, 64, 21
49, 213, 64, 59
49, 22, 64, 59
49, 254, 64, 32
49, 191, 64, 33
49, 233, 65, 18
49, 139, 65, 68
49, 373, 65, 94
49, 281, 65, 41
49, 29, 65, 73
49, 160, 66, 91
49, 227, 66, 41
49, 197, 66, 77
49, 229, 66, 69
49, 71, 66, 55
49, 232, 66, 57
49, 262, 66, 71
49, 234, 66, 66
49, 170, 66, 6
49, 12, 66, 2
49, 42, 66, 12
49, 238, 66, 95
49, 47, 66, 67
49, 112, 66, 67
49, 115, 66, 95
49, 308, 66, 93
49, 309, 66, 2
49, 29, 66, 73
49, 256, 67, 77
49, 132, 67, 84
49, 13, 67, 98
49, 17, 67, 12
49, 35, 67, 23
49, 36, 67, 27
49, 38, 67, 42
49, 297, 67, 98
49, 299, 67, 80
49, 44, 67, 58
49, 57, 67, 62
49, 315, 67, 1
49, 70, 67, 5
49, 73, 67, 55
49, 332, 67, 69
49, 93, 67, 46
49, 358, 67, 5
49, 245, 67, 72
49, 118, 67, 4
49, 125, 67, 76
49, 5, 68, 84
49, 12, 68, 2
49, 15, 68, 82
49, 20, 68, 42
49, 294, 68, 50
49, 47, 68, 67
49, 60, 68, 97
49, 190, 68, 54
49, 330, 68, 24
49, 331, 68, 68
49, 207, 68, 99
49, 212, 68, 7
49, 226, 68, 63
49, 356, 68, 85
49, 359, 68, 13
49, 365, 68, 70
49, 110, 68, 99
49, 238, 68, 95
49, 124, 68, 72
49, 381, 68, 43
49, 35, 69, 23
49, 136, 69, 72
49, 10, 69, 87
49, 267, 69, 61
49, 300, 69, 48
49, 236, 69, 4
49, 175, 69, 83
49, 307, 69, 10
49, 373, 69, 94
49, 122, 69, 66
49, 351, 69, 78
49, 131, 70, 84
49, 325, 70, 30
49, 198, 70, 31
49, 237, 70, 35
49, 368, 70, 7
49, 180, 70, 15
49, 245, 70, 72
49, 190, 70, 54
49, 30, 70, 83
49, 351, 70, 78
49, 289, 71, 75
49, 1, 71, 55
49, 260, 71, 78
49, 90, 71, 54
49, 205, 71, 85
49, 142, 71, 68
49, 399, 71, 47
49, 365, 71, 70
49, 113, 71, 81
49, 370, 71, 51
49, 310, 71, 31
49, 154, 71, 38
49, 348, 71, 79
49, 384, 72, 47
49, 321, 72, 43
49, 215, 72, 70
49, 227, 72, 41
49, 99, 72, 69
49, 200, 72, 82
49, 104, 72, 79
49, 332, 72, 69
49, 156, 72, 78
49, 119, 72, 49
49, 250, 72, 65
49, 348, 72, 79
49, 94, 72, 91
49, 319, 72, 28
49, 226, 73, 63
49, 6, 73, 25
49, 144, 73, 27
49, 339, 73, 57
49, 119, 73, 49
49, 280, 73, 85
49, 56, 73, 44
49, 252, 73, 16
49, 253, 73, 48
49, 318, 73, 28
49, 33, 74, 65
49, 34, 74, 29
49, 226, 74, 63
49, 139, 74, 68
49, 12, 74, 2
49, 397, 74, 71
49, 194, 75, 66
49, 266, 75, 43
49, 333, 75, 77
49, 174, 75, 38
49, 16, 75, 16
49, 210, 75, 34
49, 346, 75, 97
49, 189, 75, 84
49, 222, 75, 15
49, 67, 76, 8
49, 196, 76, 51
49, 90, 76, 54
49, 186, 76, 68
49, 106, 76, 51
49, 305, 76, 37
49, 58, 76, 22
49, 188, 76, 57
49, 31, 76, 90
49, 388, 77, 20
49, 132, 77, 84
49, 396, 77, 96
49, 13, 77, 98
49, 280, 77, 85
49, 25, 77, 34
49, 34, 77, 29
49, 172, 77, 83
49, 47, 77, 67
49, 177, 77, 51
49, 54, 77, 89
49, 196, 77, 51
49, 75, 77, 94
49, 212, 77, 7
49, 219, 77, 3
49, 98, 77, 71
49, 369, 77, 98
49, 378, 77, 39
49, 252, 77, 16
49, 391, 78, 77
49, 140, 78, 35
49, 149, 78, 23
49, 152, 78, 90
49, 283, 78, 70
49, 166, 78, 22
49, 172, 78, 83
49, 301, 78, 98
49, 200, 78, 82
49, 76, 78, 11
49, 333, 78, 77
49, 82, 78, 61
49, 93, 78, 46
49, 353, 78, 34
49, 366, 78, 98
49, 110, 78, 99
49, 111, 78, 53
49, 247, 78, 6
49, 380, 78, 50
49, 6, 79, 25
49, 11, 79, 60
49, 270, 79, 36
49, 18, 79, 53
49, 146, 79, 46
49, 280, 79, 85
49, 156, 79, 78
49, 285, 79, 58
49, 287, 79, 79
49, 296, 79, 57
49, 185, 79, 82
49, 188, 79, 57
49, 76, 79, 11
49, 205, 79, 85
49, 212, 79, 7
49, 350, 79, 89
49, 100, 79, 11
49, 101, 79, 35
49, 230, 79, 65
49, 248, 79, 99
49, 352, 80, 45
49, 257, 80, 75
49, 290, 80, 92
49, 195, 80, 29
49, 137, 80, 35
49, 45, 80, 17
49, 176, 80, 78
49, 124, 80, 72
49, 208, 80, 68
49, 148, 80, 48
49, 117, 80, 55
49, 153, 80, 52
49, 378, 80, 39
49, 28, 80, 29
49, 11, 81, 60
49, 397, 81, 71
49, 294, 81, 50
49, 49, 81, 74
49, 178, 81, 73
49, 307, 81, 10
49, 190, 81, 54
49, 65, 81, 53
49, 329, 81, 14
49, 202, 81, 95
49, 73, 81, 55
49, 209, 81, 91
49, 348, 81, 79
49, 121, 81, 47
49, 354, 81, 86
49, 103, 81, 17
49, 364, 81, 69
49, 377, 81, 67
49, 126, 81, 4
49, 161, 82, 3
49, 292, 82, 80
49, 360, 82, 33
49, 137, 82, 35
49, 395, 82, 35
49, 204, 82, 70
49, 76, 82, 11
49, 399, 82, 47
49, 16, 82, 16
49, 49, 82, 74
49, 145, 82, 67
49, 273, 82, 48
49, 340, 82, 73
49, 279, 82, 86
49, 250, 82, 65
49, 223, 82, 56
49, 256, 83, 77
49, 121, 83, 47
49, 227, 83, 41
49, 165, 83, 23
49, 233, 83, 18
49, 239, 83, 78
49, 143, 83, 18
49, 308, 83, 93
49, 309, 83, 2
49, 316, 83, 81
49, 279, 83, 86
49, 183, 83, 35
49, 217, 83, 70
49, 182, 83, 19
49, 156, 83, 78
49, 318, 83, 28
49, 322, 84, 76
49, 326, 84, 82
49, 38, 84, 42
49, 328, 84, 36
49, 391, 84, 77
49, 43, 84, 61
49, 76, 84, 11
49, 107, 84, 20
49, 369, 84, 98
49, 114, 84, 72
49, 51, 84, 49
49, 245, 84, 72
49, 215, 84, 70
49, 120, 84, 67
49, 218, 84, 18
49, 158, 84, 98
49, 190, 84, 54
49, 1, 85, 55
49, 35, 85, 23
49, 292, 85, 80
49, 138, 85, 32
49, 367, 85, 60
49, 213, 85, 59
49, 214, 85, 31
49, 278, 85, 19
49, 218, 85, 18
49, 386, 86, 80
49, 67, 86, 8
49, 259, 86, 99
49, 325, 86, 30
49, 198, 86, 31
49, 295, 86, 8
49, 72, 86, 5
49, 41, 86, 10
49, 44, 86, 58
49, 398, 86, 66
49, 304, 86, 7
49, 209, 86, 91
49, 148, 86, 48
49, 24, 86, 88
49, 90, 86, 54
49, 251, 86, 43
49, 189, 86, 84
49, 365, 87, 70
49, 175, 87, 83
49, 113, 87, 81
49, 178, 87, 73
49, 244, 87, 73
49, 116, 87, 78
49, 118, 87, 4
49, 94, 87, 91
49, 30, 87, 83
49, 0, 88, 41
49, 352, 88, 45
49, 260, 88, 78
49, 101, 88, 35
49, 390, 88, 44
49, 77, 88, 26
49, 240, 88, 21
49, 49, 88, 74
49, 242, 88, 35
49, 210, 88, 34
49, 370, 88, 51
49, 248, 88, 99
49, 159, 88, 29
49, 224, 89, 36
49, 355, 89, 12
49, 132, 89, 84
49, 3, 89, 50
49, 313, 89, 17
49, 395, 89, 35
49, 364, 89, 69
49, 13, 89, 98
49, 205, 89, 85
49, 301, 89, 98
49, 207, 89, 99
49, 117, 89, 55
49, 377, 89, 67
49, 90, 89, 54
49, 315, 89, 1
49, 125, 89, 76
49, 126, 89, 4
49, 39, 90, 73
49, 267, 90, 61
49, 304, 90, 7
49, 305, 90, 37
49, 183, 90, 35
49, 344, 90, 33
49, 64, 91, 14
49, 195, 91, 29
49, 133, 91, 59
49, 103, 91, 17
49, 360, 91, 33
49, 9, 91, 91
49, 105, 91, 75
49, 45, 91, 17
49, 335, 91, 16
49, 370, 91, 51
49, 371, 91, 98
49, 87, 91, 59
49, 217, 91, 70
49, 282, 91, 15
49, 100, 92, 11
49, 230, 92, 65
49, 6, 92, 25
49, 345, 92, 94
49, 205, 92, 85
49, 304, 92, 7
49, 17, 92, 12
49, 244, 92, 73
49, 30, 92, 83
49, 89, 92, 46
49, 218, 92, 18
49, 190, 92, 54
49, 2, 93, 97
49, 155, 93, 27
49, 156, 93, 78
49, 30, 93, 83
49, 299, 93, 80
49, 56, 93, 44
49, 69, 93, 79
49, 198, 93, 31
49, 199, 93, 89
49, 203, 93, 98
49, 204, 93, 70
49, 207, 93, 99
49, 213, 93, 59
49, 345, 93, 94
49, 350, 93, 89
49, 222, 93, 15
49, 223, 93, 56
49, 353, 93, 34
49, 100, 93, 11
49, 231, 93, 27
49, 67, 94, 8
49, 100, 94, 11
49, 132, 94, 84
49, 323, 94, 59
49, 39, 94, 73
49, 227, 94, 41
49, 269, 94, 52
49, 79, 94, 21
49, 275, 94, 73
49, 149, 94, 23
49, 150, 94, 10
49, 188, 94, 57
49, 157, 94, 50
49, 280, 95, 85
49, 387, 95, 19
49, 294, 95, 50
49, 39, 95, 73
49, 108, 95, 17
49, 346, 95, 97
49, 113, 95, 81
49, 274, 95, 16
49, 88, 95, 35
49, 24, 95, 88
49, 154, 95, 38
49, 93, 95, 46
49, 64, 96, 14
49, 65, 96, 53
49, 96, 96, 6
49, 236, 96, 4
49, 173, 96, 23
49, 398, 96, 66
49, 47, 96, 67
49, 44, 96, 58
49, 113, 96, 81
49, 239, 96, 78
49, 272, 96, 18
49, 119, 96, 49
49, 158, 96, 98
49, 319, 96, 28
49, 129, 97, 23
49, 340, 97, 73
49, 183, 97, 35
49, 218, 97, 18
49, 27, 97, 24
49, 350, 97, 89
49, 34, 98, 29
49, 9, 98, 91
49, 174, 98, 38
49, 337, 98, 21
49, 305, 98, 37
49, 88, 98, 35
49, 313, 98, 17
49, 56, 98, 44
49, 254, 98, 32
49, 384, 99, 47
49, 387, 99, 19
49, 164, 99, 31
49, 68, 99, 83
49, 134, 99, 60
49, 103, 99, 17
49, 138, 99, 32
49, 394, 99, 18
49, 14, 99, 6
49, 240, 99, 21
49, 115, 99, 95
49, 98, 100, 71
49, 259, 100, 99
49, 4, 100, 86
49, 388, 100, 20
49, 103, 100, 17
49, 200, 100, 82
49, 296, 100, 57
49, 267, 100, 61
49, 19, 100, 29
49, 244, 100, 73
49, 280, 100, 85
49, 217, 100, 70
49, 186, 100, 68
49, 219, 100, 3
49, 284, 100, 32
49, 63, 100, 69
49, 1, 101, 55
49, 34, 101, 29
49, 262, 101, 71
49, 365, 101, 70
49, 174, 101, 38
49, 144, 101, 27
49, 146, 101, 46
49, 330, 102, 24
49, 45, 102, 17
49, 304, 102, 7
49, 181, 102, 10
49, 374, 102, 33
49, 120, 102, 67
49, 187, 102, 5
49, 190, 102, 54
49, 287, 102, 79
49, 66, 103, 23
49, 237, 103, 35
49, 337, 103, 21
49, 309, 103, 2
49, 213, 103, 59
49, 355, 104, 12
49, 361, 104, 24
49, 175, 104, 83
49, 283, 104, 70
49, 245, 104, 72
49, 152, 104, 90
49, 122, 104, 66
49, 27, 104, 24
49, 285, 104, 58
49, 71, 105, 55
49, 200, 105, 82
49, 233, 105, 18
49, 42, 105, 12
49, 235, 105, 26
49, 314, 105, 38
49, 116, 105, 78
49, 221, 105, 85
49, 341, 105, 37
49, 343, 105, 91
49, 56, 105, 44
49, 25, 105, 34
49, 126, 105, 4
49, 251, 105, 43
49, 92, 105, 2
49, 222, 105, 15
49, 350, 105, 89
49, 382, 106, 71
49, 322, 106, 76
49, 324, 106, 43
49, 70, 106, 5
49, 76, 106, 11
49, 112, 106, 67
49, 119, 106, 49
49, 277, 106, 97
49, 310, 106, 31
49, 23, 106, 13
49, 254, 106, 32
49, 121, 106, 47
49, 28, 106, 29
49, 311, 106, 24
49, 222, 106, 15
49, 200, 107, 82
49, 265, 107, 76
49, 363, 107, 51
49, 267, 107, 61
49, 243, 107, 61
49, 341, 107, 37
49, 377, 107, 67
49, 60, 107, 97
49, 253, 107, 48
49, 320, 108, 89
49, 385, 108, 53
49, 223, 108, 56
49, 387, 108, 19
49, 228, 108, 13
49, 69, 108, 79
49, 326, 108, 82
49, 198, 108, 31
49, 6, 108, 25
49, 121, 108, 47
49, 362, 108, 29
49, 76, 108, 11
49, 336, 108, 51
49, 305, 108, 37
49, 377, 108, 67
49, 186, 108, 68
49, 284, 108, 32
49, 255, 108, 35
49, 138, 109, 32
49, 175, 109, 83
49, 373, 109, 94
49, 246, 109, 41
49, 285, 109, 58
49, 89, 110, 46
49, 34, 110, 29
49, 2, 110, 97
49, 383, 110, 50
49, 91, 110, 22
49, 171, 110, 77
49, 110, 110, 99
49, 79, 110, 21
49, 14, 110, 6
49, 142, 110, 68
49, 340, 110, 73
49, 183, 110, 35
49, 249, 110, 3
49, 123, 110, 31
49, 284, 110, 32
49, 157, 110, 50
49, 63, 110, 69
49, 390, 111, 44
49, 269, 111, 52
49, 145, 111, 67
49, 281, 111, 41
49, 27, 111, 24
49, 29, 111, 73
49, 159, 111, 29
49, 165, 111, 23
49, 57, 111, 62
49, 188, 111, 57
49, 317, 111, 6
49, 64, 111, 14
49, 331, 111, 68
49, 99, 111, 69
49, 107, 111, 20
49, 366, 111, 98
49, 244, 111, 73
49, 373, 111, 94
49, 378, 111, 39
49, 254, 111, 32
49, 128, 112, 6
49, 354, 112, 86
49, 391, 112, 77
49, 394, 112, 18
49, 174, 112, 38
49, 302, 112, 90
49, 81, 112, 12
49, 82, 112, 61
49, 53, 112, 25
49, 98, 113, 71
49, 387, 113, 19
49, 4, 113, 86
49, 261, 113, 42
49, 229, 113, 69
49, 131, 113, 84
49, 296, 113, 57
49, 11, 113, 60
49, 16, 113, 16
49, 340, 113, 73
49, 277, 113, 97
49, 184, 113, 23
49, 217, 113, 70
49, 282, 113, 15
49, 221, 113, 85
49, 126, 113, 4
49, 192, 114, 50
49, 226, 114, 63
49, 195, 114, 29
49, 162, 114, 86
49, 101, 114, 35
49, 135, 114, 11
49, 399, 114, 47
49, 274, 114, 16
49, 136, 115, 72
49, 143, 115, 18
49, 17, 115, 12
49, 21, 115, 78
49, 24, 115, 88
49, 25, 115, 34
49, 296, 115, 57
49, 173, 115, 23
49, 52, 115, 10
49, 312, 115, 10
49, 57, 115, 62
49, 329, 115, 14
49, 202, 115, 95
49, 206, 115, 89
49, 336, 115, 51
49, 228, 115, 13
49, 230, 115, 65
49, 234, 115, 66
49, 116, 115, 78
49, 381, 115, 43
49, 391, 116, 77
49, 235, 116, 26
49, 346, 116, 97
49, 333, 116, 77
49, 337, 116, 21
49, 211, 116, 16
49, 116, 116, 78
49, 185, 116, 82
49, 250, 116, 65
49, 91, 116, 22
49, 285, 116, 58
49, 385, 117, 53
49, 351, 117, 78
49, 200, 117, 82
49, 250, 117, 65
49, 266, 117, 43
49, 269, 117, 52
49, 174, 117, 38
49, 48, 117, 48
49, 337, 117, 21
49, 114, 117, 72
49, 83, 117, 84
49, 186, 117, 68
49, 349, 117, 11
49, 191, 117, 33
49, 195, 118, 29
49, 196, 118, 51
49, 136, 118, 72
49, 394, 118, 18
49, 332, 118, 69
49, 78, 118, 56
49, 83, 118, 84
49, 373, 118, 94
49, 28, 118, 29
49, 31, 118, 90
49, 97, 119, 59
49, 195, 119, 29
49, 292, 119, 80
49, 228, 119, 13
49, 326, 119, 82
49, 135, 119, 11
49, 360, 119, 33
49, 368, 119, 7
49, 21, 119, 78
49, 181, 119, 10
49, 343, 119, 91
49, 160, 120, 91
49, 194, 120, 66
49, 3, 120, 50
49, 47, 120, 67
49, 311, 120, 24
49, 278, 120, 19
49, 119, 120, 49
49, 61, 120, 9
49, 99, 121, 69
49, 7, 121, 88
49, 44, 121, 58
49, 206, 121, 89
49, 183, 121, 35
49, 24, 121, 88
49, 89, 121, 46
49, 258, 122, 73
49, 261, 122, 42
49, 151, 122, 66
49, 282, 122, 15
49, 164, 122, 31
49, 39, 122, 73
49, 190, 122, 54
49, 320, 122, 89
49, 66, 122, 23
49, 69, 122, 79
49, 330, 122, 24
49, 78, 122, 56
49, 214, 122, 31
49, 111, 122, 53
49, 240, 122, 21
49, 112, 122, 67
49, 245, 122, 72
49, 121, 122, 47
49, 379, 122, 36
49, 355, 123, 12
49, 329, 123, 14
49, 43, 123, 61
49, 268, 123, 74
49, 300, 123, 48
49, 173, 123, 23
49, 340, 123, 73
49, 150, 123, 10
49, 388, 124, 20
49, 45, 124, 17
49, 399, 124, 47
49, 244, 124, 73
49, 23, 124, 13
49, 377, 124, 67
49, 26, 124, 83
49, 311, 124, 24
49, 95, 124, 33
49, 324, 125, 43
49, 37, 125, 3
49, 102, 125, 19
49, 136, 125, 72
49, 169, 125, 16
49, 298, 125, 17
49, 107, 125, 20
49, 16, 125, 16
49, 344, 125, 33
49, 24, 125, 88
49, 186, 125, 68
49, 252, 125, 16
49, 94, 125, 91
49, 387, 126, 19
49, 291, 126, 89
49, 229, 126, 69
49, 326, 126, 82
49, 72, 126, 5
49, 110, 126, 99
49, 176, 126, 78
49, 338, 126, 32
49, 115, 126, 95
49, 146, 126, 46
49, 21, 126, 78
49, 275, 126, 73
49, 247, 126, 6
49, 25, 126, 34
49, 62, 126, 49
49, 286, 126, 65
49, 192, 127, 50
49, 100, 127, 11
49, 358, 127, 5
49, 10, 127, 87
49, 268, 127, 74
49, 44, 127, 58
49, 239, 127, 78
49, 339, 127, 57
49, 52, 127, 10
49, 308, 127, 93
49, 22, 127, 59
49, 343, 127, 91
49, 288, 128, 19
49, 225, 128, 27
49, 66, 128, 23
49, 196, 128, 51
49, 358, 128, 5
49, 103, 128, 17
49, 234, 128, 66
49, 333, 128, 77
49, 78, 128, 56
49, 398, 128, 66
49, 114, 128, 72
49, 284, 128, 32
49, 317, 128, 6
49, 383, 128, 50
49, 4, 129, 86
49, 165, 129, 23
49, 105, 129, 75
49, 172, 129, 83
49, 364, 129, 69
49, 303, 129, 96
49, 84, 129, 3
49, 375, 129, 80
49, 184, 129, 23
49, 345, 129, 94
49, 154, 129, 38
49, 93, 129, 46
49, 354, 130, 86
49, 363, 130, 51
49, 209, 130, 91
49, 146, 130, 46
49, 17, 130, 12
49, 309, 130, 2
49, 278, 130, 19
49, 192, 131, 50
49, 352, 131, 45
49, 226, 131, 63
49, 324, 131, 43
49, 287, 131, 79
49, 72, 131, 5
49, 41, 131, 10
49, 74, 131, 3
49, 269, 131, 52
49, 365, 131, 70
49, 142, 131, 68
49, 112, 131, 67
49, 208, 131, 68
49, 17, 131, 12
49, 270, 131, 36
49, 308, 131, 93
49, 382, 131, 71
49, 319, 131, 28
49, 293, 132, 43
49, 70, 132, 5
49, 233, 132, 18
49, 138, 132, 32
49, 78, 132, 56
49, 174, 132, 38
49, 336, 132, 51
49, 16, 132, 16
49, 212, 132, 7
49, 372, 132, 25
49, 277, 132, 97
49, 90, 132, 54
49, 158, 132, 98
49, 127, 132, 95
49, 289, 133, 75
49, 99, 133, 69
49, 68, 133, 83
49, 37, 133, 3
49, 3, 133, 50
49, 355, 133, 12
49, 305, 133, 37
49, 51, 133, 49
49, 277, 133, 97
49, 183, 133, 35
49, 120, 133, 67
49, 378, 133, 39
49, 88, 133, 35
49, 92, 133, 2
49, 63, 133, 69
49, 32, 134, 7
49, 359, 134, 13
49, 329, 134, 14
49, 303, 134, 96
49, 338, 134, 32
49, 54, 134, 89
49, 183, 134, 35
49, 59, 134, 60
49, 384, 135, 47
49, 320, 135, 89
49, 327, 135, 21
49, 105, 135, 75
49, 202, 135, 95
49, 107, 135, 20
49, 210, 135, 34
49, 19, 135, 29
49, 340, 135, 73
49, 84, 135, 3
49, 246, 135, 41
49, 189, 135, 84
49, 56, 135, 44
49, 157, 135, 50
49, 59, 135, 60
49, 317, 135, 6
49, 184, 135, 23
49, 292, 136, 80
49, 168, 136, 60
49, 105, 136, 75
49, 232, 136, 57
49, 363, 136, 51
49, 236, 136, 4
49, 224, 137, 36
49, 65, 137, 53
49, 96, 137, 6
49, 164, 137, 31
49, 261, 137, 42
49, 229, 137, 69
49, 71, 137, 55
49, 168, 137, 60
49, 394, 137, 18
49, 112, 137, 67
49, 308, 137, 93
49, 277, 137, 97
49, 374, 137, 33
49, 247, 137, 6
49, 27, 137, 24
49, 222, 137, 15
49, 33, 138, 65
49, 73, 138, 55
49, 76, 138, 11
49, 303, 138, 96
49, 177, 138, 51
49, 243, 138, 61
49, 148, 138, 48
49, 315, 138, 1
49, 319, 138, 28
49, 71, 139, 55
49, 73, 139, 55
49, 79, 139, 21
49, 175, 139, 83
49, 285, 139, 58
49, 376, 140, 62
49, 134, 140, 60
49, 167, 140, 6
49, 262, 140, 71
49, 59, 140, 60
49, 104, 140, 79
49, 298, 140, 17
49, 314, 140, 38
49, 78, 140, 56
49, 335, 140, 16
49, 336, 140, 51
49, 149, 140, 23
49, 248, 140, 99
49, 345, 140, 94
49, 378, 140, 39
49, 187, 140, 5
49, 188, 140, 57
49, 131, 141, 84
49, 356, 141, 85
49, 169, 141, 16
49, 106, 141, 51
49, 41, 141, 10
49, 145, 141, 67
49, 49, 141, 74
49, 275, 141, 73
49, 116, 141, 78
49, 148, 141, 48
49, 113, 141, 81
49, 23, 141, 13
49, 56, 141, 44
49, 91, 141, 22
49, 381, 141, 43
49, 0, 142, 41
49, 2, 142, 97
49, 138, 142, 32
49, 17, 142, 12
49, 30, 142, 83
49, 49, 142, 74
49, 178, 142, 73
49, 53, 142, 25
49, 186, 142, 68
49, 322, 142, 76
49, 199, 142, 89
49, 203, 142, 98
49, 218, 142, 18
49, 346, 142, 97
49, 92, 142, 2
49, 350, 142, 89
49, 229, 142, 69
49, 369, 142, 98
49, 249, 142, 3
49, 378, 142, 39
49, 354, 143, 86
49, 290, 143, 92
49, 4, 143, 86
49, 164, 143, 31
49, 70, 143, 5
49, 262, 143, 71
49, 104, 143, 79
49, 41, 143, 10
49, 330, 143, 24
49, 178, 143, 73
49, 180, 143, 15
49, 85, 143, 71
49, 342, 143, 65
49, 310, 143, 31
49, 88, 143, 35
49, 54, 143, 89
49, 154, 143, 38
49, 214, 143, 31
49, 384, 144, 47
49, 97, 144, 59
49, 141, 144, 96
49, 272, 144, 18
49, 338, 144, 32
49, 280, 144, 85
49, 313, 144, 17
49, 188, 144, 57
49, 0, 145, 41
49, 64, 145, 14
49, 166, 145, 22
49, 331, 145, 68
49, 116, 145, 78
49, 213, 145, 59
49, 21, 145, 78
49, 30, 145, 83
49, 353, 146, 34
49, 195, 146, 29
49, 132, 146, 84
49, 388, 146, 20
49, 70, 146, 5
49, 394, 146, 18
49, 139, 146, 68
49, 333, 146, 77
49, 111, 146, 53
49, 47, 146, 67
49, 399, 146, 47
49, 373, 146, 94
49, 119, 146, 49
49, 184, 146, 23
49, 219, 146, 3
49, 348, 146, 79
49, 222, 146, 15
49, 375, 146, 80
49, 98, 147, 71
49, 36, 147, 27
49, 101, 147, 35
49, 325, 147, 30
49, 171, 147, 77
49, 140, 147, 35
49, 300, 147, 48
49, 367, 147, 60
49, 303, 147, 96
49, 305, 147, 37
49, 114, 147, 72
49, 368, 147, 7
49, 112, 147, 67
49, 342, 147, 65
49, 343, 147, 91
49, 88, 147, 35
49, 284, 147, 32
49, 189, 147, 84
49, 198, 148, 31
49, 361, 148, 24
49, 42, 148, 12
49, 79, 148, 21
49, 338, 148, 32
49, 214, 148, 31
49, 29, 148, 73
49, 64, 149, 14
49, 161, 149, 3
49, 99, 149, 69
49, 101, 149, 35
49, 361, 149, 24
49, 11, 149, 60
49, 268, 149, 74
49, 237, 149, 35
49, 338, 149, 32
49, 126, 149, 4
49, 190, 149, 54
49, 0, 150, 41
49, 257, 150, 75
49, 126, 150, 4
49, 58, 150, 22
49, 5, 150, 84
49, 37, 150, 3
49, 293, 150, 43
49, 203, 150, 98
49, 268, 150, 74
49, 180, 150, 15
49, 310, 150, 31
49, 24, 150, 88
49, 282, 150, 15
49, 382, 150, 71
49, 159, 150, 29
49, 229, 151, 69
49, 133, 151, 59
49, 104, 151, 79
49, 40, 151, 93
49, 267, 151, 61
49, 47, 151, 67
49, 305, 151, 37
49, 181, 151, 10
49, 342, 151, 65
49, 314, 151, 38
49, 220, 151, 49
49, 125, 151, 76
49, 1, 152, 55
49, 260, 152, 78
49, 293, 152, 43
49, 104, 152, 79
49, 108, 152, 17
49, 45, 152, 17
49, 46, 152, 65
49, 368, 152, 7
49, 380, 152, 50
49, 60, 152, 97
49, 32, 153, 7
49, 225, 153, 27
49, 259, 153, 99
49, 70, 153, 5
49, 77, 153, 26
49, 335, 153, 16
49, 111, 153, 53
49, 347, 153, 23
49, 21, 153, 78
49, 85, 153, 71
49, 183, 153, 35
49, 342, 153, 65
49, 59, 153, 60
49, 92, 153, 2
49, 30, 153, 83
49, 320, 154, 89
49, 385, 154, 53
49, 35, 154, 23
49, 195, 154, 29
49, 46, 154, 65
49, 142, 154, 68
49, 47, 154, 67
49, 48, 154, 48
49, 147, 154, 62
49, 89, 154, 46
49, 163, 155, 79
49, 356, 155, 85
49, 197, 155, 77
49, 262, 155, 71
49, 266, 155, 43
49, 363, 155, 51
49, 172, 155, 83
49, 182, 155, 19
49, 313, 155, 17
49, 391, 156, 77
49, 395, 156, 35
49, 396, 156, 96
49, 15, 156, 82
49, 160, 156, 91
49, 300, 156, 48
49, 301, 156, 98
49, 50, 156, 68
49, 180, 156, 15
49, 311, 156, 24
49, 189, 156, 84
49, 321, 156, 43
49, 73, 156, 55
49, 339, 156, 57
49, 211, 156, 16
49, 343, 156, 91
49, 223, 156, 56
49, 227, 156, 41
49, 376, 156, 62
49, 392, 157, 42
49, 393, 157, 37
49, 15, 157, 82
49, 399, 157, 47
49, 21, 157, 78
49, 294, 157, 50
49, 41, 157, 10
49, 170, 157, 6
49, 174, 157, 38
49, 59, 157, 60
49, 61, 157, 9
49, 192, 157, 50
49, 343, 157, 91
49, 347, 157, 23
49, 351, 157, 78
49, 365, 157, 70
49, 243, 157, 61
49, 375, 157, 80
49, 377, 157, 67
49, 251, 157, 43
49, 7, 158, 88
49, 264, 158, 73
49, 265, 158, 76
49, 16, 158, 16
49, 154, 158, 38
49, 29, 158, 73
49, 169, 158, 16
49, 302, 158, 90
49, 47, 158, 67
49, 311, 158, 24
49, 312, 158, 10
49, 318, 158, 28
49, 321, 158, 43
49, 325, 158, 30
49, 75, 158, 94
49, 83, 158, 84
49, 374, 158, 33
49, 120, 158, 67
49, 254, 158, 32
49, 355, 159, 12
49, 7, 159, 88
49, 231, 159, 27
49, 169, 159, 16
49, 298, 159, 17
49, 171, 159, 77
49, 204, 159, 70
49, 377, 159, 67
49, 144, 159, 27
49, 113, 159, 81
49, 115, 159, 95
49, 21, 159, 78
49, 217, 159, 70
49, 252, 159, 16
49, 125, 159, 76
49, 2, 160, 97
49, 258, 160, 73
49, 389, 160, 14
49, 6, 160, 25
49, 7, 160, 88
49, 198, 160, 31
49, 327, 160, 21
49, 394, 160, 18
49, 395, 160, 35
49, 110, 160, 99
49, 48, 160, 48
49, 86, 160, 12
49, 119, 160, 49
49, 58, 160, 22
49, 123, 160, 31
49, 60, 160, 97
49, 94, 160, 91
49, 227, 161, 41
49, 132, 161, 84
49, 328, 161, 36
49, 12, 161, 2
49, 13, 161, 98
49, 366, 161, 98
49, 46, 161, 65
49, 48, 161, 48
49, 81, 161, 12
49, 26, 161, 83
49, 223, 161, 56
49, 318, 162, 28
49, 225, 162, 27
49, 161, 162, 3
49, 68, 162, 83
49, 330, 162, 24
49, 10, 162, 87
49, 111, 162, 53
49, 149, 162, 23
49, 118, 162, 4
49, 376, 162, 62
49, 346, 162, 97
49, 251, 162, 43
49, 286, 162, 65
49, 390, 163, 44
49, 167, 163, 6
49, 102, 163, 19
49, 108, 163, 17
49, 14, 163, 6
49, 367, 163, 60
49, 82, 163, 61
49, 275, 163, 73
49, 372, 163, 25
49, 86, 163, 12
49, 87, 163, 59
49, 54, 163, 89
49, 379, 163, 36
49, 316, 163, 81
49, 38, 164, 42
49, 359, 164, 13
49, 134, 164, 60
49, 234, 164, 66
49, 145, 164, 67
49, 381, 164, 43
49, 148, 164, 48
49, 281, 164, 41
49, 189, 164, 84
49, 62, 164, 49
49, 226, 165, 63
49, 101, 165, 35
49, 232, 165, 57
49, 17, 165, 12
49, 306, 165, 51
49, 82, 165, 61
49, 245, 165, 72
49, 118, 165, 4
49, 53, 165, 25
49, 342, 165, 65
49, 282, 165, 15
49, 59, 165, 60
49, 62, 165, 49
49, 224, 166, 36
49, 225, 166, 27
49, 322, 166, 76
49, 223, 166, 56
49, 166, 166, 22
49, 231, 166, 27
49, 186, 166, 68
49, 298, 166, 17
49, 203, 166, 98
49, 304, 166, 7
49, 338, 166, 32
49, 118, 166, 4
49, 375, 166, 80
49, 88, 166, 35
49, 218, 166, 18
49, 315, 166, 1
49, 189, 166, 84
49, 383, 166, 50
49, 101, 167, 35
49, 303, 167, 96
49, 371, 167, 98
49, 212, 167, 7
49, 54, 167, 89
49, 153, 167, 52
49, 385, 168, 53
49, 162, 168, 86
49, 193, 168, 33
49, 388, 168, 20
49, 230, 168, 65
49, 135, 168, 11
49, 395, 168, 35
49, 110, 168, 99
49, 208, 168, 68
49, 276, 168, 68
49, 285, 168, 58
49, 130, 169, 38
49, 230, 169, 65
49, 103, 169, 17
49, 327, 169, 21
49, 199, 169, 89
49, 300, 169, 48
49, 397, 169, 71
49, 207, 169, 99
49, 179, 169, 81
49, 276, 169, 68
49, 372, 169, 25
49, 278, 169, 19
49, 382, 169, 71
49, 65, 170, 53
49, 322, 170, 76
49, 3, 170, 50
49, 264, 170, 73
49, 46, 170, 65
49, 145, 170, 67
49, 371, 170, 98
49, 281, 170, 41
49, 315, 170, 1
49, 130, 171, 38
49, 227, 171, 41
49, 101, 171, 35
49, 295, 171, 8
49, 16, 171, 16
49, 273, 171, 48
49, 82, 171, 61
49, 85, 171, 71
49, 182, 171, 19
49, 184, 171, 23
49, 185, 171, 82
49, 94, 171, 91
49, 162, 172, 86
49, 323, 172, 59
49, 388, 172, 20
49, 208, 172, 68
49, 115, 172, 95
49, 57, 172, 62
49, 321, 173, 43
49, 289, 173, 75
49, 297, 173, 98
49, 139, 173, 68
49, 238, 173, 95
49, 337, 173, 21
49, 19, 173, 29
49, 117, 173, 55
49, 122, 173, 66
49, 347, 173, 23
49, 222, 173, 15
49, 0, 174, 41
49, 224, 174, 36
49, 2, 174, 97
49, 294, 174, 50
49, 6, 174, 25
49, 359, 174, 13
49, 233, 174, 18
49, 332, 174, 69
49, 301, 174, 98
49, 302, 174, 90
49, 365, 174, 70
49, 204, 174, 70
49, 189, 174, 84
49, 222, 174, 15
49, 126, 174, 4
49, 5, 175, 84
49, 134, 175, 60
49, 200, 175, 82
49, 109, 175, 71
49, 369, 175, 98
49, 308, 175, 93
49, 94, 175, 91
49, 31, 175, 90
49, 352, 176, 45
49, 2, 176, 97
49, 136, 176, 72
49, 296, 176, 57
49, 50, 176, 68
49, 84, 176, 3
49, 245, 176, 72
49, 212, 176, 7
49, 56, 176, 44
49, 185, 176, 82
49, 290, 177, 92
49, 197, 177, 77
49, 198, 177, 31
49, 329, 177, 14
49, 10, 177, 87
49, 205, 177, 85
49, 306, 177, 51
49, 373, 177, 94
49, 219, 177, 3
49, 382, 177, 71
49, 191, 178, 33
49, 231, 178, 27
49, 74, 178, 3
49, 18, 178, 53
49, 312, 178, 10
49, 63, 178, 69
49, 0, 179, 41
49, 257, 179, 75
49, 196, 179, 51
49, 238, 179, 95
49, 47, 179, 67
49, 48, 179, 48
49, 399, 179, 47
49, 304, 179, 7
49, 110, 179, 99
49, 368, 179, 7
49, 245, 179, 72
49, 185, 179, 82
49, 346, 179, 97
49, 187, 179, 5
49, 320, 180, 89
49, 163, 180, 79
49, 387, 180, 19
49, 102, 180, 19
49, 232, 180, 57
49, 44, 180, 58
49, 155, 180, 27
49, 46, 180, 65
49, 300, 180, 48
49, 271, 180, 76
49, 337, 180, 21
49, 373, 180, 94
49, 182, 180, 19
49, 250, 180, 65
49, 187, 180, 5
49, 284, 180, 32
49, 286, 180, 65
49, 385, 181, 53
49, 390, 181, 44
49, 232, 181, 57
49, 104, 181, 79
49, 364, 181, 69
49, 272, 181, 18
49, 369, 181, 98
49, 50, 181, 68
49, 19, 181, 29
49, 182, 181, 19
49, 316, 181, 81
49, 280, 181, 85
49, 348, 181, 79
49, 125, 181, 76
49, 0, 182, 41
49, 64, 182, 14
49, 355, 182, 12
49, 3, 182, 50
49, 324, 182, 43
49, 134, 182, 60
49, 74, 182, 3
49, 138, 182, 32
49, 172, 182, 83
49, 76, 182, 11
49, 243, 182, 61
49, 342, 182, 65
49, 278, 182, 19
49, 381, 182, 43
49, 385, 183, 53
49, 225, 183, 27
49, 68, 183, 83
49, 198, 183, 31
49, 71, 183, 55
49, 104, 183, 79
49, 137, 183, 35
49, 106, 183, 51
49, 74, 183, 3
49, 200, 183, 82
49, 140, 183, 35
49, 112, 183, 67
49, 146, 183, 46
49, 307, 183, 10
49, 86, 183, 12
49, 88, 183, 35
49, 157, 183, 50
49, 323, 184, 59
49, 259, 184, 99
49, 101, 184, 35
49, 38, 184, 42
49, 398, 184, 66
49, 335, 184, 16
49, 272, 184, 18
49, 211, 184, 16
49, 93, 184, 46
49, 55, 184, 91
49, 56, 184, 44
49, 377, 184, 67
49, 346, 184, 97
49, 156, 184, 78
49, 189, 184, 84
49, 223, 184, 56
49, 38, 185, 42
49, 199, 185, 89
49, 230, 185, 65
49, 9, 185, 91
49, 138, 185, 32
49, 268, 185, 74
49, 271, 185, 76
49, 80, 185, 57
49, 114, 185, 72
49, 146, 185, 46
49, 18, 185, 53
49, 85, 185, 71
49, 342, 185, 65
49, 213, 185, 59
49, 377, 185, 67
49, 349, 185, 11
49, 30, 185, 83
49, 288, 186, 19
49, 290, 186, 92
49, 166, 186, 22
49, 7, 186, 88
49, 203, 186, 98
49, 205, 186, 85
49, 333, 186, 77
49, 16, 186, 16
49, 370, 186, 51
49, 372, 186, 25
49, 124, 186, 72
49, 381, 186, 43
49, 254, 186, 32
49, 287, 186, 79
49, 294, 187, 50
49, 102, 187, 19
49, 38, 187, 42
49, 202, 187, 95
49, 334, 187, 68
49, 111, 187, 53
49, 17, 187, 12
49, 246, 187, 41
49, 344, 187, 33
49, 377, 187, 67
49, 351, 187, 78
49, 193, 188, 33
49, 41, 188, 10
49, 74, 188, 3
49, 219, 188, 3
49, 110, 188, 99
49, 52, 188, 10
49, 53, 188, 25
49, 30, 188, 83
49, 88, 188, 35
49, 217, 188, 70
49, 283, 188, 70
49, 317, 188, 6
49, 222, 188, 15
49, 291, 189, 89
49, 69, 189, 79
49, 325, 189, 30
49, 392, 189, 42
49, 8, 189, 85
49, 168, 189, 60
49, 206, 189, 89
49, 367, 189, 60
49, 15, 189, 82
49, 84, 189, 3
49, 309, 189, 2
49, 212, 189, 7
49, 279, 189, 86
49, 25, 189, 34
49, 287, 189, 79
49, 226, 190, 63
49, 359, 190, 13
49, 75, 190, 94
49, 48, 190, 48
49, 51, 190, 49
49, 340, 190, 73
49, 118, 190, 4
49, 375, 190, 80
49, 88, 190, 35
49, 26, 190, 83
49, 383, 190, 50
49, 38, 191, 42
49, 297, 191, 98
49, 137, 191, 35
49, 175, 191, 83
49, 114, 191, 72
49, 28, 191, 29
49, 255, 191, 35
49, 386, 192, 80
49, 356, 192, 85
49, 164, 192, 31
49, 70, 192, 5
49, 39, 192, 73
49, 42, 192, 12
49, 236, 192, 4
49, 17, 192, 12
49, 23, 192, 13
49, 53, 192, 25
49, 54, 192, 89
49, 375, 192, 80
49, 84, 192, 3
49, 284, 192, 32
49, 60, 192, 97
49, 223, 193, 56
49, 236, 193, 4
49, 45, 193, 17
49, 237, 193, 35
49, 145, 193, 67
49, 371, 193, 98
49, 215, 193, 70
49, 378, 193, 39
49, 283, 193, 70
49, 63, 193, 69
49, 271, 194, 76
49, 273, 194, 48
49, 150, 194, 10
49, 214, 194, 31
49, 281, 194, 41
49, 57, 194, 62
49, 159, 194, 29
49, 288, 195, 19
49, 194, 195, 66
49, 36, 195, 27
49, 164, 195, 31
49, 70, 195, 5
49, 105, 195, 75
49, 329, 195, 14
49, 266, 195, 43
49, 140, 195, 35
49, 112, 195, 67
49, 227, 196, 41
49, 131, 196, 84
49, 302, 196, 90
49, 143, 196, 18
49, 368, 196, 7
49, 51, 196, 49
49, 341, 196, 37
49, 280, 196, 85
49, 382, 196, 71
49, 8, 197, 85
49, 33, 197, 65
49, 291, 197, 89
49, 43, 197, 61
49, 53, 197, 25
49, 310, 197, 31
49, 311, 197, 24
49, 61, 197, 9
49, 208, 197, 68
49, 82, 197, 61
49, 341, 197, 37
49, 220, 197, 49
49, 350, 197, 89
49, 357, 197, 51
49, 360, 197, 33
49, 125, 197, 76
49, 379, 197, 36
49, 124, 197, 72
49, 253, 197, 48
49, 3, 198, 50
49, 136, 198, 72
49, 151, 198, 66
49, 30, 198, 83
49, 289, 198, 75
49, 293, 198, 43
49, 166, 198, 22
49, 181, 198, 10
49, 309, 198, 2
49, 317, 198, 6
49, 208, 198, 68
49, 347, 198, 23
49, 353, 198, 34
49, 354, 198, 86
49, 100, 198, 11
49, 357, 198, 51
49, 115, 198, 95
49, 243, 198, 61
49, 118, 198, 4
49, 379, 198, 36
49, 260, 199, 78
49, 265, 199, 76
49, 138, 199, 32
49, 144, 199, 27
49, 276, 199, 68
49, 35, 199, 23
49, 173, 199, 23
49, 59, 199, 60
49, 323, 199, 59
49, 332, 199, 69
49, 76, 199, 11
49, 210, 199, 34
49, 345, 199, 94
49, 101, 199, 35
49, 358, 199, 5
49, 230, 199, 65
49, 105, 199, 75
49, 107, 199, 20
49, 242, 199, 35
49, 380, 199, 50
