200, 400, 20
6, 256, 0, 44
6, 33, 0, 69
6, 2, 0, 46
6, 324, 0, 2
6, 327, 0, 46
6, 298, 0, 78
6, 111, 0, 41
6, 240, 0, 45
6, 369, 0, 95
6, 272, 0, 79
6, 15, 0, 45
6, 146, 0, 91
6, 367, 0, 7
6, 310, 0, 35
6, 27, 0, 45
6, 28, 0, 5
6, 349, 0, 1
6, 383, 0, 93
6, 161, 1, 61
6, 324, 1, 2
6, 371, 1, 15
6, 285, 1, 79
6, 92, 1, 87
6, 61, 1, 61
6, 96, 2, 9
6, 296, 2, 63
6, 298, 2, 78
6, 203, 2, 49
6, 81, 2, 7
6, 306, 2, 60
6, 212, 2, 38
6, 117, 2, 5
6, 149, 2, 1
6, 343, 2, 99
6, 0, 3, 83
6, 140, 3, 96
6, 12, 3, 36
6, 147, 3, 83
6, 156, 3, 32
6, 284, 3, 57
6, 48, 3, 12
6, 308, 3, 43
6, 314, 3, 25
6, 60, 3, 89
6, 318, 3, 75
6, 191, 3, 38
6, 69, 3, 39
6, 71, 3, 28
6, 80, 3, 92
6, 95, 3, 91
6, 357, 3, 22
6, 102, 3, 48
6, 231, 3, 75
6, 363, 3, 37
6, 96, 4, 9
6, 290, 4, 45
6, 35, 4, 10
6, 355, 4, 57
6, 234, 4, 38
6, 271, 4, 1
6, 304, 4, 8
6, 305, 4, 81
6, 146, 4, 91
6, 211, 4, 18
6, 116, 4, 13
6, 245, 4, 41
6, 370, 4, 61
6, 153, 4, 20
6, 64, 5, 51
6, 288, 5, 31
6, 225, 5, 82
6, 292, 5, 2
6, 261, 5, 35
6, 200, 5, 33
6, 270, 5, 91
6, 175, 5, 16
6, 272, 5, 79
6, 308, 5, 43
6, 92, 5, 87
6, 129, 6, 42
6, 321, 6, 24
6, 235, 6, 24
6, 13, 6, 92
6, 237, 6, 69
6, 271, 6, 1
6, 112, 6, 6
6, 305, 6, 81
6, 175, 6, 16
6, 91, 6, 57
6, 348, 6, 68
6, 285, 6, 79
6, 127, 6, 13
6, 352, 7, 45
6, 162, 7, 67
6, 325, 7, 79
6, 101, 7, 55
6, 199, 7, 26
6, 170, 7, 47
6, 10, 7, 68
6, 49, 7, 18
6, 151, 7, 57
6, 346, 7, 38
6, 285, 7, 79
6, 0, 8, 83
6, 388, 8, 37
6, 141, 8, 96
6, 398, 8, 1
6, 270, 8, 91
6, 288, 8, 31
6, 168, 8, 79
6, 40, 8, 41
6, 50, 8, 14
6, 181, 8, 85
6, 59, 8, 81
6, 319, 8, 64
6, 327, 8, 46
6, 202, 8, 34
6, 335, 8, 96
6, 338, 8, 16
6, 215, 8, 46
6, 244, 8, 6
6, 246, 8, 54
6, 133, 9, 73
6, 8, 9, 96
6, 168, 9, 79
6, 45, 9, 29
6, 110, 9, 2
6, 2, 10, 46
6, 142, 10, 27
6, 270, 10, 91
6, 24, 10, 98
6, 120, 10, 72
6, 222, 10, 19
6, 357, 11, 22
6, 294, 11, 45
6, 17, 11, 21
6, 148, 11, 49
6, 59, 11, 81
6, 223, 11, 65
6, 64, 12, 51
6, 322, 12, 61
6, 264, 12, 79
6, 266, 12, 89
6, 77, 12, 94
6, 109, 12, 37
6, 307, 12, 55
6, 25, 12, 44
6, 346, 12, 38
6, 92, 12, 87
6, 225, 13, 82
6, 290, 13, 45
6, 37, 13, 49
6, 359, 13, 92
6, 7, 13, 57
6, 171, 13, 75
6, 84, 13, 98
6, 249, 13, 15
6, 283, 13, 89
6, 222, 13, 19
6, 320, 14, 22
6, 65, 14, 59
6, 295, 14, 25
6, 364, 14, 42
6, 205, 14, 92
6, 268, 14, 90
6, 366, 14, 76
6, 276, 14, 4
6, 340, 14, 33
6, 180, 14, 81
6, 86, 14, 59
6, 156, 14, 32
6, 93, 14, 44
6, 102, 15, 48
6, 53, 15, 50
6, 183, 15, 95
6, 121, 15, 60
6, 318, 15, 75
6, 96, 16, 9
6, 107, 16, 63
6, 171, 16, 75
6, 308, 16, 43
6, 182, 16, 67
6, 153, 16, 20
6, 349, 16, 1
6, 255, 16, 56
6, 194, 17, 2
6, 355, 17, 57
6, 164, 17, 36
6, 300, 17, 7
6, 206, 17, 53
6, 239, 17, 18
6, 219, 17, 58
6, 19, 17, 51
6, 84, 17, 98
6, 211, 17, 18
6, 119, 17, 58
6, 247, 17, 39
6, 161, 18, 61
6, 294, 18, 45
6, 38, 18, 66
6, 74, 18, 43
6, 76, 18, 9
6, 304, 18, 8
6, 119, 18, 58
6, 89, 18, 64
6, 218, 18, 20
6, 286, 18, 2
6, 62, 18, 90
6, 223, 18, 65
6, 289, 19, 18
6, 361, 19, 52
6, 54, 19, 8
6, 281, 19, 3
6, 285, 19, 79
6, 130, 20, 62
6, 395, 20, 22
6, 160, 20, 71
6, 35, 20, 10
6, 299, 20, 51
6, 45, 20, 29
6, 316, 20, 68
6, 323, 20, 2
6, 77, 20, 94
6, 83, 20, 78
6, 214, 20, 6
6, 88, 20, 57
6, 351, 20, 63
6, 225, 20, 82
6, 104, 20, 81
6, 233, 20, 31
6, 364, 20, 42
6, 367, 20, 7
6, 247, 20, 39
6, 258, 21, 9
6, 266, 21, 89
6, 281, 21, 3
6, 33, 21, 69
6, 36, 21, 46
6, 297, 21, 67
6, 174, 21, 33
6, 185, 21, 72
6, 313, 21, 10
6, 191, 21, 38
6, 68, 21, 78
6, 71, 21, 28
6, 339, 21, 41
6, 355, 21, 57
6, 228, 21, 33
6, 233, 21, 31
6, 105, 21, 72
6, 366, 21, 76
6, 115, 21, 87
6, 372, 21, 98
6, 96, 22, 9
6, 280, 22, 100
6, 355, 22, 57
6, 389, 22, 74
6, 327, 22, 46
6, 135, 22, 26
6, 235, 22, 24
6, 43, 22, 10
6, 46, 22, 91
6, 208, 22, 26
6, 272, 22, 79
6, 338, 22, 16
6, 312, 22, 23
6, 217, 22, 60
6, 186, 22, 24
6, 157, 22, 46
6, 382, 22, 16
6, 226, 23, 2
6, 163, 23, 16
6, 7, 23, 57
6, 40, 23, 41
6, 106, 23, 59
6, 177, 23, 10
6, 347, 23, 96
6, 329, 24, 72
6, 10, 24, 68
6, 171, 24, 75
6, 24, 24, 98
6, 315, 24, 59
6, 132, 25, 70
6, 396, 25, 3
6, 142, 25, 27
6, 143, 25, 80
6, 274, 25, 87
6, 295, 25, 25
6, 40, 25, 41
6, 168, 25, 79
6, 300, 25, 7
6, 190, 25, 75
6, 62, 25, 90
6, 191, 25, 38
6, 66, 25, 94
6, 195, 25, 36
6, 326, 25, 78
6, 201, 25, 47
6, 332, 25, 6
6, 208, 25, 26
6, 350, 25, 49
6, 364, 25, 42
6, 291, 26, 31
6, 294, 26, 45
6, 6, 26, 16
6, 104, 26, 81
6, 393, 26, 88
6, 73, 26, 28
6, 205, 26, 92
6, 92, 26, 87
6, 208, 26, 26
6, 241, 26, 8
6, 47, 26, 67
6, 88, 26, 57
6, 58, 26, 43
6, 124, 26, 64
6, 94, 26, 72
6, 329, 27, 72
6, 115, 27, 87
6, 344, 27, 82
6, 282, 27, 29
6, 60, 27, 89
6, 0, 28, 83
6, 248, 28, 7
6, 297, 28, 67
6, 109, 28, 37
6, 93, 28, 44
6, 214, 28, 6
6, 88, 28, 57
6, 24, 28, 98
6, 253, 28, 40
6, 222, 28, 19
6, 223, 28, 65
6, 165, 29, 21
6, 326, 29, 78
6, 200, 29, 33
6, 362, 29, 80
6, 45, 29, 29
6, 178, 29, 96
6, 213, 29, 25
6, 23, 29, 94
6, 34, 30, 44
6, 167, 30, 68
6, 360, 30, 10
6, 265, 30, 95
6, 46, 30, 91
6, 112, 30, 6
6, 305, 30, 81
6, 277, 30, 26
6, 23, 30, 94
6, 152, 30, 5
6, 185, 30, 72
6, 123, 30, 18
6, 28, 30, 5
6, 160, 31, 71
6, 96, 31, 9
6, 37, 31, 49
6, 165, 31, 21
6, 374, 31, 24
6, 377, 31, 60
6, 25, 31, 44
6, 32, 32, 37
6, 3, 32, 57
6, 166, 32, 88
6, 198, 32, 21
6, 362, 32, 80
6, 139, 32, 72
6, 76, 32, 9
6, 365, 32, 16
6, 268, 32, 90
6, 115, 32, 87
6, 56, 32, 97
6, 345, 32, 70
6, 58, 32, 43
6, 219, 32, 58
6, 252, 32, 93
6, 383, 32, 93
6, 257, 33, 22
6, 258, 33, 9
6, 387, 33, 64
6, 4, 33, 90
6, 281, 33, 3
6, 284, 33, 57
6, 159, 33, 48
6, 292, 33, 2
6, 294, 33, 45
6, 174, 33, 33
6, 339, 33, 41
6, 213, 33, 25
6, 95, 33, 91
6, 225, 33, 82
6, 228, 33, 33
6, 357, 33, 22
6, 109, 33, 37
6, 116, 33, 13
6, 246, 33, 54
6, 253, 33, 40
6, 97, 34, 26
6, 164, 34, 36
6, 133, 34, 73
6, 169, 34, 83
6, 138, 34, 86
6, 266, 34, 89
6, 364, 34, 42
6, 271, 34, 1
6, 48, 34, 12
6, 114, 34, 93
6, 116, 34, 13
6, 313, 34, 10
6, 314, 34, 25
6, 28, 34, 5
6, 320, 35, 22
6, 67, 35, 78
6, 132, 35, 70
6, 202, 35, 34
6, 308, 35, 43
6, 314, 35, 25
6, 191, 35, 38
6, 289, 36, 18
6, 228, 36, 33
6, 231, 36, 75
6, 264, 36, 79
6, 328, 36, 71
6, 269, 36, 70
6, 206, 36, 53
6, 337, 36, 91
6, 82, 36, 33
6, 83, 36, 78
6, 60, 36, 89
6, 3, 37, 57
6, 69, 37, 39
6, 106, 37, 59
6, 206, 37, 53
6, 47, 37, 67
6, 120, 37, 72
6, 281, 37, 3
6, 104, 38, 81
6, 110, 38, 2
6, 338, 38, 16
6, 309, 38, 33
6, 54, 38, 8
6, 343, 38, 99
6, 160, 39, 71
6, 98, 39, 19
6, 170, 39, 47
6, 236, 39, 47
6, 333, 39, 91
6, 268, 39, 90
6, 369, 39, 95
6, 220, 39, 12
6, 266, 40, 89
6, 268, 40, 90
6, 141, 40, 96
6, 15, 40, 45
6, 151, 40, 57
6, 158, 40, 58
6, 167, 40, 68
6, 170, 40, 47
6, 46, 40, 91
6, 303, 40, 27
6, 64, 40, 51
6, 326, 40, 78
6, 210, 40, 100
6, 339, 40, 41
6, 85, 40, 12
6, 342, 40, 3
6, 91, 40, 57
6, 352, 40, 45
6, 358, 40, 6
6, 363, 40, 37
6, 386, 41, 91
6, 271, 41, 1
6, 35, 41, 10
6, 163, 41, 16
6, 301, 41, 92
6, 179, 41, 37
6, 308, 41, 43
6, 63, 41, 71
6, 319, 41, 64
6, 194, 41, 2
6, 196, 41, 54
6, 71, 41, 28
6, 77, 41, 94
6, 335, 41, 96
6, 87, 41, 6
6, 368, 41, 6
6, 242, 41, 74
6, 246, 41, 54
6, 381, 41, 48
6, 321, 42, 24
6, 162, 42, 67
6, 193, 42, 68
6, 196, 42, 54
6, 388, 42, 37
6, 77, 42, 94
6, 13, 42, 92
6, 145, 42, 60
6, 86, 42, 59
6, 282, 42, 29
6, 189, 42, 89
6, 4, 43, 90
6, 261, 43, 35
6, 133, 43, 73
6, 15, 43, 45
6, 19, 43, 51
6, 282, 43, 29
6, 160, 43, 71
6, 35, 43, 10
6, 36, 43, 46
6, 293, 43, 35
6, 296, 43, 63
6, 193, 43, 68
6, 322, 43, 61
6, 332, 43, 6
6, 211, 43, 18
6, 92, 43, 87
6, 225, 43, 82
6, 363, 43, 37
6, 376, 43, 51
6, 259, 44, 74
6, 391, 44, 64
6, 328, 44, 71
6, 393, 44, 88
6, 106, 44, 59
6, 338, 44, 16
6, 19, 44, 51
6, 308, 44, 43
6, 117, 44, 5
6, 22, 44, 77
6, 348, 44, 68
6, 125, 44, 98
6, 129, 45, 42
6, 260, 45, 59
6, 263, 45, 72
6, 269, 45, 70
6, 15, 45, 45
6, 154, 45, 54
6, 174, 45, 33
6, 310, 45, 35
6, 66, 45, 94
6, 196, 45, 54
6, 82, 45, 33
6, 338, 45, 16
6, 211, 45, 18
6, 93, 45, 44
6, 100, 45, 45
6, 231, 45, 75
6, 360, 45, 10
6, 365, 45, 16
6, 249, 45, 15
6, 194, 46, 2
6, 35, 46, 10
6, 103, 46, 10
6, 8, 46, 96
6, 105, 46, 72
6, 39, 46, 35
6, 366, 46, 76
6, 272, 46, 79
6, 50, 46, 14
6, 340, 46, 33
6, 276, 46, 4
6, 121, 46, 60
6, 159, 46, 48
6, 133, 47, 73
6, 157, 47, 46
6, 287, 47, 7
6, 296, 47, 63
6, 177, 47, 10
6, 306, 47, 60
6, 60, 47, 89
6, 62, 47, 90
6, 192, 47, 66
6, 197, 47, 65
6, 73, 47, 28
6, 334, 47, 43
6, 87, 47, 6
6, 350, 47, 49
6, 352, 47, 45
6, 102, 47, 48
6, 234, 47, 38
6, 111, 47, 41
6, 242, 47, 74
6, 377, 47, 60
6, 17, 48, 21
6, 274, 48, 87
6, 280, 48, 100
6, 27, 48, 45
6, 160, 48, 71
6, 295, 48, 25
6, 300, 48, 7
6, 48, 48, 12
6, 176, 48, 42
6, 180, 48, 81
6, 55, 48, 44
6, 186, 48, 24
6, 189, 48, 89
6, 322, 48, 61
6, 196, 48, 54
6, 78, 48, 1
6, 208, 48, 26
6, 89, 48, 64
6, 234, 48, 38
6, 372, 48, 98
6, 32, 49, 37
6, 35, 49, 10
6, 260, 49, 59
6, 396, 49, 3
6, 12, 49, 36
6, 175, 49, 16
6, 243, 49, 34
6, 316, 49, 68
6, 320, 50, 22
6, 322, 50, 61
6, 194, 50, 2
6, 163, 50, 16
6, 133, 50, 73
6, 330, 50, 8
6, 266, 50, 89
6, 301, 50, 92
6, 206, 50, 53
6, 79, 50, 37
6, 347, 50, 96
6, 211, 50, 18
6, 339, 50, 41
6, 372, 50, 98
6, 311, 50, 86
6, 218, 50, 20
6, 27, 50, 45
6, 159, 50, 48
6, 256, 51, 44
6, 257, 51, 22
6, 4, 51, 90
6, 135, 51, 26
6, 8, 51, 96
6, 143, 51, 80
6, 21, 51, 12
6, 186, 51, 24
6, 69, 51, 39
6, 93, 51, 44
6, 226, 51, 2
6, 363, 51, 37
6, 108, 51, 76
6, 368, 51, 6
6, 113, 51, 84
6, 374, 51, 24
6, 122, 51, 24
6, 124, 51, 64
6, 253, 51, 40
6, 383, 51, 93
6, 320, 52, 22
6, 97, 52, 26
6, 193, 52, 68
6, 323, 52, 2
6, 196, 52, 54
6, 34, 52, 44
6, 70, 52, 5
6, 260, 52, 59
6, 236, 52, 47
6, 12, 52, 36
6, 242, 52, 74
6, 338, 52, 16
6, 340, 52, 33
6, 84, 52, 98
6, 161, 53, 61
6, 130, 53, 62
6, 97, 53, 26
6, 357, 53, 22
6, 294, 53, 45
6, 331, 53, 50
6, 172, 53, 10
6, 267, 53, 22
6, 15, 53, 45
6, 146, 53, 91
6, 275, 53, 57
6, 180, 53, 81
6, 84, 53, 98
6, 312, 53, 23
6, 281, 53, 3
6, 219, 53, 58
6, 66, 54, 94
6, 163, 54, 16
6, 136, 54, 87
6, 170, 54, 47
6, 395, 54, 22
6, 13, 54, 92
6, 45, 54, 29
6, 303, 54, 27
6, 305, 54, 81
6, 148, 54, 49
6, 277, 54, 26
6, 246, 54, 54
6, 183, 54, 95
6, 245, 54, 41
6, 309, 54, 33
6, 317, 54, 10
6, 184, 54, 8
6, 258, 55, 9
6, 36, 55, 46
6, 37, 55, 49
6, 231, 55, 75
6, 186, 55, 24
6, 321, 56, 24
6, 131, 56, 79
6, 228, 56, 33
6, 169, 56, 83
6, 26, 56, 48
6, 62, 56, 90
6, 66, 57, 94
6, 230, 57, 90
6, 396, 57, 3
6, 45, 57, 29
6, 398, 57, 1
6, 271, 57, 1
6, 15, 57, 45
6, 109, 57, 37
6, 370, 57, 61
6, 147, 57, 83
6, 276, 57, 4
6, 366, 57, 76
6, 216, 57, 31
6, 185, 57, 72
6, 33, 58, 69
6, 199, 58, 26
6, 114, 58, 93
6, 20, 58, 82
6, 93, 58, 44
6, 282, 58, 29
6, 381, 58, 48
6, 255, 58, 56
6, 385, 59, 81
6, 353, 59, 62
6, 36, 59, 46
6, 332, 59, 6
6, 305, 59, 81
6, 370, 59, 61
6, 50, 59, 14
6, 180, 59, 81
6, 241, 59, 8
6, 276, 59, 4
6, 88, 59, 57
6, 384, 60, 59
6, 261, 60, 35
6, 139, 60, 72
6, 31, 60, 90
6, 288, 60, 31
6, 160, 60, 71
6, 287, 60, 7
6, 178, 60, 96
6, 56, 60, 97
6, 204, 60, 58
6, 205, 60, 92
6, 79, 60, 37
6, 212, 60, 38
6, 231, 60, 75
6, 103, 60, 10
6, 104, 60, 81
6, 108, 60, 76
6, 110, 60, 2
6, 243, 60, 34
6, 249, 60, 15
6, 1, 61, 72
6, 164, 61, 36
6, 165, 61, 21
6, 9, 61, 43
6, 172, 61, 10
6, 239, 61, 18
6, 17, 61, 21
6, 187, 61, 54
6, 284, 61, 57
6, 253, 61, 40
6, 195, 62, 36
6, 235, 62, 24
6, 302, 62, 40
6, 272, 62, 79
6, 210, 62, 100
6, 381, 62, 48
6, 291, 63, 31
6, 356, 63, 62
6, 261, 63, 35
6, 392, 63, 89
6, 362, 63, 80
6, 268, 63, 90
6, 303, 63, 27
6, 212, 63, 38
6, 218, 63, 20
6, 322, 64, 61
6, 392, 64, 89
6, 363, 64, 37
6, 300, 64, 7
6, 268, 64, 90
6, 112, 64, 6
6, 115, 64, 87
6, 307, 64, 55
6, 191, 64, 38
6, 98, 65, 19
6, 4, 65, 90
6, 287, 65, 7
6, 134, 65, 26
6, 383, 65, 93
6, 8, 65, 96
6, 201, 65, 47
6, 73, 65, 28
6, 135, 65, 26
6, 13, 65, 92
6, 269, 65, 70
6, 336, 65, 6
6, 307, 65, 55
6, 213, 65, 25
6, 157, 65, 46
6, 219, 65, 58
6, 349, 65, 1
6, 191, 65, 38
6, 226, 66, 2
6, 389, 66, 74
6, 396, 66, 3
6, 142, 66, 27
6, 244, 66, 6
6, 27, 66, 45
6, 60, 66, 89
6, 352, 67, 45
6, 102, 67, 48
6, 393, 67, 88
6, 143, 67, 80
6, 48, 67, 12
6, 122, 67, 24
6, 157, 67, 46
6, 30, 67, 60
6, 96, 68, 9
6, 67, 68, 78
6, 69, 68, 39
6, 102, 68, 48
6, 71, 68, 28
6, 235, 68, 24
6, 44, 68, 93
6, 205, 68, 92
6, 177, 68, 10
6, 369, 68, 95
6, 119, 68, 58
6, 246, 68, 54
6, 23, 68, 94
6, 121, 68, 60
6, 251, 68, 94
6, 349, 68, 1
6, 63, 68, 71
6, 387, 69, 64
6, 68, 69, 78
6, 166, 69, 88
6, 9, 69, 43
6, 202, 69, 34
6, 74, 69, 43
6, 170, 69, 47
6, 201, 69, 47
6, 329, 69, 72
6, 368, 69, 6
6, 337, 69, 91
6, 179, 69, 37
6, 152, 69, 5
6, 282, 69, 29
6, 27, 69, 45
6, 286, 69, 2
6, 256, 70, 44
6, 2, 70, 46
6, 10, 70, 68
6, 272, 70, 79
6, 275, 70, 57
6, 281, 70, 3
6, 25, 70, 44
6, 37, 70, 49
6, 301, 70, 92
6, 179, 70, 37
6, 182, 70, 67
6, 55, 70, 44
6, 65, 70, 59
6, 323, 70, 2
6, 88, 70, 57
6, 220, 70, 12
6, 97, 70, 26
6, 233, 70, 31
6, 111, 70, 41
6, 123, 70, 18
6, 194, 71, 2
6, 198, 71, 21
6, 263, 71, 72
6, 392, 71, 89
6, 134, 71, 26
6, 391, 71, 64
6, 363, 71, 37
6, 365, 71, 16
6, 399, 71, 14
6, 113, 71, 84
6, 280, 71, 100
6, 249, 71, 15
6, 222, 71, 19
6, 129, 72, 42
6, 158, 72, 58
6, 303, 72, 27
6, 211, 72, 18
6, 277, 72, 26
6, 120, 72, 72
6, 154, 72, 54
6, 283, 72, 89
6, 94, 72, 72
6, 287, 73, 7
6, 164, 73, 36
6, 135, 73, 26
6, 10, 73, 68
6, 204, 73, 58
6, 120, 73, 72
6, 142, 73, 27
6, 145, 73, 60
6, 212, 73, 38
6, 22, 73, 77
6, 24, 73, 98
6, 153, 73, 20
6, 349, 73, 1
6, 125, 73, 98
6, 318, 73, 75
6, 159, 73, 48
6, 386, 74, 91
6, 167, 74, 68
6, 392, 74, 89
6, 265, 74, 95
6, 394, 74, 100
6, 43, 74, 10
6, 396, 74, 3
6, 271, 74, 1
6, 336, 74, 6
6, 176, 74, 42
6, 305, 74, 81
6, 214, 74, 6
6, 320, 75, 22
6, 33, 75, 69
6, 100, 75, 45
6, 75, 75, 88
6, 13, 75, 92
6, 346, 75, 38
6, 14, 75, 51
6, 304, 75, 8
6, 307, 75, 55
6, 181, 75, 85
6, 278, 75, 1
6, 55, 75, 44
6, 216, 75, 31
6, 341, 75, 93
6, 250, 75, 60
6, 350, 75, 49
6, 289, 76, 18
6, 194, 76, 2
6, 385, 76, 81
6, 107, 76, 63
6, 396, 76, 3
6, 172, 76, 10
6, 335, 76, 96
6, 177, 76, 10
6, 247, 76, 39
6, 281, 76, 3
6, 380, 76, 33
6, 349, 76, 1
6, 126, 76, 61
6, 64, 77, 51
6, 350, 77, 49
6, 226, 77, 2
6, 388, 77, 37
6, 102, 77, 48
6, 6, 77, 16
6, 230, 77, 90
6, 170, 77, 47
6, 145, 77, 60
6, 50, 77, 14
6, 177, 77, 10
6, 276, 77, 4
6, 210, 77, 100
6, 52, 77, 98
6, 151, 77, 57
6, 21, 77, 12
6, 283, 77, 89
6, 318, 77, 75
6, 195, 78, 36
6, 163, 78, 16
6, 197, 78, 65
6, 135, 78, 26
6, 105, 78, 72
6, 75, 78, 88
6, 76, 78, 9
6, 300, 78, 7
6, 81, 78, 7
6, 114, 78, 93
6, 50, 78, 14
6, 82, 78, 33
6, 121, 78, 60
6, 30, 78, 60
6, 353, 79, 62
6, 33, 79, 69
6, 324, 79, 2
6, 356, 79, 62
6, 361, 79, 52
6, 155, 79, 78
6, 334, 79, 43
6, 85, 79, 12
6, 344, 79, 82
6, 154, 79, 54
6, 219, 79, 58
6, 286, 79, 2
6, 129, 80, 42
6, 97, 80, 26
6, 291, 80, 31
6, 290, 80, 45
6, 389, 80, 74
6, 104, 80, 81
6, 42, 80, 97
6, 107, 80, 63
6, 332, 80, 6
6, 60, 80, 89
6, 124, 80, 64
6, 213, 80, 25
6, 150, 80, 5
6, 119, 80, 58
6, 313, 80, 10
6, 251, 80, 94
6, 380, 80, 33
6, 160, 81, 71
6, 259, 81, 74
6, 68, 81, 78
6, 261, 81, 35
6, 262, 81, 40
6, 167, 81, 68
6, 232, 81, 59
6, 75, 81, 88
6, 107, 81, 63
6, 45, 81, 29
6, 337, 81, 91
6, 372, 81, 98
6, 181, 81, 85
6, 121, 81, 60
6, 123, 81, 18
6, 60, 81, 89
6, 30, 81, 60
6, 95, 81, 91
6, 289, 82, 18
6, 161, 82, 61
6, 196, 82, 54
6, 109, 82, 37
6, 301, 82, 92
6, 179, 82, 37
6, 55, 82, 44
6, 310, 82, 35
6, 311, 82, 86
6, 24, 82, 98
6, 156, 82, 32
6, 222, 82, 19
6, 258, 83, 9
6, 104, 83, 81
6, 144, 83, 80
6, 80, 83, 92
6, 274, 83, 87
6, 152, 83, 5
6, 345, 83, 70
6, 324, 84, 2
6, 358, 84, 6
6, 167, 84, 68
6, 103, 84, 10
6, 105, 84, 72
6, 250, 84, 60
6, 363, 84, 37
6, 11, 84, 4
6, 77, 84, 94
6, 47, 84, 67
6, 176, 84, 42
6, 368, 84, 6
6, 112, 84, 6
6, 181, 84, 85
6, 282, 84, 29
6, 349, 84, 1
6, 62, 84, 90
6, 134, 85, 26
6, 263, 85, 72
6, 393, 85, 88
6, 12, 85, 36
6, 399, 85, 14
6, 280, 85, 100
6, 157, 85, 46
6, 285, 85, 79
6, 286, 85, 2
6, 189, 85, 89
6, 87, 85, 6
6, 345, 85, 70
6, 353, 85, 62
6, 110, 85, 2
6, 369, 85, 95
6, 242, 85, 74
6, 114, 85, 93
6, 120, 85, 72
6, 383, 85, 93
6, 5, 86, 45
6, 110, 86, 2
6, 206, 86, 53
6, 273, 86, 23
6, 179, 86, 37
6, 283, 86, 89
6, 11, 87, 4
6, 174, 87, 33
6, 338, 87, 16
6, 147, 87, 83
6, 84, 87, 98
6, 280, 87, 100
6, 284, 87, 57
6, 0, 88, 83
6, 385, 88, 81
6, 68, 88, 78
6, 325, 88, 79
6, 4, 88, 90
6, 7, 88, 57
6, 74, 88, 43
6, 141, 88, 96
6, 92, 88, 87
6, 54, 88, 8
6, 124, 88, 64
6, 318, 88, 75
6, 384, 89, 59
6, 2, 89, 46
6, 29, 89, 35
6, 286, 89, 2
6, 297, 89, 67
6, 301, 89, 92
6, 48, 89, 12
6, 56, 89, 97
6, 185, 89, 72
6, 193, 89, 68
6, 68, 89, 78
6, 197, 89, 65
6, 330, 89, 8
6, 331, 89, 50
6, 332, 89, 6
6, 205, 89, 92
6, 357, 89, 22
6, 365, 89, 16
6, 120, 89, 72
6, 377, 89, 60
6, 160, 90, 71
6, 257, 90, 22
6, 290, 90, 45
6, 37, 90, 49
6, 72, 90, 12
6, 265, 90, 95
6, 170, 90, 47
6, 201, 90, 47
6, 398, 90, 1
6, 337, 90, 91
6, 338, 90, 16
6, 50, 90, 14
6, 212, 90, 38
6, 182, 90, 67
6, 22, 90, 77
6, 184, 90, 8
6, 343, 90, 99
6, 322, 91, 61
6, 388, 91, 37
6, 37, 91, 49
6, 359, 91, 92
6, 71, 91, 28
6, 395, 91, 22
6, 172, 91, 10
6, 337, 91, 91
6, 54, 91, 8
6, 279, 91, 76
6, 158, 91, 58
6, 156, 91, 32
6, 311, 91, 86
6, 318, 91, 75
6, 263, 92, 72
6, 392, 92, 89
6, 394, 92, 100
6, 18, 92, 67
6, 161, 92, 61
6, 298, 92, 78
6, 71, 92, 28
6, 200, 92, 33
6, 72, 92, 12
6, 333, 92, 91
6, 336, 92, 6
6, 342, 92, 3
6, 345, 92, 70
6, 356, 92, 62
6, 232, 92, 59
6, 123, 92, 18
6, 244, 92, 6
6, 374, 92, 24
6, 247, 92, 39
6, 251, 92, 94
6, 66, 93, 94
6, 325, 93, 79
6, 391, 93, 64
6, 264, 93, 79
6, 201, 93, 47
6, 8, 93, 96
6, 305, 93, 81
6, 242, 93, 74
6, 340, 93, 33
6, 54, 93, 8
6, 151, 93, 57
6, 285, 93, 79
6, 161, 94, 61
6, 193, 94, 68
6, 126, 94, 61
6, 355, 94, 57
6, 267, 94, 22
6, 300, 94, 7
6, 337, 94, 91
6, 375, 94, 35
6, 376, 94, 51
6, 313, 94, 10
6, 90, 94, 21
6, 62, 94, 90
6, 31, 94, 90
6, 133, 95, 73
6, 199, 95, 26
6, 232, 95, 59
6, 201, 95, 47
6, 20, 95, 82
6, 150, 95, 5
6, 87, 95, 6
6, 248, 95, 7
6, 374, 95, 24
6, 317, 95, 10
6, 189, 95, 89
6, 312, 96, 23
6, 185, 96, 72
6, 166, 96, 88
6, 73, 96, 28
6, 330, 96, 8
6, 203, 96, 49
6, 10, 96, 68
6, 13, 96, 92
6, 174, 96, 33
6, 339, 96, 41
6, 56, 96, 97
6, 313, 96, 10
6, 380, 96, 33
6, 319, 96, 64
6, 1, 97, 72
6, 162, 97, 67
6, 258, 97, 9
6, 36, 97, 46
6, 325, 97, 79
6, 233, 97, 31
6, 172, 97, 10
6, 251, 97, 94
6, 48, 97, 12
6, 86, 97, 59
6, 283, 97, 89
6, 157, 97, 46
6, 386, 98, 91
6, 296, 98, 63
6, 398, 98, 1
6, 144, 98, 80
6, 82, 98, 33
6, 179, 98, 37
6, 178, 98, 96
6, 116, 98, 13
6, 154, 98, 54
6, 229, 99, 95
6, 38, 99, 66
6, 399, 99, 14
6, 240, 99, 45
6, 369, 99, 95
6, 306, 99, 60
6, 347, 99, 96
6, 84, 99, 98
6, 213, 99, 25
6, 374, 99, 24
6, 216, 99, 31
6, 377, 99, 60
6, 154, 99, 54
6, 251, 99, 94
6, 254, 99, 85
6, 193, 100, 68
6, 132, 100, 70
6, 71, 100, 28
6, 72, 100, 12
6, 106, 100, 59
6, 235, 100, 24
6, 207, 100, 46
6, 16, 100, 20
6, 214, 100, 6
6, 183, 100, 95
6, 152, 100, 5
6, 377, 100, 60
6, 122, 100, 24
6, 155, 100, 78
6, 124, 100, 64
6, 352, 101, 45
6, 33, 101, 69
6, 321, 101, 24
6, 195, 101, 36
6, 37, 101, 49
6, 122, 101, 24
6, 6, 101, 16
6, 282, 101, 29
6, 172, 101, 10
6, 269, 101, 70
6, 141, 101, 96
6, 51, 101, 36
6, 115, 101, 87
6, 54, 101, 8
6, 218, 101, 20
6, 159, 101, 48
6, 386, 102, 91
6, 195, 102, 36
6, 301, 102, 92
6, 366, 102, 76
6, 82, 102, 33
6, 309, 102, 33
6, 119, 102, 58
6, 127, 102, 13
6, 287, 102, 7
6, 3, 103, 57
6, 131, 103, 79
6, 325, 103, 79
6, 135, 103, 26
6, 55, 103, 44
6, 360, 104, 10
6, 215, 104, 46
6, 126, 104, 61
6, 252, 104, 93
6, 62, 104, 90
6, 351, 104, 63
6, 159, 105, 48
6, 66, 105, 94
6, 105, 105, 72
6, 46, 105, 91
6, 383, 105, 93
6, 258, 106, 9
6, 166, 106, 88
6, 362, 106, 80
6, 364, 106, 42
6, 83, 106, 78
6, 22, 106, 77
6, 123, 106, 18
6, 253, 106, 40
6, 231, 107, 75
6, 328, 107, 71
6, 138, 107, 86
6, 170, 107, 47
6, 42, 107, 97
6, 373, 107, 77
6, 55, 107, 44
6, 231, 108, 75
6, 201, 108, 47
6, 109, 108, 37
6, 15, 108, 45
6, 345, 108, 70
6, 226, 109, 2
6, 360, 109, 10
6, 301, 109, 92
6, 141, 109, 96
6, 115, 109, 87
6, 53, 109, 50
6, 156, 109, 32
6, 161, 110, 61
6, 69, 110, 39
6, 234, 110, 38
6, 173, 110, 38
6, 141, 110, 96
6, 207, 110, 46
6, 175, 110, 16
6, 209, 110, 49
6, 82, 110, 33
6, 148, 110, 49
6, 342, 110, 3
6, 248, 110, 7
6, 187, 110, 54
6, 381, 110, 48
6, 0, 111, 83
6, 65, 111, 59
6, 225, 111, 82
6, 227, 111, 93
6, 166, 111, 88
6, 328, 111, 71
6, 203, 111, 49
6, 139, 111, 72
6, 307, 111, 55
6, 245, 111, 41
6, 54, 111, 8
6, 247, 111, 39
6, 151, 111, 57
6, 89, 111, 64
6, 315, 111, 59
6, 92, 111, 87
6, 100, 112, 45
6, 138, 112, 86
6, 206, 112, 53
6, 176, 112, 42
6, 16, 112, 20
6, 274, 112, 87
6, 372, 112, 98
6, 280, 112, 100
6, 92, 112, 87
6, 31, 112, 90
6, 65, 113, 59
6, 98, 113, 19
6, 321, 113, 24
6, 251, 113, 94
6, 177, 113, 10
6, 145, 113, 60
6, 149, 113, 1
6, 151, 113, 57
6, 347, 113, 96
6, 129, 114, 42
6, 386, 114, 91
6, 162, 114, 67
6, 198, 114, 21
6, 295, 114, 25
6, 104, 114, 81
6, 263, 114, 72
6, 262, 114, 40
6, 268, 114, 90
6, 144, 114, 80
6, 178, 114, 96
6, 340, 114, 33
6, 374, 114, 24
6, 327, 115, 46
6, 168, 115, 79
6, 361, 115, 52
6, 298, 115, 78
6, 267, 115, 22
6, 14, 115, 51
6, 146, 115, 91
6, 341, 115, 93
6, 90, 115, 21
6, 283, 115, 89
6, 31, 115, 90
6, 352, 116, 45
6, 33, 116, 69
6, 354, 116, 88
6, 131, 116, 79
6, 39, 116, 35
6, 327, 116, 46
6, 135, 116, 26
6, 52, 116, 98
6, 86, 116, 59
6, 280, 116, 100
6, 93, 116, 44
6, 258, 117, 9
6, 163, 117, 16
6, 100, 117, 45
6, 325, 117, 79
6, 165, 117, 21
6, 228, 117, 33
6, 232, 117, 59
6, 360, 117, 10
6, 330, 117, 8
6, 327, 117, 46
6, 108, 117, 76
6, 399, 117, 14
6, 144, 117, 80
6, 244, 117, 6
6, 311, 117, 86
6, 249, 117, 15
6, 314, 117, 25
6, 163, 118, 16
6, 199, 118, 26
6, 330, 118, 8
6, 367, 118, 7
6, 304, 118, 8
6, 81, 118, 7
6, 276, 118, 4
6, 22, 118, 77
6, 377, 118, 60
6, 378, 118, 23
6, 168, 119, 79
6, 169, 119, 83
6, 72, 119, 12
6, 234, 119, 38
6, 106, 119, 59
6, 268, 119, 90
6, 111, 119, 41
6, 240, 119, 45
6, 114, 119, 93
6, 308, 119, 43
6, 310, 119, 35
6, 89, 119, 64
6, 188, 119, 11
6, 61, 119, 61
6, 62, 119, 90
6, 260, 120, 59
6, 392, 120, 89
6, 140, 120, 96
6, 205, 120, 92
6, 365, 120, 16
6, 111, 120, 41
6, 272, 120, 79
6, 50, 120, 14
6, 114, 120, 93
6, 210, 120, 100
6, 373, 120, 77
6, 24, 120, 98
6, 318, 120, 75
6, 3, 121, 57
6, 133, 121, 73
6, 11, 121, 4
6, 140, 121, 96
6, 304, 121, 8
6, 114, 121, 93
6, 211, 121, 18
6, 62, 121, 90
6, 153, 121, 20
6, 381, 121, 48
6, 350, 121, 49
6, 33, 122, 69
6, 259, 122, 74
6, 164, 122, 36
6, 201, 122, 47
6, 204, 122, 58
6, 338, 122, 16
6, 115, 122, 87
6, 51, 122, 36
6, 244, 122, 6
6, 33, 123, 69
6, 353, 123, 62
6, 359, 123, 92
6, 330, 123, 8
6, 188, 123, 11
6, 97, 124, 26
6, 162, 124, 67
6, 165, 124, 21
6, 359, 124, 92
6, 391, 124, 64
6, 231, 124, 75
6, 330, 124, 8
6, 75, 124, 88
6, 236, 124, 47
6, 202, 124, 34
6, 7, 124, 57
6, 126, 124, 61
6, 255, 124, 56
6, 130, 125, 62
6, 166, 125, 88
6, 392, 125, 89
6, 168, 125, 79
6, 393, 125, 88
6, 108, 125, 76
6, 269, 125, 70
6, 366, 125, 76
6, 337, 125, 91
6, 178, 125, 96
6, 307, 125, 55
6, 338, 125, 16
6, 245, 125, 41
6, 248, 125, 7
6, 24, 125, 98
6, 187, 125, 54
6, 286, 125, 2
6, 287, 125, 7
6, 385, 126, 81
6, 262, 126, 40
6, 394, 126, 100
6, 397, 126, 26
6, 271, 126, 1
6, 153, 126, 20
6, 304, 126, 8
6, 180, 126, 81
6, 53, 126, 50
6, 192, 126, 66
6, 64, 126, 51
6, 71, 126, 28
6, 332, 126, 6
6, 217, 126, 60
6, 362, 126, 80
6, 111, 126, 41
6, 112, 126, 6
6, 377, 126, 60
6, 380, 126, 33
6, 73, 127, 28
6, 11, 127, 4
6, 270, 127, 91
6, 280, 127, 100
6, 126, 127, 61
6, 257, 128, 22
6, 321, 128, 24
6, 133, 128, 73
6, 293, 128, 35
6, 295, 128, 25
6, 360, 128, 10
6, 232, 128, 59
6, 202, 128, 34
6, 72, 128, 12
6, 12, 128, 36
6, 307, 128, 55
6, 148, 128, 49
6, 376, 128, 51
6, 29, 128, 35
6, 256, 129, 44
6, 129, 129, 42
6, 193, 129, 68
6, 65, 129, 59
6, 325, 129, 79
6, 167, 129, 68
6, 71, 129, 28
6, 235, 129, 24
6, 12, 129, 36
6, 109, 129, 37
6, 334, 129, 43
6, 15, 129, 45
6, 304, 129, 8
6, 112, 129, 6
6, 50, 129, 14
6, 90, 129, 21
6, 291, 130, 31
6, 101, 130, 55
6, 390, 130, 60
6, 233, 130, 31
6, 172, 130, 10
6, 77, 130, 94
6, 15, 130, 45
6, 85, 130, 12
6, 318, 131, 75
6, 255, 131, 56
6, 165, 131, 21
6, 8, 131, 96
6, 235, 131, 24
6, 45, 131, 29
6, 144, 131, 80
6, 145, 131, 60
6, 242, 131, 74
6, 277, 131, 26
6, 85, 131, 12
6, 213, 131, 25
6, 62, 131, 90
6, 383, 131, 93
6, 318, 132, 75
6, 2, 132, 46
6, 195, 132, 36
6, 199, 132, 26
6, 233, 132, 31
6, 269, 132, 70
6, 117, 132, 5
6, 341, 132, 93
6, 24, 132, 98
6, 121, 132, 60
6, 220, 132, 12
6, 157, 132, 46
6, 25, 132, 44
6, 255, 132, 56
6, 195, 133, 36
6, 101, 133, 55
6, 281, 133, 3
6, 73, 133, 28
6, 75, 133, 88
6, 11, 133, 4
6, 110, 133, 2
6, 148, 133, 49
6, 376, 133, 51
6, 345, 133, 70
6, 58, 133, 43
6, 155, 133, 78
6, 127, 133, 13
6, 129, 134, 42
6, 10, 134, 68
6, 15, 134, 45
6, 277, 134, 26
6, 167, 134, 68
6, 300, 134, 7
6, 45, 134, 29
6, 59, 134, 81
6, 321, 134, 24
6, 328, 134, 71
6, 87, 134, 6
6, 347, 134, 96
6, 348, 134, 68
6, 229, 134, 95
6, 102, 134, 48
6, 238, 134, 34
6, 239, 134, 18
6, 368, 134, 6
6, 378, 134, 23
6, 289, 135, 18
6, 35, 135, 10
6, 326, 135, 78
6, 39, 135, 35
6, 201, 135, 47
6, 212, 135, 38
6, 181, 135, 85
6, 55, 135, 44
6, 317, 135, 10
6, 381, 135, 48
6, 1, 136, 72
6, 97, 136, 26
6, 353, 136, 62
6, 355, 136, 57
6, 262, 136, 40
6, 331, 136, 50
6, 111, 136, 41
6, 48, 136, 12
6, 371, 136, 15
6, 243, 136, 34
6, 245, 136, 41
6, 218, 136, 20
6, 252, 136, 93
6, 141, 137, 96
6, 212, 137, 38
6, 308, 137, 43
6, 55, 137, 44
6, 189, 137, 89
6, 230, 138, 90
6, 360, 138, 10
6, 140, 138, 96
6, 268, 138, 90
6, 188, 138, 11
6, 160, 139, 71
6, 165, 139, 21
6, 391, 139, 64
6, 72, 139, 12
6, 40, 139, 41
6, 74, 139, 43
6, 363, 139, 37
6, 139, 139, 72
6, 45, 139, 29
6, 236, 139, 47
6, 46, 139, 91
6, 113, 139, 84
6, 340, 139, 33
6, 277, 139, 26
6, 122, 139, 24
6, 351, 139, 63
6, 288, 140, 31
6, 289, 140, 18
6, 66, 140, 94
6, 193, 140, 68
6, 104, 140, 81
6, 9, 140, 43
6, 398, 140, 1
6, 115, 140, 87
6, 246, 140, 54
6, 376, 140, 51
6, 59, 140, 81
6, 120, 140, 72
6, 381, 140, 48
6, 256, 141, 44
6, 225, 141, 82
6, 223, 141, 65
6, 387, 141, 64
6, 359, 141, 92
6, 296, 141, 63
6, 266, 141, 89
6, 235, 141, 24
6, 92, 141, 87
6, 208, 141, 26
6, 152, 141, 5
6, 20, 141, 82
6, 87, 141, 6
6, 344, 141, 82
6, 378, 141, 23
6, 188, 141, 11
6, 221, 141, 49
6, 255, 141, 56
6, 260, 142, 59
6, 170, 142, 47
6, 236, 142, 47
6, 366, 142, 76
6, 180, 142, 81
6, 291, 143, 31
6, 36, 143, 46
6, 237, 143, 69
6, 110, 143, 2
6, 368, 143, 6
6, 307, 143, 55
6, 180, 143, 81
6, 153, 143, 20
6, 155, 143, 78
6, 67, 144, 78
6, 195, 144, 36
6, 228, 144, 33
6, 391, 144, 64
6, 203, 144, 49
6, 108, 144, 76
6, 173, 144, 38
6, 366, 144, 76
6, 370, 144, 61
6, 82, 144, 33
6, 85, 144, 12
6, 379, 144, 52
6, 382, 144, 16
6, 388, 145, 37
6, 9, 145, 43
6, 23, 145, 94
6, 155, 145, 78
6, 159, 145, 48
6, 163, 145, 16
6, 170, 145, 47
6, 300, 145, 7
6, 312, 145, 23
6, 56, 145, 97
6, 322, 145, 61
6, 200, 145, 33
6, 332, 145, 6
6, 209, 145, 49
6, 343, 145, 99
6, 347, 145, 96
6, 94, 145, 72
6, 355, 145, 57
6, 105, 145, 72
6, 115, 145, 87
6, 356, 146, 62
6, 165, 146, 21
6, 359, 146, 92
6, 72, 146, 12
6, 73, 146, 28
6, 170, 146, 47
6, 75, 146, 88
6, 203, 146, 49
6, 361, 146, 52
6, 114, 146, 93
6, 84, 146, 98
6, 373, 146, 77
6, 277, 146, 26
6, 316, 146, 68
6, 322, 147, 61
6, 355, 147, 57
6, 133, 147, 73
6, 136, 147, 87
6, 30, 147, 60
6, 357, 148, 22
6, 262, 148, 40
6, 265, 148, 95
6, 75, 148, 88
6, 268, 148, 90
6, 81, 148, 7
6, 305, 148, 81
6, 57, 148, 82
6, 70, 149, 5
6, 135, 149, 26
6, 269, 149, 70
6, 272, 149, 79
6, 336, 149, 6
6, 179, 149, 37
6, 180, 149, 81
6, 2, 150, 46
6, 133, 150, 73
6, 138, 150, 86
6, 147, 150, 83
6, 275, 150, 57
6, 152, 150, 5
6, 35, 150, 10
6, 164, 150, 36
6, 175, 150, 16
6, 48, 150, 12
6, 186, 150, 24
6, 199, 150, 26
6, 72, 150, 12
6, 201, 150, 47
6, 346, 150, 38
6, 223, 150, 65
6, 96, 150, 9
6, 116, 150, 13
6, 127, 150, 13
6, 384, 151, 59
6, 6, 151, 16
6, 266, 151, 89
6, 394, 151, 100
6, 41, 151, 67
6, 174, 151, 33
6, 309, 151, 33
6, 73, 151, 28
6, 330, 151, 8
6, 331, 151, 50
6, 120, 151, 72
6, 349, 151, 1
6, 354, 151, 88
6, 227, 151, 93
6, 361, 151, 52
6, 239, 151, 18
6, 112, 151, 6
6, 241, 151, 8
6, 114, 151, 93
6, 248, 151, 7
6, 324, 152, 2
6, 293, 152, 35
6, 101, 152, 55
6, 263, 152, 72
6, 388, 152, 37
6, 361, 152, 52
6, 138, 152, 86
6, 267, 152, 22
6, 299, 152, 51
6, 91, 152, 57
6, 175, 152, 16
6, 207, 152, 46
6, 53, 152, 50
6, 54, 152, 8
6, 310, 152, 35
6, 24, 152, 98
6, 186, 152, 24
6, 123, 152, 18
6, 196, 153, 54
6, 201, 153, 47
6, 298, 153, 78
6, 330, 153, 8
6, 299, 153, 51
6, 364, 153, 42
6, 363, 153, 37
6, 114, 153, 93
6, 84, 153, 98
6, 214, 153, 6
6, 22, 153, 77
6, 252, 153, 93
6, 285, 153, 79
6, 0, 154, 83
6, 256, 154, 44
6, 9, 154, 43
6, 268, 154, 90
6, 174, 154, 33
6, 78, 154, 1
6, 21, 154, 12
6, 347, 154, 96
6, 28, 154, 5
6, 352, 155, 45
6, 67, 155, 78
6, 195, 155, 36
6, 295, 155, 25
6, 209, 155, 49
6, 161, 156, 61
6, 72, 156, 12
6, 42, 156, 97
6, 170, 156, 47
6, 269, 156, 70
6, 347, 156, 96
6, 29, 156, 35
6, 320, 157, 22
6, 257, 157, 22
6, 382, 157, 16
6, 195, 157, 36
6, 258, 157, 9
6, 198, 157, 21
6, 390, 157, 60
6, 200, 157, 33
6, 395, 157, 22
6, 396, 157, 3
6, 110, 157, 2
6, 176, 157, 42
6, 276, 157, 4
6, 214, 157, 6
6, 152, 157, 5
6, 286, 157, 2
6, 127, 157, 13
6, 288, 158, 31
6, 193, 158, 68
6, 322, 158, 61
6, 8, 158, 96
6, 137, 158, 36
6, 232, 158, 59
6, 75, 158, 88
6, 270, 158, 91
6, 398, 158, 1
6, 174, 158, 33
6, 50, 158, 14
6, 339, 158, 41
6, 308, 158, 43
6, 178, 158, 96
6, 51, 158, 36
6, 28, 158, 5
6, 36, 159, 46
6, 101, 159, 55
6, 7, 159, 57
6, 8, 159, 96
6, 301, 159, 92
6, 142, 159, 27
6, 83, 159, 78
6, 58, 159, 43
6, 62, 159, 90
6, 192, 160, 66
6, 353, 160, 62
6, 258, 160, 9
6, 325, 160, 79
6, 101, 160, 55
6, 168, 160, 79
6, 329, 160, 72
6, 203, 160, 49
6, 175, 160, 16
6, 306, 160, 60
6, 84, 160, 98
6, 308, 160, 43
6, 87, 160, 6
6, 24, 160, 98
6, 89, 160, 64
6, 187, 160, 54
6, 252, 160, 93
6, 35, 161, 10
6, 300, 161, 7
6, 48, 161, 12
6, 19, 161, 51
6, 376, 161, 51
6, 218, 161, 20
6, 139, 162, 72
6, 47, 162, 67
6, 340, 162, 33
6, 309, 162, 33
6, 56, 162, 97
6, 187, 162, 54
6, 252, 162, 93
6, 350, 162, 49
6, 191, 163, 38
6, 37, 163, 49
6, 6, 163, 16
6, 39, 163, 35
6, 391, 163, 64
6, 297, 163, 67
6, 201, 163, 47
6, 42, 163, 97
6, 170, 163, 47
6, 45, 163, 29
6, 396, 163, 3
6, 49, 163, 18
6, 340, 163, 33
6, 213, 163, 25
6, 278, 163, 1
6, 118, 163, 86
6, 31, 163, 90
6, 127, 163, 13
6, 354, 164, 88
6, 292, 164, 2
6, 70, 164, 5
6, 74, 164, 43
6, 46, 164, 91
6, 319, 164, 64
6, 203, 165, 49
6, 396, 165, 3
6, 270, 165, 91
6, 143, 165, 80
6, 80, 165, 92
6, 46, 165, 91
6, 124, 165, 64
6, 210, 165, 100
6, 216, 165, 31
6, 281, 165, 3
6, 315, 165, 59
6, 60, 165, 89
6, 157, 165, 46
6, 128, 166, 5
6, 384, 166, 59
6, 1, 166, 72
6, 67, 166, 78
6, 260, 166, 59
6, 69, 166, 39
6, 102, 166, 48
6, 103, 166, 10
6, 72, 166, 12
6, 264, 166, 79
6, 202, 166, 34
6, 98, 166, 19
6, 346, 166, 38
6, 18, 166, 67
6, 26, 166, 48
6, 91, 166, 57
6, 124, 166, 64
6, 94, 166, 72
6, 326, 167, 78
6, 41, 167, 67
6, 272, 167, 79
6, 18, 167, 67
6, 31, 167, 90
6, 351, 167, 63
6, 161, 168, 61
6, 35, 168, 10
6, 135, 168, 26
6, 202, 168, 34
6, 139, 168, 72
6, 171, 168, 75
6, 142, 168, 27
6, 144, 168, 80
6, 178, 168, 96
6, 242, 168, 74
6, 244, 168, 6
6, 211, 168, 18
6, 275, 168, 57
6, 306, 168, 60
6, 89, 168, 64
6, 346, 168, 38
6, 294, 169, 45
6, 231, 169, 75
6, 136, 169, 87
6, 299, 169, 51
6, 113, 169, 84
6, 178, 169, 96
6, 19, 169, 51
6, 276, 169, 4
6, 17, 169, 21
6, 119, 169, 58
6, 183, 169, 95
6, 121, 169, 60
6, 154, 169, 54
6, 219, 169, 58
6, 381, 169, 48
6, 2, 170, 46
6, 377, 170, 60
6, 169, 170, 83
6, 139, 170, 72
6, 12, 170, 36
6, 112, 170, 6
6, 48, 170, 12
6, 210, 170, 100
6, 21, 170, 12
6, 118, 170, 86
6, 341, 170, 93
6, 153, 170, 20
6, 186, 170, 24
6, 354, 171, 88
6, 258, 171, 9
6, 255, 171, 56
6, 389, 171, 74
6, 325, 171, 79
6, 233, 171, 31
6, 108, 171, 76
6, 338, 171, 16
6, 282, 171, 29
6, 379, 171, 52
6, 127, 171, 13
6, 287, 171, 7
6, 353, 172, 62
6, 356, 172, 62
6, 134, 172, 26
6, 167, 172, 68
6, 43, 172, 10
6, 333, 172, 91
6, 112, 172, 6
6, 240, 172, 45
6, 18, 172, 67
6, 344, 172, 82
6, 378, 172, 23
6, 98, 173, 19
6, 35, 173, 10
6, 171, 173, 75
6, 334, 173, 43
6, 303, 173, 27
6, 113, 173, 84
6, 115, 173, 87
6, 116, 173, 13
6, 341, 173, 93
6, 246, 173, 54
6, 254, 173, 85
6, 380, 173, 33
6, 315, 173, 59
6, 252, 173, 93
6, 253, 173, 40
6, 62, 173, 90
6, 159, 174, 48
6, 322, 174, 61
6, 130, 174, 62
6, 7, 174, 57
6, 345, 174, 70
6, 71, 174, 28
6, 313, 174, 10
6, 172, 174, 10
6, 81, 174, 7
6, 147, 174, 83
6, 373, 174, 77
6, 151, 174, 57
6, 152, 174, 5
6, 57, 174, 82
6, 283, 174, 89
6, 28, 174, 5
6, 287, 174, 7
6, 2, 175, 46
6, 132, 175, 70
6, 5, 175, 45
6, 390, 175, 60
6, 394, 175, 100
6, 267, 175, 22
6, 14, 175, 51
6, 22, 175, 77
6, 157, 175, 46
6, 166, 175, 88
6, 297, 175, 67
6, 170, 175, 47
6, 171, 175, 75
6, 300, 175, 7
6, 309, 175, 33
6, 183, 175, 95
6, 187, 175, 54
6, 70, 175, 5
6, 209, 175, 49
6, 119, 175, 58
6, 288, 176, 31
6, 33, 176, 69
6, 99, 176, 49
6, 229, 176, 95
6, 103, 176, 10
6, 234, 176, 38
6, 172, 176, 10
6, 143, 176, 80
6, 146, 176, 91
6, 338, 176, 16
6, 148, 176, 49
6, 21, 176, 12
6, 28, 176, 5
6, 318, 176, 75
6, 351, 176, 63
6, 193, 177, 68
6, 356, 177, 62
6, 362, 177, 80
6, 142, 177, 27
6, 207, 177, 46
6, 271, 177, 1
6, 303, 177, 27
6, 210, 177, 100
6, 53, 177, 50
6, 54, 177, 8
6, 151, 177, 57
6, 251, 177, 94
6, 188, 177, 11
6, 285, 177, 79
6, 108, 178, 76
6, 111, 178, 41
6, 84, 178, 98
6, 120, 178, 72
6, 122, 178, 24
6, 3, 179, 57
6, 5, 179, 45
6, 10, 179, 68
6, 203, 179, 49
6, 108, 179, 76
6, 141, 179, 96
6, 398, 179, 1
6, 181, 179, 85
6, 342, 179, 3
6, 245, 179, 41
6, 188, 179, 11
6, 132, 180, 70
6, 390, 180, 60
6, 204, 180, 58
6, 269, 180, 70
6, 365, 180, 16
6, 144, 180, 80
6, 18, 180, 67
6, 84, 180, 98
6, 120, 180, 72
6, 349, 180, 1
6, 229, 181, 95
6, 70, 181, 5
6, 133, 181, 73
6, 41, 181, 67
6, 233, 181, 31
6, 203, 181, 49
6, 45, 181, 29
6, 365, 181, 16
6, 335, 181, 96
6, 114, 181, 93
6, 243, 181, 34
6, 340, 181, 33
6, 252, 181, 93
6, 146, 181, 91
6, 22, 181, 77
6, 185, 181, 72
6, 380, 181, 33
6, 101, 182, 55
6, 201, 182, 47
6, 308, 182, 43
6, 53, 182, 50
6, 343, 182, 99
6, 344, 182, 82
6, 24, 182, 98
6, 250, 182, 60
6, 125, 182, 98
6, 190, 182, 75
6, 31, 182, 90
6, 289, 183, 18
6, 386, 183, 91
6, 257, 183, 22
6, 111, 183, 41
6, 180, 183, 81
6, 310, 183, 35
6, 379, 183, 52
6, 189, 183, 89
6, 287, 183, 7
6, 384, 184, 59
6, 33, 184, 69
6, 291, 184, 31
6, 164, 184, 36
6, 134, 184, 26
6, 103, 184, 10
6, 138, 184, 86
6, 237, 184, 69
6, 15, 184, 45
6, 114, 184, 93
6, 61, 184, 61
6, 58, 184, 43
6, 317, 184, 10
6, 318, 184, 75
6, 263, 185, 72
6, 10, 185, 68
6, 331, 185, 50
6, 364, 185, 42
6, 141, 185, 96
6, 239, 185, 18
6, 343, 185, 99
6, 312, 185, 23
6, 287, 185, 7
6, 290, 186, 45
6, 260, 186, 59
6, 9, 186, 43
6, 394, 186, 100
6, 206, 186, 53
6, 148, 186, 49
6, 343, 186, 99
6, 184, 186, 8
6, 27, 186, 45
6, 311, 186, 86
6, 387, 187, 64
6, 38, 187, 66
6, 232, 187, 59
6, 201, 187, 47
6, 304, 187, 8
6, 306, 187, 60
6, 308, 187, 43
6, 341, 187, 93
6, 23, 187, 94
6, 221, 187, 49
6, 352, 188, 45
6, 193, 188, 68
6, 257, 188, 22
6, 259, 188, 74
6, 100, 188, 45
6, 328, 188, 71
6, 10, 188, 68
6, 171, 188, 75
6, 109, 188, 37
6, 315, 188, 59
6, 52, 188, 98
6, 55, 188, 44
6, 155, 188, 78
6, 349, 188, 1
6, 248, 189, 7
6, 35, 189, 10
6, 387, 189, 64
6, 293, 189, 35
6, 389, 189, 74
6, 281, 189, 3
6, 171, 189, 75
6, 299, 189, 51
6, 237, 189, 69
6, 46, 189, 91
6, 273, 189, 23
6, 309, 189, 33
6, 374, 189, 24
6, 342, 189, 3
6, 87, 189, 6
6, 377, 189, 60
6, 27, 189, 45
6, 193, 190, 68
6, 228, 190, 33
6, 7, 190, 57
6, 264, 190, 79
6, 298, 190, 78
6, 139, 190, 72
6, 203, 190, 49
6, 205, 190, 92
6, 271, 190, 1
6, 240, 190, 45
6, 24, 190, 98
6, 383, 190, 93
6, 161, 191, 61
6, 100, 191, 45
6, 229, 191, 95
6, 101, 191, 55
6, 393, 191, 88
6, 149, 191, 1
6, 86, 191, 59
6, 310, 191, 35
6, 184, 191, 8
6, 153, 191, 20
6, 122, 191, 24
6, 59, 191, 81
6, 317, 191, 10
6, 101, 192, 55
6, 102, 192, 48
6, 135, 192, 26
6, 261, 192, 35
6, 329, 192, 72
6, 73, 192, 28
6, 331, 192, 50
6, 232, 192, 59
6, 366, 192, 76
6, 48, 192, 12
6, 242, 192, 74
6, 280, 192, 100
6, 91, 192, 57
6, 29, 192, 35
6, 256, 193, 44
6, 67, 193, 78
6, 132, 193, 70
6, 5, 193, 45
6, 233, 193, 31
6, 330, 193, 8
6, 299, 193, 51
6, 108, 193, 76
6, 142, 193, 27
6, 339, 193, 41
6, 84, 193, 98
6, 180, 193, 81
6, 246, 193, 54
6, 345, 193, 70
6, 154, 193, 54
6, 190, 193, 75
6, 66, 194, 94
6, 386, 194, 91
6, 358, 194, 6
6, 396, 194, 3
6, 146, 194, 91
6, 183, 194, 95
6, 123, 194, 18
6, 381, 194, 48
6, 318, 194, 75
6, 64, 195, 51
6, 355, 195, 57
6, 229, 195, 95
6, 201, 195, 47
6, 266, 195, 89
6, 203, 195, 49
6, 12, 195, 36
6, 333, 195, 91
6, 118, 195, 86
6, 183, 195, 95
6, 184, 195, 8
6, 187, 195, 54
6, 348, 195, 68
6, 95, 195, 91
6, 289, 196, 18
6, 386, 196, 91
6, 130, 196, 62
6, 230, 196, 90
6, 39, 196, 35
6, 166, 196, 88
6, 109, 196, 37
6, 238, 196, 34
6, 114, 196, 93
6, 308, 196, 43
6, 246, 196, 54
6, 57, 196, 82
6, 26, 196, 48
6, 351, 196, 63
6, 288, 197, 31
6, 153, 197, 20
6, 99, 197, 49
6, 101, 197, 55
6, 38, 197, 66
6, 326, 197, 78
6, 88, 197, 57
6, 59, 197, 81
6, 395, 197, 22
6, 172, 197, 10
6, 52, 197, 98
6, 344, 197, 82
6, 281, 197, 3
6, 346, 197, 38
6, 187, 197, 54
6, 93, 197, 44
6, 7, 198, 57
6, 277, 198, 26
6, 160, 198, 71
6, 169, 198, 83
6, 171, 198, 75
6, 44, 198, 93
6, 53, 198, 50
6, 57, 198, 82
6, 202, 198, 34
6, 208, 198, 26
6, 218, 198, 20
6, 226, 198, 2
6, 231, 198, 75
6, 360, 198, 10
6, 104, 198, 81
6, 107, 198, 63
6, 108, 198, 76
6, 119, 198, 58
6, 253, 198, 40
6, 258, 199, 9
6, 390, 199, 60
6, 263, 199, 72
6, 392, 199, 89
6, 265, 199, 95
6, 6, 199, 16
6, 138, 199, 86
6, 16, 199, 20
6, 153, 199, 20
6, 41, 199, 67
6, 309, 199, 33
6, 183, 199, 95
6, 56, 199, 97
6, 186, 199, 24
6, 87, 199, 6
6, 354, 199, 88
6, 108, 199, 76
6, 237, 199, 69
6, 368, 199, 6
6, 124, 199, 64
