200, 400, 20
15, 101, 0, 33
15, 133, 0, 61
15, 263, 0, 28
15, 231, 0, 68
15, 41, 0, 55
15, 198, 0, 27
15, 112, 0, 18
15, 149, 0, 9
15, 278, 0, 11
15, 22, 0, 45
15, 341, 0, 45
15, 223, 0, 8
15, 289, 1, 50
15, 163, 1, 91
15, 264, 1, 84
15, 298, 1, 57
15, 142, 1, 97
15, 368, 1, 8
15, 177, 1, 76
15, 370, 1, 50
15, 181, 1, 25
15, 150, 1, 47
15, 344, 1, 9
15, 250, 1, 59
15, 255, 1, 90
15, 145, 2, 18
15, 280, 2, 31
15, 25, 2, 78
15, 155, 2, 43
15, 285, 2, 33
15, 289, 2, 50
15, 170, 2, 21
15, 45, 2, 4
15, 47, 2, 3
15, 187, 2, 59
15, 194, 2, 28
15, 199, 2, 23
15, 79, 2, 31
15, 343, 2, 8
15, 224, 2, 42
15, 354, 2, 28
15, 355, 2, 40
15, 236, 2, 38
15, 367, 2, 36
15, 128, 3, 22
15, 320, 3, 27
15, 98, 3, 16
15, 322, 3, 27
15, 67, 3, 75
15, 2, 3, 89
15, 232, 3, 47
15, 202, 3, 23
15, 266, 3, 82
15, 111, 3, 22
15, 179, 3, 25
15, 339, 3, 11
15, 117, 3, 65
15, 147, 3, 38
15, 181, 3, 25
15, 22, 3, 45
15, 251, 3, 27
15, 255, 3, 90
15, 192, 4, 99
15, 322, 4, 27
15, 68, 4, 37
15, 357, 4, 13
15, 293, 4, 81
15, 73, 4, 83
15, 139, 4, 42
15, 107, 4, 51
15, 28, 4, 42
15, 204, 4, 63
15, 156, 4, 91
15, 188, 4, 40
15, 371, 4, 73
15, 309, 4, 52
15, 54, 4, 18
15, 219, 4, 97
15, 92, 4, 78
15, 66, 5, 93
15, 169, 5, 19
15, 312, 5, 3
15, 154, 5, 18
15, 187, 5, 59
15, 322, 6, 27
15, 98, 6, 16
15, 263, 6, 28
15, 270, 6, 85
15, 145, 6, 18
15, 223, 6, 8
15, 200, 7, 10
15, 265, 7, 17
15, 138, 7, 58
15, 397, 7, 94
15, 365, 7, 49
15, 349, 7, 24
15, 158, 7, 33
15, 194, 8, 28
15, 164, 8, 1
15, 6, 8, 38
15, 102, 8, 14
15, 266, 8, 82
15, 234, 8, 55
15, 172, 8, 96
15, 16, 8, 11
15, 113, 8, 87
15, 375, 8, 11
15, 89, 8, 54
15, 250, 8, 59
15, 91, 8, 60
15, 254, 8, 61
15, 63, 8, 7
15, 3, 9, 19
15, 132, 9, 77
15, 327, 9, 17
15, 232, 9, 47
15, 138, 9, 58
15, 142, 9, 97
15, 271, 9, 70
15, 274, 9, 73
15, 370, 9, 50
15, 118, 9, 58
15, 183, 9, 15
15, 186, 9, 43
15, 220, 9, 76
15, 257, 10, 95
15, 39, 10, 77
15, 45, 10, 4
15, 143, 10, 4
15, 18, 10, 46
15, 52, 10, 93
15, 372, 10, 29
15, 350, 10, 44
15, 257, 11, 95
15, 6, 11, 38
15, 140, 11, 56
15, 399, 11, 57
15, 27, 11, 68
15, 168, 11, 32
15, 304, 11, 39
15, 311, 11, 78
15, 188, 11, 40
15, 331, 11, 25
15, 223, 11, 8
15, 97, 11, 96
15, 228, 11, 91
15, 232, 11, 47
15, 364, 11, 52
15, 240, 11, 34
15, 247, 11, 90
15, 251, 11, 27
15, 383, 11, 26
15, 358, 12, 10
15, 102, 12, 14
15, 9, 12, 31
15, 205, 12, 93
15, 14, 12, 61
15, 239, 12, 79
15, 16, 12, 11
15, 177, 12, 76
15, 49, 12, 86
15, 51, 12, 82
15, 244, 12, 2
15, 341, 12, 45
15, 115, 12, 60
15, 375, 12, 11
15, 151, 12, 84
15, 249, 12, 90
15, 85, 12, 67
15, 157, 12, 74
15, 160, 13, 41
15, 98, 13, 16
15, 164, 13, 1
15, 136, 13, 37
15, 41, 13, 55
15, 265, 13, 17
15, 46, 13, 15
15, 114, 13, 91
15, 244, 13, 2
15, 117, 13, 65
15, 248, 13, 53
15, 25, 13, 78
15, 31, 13, 71
15, 130, 14, 22
15, 386, 14, 7
15, 258, 14, 5
15, 399, 14, 57
15, 149, 14, 9
15, 157, 14, 74
15, 40, 14, 49
15, 41, 14, 55
15, 320, 14, 27
15, 74, 14, 74
15, 338, 14, 39
15, 83, 14, 39
15, 88, 14, 47
15, 217, 14, 9
15, 239, 14, 79
15, 372, 14, 29
15, 374, 14, 13
15, 122, 14, 44
15, 123, 14, 26
15, 143, 15, 4
15, 151, 15, 84
15, 283, 15, 18
15, 159, 15, 53
15, 160, 15, 41
15, 287, 15, 84
15, 42, 15, 34
15, 46, 15, 15
15, 174, 15, 93
15, 66, 15, 93
15, 68, 15, 37
15, 202, 15, 23
15, 335, 15, 8
15, 363, 15, 31
15, 111, 15, 22
15, 245, 15, 57
15, 118, 15, 58
15, 250, 15, 59
15, 381, 15, 48
15, 33, 16, 73
15, 34, 16, 47
15, 131, 16, 51
15, 322, 16, 27
15, 229, 16, 78
15, 133, 16, 61
15, 263, 16, 28
15, 168, 16, 32
15, 6, 16, 38
15, 38, 16, 32
15, 267, 16, 60
15, 109, 16, 25
15, 246, 16, 30
15, 311, 16, 78
15, 153, 16, 82
15, 26, 16, 24
15, 123, 16, 26
15, 126, 16, 52
15, 5, 17, 26
15, 264, 17, 84
15, 17, 17, 56
15, 156, 17, 91
15, 158, 17, 33
15, 162, 17, 3
15, 40, 17, 49
15, 297, 17, 86
15, 179, 17, 25
15, 55, 17, 25
15, 247, 17, 90
15, 350, 17, 44
15, 223, 17, 8
15, 354, 17, 28
15, 227, 17, 85
15, 110, 17, 47
15, 111, 17, 22
15, 368, 17, 8
15, 375, 17, 11
15, 380, 17, 92
15, 33, 18, 73
15, 388, 18, 43
15, 357, 18, 13
15, 165, 18, 86
15, 260, 18, 7
15, 40, 18, 49
15, 332, 18, 34
15, 238, 18, 24
15, 176, 18, 34
15, 114, 18, 91
15, 374, 18, 13
15, 151, 18, 84
15, 219, 18, 97
15, 191, 18, 95
15, 160, 19, 41
15, 292, 19, 62
15, 164, 19, 1
15, 356, 19, 76
15, 327, 19, 17
15, 200, 19, 10
15, 217, 19, 9
15, 398, 19, 33
15, 16, 19, 11
15, 18, 19, 46
15, 20, 19, 48
15, 372, 19, 29
15, 247, 19, 90
15, 377, 19, 11
15, 250, 19, 59
15, 93, 19, 45
15, 343, 19, 8
15, 64, 20, 71
15, 257, 20, 95
15, 263, 20, 28
15, 40, 20, 49
15, 330, 20, 84
15, 172, 20, 96
15, 367, 20, 36
15, 305, 20, 79
15, 19, 20, 86
15, 153, 20, 82
15, 346, 20, 48
15, 188, 20, 40
15, 221, 20, 18
15, 255, 20, 90
15, 224, 21, 42
15, 96, 21, 48
15, 385, 21, 35
15, 289, 21, 50
15, 261, 21, 53
15, 72, 21, 12
15, 236, 21, 38
15, 108, 21, 98
15, 79, 21, 31
15, 399, 21, 57
15, 367, 21, 36
15, 117, 21, 65
15, 23, 21, 85
15, 376, 21, 31
15, 384, 22, 89
15, 391, 22, 10
15, 392, 22, 6
15, 9, 22, 31
15, 393, 22, 91
15, 276, 22, 44
15, 152, 22, 47
15, 281, 22, 68
15, 29, 22, 10
15, 160, 22, 41
15, 170, 22, 21
15, 45, 22, 4
15, 67, 22, 75
15, 349, 22, 24
15, 224, 22, 42
15, 363, 22, 31
15, 112, 22, 18
15, 116, 22, 63
15, 376, 22, 31
15, 352, 23, 67
15, 389, 23, 1
15, 392, 23, 6
15, 331, 23, 25
15, 398, 23, 33
15, 209, 23, 3
15, 212, 23, 82
15, 341, 23, 45
15, 382, 24, 17
15, 228, 24, 91
15, 229, 24, 78
15, 262, 24, 36
15, 196, 24, 86
15, 232, 24, 47
15, 41, 24, 55
15, 266, 24, 82
15, 238, 24, 24
15, 304, 24, 39
15, 209, 24, 3
15, 339, 24, 11
15, 246, 24, 30
15, 377, 24, 11
15, 158, 24, 33
15, 357, 25, 13
15, 74, 25, 74
15, 270, 25, 85
15, 335, 25, 8
15, 211, 25, 9
15, 373, 25, 50
15, 54, 25, 18
15, 102, 26, 14
15, 264, 26, 84
15, 114, 26, 91
15, 180, 26, 3
15, 283, 26, 18
15, 163, 27, 91
15, 100, 27, 100
15, 389, 27, 1
15, 101, 27, 33
15, 264, 27, 84
15, 364, 27, 52
15, 268, 27, 55
15, 142, 27, 97
15, 77, 27, 54
15, 16, 27, 11
15, 347, 27, 18
15, 149, 27, 9
15, 86, 27, 35
15, 24, 27, 45
15, 153, 27, 82
15, 314, 27, 40
15, 187, 27, 59
15, 94, 27, 19
15, 64, 28, 71
15, 66, 28, 93
15, 228, 28, 91
15, 292, 28, 62
15, 299, 28, 35
15, 109, 28, 25
15, 175, 28, 94
15, 188, 28, 40
15, 276, 28, 44
15, 340, 28, 25
15, 54, 28, 18
15, 217, 28, 9
15, 60, 28, 67
15, 93, 28, 45
15, 382, 28, 17
15, 31, 28, 71
15, 194, 29, 28
15, 258, 29, 5
15, 324, 29, 44
15, 5, 29, 26
15, 104, 29, 20
15, 75, 29, 98
15, 371, 29, 73
15, 62, 29, 68
15, 122, 29, 44
15, 158, 29, 33
15, 126, 29, 52
15, 320, 30, 27
15, 130, 30, 22
15, 326, 30, 48
15, 236, 30, 38
15, 337, 30, 15
15, 145, 30, 18
15, 21, 30, 71
15, 286, 30, 100
15, 289, 31, 50
15, 194, 31, 28
15, 131, 31, 51
15, 197, 31, 92
15, 38, 31, 32
15, 264, 31, 84
15, 232, 31, 47
15, 331, 31, 25
15, 11, 31, 97
15, 334, 31, 92
15, 239, 31, 79
15, 272, 31, 55
15, 366, 31, 97
15, 274, 31, 73
15, 148, 31, 92
15, 310, 31, 42
15, 283, 31, 18
15, 63, 31, 7
15, 67, 32, 75
15, 261, 32, 53
15, 281, 32, 68
15, 134, 32, 90
15, 7, 32, 34
15, 233, 32, 40
15, 79, 32, 31
15, 240, 32, 34
15, 209, 32, 3
15, 242, 32, 82
15, 184, 32, 64
15, 249, 32, 90
15, 282, 32, 66
15, 152, 32, 47
15, 293, 33, 81
15, 7, 33, 34
15, 232, 33, 47
15, 137, 33, 2
15, 398, 33, 33
15, 399, 33, 57
15, 48, 33, 62
15, 337, 33, 15
15, 143, 33, 4
15, 339, 33, 11
15, 115, 33, 60
15, 241, 33, 11
15, 174, 33, 93
15, 56, 33, 17
15, 89, 33, 54
15, 381, 33, 48
15, 356, 34, 76
15, 326, 34, 48
15, 337, 34, 15
15, 114, 34, 91
15, 21, 34, 71
15, 280, 34, 31
15, 89, 34, 54
15, 252, 34, 73
15, 128, 35, 22
15, 260, 35, 7
15, 396, 35, 50
15, 397, 35, 94
15, 142, 35, 97
15, 275, 35, 38
15, 22, 35, 45
15, 31, 35, 71
15, 302, 35, 26
15, 175, 35, 94
15, 305, 35, 79
15, 56, 35, 17
15, 190, 35, 44
15, 320, 35, 27
15, 333, 35, 84
15, 82, 35, 60
15, 350, 35, 44
15, 355, 35, 40
15, 255, 35, 90
15, 1, 36, 95
15, 169, 36, 19
15, 48, 36, 62
15, 338, 36, 39
15, 178, 36, 4
15, 378, 36, 8
15, 185, 37, 13
15, 36, 37, 99
15, 69, 37, 66
15, 68, 37, 37
15, 312, 37, 3
15, 377, 37, 11
15, 251, 37, 27
15, 188, 37, 40
15, 351, 37, 64
15, 42, 38, 34
15, 397, 38, 94
15, 372, 38, 29
15, 85, 38, 67
15, 308, 38, 55
15, 386, 39, 7
15, 197, 39, 92
15, 391, 39, 10
15, 200, 39, 10
15, 52, 39, 93
15, 89, 39, 54
15, 97, 40, 96
15, 227, 40, 85
15, 264, 40, 84
15, 73, 40, 83
15, 146, 40, 30
15, 190, 40, 44
15, 162, 41, 3
15, 131, 41, 51
15, 259, 41, 81
15, 68, 41, 37
15, 6, 41, 38
15, 98, 41, 16
15, 235, 41, 29
15, 396, 41, 50
15, 123, 41, 26
15, 302, 41, 26
15, 271, 41, 70
15, 272, 41, 55
15, 176, 41, 34
15, 86, 41, 35
15, 345, 41, 93
15, 283, 41, 18
15, 62, 41, 68
15, 64, 42, 71
15, 36, 42, 99
15, 390, 42, 65
15, 137, 42, 2
15, 106, 42, 54
15, 201, 42, 52
15, 300, 42, 47
15, 45, 42, 4
15, 206, 42, 54
15, 15, 42, 50
15, 335, 42, 8
15, 241, 42, 11
15, 275, 42, 38
15, 372, 42, 29
15, 341, 42, 45
15, 86, 42, 35
15, 63, 42, 7
15, 193, 43, 39
15, 287, 43, 84
15, 104, 43, 20
15, 233, 43, 40
15, 265, 43, 17
15, 329, 43, 51
15, 364, 43, 52
15, 367, 43, 36
15, 117, 43, 65
15, 28, 43, 42
15, 349, 43, 24
15, 127, 43, 37
15, 352, 44, 67
15, 194, 44, 28
15, 227, 44, 85
15, 3, 44, 19
15, 122, 44, 44
15, 294, 44, 51
15, 134, 44, 90
15, 393, 44, 91
15, 166, 44, 22
15, 139, 44, 42
15, 12, 44, 30
15, 203, 44, 12
15, 207, 44, 1
15, 246, 44, 30
15, 186, 44, 43
15, 347, 44, 18
15, 33, 45, 73
15, 144, 45, 16
15, 19, 45, 86
15, 31, 45, 71
15, 30, 45, 47
15, 351, 45, 64
15, 359, 46, 91
15, 104, 46, 20
15, 233, 46, 40
15, 175, 46, 94
15, 113, 46, 87
15, 275, 46, 38
15, 373, 46, 50
15, 310, 46, 42
15, 30, 46, 47
15, 64, 47, 71
15, 320, 47, 27
15, 34, 47, 47
15, 162, 47, 3
15, 195, 47, 95
15, 232, 47, 47
15, 204, 47, 63
15, 124, 47, 57
15, 18, 47, 46
15, 339, 47, 11
15, 281, 47, 68
15, 91, 47, 60
15, 284, 47, 81
15, 33, 48, 73
15, 100, 48, 100
15, 105, 48, 11
15, 361, 48, 5
15, 265, 48, 17
15, 268, 48, 55
15, 19, 48, 86
15, 216, 48, 87
15, 94, 48, 19
15, 264, 49, 84
15, 393, 49, 91
15, 22, 49, 45
15, 279, 49, 62
15, 160, 49, 41
15, 166, 49, 22
15, 296, 49, 8
15, 47, 49, 3
15, 178, 49, 4
15, 182, 49, 84
15, 61, 49, 89
15, 85, 49, 67
15, 86, 49, 35
15, 89, 49, 54
15, 221, 49, 18
15, 350, 49, 44
15, 349, 49, 24
15, 356, 49, 76
15, 104, 49, 20
15, 383, 49, 26
15, 164, 50, 1
15, 325, 50, 3
15, 101, 50, 33
15, 327, 50, 17
15, 388, 50, 43
15, 5, 50, 26
15, 138, 50, 58
15, 12, 50, 30
15, 14, 50, 61
15, 305, 50, 79
15, 114, 50, 91
15, 220, 50, 76
15, 181, 50, 25
15, 57, 50, 48
15, 219, 50, 97
15, 284, 50, 81
15, 288, 51, 16
15, 289, 51, 50
15, 130, 51, 22
15, 354, 51, 28
15, 260, 51, 7
15, 69, 51, 66
15, 72, 51, 12
15, 13, 51, 78
15, 397, 51, 94
15, 398, 51, 33
15, 304, 51, 39
15, 146, 51, 30
15, 115, 51, 60
15, 307, 51, 2
15, 87, 51, 82
15, 152, 51, 47
15, 345, 51, 93
15, 130, 52, 22
15, 387, 52, 67
15, 185, 52, 13
15, 201, 52, 52
15, 266, 52, 82
15, 143, 52, 4
15, 113, 52, 87
15, 180, 52, 3
15, 94, 52, 19
15, 28, 52, 42
15, 317, 52, 25
15, 382, 52, 17
15, 159, 52, 53
15, 288, 53, 16
15, 160, 53, 41
15, 195, 53, 95
15, 324, 53, 44
15, 327, 53, 17
15, 264, 53, 84
15, 301, 53, 75
15, 314, 53, 40
15, 130, 54, 22
15, 261, 54, 53
15, 265, 54, 17
15, 361, 54, 5
15, 179, 54, 25
15, 116, 54, 63
15, 181, 54, 25
15, 281, 54, 68
15, 220, 54, 76
15, 158, 54, 33
15, 133, 55, 61
15, 360, 55, 14
15, 169, 55, 19
15, 239, 55, 79
15, 48, 55, 62
15, 145, 55, 18
15, 371, 55, 73
15, 347, 55, 18
15, 130, 56, 22
15, 259, 56, 81
15, 7, 56, 34
15, 391, 56, 10
15, 266, 56, 82
15, 269, 56, 8
15, 14, 56, 61
15, 271, 56, 70
15, 20, 56, 48
15, 24, 56, 45
15, 164, 56, 1
15, 175, 56, 94
15, 58, 56, 38
15, 191, 56, 95
15, 192, 56, 99
15, 211, 56, 9
15, 355, 56, 40
15, 356, 56, 76
15, 368, 56, 8
15, 123, 56, 26
15, 0, 57, 35
15, 148, 57, 92
15, 277, 57, 25
15, 280, 57, 31
15, 152, 57, 47
15, 26, 57, 24
15, 159, 57, 53
15, 164, 57, 1
15, 165, 57, 86
15, 44, 57, 71
15, 60, 57, 67
15, 319, 57, 58
15, 343, 57, 8
15, 353, 57, 92
15, 227, 57, 85
15, 103, 57, 27
15, 106, 57, 54
15, 365, 57, 49
15, 240, 57, 34
15, 65, 58, 12
15, 259, 58, 81
15, 261, 58, 53
15, 357, 58, 13
15, 136, 58, 37
15, 299, 58, 35
15, 175, 58, 94
15, 51, 58, 82
15, 52, 58, 93
15, 85, 58, 67
15, 249, 58, 90
15, 61, 58, 89
15, 319, 58, 58
15, 192, 59, 99
15, 357, 59, 13
15, 395, 59, 59
15, 173, 59, 34
15, 148, 59, 92
15, 220, 59, 76
15, 67, 60, 75
15, 165, 60, 86
15, 39, 60, 77
15, 73, 60, 83
15, 208, 60, 94
15, 16, 60, 11
15, 50, 60, 81
15, 150, 60, 47
15, 182, 60, 84
15, 376, 60, 31
15, 31, 60, 71
15, 99, 61, 69
15, 164, 61, 1
15, 5, 61, 26
15, 166, 61, 22
15, 324, 61, 44
15, 394, 61, 5
15, 141, 61, 55
15, 207, 61, 1
15, 25, 61, 78
15, 28, 61, 42
15, 317, 61, 25
15, 161, 62, 19
15, 292, 62, 62
15, 334, 62, 92
15, 271, 62, 70
15, 336, 62, 8
15, 339, 62, 11
15, 219, 62, 97
15, 29, 62, 10
15, 352, 63, 67
15, 1, 63, 95
15, 226, 63, 64
15, 350, 63, 44
15, 229, 63, 78
15, 107, 63, 51
15, 76, 63, 90
15, 108, 63, 98
15, 48, 63, 62
15, 17, 63, 56
15, 275, 63, 38
15, 276, 63, 44
15, 118, 63, 58
15, 182, 63, 84
15, 374, 63, 13
15, 313, 63, 83
15, 60, 63, 67
15, 62, 63, 68
15, 67, 64, 75
15, 164, 64, 1
15, 262, 64, 36
15, 143, 64, 4
15, 80, 64, 23
15, 210, 64, 17
15, 179, 64, 25
15, 82, 64, 60
15, 312, 64, 3
15, 198, 65, 27
15, 7, 65, 34
15, 296, 65, 8
15, 42, 65, 34
15, 267, 65, 60
15, 268, 65, 55
15, 205, 65, 93
15, 125, 65, 4
15, 55, 65, 25
15, 317, 65, 25
15, 128, 66, 22
15, 11, 66, 97
15, 396, 66, 50
15, 14, 66, 61
15, 144, 66, 16
15, 147, 66, 38
15, 149, 66, 9
15, 278, 66, 11
15, 164, 66, 1
15, 295, 66, 32
15, 171, 66, 2
15, 59, 66, 9
15, 84, 66, 25
15, 341, 66, 45
15, 86, 66, 35
15, 92, 66, 78
15, 353, 66, 92
15, 250, 66, 59
15, 379, 66, 93
15, 4, 67, 34
15, 5, 67, 26
15, 6, 67, 38
15, 357, 67, 13
15, 377, 67, 11
15, 362, 67, 43
15, 43, 67, 2
15, 140, 67, 56
15, 75, 67, 98
15, 268, 67, 55
15, 59, 67, 9
15, 208, 67, 94
15, 213, 67, 51
15, 246, 67, 30
15, 313, 67, 83
15, 317, 67, 25
15, 29, 67, 10
15, 289, 68, 50
15, 201, 68, 52
15, 140, 68, 56
15, 242, 68, 82
15, 374, 68, 13
15, 248, 69, 53
15, 257, 69, 95
15, 35, 69, 89
15, 103, 69, 27
15, 328, 69, 78
15, 394, 69, 5
15, 362, 69, 43
15, 76, 69, 90
15, 142, 69, 97
15, 239, 69, 79
15, 177, 69, 76
15, 337, 69, 15
15, 211, 69, 9
15, 55, 69, 25
15, 24, 69, 45
15, 125, 69, 4
15, 128, 70, 22
15, 322, 70, 27
15, 355, 70, 40
15, 291, 70, 47
15, 6, 70, 38
15, 332, 70, 34
15, 14, 70, 61
15, 305, 70, 79
15, 81, 70, 44
15, 83, 70, 39
15, 307, 70, 2
15, 371, 70, 73
15, 319, 70, 58
15, 35, 71, 89
15, 4, 71, 34
15, 325, 71, 3
15, 358, 71, 10
15, 330, 71, 84
15, 236, 71, 38
15, 13, 71, 78
15, 142, 71, 97
15, 271, 71, 70
15, 210, 71, 17
15, 22, 71, 45
15, 278, 71, 11
15, 387, 72, 67
15, 99, 72, 69
15, 3, 72, 19
15, 326, 72, 48
15, 391, 72, 10
15, 327, 72, 17
15, 268, 72, 55
15, 205, 72, 93
15, 269, 72, 8
15, 209, 72, 3
15, 146, 72, 30
15, 82, 72, 60
15, 52, 72, 93
15, 188, 72, 40
15, 158, 72, 33
15, 322, 73, 27
15, 67, 73, 75
15, 356, 73, 76
15, 103, 73, 27
15, 295, 73, 32
15, 82, 73, 60
15, 341, 73, 45
15, 383, 73, 26
15, 290, 74, 20
15, 154, 74, 18
15, 297, 74, 86
15, 363, 74, 31
15, 332, 74, 34
15, 240, 74, 34
15, 55, 74, 25
15, 378, 74, 8
15, 254, 74, 61
15, 95, 74, 6
15, 6, 75, 38
15, 9, 75, 31
15, 277, 75, 25
15, 31, 75, 71
15, 295, 75, 32
15, 41, 75, 55
15, 306, 75, 87
15, 51, 75, 82
15, 309, 75, 52
15, 65, 75, 12
15, 79, 75, 31
15, 211, 75, 9
15, 217, 75, 9
15, 90, 75, 47
15, 351, 75, 64
15, 100, 75, 100
15, 236, 75, 38
15, 365, 75, 49
15, 250, 75, 59
15, 96, 76, 48
15, 100, 76, 100
15, 70, 76, 28
15, 327, 76, 17
15, 329, 76, 51
15, 74, 76, 74
15, 123, 76, 26
15, 203, 76, 12
15, 43, 76, 2
15, 239, 76, 79
15, 149, 76, 9
15, 157, 76, 74
15, 55, 76, 25
15, 120, 76, 42
15, 91, 76, 60
15, 189, 76, 88
15, 101, 77, 33
15, 135, 77, 88
15, 242, 77, 82
15, 276, 77, 44
15, 125, 77, 4
15, 286, 77, 100
15, 226, 78, 64
15, 35, 78, 89
15, 70, 78, 28
15, 296, 78, 8
15, 169, 78, 19
15, 233, 78, 40
15, 393, 78, 91
15, 110, 78, 47
15, 367, 78, 36
15, 241, 78, 11
15, 149, 78, 9
15, 248, 78, 53
15, 91, 78, 60
15, 316, 78, 5
15, 93, 78, 45
15, 318, 78, 73
15, 161, 79, 19
15, 35, 79, 89
15, 329, 79, 51
15, 9, 79, 31
15, 76, 79, 90
15, 217, 79, 9
15, 253, 79, 34
15, 62, 79, 68
15, 319, 79, 58
15, 36, 80, 99
15, 356, 80, 76
15, 200, 80, 10
15, 266, 80, 82
15, 314, 80, 40
15, 16, 80, 11
15, 340, 80, 25
15, 86, 80, 35
15, 281, 80, 68
15, 378, 80, 8
15, 29, 80, 10
15, 318, 80, 73
15, 352, 81, 67
15, 227, 81, 85
15, 104, 81, 20
15, 360, 81, 14
15, 298, 81, 57
15, 268, 81, 55
15, 208, 81, 94
15, 17, 81, 56
15, 85, 81, 67
15, 120, 81, 42
15, 125, 81, 4
15, 95, 81, 6
15, 66, 82, 93
15, 8, 82, 46
15, 113, 82, 87
15, 306, 82, 87
15, 52, 82, 93
15, 246, 82, 30
15, 316, 82, 5
15, 56, 82, 17
15, 92, 82, 78
15, 285, 82, 33
15, 63, 82, 7
15, 356, 83, 76
15, 229, 83, 78
15, 136, 83, 37
15, 332, 83, 34
15, 314, 83, 40
15, 209, 83, 3
15, 17, 83, 56
15, 23, 83, 85
15, 120, 83, 42
15, 215, 83, 98
15, 316, 83, 5
15, 0, 84, 35
15, 129, 84, 74
15, 289, 84, 50
15, 293, 84, 81
15, 363, 84, 31
15, 335, 84, 8
15, 53, 84, 70
15, 163, 85, 91
15, 325, 85, 3
15, 261, 85, 53
15, 233, 85, 40
15, 111, 85, 22
15, 378, 85, 8
15, 317, 85, 25
15, 190, 85, 44
15, 323, 86, 52
15, 165, 86, 86
15, 37, 86, 58
15, 71, 86, 70
15, 365, 86, 49
15, 127, 86, 37
15, 207, 86, 1
15, 271, 86, 70
15, 143, 86, 4
15, 47, 86, 3
15, 115, 86, 60
15, 252, 86, 73
15, 54, 86, 18
15, 342, 86, 89
15, 186, 86, 43
15, 28, 86, 42
15, 221, 86, 18
15, 159, 86, 53
15, 32, 87, 47
15, 360, 87, 14
15, 334, 87, 92
15, 246, 87, 30
15, 26, 87, 24
15, 189, 87, 88
15, 320, 88, 27
15, 384, 88, 89
15, 387, 88, 67
15, 215, 88, 98
15, 36, 88, 99
15, 186, 88, 43
15, 42, 88, 34
15, 203, 88, 12
15, 141, 88, 55
15, 366, 88, 97
15, 209, 88, 3
15, 93, 88, 45
15, 247, 88, 90
15, 281, 88, 68
15, 58, 88, 38
15, 285, 88, 33
15, 383, 88, 26
15, 352, 89, 67
15, 224, 89, 42
15, 2, 89, 89
15, 135, 89, 88
15, 72, 89, 12
15, 201, 89, 52
15, 268, 89, 55
15, 397, 89, 94
15, 335, 89, 8
15, 79, 89, 31
15, 154, 89, 18
15, 220, 89, 76
15, 322, 90, 27
15, 388, 90, 43
15, 211, 90, 9
15, 184, 90, 64
15, 29, 90, 10
15, 258, 91, 5
15, 3, 91, 19
15, 5, 91, 26
15, 8, 91, 46
15, 274, 91, 73
15, 276, 91, 44
15, 156, 91, 91
15, 31, 91, 71
15, 160, 91, 41
15, 159, 91, 53
15, 56, 91, 17
15, 319, 91, 58
15, 83, 91, 39
15, 343, 91, 8
15, 220, 91, 76
15, 350, 91, 44
15, 222, 91, 4
15, 109, 91, 25
15, 238, 91, 24
15, 239, 91, 79
15, 224, 92, 42
15, 162, 92, 3
15, 354, 92, 28
15, 388, 92, 43
15, 261, 92, 53
15, 358, 92, 10
15, 230, 92, 3
15, 392, 92, 6
15, 139, 92, 42
15, 270, 92, 85
15, 368, 92, 8
15, 81, 92, 44
15, 310, 92, 42
15, 24, 92, 45
15, 249, 92, 90
15, 284, 92, 81
15, 222, 92, 4
15, 94, 92, 19
15, 130, 93, 22
15, 387, 93, 67
15, 259, 93, 81
15, 137, 93, 2
15, 15, 93, 50
15, 161, 93, 19
15, 40, 93, 49
15, 172, 93, 96
15, 181, 93, 25
15, 311, 93, 78
15, 206, 93, 54
15, 85, 93, 67
15, 341, 93, 45
15, 348, 93, 18
15, 355, 93, 40
15, 111, 93, 22
15, 241, 93, 11
15, 118, 93, 58
15, 254, 93, 61
15, 33, 94, 73
15, 6, 94, 38
15, 390, 94, 65
15, 359, 94, 91
15, 41, 94, 55
15, 264, 94, 84
15, 110, 94, 47
15, 144, 94, 16
15, 242, 94, 82
15, 379, 94, 93
15, 52, 94, 93
15, 53, 94, 70
15, 376, 94, 31
15, 218, 94, 63
15, 187, 94, 59
15, 67, 95, 75
15, 198, 95, 27
15, 199, 95, 23
15, 39, 95, 77
15, 40, 95, 49
15, 327, 95, 17
15, 172, 95, 96
15, 366, 95, 97
15, 174, 95, 93
15, 378, 95, 8
15, 144, 95, 16
15, 15, 95, 50
15, 373, 95, 50
15, 151, 95, 84
15, 26, 95, 24
15, 157, 95, 74
15, 63, 95, 7
15, 324, 96, 44
15, 9, 96, 31
15, 235, 96, 29
15, 215, 96, 98
15, 24, 96, 45
15, 126, 96, 52
15, 32, 97, 47
15, 162, 97, 3
15, 354, 97, 28
15, 36, 97, 99
15, 324, 97, 44
15, 135, 97, 88
15, 391, 97, 10
15, 231, 97, 68
15, 266, 97, 82
15, 334, 97, 92
15, 16, 97, 11
15, 147, 97, 38
15, 180, 97, 3
15, 343, 97, 8
15, 88, 97, 47
15, 217, 97, 9
15, 378, 97, 8
15, 291, 98, 47
15, 356, 98, 76
15, 37, 98, 58
15, 39, 98, 77
15, 137, 98, 2
15, 11, 98, 97
15, 300, 98, 47
15, 48, 98, 62
15, 241, 98, 11
15, 17, 98, 56
15, 339, 98, 11
15, 116, 98, 63
15, 183, 98, 15
15, 151, 98, 84
15, 185, 98, 13
15, 58, 98, 38
15, 382, 98, 17
15, 320, 99, 27
15, 227, 99, 85
15, 41, 99, 55
15, 362, 99, 43
15, 14, 99, 61
15, 146, 99, 30
15, 275, 99, 38
15, 28, 99, 42
15, 190, 99, 44
15, 268, 100, 55
15, 241, 100, 11
15, 213, 100, 51
15, 22, 100, 45
15, 280, 100, 31
15, 127, 100, 37
15, 256, 101, 9
15, 258, 101, 5
15, 291, 101, 47
15, 395, 101, 59
15, 268, 101, 55
15, 303, 101, 89
15, 240, 101, 34
15, 51, 101, 82
15, 87, 101, 82
15, 216, 101, 87
15, 0, 102, 35
15, 1, 102, 95
15, 99, 102, 69
15, 234, 102, 55
15, 139, 102, 42
15, 219, 102, 97
15, 271, 102, 70
15, 81, 102, 44
15, 18, 102, 46
15, 279, 102, 62
15, 283, 102, 18
15, 158, 102, 33
15, 386, 103, 7
15, 180, 103, 3
15, 155, 103, 43
15, 316, 103, 5
15, 223, 103, 8
15, 129, 104, 74
15, 11, 104, 97
15, 140, 104, 56
15, 25, 104, 78
15, 28, 104, 42
15, 171, 104, 2
15, 176, 104, 34
15, 308, 104, 55
15, 320, 104, 27
15, 208, 104, 94
15, 337, 104, 15
15, 81, 104, 44
15, 86, 104, 35
15, 350, 104, 44
15, 223, 104, 8
15, 224, 104, 42
15, 229, 104, 78
15, 253, 104, 34
15, 255, 104, 90
15, 153, 105, 82
15, 328, 105, 78
15, 299, 105, 35
15, 270, 105, 85
15, 366, 105, 97
15, 19, 105, 86
15, 243, 105, 52
15, 149, 105, 9
15, 249, 105, 90
15, 347, 105, 18
15, 317, 105, 25
15, 64, 106, 71
15, 36, 106, 99
15, 69, 106, 66
15, 134, 106, 90
15, 176, 106, 34
15, 82, 106, 60
15, 182, 106, 84
15, 384, 107, 89
15, 387, 107, 67
15, 4, 107, 34
15, 260, 107, 7
15, 397, 107, 94
15, 288, 107, 16
15, 160, 107, 41
15, 180, 107, 3
15, 324, 107, 44
15, 98, 107, 16
15, 102, 107, 14
15, 103, 107, 27
15, 106, 107, 54
15, 234, 107, 55
15, 108, 107, 98
15, 109, 107, 25
15, 367, 107, 36
15, 371, 107, 73
15, 383, 107, 26
15, 99, 108, 69
15, 387, 108, 67
15, 260, 108, 7
15, 103, 108, 27
15, 235, 108, 29
15, 205, 108, 93
15, 46, 108, 15
15, 306, 108, 87
15, 274, 108, 73
15, 250, 108, 59
15, 99, 109, 69
15, 324, 109, 44
15, 325, 109, 3
15, 105, 109, 11
15, 363, 109, 31
15, 144, 109, 16
15, 307, 109, 2
15, 22, 109, 45
15, 162, 110, 3
15, 258, 110, 5
15, 354, 110, 28
15, 359, 110, 91
15, 107, 110, 51
15, 172, 110, 96
15, 17, 110, 56
15, 242, 110, 82
15, 147, 110, 38
15, 84, 110, 25
15, 52, 110, 93
15, 374, 110, 13
15, 120, 110, 42
15, 286, 110, 100
15, 127, 110, 37
15, 290, 111, 20
15, 354, 111, 28
15, 165, 111, 86
15, 136, 111, 37
15, 362, 111, 43
15, 79, 111, 31
15, 338, 111, 39
15, 339, 111, 11
15, 309, 111, 52
15, 119, 111, 59
15, 56, 111, 17
15, 351, 111, 64
15, 384, 112, 89
15, 194, 112, 28
15, 3, 112, 19
15, 356, 112, 76
15, 358, 112, 10
15, 331, 112, 25
15, 305, 112, 79
15, 241, 112, 11
15, 340, 112, 25
15, 315, 112, 32
15, 220, 112, 76
15, 0, 113, 35
15, 131, 113, 51
15, 292, 113, 62
15, 390, 113, 65
15, 103, 113, 27
15, 104, 113, 20
15, 78, 113, 1
15, 143, 113, 4
15, 283, 113, 18
15, 379, 113, 93
15, 19, 113, 86
15, 185, 113, 13
15, 315, 113, 32
15, 189, 113, 88
15, 25, 113, 78
15, 291, 114, 47
15, 358, 114, 10
15, 134, 114, 90
15, 262, 114, 36
15, 122, 114, 44
15, 298, 114, 57
15, 332, 114, 34
15, 286, 114, 100
15, 304, 114, 39
15, 124, 114, 57
15, 338, 114, 39
15, 218, 114, 63
15, 252, 114, 73
15, 190, 114, 44
15, 31, 114, 71
15, 360, 115, 14
15, 297, 115, 86
15, 74, 115, 74
15, 330, 115, 84
15, 204, 115, 63
15, 173, 115, 34
15, 44, 115, 71
15, 10, 115, 69
15, 40, 115, 49
15, 241, 115, 11
15, 18, 115, 46
15, 273, 115, 87
15, 367, 115, 36
15, 238, 115, 24
15, 55, 115, 25
15, 282, 115, 66
15, 124, 115, 57
15, 248, 116, 53
15, 229, 116, 78
15, 102, 116, 14
15, 122, 116, 44
15, 200, 116, 10
15, 265, 116, 17
15, 202, 116, 23
15, 11, 116, 97
15, 42, 116, 34
15, 398, 116, 33
15, 335, 116, 8
15, 304, 116, 39
15, 177, 116, 76
15, 344, 116, 9
15, 58, 116, 38
15, 66, 117, 93
15, 2, 117, 89
15, 132, 117, 77
15, 250, 117, 59
15, 378, 117, 8
15, 208, 117, 94
15, 240, 117, 34
15, 146, 117, 30
15, 339, 117, 11
15, 180, 117, 3
15, 341, 117, 45
15, 88, 117, 47
15, 346, 117, 48
15, 219, 117, 97
15, 348, 117, 18
15, 32, 118, 47
15, 357, 118, 13
15, 70, 118, 28
15, 69, 118, 66
15, 267, 118, 60
15, 23, 118, 85
15, 246, 118, 30
15, 54, 118, 18
15, 344, 118, 9
15, 87, 118, 82
15, 122, 118, 44
15, 91, 118, 60
15, 223, 118, 8
15, 67, 119, 75
15, 8, 119, 46
15, 233, 119, 40
15, 202, 119, 23
15, 10, 119, 69
15, 87, 119, 82
15, 355, 120, 40
15, 9, 120, 31
15, 302, 120, 26
15, 213, 120, 51
15, 119, 120, 59
15, 24, 120, 45
15, 343, 120, 8
15, 98, 121, 16
15, 200, 121, 10
15, 393, 121, 91
15, 232, 121, 47
15, 239, 121, 79
15, 240, 121, 34
15, 177, 121, 76
15, 323, 122, 52
15, 351, 122, 64
15, 262, 122, 36
15, 200, 122, 10
15, 265, 122, 17
15, 135, 122, 88
15, 171, 122, 2
15, 205, 122, 93
15, 174, 122, 93
15, 47, 122, 3
15, 20, 122, 48
15, 55, 122, 25
15, 121, 122, 63
15, 187, 122, 59
15, 124, 122, 57
15, 221, 122, 18
15, 287, 122, 84
15, 384, 123, 89
15, 195, 123, 95
15, 36, 123, 99
15, 72, 123, 12
15, 145, 123, 18
15, 178, 123, 4
15, 274, 123, 73
15, 276, 123, 44
15, 55, 123, 25
15, 317, 123, 25
15, 189, 123, 88
15, 351, 123, 64
15, 290, 124, 20
15, 5, 124, 26
15, 357, 124, 13
15, 7, 124, 34
15, 391, 124, 10
15, 137, 124, 2
15, 363, 124, 31
15, 143, 124, 4
15, 148, 124, 92
15, 22, 124, 45
15, 55, 124, 25
15, 24, 124, 45
15, 29, 124, 10
15, 254, 124, 61
15, 159, 124, 53
15, 162, 125, 3
15, 34, 125, 47
15, 199, 125, 23
15, 106, 125, 54
15, 13, 125, 78
15, 303, 125, 89
15, 216, 125, 87
15, 381, 125, 48
15, 64, 126, 71
15, 258, 126, 5
15, 391, 126, 10
15, 328, 126, 78
15, 231, 126, 68
15, 171, 126, 2
15, 395, 126, 59
15, 12, 126, 30
15, 47, 126, 3
15, 181, 126, 25
15, 149, 126, 9
15, 152, 126, 47
15, 89, 126, 54
15, 248, 127, 53
15, 37, 127, 58
15, 5, 127, 26
15, 201, 127, 52
15, 105, 127, 11
15, 74, 127, 74
15, 362, 127, 43
15, 337, 127, 15
15, 338, 127, 39
15, 373, 127, 50
15, 309, 127, 52
15, 151, 127, 84
15, 376, 127, 31
15, 313, 127, 83
15, 216, 127, 87
15, 61, 127, 89
15, 287, 127, 84
15, 257, 128, 95
15, 139, 128, 42
15, 17, 128, 56
15, 28, 128, 42
15, 43, 128, 2
15, 176, 128, 34
15, 177, 128, 76
15, 181, 128, 25
15, 188, 128, 40
15, 320, 128, 27
15, 65, 128, 12
15, 75, 128, 98
15, 336, 128, 8
15, 341, 128, 45
15, 347, 128, 18
15, 228, 128, 91
15, 375, 128, 11
15, 124, 128, 57
15, 254, 128, 61
15, 256, 129, 9
15, 388, 129, 43
15, 8, 129, 46
15, 272, 129, 55
15, 149, 129, 9
15, 280, 129, 31
15, 303, 129, 89
15, 48, 129, 62
15, 176, 129, 34
15, 306, 129, 87
15, 57, 129, 48
15, 69, 129, 66
15, 338, 129, 39
15, 98, 129, 16
15, 363, 129, 31
15, 107, 129, 51
15, 109, 129, 25
15, 365, 129, 49
15, 373, 129, 50
15, 383, 129, 26
15, 298, 130, 57
15, 301, 130, 75
15, 175, 130, 94
15, 306, 130, 87
15, 243, 130, 52
15, 347, 130, 18
15, 289, 131, 50
15, 71, 131, 70
15, 105, 131, 11
15, 273, 131, 87
15, 146, 131, 30
15, 84, 131, 25
15, 350, 131, 44
15, 0, 132, 35
15, 102, 132, 14
15, 200, 132, 10
15, 10, 132, 69
15, 76, 132, 90
15, 301, 132, 75
15, 46, 132, 15
15, 273, 132, 87
15, 306, 132, 87
15, 51, 132, 82
15, 342, 132, 89
15, 257, 133, 95
15, 291, 133, 47
15, 196, 133, 86
15, 231, 133, 68
15, 234, 133, 55
15, 301, 133, 75
15, 311, 133, 78
15, 132, 134, 77
15, 297, 134, 86
15, 43, 134, 2
15, 76, 134, 90
15, 332, 134, 34
15, 238, 134, 24
15, 368, 134, 8
15, 83, 134, 39
15, 316, 134, 5
15, 118, 134, 58
15, 59, 134, 9
15, 348, 134, 18
15, 160, 135, 41
15, 386, 135, 7
15, 355, 135, 40
15, 258, 135, 5
15, 186, 135, 43
15, 138, 135, 58
15, 334, 135, 92
15, 78, 135, 1
15, 114, 135, 91
15, 242, 135, 82
15, 180, 135, 3
15, 21, 135, 71
15, 377, 135, 11
15, 314, 135, 40
15, 137, 136, 2
15, 395, 136, 59
15, 139, 136, 42
15, 399, 136, 57
15, 276, 136, 44
15, 28, 136, 42
15, 160, 136, 41
15, 48, 136, 62
15, 312, 136, 3
15, 57, 136, 48
15, 69, 136, 66
15, 202, 136, 23
15, 78, 136, 1
15, 207, 136, 1
15, 79, 136, 31
15, 89, 136, 54
15, 90, 136, 47
15, 237, 136, 59
15, 366, 136, 97
15, 256, 137, 9
15, 97, 137, 96
15, 321, 137, 5
15, 355, 137, 40
15, 295, 137, 32
15, 297, 137, 86
15, 107, 137, 51
15, 335, 137, 8
15, 19, 137, 86
15, 340, 137, 25
15, 116, 137, 63
15, 86, 137, 35
15, 152, 137, 47
15, 58, 137, 38
15, 257, 138, 95
15, 135, 138, 88
15, 137, 138, 2
15, 395, 138, 59
15, 13, 138, 78
15, 273, 138, 87
15, 152, 138, 47
15, 27, 138, 68
15, 36, 138, 99
15, 40, 138, 49
15, 176, 138, 34
15, 187, 138, 59
15, 191, 138, 95
15, 65, 138, 12
15, 325, 138, 3
15, 82, 138, 60
15, 348, 138, 18
15, 228, 138, 91
15, 251, 138, 27
15, 352, 139, 67
15, 323, 139, 52
15, 27, 139, 68
15, 329, 139, 51
15, 334, 139, 92
15, 243, 139, 52
15, 308, 139, 55
15, 314, 139, 40
15, 91, 139, 60
15, 382, 139, 17
15, 95, 139, 6
15, 161, 140, 19
15, 132, 140, 77
15, 296, 140, 8
15, 363, 140, 31
15, 205, 140, 93
15, 206, 140, 54
15, 398, 140, 33
15, 50, 140, 81
15, 86, 140, 35
15, 376, 140, 31
15, 94, 140, 19
15, 5, 141, 26
15, 230, 141, 3
15, 390, 141, 65
15, 392, 141, 6
15, 236, 141, 38
15, 45, 141, 4
15, 142, 141, 97
15, 304, 141, 39
15, 338, 141, 39
15, 279, 141, 62
15, 222, 141, 4
15, 375, 141, 11
15, 227, 142, 85
15, 132, 142, 77
15, 122, 142, 44
15, 138, 142, 58
15, 364, 142, 52
15, 143, 142, 4
15, 114, 142, 91
15, 83, 142, 39
15, 275, 142, 38
15, 247, 142, 90
15, 216, 142, 87
15, 26, 142, 24
15, 256, 143, 9
15, 162, 143, 3
15, 291, 143, 47
15, 388, 143, 43
15, 262, 143, 36
15, 326, 143, 48
15, 169, 143, 19
15, 41, 143, 55
15, 239, 143, 79
15, 176, 143, 34
15, 144, 143, 16
15, 48, 143, 62
15, 116, 143, 63
15, 189, 143, 88
15, 382, 143, 17
15, 192, 144, 99
15, 225, 144, 38
15, 232, 144, 47
15, 333, 144, 84
15, 205, 144, 93
15, 367, 144, 36
15, 156, 144, 91
15, 146, 144, 30
15, 19, 144, 86
15, 348, 144, 18
15, 224, 145, 42
15, 290, 145, 20
15, 35, 145, 89
15, 197, 145, 92
15, 175, 145, 94
15, 112, 145, 18
15, 15, 145, 50
15, 378, 145, 8
15, 41, 146, 55
15, 331, 146, 25
15, 398, 146, 33
15, 78, 146, 1
15, 126, 146, 52
15, 259, 147, 81
15, 240, 147, 34
15, 52, 147, 93
15, 181, 147, 25
15, 279, 147, 62
15, 290, 148, 20
15, 259, 148, 81
15, 228, 148, 91
15, 396, 148, 50
15, 333, 148, 84
15, 144, 148, 16
15, 82, 148, 60
15, 20, 148, 48
15, 277, 148, 25
15, 180, 148, 3
15, 215, 148, 98
15, 121, 148, 63
15, 154, 148, 18
15, 381, 148, 48
15, 293, 149, 81
15, 107, 149, 51
15, 12, 149, 30
15, 301, 149, 75
15, 213, 149, 51
15, 8, 150, 46
15, 73, 150, 83
15, 57, 150, 48
15, 347, 150, 18
15, 156, 150, 91
15, 286, 150, 100
15, 224, 151, 42
15, 64, 151, 71
15, 259, 151, 81
15, 391, 151, 10
15, 232, 151, 47
15, 145, 151, 18
15, 150, 151, 47
15, 345, 151, 93
15, 315, 151, 32
15, 387, 152, 67
15, 268, 152, 55
15, 144, 152, 16
15, 149, 152, 9
15, 32, 152, 47
15, 37, 152, 58
15, 57, 152, 48
15, 324, 152, 44
15, 338, 152, 39
15, 211, 152, 9
15, 89, 152, 54
15, 223, 152, 8
15, 98, 152, 16
15, 101, 152, 33
15, 358, 152, 10
15, 110, 152, 47
15, 371, 152, 73
15, 253, 152, 34
15, 126, 152, 52
15, 36, 153, 99
15, 327, 153, 17
15, 167, 153, 53
15, 137, 153, 2
15, 331, 153, 25
15, 155, 153, 43
15, 300, 153, 47
15, 179, 153, 25
15, 84, 153, 25
15, 187, 153, 59
15, 255, 153, 90
15, 320, 154, 27
15, 65, 154, 12
15, 165, 154, 86
15, 326, 154, 48
15, 199, 154, 23
15, 360, 154, 14
15, 331, 154, 25
15, 363, 154, 31
15, 277, 154, 25
15, 152, 154, 47
15, 377, 154, 11
15, 282, 154, 66
15, 187, 154, 59
15, 29, 154, 10
15, 385, 155, 35
15, 194, 155, 28
15, 358, 155, 10
15, 262, 155, 36
15, 8, 155, 46
15, 327, 155, 17
15, 60, 155, 67
15, 239, 155, 79
15, 111, 155, 22
15, 149, 155, 9
15, 278, 155, 11
15, 316, 155, 5
15, 222, 155, 4
15, 382, 155, 17
15, 128, 156, 22
15, 193, 156, 39
15, 382, 156, 17
15, 323, 156, 52
15, 3, 156, 19
15, 198, 156, 27
15, 71, 156, 70
15, 232, 156, 47
15, 43, 156, 2
15, 204, 156, 63
15, 237, 156, 59
15, 143, 156, 4
15, 367, 156, 36
15, 145, 156, 18
15, 182, 156, 84
15, 252, 156, 73
15, 254, 156, 61
15, 384, 157, 89
15, 33, 157, 73
15, 280, 157, 31
15, 288, 157, 16
15, 388, 157, 43
15, 5, 157, 26
15, 166, 157, 22
15, 7, 157, 34
15, 397, 157, 94
15, 208, 157, 94
15, 337, 157, 15
15, 116, 157, 63
15, 245, 157, 57
15, 246, 157, 30
15, 248, 157, 53
15, 154, 157, 18
15, 69, 158, 66
15, 122, 158, 44
15, 295, 158, 32
15, 139, 158, 42
15, 108, 158, 98
15, 111, 158, 22
15, 80, 158, 23
15, 15, 158, 50
15, 306, 158, 87
15, 115, 158, 60
15, 20, 158, 48
15, 376, 158, 31
15, 250, 158, 59
15, 187, 158, 59
15, 94, 158, 19
15, 352, 159, 67
15, 386, 159, 7
15, 389, 159, 1
15, 71, 159, 70
15, 167, 159, 53
15, 170, 159, 21
15, 273, 159, 87
15, 210, 159, 17
15, 52, 159, 93
15, 158, 159, 33
15, 193, 160, 39
15, 290, 160, 20
15, 258, 160, 5
15, 35, 160, 89
15, 262, 160, 36
15, 328, 160, 78
15, 301, 160, 75
15, 51, 160, 82
15, 55, 160, 25
15, 376, 160, 31
15, 183, 160, 15
15, 215, 160, 98
15, 187, 160, 59
15, 351, 160, 64
15, 160, 161, 41
15, 193, 161, 39
15, 73, 161, 83
15, 335, 161, 8
15, 368, 161, 8
15, 144, 161, 16
15, 115, 161, 60
15, 309, 161, 52
15, 313, 161, 83
15, 127, 161, 37
15, 31, 161, 71
15, 312, 162, 3
15, 237, 162, 59
15, 17, 162, 56
15, 86, 162, 35
15, 247, 162, 90
15, 120, 162, 42
15, 28, 162, 42
15, 29, 162, 10
15, 224, 163, 42
15, 226, 163, 64
15, 71, 163, 70
15, 104, 163, 20
15, 267, 163, 60
15, 269, 163, 8
15, 79, 163, 31
15, 241, 163, 11
15, 51, 163, 82
15, 340, 163, 25
15, 373, 163, 50
15, 344, 163, 9
15, 249, 163, 90
15, 92, 163, 78
15, 62, 163, 68
15, 127, 163, 37
15, 290, 164, 20
15, 329, 164, 51
15, 202, 164, 23
15, 140, 164, 56
15, 269, 164, 8
15, 238, 164, 24
15, 177, 164, 76
15, 86, 164, 35
15, 215, 164, 98
15, 126, 164, 52
15, 3, 165, 19
15, 132, 165, 77
15, 5, 165, 26
15, 23, 165, 85
15, 152, 165, 47
15, 287, 165, 84
15, 164, 165, 1
15, 172, 165, 96
15, 51, 165, 82
15, 310, 165, 42
15, 198, 165, 27
15, 200, 165, 10
15, 345, 165, 93
15, 96, 165, 48
15, 354, 165, 28
15, 235, 165, 29
15, 116, 165, 63
15, 125, 165, 4
15, 383, 165, 26
15, 35, 166, 89
15, 136, 166, 37
15, 296, 166, 8
15, 298, 166, 57
15, 334, 166, 92
15, 341, 166, 45
15, 278, 166, 11
15, 23, 166, 85
15, 255, 166, 90
15, 160, 167, 41
15, 193, 167, 39
15, 323, 167, 52
15, 167, 167, 53
15, 263, 167, 28
15, 44, 167, 71
15, 78, 167, 1
15, 338, 167, 39
15, 339, 167, 11
15, 314, 167, 40
15, 315, 167, 32
15, 316, 167, 5
15, 101, 168, 33
15, 360, 168, 14
15, 136, 168, 37
15, 145, 168, 18
15, 337, 168, 15
15, 52, 168, 93
15, 244, 168, 2
15, 58, 168, 38
15, 61, 168, 89
15, 318, 168, 73
15, 319, 168, 58
15, 223, 169, 8
15, 68, 169, 37
15, 14, 169, 61
15, 399, 169, 57
15, 46, 169, 15
15, 242, 169, 82
15, 277, 169, 25
15, 54, 169, 18
15, 279, 169, 62
15, 120, 169, 42
15, 26, 169, 24
15, 316, 169, 5
15, 318, 169, 73
15, 319, 169, 58
15, 217, 170, 9
15, 71, 170, 70
15, 330, 170, 84
15, 304, 170, 39
15, 144, 170, 16
15, 245, 170, 57
15, 184, 170, 64
15, 185, 170, 13
15, 250, 170, 59
15, 94, 170, 19
15, 95, 170, 6
15, 1, 171, 95
15, 323, 171, 52
15, 325, 171, 3
15, 361, 171, 5
15, 170, 171, 21
15, 175, 171, 94
15, 370, 171, 50
15, 115, 171, 60
15, 374, 171, 13
15, 55, 171, 25
15, 152, 171, 47
15, 187, 171, 59
15, 252, 171, 73
15, 158, 171, 33
15, 195, 172, 95
15, 388, 172, 43
15, 69, 172, 66
15, 392, 172, 6
15, 234, 172, 55
15, 91, 172, 60
15, 76, 172, 90
15, 13, 172, 78
15, 369, 172, 69
15, 23, 172, 85
15, 279, 172, 62
15, 379, 172, 93
15, 348, 172, 18
15, 94, 172, 19
15, 193, 173, 39
15, 312, 173, 3
15, 196, 173, 86
15, 133, 173, 61
15, 102, 173, 14
15, 137, 173, 2
15, 363, 173, 31
15, 300, 173, 47
15, 237, 173, 59
15, 28, 173, 42
15, 273, 173, 87
15, 210, 173, 17
15, 247, 173, 90
15, 24, 173, 45
15, 185, 173, 13
15, 378, 173, 8
15, 60, 173, 67
15, 65, 174, 12
15, 386, 174, 7
15, 196, 174, 86
15, 360, 174, 14
15, 138, 174, 58
15, 235, 174, 29
15, 185, 174, 13
15, 219, 174, 97
15, 63, 174, 7
15, 160, 175, 41
15, 386, 175, 7
15, 42, 175, 34
15, 398, 175, 33
15, 244, 175, 2
15, 381, 175, 48
15, 226, 176, 64
15, 131, 176, 51
15, 36, 176, 99
15, 164, 176, 1
15, 9, 176, 31
15, 171, 176, 2
15, 364, 176, 52
15, 108, 176, 98
15, 18, 176, 46
15, 182, 176, 84
15, 22, 176, 45
15, 217, 176, 9
15, 125, 176, 4
15, 65, 177, 12
15, 98, 177, 16
15, 322, 177, 27
15, 100, 177, 100
15, 259, 177, 81
15, 296, 177, 8
15, 74, 177, 74
15, 240, 177, 34
15, 82, 177, 60
15, 153, 177, 82
15, 156, 177, 91
15, 349, 177, 24
15, 160, 178, 41
15, 67, 178, 75
15, 163, 178, 91
15, 261, 178, 53
15, 168, 178, 32
15, 169, 178, 19
15, 9, 178, 31
15, 301, 178, 75
15, 144, 178, 16
15, 17, 178, 56
15, 306, 178, 87
15, 148, 178, 92
15, 345, 178, 93
15, 194, 179, 28
15, 90, 179, 47
15, 6, 179, 38
15, 295, 179, 32
15, 235, 179, 29
15, 307, 179, 2
15, 180, 179, 3
15, 340, 179, 25
15, 86, 179, 35
15, 58, 179, 38
15, 124, 179, 57
15, 384, 180, 89
15, 196, 180, 86
15, 133, 180, 61
15, 6, 180, 38
15, 135, 180, 88
15, 268, 180, 55
15, 141, 180, 55
15, 17, 180, 56
15, 57, 180, 48
15, 282, 180, 66
15, 251, 180, 27
15, 359, 181, 91
15, 264, 181, 84
15, 11, 181, 97
15, 204, 181, 63
15, 12, 181, 30
15, 212, 181, 82
15, 85, 181, 67
15, 182, 181, 84
15, 87, 181, 82
15, 24, 181, 45
15, 158, 181, 33
15, 153, 182, 82
15, 199, 182, 23
15, 71, 182, 70
15, 136, 182, 37
15, 10, 182, 69
15, 43, 182, 2
15, 268, 182, 55
15, 370, 182, 50
15, 340, 182, 25
15, 150, 182, 47
15, 185, 182, 13
15, 191, 182, 95
15, 289, 183, 50
15, 6, 183, 38
15, 40, 183, 49
15, 334, 183, 92
15, 211, 183, 9
15, 254, 183, 61
15, 54, 183, 18
15, 23, 183, 85
15, 121, 183, 63
15, 285, 183, 33
15, 158, 183, 33
15, 286, 183, 100
15, 5, 184, 26
15, 136, 184, 37
15, 138, 184, 58
15, 20, 184, 48
15, 184, 184, 64
15, 348, 184, 18
15, 30, 184, 47
15, 95, 184, 6
15, 65, 185, 12
15, 355, 185, 40
15, 68, 185, 37
15, 294, 185, 51
15, 170, 185, 21
15, 330, 185, 84
15, 12, 185, 30
15, 268, 185, 55
15, 369, 185, 69
15, 118, 185, 58
15, 254, 185, 61
15, 156, 185, 91
15, 190, 185, 44
15, 193, 186, 39
15, 229, 186, 78
15, 230, 186, 3
15, 232, 186, 47
15, 77, 186, 54
15, 144, 186, 16
15, 337, 186, 15
15, 256, 187, 9
15, 1, 187, 95
15, 130, 187, 22
15, 263, 187, 28
15, 267, 187, 60
15, 11, 187, 97
15, 397, 187, 94
15, 269, 187, 8
15, 283, 187, 18
15, 155, 187, 43
15, 299, 187, 35
15, 172, 187, 96
15, 305, 187, 79
15, 181, 187, 25
15, 196, 187, 86
15, 332, 187, 34
15, 90, 187, 47
15, 358, 187, 10
15, 232, 187, 47
15, 252, 187, 73
15, 385, 188, 35
15, 132, 188, 77
15, 261, 188, 53
15, 260, 188, 7
15, 395, 188, 59
15, 284, 188, 81
15, 285, 188, 33
15, 286, 188, 100
15, 301, 188, 75
15, 53, 188, 70
15, 187, 188, 59
15, 316, 188, 5
15, 196, 188, 86
15, 326, 188, 48
15, 331, 188, 25
15, 80, 188, 23
15, 341, 188, 45
15, 242, 188, 82
15, 248, 188, 53
15, 125, 188, 4
15, 33, 189, 73
15, 324, 189, 44
15, 4, 189, 34
15, 326, 189, 48
15, 231, 189, 68
15, 13, 189, 78
15, 333, 189, 84
15, 397, 189, 94
15, 83, 189, 39
15, 340, 189, 25
15, 28, 189, 42
15, 317, 189, 25
15, 191, 189, 95
15, 99, 190, 69
15, 38, 190, 32
15, 168, 190, 32
15, 73, 190, 83
15, 267, 190, 60
15, 175, 190, 94
15, 337, 190, 15
15, 28, 190, 42
15, 382, 190, 17
15, 68, 191, 37
15, 69, 191, 66
15, 199, 191, 23
15, 170, 191, 21
15, 48, 191, 62
15, 19, 191, 86
15, 275, 191, 38
15, 182, 191, 84
15, 57, 191, 48
15, 218, 191, 63
15, 316, 191, 5
15, 221, 191, 18
15, 160, 192, 41
15, 257, 192, 95
15, 228, 192, 91
15, 326, 192, 48
15, 360, 192, 14
15, 171, 192, 2
15, 46, 192, 15
15, 19, 192, 86
15, 375, 192, 11
15, 61, 192, 89
15, 355, 193, 40
15, 5, 193, 26
15, 294, 193, 51
15, 263, 193, 28
15, 392, 193, 6
15, 135, 193, 88
15, 202, 193, 23
15, 107, 193, 51
15, 327, 193, 17
15, 360, 193, 14
15, 199, 193, 23
15, 367, 193, 36
15, 115, 193, 60
15, 52, 193, 93
15, 310, 193, 42
15, 312, 193, 3
15, 252, 193, 73
15, 323, 194, 52
15, 7, 194, 34
15, 295, 194, 32
15, 361, 194, 5
15, 211, 194, 9
15, 21, 194, 71
15, 374, 194, 13
15, 91, 194, 60
15, 192, 195, 99
15, 26, 195, 24
15, 58, 195, 38
15, 154, 195, 18
15, 103, 195, 27
15, 204, 195, 63
15, 269, 195, 8
15, 314, 195, 40
15, 205, 195, 93
15, 141, 195, 55
15, 339, 195, 11
15, 307, 195, 2
15, 85, 195, 67
15, 153, 195, 82
15, 186, 195, 43
15, 160, 196, 41
15, 36, 196, 99
15, 7, 196, 34
15, 158, 196, 33
15, 139, 196, 42
15, 109, 196, 25
15, 46, 196, 15
15, 143, 196, 4
15, 51, 196, 82
15, 283, 196, 18
15, 254, 196, 61
15, 96, 197, 48
15, 327, 197, 17
15, 40, 197, 49
15, 233, 197, 40
15, 107, 197, 51
15, 270, 197, 85
15, 14, 197, 61
15, 337, 197, 15
15, 340, 197, 25
15, 130, 198, 22
15, 202, 198, 23
15, 107, 198, 51
15, 76, 198, 90
15, 78, 198, 1
15, 241, 198, 11
15, 273, 198, 87
15, 340, 198, 25
15, 220, 198, 76
15, 29, 198, 10
15, 383, 198, 26
15, 386, 199, 7
15, 344, 199, 9
15, 100, 199, 100
15, 261, 199, 53
15, 41, 199, 55
15, 396, 199, 50
15, 399, 199, 57
15, 21, 199, 71
15, 309, 199, 52
15, 216, 199, 87
15, 24, 199, 45
15, 315, 199, 32
15, 63, 199, 7
