200, 400, 20
43, 5, 0, 36
43, 263, 0, 60
43, 18, 0, 55
43, 21, 0, 37
43, 152, 0, 87
43, 159, 0, 18
43, 166, 0, 30
43, 41, 0, 30
43, 298, 0, 74
43, 45, 0, 19
43, 59, 0, 8
43, 199, 0, 95
43, 353, 0, 54
43, 235, 0, 15
43, 107, 0, 23
43, 237, 0, 44
43, 111, 0, 33
43, 372, 0, 21
43, 122, 0, 38
43, 0, 1, 76
43, 195, 1, 84
43, 164, 1, 7
43, 197, 1, 8
43, 263, 1, 60
43, 41, 1, 30
43, 329, 1, 73
43, 246, 1, 61
43, 187, 1, 90
43, 316, 1, 38
43, 32, 2, 51
43, 193, 2, 55
43, 131, 2, 54
43, 356, 2, 93
43, 358, 2, 12
43, 359, 2, 78
43, 208, 2, 21
43, 244, 2, 48
43, 86, 2, 49
43, 343, 2, 36
43, 248, 2, 6
43, 313, 2, 86
43, 25, 2, 12
43, 319, 2, 82
43, 384, 3, 29
43, 74, 3, 55
43, 209, 3, 58
43, 246, 3, 61
43, 154, 3, 98
43, 323, 4, 66
43, 68, 4, 59
43, 132, 4, 7
43, 113, 4, 2
43, 82, 4, 48
43, 369, 4, 99
43, 309, 4, 12
43, 55, 4, 35
43, 313, 4, 86
43, 251, 4, 19
43, 3, 5, 69
43, 132, 5, 7
43, 197, 5, 8
43, 131, 5, 54
43, 263, 5, 60
43, 7, 5, 45
43, 329, 5, 73
43, 72, 5, 38
43, 39, 5, 61
43, 42, 5, 10
43, 336, 5, 38
43, 146, 5, 97
43, 276, 5, 11
43, 21, 5, 37
43, 308, 5, 66
43, 90, 5, 19
43, 219, 5, 40
43, 361, 6, 32
43, 233, 6, 33
43, 203, 6, 12
43, 314, 6, 23
43, 212, 6, 57
43, 150, 6, 8
43, 154, 6, 98
43, 254, 6, 65
43, 385, 7, 57
43, 129, 7, 72
43, 67, 7, 22
43, 102, 7, 24
43, 262, 7, 27
43, 328, 7, 41
43, 8, 7, 53
43, 235, 7, 15
43, 300, 7, 55
43, 364, 7, 95
43, 307, 7, 18
43, 158, 7, 23
43, 351, 7, 65
43, 332, 8, 41
43, 368, 8, 68
43, 278, 8, 56
43, 151, 8, 32
43, 222, 8, 89
43, 192, 9, 21
43, 32, 9, 51
43, 292, 9, 3
43, 133, 9, 18
43, 388, 9, 46
43, 74, 9, 55
43, 45, 9, 19
43, 46, 9, 46
43, 367, 9, 8
43, 272, 9, 80
43, 145, 9, 1
43, 82, 9, 48
43, 366, 9, 65
43, 333, 9, 90
43, 149, 9, 68
43, 222, 9, 89
43, 63, 9, 26
43, 352, 10, 39
43, 34, 10, 22
43, 294, 10, 88
43, 75, 10, 84
43, 300, 10, 55
43, 339, 10, 54
43, 19, 10, 39
43, 120, 10, 55
43, 185, 10, 35
43, 26, 10, 44
43, 253, 10, 49
43, 318, 11, 70
43, 129, 11, 72
43, 194, 11, 74
43, 35, 11, 100
43, 259, 11, 8
43, 261, 11, 81
43, 4, 11, 29
43, 327, 11, 96
43, 296, 11, 48
43, 139, 11, 13
43, 277, 11, 37
43, 21, 11, 37
43, 119, 11, 100
43, 122, 11, 38
43, 61, 11, 35
43, 62, 11, 91
43, 384, 12, 29
43, 325, 12, 24
43, 268, 12, 38
43, 116, 12, 43
43, 180, 12, 43
43, 23, 12, 76
43, 28, 12, 16
43, 285, 12, 34
43, 128, 13, 63
43, 291, 13, 64
43, 164, 13, 7
43, 40, 13, 4
43, 201, 13, 3
43, 203, 13, 12
43, 12, 13, 90
43, 177, 13, 54
43, 151, 13, 32
43, 289, 14, 74
43, 259, 14, 8
43, 164, 14, 7
43, 296, 14, 48
43, 361, 14, 32
43, 362, 14, 3
43, 106, 14, 73
43, 250, 14, 30
43, 233, 14, 33
43, 302, 14, 48
43, 16, 14, 11
43, 122, 14, 38
43, 283, 14, 44
43, 382, 14, 100
43, 298, 15, 74
43, 334, 15, 18
43, 175, 15, 97
43, 28, 15, 16
43, 254, 15, 65
43, 193, 16, 55
43, 68, 16, 59
43, 326, 16, 76
43, 295, 16, 75
43, 304, 16, 6
43, 29, 16, 40
43, 277, 16, 37
43, 282, 16, 85
43, 189, 16, 12
43, 255, 16, 90
43, 37, 17, 22
43, 265, 17, 72
43, 82, 17, 48
43, 149, 17, 68
43, 246, 17, 61
43, 281, 17, 20
43, 159, 18, 18
43, 385, 18, 57
43, 98, 18, 78
43, 292, 18, 3
43, 166, 18, 30
43, 39, 18, 61
43, 392, 18, 3
43, 137, 18, 6
43, 327, 18, 96
43, 167, 18, 68
43, 38, 18, 78
43, 105, 18, 45
43, 48, 18, 50
43, 370, 18, 50
43, 57, 18, 16
43, 92, 18, 79
43, 319, 18, 82
43, 257, 19, 60
43, 322, 19, 6
43, 197, 19, 8
43, 69, 19, 26
43, 200, 19, 8
43, 169, 19, 52
43, 12, 19, 90
43, 119, 19, 100
43, 85, 19, 75
43, 278, 19, 56
43, 117, 19, 29
43, 222, 19, 89
43, 1, 20, 84
43, 366, 20, 65
43, 209, 20, 58
43, 18, 20, 55
43, 88, 20, 56
43, 190, 20, 56
43, 159, 20, 18
43, 322, 21, 6
43, 387, 21, 27
43, 229, 21, 29
43, 71, 21, 87
43, 231, 21, 28
43, 392, 21, 3
43, 205, 21, 76
43, 14, 21, 7
43, 238, 21, 48
43, 176, 21, 28
43, 81, 21, 17
43, 341, 21, 54
43, 186, 21, 66
43, 187, 21, 90
43, 28, 21, 16
43, 253, 21, 49
43, 191, 21, 25
43, 46, 22, 46
43, 16, 22, 11
43, 307, 22, 18
43, 53, 22, 77
43, 214, 22, 50
43, 376, 22, 50
43, 377, 22, 88
43, 216, 22, 10
43, 132, 23, 7
43, 270, 23, 31
43, 277, 23, 37
43, 150, 23, 8
43, 24, 23, 54
43, 295, 23, 75
43, 174, 23, 20
43, 46, 23, 46
43, 50, 23, 22
43, 52, 23, 2
43, 188, 23, 92
43, 62, 23, 91
43, 190, 23, 56
43, 65, 23, 32
43, 329, 23, 73
43, 207, 23, 89
43, 93, 23, 17
43, 361, 23, 32
43, 250, 23, 30
43, 64, 24, 59
43, 33, 24, 43
43, 232, 24, 7
43, 138, 24, 19
43, 43, 24, 89
43, 268, 24, 38
43, 173, 24, 12
43, 298, 24, 74
43, 399, 24, 90
43, 234, 24, 7
43, 114, 24, 86
43, 57, 24, 16
43, 187, 24, 90
43, 255, 24, 90
43, 99, 25, 81
43, 132, 25, 7
43, 228, 25, 63
43, 293, 25, 87
43, 396, 25, 32
43, 204, 25, 70
43, 207, 25, 89
43, 208, 25, 21
43, 16, 25, 11
43, 144, 25, 29
43, 187, 25, 90
43, 284, 25, 46
43, 384, 26, 29
43, 197, 26, 8
43, 7, 26, 45
43, 360, 26, 33
43, 297, 26, 92
43, 394, 26, 49
43, 363, 26, 22
43, 300, 26, 55
43, 141, 26, 83
43, 13, 26, 10
43, 370, 26, 50
43, 85, 26, 75
43, 312, 26, 7
43, 282, 26, 85
43, 30, 26, 42
43, 386, 27, 87
43, 387, 27, 27
43, 258, 27, 35
43, 260, 27, 76
43, 391, 27, 14
43, 139, 27, 13
43, 224, 28, 66
43, 130, 28, 49
43, 5, 28, 36
43, 262, 28, 27
43, 392, 28, 3
43, 329, 28, 73
43, 264, 28, 65
43, 301, 28, 69
43, 109, 28, 65
43, 303, 28, 18
43, 368, 28, 68
43, 305, 28, 92
43, 312, 28, 7
43, 252, 28, 74
43, 352, 29, 39
43, 353, 29, 54
43, 68, 29, 59
43, 357, 29, 97
43, 325, 29, 24
43, 167, 29, 68
43, 232, 29, 7
43, 79, 29, 85
43, 367, 29, 8
43, 247, 29, 77
43, 344, 29, 37
43, 313, 29, 86
43, 187, 29, 90
43, 191, 29, 25
43, 354, 30, 1
43, 101, 30, 64
43, 274, 30, 20
43, 244, 30, 48
43, 23, 30, 76
43, 37, 31, 22
43, 295, 31, 75
43, 9, 31, 40
43, 201, 31, 3
43, 41, 31, 30
43, 300, 31, 55
43, 108, 31, 21
43, 240, 31, 22
43, 220, 31, 91
43, 341, 31, 54
43, 374, 31, 18
43, 92, 31, 79
43, 125, 31, 45
43, 287, 31, 99
43, 194, 32, 74
43, 387, 32, 27
43, 386, 32, 87
43, 269, 32, 84
43, 178, 32, 77
43, 20, 32, 87
43, 62, 32, 91
43, 287, 32, 99
43, 128, 33, 63
43, 163, 33, 93
43, 227, 33, 53
43, 135, 33, 13
43, 103, 33, 26
43, 393, 33, 23
43, 11, 33, 34
43, 203, 33, 12
43, 206, 33, 23
43, 334, 33, 18
43, 270, 33, 31
43, 338, 33, 67
43, 275, 33, 22
43, 181, 33, 45
43, 376, 33, 50
43, 386, 34, 87
43, 298, 34, 74
43, 107, 34, 23
43, 13, 34, 10
43, 397, 34, 56
43, 15, 34, 37
43, 275, 34, 22
43, 185, 34, 35
43, 261, 35, 81
43, 264, 35, 65
43, 267, 35, 96
43, 142, 35, 17
43, 15, 35, 37
43, 149, 35, 68
43, 150, 35, 8
43, 30, 35, 42
43, 163, 35, 93
43, 41, 35, 30
43, 179, 35, 61
43, 55, 35, 35
43, 185, 35, 35
43, 317, 35, 63
43, 63, 35, 26
43, 320, 35, 43
43, 75, 35, 84
43, 217, 35, 98
43, 240, 35, 22
43, 120, 35, 55
43, 99, 36, 81
43, 69, 36, 26
43, 361, 36, 32
43, 169, 36, 52
43, 108, 36, 21
43, 17, 36, 85
43, 221, 36, 42
43, 222, 36, 89
43, 71, 37, 87
43, 201, 37, 3
43, 177, 37, 54
43, 116, 37, 43
43, 245, 37, 94
43, 27, 37, 88
43, 33, 38, 43
43, 35, 38, 100
43, 227, 38, 53
43, 90, 38, 19
43, 116, 38, 43
43, 186, 38, 66
43, 133, 39, 18
43, 136, 39, 27
43, 329, 39, 73
43, 234, 39, 7
43, 335, 39, 4
43, 240, 39, 22
43, 305, 39, 92
43, 55, 39, 35
43, 56, 39, 99
43, 26, 39, 44
43, 220, 39, 91
43, 94, 39, 96
43, 5, 40, 36
43, 135, 40, 13
43, 269, 40, 84
43, 110, 40, 36
43, 142, 40, 17
43, 144, 40, 29
43, 209, 40, 58
43, 305, 40, 92
43, 243, 40, 85
43, 79, 40, 85
43, 309, 40, 12
43, 21, 40, 37
43, 90, 40, 19
43, 28, 40, 16
43, 69, 41, 26
43, 327, 41, 96
43, 186, 41, 66
43, 71, 41, 87
43, 139, 41, 13
43, 332, 41, 41
43, 276, 41, 11
43, 53, 41, 77
43, 52, 41, 2
43, 372, 41, 21
43, 248, 41, 6
43, 185, 41, 35
43, 250, 41, 30
43, 96, 42, 20
43, 130, 42, 49
43, 165, 42, 6
43, 74, 42, 55
43, 303, 42, 18
43, 179, 42, 61
43, 153, 42, 9
43, 224, 43, 66
43, 160, 43, 26
43, 226, 43, 39
43, 108, 43, 21
43, 364, 43, 95
43, 174, 43, 20
43, 175, 43, 97
43, 177, 43, 54
43, 306, 43, 84
43, 18, 43, 55
43, 63, 43, 26
43, 384, 44, 29
43, 98, 44, 78
43, 290, 44, 28
43, 227, 44, 53
43, 322, 44, 6
43, 376, 44, 50
43, 199, 44, 95
43, 392, 44, 3
43, 40, 44, 4
43, 325, 44, 24
43, 228, 44, 63
43, 108, 44, 21
43, 333, 44, 90
43, 238, 44, 48
43, 208, 44, 21
43, 312, 44, 7
43, 56, 44, 99
43, 288, 45, 91
43, 32, 45, 51
43, 301, 45, 69
43, 205, 45, 76
43, 273, 45, 34
43, 179, 45, 61
43, 115, 45, 8
43, 249, 45, 47
43, 26, 45, 44
43, 0, 46, 76
43, 385, 46, 57
43, 139, 46, 13
43, 21, 46, 37
43, 281, 46, 20
43, 292, 46, 3
43, 167, 46, 68
43, 180, 46, 43
43, 182, 46, 100
43, 63, 46, 26
43, 320, 46, 43
43, 195, 46, 84
43, 325, 46, 24
43, 72, 46, 38
43, 95, 46, 56
43, 353, 46, 54
43, 228, 46, 63
43, 380, 46, 87
43, 127, 46, 20
43, 384, 47, 29
43, 134, 47, 11
43, 135, 47, 13
43, 209, 47, 58
43, 150, 47, 8
43, 346, 47, 48
43, 351, 47, 65
43, 64, 48, 59
43, 321, 48, 85
43, 226, 48, 39
43, 291, 48, 64
43, 201, 48, 3
43, 105, 48, 45
43, 395, 48, 55
43, 332, 48, 41
43, 46, 48, 46
43, 113, 48, 2
43, 145, 48, 1
43, 214, 48, 50
43, 318, 48, 70
43, 259, 49, 8
43, 201, 49, 3
43, 84, 49, 5
43, 119, 49, 100
43, 154, 49, 98
43, 37, 50, 22
43, 249, 50, 47
43, 171, 50, 63
43, 349, 50, 33
43, 110, 50, 36
43, 239, 50, 65
43, 145, 50, 1
43, 148, 50, 65
43, 189, 50, 12
43, 310, 50, 63
43, 182, 50, 100
43, 56, 50, 99
43, 345, 50, 39
43, 118, 50, 47
43, 220, 50, 91
43, 285, 50, 34
43, 261, 51, 81
43, 236, 51, 14
43, 300, 51, 55
43, 339, 51, 54
43, 21, 51, 37
43, 310, 51, 63
43, 388, 52, 46
43, 294, 52, 88
43, 7, 52, 45
43, 8, 52, 53
43, 167, 52, 68
43, 236, 52, 14
43, 145, 52, 1
43, 115, 52, 8
43, 21, 52, 37
43, 119, 52, 100
43, 216, 52, 10
43, 26, 52, 44
43, 88, 52, 56
43, 0, 53, 76
43, 34, 53, 22
43, 2, 53, 12
43, 229, 53, 29
43, 136, 53, 27
43, 107, 53, 23
43, 44, 53, 65
43, 141, 53, 83
43, 139, 53, 13
43, 81, 53, 17
43, 147, 53, 72
43, 284, 53, 46
43, 56, 53, 99
43, 313, 53, 86
43, 156, 53, 76
43, 254, 53, 65
43, 159, 54, 18
43, 97, 54, 37
43, 228, 54, 63
43, 132, 54, 7
43, 8, 54, 53
43, 360, 54, 33
43, 273, 54, 34
43, 277, 54, 37
43, 54, 54, 69
43, 285, 54, 34
43, 31, 54, 88
43, 257, 55, 60
43, 226, 55, 39
43, 36, 55, 13
43, 308, 55, 66
43, 90, 55, 19
43, 173, 56, 12
43, 237, 56, 44
43, 176, 56, 28
43, 112, 56, 21
43, 306, 56, 84
43, 211, 56, 41
43, 240, 56, 22
43, 85, 56, 75
43, 113, 56, 2
43, 248, 56, 6
43, 124, 56, 41
43, 126, 56, 17
43, 383, 56, 23
43, 193, 57, 55
43, 322, 57, 6
43, 290, 57, 28
43, 98, 57, 78
43, 101, 57, 64
43, 69, 57, 26
43, 51, 57, 38
43, 122, 57, 38
43, 31, 57, 88
43, 318, 57, 70
43, 191, 57, 25
43, 133, 58, 18
43, 71, 58, 87
43, 300, 58, 55
43, 306, 58, 84
43, 82, 58, 48
43, 30, 58, 42
43, 136, 59, 27
43, 301, 59, 69
43, 251, 59, 19
43, 54, 59, 69
43, 247, 59, 77
43, 344, 59, 37
43, 118, 59, 47
43, 317, 59, 63
43, 349, 59, 33
43, 9, 60, 40
43, 139, 60, 13
43, 267, 60, 96
43, 271, 60, 70
43, 148, 60, 65
43, 277, 60, 37
43, 284, 60, 46
43, 46, 60, 46
43, 175, 60, 97
43, 48, 60, 50
43, 319, 60, 82
43, 198, 60, 53
43, 328, 60, 41
43, 79, 60, 85
43, 215, 60, 95
43, 109, 60, 65
43, 240, 60, 22
43, 117, 60, 29
43, 383, 60, 23
43, 135, 61, 13
43, 47, 61, 20
43, 20, 61, 87
43, 118, 61, 47
43, 122, 61, 38
43, 389, 62, 99
43, 295, 62, 75
43, 392, 62, 3
43, 167, 62, 68
43, 331, 62, 25
43, 348, 62, 12
43, 356, 63, 93
43, 37, 63, 22
43, 325, 63, 24
43, 39, 63, 61
43, 110, 63, 36
43, 302, 63, 48
43, 272, 63, 80
43, 337, 63, 72
43, 308, 63, 66
43, 181, 63, 45
43, 245, 63, 94
43, 277, 63, 37
43, 244, 63, 48
43, 250, 63, 30
43, 29, 63, 40
43, 318, 63, 70
43, 195, 64, 84
43, 317, 64, 63
43, 46, 64, 46
43, 303, 64, 18
43, 111, 64, 33
43, 306, 64, 84
43, 115, 64, 8
43, 278, 64, 56
43, 87, 64, 32
43, 312, 64, 7
43, 122, 64, 38
43, 283, 64, 44
43, 29, 64, 40
43, 199, 65, 95
43, 263, 65, 60
43, 235, 65, 15
43, 173, 65, 12
43, 17, 65, 85
43, 57, 65, 16
43, 58, 65, 5
43, 226, 66, 39
43, 325, 66, 24
43, 75, 66, 84
43, 203, 66, 12
43, 367, 66, 8
43, 81, 66, 17
43, 244, 66, 48
43, 87, 66, 32
43, 250, 66, 30
43, 247, 66, 77
43, 316, 66, 38
43, 189, 66, 12
43, 193, 67, 55
43, 261, 67, 81
43, 198, 67, 53
43, 393, 67, 23
43, 268, 67, 38
43, 30, 67, 42
43, 255, 67, 90
43, 96, 68, 20
43, 256, 68, 64
43, 385, 68, 57
43, 195, 68, 84
43, 35, 68, 100
43, 5, 68, 36
43, 103, 68, 26
43, 92, 68, 79
43, 47, 68, 20
43, 156, 68, 76
43, 381, 68, 45
43, 179, 68, 61
43, 83, 68, 28
43, 380, 68, 87
43, 250, 68, 30
43, 284, 68, 46
43, 93, 68, 17
43, 127, 68, 20
43, 160, 69, 26
43, 228, 69, 63
43, 261, 69, 81
43, 133, 69, 18
43, 200, 69, 8
43, 201, 69, 3
43, 75, 69, 84
43, 399, 69, 90
43, 241, 69, 43
43, 211, 69, 41
43, 310, 69, 63
43, 247, 69, 77
43, 248, 69, 6
43, 121, 69, 17
43, 216, 69, 10
43, 319, 69, 82
43, 126, 70, 17
43, 101, 70, 64
43, 7, 70, 45
43, 14, 70, 7
43, 186, 70, 66
43, 286, 70, 38
43, 95, 70, 56
43, 384, 71, 29
43, 265, 71, 72
43, 201, 71, 3
43, 108, 71, 21
43, 336, 71, 38
43, 309, 71, 12
43, 311, 71, 70
43, 217, 71, 98
43, 226, 72, 39
43, 35, 72, 100
43, 102, 72, 24
43, 135, 72, 13
43, 203, 72, 12
43, 237, 72, 44
43, 303, 72, 18
43, 50, 72, 22
43, 89, 72, 3
43, 27, 72, 88
43, 252, 72, 74
43, 289, 73, 74
43, 132, 73, 7
43, 102, 73, 24
43, 166, 73, 30
43, 11, 73, 34
43, 12, 73, 90
43, 143, 73, 33
43, 207, 73, 89
43, 113, 73, 2
43, 18, 73, 55
43, 48, 73, 50
43, 342, 73, 81
43, 281, 73, 20
43, 351, 73, 65
43, 160, 74, 26
43, 98, 74, 78
43, 70, 74, 84
43, 13, 74, 10
43, 15, 74, 37
43, 178, 74, 77
43, 19, 74, 39
43, 277, 74, 37
43, 247, 74, 77
43, 155, 74, 2
43, 191, 74, 25
43, 384, 75, 29
43, 398, 75, 67
43, 207, 75, 89
43, 15, 75, 37
43, 211, 75, 41
43, 60, 75, 40
43, 30, 75, 42
43, 320, 76, 43
43, 161, 76, 84
43, 389, 76, 99
43, 70, 76, 84
43, 103, 76, 26
43, 105, 76, 45
43, 202, 76, 98
43, 139, 76, 13
43, 18, 76, 55
43, 310, 76, 63
43, 24, 76, 54
43, 120, 76, 55
43, 0, 77, 76
43, 5, 77, 36
43, 393, 77, 23
43, 145, 77, 1
43, 279, 77, 31
43, 290, 77, 28
43, 163, 77, 93
43, 294, 77, 88
43, 170, 77, 76
43, 173, 77, 12
43, 307, 77, 18
43, 59, 77, 8
43, 201, 77, 3
43, 206, 77, 23
43, 215, 77, 95
43, 359, 77, 78
43, 240, 77, 22
43, 115, 77, 8
43, 120, 77, 55
43, 288, 78, 91
43, 388, 78, 46
43, 101, 78, 64
43, 263, 78, 60
43, 108, 78, 21
43, 398, 78, 67
43, 84, 78, 5
43, 86, 78, 49
43, 375, 78, 89
43, 282, 78, 85
43, 91, 78, 45
43, 188, 78, 92
43, 4, 79, 29
43, 263, 79, 60
43, 140, 79, 25
43, 16, 79, 11
43, 275, 79, 22
43, 281, 79, 20
43, 51, 79, 38
43, 314, 79, 23
43, 195, 79, 84
43, 68, 79, 59
43, 69, 79, 26
43, 72, 79, 38
43, 201, 79, 3
43, 77, 79, 76
43, 207, 79, 89
43, 336, 79, 38
43, 230, 79, 91
43, 107, 79, 23
43, 123, 79, 88
43, 253, 79, 49
43, 228, 80, 63
43, 39, 80, 61
43, 362, 80, 3
43, 78, 80, 24
43, 337, 80, 72
43, 52, 80, 2
43, 246, 80, 61
43, 343, 80, 36
43, 94, 80, 96
43, 92, 80, 79
43, 126, 80, 17
43, 0, 81, 76
43, 389, 81, 99
43, 266, 81, 5
43, 143, 81, 33
43, 277, 81, 37
43, 26, 81, 44
43, 37, 81, 22
43, 301, 81, 69
43, 58, 81, 5
43, 316, 81, 38
43, 192, 81, 21
43, 325, 81, 24
43, 199, 81, 95
43, 214, 81, 50
43, 97, 81, 37
43, 110, 81, 36
43, 238, 81, 48
43, 241, 81, 43
43, 377, 81, 88
43, 7, 82, 45
43, 71, 82, 87
43, 41, 82, 30
43, 112, 82, 21
43, 241, 82, 43
43, 340, 82, 26
43, 341, 82, 54
43, 88, 82, 56
43, 89, 82, 3
43, 94, 82, 96
43, 160, 83, 26
43, 232, 83, 7
43, 329, 83, 73
43, 187, 83, 90
43, 238, 83, 48
43, 399, 83, 90
43, 241, 83, 43
43, 242, 83, 94
43, 245, 83, 94
43, 117, 83, 29
43, 280, 83, 26
43, 346, 83, 48
43, 91, 83, 45
43, 34, 84, 22
43, 198, 84, 53
43, 73, 84, 96
43, 201, 84, 3
43, 399, 84, 90
43, 210, 84, 47
43, 180, 84, 43
43, 375, 84, 89
43, 347, 84, 93
43, 93, 84, 17
43, 328, 85, 41
43, 270, 85, 31
43, 178, 85, 77
43, 51, 85, 38
43, 287, 85, 99
43, 36, 86, 13
43, 134, 86, 11
43, 135, 86, 13
43, 166, 86, 30
43, 391, 86, 14
43, 238, 86, 48
43, 84, 86, 5
43, 340, 86, 26
43, 118, 86, 47
43, 372, 86, 21
43, 152, 86, 87
43, 318, 86, 70
43, 2, 87, 12
43, 101, 87, 64
43, 145, 87, 1
43, 211, 87, 41
43, 311, 87, 70
43, 377, 87, 88
43, 259, 88, 8
43, 9, 88, 40
43, 137, 88, 6
43, 140, 88, 25
43, 18, 88, 55
43, 20, 88, 87
43, 23, 88, 76
43, 155, 88, 2
43, 166, 88, 30
43, 41, 88, 30
43, 194, 88, 74
43, 71, 88, 87
43, 329, 88, 73
43, 96, 88, 20
43, 226, 88, 39
43, 108, 88, 21
43, 114, 88, 86
43, 376, 88, 50
43, 121, 88, 17
43, 320, 89, 43
43, 288, 89, 91
43, 32, 89, 51
43, 259, 89, 8
43, 4, 89, 29
43, 358, 89, 12
43, 199, 89, 95
43, 136, 89, 27
43, 171, 89, 63
43, 332, 89, 41
43, 44, 89, 65
43, 271, 89, 70
43, 148, 89, 65
43, 21, 89, 37
43, 86, 89, 49
43, 214, 89, 50
43, 283, 89, 44
43, 349, 89, 33
43, 97, 90, 37
43, 390, 90, 39
43, 392, 90, 3
43, 236, 90, 14
43, 76, 90, 45
43, 79, 90, 85
43, 176, 90, 28
43, 82, 90, 48
43, 243, 90, 85
43, 372, 90, 21
43, 373, 90, 97
43, 87, 90, 32
43, 158, 90, 23
43, 333, 91, 90
43, 115, 91, 8
43, 57, 91, 16
43, 189, 91, 12
43, 158, 91, 23
43, 257, 92, 60
43, 130, 92, 49
43, 15, 92, 37
43, 274, 92, 20
43, 280, 92, 26
43, 158, 92, 23
43, 159, 92, 18
43, 291, 92, 64
43, 166, 92, 30
43, 39, 92, 61
43, 41, 92, 30
43, 50, 92, 22
43, 179, 92, 61
43, 51, 92, 38
43, 190, 92, 56
43, 194, 92, 74
43, 222, 92, 89
43, 115, 92, 8
43, 116, 92, 43
43, 249, 92, 47
43, 96, 93, 20
43, 136, 93, 27
43, 74, 93, 55
43, 143, 93, 33
43, 305, 93, 92
43, 340, 93, 26
43, 344, 93, 37
43, 377, 93, 88
43, 291, 94, 64
43, 5, 94, 36
43, 231, 94, 28
43, 274, 94, 20
43, 19, 94, 39
43, 21, 94, 37
43, 55, 94, 35
43, 190, 94, 56
43, 132, 95, 7
43, 106, 95, 73
43, 205, 95, 76
43, 275, 95, 22
43, 88, 95, 56
43, 121, 95, 17
43, 58, 95, 5
43, 94, 95, 96
43, 225, 96, 41
43, 163, 96, 93
43, 356, 96, 93
43, 394, 96, 49
43, 266, 96, 5
43, 301, 96, 69
43, 270, 96, 31
43, 144, 96, 29
43, 113, 96, 2
43, 274, 96, 20
43, 242, 96, 94
43, 212, 96, 57
43, 53, 96, 77
43, 88, 96, 56
43, 282, 96, 85
43, 61, 96, 35
43, 7, 97, 45
43, 113, 97, 2
43, 20, 97, 87
43, 311, 97, 70
43, 284, 97, 46
43, 382, 97, 100
43, 351, 97, 65
43, 164, 98, 7
43, 165, 98, 6
43, 38, 98, 78
43, 199, 98, 95
43, 200, 98, 8
43, 102, 98, 24
43, 187, 98, 90
43, 78, 98, 24
43, 251, 98, 19
43, 178, 98, 77
43, 146, 98, 97
43, 246, 98, 61
43, 184, 98, 18
43, 376, 98, 50
43, 90, 98, 19
43, 315, 98, 32
43, 254, 98, 65
43, 65, 99, 32
43, 67, 99, 22
43, 294, 99, 88
43, 238, 99, 48
43, 48, 99, 50
43, 273, 99, 34
43, 369, 99, 99
43, 272, 99, 80
43, 55, 99, 35
43, 215, 99, 95
43, 318, 99, 70
43, 96, 100, 20
43, 186, 100, 66
43, 279, 100, 31
43, 110, 100, 36
43, 127, 100, 20
43, 49, 100, 23
43, 20, 100, 87
43, 21, 100, 37
43, 348, 100, 12
43, 346, 100, 48
43, 155, 100, 2
43, 188, 100, 92
43, 317, 100, 63
43, 319, 100, 82
43, 225, 101, 41
43, 97, 101, 37
43, 356, 101, 93
43, 263, 101, 60
43, 103, 101, 26
43, 9, 101, 40
43, 235, 101, 15
43, 304, 101, 6
43, 181, 101, 45
43, 351, 101, 65
43, 99, 102, 81
43, 131, 102, 54
43, 15, 102, 37
43, 118, 102, 47
43, 159, 102, 18
43, 166, 103, 30
43, 7, 103, 45
43, 108, 103, 21
43, 18, 103, 55
43, 19, 103, 39
43, 180, 103, 43
43, 85, 103, 75
43, 246, 103, 61
43, 341, 103, 54
43, 344, 103, 37
43, 57, 103, 16
43, 251, 103, 19
43, 188, 103, 92
43, 152, 103, 87
43, 352, 104, 39
43, 258, 104, 35
43, 328, 104, 41
43, 298, 104, 74
43, 43, 104, 89
43, 45, 104, 19
43, 48, 104, 50
43, 213, 104, 85
43, 121, 104, 17
43, 124, 104, 41
43, 225, 105, 41
43, 36, 105, 13
43, 101, 105, 64
43, 281, 105, 20
43, 166, 105, 30
43, 137, 105, 6
43, 106, 105, 73
43, 171, 105, 63
43, 237, 105, 44
43, 238, 105, 48
43, 110, 105, 36
43, 368, 105, 68
43, 174, 105, 20
43, 148, 105, 65
43, 244, 105, 48
43, 87, 105, 32
43, 345, 105, 39
43, 31, 105, 88
43, 354, 106, 1
43, 228, 106, 63
43, 389, 106, 99
43, 102, 106, 24
43, 357, 106, 97
43, 362, 106, 3
43, 235, 106, 15
43, 365, 106, 57
43, 237, 106, 44
43, 13, 106, 10
43, 175, 106, 97
43, 305, 106, 92
43, 339, 106, 54
43, 348, 106, 12
43, 64, 107, 59
43, 288, 107, 91
43, 324, 107, 68
43, 100, 107, 2
43, 294, 107, 88
43, 295, 107, 75
43, 392, 107, 3
43, 326, 107, 76
43, 356, 107, 93
43, 81, 107, 17
43, 55, 107, 35
43, 182, 107, 100
43, 311, 107, 70
43, 219, 107, 40
43, 284, 107, 46
43, 61, 107, 35
43, 64, 108, 59
43, 257, 108, 60
43, 26, 108, 44
43, 388, 108, 46
43, 100, 108, 2
43, 133, 108, 18
43, 39, 108, 61
43, 393, 108, 23
43, 397, 108, 56
43, 302, 108, 48
43, 47, 108, 20
43, 50, 108, 22
43, 372, 108, 21
43, 373, 108, 97
43, 217, 108, 98
43, 218, 108, 83
43, 284, 108, 46
43, 94, 108, 96
43, 318, 109, 70
43, 386, 109, 87
43, 68, 109, 59
43, 39, 109, 61
43, 137, 109, 6
43, 172, 109, 69
43, 364, 109, 95
43, 112, 109, 21
43, 241, 109, 43
43, 215, 109, 95
43, 248, 109, 6
43, 380, 109, 87
43, 58, 109, 5
43, 247, 109, 77
43, 188, 109, 92
43, 151, 109, 32
43, 386, 110, 87
43, 358, 110, 12
43, 327, 110, 96
43, 232, 110, 7
43, 297, 110, 92
43, 42, 110, 10
43, 331, 110, 25
43, 332, 110, 41
43, 200, 110, 8
43, 281, 110, 20
43, 47, 110, 20
43, 397, 110, 56
43, 369, 110, 99
43, 275, 110, 22
43, 345, 110, 39
43, 282, 110, 85
43, 125, 110, 45
43, 286, 110, 38
43, 287, 111, 99
43, 197, 111, 8
43, 390, 111, 39
43, 101, 111, 64
43, 327, 111, 96
43, 169, 111, 52
43, 333, 111, 90
43, 45, 111, 19
43, 305, 111, 92
43, 51, 111, 38
43, 20, 111, 87
43, 85, 111, 75
43, 182, 111, 100
43, 181, 111, 45
43, 159, 111, 18
43, 0, 112, 76
43, 324, 112, 68
43, 265, 112, 72
43, 43, 112, 89
43, 204, 112, 70
43, 203, 112, 12
43, 303, 112, 18
43, 16, 112, 11
43, 305, 112, 92
43, 274, 112, 20
43, 49, 112, 23
43, 63, 112, 26
43, 97, 113, 37
43, 354, 113, 1
43, 255, 113, 90
43, 389, 113, 99
43, 294, 113, 88
43, 137, 113, 6
43, 399, 113, 90
43, 112, 113, 21
43, 15, 113, 37
43, 180, 113, 43
43, 277, 113, 37
43, 118, 113, 47
43, 373, 113, 97
43, 26, 113, 44
43, 60, 113, 40
43, 381, 113, 45
43, 287, 113, 99
43, 101, 114, 64
43, 262, 114, 27
43, 296, 114, 48
43, 345, 114, 39
43, 362, 114, 3
43, 171, 114, 63
43, 367, 114, 8
43, 273, 114, 34
43, 153, 114, 9
43, 226, 115, 39
43, 293, 115, 87
43, 167, 115, 68
43, 264, 115, 65
43, 40, 115, 4
43, 106, 115, 73
43, 331, 115, 25
43, 169, 115, 52
43, 88, 115, 56
43, 345, 115, 39
43, 122, 115, 38
43, 156, 115, 76
43, 381, 115, 45
43, 191, 115, 25
43, 263, 116, 60
43, 23, 116, 76
43, 280, 116, 26
43, 157, 116, 84
43, 160, 116, 26
43, 167, 116, 68
43, 192, 116, 21
43, 68, 116, 59
43, 325, 116, 24
43, 73, 116, 96
43, 335, 116, 4
43, 341, 116, 54
43, 216, 116, 10
43, 352, 116, 39
43, 106, 116, 73
43, 240, 116, 22
43, 112, 116, 21
43, 244, 116, 48
43, 245, 116, 94
43, 261, 117, 81
43, 281, 117, 20
43, 134, 117, 11
43, 357, 117, 97
43, 250, 117, 30
43, 78, 117, 24
43, 366, 117, 65
43, 306, 117, 84
43, 309, 117, 12
43, 86, 117, 49
43, 248, 117, 6
43, 185, 117, 35
43, 122, 117, 38
43, 283, 117, 44
43, 30, 117, 42
43, 195, 118, 84
43, 228, 118, 63
43, 388, 118, 46
43, 73, 118, 96
43, 10, 118, 71
43, 25, 118, 12
43, 285, 118, 34
43, 61, 118, 35
43, 222, 118, 89
43, 385, 119, 57
43, 135, 119, 13
43, 107, 119, 23
43, 210, 119, 47
43, 381, 119, 45
43, 375, 119, 89
43, 250, 119, 30
43, 221, 119, 42
43, 382, 119, 100
43, 63, 119, 26
43, 1, 120, 84
43, 387, 120, 27
43, 274, 120, 20
43, 147, 120, 72
43, 24, 120, 54
43, 157, 120, 84
43, 31, 120, 88
43, 161, 120, 84
43, 49, 120, 23
43, 199, 120, 95
43, 205, 120, 76
43, 343, 120, 36
43, 100, 120, 2
43, 236, 120, 14
43, 239, 120, 65
43, 375, 120, 89
43, 122, 120, 38
43, 124, 120, 41
43, 253, 120, 49
43, 248, 121, 6
43, 107, 121, 23
43, 44, 121, 65
43, 301, 121, 69
43, 205, 121, 76
43, 79, 121, 85
43, 212, 121, 57
43, 309, 121, 12
43, 183, 121, 6
43, 120, 121, 55
43, 348, 121, 12
43, 194, 122, 74
43, 227, 122, 53
43, 71, 122, 87
43, 169, 122, 52
43, 267, 122, 96
43, 174, 122, 20
43, 238, 122, 48
43, 142, 122, 17
43, 182, 122, 100
43, 125, 122, 45
43, 299, 123, 77
43, 139, 123, 13
43, 178, 123, 77
43, 277, 123, 37
43, 251, 123, 19
43, 349, 123, 33
43, 382, 123, 100
43, 324, 124, 68
43, 359, 124, 78
43, 8, 124, 53
43, 297, 124, 92
43, 200, 124, 8
43, 331, 124, 25
43, 9, 124, 40
43, 338, 124, 67
43, 307, 124, 18
43, 220, 124, 91
43, 185, 124, 35
43, 26, 124, 44
43, 379, 124, 42
43, 380, 124, 87
43, 127, 124, 20
43, 293, 125, 87
43, 135, 125, 13
43, 300, 125, 55
43, 211, 125, 41
43, 340, 125, 26
43, 149, 125, 68
43, 182, 125, 100
43, 341, 125, 54
43, 3, 126, 69
43, 357, 126, 97
43, 138, 126, 19
43, 235, 126, 15
43, 399, 126, 90
43, 176, 126, 28
43, 253, 126, 49
43, 158, 126, 23
43, 34, 127, 22
43, 290, 127, 28
43, 324, 127, 68
43, 201, 127, 3
43, 361, 127, 32
43, 9, 127, 40
43, 14, 127, 7
43, 336, 127, 38
43, 113, 127, 2
43, 19, 127, 39
43, 245, 127, 94
43, 279, 127, 31
43, 248, 127, 6
43, 345, 127, 39
43, 92, 127, 79
43, 61, 127, 35
43, 325, 128, 24
43, 133, 128, 18
43, 262, 128, 27
43, 8, 128, 53
43, 266, 128, 5
43, 335, 128, 4
43, 16, 128, 11
43, 111, 128, 33
43, 241, 128, 43
43, 248, 128, 6
43, 153, 128, 9
43, 122, 128, 38
43, 380, 128, 87
43, 225, 129, 41
43, 99, 129, 81
43, 365, 129, 57
43, 175, 129, 97
43, 243, 129, 85
43, 246, 129, 61
43, 96, 130, 20
43, 322, 130, 6
43, 323, 130, 66
43, 355, 130, 68
43, 102, 130, 24
43, 326, 130, 76
43, 201, 130, 3
43, 334, 130, 18
43, 239, 130, 65
43, 16, 130, 11
43, 368, 130, 68
43, 208, 130, 21
43, 277, 130, 37
43, 310, 130, 63
43, 119, 130, 100
43, 61, 130, 35
43, 75, 131, 84
43, 268, 131, 38
43, 251, 131, 19
43, 21, 131, 37
43, 379, 131, 42
43, 95, 131, 56
43, 263, 132, 60
43, 273, 132, 34
43, 146, 132, 97
43, 147, 132, 72
43, 279, 132, 31
43, 26, 132, 44
43, 35, 132, 100
43, 173, 132, 12
43, 57, 132, 16
43, 206, 132, 23
43, 337, 132, 72
43, 88, 132, 56
43, 219, 132, 40
43, 227, 132, 53
43, 362, 132, 3
43, 364, 132, 95
43, 112, 132, 21
43, 116, 132, 43
43, 119, 132, 100
43, 385, 133, 57
43, 34, 133, 22
43, 358, 133, 12
43, 136, 133, 27
43, 8, 133, 53
43, 14, 133, 7
43, 110, 133, 36
43, 144, 133, 29
43, 241, 133, 43
43, 18, 133, 55
43, 50, 133, 22
43, 340, 133, 26
43, 307, 133, 18
43, 54, 133, 69
43, 118, 133, 47
43, 248, 133, 6
43, 188, 133, 92
43, 158, 133, 23
43, 385, 134, 57
43, 322, 134, 6
43, 229, 134, 29
43, 10, 134, 71
43, 300, 134, 55
43, 205, 134, 76
43, 187, 134, 90
43, 304, 134, 6
43, 112, 134, 21
43, 252, 134, 74
43, 277, 134, 37
43, 254, 134, 65
43, 377, 134, 88
43, 379, 134, 42
43, 92, 134, 79
43, 190, 134, 56
43, 384, 135, 29
43, 194, 135, 74
43, 322, 135, 6
43, 170, 135, 76
43, 300, 135, 55
43, 52, 135, 2
43, 88, 135, 56
43, 380, 135, 87
43, 227, 136, 53
43, 324, 136, 68
43, 335, 136, 4
43, 337, 136, 72
43, 210, 136, 47
43, 375, 136, 89
43, 315, 136, 32
43, 156, 136, 76
43, 193, 137, 55
43, 321, 137, 85
43, 327, 137, 96
43, 363, 137, 22
43, 314, 137, 23
43, 333, 137, 90
43, 206, 137, 23
43, 18, 137, 55
43, 179, 137, 61
43, 310, 137, 63
43, 218, 137, 83
43, 349, 137, 33
43, 128, 138, 63
43, 35, 138, 100
43, 198, 138, 53
43, 329, 138, 73
43, 107, 138, 23
43, 269, 138, 84
43, 80, 138, 75
43, 245, 138, 94
43, 256, 139, 64
43, 260, 139, 76
43, 136, 139, 27
43, 137, 139, 6
43, 267, 139, 96
43, 146, 139, 97
43, 28, 139, 16
43, 171, 139, 63
43, 55, 139, 35
43, 311, 139, 70
43, 322, 139, 6
43, 197, 139, 8
43, 326, 139, 76
43, 203, 139, 12
43, 208, 139, 21
43, 221, 139, 42
43, 98, 139, 78
43, 228, 139, 63
43, 105, 139, 45
43, 121, 139, 17
43, 261, 140, 81
43, 265, 140, 72
43, 141, 140, 83
43, 19, 140, 39
43, 150, 140, 8
43, 284, 140, 46
43, 157, 140, 84
43, 158, 140, 23
43, 41, 140, 30
43, 42, 140, 10
43, 176, 140, 28
43, 318, 140, 70
43, 72, 140, 38
43, 331, 140, 25
43, 80, 140, 75
43, 341, 140, 54
43, 108, 140, 21
43, 370, 140, 50
43, 123, 140, 88
43, 159, 141, 18
43, 101, 141, 64
43, 208, 141, 21
43, 179, 141, 61
43, 245, 141, 94
43, 375, 141, 89
43, 383, 141, 23
43, 166, 142, 30
43, 359, 142, 78
43, 271, 142, 70
43, 207, 142, 89
43, 144, 142, 29
43, 114, 142, 86
43, 183, 142, 6
43, 253, 142, 49
43, 125, 142, 45
43, 265, 143, 72
43, 15, 143, 37
43, 282, 143, 85
43, 158, 143, 23
43, 295, 143, 75
43, 180, 143, 43
43, 54, 143, 69
43, 62, 143, 91
43, 191, 143, 25
43, 325, 143, 24
43, 81, 143, 17
43, 338, 143, 67
43, 85, 143, 75
43, 88, 143, 56
43, 224, 143, 66
43, 231, 143, 28
43, 105, 143, 45
43, 362, 143, 3
43, 379, 143, 42
43, 352, 144, 39
43, 393, 144, 23
43, 266, 144, 5
43, 43, 144, 89
43, 300, 144, 55
43, 398, 144, 67
43, 21, 144, 37
43, 118, 144, 47
43, 312, 144, 7
43, 253, 144, 49
43, 30, 144, 42
43, 323, 145, 66
43, 362, 145, 3
43, 77, 145, 76
43, 273, 145, 34
43, 340, 145, 26
43, 52, 145, 2
43, 152, 145, 87
43, 89, 145, 3
43, 282, 145, 85
43, 96, 146, 20
43, 130, 146, 49
43, 4, 146, 29
43, 69, 146, 26
43, 231, 146, 28
43, 8, 146, 53
43, 168, 146, 87
43, 299, 146, 77
43, 367, 146, 8
43, 277, 146, 37
43, 376, 146, 50
43, 58, 146, 5
43, 30, 146, 42
43, 385, 147, 57
43, 97, 147, 37
43, 163, 147, 93
43, 324, 147, 68
43, 165, 147, 6
43, 6, 147, 28
43, 261, 147, 81
43, 296, 147, 48
43, 135, 147, 13
43, 234, 147, 7
43, 268, 147, 38
43, 145, 147, 1
43, 18, 147, 55
43, 374, 147, 18
43, 247, 147, 77
43, 155, 147, 2
43, 124, 147, 41
43, 258, 148, 35
43, 264, 148, 65
43, 276, 148, 11
43, 24, 148, 54
43, 26, 148, 44
43, 159, 148, 18
43, 178, 148, 77
43, 190, 148, 56
43, 70, 148, 84
43, 328, 148, 41
43, 77, 148, 76
43, 210, 148, 47
43, 214, 148, 50
43, 346, 148, 48
43, 99, 148, 81
43, 357, 148, 97
43, 108, 148, 21
43, 111, 148, 33
43, 372, 148, 21
43, 377, 148, 88
43, 354, 149, 1
43, 132, 149, 7
43, 292, 149, 3
43, 392, 149, 3
43, 104, 149, 26
43, 42, 149, 10
43, 85, 149, 75
43, 125, 149, 45
43, 62, 149, 91
43, 255, 149, 90
43, 34, 150, 22
43, 130, 150, 49
43, 35, 150, 100
43, 302, 150, 48
43, 367, 150, 8
43, 240, 150, 22
43, 188, 150, 92
43, 211, 150, 41
43, 181, 150, 45
43, 118, 150, 47
43, 150, 150, 8
43, 280, 150, 26
43, 25, 150, 12
43, 379, 150, 42
43, 124, 150, 41
43, 222, 150, 89
43, 312, 151, 7
43, 387, 151, 27
43, 323, 151, 66
43, 389, 151, 99
43, 197, 151, 8
43, 295, 151, 75
43, 259, 151, 8
43, 9, 151, 40
43, 162, 151, 71
43, 107, 151, 23
43, 363, 151, 22
43, 330, 151, 88
43, 75, 151, 84
43, 337, 151, 72
43, 243, 151, 85
43, 215, 151, 95
43, 120, 151, 55
43, 292, 151, 3
43, 98, 152, 78
43, 392, 152, 3
43, 203, 152, 12
43, 395, 152, 55
43, 114, 152, 86
43, 22, 152, 73
43, 88, 152, 56
43, 346, 152, 48
43, 156, 152, 76
43, 191, 152, 25
43, 352, 153, 39
43, 290, 153, 28
43, 67, 153, 22
43, 356, 153, 93
43, 134, 153, 11
43, 390, 153, 39
43, 232, 153, 7
43, 206, 153, 23
43, 47, 153, 20
43, 16, 153, 11
43, 110, 153, 36
43, 215, 153, 95
43, 283, 153, 44
43, 279, 153, 31
43, 94, 153, 96
43, 31, 153, 88
43, 228, 154, 63
43, 112, 154, 21
43, 369, 154, 99
43, 244, 154, 48
43, 23, 154, 76
43, 216, 154, 10
43, 317, 154, 63
43, 207, 155, 89
43, 246, 155, 61
43, 59, 155, 8
43, 30, 155, 42
43, 223, 155, 24
43, 224, 156, 66
43, 388, 156, 46
43, 229, 156, 29
43, 261, 156, 81
43, 14, 156, 7
43, 246, 156, 61
43, 315, 156, 32
43, 92, 156, 79
43, 128, 157, 63
43, 387, 157, 27
43, 69, 157, 26
43, 137, 157, 6
43, 171, 157, 63
43, 76, 157, 45
43, 13, 157, 10
43, 366, 157, 65
43, 142, 157, 17
43, 107, 157, 23
43, 337, 157, 72
43, 302, 157, 48
43, 147, 157, 72
43, 15, 157, 37
43, 52, 157, 2
43, 183, 157, 6
43, 154, 157, 98
43, 381, 157, 45
43, 136, 158, 27
43, 264, 158, 65
43, 271, 158, 70
43, 278, 158, 56
43, 151, 158, 32
43, 28, 158, 16
43, 290, 158, 28
43, 35, 158, 100
43, 292, 158, 3
43, 176, 158, 28
43, 58, 158, 5
43, 190, 158, 56
43, 326, 158, 76
43, 209, 158, 58
43, 340, 158, 26
43, 221, 158, 42
43, 101, 158, 64
43, 230, 158, 91
43, 360, 158, 33
43, 121, 158, 17
43, 259, 159, 8
43, 260, 159, 76
43, 168, 159, 87
43, 169, 159, 52
43, 45, 159, 19
43, 48, 159, 50
43, 54, 159, 69
43, 58, 159, 5
43, 339, 159, 54
43, 85, 159, 75
43, 341, 159, 54
43, 348, 159, 12
43, 367, 159, 8
43, 112, 159, 21
43, 114, 159, 86
43, 118, 159, 47
43, 375, 159, 89
43, 380, 159, 87
43, 254, 159, 65
43, 76, 160, 45
43, 16, 160, 11
43, 209, 160, 58
43, 182, 160, 100
43, 347, 160, 93
43, 355, 161, 68
43, 325, 161, 24
43, 392, 161, 3
43, 369, 161, 99
43, 18, 161, 55
43, 341, 161, 54
43, 352, 162, 39
43, 320, 162, 43
43, 165, 162, 6
43, 71, 162, 87
43, 137, 162, 6
43, 234, 162, 7
43, 300, 162, 55
43, 240, 162, 22
43, 209, 162, 58
43, 275, 162, 22
43, 248, 162, 6
43, 249, 162, 47
43, 122, 162, 38
43, 351, 162, 65
43, 356, 163, 93
43, 9, 163, 40
43, 268, 163, 38
43, 344, 163, 37
43, 285, 163, 34
43, 6, 164, 28
43, 7, 164, 45
43, 267, 164, 96
43, 151, 164, 32
43, 43, 164, 89
43, 51, 164, 38
43, 58, 164, 5
43, 194, 164, 74
43, 197, 164, 8
43, 328, 164, 41
43, 77, 164, 76
43, 213, 164, 85
43, 90, 164, 19
43, 94, 164, 96
43, 353, 164, 54
43, 368, 164, 68
43, 371, 164, 67
43, 372, 164, 21
43, 374, 164, 18
43, 292, 165, 3
43, 41, 165, 30
43, 267, 165, 96
43, 301, 165, 69
43, 15, 165, 37
43, 273, 165, 34
43, 305, 165, 92
43, 52, 165, 2
43, 340, 165, 26
43, 118, 165, 47
43, 87, 165, 32
43, 344, 165, 37
43, 314, 165, 23
43, 318, 165, 70
43, 202, 166, 98
43, 240, 166, 22
43, 338, 166, 67
43, 281, 166, 20
43, 154, 166, 98
43, 123, 166, 88
43, 224, 167, 66
43, 160, 167, 26
43, 393, 167, 23
43, 175, 167, 97
43, 86, 167, 49
43, 246, 167, 61
43, 61, 167, 35
43, 343, 167, 36
43, 97, 168, 37
43, 66, 168, 27
43, 133, 168, 18
43, 6, 168, 28
43, 199, 168, 95
43, 202, 168, 98
43, 171, 168, 63
43, 235, 168, 15
43, 143, 168, 33
43, 178, 168, 77
43, 244, 168, 48
43, 22, 168, 73
43, 183, 168, 6
43, 184, 168, 18
43, 279, 168, 31
43, 141, 169, 83
43, 175, 169, 97
43, 209, 169, 58
43, 188, 169, 92
43, 30, 169, 42
43, 130, 170, 49
43, 133, 170, 18
43, 262, 170, 27
43, 294, 170, 88
43, 230, 170, 91
43, 105, 170, 45
43, 395, 170, 55
43, 337, 170, 72
43, 274, 170, 20
43, 341, 170, 54
43, 151, 170, 32
43, 282, 170, 85
43, 131, 171, 54
43, 228, 171, 63
43, 133, 171, 18
43, 329, 171, 73
43, 268, 171, 38
43, 111, 171, 33
43, 15, 171, 37
43, 243, 171, 85
43, 277, 171, 37
43, 344, 171, 37
43, 224, 172, 66
43, 64, 172, 59
43, 226, 172, 39
43, 131, 172, 54
43, 66, 172, 27
43, 99, 172, 81
43, 164, 172, 7
43, 328, 172, 41
43, 364, 172, 95
43, 370, 172, 50
43, 308, 172, 66
43, 217, 172, 98
43, 282, 172, 85
43, 155, 172, 2
43, 25, 172, 12
43, 384, 173, 29
43, 163, 173, 93
43, 259, 173, 8
43, 67, 173, 22
43, 102, 173, 24
43, 361, 173, 32
43, 170, 173, 76
43, 363, 173, 22
43, 362, 173, 3
43, 303, 173, 18
43, 254, 173, 65
43, 55, 173, 35
43, 246, 173, 61
43, 23, 173, 76
43, 346, 173, 48
43, 27, 173, 88
43, 28, 173, 16
43, 350, 173, 45
43, 4, 174, 29
43, 42, 174, 10
43, 172, 174, 69
43, 115, 174, 8
43, 84, 174, 5
43, 97, 175, 37
43, 153, 175, 9
43, 5, 175, 36
43, 39, 175, 61
43, 359, 175, 78
43, 362, 175, 3
43, 236, 175, 14
43, 346, 175, 48
43, 378, 175, 60
43, 398, 175, 67
43, 368, 175, 68
43, 337, 175, 72
43, 275, 175, 22
43, 248, 175, 6
43, 25, 175, 12
43, 186, 175, 66
43, 94, 175, 96
43, 223, 175, 24
43, 65, 176, 32
43, 194, 176, 74
43, 193, 176, 55
43, 102, 176, 24
43, 391, 176, 14
43, 199, 176, 95
43, 298, 176, 74
43, 17, 176, 85
43, 19, 176, 39
43, 308, 176, 66
43, 218, 176, 83
43, 354, 177, 1
43, 388, 177, 46
43, 36, 177, 13
43, 105, 177, 45
43, 11, 177, 34
43, 44, 177, 65
43, 237, 177, 44
43, 172, 177, 69
43, 147, 177, 72
43, 342, 177, 81
43, 87, 177, 32
43, 56, 177, 99
43, 57, 177, 16
43, 310, 177, 63
43, 284, 177, 46
43, 384, 178, 29
43, 7, 178, 45
43, 265, 178, 72
43, 397, 178, 56
43, 279, 178, 31
43, 160, 178, 26
43, 35, 178, 100
43, 55, 178, 35
43, 63, 178, 26
43, 321, 178, 85
43, 199, 178, 95
43, 75, 178, 84
43, 80, 178, 75
43, 336, 178, 38
43, 97, 178, 37
43, 106, 178, 73
43, 120, 178, 55
43, 121, 178, 17
43, 381, 178, 45
43, 192, 179, 21
43, 164, 179, 7
43, 72, 179, 38
43, 150, 179, 8
43, 215, 179, 95
43, 310, 179, 63
43, 185, 179, 35
43, 156, 179, 76
43, 350, 179, 45
43, 132, 180, 7
43, 15, 180, 37
43, 296, 180, 48
43, 297, 180, 92
43, 298, 180, 74
43, 304, 180, 6
43, 316, 180, 38
43, 64, 180, 59
43, 324, 180, 68
43, 199, 180, 95
43, 203, 180, 12
43, 209, 180, 58
43, 342, 180, 81
43, 355, 180, 68
43, 229, 180, 29
43, 102, 180, 24
43, 358, 180, 12
43, 247, 180, 77
43, 252, 180, 74
43, 217, 181, 98
43, 68, 181, 59
43, 230, 181, 91
43, 358, 181, 12
43, 299, 181, 77
43, 12, 181, 90
43, 77, 181, 76
43, 117, 181, 29
43, 373, 181, 97
43, 89, 181, 3
43, 346, 181, 48
43, 219, 181, 40
43, 94, 181, 96
43, 64, 182, 59
43, 34, 182, 22
43, 323, 182, 66
43, 197, 182, 8
43, 233, 182, 33
43, 11, 182, 34
43, 155, 182, 2
43, 20, 182, 87
43, 245, 182, 94
43, 52, 182, 2
43, 345, 182, 39
43, 315, 182, 32
43, 351, 182, 65
43, 224, 183, 66
43, 382, 183, 100
43, 196, 183, 1
43, 165, 183, 6
43, 8, 183, 53
43, 168, 183, 87
43, 331, 183, 25
43, 182, 183, 100
43, 375, 183, 89
43, 248, 183, 6
43, 88, 183, 56
43, 93, 183, 17
43, 126, 183, 17
43, 127, 183, 20
43, 96, 184, 20
43, 225, 184, 41
43, 66, 184, 27
43, 388, 184, 46
43, 70, 184, 84
43, 169, 184, 52
43, 302, 184, 48
43, 367, 184, 8
43, 209, 184, 58
43, 82, 184, 48
43, 220, 184, 91
43, 83, 184, 28
43, 309, 184, 12
43, 21, 184, 37
43, 373, 184, 97
43, 24, 184, 54
43, 348, 184, 12
43, 319, 184, 82
43, 132, 185, 7
43, 394, 185, 49
43, 139, 185, 13
43, 12, 185, 90
43, 297, 185, 92
43, 43, 185, 89
43, 319, 185, 82
43, 81, 185, 17
43, 82, 185, 48
43, 339, 185, 54
43, 338, 185, 67
43, 215, 185, 95
43, 222, 185, 89
43, 359, 185, 78
43, 103, 185, 26
43, 379, 185, 42
43, 244, 185, 48
43, 120, 185, 55
43, 123, 185, 88
43, 380, 185, 87
43, 192, 186, 21
43, 65, 186, 32
43, 255, 186, 90
43, 324, 186, 68
43, 5, 186, 36
43, 199, 186, 95
43, 105, 186, 45
43, 41, 186, 30
43, 267, 186, 96
43, 272, 186, 80
43, 18, 186, 55
43, 371, 186, 67
43, 150, 186, 8
43, 219, 186, 40
43, 127, 186, 20
43, 159, 186, 18
43, 66, 187, 27
43, 69, 187, 26
43, 361, 187, 32
43, 170, 187, 76
43, 20, 187, 87
43, 87, 187, 32
43, 375, 187, 89
43, 216, 187, 10
43, 89, 187, 3
43, 215, 187, 95
43, 30, 187, 42
43, 130, 188, 49
43, 2, 188, 12
43, 7, 188, 45
43, 144, 188, 29
43, 274, 188, 20
43, 284, 188, 46
43, 287, 188, 99
43, 34, 188, 22
43, 291, 188, 64
43, 306, 188, 84
43, 52, 188, 2
43, 308, 188, 66
43, 187, 188, 90
43, 59, 188, 8
43, 318, 188, 70
43, 324, 188, 68
43, 71, 188, 87
43, 90, 188, 19
43, 358, 188, 12
43, 237, 188, 44
43, 68, 189, 59
43, 197, 189, 8
43, 135, 189, 13
43, 396, 189, 32
43, 175, 189, 97
43, 18, 189, 55
43, 150, 189, 8
43, 280, 189, 26
43, 285, 189, 34
43, 349, 189, 33
43, 390, 190, 39
43, 103, 190, 26
43, 200, 190, 8
43, 137, 190, 6
43, 396, 190, 32
43, 340, 190, 26
43, 87, 190, 32
43, 316, 190, 38
43, 291, 191, 64
43, 100, 191, 2
43, 137, 191, 6
43, 142, 191, 17
43, 117, 191, 29
43, 313, 191, 86
43, 317, 191, 63
43, 96, 192, 20
43, 320, 192, 43
43, 354, 192, 1
43, 322, 192, 6
43, 262, 192, 27
43, 140, 192, 25
43, 206, 192, 23
43, 303, 192, 18
43, 16, 192, 11
43, 369, 192, 99
43, 116, 192, 43
43, 311, 192, 70
43, 380, 192, 87
43, 250, 192, 30
43, 156, 192, 76
43, 125, 192, 45
43, 161, 193, 84
43, 329, 193, 73
43, 365, 193, 57
43, 79, 193, 85
43, 379, 193, 42
43, 283, 193, 44
43, 223, 194, 24
43, 69, 194, 26
43, 38, 194, 78
43, 231, 194, 28
43, 297, 194, 92
43, 79, 194, 85
43, 177, 194, 54
43, 116, 194, 43
43, 181, 194, 45
43, 22, 194, 73
43, 23, 194, 76
43, 191, 194, 25
43, 320, 195, 43
43, 130, 195, 49
43, 258, 195, 35
43, 37, 195, 22
43, 391, 195, 14
43, 71, 195, 87
43, 169, 195, 52
43, 174, 195, 20
43, 206, 195, 23
43, 26, 195, 44
43, 127, 195, 20
43, 97, 196, 37
43, 99, 196, 81
43, 229, 196, 29
43, 232, 196, 7
43, 268, 196, 38
43, 270, 196, 31
43, 174, 196, 20
43, 48, 196, 50
43, 149, 196, 68
43, 342, 196, 81
43, 216, 196, 10
43, 27, 196, 88
43, 152, 196, 87
43, 224, 197, 66
43, 387, 197, 27
43, 327, 197, 96
43, 267, 197, 96
43, 75, 197, 84
43, 47, 197, 20
43, 111, 197, 33
43, 79, 197, 85
43, 59, 197, 8
43, 385, 198, 57
43, 333, 198, 90
43, 278, 198, 56
43, 122, 198, 38
43, 157, 198, 84
43, 30, 198, 42
43, 258, 199, 35
43, 357, 199, 97
43, 263, 199, 60
43, 264, 199, 65
43, 10, 199, 71
43, 333, 199, 90
43, 398, 199, 67
43, 270, 199, 31
43, 30, 199, 42
