200, 400, 20
28, 159, 0, 12
28, 322, 0, 21
28, 389, 0, 72
28, 229, 0, 50
28, 167, 0, 21
28, 198, 0, 73
28, 73, 0, 88
28, 331, 0, 10
28, 282, 0, 81
28, 86, 0, 54
28, 58, 0, 9
28, 30, 0, 8
28, 31, 0, 63
28, 192, 1, 77
28, 356, 1, 33
28, 229, 1, 50
28, 294, 1, 91
28, 231, 1, 87
28, 73, 1, 88
28, 206, 1, 4
28, 29, 1, 62
28, 371, 1, 34
28, 52, 1, 98
28, 90, 1, 50
28, 28, 1, 38
28, 381, 1, 3
28, 62, 1, 70
28, 96, 2, 23
28, 3, 2, 65
28, 363, 2, 90
28, 300, 2, 53
28, 397, 2, 21
28, 60, 2, 43
28, 240, 2, 51
28, 284, 2, 43
28, 254, 2, 42
28, 160, 3, 20
28, 289, 3, 26
28, 10, 3, 90
28, 173, 3, 65
28, 270, 3, 98
28, 271, 3, 69
28, 175, 3, 22
28, 367, 3, 60
28, 238, 3, 52
28, 23, 3, 39
28, 84, 3, 58
28, 375, 3, 86
28, 217, 3, 29
28, 379, 3, 95
28, 125, 3, 75
28, 63, 3, 83
28, 257, 4, 87
28, 387, 4, 2
28, 103, 4, 92
28, 266, 4, 63
28, 12, 4, 12
28, 45, 4, 65
28, 301, 4, 14
28, 177, 4, 40
28, 347, 4, 59
28, 18, 4, 25
28, 339, 4, 1
28, 309, 4, 71
28, 213, 4, 5
28, 246, 4, 15
28, 280, 4, 94
28, 187, 4, 98
28, 348, 4, 42
28, 293, 5, 67
28, 262, 5, 47
28, 71, 5, 86
28, 137, 5, 6
28, 239, 5, 86
28, 49, 5, 77
28, 51, 5, 67
28, 347, 5, 59
28, 31, 5, 63
28, 285, 5, 100
28, 159, 5, 12
28, 0, 6, 97
28, 288, 6, 21
28, 384, 6, 46
28, 387, 6, 2
28, 4, 6, 90
28, 65, 6, 18
28, 42, 6, 9
28, 370, 6, 53
28, 343, 6, 44
28, 123, 6, 1
28, 159, 6, 12
28, 257, 7, 87
28, 130, 7, 3
28, 161, 7, 10
28, 263, 7, 49
28, 367, 7, 60
28, 82, 7, 29
28, 244, 7, 65
28, 123, 7, 1
28, 224, 8, 15
28, 229, 8, 50
28, 102, 8, 78
28, 104, 8, 42
28, 173, 8, 65
28, 397, 8, 21
28, 399, 8, 16
28, 240, 8, 51
28, 205, 8, 7
28, 23, 8, 39
28, 357, 9, 24
28, 165, 9, 19
28, 236, 9, 51
28, 84, 9, 58
28, 187, 9, 98
28, 121, 10, 80
28, 387, 10, 2
28, 356, 10, 33
28, 262, 10, 47
28, 169, 10, 63
28, 331, 10, 10
28, 78, 10, 59
28, 111, 10, 16
28, 79, 10, 44
28, 145, 10, 94
28, 367, 10, 60
28, 366, 10, 44
28, 368, 10, 28
28, 313, 10, 40
28, 351, 10, 53
28, 228, 11, 33
28, 261, 11, 29
28, 198, 11, 73
28, 327, 11, 90
28, 232, 11, 30
28, 326, 11, 6
28, 330, 11, 5
28, 367, 11, 60
28, 242, 11, 89
28, 341, 11, 6
28, 380, 11, 10
28, 318, 11, 45
28, 31, 11, 63
28, 384, 12, 46
28, 2, 12, 88
28, 262, 12, 47
28, 397, 12, 21
28, 177, 12, 40
28, 308, 12, 100
28, 214, 12, 69
28, 275, 13, 90
28, 283, 13, 46
28, 158, 13, 56
28, 168, 13, 70
28, 40, 13, 93
28, 306, 13, 75
28, 317, 13, 79
28, 64, 13, 19
28, 65, 13, 18
28, 194, 13, 47
28, 198, 13, 73
28, 206, 13, 4
28, 208, 13, 5
28, 343, 13, 44
28, 88, 13, 35
28, 226, 13, 26
28, 359, 13, 64
28, 242, 13, 89
28, 248, 13, 69
28, 383, 13, 70
28, 322, 14, 21
28, 259, 14, 94
28, 261, 14, 29
28, 166, 14, 93
28, 104, 14, 42
28, 297, 14, 63
28, 43, 14, 39
28, 203, 14, 91
28, 305, 14, 10
28, 306, 14, 75
28, 284, 14, 43
28, 119, 14, 75
28, 155, 14, 5
28, 316, 14, 1
28, 93, 14, 83
28, 287, 14, 28
28, 353, 15, 99
28, 291, 15, 74
28, 166, 15, 93
28, 327, 15, 90
28, 297, 15, 63
28, 169, 15, 63
28, 206, 15, 4
28, 240, 15, 51
28, 16, 15, 45
28, 51, 15, 67
28, 115, 15, 53
28, 374, 15, 10
28, 348, 15, 42
28, 222, 15, 39
28, 255, 15, 91
28, 35, 16, 83
28, 229, 16, 50
28, 327, 16, 90
28, 73, 16, 88
28, 287, 16, 28
28, 258, 17, 73
28, 195, 17, 48
28, 223, 17, 9
28, 234, 17, 33
28, 365, 17, 8
28, 206, 17, 4
28, 145, 17, 94
28, 211, 17, 32
28, 307, 17, 50
28, 58, 17, 9
28, 92, 17, 80
28, 253, 17, 86
28, 351, 17, 53
28, 321, 18, 50
28, 344, 18, 64
28, 261, 18, 29
28, 236, 18, 51
28, 365, 18, 8
28, 181, 18, 8
28, 24, 18, 53
28, 260, 19, 99
28, 395, 19, 30
28, 268, 19, 92
28, 35, 19, 83
28, 291, 19, 74
28, 296, 19, 53
28, 310, 19, 18
28, 183, 19, 74
28, 184, 19, 25
28, 321, 19, 50
28, 322, 19, 21
28, 68, 19, 15
28, 338, 19, 88
28, 86, 19, 54
28, 232, 19, 30
28, 242, 19, 89
28, 114, 19, 30
28, 370, 19, 53
28, 382, 19, 10
28, 256, 20, 24
28, 128, 20, 26
28, 130, 20, 3
28, 3, 20, 65
28, 261, 20, 29
28, 266, 20, 63
28, 141, 20, 92
28, 276, 20, 76
28, 278, 20, 24
28, 33, 20, 10
28, 34, 20, 12
28, 52, 20, 98
28, 309, 20, 71
28, 61, 20, 28
28, 64, 20, 19
28, 202, 20, 12
28, 99, 20, 49
28, 111, 20, 16
28, 123, 20, 1
28, 386, 21, 70
28, 70, 21, 5
28, 6, 21, 71
28, 9, 21, 100
28, 270, 21, 98
28, 369, 21, 82
28, 273, 21, 28
28, 308, 21, 100
28, 129, 22, 78
28, 263, 22, 49
28, 360, 22, 88
28, 108, 22, 51
28, 140, 22, 40
28, 82, 22, 29
28, 20, 22, 20
28, 21, 22, 89
28, 116, 22, 20
28, 316, 22, 1
28, 253, 22, 86
28, 354, 23, 97
28, 99, 23, 49
28, 327, 23, 90
28, 298, 23, 14
28, 94, 23, 77
28, 63, 23, 83
28, 197, 24, 25
28, 231, 24, 87
28, 78, 24, 59
28, 337, 24, 100
28, 280, 24, 94
28, 357, 25, 24
28, 389, 25, 72
28, 298, 25, 14
28, 42, 25, 9
28, 363, 25, 90
28, 206, 25, 4
28, 79, 25, 44
28, 336, 25, 48
28, 15, 25, 71
28, 114, 25, 30
28, 307, 25, 50
28, 115, 25, 53
28, 183, 25, 74
28, 248, 25, 69
28, 215, 25, 51
28, 31, 25, 63
28, 349, 25, 85
28, 383, 25, 70
28, 256, 26, 24
28, 195, 26, 48
28, 359, 26, 64
28, 266, 26, 63
28, 337, 26, 100
28, 245, 26, 20
28, 228, 27, 33
28, 36, 27, 21
28, 9, 27, 100
28, 271, 27, 69
28, 240, 27, 51
28, 241, 27, 85
28, 117, 27, 79
28, 149, 27, 14
28, 161, 28, 10
28, 324, 28, 58
28, 199, 28, 37
28, 338, 28, 88
28, 23, 28, 39
28, 118, 28, 44
28, 87, 28, 41
28, 312, 28, 25
28, 378, 28, 25
28, 28, 28, 38
28, 161, 29, 10
28, 322, 29, 21
28, 98, 29, 99
28, 3, 29, 65
28, 2, 29, 88
28, 358, 29, 1
28, 356, 29, 33
28, 78, 29, 59
28, 47, 29, 59
28, 142, 29, 14
28, 242, 29, 89
28, 146, 29, 95
28, 245, 29, 20
28, 247, 29, 24
28, 56, 29, 28
28, 345, 29, 46
28, 190, 29, 72
28, 351, 29, 53
28, 32, 30, 24
28, 231, 30, 87
28, 296, 30, 53
28, 9, 30, 100
28, 42, 30, 9
28, 12, 30, 12
28, 210, 30, 82
28, 282, 30, 81
28, 59, 30, 54
28, 163, 31, 2
28, 292, 31, 72
28, 266, 31, 63
28, 146, 31, 95
28, 51, 31, 67
28, 307, 31, 50
28, 181, 31, 8
28, 188, 31, 31
28, 280, 31, 94
28, 154, 31, 61
28, 27, 31, 33
28, 124, 31, 93
28, 0, 32, 97
28, 261, 32, 29
28, 358, 32, 1
28, 296, 32, 53
28, 314, 32, 51
28, 270, 32, 98
28, 367, 32, 60
28, 113, 32, 5
28, 18, 32, 25
28, 307, 32, 50
28, 50, 32, 6
28, 55, 32, 12
28, 184, 32, 25
28, 121, 32, 80
28, 250, 32, 80
28, 379, 32, 95
28, 61, 32, 28
28, 288, 33, 21
28, 291, 33, 74
28, 101, 33, 12
28, 122, 33, 88
28, 391, 33, 84
28, 275, 33, 90
28, 149, 33, 14
28, 278, 33, 24
28, 62, 33, 70
28, 57, 33, 47
28, 314, 33, 51
28, 59, 33, 54
28, 126, 33, 25
28, 287, 33, 28
28, 131, 34, 25
28, 100, 34, 27
28, 99, 34, 49
28, 268, 34, 92
28, 302, 34, 29
28, 47, 34, 59
28, 81, 34, 63
28, 22, 34, 47
28, 349, 34, 85
28, 317, 34, 79
28, 10, 35, 90
28, 18, 35, 25
28, 279, 35, 60
28, 32, 35, 24
28, 161, 35, 10
28, 160, 35, 20
28, 35, 35, 83
28, 302, 35, 29
28, 308, 35, 100
28, 59, 35, 54
28, 316, 35, 1
28, 188, 35, 31
28, 340, 35, 60
28, 224, 35, 15
28, 357, 35, 24
28, 243, 35, 50
28, 372, 35, 17
28, 122, 35, 88
28, 379, 35, 95
28, 288, 36, 21
28, 390, 36, 11
28, 103, 36, 92
28, 391, 36, 84
28, 105, 36, 41
28, 270, 36, 98
28, 174, 36, 86
28, 275, 36, 90
28, 183, 36, 74
28, 122, 36, 88
28, 381, 36, 3
28, 351, 36, 53
28, 320, 37, 92
28, 228, 37, 33
28, 364, 37, 37
28, 46, 37, 51
28, 81, 37, 63
28, 178, 37, 52
28, 315, 37, 55
28, 220, 37, 99
28, 180, 37, 60
28, 215, 37, 51
28, 280, 37, 94
28, 282, 37, 81
28, 219, 37, 23
28, 188, 37, 31
28, 221, 37, 10
28, 322, 38, 21
28, 130, 38, 3
28, 196, 38, 44
28, 6, 38, 71
28, 295, 38, 67
28, 200, 38, 3
28, 199, 38, 37
28, 360, 38, 88
28, 366, 38, 44
28, 302, 38, 29
28, 336, 38, 48
28, 177, 38, 40
28, 271, 38, 69
28, 373, 38, 10
28, 55, 38, 12
28, 288, 39, 21
28, 161, 39, 10
28, 7, 39, 93
28, 238, 39, 52
28, 303, 39, 88
28, 51, 39, 67
28, 115, 39, 53
28, 218, 39, 86
28, 30, 39, 8
28, 67, 40, 89
28, 35, 40, 83
28, 37, 40, 50
28, 198, 40, 73
28, 103, 40, 92
28, 200, 40, 3
28, 40, 40, 93
28, 9, 40, 100
28, 138, 40, 57
28, 47, 40, 59
28, 177, 40, 40
28, 17, 40, 12
28, 242, 40, 89
28, 375, 40, 86
28, 58, 40, 9
28, 126, 40, 25
28, 202, 41, 12
28, 44, 41, 36
28, 237, 41, 58
28, 307, 41, 50
28, 83, 41, 4
28, 253, 41, 86
28, 387, 42, 2
28, 100, 42, 27
28, 38, 42, 78
28, 198, 42, 73
28, 269, 42, 50
28, 350, 42, 96
28, 258, 43, 73
28, 388, 43, 6
28, 8, 43, 80
28, 396, 43, 37
28, 153, 43, 91
28, 173, 43, 65
28, 53, 43, 25
28, 187, 43, 98
28, 59, 43, 54
28, 192, 43, 77
28, 323, 43, 95
28, 197, 43, 25
28, 327, 43, 90
28, 76, 43, 12
28, 334, 43, 57
28, 83, 43, 4
28, 107, 43, 37
28, 373, 43, 10
28, 120, 43, 39
28, 121, 43, 80
28, 353, 44, 99
28, 72, 44, 15
28, 328, 44, 49
28, 144, 44, 84
28, 211, 44, 32
28, 84, 44, 58
28, 342, 44, 44
28, 119, 44, 75
28, 24, 44, 53
28, 87, 44, 41
28, 316, 44, 1
28, 30, 44, 8
28, 375, 44, 86
28, 384, 45, 46
28, 168, 45, 70
28, 264, 45, 38
28, 266, 45, 63
28, 363, 45, 90
28, 45, 45, 65
28, 174, 45, 86
28, 238, 45, 52
28, 365, 45, 8
28, 349, 45, 85
28, 32, 46, 24
28, 128, 46, 26
28, 171, 46, 99
28, 77, 46, 70
28, 15, 46, 71
28, 245, 46, 20
28, 85, 46, 100
28, 248, 46, 69
28, 185, 46, 13
28, 126, 46, 25
28, 161, 47, 10
28, 76, 47, 12
28, 398, 47, 61
28, 92, 47, 80
28, 317, 47, 79
28, 224, 48, 15
28, 88, 48, 35
28, 201, 48, 62
28, 394, 48, 25
28, 171, 48, 99
28, 73, 48, 88
28, 365, 48, 8
28, 202, 48, 12
28, 145, 48, 94
28, 50, 48, 6
28, 213, 48, 5
28, 184, 48, 25
28, 216, 48, 82
28, 315, 48, 55
28, 349, 48, 85
28, 61, 48, 28
28, 318, 48, 45
28, 287, 48, 28
28, 129, 49, 78
28, 33, 49, 10
28, 294, 49, 91
28, 358, 49, 1
28, 329, 49, 74
28, 169, 49, 63
28, 301, 49, 14
28, 208, 49, 5
28, 278, 49, 24
28, 25, 49, 34
28, 346, 49, 100
28, 251, 49, 70
28, 142, 50, 14
28, 147, 50, 23
28, 153, 50, 91
28, 284, 50, 43
28, 293, 50, 67
28, 184, 50, 25
28, 324, 50, 58
28, 77, 50, 70
28, 211, 50, 32
28, 215, 50, 51
28, 225, 50, 41
28, 231, 50, 87
28, 362, 50, 94
28, 378, 50, 25
28, 370, 50, 53
28, 372, 50, 17
28, 373, 50, 10
28, 122, 50, 88
28, 125, 50, 75
28, 135, 51, 53
28, 265, 51, 53
28, 394, 51, 25
28, 12, 51, 12
28, 154, 51, 61
28, 159, 51, 12
28, 165, 51, 19
28, 41, 51, 61
28, 180, 51, 60
28, 184, 51, 25
28, 319, 51, 36
28, 71, 51, 86
28, 333, 51, 14
28, 214, 51, 69
28, 222, 51, 39
28, 355, 51, 18
28, 359, 51, 64
28, 105, 51, 41
28, 124, 51, 93
28, 193, 52, 74
28, 328, 52, 49
28, 362, 52, 94
28, 367, 52, 60
28, 304, 52, 64
28, 18, 52, 25
28, 252, 52, 60
28, 128, 53, 26
28, 260, 53, 99
28, 13, 53, 27
28, 271, 53, 69
28, 28, 53, 38
28, 49, 53, 77
28, 53, 53, 25
28, 321, 53, 50
28, 193, 53, 74
28, 201, 53, 62
28, 89, 53, 84
28, 345, 53, 46
28, 350, 53, 96
28, 102, 53, 78
28, 106, 53, 25
28, 242, 53, 89
28, 244, 53, 65
28, 116, 53, 20
28, 252, 53, 60
28, 0, 54, 97
28, 344, 54, 64
28, 325, 54, 33
28, 8, 54, 80
28, 233, 54, 49
28, 362, 54, 94
28, 44, 54, 36
28, 364, 54, 37
28, 76, 54, 12
28, 205, 54, 7
28, 241, 54, 85
28, 146, 54, 95
28, 307, 54, 50
28, 184, 54, 25
28, 24, 54, 53
28, 250, 54, 80
28, 316, 54, 1
28, 190, 54, 72
28, 256, 55, 24
28, 33, 55, 10
28, 129, 55, 78
28, 38, 55, 78
28, 330, 55, 5
28, 299, 55, 62
28, 235, 55, 40
28, 77, 55, 70
28, 78, 55, 59
28, 335, 55, 92
28, 112, 55, 58
28, 305, 55, 10
28, 113, 55, 5
28, 80, 55, 73
28, 52, 55, 98
28, 251, 55, 70
28, 29, 55, 62
28, 190, 55, 72
28, 64, 56, 19
28, 65, 56, 18
28, 33, 56, 10
28, 13, 56, 27
28, 306, 56, 75
28, 55, 56, 12
28, 259, 57, 94
28, 132, 57, 8
28, 261, 57, 29
28, 262, 57, 47
28, 265, 57, 53
28, 9, 57, 100
28, 13, 57, 27
28, 288, 57, 21
28, 305, 57, 10
28, 181, 57, 8
28, 61, 57, 28
28, 318, 57, 45
28, 197, 57, 25
28, 204, 57, 15
28, 354, 57, 97
28, 98, 57, 99
28, 102, 57, 78
28, 232, 57, 30
28, 111, 57, 16
28, 374, 57, 10
28, 388, 58, 6
28, 326, 58, 6
28, 41, 58, 61
28, 179, 58, 31
28, 181, 58, 8
28, 62, 58, 70
28, 131, 59, 25
28, 79, 59, 44
28, 50, 59, 6
28, 338, 59, 88
28, 370, 59, 53
28, 26, 59, 35
28, 352, 60, 41
28, 353, 60, 99
28, 37, 60, 50
28, 359, 60, 64
28, 136, 60, 77
28, 174, 60, 86
28, 239, 60, 86
28, 153, 60, 91
28, 256, 61, 24
28, 290, 61, 54
28, 73, 61, 88
28, 74, 61, 50
28, 234, 61, 33
28, 170, 61, 1
28, 44, 61, 36
28, 142, 61, 14
28, 267, 61, 35
28, 305, 61, 10
28, 210, 61, 82
28, 276, 61, 76
28, 84, 61, 58
28, 86, 61, 54
28, 310, 61, 18
28, 248, 61, 69
28, 313, 61, 40
28, 87, 61, 41
28, 32, 62, 24
28, 130, 62, 3
28, 26, 62, 35
28, 100, 62, 27
28, 133, 62, 22
28, 165, 62, 19
28, 196, 62, 44
28, 296, 62, 53
28, 329, 62, 74
28, 359, 62, 64
28, 13, 62, 27
28, 173, 62, 65
28, 48, 62, 12
28, 56, 62, 28
28, 221, 62, 10
28, 154, 62, 61
28, 61, 62, 28
28, 228, 63, 33
28, 390, 63, 11
28, 330, 63, 5
28, 273, 63, 28
28, 276, 63, 76
28, 309, 63, 71
28, 352, 64, 41
28, 2, 64, 88
28, 356, 64, 33
28, 134, 64, 72
28, 297, 64, 63
28, 107, 64, 37
28, 269, 64, 50
28, 111, 64, 16
28, 180, 64, 60
28, 310, 64, 18
28, 312, 64, 25
28, 90, 64, 50
28, 317, 64, 79
28, 189, 64, 87
28, 126, 64, 25
28, 127, 64, 36
28, 1, 65, 78
28, 398, 65, 61
28, 147, 65, 23
28, 277, 65, 13
28, 282, 65, 81
28, 31, 65, 63
28, 160, 65, 20
28, 291, 65, 74
28, 318, 65, 45
28, 200, 65, 3
28, 337, 65, 100
28, 210, 65, 82
28, 341, 65, 6
28, 345, 65, 46
28, 98, 65, 99
28, 102, 65, 78
28, 238, 65, 52
28, 249, 65, 6
28, 378, 65, 25
28, 124, 65, 93
28, 224, 66, 15
28, 386, 66, 70
28, 326, 66, 6
28, 199, 66, 37
28, 137, 66, 6
28, 106, 66, 25
28, 73, 66, 88
28, 170, 66, 1
28, 13, 66, 27
28, 304, 66, 64
28, 82, 66, 29
28, 338, 66, 88
28, 51, 66, 67
28, 151, 66, 82
28, 216, 66, 82
28, 316, 66, 1
28, 157, 66, 70
28, 129, 67, 78
28, 73, 67, 88
28, 175, 67, 22
28, 48, 67, 12
28, 178, 67, 52
28, 342, 67, 44
28, 135, 68, 53
28, 137, 68, 6
28, 394, 68, 25
28, 266, 68, 63
28, 147, 68, 23
28, 282, 68, 81
28, 27, 68, 33
28, 33, 68, 10
28, 311, 68, 50
28, 57, 68, 47
28, 186, 68, 75
28, 323, 68, 95
28, 325, 68, 33
28, 327, 68, 90
28, 205, 68, 7
28, 79, 68, 44
28, 228, 68, 33
28, 236, 68, 51
28, 114, 68, 30
28, 249, 68, 6
28, 297, 69, 63
28, 298, 69, 14
28, 240, 69, 51
28, 113, 69, 5
28, 243, 69, 50
28, 283, 69, 46
28, 221, 69, 10
28, 287, 69, 28
28, 288, 70, 21
28, 352, 70, 41
28, 223, 70, 9
28, 35, 70, 83
28, 360, 70, 88
28, 240, 70, 51
28, 50, 70, 6
28, 114, 70, 30
28, 338, 70, 88
28, 343, 70, 44
28, 184, 70, 25
28, 281, 70, 95
28, 287, 70, 28
28, 99, 71, 49
28, 237, 71, 58
28, 142, 71, 14
28, 274, 71, 57
28, 182, 71, 97
28, 55, 71, 12
28, 263, 72, 49
28, 9, 72, 100
28, 14, 72, 26
28, 147, 72, 23
28, 154, 72, 61
28, 161, 72, 10
28, 299, 72, 62
28, 48, 72, 12
28, 53, 72, 25
28, 189, 72, 87
28, 64, 72, 19
28, 201, 72, 62
28, 77, 72, 70
28, 334, 72, 57
28, 208, 72, 5
28, 345, 72, 46
28, 354, 72, 97
28, 358, 72, 1
28, 246, 72, 15
28, 126, 72, 25
28, 389, 73, 72
28, 104, 73, 42
28, 333, 73, 14
28, 250, 73, 80
28, 221, 73, 10
28, 128, 74, 26
28, 228, 74, 33
28, 167, 74, 21
28, 264, 74, 38
28, 243, 74, 50
28, 53, 74, 25
28, 61, 74, 28
28, 353, 75, 99
28, 162, 75, 36
28, 263, 75, 49
28, 10, 75, 90
28, 364, 75, 37
28, 348, 75, 42
28, 225, 76, 41
28, 34, 76, 12
28, 163, 76, 2
28, 228, 76, 33
28, 134, 76, 72
28, 390, 76, 11
28, 232, 76, 30
28, 107, 76, 37
28, 300, 76, 53
28, 140, 76, 40
28, 145, 76, 94
28, 17, 76, 12
28, 19, 76, 57
28, 209, 76, 34
28, 178, 76, 52
28, 119, 76, 75
28, 313, 76, 40
28, 94, 76, 77
28, 387, 77, 2
28, 230, 77, 67
28, 265, 77, 53
28, 266, 77, 63
28, 19, 77, 57
28, 340, 77, 60
28, 252, 77, 60
28, 93, 77, 83
28, 323, 78, 95
28, 69, 78, 46
28, 390, 78, 11
28, 173, 78, 65
28, 399, 78, 16
28, 210, 78, 82
28, 125, 78, 75
28, 348, 78, 42
28, 28, 78, 38
28, 253, 78, 86
28, 375, 78, 86
28, 355, 79, 18
28, 389, 79, 72
28, 166, 79, 93
28, 200, 79, 3
28, 265, 79, 53
28, 397, 79, 21
28, 272, 79, 90
28, 21, 79, 89
28, 216, 79, 82
28, 154, 79, 61
28, 347, 79, 59
28, 285, 79, 100
28, 192, 80, 77
28, 259, 80, 94
28, 195, 80, 48
28, 197, 80, 25
28, 230, 80, 67
28, 364, 80, 37
28, 300, 80, 53
28, 381, 80, 3
28, 371, 80, 34
28, 52, 80, 98
28, 376, 80, 37
28, 91, 80, 29
28, 29, 80, 62
28, 319, 80, 36
28, 97, 81, 34
28, 196, 81, 44
28, 165, 81, 19
28, 198, 81, 73
28, 40, 81, 93
28, 236, 81, 51
28, 301, 81, 14
28, 45, 81, 65
28, 305, 81, 10
28, 22, 81, 47
28, 87, 81, 41
28, 152, 81, 31
28, 217, 81, 29
28, 156, 81, 15
28, 375, 81, 86
28, 101, 82, 12
28, 102, 82, 78
28, 230, 82, 67
28, 9, 82, 100
28, 105, 82, 41
28, 394, 82, 25
28, 366, 82, 44
28, 273, 82, 28
28, 340, 82, 60
28, 24, 82, 53
28, 161, 83, 10
28, 228, 83, 33
28, 36, 83, 21
28, 100, 83, 27
28, 359, 83, 64
28, 329, 83, 74
28, 175, 83, 22
28, 80, 83, 73
28, 369, 83, 82
28, 306, 83, 75
28, 372, 83, 17
28, 25, 83, 34
28, 95, 83, 66
28, 63, 83, 83
28, 356, 84, 33
28, 59, 84, 54
28, 48, 84, 12
28, 81, 84, 63
28, 274, 84, 57
28, 307, 84, 50
28, 372, 84, 17
28, 117, 84, 79
28, 55, 84, 12
28, 315, 84, 55
28, 61, 84, 28
28, 64, 85, 19
28, 100, 85, 27
28, 292, 85, 72
28, 75, 85, 54
28, 80, 85, 73
28, 64, 86, 19
28, 161, 86, 10
28, 128, 86, 26
28, 230, 86, 67
28, 361, 86, 92
28, 59, 86, 54
28, 235, 86, 40
28, 107, 86, 37
28, 47, 86, 59
28, 273, 86, 28
28, 306, 86, 75
28, 181, 86, 8
28, 54, 86, 57
28, 91, 86, 29
28, 131, 87, 25
28, 163, 87, 2
28, 264, 87, 38
28, 73, 87, 88
28, 10, 87, 90
28, 12, 87, 12
28, 48, 87, 12
28, 178, 87, 52
28, 146, 87, 95
28, 180, 87, 60
28, 212, 87, 8
28, 31, 87, 63
28, 255, 87, 91
28, 321, 88, 50
28, 2, 88, 88
28, 134, 88, 72
28, 360, 88, 88
28, 9, 88, 100
28, 11, 88, 22
28, 371, 88, 34
28, 20, 88, 20
28, 279, 88, 60
28, 24, 88, 53
28, 67, 89, 89
28, 139, 89, 31
28, 118, 89, 44
28, 24, 89, 53
28, 349, 89, 85
28, 32, 90, 24
28, 1, 90, 78
28, 387, 90, 2
28, 100, 90, 27
28, 101, 90, 12
28, 232, 90, 30
28, 296, 90, 53
28, 394, 90, 25
28, 266, 90, 63
28, 12, 90, 12
28, 301, 90, 14
28, 175, 90, 22
28, 369, 90, 82
28, 371, 90, 34
28, 380, 90, 10
28, 350, 90, 96
28, 159, 90, 12
28, 228, 91, 33
28, 324, 91, 58
28, 390, 91, 11
28, 135, 91, 53
28, 297, 91, 63
28, 394, 91, 25
28, 332, 91, 77
28, 206, 91, 4
28, 46, 91, 51
28, 208, 91, 5
28, 178, 91, 52
28, 21, 91, 89
28, 183, 91, 74
28, 216, 91, 82
28, 123, 91, 1
28, 253, 91, 86
28, 158, 91, 56
28, 288, 92, 21
28, 193, 92, 74
28, 357, 92, 24
28, 137, 92, 6
28, 265, 92, 53
28, 107, 92, 37
28, 334, 92, 57
28, 14, 92, 26
28, 145, 92, 94
28, 370, 92, 53
28, 87, 92, 41
28, 315, 92, 55
28, 320, 93, 92
28, 197, 93, 25
28, 105, 93, 41
28, 19, 93, 57
28, 86, 93, 54
28, 246, 93, 15
28, 56, 93, 28
28, 153, 93, 91
28, 61, 93, 28
28, 389, 94, 72
28, 107, 94, 37
28, 396, 94, 37
28, 141, 94, 92
28, 115, 94, 53
28, 372, 94, 17
28, 277, 94, 13
28, 31, 94, 63
28, 226, 95, 26
28, 264, 95, 38
28, 137, 95, 6
28, 329, 95, 74
28, 378, 95, 25
28, 207, 95, 6
28, 273, 95, 28
28, 338, 95, 88
28, 244, 95, 65
28, 184, 95, 25
28, 26, 95, 35
28, 29, 95, 62
28, 1, 96, 78
28, 233, 96, 49
28, 396, 96, 37
28, 109, 96, 91
28, 172, 96, 12
28, 86, 96, 54
28, 247, 96, 24
28, 216, 96, 82
28, 348, 96, 42
28, 285, 96, 100
28, 95, 96, 66
28, 232, 97, 30
28, 44, 97, 36
28, 28, 97, 38
28, 174, 97, 86
28, 239, 97, 86
28, 16, 97, 45
28, 50, 97, 6
28, 178, 97, 52
28, 213, 97, 5
28, 278, 97, 24
28, 250, 97, 80
28, 380, 97, 10
28, 286, 97, 56
28, 224, 98, 15
28, 353, 98, 99
28, 72, 98, 15
28, 108, 98, 51
28, 206, 98, 4
28, 210, 98, 82
28, 56, 98, 28
28, 345, 98, 46
28, 256, 99, 24
28, 352, 99, 41
28, 385, 99, 70
28, 228, 99, 33
28, 165, 99, 19
28, 70, 99, 5
28, 39, 99, 11
28, 299, 99, 62
28, 303, 99, 88
28, 239, 99, 86
28, 335, 99, 92
28, 312, 99, 25
28, 121, 99, 80
28, 127, 99, 36
28, 190, 99, 72
28, 31, 99, 63
28, 66, 100, 64
28, 102, 100, 78
28, 358, 100, 1
28, 199, 100, 37
28, 363, 100, 90
28, 300, 100, 53
28, 235, 100, 40
28, 366, 100, 44
28, 304, 100, 64
28, 178, 100, 52
28, 51, 100, 67
28, 180, 100, 60
28, 341, 100, 6
28, 22, 100, 47
28, 183, 100, 74
28, 86, 100, 54
28, 339, 100, 1
28, 34, 101, 12
28, 67, 101, 89
28, 3, 101, 65
28, 198, 101, 73
28, 166, 101, 93
28, 336, 101, 48
28, 145, 101, 94
28, 370, 101, 53
28, 368, 101, 28
28, 279, 101, 60
28, 377, 101, 46
28, 125, 101, 75
28, 183, 101, 74
28, 129, 102, 78
28, 258, 102, 73
28, 198, 102, 73
28, 49, 102, 77
28, 241, 102, 85
28, 337, 102, 100
28, 149, 102, 14
28, 183, 102, 74
28, 57, 102, 47
28, 186, 102, 75
28, 161, 103, 10
28, 66, 103, 64
28, 270, 103, 98
28, 207, 103, 6
28, 52, 103, 98
28, 157, 103, 70
28, 374, 103, 10
28, 153, 103, 91
28, 29, 103, 62
28, 164, 104, 9
28, 234, 104, 33
28, 333, 104, 14
28, 206, 104, 4
28, 79, 104, 44
28, 16, 104, 45
28, 114, 104, 30
28, 23, 104, 39
28, 314, 104, 51
28, 61, 104, 28
28, 224, 105, 15
28, 389, 105, 72
28, 134, 105, 72
28, 391, 105, 84
28, 232, 105, 30
28, 140, 105, 40
28, 271, 105, 69
28, 211, 105, 32
28, 339, 105, 1
28, 278, 105, 24
28, 217, 105, 29
28, 58, 105, 9
28, 318, 105, 45
28, 257, 106, 87
28, 287, 106, 28
28, 261, 106, 29
28, 102, 106, 78
28, 391, 106, 84
28, 168, 106, 70
28, 44, 106, 36
28, 49, 106, 77
28, 211, 106, 32
28, 214, 106, 69
28, 118, 106, 44
28, 246, 106, 15
28, 374, 106, 10
28, 56, 106, 28
28, 220, 106, 99
28, 191, 106, 45
28, 32, 107, 24
28, 132, 107, 8
28, 164, 107, 9
28, 134, 107, 72
28, 7, 107, 93
28, 232, 107, 30
28, 142, 107, 14
28, 78, 107, 59
28, 274, 107, 57
28, 275, 107, 90
28, 50, 107, 6
28, 245, 107, 20
28, 278, 107, 24
28, 25, 107, 34
28, 156, 107, 15
28, 319, 107, 36
28, 353, 108, 99
28, 162, 108, 36
28, 196, 108, 44
28, 6, 108, 71
28, 328, 108, 49
28, 105, 108, 41
28, 107, 108, 37
28, 238, 108, 52
28, 16, 108, 45
28, 339, 108, 1
28, 275, 108, 90
28, 245, 108, 20
28, 19, 108, 57
28, 217, 108, 29
28, 159, 108, 12
28, 32, 109, 24
28, 161, 109, 10
28, 194, 109, 47
28, 37, 109, 50
28, 326, 109, 6
28, 229, 109, 50
28, 43, 109, 39
28, 204, 109, 15
28, 77, 109, 70
28, 210, 109, 82
28, 373, 109, 10
28, 122, 109, 88
28, 31, 109, 63
28, 288, 110, 21
28, 164, 110, 9
28, 389, 110, 72
28, 101, 110, 12
28, 7, 110, 93
28, 327, 110, 90
28, 73, 110, 88
28, 39, 110, 11
28, 136, 110, 77
28, 112, 110, 58
28, 372, 110, 17
28, 157, 110, 70
28, 279, 110, 60
28, 22, 110, 47
28, 120, 110, 39
28, 285, 110, 100
28, 319, 110, 36
28, 321, 111, 50
28, 4, 111, 90
28, 327, 111, 90
28, 395, 111, 30
28, 76, 111, 12
28, 13, 111, 27
28, 370, 111, 53
28, 23, 111, 39
28, 36, 112, 21
28, 197, 112, 25
28, 79, 112, 44
28, 284, 112, 43
28, 158, 112, 56
28, 129, 113, 78
28, 131, 113, 25
28, 4, 113, 90
28, 104, 113, 42
28, 270, 113, 98
28, 92, 113, 80
28, 241, 113, 85
28, 243, 113, 50
28, 244, 113, 65
28, 22, 113, 47
28, 246, 113, 15
28, 310, 113, 18
28, 284, 113, 43
28, 349, 113, 85
28, 94, 113, 77
28, 282, 114, 81
28, 285, 114, 100
28, 165, 114, 19
28, 185, 114, 13
28, 315, 114, 55
28, 62, 114, 70
28, 318, 114, 45
28, 321, 114, 50
28, 193, 114, 74
28, 73, 114, 88
28, 217, 114, 29
28, 92, 114, 80
28, 93, 114, 83
28, 96, 114, 23
28, 358, 114, 1
28, 230, 114, 67
28, 241, 114, 85
28, 115, 114, 53
28, 375, 114, 86
28, 252, 114, 60
28, 320, 115, 92
28, 165, 115, 19
28, 113, 115, 5
28, 179, 115, 31
28, 147, 115, 23
28, 128, 116, 26
28, 6, 116, 71
28, 360, 116, 88
28, 265, 116, 53
28, 394, 116, 25
28, 236, 116, 51
28, 237, 116, 58
28, 238, 116, 52
28, 271, 116, 69
28, 241, 116, 85
28, 340, 116, 60
28, 119, 116, 75
28, 251, 116, 70
28, 223, 116, 9
28, 66, 117, 64
28, 387, 117, 2
28, 394, 117, 25
28, 203, 117, 91
28, 333, 117, 14
28, 146, 117, 95
28, 115, 117, 53
28, 116, 117, 20
28, 53, 117, 25
28, 374, 117, 10
28, 118, 117, 44
28, 344, 117, 64
28, 185, 117, 13
28, 186, 117, 75
28, 157, 117, 70
28, 62, 117, 70
28, 159, 117, 12
28, 226, 118, 26
28, 197, 118, 25
28, 298, 118, 14
28, 204, 118, 15
28, 109, 118, 91
28, 366, 118, 44
28, 367, 118, 60
28, 368, 118, 28
28, 333, 118, 14
28, 18, 118, 25
28, 52, 118, 98
28, 373, 118, 10
28, 53, 118, 25
28, 86, 118, 54
28, 88, 118, 35
28, 121, 118, 80
28, 26, 118, 35
28, 386, 119, 70
28, 7, 119, 93
28, 267, 119, 35
28, 139, 119, 31
28, 14, 119, 26
28, 272, 119, 90
28, 148, 119, 96
28, 281, 119, 95
28, 32, 119, 24
28, 289, 119, 26
28, 35, 119, 83
28, 51, 119, 67
28, 311, 119, 50
28, 314, 119, 51
28, 322, 119, 21
28, 210, 119, 82
28, 220, 119, 99
28, 349, 119, 85
28, 357, 119, 24
28, 3, 120, 65
28, 294, 120, 91
28, 170, 120, 1
28, 43, 120, 39
28, 301, 120, 14
28, 239, 120, 86
28, 247, 120, 24
28, 88, 120, 35
28, 349, 120, 85
28, 191, 120, 45
28, 32, 121, 24
28, 193, 121, 74
28, 4, 121, 90
28, 229, 121, 50
28, 6, 121, 71
28, 360, 121, 88
28, 11, 121, 22
28, 173, 121, 65
28, 397, 121, 21
28, 110, 121, 69
28, 337, 121, 100
28, 17, 121, 12
28, 275, 121, 90
28, 118, 121, 44
28, 312, 121, 25
28, 217, 121, 29
28, 125, 121, 75
28, 101, 122, 12
28, 201, 122, 62
28, 363, 122, 90
28, 271, 122, 69
28, 111, 122, 16
28, 81, 122, 63
28, 113, 122, 5
28, 19, 122, 57
28, 245, 122, 20
28, 376, 122, 37
28, 25, 122, 34
28, 380, 122, 10
28, 349, 122, 85
28, 286, 122, 56
28, 32, 123, 24
28, 100, 123, 27
28, 102, 123, 78
28, 168, 123, 70
28, 9, 123, 100
28, 140, 123, 40
28, 49, 123, 77
28, 241, 123, 85
28, 210, 123, 82
28, 340, 123, 60
28, 188, 123, 31
28, 29, 123, 62
28, 94, 123, 77
28, 289, 124, 26
28, 163, 124, 2
28, 135, 124, 53
28, 302, 124, 29
28, 240, 124, 51
28, 121, 124, 80
28, 347, 124, 59
28, 93, 124, 83
28, 254, 124, 42
28, 223, 124, 9
28, 2, 125, 88
28, 133, 125, 22
28, 327, 125, 90
28, 199, 125, 37
28, 106, 125, 25
28, 143, 125, 15
28, 306, 125, 75
28, 118, 125, 44
28, 187, 125, 98
28, 349, 125, 85
28, 289, 126, 26
28, 2, 126, 88
28, 291, 126, 74
28, 292, 126, 72
28, 198, 126, 73
28, 231, 126, 87
28, 168, 126, 70
28, 102, 126, 78
28, 266, 126, 63
28, 10, 126, 90
28, 365, 126, 8
28, 92, 126, 80
28, 32, 127, 24
28, 65, 127, 18
28, 267, 127, 35
28, 364, 127, 37
28, 140, 127, 40
28, 175, 127, 22
28, 111, 127, 16
28, 284, 127, 43
28, 309, 127, 71
28, 149, 127, 14
28, 121, 127, 80
28, 122, 127, 88
28, 251, 127, 70
28, 380, 127, 10
28, 159, 127, 12
28, 32, 128, 24
28, 129, 128, 78
28, 287, 128, 28
28, 4, 128, 90
28, 298, 128, 14
28, 140, 128, 40
28, 204, 128, 15
28, 302, 128, 29
28, 270, 128, 98
28, 149, 128, 14
28, 220, 128, 99
28, 255, 128, 91
28, 4, 129, 90
28, 261, 129, 29
28, 365, 129, 8
28, 16, 129, 45
28, 115, 129, 53
28, 119, 129, 75
28, 349, 129, 85
28, 288, 130, 21
28, 67, 130, 89
28, 5, 130, 42
28, 70, 130, 5
28, 40, 130, 93
28, 73, 130, 88
28, 106, 130, 25
28, 202, 130, 12
28, 303, 130, 88
28, 111, 130, 16
28, 23, 130, 39
28, 344, 130, 64
28, 190, 130, 72
28, 195, 131, 48
28, 5, 131, 42
28, 198, 131, 73
28, 391, 131, 84
28, 329, 131, 74
28, 185, 131, 13
28, 221, 131, 10
28, 350, 131, 96
28, 64, 132, 19
28, 257, 132, 87
28, 130, 132, 3
28, 195, 132, 48
28, 258, 132, 73
28, 102, 132, 78
28, 205, 132, 7
28, 270, 132, 98
28, 367, 132, 60
28, 238, 132, 52
28, 368, 132, 28
28, 207, 132, 6
28, 307, 132, 50
28, 20, 132, 20
28, 343, 132, 44
28, 344, 132, 64
28, 283, 132, 46
28, 284, 132, 43
28, 89, 133, 84
28, 388, 133, 6
28, 229, 133, 50
28, 360, 133, 88
28, 8, 133, 80
28, 206, 133, 4
28, 399, 133, 16
28, 208, 133, 5
28, 177, 133, 40
28, 53, 133, 25
28, 217, 133, 29
28, 256, 134, 24
28, 161, 134, 10
28, 3, 134, 65
28, 133, 134, 22
28, 167, 134, 21
28, 341, 134, 6
28, 248, 134, 69
28, 89, 134, 84
28, 378, 134, 25
28, 315, 134, 55
28, 67, 135, 89
28, 359, 135, 64
28, 39, 135, 11
28, 204, 135, 15
28, 79, 135, 44
28, 82, 135, 29
28, 346, 135, 100
28, 91, 135, 29
28, 165, 136, 19
28, 71, 136, 86
28, 8, 136, 80
28, 25, 136, 34
28, 60, 136, 43
28, 287, 136, 28
28, 196, 137, 44
28, 359, 137, 64
28, 360, 137, 88
28, 267, 137, 35
28, 141, 137, 92
28, 15, 137, 71
28, 399, 137, 16
28, 81, 137, 63
28, 180, 137, 60
28, 92, 137, 80
28, 94, 137, 77
28, 351, 137, 53
28, 384, 138, 46
28, 226, 138, 26
28, 262, 138, 47
28, 383, 138, 70
28, 10, 138, 90
28, 242, 138, 89
28, 84, 138, 58
28, 309, 138, 71
28, 283, 138, 46
28, 317, 138, 79
28, 159, 138, 12
28, 131, 139, 25
28, 164, 139, 9
28, 99, 139, 49
28, 271, 139, 69
28, 176, 139, 83
28, 251, 139, 70
28, 384, 140, 46
28, 12, 140, 12
28, 146, 140, 95
28, 275, 140, 90
28, 156, 140, 15
28, 288, 140, 21
28, 39, 140, 11
28, 45, 140, 65
28, 53, 140, 25
28, 59, 140, 54
28, 191, 140, 45
28, 337, 140, 100
28, 83, 140, 4
28, 96, 140, 23
28, 238, 140, 52
28, 111, 140, 16
28, 124, 140, 93
28, 373, 140, 10
28, 252, 140, 60
28, 352, 141, 41
28, 392, 141, 57
28, 218, 141, 86
28, 203, 141, 91
28, 268, 141, 92
28, 301, 141, 14
28, 399, 141, 16
28, 338, 141, 88
28, 50, 141, 6
28, 19, 141, 57
28, 246, 141, 15
28, 343, 141, 44
28, 378, 141, 25
28, 91, 141, 29
28, 253, 141, 86
28, 254, 141, 42
28, 287, 141, 28
28, 133, 142, 22
28, 389, 142, 72
28, 104, 142, 42
28, 274, 142, 57
28, 21, 142, 89
28, 281, 142, 95
28, 289, 143, 26
28, 194, 143, 47
28, 99, 143, 49
28, 333, 143, 14
28, 78, 143, 59
28, 243, 143, 50
28, 148, 143, 96
28, 277, 143, 13
28, 147, 143, 23
28, 119, 143, 75
28, 380, 143, 10
28, 124, 143, 93
28, 320, 144, 92
28, 100, 144, 27
28, 37, 144, 50
28, 229, 144, 50
28, 200, 144, 3
28, 136, 144, 77
28, 169, 144, 63
28, 395, 144, 30
28, 207, 144, 6
28, 311, 144, 50
28, 53, 144, 25
28, 310, 144, 18
28, 125, 144, 75
28, 185, 144, 13
28, 250, 144, 80
28, 157, 144, 70
28, 6, 145, 71
28, 199, 145, 37
28, 104, 145, 42
28, 41, 145, 61
28, 204, 145, 15
28, 13, 145, 27
28, 174, 145, 86
28, 396, 145, 37
28, 84, 145, 58
28, 189, 145, 87
28, 23, 145, 39
28, 152, 145, 31
28, 218, 145, 86
28, 379, 145, 95
28, 93, 145, 83
28, 320, 146, 92
28, 321, 146, 50
28, 257, 146, 87
28, 102, 146, 78
28, 38, 146, 78
28, 394, 146, 25
28, 143, 146, 15
28, 80, 146, 73
28, 84, 146, 58
28, 248, 146, 69
28, 348, 146, 42
28, 319, 146, 36
28, 128, 147, 26
28, 138, 147, 57
28, 396, 147, 37
28, 399, 147, 16
28, 145, 147, 94
28, 280, 147, 94
28, 302, 147, 29
28, 307, 147, 50
28, 54, 147, 57
28, 312, 147, 25
28, 314, 147, 51
28, 322, 147, 21
28, 71, 147, 86
28, 209, 147, 34
28, 339, 147, 1
28, 86, 147, 54
28, 87, 147, 41
28, 113, 147, 5
28, 370, 147, 53
28, 244, 147, 65
28, 289, 148, 26
28, 257, 148, 87
28, 390, 148, 11
28, 200, 148, 3
28, 201, 148, 62
28, 361, 148, 92
28, 397, 148, 21
28, 205, 148, 7
28, 143, 148, 15
28, 241, 148, 85
28, 180, 148, 60
28, 181, 148, 8
28, 151, 148, 82
28, 280, 148, 94
28, 153, 148, 91
28, 27, 148, 33
28, 60, 148, 43
28, 96, 149, 23
28, 161, 149, 10
28, 3, 149, 65
28, 8, 149, 80
28, 236, 149, 51
28, 334, 149, 57
28, 366, 149, 44
28, 145, 149, 94
28, 19, 149, 57
28, 151, 149, 82
28, 121, 149, 80
28, 123, 149, 1
28, 290, 150, 54
28, 99, 150, 49
28, 169, 150, 63
28, 74, 150, 50
28, 44, 150, 36
28, 76, 150, 12
28, 79, 150, 44
28, 24, 150, 53
28, 256, 151, 24
28, 2, 151, 88
28, 163, 151, 2
28, 100, 151, 27
28, 36, 151, 21
28, 360, 151, 88
28, 173, 151, 65
28, 301, 151, 14
28, 147, 151, 23
28, 157, 151, 70
28, 183, 151, 74
28, 61, 151, 28
28, 62, 151, 70
28, 31, 151, 63
28, 387, 152, 2
28, 100, 152, 27
28, 390, 152, 11
28, 104, 152, 42
28, 138, 152, 57
28, 81, 152, 63
28, 209, 152, 34
28, 275, 152, 90
28, 20, 152, 20
28, 86, 152, 54
28, 187, 152, 98
28, 189, 152, 87
28, 31, 152, 63
28, 387, 153, 2
28, 355, 153, 18
28, 230, 153, 67
28, 328, 153, 49
28, 170, 153, 1
28, 302, 153, 29
28, 80, 153, 73
28, 211, 153, 32
28, 148, 153, 96
28, 246, 153, 15
28, 88, 153, 35
28, 349, 153, 85
28, 69, 154, 46
28, 134, 154, 72
28, 177, 154, 40
28, 89, 154, 84
28, 60, 154, 43
28, 166, 155, 93
28, 359, 155, 64
28, 392, 155, 57
28, 24, 155, 53
28, 221, 155, 10
28, 230, 156, 67
28, 360, 156, 88
28, 298, 156, 14
28, 75, 156, 54
28, 204, 156, 15
28, 396, 156, 37
28, 369, 156, 82
28, 337, 156, 100
28, 311, 156, 50
28, 158, 156, 56
28, 291, 157, 74
28, 101, 157, 12
28, 234, 157, 33
28, 76, 157, 12
28, 47, 157, 59
28, 86, 157, 54
28, 311, 157, 50
28, 380, 157, 10
28, 160, 158, 20
28, 131, 158, 25
28, 292, 158, 72
28, 325, 158, 33
28, 326, 158, 6
28, 135, 158, 53
28, 168, 158, 70
28, 291, 158, 74
28, 74, 158, 50
28, 167, 158, 21
28, 175, 158, 22
28, 83, 158, 4
28, 348, 158, 42
28, 345, 158, 46
28, 250, 158, 80
28, 124, 158, 93
28, 125, 158, 75
28, 97, 159, 34
28, 34, 159, 12
28, 67, 159, 89
28, 295, 159, 67
28, 170, 159, 1
28, 139, 159, 31
28, 332, 159, 77
28, 45, 159, 65
28, 333, 159, 14
28, 335, 159, 92
28, 275, 159, 90
28, 84, 159, 58
28, 117, 159, 79
28, 118, 159, 44
28, 21, 159, 89
28, 312, 159, 25
28, 190, 159, 72
28, 255, 159, 91
28, 71, 160, 86
28, 144, 160, 84
28, 305, 160, 10
28, 182, 160, 97
28, 347, 160, 59
28, 125, 160, 75
28, 65, 161, 18
28, 3, 161, 65
28, 388, 161, 6
28, 261, 161, 29
28, 165, 161, 19
28, 38, 161, 78
28, 8, 161, 80
28, 233, 161, 49
28, 35, 161, 83
28, 173, 161, 65
28, 219, 161, 23
28, 87, 161, 41
28, 119, 161, 75
28, 58, 161, 9
28, 187, 161, 98
28, 189, 161, 87
28, 159, 161, 12
28, 288, 162, 21
28, 136, 162, 77
28, 369, 162, 82
28, 151, 162, 82
28, 153, 162, 91
28, 255, 162, 91
28, 129, 163, 78
28, 194, 163, 47
28, 388, 163, 6
28, 230, 163, 67
28, 294, 163, 91
28, 144, 163, 84
28, 181, 163, 8
28, 374, 163, 10
28, 348, 163, 42
28, 382, 163, 10
28, 288, 164, 21
28, 352, 164, 41
28, 324, 164, 58
28, 293, 164, 67
28, 249, 164, 6
28, 294, 164, 91
28, 328, 164, 49
28, 203, 164, 91
28, 45, 164, 65
28, 241, 164, 85
28, 340, 164, 60
28, 125, 164, 75
28, 377, 164, 46
28, 26, 164, 35
28, 380, 164, 10
28, 349, 164, 85
28, 128, 165, 26
28, 20, 165, 20
28, 278, 165, 24
28, 23, 165, 39
28, 291, 165, 74
28, 298, 165, 14
28, 179, 165, 31
28, 308, 165, 100
28, 307, 165, 50
28, 326, 165, 6
28, 334, 165, 57
28, 339, 165, 1
28, 90, 165, 50
28, 99, 165, 49
28, 358, 165, 1
28, 364, 165, 37
28, 237, 165, 58
28, 115, 165, 53
28, 247, 165, 24
28, 252, 165, 60
28, 5, 166, 42
28, 294, 166, 91
28, 325, 166, 33
28, 168, 166, 70
28, 143, 166, 15
28, 113, 166, 5
28, 318, 166, 45
28, 160, 167, 20
28, 257, 167, 87
28, 162, 167, 36
28, 322, 167, 21
28, 260, 167, 99
28, 261, 167, 29
28, 103, 167, 92
28, 119, 167, 75
28, 377, 167, 46
28, 221, 167, 10
28, 357, 168, 24
28, 331, 168, 10
28, 203, 168, 91
28, 112, 168, 58
28, 89, 168, 84
28, 38, 169, 78
28, 392, 169, 57
28, 40, 169, 93
28, 271, 169, 69
28, 337, 169, 100
28, 85, 169, 100
28, 181, 169, 8
28, 310, 169, 18
28, 273, 170, 28
28, 115, 170, 53
28, 182, 170, 97
28, 86, 170, 54
28, 344, 170, 64
28, 297, 171, 63
28, 169, 171, 63
28, 361, 171, 92
28, 76, 171, 12
28, 364, 171, 37
28, 171, 171, 99
28, 143, 171, 15
28, 369, 171, 82
28, 182, 171, 97
28, 22, 171, 47
28, 92, 171, 80
28, 63, 171, 83
28, 225, 172, 41
28, 325, 172, 33
28, 140, 172, 40
28, 269, 172, 50
28, 240, 172, 51
28, 48, 172, 12
28, 117, 172, 79
28, 182, 172, 97
28, 213, 172, 5
28, 382, 172, 10
28, 320, 173, 92
28, 0, 173, 97
28, 69, 173, 46
28, 266, 173, 63
28, 46, 173, 51
28, 208, 173, 5
28, 216, 173, 82
28, 287, 173, 28
28, 198, 174, 73
28, 6, 174, 71
28, 136, 174, 77
28, 267, 174, 35
28, 16, 174, 45
28, 112, 174, 58
28, 379, 174, 95
28, 85, 174, 100
28, 342, 174, 44
28, 119, 174, 75
28, 341, 174, 6
28, 249, 174, 6
28, 59, 174, 54
28, 28, 174, 38
28, 35, 175, 83
28, 132, 175, 8
28, 230, 175, 67
28, 169, 175, 63
28, 138, 175, 57
28, 109, 175, 91
28, 79, 175, 44
28, 242, 175, 89
28, 147, 175, 23
28, 180, 175, 60
28, 50, 175, 6
28, 184, 175, 25
28, 165, 176, 19
28, 200, 176, 3
28, 73, 176, 88
28, 270, 176, 98
28, 336, 176, 48
28, 273, 176, 28
28, 146, 176, 95
28, 148, 176, 96
28, 278, 176, 24
28, 280, 176, 94
28, 153, 176, 91
28, 61, 176, 28
28, 34, 177, 12
28, 4, 177, 90
28, 394, 177, 25
28, 45, 177, 65
28, 141, 177, 92
28, 144, 177, 84
28, 119, 177, 75
28, 26, 177, 35
28, 219, 177, 23
28, 349, 177, 85
28, 64, 178, 19
28, 321, 178, 50
28, 197, 178, 25
28, 137, 178, 6
28, 236, 178, 51
28, 109, 178, 91
28, 238, 178, 52
28, 141, 178, 92
28, 272, 178, 90
28, 211, 178, 32
28, 148, 178, 96
28, 243, 178, 50
28, 182, 178, 97
28, 23, 178, 39
28, 217, 178, 29
28, 3, 179, 65
28, 260, 179, 99
28, 267, 179, 35
28, 17, 179, 12
28, 152, 179, 31
28, 28, 179, 38
28, 34, 179, 12
28, 166, 179, 93
28, 44, 179, 36
28, 180, 179, 60
28, 79, 179, 44
28, 80, 179, 73
28, 90, 179, 50
28, 230, 179, 67
28, 361, 179, 92
28, 236, 179, 51
28, 117, 179, 79
28, 125, 179, 75
28, 127, 179, 36
28, 128, 180, 26
28, 296, 180, 53
28, 233, 180, 49
28, 76, 180, 12
28, 241, 180, 85
28, 220, 180, 99
28, 350, 180, 96
28, 327, 181, 90
28, 167, 181, 21
28, 266, 181, 63
28, 244, 181, 65
28, 21, 181, 89
28, 161, 182, 10
28, 225, 182, 41
28, 299, 182, 62
28, 111, 182, 16
28, 243, 182, 50
28, 317, 182, 79
28, 96, 183, 23
28, 289, 183, 26
28, 101, 183, 12
28, 166, 183, 93
28, 262, 183, 47
28, 10, 183, 90
28, 266, 183, 63
28, 19, 183, 57
28, 276, 183, 76
28, 181, 183, 8
28, 223, 183, 9
28, 257, 184, 87
28, 37, 184, 50
28, 281, 184, 95
28, 135, 184, 53
28, 396, 184, 37
28, 333, 184, 14
28, 303, 184, 88
28, 304, 184, 64
28, 178, 184, 52
28, 274, 184, 57
28, 53, 184, 25
28, 245, 184, 20
28, 151, 184, 82
28, 153, 184, 91
28, 221, 184, 10
28, 94, 184, 77
28, 195, 185, 48
28, 68, 185, 15
28, 262, 185, 47
28, 391, 185, 84
28, 346, 185, 100
28, 206, 185, 4
28, 55, 185, 12
28, 26, 185, 35
28, 252, 185, 60
28, 192, 186, 77
28, 161, 186, 10
28, 258, 186, 73
28, 39, 186, 11
28, 392, 186, 57
28, 172, 186, 12
28, 241, 186, 85
28, 370, 186, 53
28, 339, 186, 1
28, 248, 186, 69
28, 31, 186, 63
28, 20, 187, 20
28, 151, 187, 82
28, 155, 187, 5
28, 284, 187, 43
28, 30, 187, 8
28, 37, 187, 50
28, 167, 187, 21
28, 183, 187, 74
28, 321, 187, 50
28, 77, 187, 70
28, 336, 187, 48
28, 216, 187, 82
28, 225, 187, 41
28, 363, 187, 90
28, 108, 187, 51
28, 115, 187, 53
28, 374, 187, 10
28, 119, 187, 75
28, 120, 187, 39
28, 380, 187, 10
28, 6, 188, 71
28, 8, 188, 80
28, 13, 188, 27
28, 367, 188, 60
28, 51, 188, 67
28, 263, 189, 49
28, 362, 189, 94
28, 19, 189, 57
28, 211, 189, 32
28, 373, 189, 10
28, 31, 189, 63
28, 33, 190, 10
28, 129, 190, 78
28, 363, 190, 90
28, 44, 190, 36
28, 14, 190, 26
28, 143, 190, 15
28, 240, 190, 51
28, 52, 190, 98
28, 58, 190, 9
28, 128, 191, 26
28, 195, 191, 48
28, 293, 191, 67
28, 199, 191, 37
28, 73, 191, 88
28, 106, 191, 25
28, 10, 191, 90
28, 172, 191, 12
28, 301, 191, 14
28, 110, 191, 69
28, 112, 191, 58
28, 114, 191, 30
28, 211, 191, 32
28, 85, 191, 100
28, 284, 191, 43
28, 381, 191, 3
28, 0, 192, 97
28, 160, 192, 20
28, 65, 192, 18
28, 355, 192, 18
28, 225, 192, 41
28, 357, 192, 24
28, 71, 192, 86
28, 9, 192, 100
28, 201, 192, 62
28, 105, 192, 41
28, 75, 192, 54
28, 395, 192, 30
28, 85, 192, 100
28, 55, 192, 12
28, 91, 192, 29
28, 94, 192, 77
28, 384, 193, 46
28, 256, 193, 24
28, 67, 193, 89
28, 199, 193, 37
28, 200, 193, 3
28, 105, 193, 41
28, 103, 193, 92
28, 11, 193, 22
28, 367, 193, 60
28, 239, 193, 86
28, 212, 193, 8
28, 117, 193, 79
28, 22, 193, 47
28, 23, 193, 39
28, 314, 193, 51
28, 127, 193, 36
28, 125, 193, 75
28, 383, 193, 70
28, 386, 194, 70
28, 194, 194, 47
28, 37, 194, 50
28, 363, 194, 90
28, 147, 194, 23
28, 119, 194, 75
28, 312, 194, 25
28, 317, 194, 79
28, 288, 195, 21
28, 322, 195, 21
28, 387, 195, 2
28, 300, 195, 53
28, 117, 195, 79
28, 311, 195, 50
28, 251, 195, 70
28, 189, 195, 87
28, 222, 195, 39
28, 387, 196, 2
28, 143, 196, 15
28, 371, 196, 34
28, 212, 196, 8
28, 87, 196, 41
28, 282, 196, 81
28, 134, 197, 72
28, 383, 197, 70
28, 106, 197, 25
28, 107, 197, 37
28, 237, 197, 58
28, 335, 197, 92
28, 239, 197, 86
28, 145, 197, 94
28, 242, 197, 89
28, 210, 197, 82
28, 52, 197, 98
28, 373, 197, 10
28, 339, 197, 1
28, 313, 197, 40
28, 154, 197, 61
28, 93, 197, 83
28, 94, 197, 77
28, 63, 197, 83
28, 321, 198, 50
28, 131, 198, 25
28, 260, 198, 99
28, 261, 198, 29
28, 136, 198, 77
28, 332, 198, 77
28, 28, 198, 38
28, 208, 198, 5
28, 273, 198, 28
28, 381, 198, 3
28, 51, 198, 67
28, 117, 198, 79
28, 57, 198, 47
28, 154, 198, 61
28, 155, 198, 5
28, 156, 198, 15
28, 222, 198, 39
28, 158, 198, 56
28, 355, 199, 18
28, 6, 199, 71
28, 48, 199, 12
28, 311, 199, 50
28, 24, 199, 53
