200, 400, 20
62, 260, 0, 67
62, 393, 0, 23
62, 395, 0, 34
62, 12, 0, 39
62, 142, 0, 81
62, 155, 0, 26
62, 170, 0, 49
62, 182, 0, 89
62, 183, 0, 24
62, 67, 0, 92
62, 206, 0, 33
62, 336, 0, 58
62, 96, 0, 38
62, 227, 0, 14
62, 231, 0, 23
62, 106, 0, 59
62, 373, 0, 51
62, 246, 0, 44
62, 248, 0, 24
62, 121, 0, 4
62, 228, 1, 23
62, 198, 1, 59
62, 71, 1, 76
62, 40, 1, 73
62, 70, 1, 76
62, 268, 1, 12
62, 399, 1, 54
62, 336, 1, 58
62, 179, 1, 66
62, 372, 1, 100
62, 53, 1, 18
62, 118, 1, 75
62, 186, 1, 45
62, 348, 1, 32
62, 125, 1, 68
62, 384, 2, 75
62, 290, 2, 45
62, 387, 2, 21
62, 262, 2, 31
62, 397, 2, 17
62, 111, 2, 86
62, 241, 2, 100
62, 242, 2, 51
62, 23, 2, 75
62, 281, 2, 81
62, 220, 2, 10
62, 127, 2, 94
62, 9, 3, 56
62, 298, 3, 38
62, 211, 3, 71
62, 21, 3, 100
62, 310, 3, 84
62, 162, 4, 45
62, 194, 4, 40
62, 36, 4, 71
62, 68, 4, 71
62, 42, 4, 7
62, 298, 4, 38
62, 175, 4, 40
62, 113, 4, 77
62, 22, 4, 81
62, 199, 5, 96
62, 111, 5, 86
62, 79, 5, 70
62, 239, 5, 41
62, 51, 5, 41
62, 24, 5, 88
62, 154, 5, 33
62, 382, 5, 3
62, 31, 5, 32
62, 320, 6, 49
62, 225, 6, 24
62, 162, 6, 45
62, 258, 6, 84
62, 132, 6, 19
62, 199, 6, 96
62, 12, 6, 39
62, 346, 6, 67
62, 251, 6, 77
62, 146, 6, 38
62, 114, 6, 39
62, 148, 6, 54
62, 185, 6, 40
62, 282, 6, 47
62, 27, 6, 60
62, 253, 6, 100
62, 350, 6, 78
62, 324, 7, 7
62, 70, 7, 76
62, 135, 7, 25
62, 169, 7, 57
62, 298, 7, 38
62, 202, 7, 29
62, 329, 7, 24
62, 362, 7, 81
62, 297, 7, 95
62, 83, 7, 51
62, 372, 7, 100
62, 19, 7, 54
62, 22, 7, 81
62, 375, 7, 15
62, 249, 7, 96
62, 378, 7, 85
62, 381, 7, 100
62, 288, 8, 26
62, 33, 8, 84
62, 386, 8, 75
62, 35, 8, 91
62, 227, 8, 14
62, 225, 8, 24
62, 73, 8, 20
62, 203, 8, 52
62, 240, 8, 92
62, 305, 8, 10
62, 50, 8, 20
62, 115, 8, 41
62, 179, 8, 66
62, 376, 8, 87
62, 126, 8, 78
62, 127, 8, 94
62, 288, 9, 26
62, 100, 9, 98
62, 69, 9, 74
62, 390, 9, 56
62, 360, 9, 71
62, 267, 9, 52
62, 205, 9, 97
62, 54, 9, 3
62, 278, 9, 2
62, 378, 9, 85
62, 96, 10, 38
62, 162, 10, 45
62, 328, 10, 42
62, 302, 10, 33
62, 50, 10, 20
62, 160, 11, 6
62, 5, 11, 83
62, 107, 11, 77
62, 242, 11, 51
62, 310, 11, 84
62, 122, 11, 98
62, 347, 11, 42
62, 349, 11, 8
62, 30, 11, 92
62, 314, 12, 4
62, 112, 12, 62
62, 241, 12, 100
62, 240, 12, 92
62, 182, 12, 89
62, 154, 12, 33
62, 30, 12, 92
62, 248, 13, 24
62, 65, 13, 24
62, 122, 13, 98
62, 39, 13, 100
62, 360, 13, 71
62, 169, 13, 57
62, 303, 13, 24
62, 339, 13, 67
62, 311, 13, 67
62, 216, 13, 43
62, 58, 13, 64
62, 123, 13, 39
62, 351, 13, 2
62, 352, 14, 97
62, 350, 14, 78
62, 96, 14, 38
62, 164, 14, 80
62, 69, 14, 74
62, 102, 14, 76
62, 158, 14, 94
62, 298, 14, 38
62, 331, 14, 34
62, 367, 14, 15
62, 208, 14, 90
62, 340, 14, 12
62, 277, 14, 85
62, 215, 14, 100
62, 89, 14, 32
62, 347, 14, 42
62, 92, 14, 25
62, 190, 14, 11
62, 350, 15, 78
62, 290, 15, 45
62, 259, 15, 74
62, 6, 15, 41
62, 103, 15, 2
62, 232, 15, 38
62, 170, 15, 49
62, 202, 15, 29
62, 240, 15, 92
62, 177, 15, 10
62, 20, 15, 66
62, 311, 15, 67
62, 152, 15, 46
62, 221, 15, 9
62, 254, 15, 46
62, 375, 15, 15
62, 161, 16, 76
62, 292, 16, 47
62, 229, 16, 13
62, 295, 16, 72
62, 8, 16, 13
62, 270, 16, 34
62, 47, 16, 74
62, 144, 16, 24
62, 18, 16, 82
62, 211, 16, 71
62, 116, 16, 35
62, 309, 16, 15
62, 53, 16, 18
62, 85, 16, 51
62, 88, 16, 65
62, 50, 16, 20
62, 187, 16, 76
62, 221, 16, 9
62, 355, 17, 65
62, 197, 17, 75
62, 198, 17, 59
62, 37, 17, 30
62, 264, 17, 33
62, 232, 17, 38
62, 138, 17, 74
62, 267, 17, 52
62, 393, 17, 23
62, 360, 17, 71
62, 11, 17, 51
62, 148, 17, 54
62, 246, 17, 44
62, 183, 17, 24
62, 281, 17, 81
62, 123, 17, 39
62, 375, 17, 15
62, 385, 18, 68
62, 99, 18, 99
62, 230, 18, 53
62, 38, 18, 21
62, 200, 18, 34
62, 236, 18, 9
62, 334, 18, 74
62, 368, 18, 79
62, 274, 18, 25
62, 148, 18, 54
62, 53, 18, 18
62, 341, 18, 100
62, 251, 18, 77
62, 126, 18, 78
62, 383, 18, 87
62, 65, 19, 24
62, 194, 19, 40
62, 36, 19, 71
62, 68, 19, 71
62, 393, 19, 23
62, 204, 19, 46
62, 243, 19, 49
62, 375, 19, 15
62, 248, 19, 24
62, 345, 19, 86
62, 90, 19, 37
62, 253, 19, 100
62, 343, 19, 18
62, 0, 20, 43
62, 295, 20, 72
62, 41, 20, 62
62, 105, 20, 13
62, 112, 20, 62
62, 208, 20, 90
62, 49, 20, 35
62, 25, 20, 91
62, 218, 20, 38
62, 59, 20, 31
62, 156, 20, 91
62, 320, 21, 49
62, 33, 21, 84
62, 259, 21, 74
62, 100, 21, 98
62, 292, 21, 47
62, 71, 21, 76
62, 391, 21, 51
62, 104, 21, 7
62, 395, 21, 34
62, 368, 21, 79
62, 17, 21, 36
62, 85, 21, 51
62, 311, 21, 67
62, 217, 21, 83
62, 250, 21, 2
62, 279, 21, 49
62, 29, 21, 37
62, 132, 22, 19
62, 42, 22, 7
62, 28, 22, 29
62, 303, 22, 24
62, 80, 22, 58
62, 55, 22, 77
62, 249, 22, 96
62, 380, 22, 59
62, 352, 23, 97
62, 259, 23, 74
62, 200, 23, 34
62, 74, 23, 11
62, 273, 23, 96
62, 180, 23, 17
62, 155, 23, 26
62, 128, 24, 33
62, 36, 24, 71
62, 229, 24, 13
62, 106, 24, 59
62, 237, 24, 26
62, 343, 24, 18
62, 290, 25, 45
62, 263, 25, 33
62, 10, 25, 85
62, 332, 25, 42
62, 397, 25, 17
62, 142, 25, 81
62, 15, 25, 61
62, 272, 25, 68
62, 50, 25, 20
62, 24, 25, 88
62, 89, 25, 32
62, 346, 25, 67
62, 317, 25, 84
62, 216, 25, 43
62, 257, 26, 95
62, 132, 26, 19
62, 133, 26, 68
62, 265, 26, 79
62, 395, 26, 34
62, 146, 26, 38
62, 147, 26, 38
62, 288, 26, 26
62, 292, 26, 47
62, 170, 26, 49
62, 175, 26, 40
62, 179, 26, 66
62, 53, 26, 18
62, 339, 26, 67
62, 87, 26, 59
62, 96, 26, 38
62, 359, 26, 58
62, 113, 26, 77
62, 115, 26, 41
62, 255, 26, 22
62, 224, 27, 89
62, 226, 27, 21
62, 166, 27, 88
62, 38, 27, 21
62, 138, 27, 74
62, 268, 27, 12
62, 117, 27, 86
62, 88, 27, 65
62, 102, 28, 76
62, 79, 28, 70
62, 342, 28, 50
62, 375, 28, 15
62, 59, 28, 31
62, 190, 28, 11
62, 320, 29, 49
62, 4, 29, 61
62, 228, 29, 23
62, 164, 29, 80
62, 167, 29, 56
62, 70, 29, 76
62, 203, 29, 52
62, 204, 29, 46
62, 331, 29, 34
62, 110, 29, 45
62, 367, 29, 15
62, 241, 29, 100
62, 178, 29, 56
62, 86, 29, 18
62, 58, 29, 64
62, 348, 29, 32
62, 317, 29, 84
62, 126, 29, 78
62, 389, 30, 49
62, 395, 30, 34
62, 210, 30, 43
62, 181, 30, 67
62, 55, 30, 77
62, 378, 30, 85
62, 283, 30, 79
62, 317, 30, 84
62, 160, 31, 6
62, 65, 31, 24
62, 2, 31, 45
62, 323, 31, 72
62, 388, 31, 74
62, 137, 31, 72
62, 207, 31, 6
62, 16, 31, 30
62, 212, 31, 28
62, 374, 31, 2
62, 248, 31, 24
62, 88, 31, 65
62, 216, 31, 43
62, 62, 31, 55
62, 255, 31, 22
62, 0, 32, 43
62, 193, 32, 6
62, 195, 32, 18
62, 228, 32, 23
62, 356, 32, 32
62, 163, 32, 49
62, 10, 32, 85
62, 278, 32, 2
62, 346, 32, 67
62, 283, 32, 79
62, 280, 33, 20
62, 323, 33, 72
62, 263, 33, 33
62, 40, 33, 73
62, 361, 33, 85
62, 300, 33, 96
62, 269, 33, 1
62, 302, 33, 33
62, 49, 33, 35
62, 338, 33, 85
62, 147, 33, 38
62, 340, 33, 12
62, 53, 33, 18
62, 216, 33, 43
62, 218, 33, 38
62, 283, 33, 79
62, 381, 33, 100
62, 128, 34, 33
62, 1, 34, 67
62, 98, 34, 65
62, 229, 34, 13
62, 133, 34, 68
62, 390, 34, 56
62, 360, 34, 71
62, 73, 34, 20
62, 394, 34, 5
62, 202, 34, 29
62, 398, 34, 2
62, 399, 34, 54
62, 145, 34, 63
62, 115, 34, 41
62, 371, 34, 87
62, 276, 34, 13
62, 348, 34, 32
62, 95, 34, 85
62, 385, 35, 68
62, 322, 35, 94
62, 67, 35, 92
62, 100, 35, 98
62, 163, 35, 49
62, 196, 35, 95
62, 231, 35, 23
62, 165, 35, 18
62, 41, 35, 62
62, 106, 35, 59
62, 331, 35, 34
62, 78, 35, 10
62, 147, 35, 38
62, 120, 35, 58
62, 24, 35, 88
62, 315, 35, 56
62, 188, 35, 29
62, 64, 36, 90
62, 193, 36, 6
62, 102, 36, 76
62, 295, 36, 72
62, 392, 36, 43
62, 70, 36, 76
62, 83, 36, 51
62, 20, 36, 66
62, 53, 36, 18
62, 376, 36, 87
62, 154, 36, 33
62, 134, 37, 81
62, 393, 37, 23
62, 172, 37, 18
62, 308, 37, 2
62, 156, 37, 91
62, 130, 38, 51
62, 390, 38, 56
62, 326, 38, 49
62, 75, 38, 10
62, 13, 38, 95
62, 304, 38, 92
62, 310, 38, 84
62, 185, 38, 40
62, 256, 39, 82
62, 65, 39, 24
62, 153, 39, 79
62, 227, 39, 14
62, 387, 39, 21
62, 70, 39, 76
62, 172, 39, 18
62, 270, 39, 34
62, 310, 39, 84
62, 23, 39, 75
62, 57, 39, 91
62, 375, 39, 15
62, 226, 40, 21
62, 42, 40, 7
62, 44, 40, 29
62, 332, 40, 42
62, 80, 40, 58
62, 306, 40, 74
62, 50, 40, 20
62, 150, 40, 96
62, 151, 40, 34
62, 59, 40, 31
62, 60, 40, 49
62, 63, 40, 66
62, 192, 41, 47
62, 105, 41, 13
62, 271, 41, 30
62, 210, 41, 43
62, 146, 41, 38
62, 254, 41, 46
62, 325, 42, 20
62, 392, 42, 43
62, 28, 42, 29
62, 238, 42, 74
62, 337, 42, 4
62, 178, 42, 56
62, 60, 42, 49
62, 255, 42, 22
62, 130, 43, 51
62, 4, 43, 61
62, 230, 43, 53
62, 314, 43, 4
62, 159, 43, 57
62, 288, 44, 26
62, 96, 44, 38
62, 67, 44, 92
62, 237, 44, 26
62, 366, 44, 83
62, 127, 44, 94
62, 286, 44, 82
62, 383, 44, 87
62, 384, 45, 75
62, 224, 45, 89
62, 167, 45, 56
62, 7, 45, 22
62, 233, 45, 2
62, 363, 45, 41
62, 396, 45, 49
62, 176, 45, 83
62, 280, 45, 20
62, 90, 45, 37
62, 223, 45, 84
62, 290, 46, 45
62, 356, 46, 32
62, 199, 46, 96
62, 232, 46, 38
62, 91, 46, 91
62, 76, 46, 23
62, 115, 46, 41
62, 59, 46, 31
62, 188, 46, 29
62, 160, 47, 6
62, 34, 47, 95
62, 99, 47, 99
62, 292, 47, 47
62, 133, 47, 68
62, 194, 47, 40
62, 327, 47, 38
62, 199, 47, 96
62, 391, 47, 51
62, 138, 47, 74
62, 394, 47, 5
62, 314, 47, 4
62, 237, 47, 26
62, 71, 47, 76
62, 328, 47, 42
62, 126, 47, 78
62, 318, 47, 62
62, 131, 48, 41
62, 389, 48, 49
62, 72, 48, 58
62, 297, 48, 95
62, 170, 48, 49
62, 364, 48, 35
62, 14, 48, 68
62, 111, 48, 86
62, 240, 48, 92
62, 238, 48, 74
62, 148, 48, 54
62, 310, 48, 84
62, 375, 48, 15
62, 348, 48, 32
62, 29, 48, 37
62, 126, 48, 78
62, 162, 49, 45
62, 269, 49, 1
62, 141, 49, 20
62, 238, 49, 74
62, 80, 49, 58
62, 338, 49, 85
62, 373, 49, 51
62, 181, 49, 67
62, 99, 50, 99
62, 388, 50, 74
62, 164, 50, 80
62, 324, 50, 7
62, 73, 50, 20
62, 173, 50, 72
62, 365, 50, 77
62, 109, 50, 27
62, 210, 50, 43
62, 340, 50, 12
62, 310, 50, 84
62, 247, 50, 60
62, 25, 50, 91
62, 250, 50, 2
62, 315, 50, 56
62, 311, 50, 67
62, 253, 50, 100
62, 127, 50, 94
62, 388, 51, 74
62, 40, 51, 73
62, 201, 51, 41
62, 106, 51, 59
62, 143, 51, 94
62, 17, 51, 36
62, 18, 51, 82
62, 180, 51, 17
62, 52, 51, 69
62, 244, 51, 18
62, 119, 51, 65
62, 322, 52, 94
62, 196, 52, 95
62, 170, 52, 49
62, 42, 52, 7
62, 81, 52, 2
62, 214, 52, 16
62, 59, 52, 31
62, 222, 52, 35
62, 259, 53, 74
62, 198, 53, 59
62, 73, 53, 20
62, 251, 53, 77
62, 240, 53, 92
62, 338, 53, 85
62, 115, 53, 41
62, 152, 53, 46
62, 346, 53, 67
62, 219, 53, 43
62, 156, 53, 91
62, 158, 53, 94
62, 322, 54, 94
62, 227, 54, 14
62, 393, 54, 23
62, 9, 54, 56
62, 205, 54, 97
62, 335, 54, 73
62, 47, 54, 74
62, 49, 54, 35
62, 306, 54, 74
62, 303, 54, 24
62, 281, 54, 81
62, 123, 54, 39
62, 349, 54, 8
62, 382, 54, 3
62, 192, 55, 47
62, 385, 55, 68
62, 165, 55, 18
62, 142, 55, 81
62, 111, 55, 86
62, 241, 55, 100
62, 179, 55, 66
62, 180, 55, 17
62, 275, 55, 83
62, 150, 55, 96
62, 214, 55, 16
62, 152, 55, 46
62, 126, 55, 78
62, 94, 55, 96
62, 225, 56, 24
62, 382, 56, 3
62, 387, 56, 21
62, 134, 56, 81
62, 270, 56, 34
62, 342, 56, 50
62, 246, 56, 44
62, 54, 56, 3
62, 186, 56, 45
62, 94, 56, 96
62, 389, 57, 49
62, 234, 57, 39
62, 126, 57, 78
62, 382, 57, 3
62, 191, 57, 96
62, 258, 58, 84
62, 131, 58, 41
62, 259, 58, 74
62, 135, 58, 25
62, 9, 58, 56
62, 16, 58, 30
62, 17, 58, 36
62, 146, 58, 38
62, 23, 58, 75
62, 166, 58, 88
62, 317, 58, 84
62, 203, 58, 52
62, 79, 58, 70
62, 216, 58, 43
62, 92, 58, 25
62, 351, 58, 2
62, 361, 58, 85
62, 369, 58, 75
62, 116, 58, 35
62, 290, 59, 45
62, 227, 59, 14
62, 135, 59, 25
62, 396, 59, 49
62, 109, 59, 27
62, 272, 59, 68
62, 275, 59, 83
62, 55, 59, 77
62, 186, 59, 45
62, 5, 60, 83
62, 298, 60, 38
62, 43, 60, 99
62, 140, 60, 41
62, 117, 60, 86
62, 4, 61, 61
62, 264, 61, 33
62, 142, 61, 81
62, 144, 61, 24
62, 24, 61, 88
62, 175, 61, 40
62, 47, 61, 74
62, 49, 61, 35
62, 182, 61, 89
62, 311, 61, 67
62, 194, 61, 40
62, 196, 61, 95
62, 205, 61, 97
62, 79, 61, 70
62, 84, 61, 8
62, 98, 61, 65
62, 360, 61, 71
62, 233, 61, 2
62, 109, 61, 27
62, 391, 62, 51
62, 263, 62, 33
62, 266, 62, 10
62, 147, 62, 38
62, 57, 62, 91
62, 70, 62, 76
62, 71, 62, 76
62, 199, 62, 96
62, 77, 62, 13
62, 222, 62, 35
62, 101, 62, 28
62, 102, 62, 76
62, 230, 62, 53
62, 233, 62, 2
62, 106, 62, 59
62, 364, 62, 35
62, 366, 62, 83
62, 121, 62, 4
62, 382, 62, 3
62, 255, 62, 22
62, 160, 63, 6
62, 323, 63, 72
62, 100, 63, 98
62, 324, 63, 7
62, 70, 63, 76
62, 231, 63, 23
62, 136, 63, 24
62, 271, 63, 30
62, 47, 63, 74
62, 81, 63, 2
62, 82, 63, 96
62, 399, 63, 54
62, 184, 63, 28
62, 347, 63, 42
62, 351, 63, 2
62, 128, 64, 33
62, 130, 64, 51
62, 197, 64, 75
62, 198, 64, 59
62, 38, 64, 21
62, 332, 64, 42
62, 172, 64, 18
62, 270, 64, 34
62, 143, 64, 94
62, 208, 64, 90
62, 272, 64, 68
62, 242, 64, 51
62, 307, 64, 90
62, 344, 64, 73
62, 122, 64, 98
62, 253, 64, 100
62, 222, 64, 35
62, 64, 65, 90
62, 256, 65, 82
62, 324, 65, 7
62, 197, 65, 75
62, 329, 65, 24
62, 266, 65, 10
62, 235, 65, 99
62, 44, 65, 29
62, 314, 65, 4
62, 15, 65, 61
62, 111, 65, 86
62, 241, 65, 100
62, 188, 65, 29
62, 342, 65, 50
62, 26, 65, 71
62, 220, 65, 10
62, 285, 65, 44
62, 353, 66, 76
62, 71, 66, 76
62, 264, 66, 33
62, 300, 66, 96
62, 142, 66, 81
62, 81, 66, 2
62, 370, 66, 55
62, 371, 66, 87
62, 84, 66, 8
62, 249, 66, 96
62, 253, 66, 100
62, 32, 67, 18
62, 387, 67, 21
62, 3, 67, 66
62, 8, 67, 13
62, 301, 67, 85
62, 335, 67, 73
62, 145, 67, 63
62, 306, 67, 74
62, 372, 67, 100
62, 182, 67, 89
62, 159, 68, 57
62, 387, 68, 21
62, 68, 68, 71
62, 287, 68, 87
62, 134, 68, 81
62, 383, 68, 87
62, 7, 68, 22
62, 329, 68, 24
62, 366, 68, 83
62, 271, 68, 30
62, 112, 68, 62
62, 81, 68, 2
62, 53, 68, 18
62, 56, 68, 9
62, 191, 68, 96
62, 0, 69, 43
62, 384, 69, 75
62, 163, 69, 49
62, 197, 69, 75
62, 232, 69, 38
62, 393, 69, 23
62, 298, 69, 38
62, 43, 69, 99
62, 170, 69, 49
62, 207, 69, 6
62, 20, 69, 66
62, 84, 69, 8
62, 315, 69, 56
62, 188, 69, 29
62, 287, 69, 87
62, 0, 70, 43
62, 134, 70, 81
62, 136, 70, 24
62, 139, 70, 33
62, 18, 70, 82
62, 285, 70, 44
62, 32, 70, 18
62, 33, 70, 84
62, 164, 70, 80
62, 178, 70, 56
62, 60, 70, 49
62, 203, 70, 52
62, 98, 70, 65
62, 362, 70, 81
62, 235, 70, 99
62, 106, 70, 59
62, 110, 70, 45
62, 371, 70, 87
62, 376, 70, 87
62, 225, 71, 24
62, 8, 71, 13
62, 136, 71, 24
62, 267, 71, 52
62, 188, 71, 29
62, 147, 71, 38
62, 20, 71, 66
62, 341, 71, 100
62, 310, 71, 84
62, 56, 71, 9
62, 120, 71, 58
62, 189, 71, 61
62, 216, 71, 43
62, 234, 72, 39
62, 276, 72, 13
62, 345, 72, 86
62, 156, 72, 91
62, 382, 72, 3
62, 196, 73, 95
62, 388, 73, 74
62, 233, 73, 2
62, 378, 73, 85
62, 254, 73, 46
62, 191, 73, 96
62, 385, 74, 68
62, 163, 74, 49
62, 164, 74, 80
62, 230, 74, 53
62, 198, 74, 59
62, 234, 74, 39
62, 203, 74, 52
62, 106, 74, 59
62, 173, 74, 72
62, 115, 74, 41
62, 316, 74, 15
62, 286, 74, 82
62, 289, 75, 73
62, 257, 75, 95
62, 227, 75, 14
62, 385, 75, 68
62, 293, 75, 20
62, 7, 75, 22
62, 391, 75, 51
62, 8, 75, 13
62, 394, 75, 5
62, 363, 75, 41
62, 11, 75, 51
62, 23, 75, 75
62, 377, 75, 46
62, 346, 75, 67
62, 287, 75, 87
62, 357, 76, 40
62, 48, 76, 8
62, 145, 76, 63
62, 51, 76, 41
62, 155, 76, 26
62, 348, 76, 32
62, 256, 77, 82
62, 35, 77, 91
62, 292, 77, 47
62, 195, 77, 18
62, 167, 77, 56
62, 234, 77, 39
62, 273, 77, 96
62, 22, 77, 81
62, 345, 77, 86
62, 347, 77, 42
62, 156, 77, 91
62, 253, 77, 100
62, 299, 78, 67
62, 268, 78, 12
62, 109, 78, 27
62, 179, 78, 66
62, 315, 78, 56
62, 381, 78, 100
62, 193, 79, 6
62, 197, 79, 75
62, 325, 79, 20
62, 267, 79, 52
62, 204, 79, 46
62, 398, 79, 2
62, 367, 79, 15
62, 113, 79, 77
62, 177, 79, 10
62, 23, 79, 75
62, 353, 80, 76
62, 133, 80, 68
62, 197, 80, 75
62, 7, 80, 22
62, 169, 80, 57
62, 107, 80, 77
62, 78, 80, 10
62, 47, 80, 74
62, 241, 80, 100
62, 181, 80, 67
62, 213, 80, 27
62, 56, 80, 9
62, 313, 80, 77
62, 123, 80, 39
62, 383, 80, 87
62, 192, 81, 47
62, 99, 81, 99
62, 293, 81, 20
62, 325, 81, 20
62, 231, 81, 23
62, 201, 81, 41
62, 205, 81, 97
62, 15, 81, 61
62, 179, 81, 66
62, 180, 81, 17
62, 309, 81, 15
62, 150, 81, 96
62, 189, 81, 61
62, 93, 81, 97
62, 70, 82, 76
62, 335, 82, 73
62, 244, 82, 18
62, 23, 82, 75
62, 152, 82, 46
62, 282, 82, 47
62, 59, 82, 31
62, 120, 82, 58
62, 6, 83, 41
62, 263, 83, 33
62, 395, 83, 34
62, 14, 83, 68
62, 276, 83, 13
62, 148, 83, 54
62, 278, 83, 2
62, 294, 83, 18
62, 168, 83, 54
62, 297, 83, 95
62, 180, 83, 17
62, 313, 83, 77
62, 65, 83, 24
62, 195, 83, 18
62, 206, 83, 33
62, 218, 83, 38
62, 115, 83, 41
62, 253, 83, 100
62, 381, 83, 100
62, 385, 84, 68
62, 390, 84, 56
62, 326, 84, 49
62, 200, 84, 34
62, 332, 84, 42
62, 396, 84, 49
62, 79, 84, 70
62, 113, 84, 77
62, 29, 84, 37
62, 179, 84, 66
62, 117, 84, 86
62, 118, 84, 75
62, 377, 84, 46
62, 125, 84, 68
62, 25, 84, 91
62, 351, 84, 2
62, 64, 85, 90
62, 129, 85, 62
62, 226, 85, 21
62, 259, 85, 74
62, 100, 85, 98
62, 357, 85, 40
62, 73, 85, 20
62, 396, 85, 49
62, 180, 85, 17
62, 244, 85, 18
62, 278, 85, 2
62, 182, 85, 89
62, 88, 85, 65
62, 57, 85, 91
62, 346, 85, 67
62, 319, 85, 58
62, 32, 86, 18
62, 192, 86, 47
62, 196, 86, 95
62, 260, 86, 67
62, 294, 86, 18
62, 70, 86, 76
62, 40, 86, 73
62, 299, 86, 67
62, 208, 86, 90
62, 181, 86, 67
62, 282, 86, 47
62, 125, 86, 68
62, 30, 86, 92
62, 128, 87, 33
62, 37, 87, 30
62, 133, 87, 68
62, 271, 87, 30
62, 84, 87, 8
62, 385, 88, 68
62, 4, 88, 61
62, 8, 88, 13
62, 10, 88, 85
62, 398, 88, 2
62, 39, 88, 100
62, 45, 88, 53
62, 305, 88, 10
62, 180, 88, 17
62, 309, 88, 15
62, 60, 88, 49
62, 73, 88, 20
62, 333, 88, 21
62, 211, 88, 71
62, 343, 88, 18
62, 89, 88, 32
62, 219, 88, 43
62, 108, 88, 55
62, 126, 88, 78
62, 386, 89, 75
62, 67, 89, 92
62, 166, 89, 88
62, 296, 89, 57
62, 202, 89, 29
62, 364, 89, 35
62, 366, 89, 83
62, 47, 89, 74
62, 80, 89, 58
62, 79, 89, 70
62, 175, 89, 40
62, 339, 89, 67
62, 276, 89, 13
62, 121, 89, 4
62, 380, 89, 59
62, 31, 89, 32
62, 200, 90, 34
62, 311, 90, 67
62, 246, 90, 44
62, 150, 90, 96
62, 381, 90, 100
62, 64, 91, 90
62, 1, 91, 67
62, 289, 91, 73
62, 357, 91, 40
62, 154, 91, 33
62, 296, 91, 57
62, 329, 91, 24
62, 44, 91, 29
62, 141, 91, 20
62, 76, 91, 23
62, 177, 91, 10
62, 305, 91, 10
62, 120, 91, 58
62, 90, 91, 37
62, 285, 91, 44
62, 286, 91, 82
62, 223, 91, 84
62, 35, 92, 91
62, 291, 92, 23
62, 358, 92, 97
62, 40, 92, 73
62, 297, 92, 95
62, 363, 92, 41
62, 367, 92, 15
62, 177, 92, 10
62, 246, 92, 44
62, 151, 92, 34
62, 90, 92, 37
62, 350, 92, 78
62, 159, 92, 57
62, 391, 93, 51
62, 11, 93, 51
62, 15, 93, 61
62, 144, 93, 24
62, 17, 93, 36
62, 281, 93, 81
62, 29, 93, 37
62, 290, 93, 45
62, 38, 93, 21
62, 167, 93, 56
62, 174, 93, 6
62, 307, 93, 90
62, 53, 93, 18
62, 312, 93, 23
62, 56, 93, 9
62, 73, 93, 20
62, 207, 93, 6
62, 83, 93, 51
62, 211, 93, 71
62, 90, 93, 37
62, 226, 94, 21
62, 66, 94, 63
62, 102, 94, 76
62, 200, 94, 34
62, 393, 94, 23
62, 74, 94, 11
62, 205, 94, 97
62, 341, 94, 100
62, 90, 94, 37
62, 190, 94, 11
62, 62, 94, 55
62, 129, 95, 62
62, 194, 95, 40
62, 392, 95, 43
62, 242, 95, 51
62, 218, 95, 38
62, 6, 96, 41
62, 359, 96, 58
62, 362, 96, 81
62, 171, 96, 75
62, 76, 96, 23
62, 334, 96, 74
62, 273, 96, 96
62, 180, 96, 17
62, 86, 96, 18
62, 150, 96, 96
62, 280, 96, 20
62, 155, 96, 26
62, 126, 96, 78
62, 319, 96, 58
62, 96, 97, 38
62, 321, 97, 15
62, 131, 97, 41
62, 292, 97, 47
62, 390, 97, 56
62, 170, 97, 49
62, 139, 97, 33
62, 143, 97, 94
62, 47, 97, 74
62, 304, 97, 92
62, 29, 97, 37
62, 277, 97, 85
62, 249, 97, 96
62, 61, 97, 17
62, 254, 97, 46
62, 6, 98, 41
62, 266, 98, 10
62, 267, 98, 52
62, 275, 98, 83
62, 20, 98, 66
62, 157, 98, 24
62, 166, 98, 88
62, 40, 98, 73
62, 303, 98, 24
62, 50, 98, 20
62, 52, 98, 69
62, 310, 98, 84
62, 202, 98, 29
62, 209, 98, 68
62, 350, 98, 78
62, 227, 98, 14
62, 361, 98, 85
62, 249, 98, 96
62, 378, 98, 85
62, 256, 99, 82
62, 320, 99, 49
62, 227, 99, 14
62, 36, 99, 71
62, 298, 99, 38
62, 45, 99, 53
62, 96, 100, 38
62, 160, 100, 6
62, 352, 100, 97
62, 71, 100, 76
62, 40, 100, 73
62, 329, 100, 24
62, 80, 100, 58
62, 342, 100, 50
62, 57, 100, 91
62, 27, 100, 60
62, 262, 101, 31
62, 9, 101, 56
62, 265, 101, 79
62, 141, 101, 20
62, 146, 101, 38
62, 279, 101, 49
62, 26, 101, 71
62, 161, 101, 76
62, 303, 101, 24
62, 199, 101, 96
62, 330, 101, 75
62, 204, 101, 46
62, 348, 101, 32
62, 93, 101, 97
62, 226, 101, 21
62, 231, 101, 23
62, 361, 101, 85
62, 238, 101, 74
62, 371, 101, 87
62, 115, 101, 41
62, 129, 102, 62
62, 354, 102, 50
62, 197, 102, 75
62, 138, 102, 74
62, 143, 102, 94
62, 175, 102, 40
62, 215, 102, 100
62, 347, 102, 42
62, 220, 102, 10
62, 287, 102, 87
62, 225, 103, 24
62, 66, 103, 63
62, 360, 103, 71
62, 201, 103, 41
62, 330, 103, 75
62, 171, 103, 75
62, 242, 103, 51
62, 212, 103, 28
62, 148, 103, 54
62, 278, 103, 2
62, 253, 103, 100
62, 219, 103, 43
62, 349, 103, 8
62, 301, 104, 85
62, 113, 104, 77
62, 17, 104, 36
62, 247, 104, 60
62, 59, 104, 31
62, 224, 105, 89
62, 384, 105, 75
62, 2, 105, 45
62, 226, 105, 21
62, 128, 105, 33
62, 69, 105, 74
62, 257, 105, 95
62, 169, 105, 57
62, 203, 105, 52
62, 108, 105, 55
62, 364, 105, 35
62, 238, 105, 74
62, 107, 105, 77
62, 220, 105, 10
62, 341, 105, 100
62, 215, 105, 100
62, 28, 105, 29
62, 323, 106, 72
62, 197, 106, 75
62, 38, 106, 21
62, 198, 106, 59
62, 231, 106, 23
62, 365, 106, 77
62, 206, 106, 33
62, 146, 106, 38
62, 381, 106, 100
62, 20, 106, 66
62, 279, 106, 49
62, 125, 106, 68
62, 386, 107, 75
62, 392, 107, 43
62, 10, 107, 85
62, 362, 107, 81
62, 107, 107, 77
62, 397, 107, 17
62, 173, 107, 72
62, 109, 107, 27
62, 177, 107, 10
62, 305, 107, 10
62, 285, 107, 44
62, 317, 107, 84
62, 221, 107, 9
62, 67, 108, 92
62, 291, 108, 23
62, 77, 108, 13
62, 367, 108, 15
62, 304, 108, 92
62, 81, 108, 2
62, 179, 108, 66
62, 343, 108, 18
62, 188, 108, 29
62, 30, 108, 92
62, 95, 108, 85
62, 101, 109, 28
62, 6, 109, 41
62, 299, 109, 67
62, 339, 109, 67
62, 147, 109, 38
62, 341, 109, 100
62, 95, 109, 85
62, 64, 110, 90
62, 226, 110, 21
62, 165, 110, 18
62, 360, 110, 71
62, 139, 110, 33
62, 45, 110, 53
62, 82, 110, 96
62, 307, 110, 90
62, 52, 110, 69
62, 53, 110, 18
62, 182, 110, 89
62, 277, 110, 85
62, 220, 110, 10
62, 129, 111, 62
62, 289, 111, 73
62, 228, 111, 23
62, 4, 111, 61
62, 7, 111, 22
62, 296, 111, 57
62, 106, 111, 59
62, 42, 111, 7
62, 300, 111, 96
62, 367, 111, 15
62, 208, 111, 90
62, 146, 111, 38
62, 213, 111, 27
62, 380, 111, 59
62, 382, 111, 3
62, 63, 111, 66
62, 356, 112, 32
62, 75, 112, 10
62, 369, 112, 75
62, 18, 112, 82
62, 212, 112, 28
62, 57, 112, 91
62, 31, 112, 32
62, 267, 113, 52
62, 157, 113, 24
62, 296, 113, 57
62, 171, 113, 75
62, 310, 113, 84
62, 312, 113, 23
62, 62, 113, 55
62, 196, 113, 95
62, 198, 113, 59
62, 337, 113, 4
62, 342, 113, 50
62, 347, 113, 42
62, 96, 113, 38
62, 103, 113, 2
62, 359, 113, 58
62, 106, 113, 59
62, 234, 113, 39
62, 367, 113, 15
62, 245, 113, 18
62, 122, 113, 98
62, 4, 114, 61
62, 136, 114, 24
62, 145, 114, 63
62, 147, 114, 38
62, 40, 114, 73
62, 184, 114, 28
62, 185, 114, 40
62, 57, 114, 91
62, 321, 114, 15
62, 202, 114, 29
62, 74, 114, 11
62, 335, 114, 73
62, 211, 114, 71
62, 344, 114, 73
62, 96, 114, 38
62, 105, 114, 13
62, 237, 114, 26
62, 112, 114, 62
62, 246, 114, 44
62, 229, 115, 13
62, 103, 115, 2
62, 168, 115, 54
62, 47, 115, 74
62, 370, 115, 55
62, 117, 115, 86
62, 21, 115, 100
62, 320, 116, 49
62, 71, 116, 76
62, 363, 116, 41
62, 203, 116, 52
62, 341, 116, 100
62, 278, 116, 2
62, 249, 116, 96
62, 283, 116, 79
62, 31, 116, 32
62, 2, 117, 45
62, 255, 117, 22
62, 4, 117, 61
62, 150, 117, 96
62, 36, 117, 71
62, 37, 117, 30
62, 39, 117, 100
62, 40, 117, 73
62, 303, 117, 24
62, 49, 117, 35
62, 182, 117, 89
62, 313, 117, 77
62, 190, 117, 11
62, 325, 117, 20
62, 199, 117, 96
62, 340, 117, 12
62, 230, 117, 53
62, 364, 117, 35
62, 366, 117, 83
62, 383, 117, 87
62, 64, 118, 90
62, 2, 118, 45
62, 361, 118, 85
62, 266, 118, 10
62, 363, 118, 41
62, 204, 118, 46
62, 41, 118, 62
62, 207, 118, 6
62, 305, 118, 10
62, 311, 118, 67
62, 314, 118, 4
62, 123, 118, 39
62, 317, 118, 84
62, 190, 118, 11
62, 0, 119, 43
62, 1, 119, 67
62, 162, 119, 45
62, 259, 119, 74
62, 296, 119, 57
62, 302, 119, 33
62, 399, 119, 54
62, 143, 119, 94
62, 19, 119, 54
62, 243, 119, 49
62, 184, 119, 28
62, 313, 119, 77
62, 93, 119, 97
62, 253, 119, 100
62, 352, 120, 97
62, 313, 120, 77
62, 234, 120, 39
62, 364, 120, 35
62, 303, 120, 24
62, 48, 120, 8
62, 372, 120, 100
62, 310, 120, 84
62, 151, 120, 34
62, 246, 120, 44
62, 183, 120, 24
62, 58, 120, 64
62, 187, 120, 76
62, 351, 120, 2
62, 96, 121, 38
62, 11, 121, 51
62, 80, 121, 58
62, 177, 121, 10
62, 342, 121, 50
62, 59, 121, 31
62, 227, 122, 14
62, 135, 122, 25
62, 43, 122, 99
62, 236, 122, 9
62, 271, 122, 30
62, 306, 122, 74
62, 243, 122, 49
62, 372, 122, 100
62, 210, 122, 43
62, 254, 122, 46
62, 199, 123, 96
62, 204, 123, 46
62, 334, 123, 74
62, 111, 123, 86
62, 212, 123, 28
62, 340, 123, 12
62, 186, 123, 45
62, 379, 123, 33
62, 256, 124, 82
62, 227, 124, 14
62, 3, 124, 66
62, 101, 124, 28
62, 166, 124, 88
62, 390, 124, 56
62, 44, 124, 29
62, 76, 124, 23
62, 269, 124, 1
62, 238, 124, 74
62, 338, 124, 85
62, 51, 124, 41
62, 53, 124, 18
62, 150, 124, 96
62, 23, 124, 75
62, 88, 124, 65
62, 56, 124, 9
62, 219, 124, 43
62, 225, 125, 24
62, 132, 125, 19
62, 293, 125, 20
62, 12, 125, 39
62, 268, 125, 12
62, 110, 125, 45
62, 142, 125, 81
62, 16, 125, 30
62, 149, 125, 86
62, 342, 125, 50
62, 246, 125, 44
62, 158, 125, 94
62, 253, 125, 100
62, 30, 125, 92
62, 319, 125, 58
62, 71, 126, 76
62, 14, 126, 68
62, 53, 126, 18
62, 278, 126, 2
62, 89, 126, 32
62, 30, 126, 92
62, 385, 127, 68
62, 355, 127, 65
62, 324, 127, 7
62, 101, 127, 28
62, 173, 127, 72
62, 339, 127, 67
62, 118, 127, 75
62, 161, 128, 76
62, 193, 128, 6
62, 359, 128, 58
62, 299, 128, 67
62, 145, 128, 63
62, 147, 128, 38
62, 85, 128, 51
62, 151, 128, 34
62, 156, 128, 91
62, 35, 129, 91
62, 132, 129, 19
62, 36, 129, 71
62, 324, 129, 7
62, 391, 129, 51
62, 328, 129, 42
62, 298, 129, 38
62, 302, 129, 33
62, 143, 129, 94
62, 207, 129, 6
62, 18, 129, 82
62, 189, 129, 61
62, 125, 129, 68
62, 286, 129, 82
62, 196, 130, 95
62, 229, 130, 13
62, 70, 130, 76
62, 328, 130, 42
62, 136, 130, 24
62, 268, 130, 12
62, 236, 130, 9
62, 302, 130, 33
62, 276, 130, 13
62, 148, 130, 54
62, 246, 130, 44
62, 376, 130, 87
62, 315, 130, 56
62, 61, 130, 17
62, 287, 130, 87
62, 321, 131, 15
62, 257, 131, 95
62, 357, 131, 40
62, 8, 131, 13
62, 200, 131, 34
62, 395, 131, 34
62, 204, 131, 46
62, 237, 131, 26
62, 365, 131, 77
62, 79, 131, 70
62, 242, 131, 51
62, 83, 131, 51
62, 247, 131, 60
62, 380, 131, 59
62, 219, 131, 43
62, 31, 131, 32
62, 318, 131, 62
62, 319, 131, 58
62, 256, 132, 82
62, 325, 132, 20
62, 394, 132, 5
62, 237, 132, 26
62, 333, 132, 21
62, 179, 132, 66
62, 123, 132, 39
62, 380, 132, 59
62, 189, 132, 61
62, 388, 133, 74
62, 204, 133, 46
62, 308, 133, 2
62, 246, 133, 44
62, 183, 133, 24
62, 312, 133, 23
62, 251, 133, 77
62, 120, 133, 58
62, 30, 133, 92
62, 224, 134, 89
62, 226, 134, 21
62, 131, 134, 41
62, 291, 134, 23
62, 262, 134, 31
62, 7, 134, 22
62, 296, 134, 57
62, 168, 134, 54
62, 9, 134, 56
62, 396, 134, 49
62, 205, 134, 97
62, 20, 134, 66
62, 152, 134, 46
62, 185, 134, 40
62, 285, 134, 44
62, 187, 134, 76
62, 253, 134, 100
62, 8, 135, 13
62, 329, 135, 24
62, 396, 135, 49
62, 205, 135, 97
62, 47, 135, 74
62, 115, 135, 41
62, 244, 135, 18
62, 149, 135, 86
62, 56, 135, 9
62, 313, 135, 77
62, 58, 135, 64
62, 379, 135, 33
62, 384, 136, 75
62, 32, 136, 18
62, 391, 136, 51
62, 40, 136, 73
62, 393, 136, 23
62, 364, 136, 35
62, 205, 136, 97
62, 269, 136, 1
62, 333, 136, 21
62, 241, 136, 100
62, 370, 136, 55
62, 51, 136, 41
62, 309, 136, 15
62, 22, 136, 81
62, 379, 136, 33
62, 189, 136, 61
62, 31, 136, 32
62, 261, 137, 28
62, 21, 137, 100
62, 22, 137, 81
62, 156, 137, 91
62, 288, 137, 26
62, 38, 137, 21
62, 43, 137, 99
62, 306, 137, 74
62, 310, 137, 84
62, 183, 137, 24
62, 193, 137, 6
62, 70, 137, 76
62, 200, 137, 34
62, 214, 137, 16
62, 221, 137, 9
62, 105, 137, 13
62, 108, 137, 55
62, 366, 137, 83
62, 122, 137, 98
62, 252, 137, 75
62, 2, 138, 45
62, 36, 138, 71
62, 267, 138, 52
62, 46, 138, 90
62, 368, 138, 79
62, 343, 138, 18
62, 185, 138, 40
62, 288, 139, 26
62, 197, 139, 75
62, 229, 139, 13
62, 134, 139, 81
62, 394, 139, 5
62, 138, 139, 74
62, 398, 139, 2
62, 251, 139, 77
62, 209, 139, 68
62, 370, 139, 55
62, 338, 139, 85
62, 149, 139, 86
62, 245, 139, 18
62, 283, 139, 79
62, 60, 139, 49
62, 384, 140, 75
62, 131, 140, 41
62, 156, 140, 91
62, 164, 140, 80
62, 165, 140, 18
62, 294, 140, 18
62, 296, 140, 57
62, 174, 140, 6
62, 47, 140, 74
62, 187, 140, 76
62, 318, 140, 62
62, 333, 140, 21
62, 89, 140, 32
62, 95, 140, 85
62, 357, 140, 40
62, 105, 140, 13
62, 245, 140, 18
62, 375, 140, 15
62, 250, 140, 2
62, 0, 141, 43
62, 290, 141, 45
62, 142, 141, 81
62, 111, 141, 86
62, 398, 141, 2
62, 244, 141, 18
62, 378, 141, 85
62, 158, 141, 94
62, 261, 142, 28
62, 263, 142, 33
62, 393, 142, 23
62, 159, 142, 57
62, 45, 142, 53
62, 176, 142, 83
62, 177, 142, 10
62, 307, 142, 90
62, 181, 142, 67
62, 62, 142, 55
62, 191, 142, 96
62, 65, 142, 24
62, 337, 142, 4
62, 339, 142, 67
62, 219, 142, 43
62, 241, 142, 100
62, 376, 142, 87
62, 379, 142, 33
62, 126, 142, 78
62, 128, 143, 33
62, 153, 143, 79
62, 101, 143, 28
62, 358, 143, 97
62, 293, 143, 20
62, 74, 143, 11
62, 235, 143, 99
62, 396, 143, 49
62, 363, 143, 41
62, 60, 143, 49
62, 275, 143, 83
62, 151, 143, 34
62, 248, 143, 24
62, 377, 143, 46
62, 186, 143, 45
62, 315, 143, 56
62, 348, 143, 32
62, 183, 143, 24
62, 160, 144, 6
62, 225, 144, 24
62, 320, 144, 49
62, 258, 144, 84
62, 290, 144, 45
62, 256, 144, 82
62, 230, 144, 53
62, 298, 144, 38
62, 208, 144, 90
62, 116, 144, 35
62, 150, 144, 96
62, 60, 144, 49
62, 94, 144, 96
62, 89, 145, 32
62, 1, 145, 67
62, 153, 145, 79
62, 205, 145, 97
62, 369, 145, 75
62, 29, 145, 37
62, 121, 145, 4
62, 93, 145, 97
62, 40, 146, 73
62, 139, 146, 33
62, 245, 146, 18
62, 92, 146, 25
62, 349, 146, 8
62, 195, 147, 18
62, 37, 147, 30
62, 133, 147, 68
62, 72, 147, 58
62, 392, 147, 43
62, 331, 147, 34
62, 16, 147, 30
62, 18, 147, 82
62, 345, 147, 86
62, 256, 148, 82
62, 321, 148, 15
62, 388, 148, 74
62, 169, 148, 57
62, 43, 148, 99
62, 272, 148, 68
62, 148, 148, 54
62, 52, 148, 69
62, 310, 148, 84
62, 251, 148, 77
62, 95, 148, 85
62, 355, 149, 65
62, 4, 149, 61
62, 263, 149, 33
62, 45, 149, 53
62, 378, 149, 85
62, 79, 149, 70
62, 219, 149, 43
62, 347, 149, 42
62, 152, 149, 46
62, 182, 149, 89
62, 157, 149, 24
62, 344, 149, 73
62, 153, 149, 79
62, 122, 149, 98
62, 283, 149, 79
62, 221, 149, 9
62, 382, 149, 3
62, 57, 149, 91
62, 1, 150, 67
62, 10, 150, 85
62, 20, 150, 66
62, 31, 150, 32
62, 162, 150, 45
62, 163, 150, 49
62, 44, 150, 29
62, 318, 150, 62
62, 338, 150, 85
62, 212, 150, 28
62, 228, 150, 23
62, 104, 150, 7
62, 233, 150, 2
62, 108, 150, 55
62, 237, 150, 26
62, 368, 150, 79
62, 241, 150, 100
62, 117, 150, 86
62, 377, 150, 46
62, 122, 150, 98
62, 96, 151, 38
62, 33, 151, 84
62, 384, 151, 75
62, 387, 151, 21
62, 292, 151, 47
62, 12, 151, 39
62, 206, 151, 33
62, 84, 151, 8
62, 311, 151, 67
62, 378, 151, 85
62, 187, 151, 76
62, 348, 151, 32
62, 256, 152, 82
62, 224, 152, 89
62, 294, 152, 18
62, 6, 152, 41
62, 104, 152, 7
62, 305, 152, 10
62, 279, 152, 49
62, 280, 152, 20
62, 88, 152, 65
62, 284, 152, 9
62, 129, 153, 62
62, 229, 153, 13
62, 200, 153, 34
62, 76, 153, 23
62, 209, 153, 68
62, 179, 153, 66
62, 116, 153, 35
62, 21, 153, 100
62, 26, 153, 71
62, 27, 153, 60
62, 291, 154, 23
62, 36, 154, 71
62, 100, 154, 98
62, 324, 154, 7
62, 297, 154, 95
62, 11, 154, 51
62, 364, 154, 35
62, 45, 154, 53
62, 140, 154, 41
62, 335, 154, 73
62, 178, 154, 56
62, 87, 154, 59
62, 159, 154, 57
62, 225, 155, 24
62, 290, 155, 45
62, 385, 155, 68
62, 324, 155, 7
62, 4, 155, 61
62, 323, 155, 72
62, 38, 155, 21
62, 357, 155, 40
62, 28, 155, 29
62, 147, 155, 38
62, 152, 155, 46
62, 284, 155, 9
62, 223, 156, 84
62, 99, 156, 99
62, 6, 156, 41
62, 295, 156, 72
62, 7, 156, 22
62, 73, 156, 20
62, 271, 156, 30
62, 368, 156, 79
62, 148, 156, 54
62, 347, 156, 42
62, 348, 156, 32
62, 350, 156, 78
62, 351, 156, 2
62, 258, 157, 84
62, 163, 157, 49
62, 371, 157, 87
62, 183, 157, 24
62, 249, 157, 96
62, 29, 157, 37
62, 353, 158, 76
62, 398, 158, 2
62, 271, 158, 30
62, 16, 158, 30
62, 253, 158, 100
62, 353, 159, 76
62, 97, 159, 65
62, 227, 159, 14
62, 197, 159, 75
62, 325, 159, 20
62, 69, 159, 74
62, 359, 159, 58
62, 8, 159, 13
62, 267, 159, 52
62, 45, 159, 53
62, 113, 159, 77
62, 51, 159, 41
62, 149, 159, 86
62, 85, 159, 51
62, 219, 159, 43
62, 191, 159, 96
62, 131, 160, 41
62, 358, 160, 97
62, 166, 160, 88
62, 200, 160, 34
62, 72, 160, 58
62, 10, 160, 85
62, 235, 160, 99
62, 267, 160, 52
62, 275, 160, 83
62, 183, 160, 24
62, 312, 160, 23
62, 64, 161, 90
62, 352, 161, 97
62, 386, 161, 75
62, 131, 161, 41
62, 229, 161, 13
62, 392, 161, 43
62, 139, 161, 33
62, 109, 161, 27
62, 46, 161, 90
62, 19, 161, 54
62, 150, 161, 96
62, 344, 161, 73
62, 188, 161, 29
62, 320, 162, 49
62, 257, 162, 95
62, 196, 162, 95
62, 229, 162, 13
62, 102, 162, 76
62, 6, 162, 41
62, 328, 162, 42
62, 70, 162, 76
62, 235, 162, 99
62, 140, 162, 41
62, 174, 162, 6
62, 111, 162, 86
62, 212, 162, 28
62, 181, 162, 67
62, 94, 162, 96
62, 317, 162, 84
62, 318, 162, 62
62, 32, 163, 18
62, 194, 163, 40
62, 131, 163, 41
62, 39, 163, 100
62, 91, 163, 91
62, 79, 163, 70
62, 113, 163, 77
62, 339, 163, 67
62, 120, 163, 58
62, 89, 163, 32
62, 378, 163, 85
62, 155, 163, 26
62, 62, 163, 55
62, 96, 164, 38
62, 321, 164, 15
62, 3, 164, 66
62, 264, 164, 33
62, 201, 164, 41
62, 335, 164, 73
62, 239, 164, 41
62, 80, 164, 58
62, 245, 164, 18
62, 322, 165, 94
62, 99, 165, 99
62, 281, 165, 81
62, 166, 165, 88
62, 314, 165, 4
62, 47, 165, 74
62, 15, 165, 61
62, 81, 165, 2
62, 307, 165, 90
62, 119, 165, 65
62, 89, 165, 32
62, 122, 165, 98
62, 382, 166, 3
62, 230, 166, 53
62, 264, 166, 33
62, 202, 166, 29
62, 110, 166, 45
62, 398, 166, 2
62, 112, 166, 62
62, 147, 166, 38
62, 372, 166, 100
62, 95, 166, 85
62, 153, 166, 79
62, 222, 166, 35
62, 62, 166, 55
62, 63, 166, 66
62, 64, 167, 90
62, 97, 167, 65
62, 259, 167, 74
62, 324, 167, 7
62, 229, 167, 13
62, 267, 167, 52
62, 301, 167, 85
62, 333, 167, 21
62, 303, 167, 24
62, 16, 167, 30
62, 13, 167, 95
62, 212, 167, 28
62, 153, 167, 79
62, 315, 167, 56
62, 253, 167, 100
62, 31, 167, 32
62, 32, 168, 18
62, 98, 168, 65
62, 37, 168, 30
62, 72, 168, 58
62, 173, 168, 72
62, 110, 168, 45
62, 367, 168, 15
62, 112, 168, 62
62, 152, 168, 46
62, 243, 168, 49
62, 312, 168, 23
62, 185, 168, 40
62, 29, 168, 37
62, 351, 168, 2
62, 257, 169, 95
62, 386, 169, 75
62, 136, 169, 24
62, 396, 169, 49
62, 271, 169, 30
62, 29, 169, 37
62, 159, 169, 57
62, 34, 169, 95
62, 311, 169, 67
62, 189, 169, 61
62, 76, 169, 23
62, 212, 169, 28
62, 91, 169, 91
62, 348, 169, 32
62, 230, 169, 53
62, 364, 169, 35
62, 112, 169, 62
62, 372, 169, 100
62, 121, 169, 4
62, 251, 169, 77
62, 234, 170, 39
62, 139, 170, 33
62, 13, 170, 95
62, 366, 170, 83
62, 111, 170, 86
62, 303, 170, 24
62, 178, 170, 56
62, 253, 170, 100
62, 320, 171, 49
62, 35, 171, 91
62, 164, 171, 80
62, 102, 171, 76
62, 294, 171, 18
62, 300, 171, 96
62, 205, 171, 97
62, 176, 171, 83
62, 306, 171, 74
62, 146, 171, 38
62, 117, 171, 86
62, 201, 172, 41
62, 204, 172, 46
62, 237, 172, 26
62, 46, 172, 90
62, 206, 172, 33
62, 274, 172, 25
62, 157, 172, 24
62, 388, 173, 74
62, 169, 173, 57
62, 394, 173, 5
62, 174, 173, 6
62, 319, 173, 58
62, 320, 174, 49
62, 289, 174, 73
62, 97, 174, 65
62, 69, 174, 74
62, 37, 174, 30
62, 169, 174, 57
62, 42, 174, 7
62, 74, 174, 11
62, 172, 174, 18
62, 269, 174, 1
62, 13, 174, 95
62, 397, 174, 17
62, 16, 174, 30
62, 49, 174, 35
62, 116, 174, 35
62, 121, 174, 4
62, 316, 174, 15
62, 96, 175, 38
62, 64, 175, 90
62, 389, 175, 49
62, 297, 175, 95
62, 394, 175, 5
62, 10, 175, 85
62, 74, 175, 11
62, 106, 175, 59
62, 334, 175, 74
62, 393, 175, 23
62, 336, 175, 58
62, 369, 175, 75
62, 178, 175, 56
62, 16, 175, 30
62, 215, 175, 100
62, 56, 175, 9
62, 319, 175, 58
62, 233, 176, 2
62, 235, 176, 99
62, 110, 176, 45
62, 366, 176, 83
62, 174, 176, 6
62, 275, 176, 83
62, 277, 176, 85
62, 219, 176, 43
62, 164, 177, 80
62, 166, 177, 88
62, 297, 177, 95
62, 372, 177, 100
62, 247, 177, 60
62, 345, 177, 86
62, 224, 178, 89
62, 328, 178, 42
62, 75, 178, 10
62, 121, 178, 4
62, 222, 178, 35
62, 384, 179, 75
62, 267, 179, 52
62, 141, 179, 20
62, 16, 179, 30
62, 273, 179, 96
62, 27, 179, 60
62, 36, 179, 71
62, 167, 179, 56
62, 42, 179, 7
62, 176, 179, 83
62, 305, 179, 10
62, 307, 179, 90
62, 184, 179, 28
62, 58, 179, 64
62, 194, 179, 40
62, 322, 179, 94
62, 199, 179, 96
62, 370, 179, 55
62, 123, 179, 39
62, 35, 180, 91
62, 231, 180, 23
62, 265, 180, 79
62, 10, 180, 85
62, 210, 180, 43
62, 20, 180, 66
62, 21, 180, 100
62, 180, 180, 17
62, 24, 180, 88
62, 27, 180, 60
62, 126, 180, 78
62, 34, 181, 95
62, 357, 181, 40
62, 389, 181, 49
62, 268, 181, 12
62, 374, 181, 2
62, 219, 181, 43
62, 5, 182, 83
62, 392, 182, 43
62, 138, 182, 74
62, 141, 182, 20
62, 144, 182, 24
62, 147, 182, 38
62, 25, 182, 91
62, 157, 182, 24
62, 30, 182, 92
62, 178, 182, 56
62, 79, 182, 70
62, 340, 182, 12
62, 352, 182, 97
62, 225, 182, 24
62, 104, 182, 7
62, 360, 182, 71
62, 106, 182, 59
62, 378, 182, 85
62, 254, 182, 46
62, 129, 183, 62
62, 193, 183, 6
62, 98, 183, 65
62, 1, 183, 67
62, 259, 183, 74
62, 260, 183, 67
62, 199, 183, 96
62, 75, 183, 10
62, 331, 183, 34
62, 333, 183, 21
62, 47, 183, 74
62, 175, 183, 40
62, 338, 183, 85
62, 56, 183, 9
62, 313, 183, 77
62, 288, 184, 26
62, 33, 184, 84
62, 67, 184, 92
62, 388, 184, 74
62, 7, 184, 22
62, 109, 184, 27
62, 399, 184, 54
62, 339, 184, 67
62, 216, 184, 43
62, 250, 184, 2
62, 349, 184, 8
62, 325, 185, 20
62, 171, 185, 75
62, 331, 185, 34
62, 107, 185, 77
62, 15, 185, 61
62, 144, 185, 24
62, 177, 185, 10
62, 82, 185, 96
62, 146, 185, 38
62, 17, 185, 36
62, 50, 185, 20
62, 280, 185, 20
62, 186, 185, 45
62, 123, 185, 39
62, 226, 186, 21
62, 387, 186, 21
62, 132, 186, 19
62, 217, 186, 83
62, 166, 186, 88
62, 9, 186, 56
62, 362, 186, 81
62, 10, 186, 85
62, 236, 186, 9
62, 77, 186, 13
62, 110, 186, 45
62, 306, 186, 74
62, 88, 186, 65
62, 345, 186, 86
62, 27, 186, 60
62, 95, 186, 85
62, 129, 187, 62
62, 387, 187, 21
62, 266, 187, 10
62, 22, 187, 81
62, 35, 187, 91
62, 36, 187, 71
62, 38, 187, 21
62, 174, 187, 6
62, 62, 187, 55
62, 200, 187, 34
62, 204, 187, 46
62, 205, 187, 97
62, 336, 187, 58
62, 342, 187, 50
62, 230, 187, 53
62, 363, 187, 41
62, 235, 187, 99
62, 366, 187, 83
62, 111, 187, 86
62, 375, 187, 15
62, 73, 188, 20
62, 105, 188, 13
62, 237, 188, 26
62, 177, 188, 10
62, 116, 188, 35
62, 85, 188, 51
62, 181, 188, 67
62, 309, 188, 15
62, 352, 189, 97
62, 130, 189, 51
62, 354, 189, 50
62, 101, 189, 28
62, 294, 189, 18
62, 201, 189, 41
62, 41, 189, 62
62, 169, 189, 57
62, 12, 189, 39
62, 173, 189, 72
62, 175, 189, 40
62, 243, 189, 49
62, 340, 189, 12
62, 341, 189, 100
62, 214, 189, 16
62, 152, 189, 46
62, 221, 189, 9
62, 126, 189, 78
62, 384, 190, 75
62, 129, 190, 62
62, 261, 190, 28
62, 389, 190, 49
62, 275, 190, 83
62, 278, 190, 2
62, 152, 190, 46
62, 157, 190, 24
62, 158, 190, 94
62, 55, 190, 77
62, 59, 190, 31
62, 68, 190, 71
62, 204, 190, 46
62, 210, 190, 43
62, 214, 190, 16
62, 357, 190, 40
62, 108, 190, 55
62, 242, 190, 51
62, 382, 190, 3
62, 323, 191, 72
62, 69, 191, 74
62, 165, 191, 18
62, 75, 191, 10
62, 398, 191, 2
62, 206, 191, 33
62, 304, 191, 92
62, 305, 191, 10
62, 117, 191, 86
62, 310, 191, 84
62, 346, 191, 67
62, 123, 191, 39
62, 157, 191, 24
62, 30, 191, 92
62, 320, 192, 49
62, 257, 192, 95
62, 256, 192, 82
62, 290, 192, 45
62, 198, 192, 59
62, 300, 192, 96
62, 208, 192, 90
62, 177, 192, 10
62, 245, 192, 18
62, 311, 192, 67
62, 56, 192, 9
62, 60, 192, 49
62, 225, 193, 24
62, 162, 193, 45
62, 39, 193, 100
62, 103, 193, 2
62, 108, 193, 55
62, 269, 193, 1
62, 15, 193, 61
62, 112, 193, 62
62, 367, 193, 15
62, 273, 193, 96
62, 83, 193, 51
62, 150, 193, 96
62, 311, 193, 67
62, 317, 193, 84
62, 350, 193, 78
62, 223, 193, 84
62, 164, 194, 80
62, 197, 194, 75
62, 40, 194, 73
62, 140, 194, 41
62, 206, 194, 33
62, 317, 194, 84
62, 0, 195, 43
62, 227, 195, 14
62, 100, 195, 98
62, 389, 195, 49
62, 392, 195, 43
62, 109, 195, 27
62, 19, 195, 54
62, 179, 195, 66
62, 123, 195, 39
62, 223, 195, 84
62, 96, 196, 38
62, 259, 196, 74
62, 229, 196, 13
62, 230, 196, 53
62, 166, 196, 88
62, 363, 196, 41
62, 107, 196, 77
62, 43, 196, 99
62, 270, 196, 34
62, 399, 196, 54
62, 176, 196, 83
62, 177, 196, 10
62, 280, 196, 20
62, 285, 196, 44
62, 190, 196, 11
62, 93, 196, 97
62, 286, 196, 82
62, 192, 197, 47
62, 385, 197, 68
62, 256, 197, 82
62, 388, 197, 74
62, 136, 197, 24
62, 345, 197, 86
62, 206, 197, 33
62, 337, 197, 4
62, 377, 197, 46
62, 289, 198, 73
62, 99, 198, 99
62, 356, 198, 32
62, 165, 198, 18
62, 230, 198, 53
62, 131, 198, 41
62, 105, 198, 13
62, 302, 198, 33
62, 145, 198, 63
62, 242, 198, 51
62, 370, 198, 55
62, 245, 198, 18
62, 284, 198, 9
62, 213, 198, 27
62, 341, 198, 100
62, 60, 198, 49
62, 381, 198, 100
62, 95, 198, 85
62, 89, 199, 32
62, 33, 199, 84
62, 131, 199, 41
62, 164, 199, 80
62, 199, 199, 96
62, 41, 199, 62
62, 398, 199, 2
62, 47, 199, 74
62, 23, 199, 75
62, 87, 199, 59
62, 121, 199, 4
62, 379, 199, 33
62, 348, 199, 32
62, 381, 199, 100
62, 158, 199, 94
62, 383, 199, 87
