200, 400, 20
5, 288, 0, 70
5, 232, 0, 73
5, 309, 0, 97
5, 61, 0, 75
5, 382, 0, 64
5, 95, 0, 66
5, 259, 1, 38
5, 296, 1, 43
5, 306, 1, 14
5, 378, 1, 75
5, 252, 1, 7
5, 64, 2, 43
5, 320, 2, 57
5, 258, 2, 23
5, 355, 2, 87
5, 356, 2, 8
5, 289, 2, 55
5, 390, 2, 70
5, 327, 2, 63
5, 136, 2, 49
5, 139, 2, 77
5, 364, 2, 62
5, 237, 2, 77
5, 366, 2, 82
5, 397, 2, 42
5, 19, 2, 81
5, 148, 2, 95
5, 343, 2, 26
5, 354, 3, 82
5, 298, 3, 32
5, 306, 3, 14
5, 307, 3, 79
5, 347, 3, 41
5, 387, 4, 19
5, 392, 4, 84
5, 137, 4, 90
5, 269, 4, 92
5, 280, 4, 36
5, 30, 4, 22
5, 306, 4, 14
5, 195, 4, 86
5, 198, 4, 80
5, 327, 4, 63
5, 212, 4, 21
5, 215, 4, 31
5, 94, 4, 14
5, 226, 4, 4
5, 102, 4, 7
5, 230, 4, 46
5, 371, 4, 61
5, 375, 4, 54
5, 126, 4, 47
5, 320, 5, 57
5, 134, 5, 83
5, 391, 5, 69
5, 154, 5, 11
5, 72, 5, 38
5, 169, 5, 21
5, 331, 5, 42
5, 155, 5, 41
5, 368, 5, 51
5, 176, 5, 1
5, 276, 5, 53
5, 185, 5, 37
5, 26, 5, 82
5, 347, 5, 41
5, 124, 5, 90
5, 318, 5, 41
5, 38, 6, 53
5, 264, 6, 85
5, 213, 6, 65
5, 55, 6, 17
5, 318, 6, 41
5, 15, 7, 100
5, 248, 7, 21
5, 59, 7, 11
5, 29, 7, 75
5, 254, 7, 73
5, 352, 8, 32
5, 226, 8, 4
5, 258, 8, 23
5, 325, 8, 15
5, 262, 8, 1
5, 133, 8, 37
5, 229, 8, 41
5, 202, 8, 26
5, 330, 8, 68
5, 241, 8, 95
5, 371, 8, 61
5, 20, 8, 85
5, 244, 8, 91
5, 23, 8, 6
5, 350, 8, 52
5, 127, 8, 52
5, 0, 9, 72
5, 198, 9, 80
5, 263, 9, 23
5, 328, 9, 76
5, 78, 9, 88
5, 336, 9, 47
5, 276, 9, 53
5, 318, 9, 41
5, 256, 10, 67
5, 135, 10, 19
5, 19, 10, 81
5, 20, 10, 85
5, 278, 10, 40
5, 280, 10, 36
5, 289, 10, 55
5, 300, 10, 2
5, 307, 10, 79
5, 54, 10, 6
5, 187, 10, 37
5, 63, 10, 39
5, 67, 10, 39
5, 199, 10, 73
5, 71, 10, 86
5, 83, 10, 86
5, 86, 10, 10
5, 231, 10, 6
5, 103, 10, 95
5, 250, 10, 56
5, 352, 11, 32
5, 225, 11, 9
5, 387, 11, 19
5, 355, 11, 87
5, 41, 11, 95
5, 218, 11, 66
5, 396, 11, 81
5, 141, 11, 3
5, 237, 11, 77
5, 399, 11, 91
5, 174, 11, 14
5, 336, 11, 47
5, 242, 11, 80
5, 119, 11, 29
5, 185, 11, 37
5, 282, 11, 81
5, 28, 11, 30
5, 63, 11, 39
5, 2, 12, 19
5, 262, 12, 1
5, 138, 12, 85
5, 362, 12, 52
5, 45, 12, 26
5, 207, 12, 57
5, 304, 12, 27
5, 178, 12, 93
5, 213, 12, 65
5, 117, 12, 100
5, 311, 12, 58
5, 56, 12, 54
5, 123, 12, 30
5, 252, 12, 7
5, 254, 12, 73
5, 383, 12, 89
5, 322, 13, 68
5, 398, 13, 31
5, 372, 13, 88
5, 21, 13, 24
5, 29, 13, 75
5, 319, 13, 74
5, 256, 14, 67
5, 228, 14, 16
5, 170, 14, 93
5, 363, 14, 22
5, 267, 14, 55
5, 14, 14, 11
5, 175, 14, 77
5, 207, 14, 57
5, 149, 14, 81
5, 214, 14, 85
5, 342, 14, 15
5, 92, 14, 26
5, 101, 15, 91
5, 136, 15, 49
5, 8, 15, 47
5, 237, 15, 77
5, 19, 15, 81
5, 57, 15, 44
5, 350, 15, 52
5, 3, 16, 16
5, 292, 16, 76
5, 325, 16, 15
5, 261, 16, 58
5, 392, 16, 84
5, 329, 16, 44
5, 361, 16, 98
5, 205, 16, 75
5, 46, 16, 21
5, 14, 16, 11
5, 208, 16, 71
5, 306, 16, 14
5, 87, 16, 68
5, 186, 16, 59
5, 284, 16, 46
5, 94, 16, 14
5, 95, 16, 66
5, 387, 17, 19
5, 357, 17, 8
5, 6, 17, 12
5, 262, 17, 1
5, 247, 17, 65
5, 72, 17, 38
5, 238, 17, 95
5, 369, 17, 91
5, 276, 17, 53
5, 184, 17, 63
5, 342, 17, 15
5, 215, 17, 31
5, 280, 17, 36
5, 54, 17, 6
5, 315, 17, 76
5, 61, 17, 75
5, 190, 17, 84
5, 131, 18, 32
5, 168, 18, 12
5, 264, 18, 85
5, 141, 18, 3
5, 142, 18, 96
5, 243, 18, 73
5, 94, 18, 14
5, 320, 19, 57
5, 256, 19, 67
5, 132, 19, 34
5, 356, 19, 8
5, 109, 19, 69
5, 147, 19, 98
5, 52, 19, 36
5, 24, 19, 75
5, 377, 19, 94
5, 26, 19, 82
5, 284, 19, 46
5, 152, 19, 87
5, 380, 19, 6
5, 194, 20, 17
5, 332, 20, 30
5, 214, 20, 85
5, 154, 20, 11
5, 155, 20, 41
5, 63, 20, 39
5, 160, 21, 16
5, 385, 21, 79
5, 66, 21, 83
5, 227, 21, 55
5, 325, 21, 15
5, 328, 21, 76
5, 399, 21, 91
5, 241, 21, 95
5, 146, 21, 17
5, 275, 21, 20
5, 189, 21, 23
5, 379, 21, 14
5, 63, 21, 39
5, 191, 21, 59
5, 321, 22, 58
5, 355, 22, 87
5, 35, 22, 65
5, 36, 22, 8
5, 70, 22, 8
5, 294, 22, 53
5, 136, 22, 49
5, 390, 22, 70
5, 138, 22, 85
5, 200, 22, 27
5, 141, 22, 3
5, 45, 22, 26
5, 80, 22, 83
5, 51, 22, 38
5, 58, 22, 18
5, 1, 23, 72
5, 7, 23, 81
5, 14, 23, 11
5, 151, 23, 19
5, 36, 23, 8
5, 300, 23, 2
5, 185, 23, 37
5, 323, 23, 53
5, 327, 23, 63
5, 329, 23, 44
5, 205, 23, 75
5, 225, 23, 9
5, 357, 23, 8
5, 238, 23, 95
5, 240, 23, 29
5, 371, 23, 61
5, 120, 23, 39
5, 121, 23, 21
5, 252, 23, 7
5, 382, 23, 64
5, 269, 24, 92
5, 141, 24, 3
5, 20, 24, 85
5, 287, 24, 58
5, 292, 24, 76
5, 295, 24, 4
5, 48, 24, 9
5, 184, 24, 63
5, 192, 24, 11
5, 66, 24, 83
5, 202, 24, 26
5, 81, 24, 37
5, 87, 24, 68
5, 346, 24, 65
5, 223, 24, 26
5, 230, 24, 46
5, 102, 24, 7
5, 361, 24, 98
5, 238, 24, 95
5, 167, 25, 58
5, 135, 25, 19
5, 137, 25, 90
5, 393, 25, 51
5, 108, 25, 71
5, 214, 25, 85
5, 315, 25, 76
5, 253, 25, 92
5, 326, 26, 47
5, 9, 26, 57
5, 138, 26, 85
5, 10, 26, 26
5, 12, 26, 61
5, 278, 26, 40
5, 279, 26, 81
5, 314, 26, 30
5, 255, 26, 66
5, 13, 27, 95
5, 272, 27, 43
5, 275, 27, 20
5, 149, 27, 81
5, 159, 27, 27
5, 169, 27, 21
5, 298, 27, 32
5, 45, 27, 26
5, 313, 27, 3
5, 58, 27, 18
5, 64, 27, 43
5, 323, 27, 53
5, 335, 27, 82
5, 336, 27, 47
5, 340, 27, 59
5, 86, 27, 10
5, 358, 27, 46
5, 359, 27, 77
5, 235, 27, 92
5, 355, 28, 87
5, 291, 28, 91
5, 99, 28, 50
5, 329, 28, 44
5, 46, 28, 21
5, 127, 28, 52
5, 162, 29, 42
5, 99, 29, 50
5, 329, 29, 44
5, 14, 29, 11
5, 110, 29, 80
5, 240, 29, 29
5, 208, 29, 71
5, 112, 29, 38
5, 307, 29, 79
5, 80, 29, 83
5, 117, 29, 100
5, 310, 29, 91
5, 183, 29, 51
5, 348, 29, 70
5, 386, 30, 10
5, 291, 30, 91
5, 389, 30, 34
5, 390, 30, 70
5, 360, 30, 84
5, 136, 30, 49
5, 328, 30, 76
5, 203, 30, 47
5, 172, 30, 2
5, 15, 30, 100
5, 278, 30, 40
5, 86, 30, 10
5, 89, 30, 62
5, 380, 30, 6
5, 353, 31, 61
5, 39, 31, 36
5, 298, 31, 32
5, 54, 31, 6
5, 281, 31, 88
5, 257, 32, 34
5, 396, 32, 81
5, 269, 32, 92
5, 21, 32, 24
5, 281, 32, 88
5, 28, 32, 30
5, 176, 32, 1
5, 317, 32, 94
5, 62, 32, 6
5, 193, 32, 69
5, 322, 32, 68
5, 332, 32, 30
5, 210, 32, 95
5, 341, 32, 3
5, 108, 32, 71
5, 238, 32, 95
5, 245, 32, 4
5, 118, 32, 30
5, 126, 32, 47
5, 263, 33, 23
5, 12, 33, 61
5, 19, 33, 81
5, 157, 33, 91
5, 40, 33, 45
5, 176, 33, 1
5, 57, 33, 44
5, 328, 33, 76
5, 334, 33, 11
5, 79, 33, 41
5, 208, 33, 71
5, 207, 33, 57
5, 213, 33, 65
5, 217, 33, 57
5, 218, 33, 66
5, 233, 33, 60
5, 243, 33, 73
5, 247, 33, 65
5, 381, 33, 66
5, 192, 34, 11
5, 290, 34, 35
5, 130, 34, 15
5, 9, 34, 57
5, 332, 34, 30
5, 236, 34, 99
5, 300, 34, 2
5, 174, 34, 14
5, 81, 34, 37
5, 115, 34, 24
5, 83, 34, 86
5, 343, 34, 26
5, 89, 34, 62
5, 220, 34, 39
5, 254, 34, 73
5, 224, 35, 4
5, 97, 35, 54
5, 70, 35, 8
5, 351, 35, 97
5, 154, 35, 11
5, 201, 35, 73
5, 218, 35, 66
5, 390, 35, 70
5, 234, 35, 64
5, 104, 35, 36
5, 200, 35, 27
5, 85, 35, 48
5, 373, 35, 58
5, 309, 35, 97
5, 120, 35, 39
5, 314, 35, 30
5, 31, 35, 30
5, 66, 36, 83
5, 362, 36, 52
5, 108, 36, 71
5, 28, 36, 30
5, 142, 36, 96
5, 337, 36, 90
5, 116, 36, 7
5, 245, 36, 4
5, 220, 36, 39
5, 94, 36, 14
5, 33, 37, 58
5, 97, 37, 54
5, 387, 37, 19
5, 36, 37, 8
5, 298, 37, 32
5, 363, 37, 22
5, 266, 37, 12
5, 302, 37, 83
5, 47, 37, 18
5, 21, 37, 24
5, 121, 37, 21
5, 218, 37, 66
5, 93, 37, 18
5, 190, 37, 84
5, 130, 38, 15
5, 259, 38, 38
5, 227, 38, 55
5, 363, 38, 22
5, 140, 38, 16
5, 15, 38, 100
5, 49, 38, 39
5, 337, 38, 90
5, 276, 38, 53
5, 118, 38, 30
5, 88, 38, 95
5, 281, 38, 88
5, 92, 38, 26
5, 125, 38, 61
5, 351, 38, 97
5, 322, 39, 68
5, 387, 39, 19
5, 68, 39, 55
5, 259, 39, 38
5, 296, 39, 43
5, 297, 39, 90
5, 73, 39, 3
5, 45, 39, 26
5, 205, 39, 75
5, 145, 39, 41
5, 119, 39, 29
5, 86, 39, 10
5, 343, 39, 26
5, 346, 39, 65
5, 284, 39, 46
5, 158, 39, 74
5, 255, 39, 66
5, 321, 40, 58
5, 305, 40, 49
5, 380, 40, 6
5, 30, 40, 22
5, 255, 40, 66
5, 227, 41, 55
5, 358, 41, 46
5, 266, 41, 12
5, 74, 41, 99
5, 268, 41, 30
5, 207, 41, 57
5, 243, 41, 73
5, 149, 41, 81
5, 279, 41, 81
5, 56, 41, 54
5, 32, 42, 55
5, 160, 42, 16
5, 71, 42, 86
5, 234, 42, 64
5, 236, 42, 99
5, 77, 42, 56
5, 270, 42, 19
5, 369, 42, 91
5, 306, 42, 14
5, 241, 42, 95
5, 125, 42, 61
5, 235, 43, 92
5, 236, 43, 99
5, 206, 43, 57
5, 176, 43, 1
5, 209, 43, 96
5, 188, 43, 17
5, 245, 43, 4
5, 246, 43, 30
5, 284, 43, 46
5, 61, 43, 75
5, 161, 44, 53
5, 295, 44, 4
5, 394, 44, 78
5, 11, 44, 79
5, 268, 44, 30
5, 78, 44, 88
5, 242, 44, 80
5, 182, 44, 90
5, 58, 44, 18
5, 27, 44, 57
5, 316, 44, 19
5, 318, 44, 41
5, 351, 44, 97
5, 385, 45, 79
5, 196, 45, 31
5, 133, 45, 37
5, 326, 45, 47
5, 168, 45, 12
5, 201, 45, 73
5, 177, 45, 78
5, 340, 45, 59
5, 182, 45, 90
5, 282, 45, 81
5, 190, 45, 84
5, 33, 46, 58
5, 34, 46, 96
5, 193, 46, 69
5, 7, 46, 81
5, 391, 46, 69
5, 73, 46, 3
5, 39, 46, 36
5, 331, 46, 42
5, 139, 46, 77
5, 203, 46, 47
5, 393, 46, 51
5, 310, 46, 91
5, 119, 46, 29
5, 312, 46, 32
5, 247, 46, 65
5, 252, 46, 7
5, 222, 46, 52
5, 89, 47, 62
5, 99, 47, 50
5, 185, 47, 37
5, 37, 47, 32
5, 163, 47, 22
5, 203, 47, 47
5, 239, 47, 43
5, 208, 47, 71
5, 80, 47, 83
5, 180, 47, 32
5, 22, 47, 28
5, 23, 47, 6
5, 344, 47, 94
5, 121, 47, 21
5, 188, 47, 17
5, 32, 48, 55
5, 355, 48, 87
5, 324, 48, 18
5, 261, 48, 58
5, 357, 48, 8
5, 166, 48, 8
5, 387, 48, 19
5, 333, 48, 42
5, 142, 48, 96
5, 342, 48, 15
5, 216, 48, 16
5, 347, 48, 41
5, 124, 48, 90
5, 36, 49, 8
5, 38, 49, 53
5, 39, 49, 36
5, 168, 49, 12
5, 78, 49, 88
5, 79, 49, 41
5, 276, 49, 53
5, 21, 49, 24
5, 154, 49, 11
5, 379, 49, 14
5, 188, 49, 17
5, 255, 49, 66
5, 225, 50, 9
5, 99, 50, 50
5, 356, 50, 8
5, 219, 50, 32
5, 306, 50, 14
5, 212, 50, 21
5, 214, 50, 85
5, 119, 50, 29
5, 153, 50, 44
5, 218, 50, 66
5, 91, 50, 14
5, 254, 50, 73
5, 286, 50, 81
5, 289, 51, 55
5, 227, 51, 55
5, 294, 51, 53
5, 230, 51, 46
5, 363, 51, 22
5, 13, 51, 95
5, 174, 51, 14
5, 111, 51, 27
5, 241, 51, 95
5, 82, 51, 13
5, 49, 51, 39
5, 306, 51, 14
5, 85, 51, 48
5, 245, 51, 4
5, 218, 51, 66
5, 29, 51, 75
5, 62, 51, 6
5, 161, 52, 53
5, 257, 52, 34
5, 3, 52, 16
5, 325, 52, 15
5, 168, 52, 12
5, 395, 52, 57
5, 123, 52, 30
5, 239, 52, 43
5, 47, 52, 18
5, 283, 52, 76
5, 315, 52, 76
5, 52, 52, 36
5, 151, 52, 19
5, 314, 52, 30
5, 251, 52, 83
5, 221, 52, 85
5, 261, 53, 58
5, 5, 53, 37
5, 135, 53, 19
5, 267, 53, 55
5, 274, 53, 96
5, 276, 53, 53
5, 288, 53, 70
5, 290, 53, 35
5, 164, 53, 17
5, 292, 53, 76
5, 178, 53, 93
5, 202, 53, 26
5, 78, 53, 88
5, 220, 53, 39
5, 93, 53, 18
5, 99, 53, 50
5, 112, 53, 38
5, 247, 53, 65
5, 122, 53, 48
5, 164, 54, 17
5, 230, 54, 46
5, 71, 54, 86
5, 168, 54, 12
5, 137, 54, 90
5, 139, 54, 77
5, 204, 54, 90
5, 239, 54, 43
5, 241, 54, 95
5, 113, 54, 22
5, 147, 54, 98
5, 278, 54, 40
5, 151, 54, 19
5, 282, 54, 81
5, 385, 55, 79
5, 225, 55, 9
5, 43, 55, 9
5, 370, 55, 30
5, 220, 55, 39
5, 222, 55, 52
5, 67, 56, 39
5, 131, 56, 32
5, 101, 56, 91
5, 197, 56, 30
5, 178, 56, 93
5, 340, 56, 59
5, 149, 56, 81
5, 381, 56, 66
5, 351, 56, 97
5, 385, 57, 79
5, 323, 57, 53
5, 228, 57, 16
5, 3, 57, 16
5, 4, 57, 72
5, 167, 57, 58
5, 247, 57, 65
5, 79, 57, 41
5, 176, 57, 1
5, 306, 57, 14
5, 309, 57, 97
5, 119, 57, 29
5, 315, 57, 76
5, 97, 58, 54
5, 161, 58, 53
5, 259, 58, 38
5, 198, 58, 80
5, 104, 58, 36
5, 251, 58, 83
5, 144, 58, 73
5, 210, 58, 95
5, 276, 58, 53
5, 213, 58, 65
5, 246, 58, 30
5, 150, 58, 39
5, 312, 58, 32
5, 155, 58, 41
5, 254, 58, 73
5, 256, 59, 67
5, 162, 59, 42
5, 357, 59, 8
5, 42, 59, 14
5, 269, 59, 92
5, 275, 59, 20
5, 19, 59, 81
5, 95, 59, 66
5, 256, 60, 67
5, 3, 60, 16
5, 261, 60, 58
5, 267, 60, 55
5, 16, 60, 14
5, 145, 60, 41
5, 36, 60, 8
5, 308, 60, 42
5, 318, 60, 41
5, 190, 60, 84
5, 203, 60, 47
5, 78, 60, 88
5, 102, 60, 7
5, 231, 60, 6
5, 360, 60, 84
5, 104, 60, 36
5, 373, 60, 58
5, 380, 60, 6
5, 125, 60, 61
5, 130, 61, 15
5, 359, 61, 77
5, 168, 61, 12
5, 75, 61, 28
5, 113, 61, 22
5, 274, 61, 96
5, 275, 61, 20
5, 216, 61, 16
5, 191, 61, 59
5, 256, 62, 67
5, 66, 62, 83
5, 99, 62, 50
5, 101, 62, 91
5, 198, 62, 80
5, 297, 62, 90
5, 330, 62, 68
5, 84, 62, 6
5, 181, 62, 56
5, 154, 62, 11
5, 156, 62, 84
5, 96, 63, 45
5, 1, 63, 72
5, 291, 63, 91
5, 355, 63, 87
5, 324, 63, 18
5, 296, 63, 43
5, 267, 63, 55
5, 151, 63, 19
5, 224, 64, 4
5, 130, 64, 15
5, 228, 64, 16
5, 233, 64, 60
5, 395, 64, 57
5, 174, 64, 14
5, 16, 64, 14
5, 273, 64, 33
5, 307, 64, 79
5, 342, 64, 15
5, 120, 64, 39
5, 25, 64, 61
5, 61, 64, 75
5, 255, 64, 66
5, 96, 65, 45
5, 321, 65, 58
5, 132, 65, 34
5, 339, 65, 27
5, 86, 65, 10
5, 161, 66, 53
5, 214, 66, 85
5, 279, 66, 81
5, 347, 66, 41
5, 381, 66, 66
5, 228, 67, 16
5, 132, 67, 34
5, 398, 67, 31
5, 177, 67, 78
5, 252, 67, 7
5, 257, 68, 34
5, 161, 68, 53
5, 169, 68, 21
5, 271, 68, 88
5, 113, 68, 22
5, 177, 68, 78
5, 307, 68, 79
5, 252, 68, 7
5, 306, 68, 14
5, 220, 68, 39
5, 64, 69, 43
5, 161, 69, 53
5, 1, 69, 72
5, 322, 69, 68
5, 70, 69, 8
5, 230, 69, 46
5, 38, 69, 53
5, 250, 69, 56
5, 399, 69, 91
5, 368, 69, 51
5, 15, 69, 100
5, 114, 69, 38
5, 79, 69, 41
5, 244, 69, 91
5, 314, 69, 30
5, 27, 69, 57
5, 227, 70, 55
5, 58, 70, 18
5, 68, 70, 55
5, 170, 70, 93
5, 363, 70, 22
5, 45, 70, 26
5, 368, 70, 51
5, 83, 70, 86
5, 341, 70, 3
5, 186, 70, 59
5, 59, 70, 11
5, 352, 71, 32
5, 165, 71, 81
5, 389, 71, 34
5, 7, 71, 81
5, 141, 71, 3
5, 176, 71, 1
5, 132, 72, 34
5, 294, 72, 53
5, 264, 72, 85
5, 329, 72, 44
5, 170, 72, 93
5, 268, 72, 30
5, 239, 72, 43
5, 373, 72, 58
5, 278, 72, 40
5, 150, 72, 39
5, 376, 72, 10
5, 58, 72, 18
5, 351, 72, 97
5, 376, 73, 10
5, 389, 73, 34
5, 231, 73, 6
5, 8, 73, 47
5, 327, 73, 63
5, 204, 73, 90
5, 315, 73, 76
5, 306, 73, 14
5, 209, 73, 96
5, 248, 73, 21
5, 250, 73, 56
5, 379, 73, 14
5, 0, 74, 72
5, 3, 74, 16
5, 6, 74, 12
5, 102, 74, 7
5, 72, 74, 38
5, 233, 74, 60
5, 137, 74, 90
5, 139, 74, 77
5, 358, 74, 46
5, 73, 74, 3
5, 302, 74, 83
5, 175, 74, 77
5, 176, 74, 1
5, 146, 74, 17
5, 306, 74, 14
5, 53, 74, 1
5, 312, 74, 32
5, 188, 74, 17
5, 320, 75, 57
5, 229, 75, 41
5, 198, 75, 80
5, 234, 75, 64
5, 172, 75, 2
5, 269, 75, 92
5, 333, 75, 42
5, 240, 75, 29
5, 16, 75, 14
5, 306, 75, 14
5, 341, 75, 3
5, 54, 75, 6
5, 375, 75, 54
5, 94, 75, 14
5, 252, 75, 7
5, 317, 75, 94
5, 254, 75, 73
5, 224, 76, 4
5, 194, 76, 17
5, 294, 76, 53
5, 137, 76, 90
5, 331, 76, 42
5, 113, 76, 22
5, 277, 76, 80
5, 248, 76, 21
5, 25, 76, 61
5, 58, 76, 18
5, 254, 76, 73
5, 128, 77, 31
5, 354, 77, 82
5, 355, 77, 87
5, 163, 77, 22
5, 305, 77, 49
5, 188, 77, 17
5, 116, 77, 7
5, 54, 77, 6
5, 58, 77, 18
5, 379, 77, 14
5, 124, 77, 90
5, 256, 78, 67
5, 257, 78, 34
5, 2, 78, 19
5, 263, 78, 23
5, 139, 78, 77
5, 155, 78, 41
5, 165, 78, 81
5, 38, 78, 53
5, 307, 78, 79
5, 315, 78, 76
5, 65, 78, 18
5, 198, 78, 80
5, 203, 78, 47
5, 78, 78, 88
5, 81, 78, 37
5, 88, 78, 95
5, 96, 78, 45
5, 104, 78, 36
5, 362, 78, 52
5, 385, 79, 79
5, 99, 79, 50
5, 195, 79, 86
5, 69, 79, 70
5, 6, 79, 12
5, 357, 79, 8
5, 328, 79, 76
5, 137, 79, 90
5, 383, 79, 89
5, 185, 79, 37
5, 142, 79, 96
5, 48, 79, 9
5, 304, 79, 27
5, 82, 79, 13
5, 52, 79, 36
5, 149, 79, 81
5, 313, 79, 3
5, 57, 79, 44
5, 224, 80, 4
5, 34, 80, 96
5, 196, 80, 31
5, 293, 80, 51
5, 232, 80, 73
5, 9, 80, 57
5, 264, 80, 85
5, 267, 80, 55
5, 108, 80, 71
5, 112, 80, 38
5, 244, 80, 91
5, 279, 80, 81
5, 59, 80, 11
5, 28, 80, 30
5, 285, 80, 62
5, 34, 81, 96
5, 387, 81, 19
5, 69, 81, 70
5, 37, 81, 32
5, 295, 81, 4
5, 240, 81, 29
5, 150, 81, 39
5, 314, 81, 30
5, 349, 81, 75
5, 100, 82, 56
5, 261, 82, 58
5, 199, 82, 73
5, 363, 82, 22
5, 268, 82, 30
5, 203, 82, 47
5, 176, 82, 1
5, 145, 82, 41
5, 309, 82, 97
5, 278, 82, 40
5, 86, 82, 10
5, 312, 82, 32
5, 153, 82, 44
5, 60, 82, 43
5, 29, 82, 75
5, 65, 83, 18
5, 164, 83, 17
5, 264, 83, 85
5, 218, 83, 66
5, 362, 83, 52
5, 51, 83, 38
5, 220, 83, 39
5, 186, 83, 59
5, 188, 83, 17
5, 66, 84, 83
5, 99, 84, 50
5, 132, 84, 34
5, 290, 84, 35
5, 262, 84, 1
5, 41, 84, 95
5, 170, 84, 93
5, 42, 84, 14
5, 268, 84, 30
5, 399, 84, 91
5, 309, 84, 97
5, 314, 84, 30
5, 283, 84, 76
5, 126, 84, 47
5, 0, 85, 72
5, 258, 85, 23
5, 265, 85, 23
5, 148, 85, 95
5, 287, 85, 58
5, 36, 85, 8
5, 40, 85, 45
5, 169, 85, 21
5, 180, 85, 32
5, 182, 85, 90
5, 324, 85, 18
5, 70, 85, 8
5, 332, 85, 30
5, 209, 85, 96
5, 86, 85, 10
5, 215, 85, 31
5, 342, 85, 15
5, 345, 85, 64
5, 93, 85, 18
5, 221, 85, 85
5, 133, 86, 37
5, 300, 86, 2
5, 18, 86, 75
5, 147, 86, 98
5, 340, 86, 59
5, 114, 86, 38
5, 346, 86, 65
5, 254, 86, 73
5, 193, 87, 69
5, 321, 87, 58
5, 200, 87, 27
5, 233, 87, 60
5, 298, 87, 32
5, 155, 87, 41
5, 173, 87, 93
5, 46, 87, 21
5, 144, 87, 73
5, 18, 87, 75
5, 21, 87, 24
5, 342, 87, 15
5, 313, 87, 3
5, 251, 87, 83
5, 316, 87, 19
5, 125, 87, 61
5, 318, 87, 41
5, 31, 87, 30
5, 234, 88, 64
5, 394, 88, 78
5, 309, 88, 97
5, 344, 88, 94
5, 282, 88, 81
5, 219, 88, 32
5, 93, 88, 18
5, 286, 88, 81
5, 2, 89, 19
5, 67, 89, 39
5, 230, 89, 46
5, 103, 89, 95
5, 139, 89, 77
5, 76, 89, 43
5, 108, 89, 71
5, 142, 89, 96
5, 282, 89, 81
5, 208, 89, 71
5, 113, 89, 22
5, 243, 89, 73
5, 376, 89, 10
5, 186, 89, 59
5, 184, 89, 63
5, 318, 90, 41
5, 1, 90, 72
5, 101, 90, 91
5, 293, 90, 51
5, 69, 90, 70
5, 345, 90, 64
5, 137, 90, 90
5, 169, 90, 21
5, 166, 90, 8
5, 270, 90, 19
5, 339, 90, 27
5, 54, 90, 6
5, 184, 90, 63
5, 185, 90, 37
5, 61, 90, 75
5, 126, 90, 47
5, 388, 91, 2
5, 297, 91, 90
5, 234, 91, 64
5, 237, 91, 77
5, 334, 91, 11
5, 271, 91, 88
5, 112, 91, 38
5, 81, 91, 37
5, 344, 91, 94
5, 313, 91, 3
5, 122, 91, 48
5, 251, 91, 83
5, 253, 91, 92
5, 158, 91, 74
5, 160, 92, 16
5, 33, 92, 58
5, 260, 92, 96
5, 392, 92, 84
5, 329, 92, 44
5, 364, 92, 62
5, 240, 92, 29
5, 145, 92, 41
5, 81, 92, 37
5, 352, 93, 32
5, 292, 93, 76
5, 230, 93, 46
5, 167, 93, 58
5, 232, 93, 73
5, 393, 93, 51
5, 266, 93, 12
5, 102, 93, 7
5, 369, 93, 91
5, 307, 93, 79
5, 180, 93, 32
5, 54, 93, 6
5, 254, 93, 73
5, 282, 93, 81
5, 253, 93, 92
5, 318, 93, 41
5, 257, 94, 34
5, 386, 94, 10
5, 355, 94, 87
5, 101, 94, 91
5, 166, 94, 8
5, 7, 94, 81
5, 70, 94, 8
5, 137, 94, 90
5, 104, 94, 36
5, 396, 94, 81
5, 397, 94, 42
5, 44, 94, 81
5, 372, 94, 88
5, 342, 94, 15
5, 183, 94, 51
5, 87, 94, 68
5, 346, 94, 65
5, 288, 95, 70
5, 162, 95, 42
5, 386, 95, 10
5, 323, 95, 53
5, 395, 95, 57
5, 46, 95, 21
5, 275, 95, 20
5, 181, 95, 56
5, 59, 95, 11
5, 60, 95, 43
5, 221, 95, 85
5, 129, 96, 59
5, 268, 96, 30
5, 14, 96, 11
5, 143, 96, 15
5, 23, 96, 6
5, 34, 96, 96
5, 36, 96, 8
5, 39, 96, 36
5, 185, 96, 37
5, 190, 96, 84
5, 192, 96, 11
5, 338, 96, 82
5, 339, 96, 27
5, 211, 96, 24
5, 108, 96, 71
5, 109, 96, 69
5, 237, 96, 77
5, 378, 96, 75
5, 255, 96, 66
5, 160, 97, 16
5, 33, 97, 58
5, 41, 97, 95
5, 236, 97, 99
5, 271, 97, 88
5, 208, 97, 71
5, 17, 97, 45
5, 342, 97, 15
5, 215, 97, 31
5, 377, 97, 94
5, 255, 97, 66
5, 384, 98, 70
5, 339, 98, 27
5, 374, 98, 59
5, 248, 98, 21
5, 223, 98, 26
5, 359, 99, 77
5, 393, 99, 51
5, 202, 99, 26
5, 330, 99, 68
5, 366, 99, 82
5, 272, 99, 43
5, 16, 99, 14
5, 176, 99, 1
5, 275, 99, 20
5, 179, 99, 33
5, 119, 99, 29
5, 377, 99, 94
5, 282, 99, 81
5, 320, 100, 57
5, 65, 100, 18
5, 385, 100, 79
5, 323, 100, 53
5, 226, 100, 4
5, 134, 100, 83
5, 358, 100, 46
5, 169, 100, 21
5, 74, 100, 99
5, 363, 100, 22
5, 302, 100, 83
5, 271, 100, 88
5, 46, 100, 21
5, 17, 100, 45
5, 209, 100, 96
5, 119, 100, 29
5, 215, 100, 31
5, 153, 100, 44
5, 98, 101, 72
5, 195, 101, 86
5, 386, 101, 10
5, 232, 101, 73
5, 395, 101, 57
5, 300, 101, 2
5, 378, 101, 75
5, 271, 101, 88
5, 340, 101, 59
5, 154, 101, 11
5, 221, 101, 85
5, 30, 101, 22
5, 322, 102, 68
5, 226, 102, 4
5, 165, 102, 81
5, 8, 102, 47
5, 108, 102, 71
5, 47, 102, 18
5, 368, 102, 51
5, 273, 102, 33
5, 125, 102, 61
5, 89, 103, 62
5, 289, 103, 55
5, 320, 103, 57
5, 295, 103, 4
5, 328, 103, 76
5, 361, 103, 98
5, 330, 103, 68
5, 365, 103, 40
5, 399, 103, 91
5, 313, 103, 3
5, 58, 103, 18
5, 315, 103, 76
5, 348, 103, 70
5, 69, 104, 70
5, 295, 104, 4
5, 265, 104, 23
5, 331, 104, 42
5, 396, 104, 81
5, 78, 104, 88
5, 207, 104, 57
5, 209, 104, 96
5, 242, 104, 80
5, 119, 104, 29
5, 91, 104, 14
5, 387, 105, 19
5, 3, 105, 16
5, 388, 105, 2
5, 140, 105, 16
5, 399, 105, 91
5, 22, 105, 28
5, 169, 105, 21
5, 297, 105, 90
5, 48, 105, 9
5, 183, 105, 51
5, 312, 105, 32
5, 319, 105, 74
5, 200, 105, 27
5, 74, 105, 99
5, 78, 105, 88
5, 80, 105, 83
5, 217, 105, 57
5, 105, 105, 37
5, 254, 105, 73
5, 96, 106, 45
5, 321, 106, 58
5, 162, 106, 42
5, 355, 106, 87
5, 67, 106, 39
5, 197, 106, 30
5, 136, 106, 49
5, 264, 106, 85
5, 11, 106, 79
5, 395, 106, 57
5, 143, 106, 15
5, 367, 106, 41
5, 17, 106, 45
5, 306, 106, 14
5, 243, 106, 73
5, 115, 106, 24
5, 247, 106, 65
5, 222, 106, 52
5, 259, 107, 38
5, 394, 107, 78
5, 396, 107, 81
5, 142, 107, 96
5, 15, 107, 100
5, 398, 107, 31
5, 33, 107, 58
5, 39, 107, 36
5, 304, 107, 27
5, 51, 107, 38
5, 318, 107, 41
5, 322, 107, 68
5, 341, 107, 3
5, 214, 107, 85
5, 343, 107, 26
5, 89, 107, 62
5, 96, 107, 45
5, 365, 107, 40
5, 241, 107, 95
5, 380, 107, 6
5, 385, 108, 79
5, 4, 108, 72
5, 212, 108, 21
5, 56, 108, 54
5, 383, 108, 89
5, 256, 109, 67
5, 38, 109, 53
5, 105, 109, 37
5, 363, 109, 22
5, 76, 109, 43
5, 343, 109, 26
5, 155, 109, 41
5, 348, 109, 70
5, 93, 109, 18
5, 256, 110, 67
5, 162, 110, 42
5, 232, 110, 73
5, 117, 110, 100
5, 218, 110, 66
5, 251, 110, 83
5, 382, 110, 64
5, 89, 111, 62
5, 33, 111, 58
5, 382, 111, 64
5, 262, 111, 1
5, 328, 111, 76
5, 394, 111, 78
5, 240, 111, 29
5, 178, 111, 93
5, 374, 111, 59
5, 153, 111, 44
5, 30, 111, 22
5, 192, 112, 11
5, 289, 112, 55
5, 134, 112, 83
5, 262, 112, 1
5, 72, 112, 38
5, 264, 112, 85
5, 298, 112, 32
5, 203, 112, 47
5, 237, 112, 77
5, 305, 112, 49
5, 242, 112, 80
5, 243, 112, 73
5, 83, 112, 86
5, 21, 112, 24
5, 120, 112, 39
5, 346, 112, 65
5, 380, 112, 6
5, 384, 113, 70
5, 390, 113, 70
5, 6, 113, 12
5, 19, 113, 81
5, 151, 113, 19
5, 55, 113, 17
5, 316, 113, 19
5, 331, 113, 42
5, 82, 113, 13
5, 88, 113, 95
5, 219, 113, 32
5, 225, 113, 9
5, 356, 113, 8
5, 235, 113, 92
5, 111, 113, 27
5, 113, 113, 22
5, 242, 113, 80
5, 250, 113, 56
5, 383, 113, 89
5, 323, 114, 53
5, 68, 114, 55
5, 360, 114, 84
5, 169, 114, 21
5, 250, 114, 56
5, 268, 114, 30
5, 314, 114, 30
5, 334, 114, 11
5, 143, 114, 15
5, 23, 114, 6
5, 58, 114, 18
5, 285, 114, 62
5, 196, 115, 31
5, 201, 115, 73
5, 42, 115, 14
5, 154, 115, 11
5, 95, 115, 66
5, 385, 116, 79
5, 102, 116, 7
5, 39, 116, 36
5, 295, 116, 4
5, 233, 116, 60
5, 235, 116, 92
5, 172, 116, 2
5, 333, 116, 42
5, 78, 116, 88
5, 15, 116, 100
5, 16, 116, 14
5, 156, 116, 84
5, 305, 116, 49
5, 279, 116, 81
5, 280, 116, 36
5, 247, 116, 65
5, 348, 116, 70
5, 62, 116, 6
5, 238, 117, 95
5, 304, 117, 27
5, 370, 117, 30
5, 88, 117, 95
5, 218, 117, 66
5, 128, 118, 31
5, 1, 118, 72
5, 389, 118, 34
5, 10, 118, 26
5, 107, 118, 82
5, 139, 118, 77
5, 398, 118, 31
5, 14, 118, 11
5, 208, 118, 71
5, 49, 118, 39
5, 273, 118, 33
5, 219, 118, 32
5, 61, 118, 75
5, 351, 118, 97
5, 318, 119, 41
5, 159, 119, 27
5, 321, 119, 58
5, 227, 119, 55
5, 324, 119, 18
5, 8, 119, 47
5, 234, 119, 64
5, 331, 119, 42
5, 171, 119, 92
5, 76, 119, 43
5, 209, 119, 96
5, 181, 119, 56
5, 190, 119, 84
5, 63, 119, 39
5, 385, 120, 79
5, 377, 120, 94
5, 77, 120, 56
5, 346, 120, 65
5, 333, 120, 42
5, 112, 120, 38
5, 273, 120, 33
5, 239, 120, 43
5, 115, 120, 24
5, 340, 120, 59
5, 149, 120, 81
5, 121, 120, 21
5, 154, 120, 11
5, 30, 120, 22
5, 351, 120, 97
5, 195, 121, 86
5, 357, 121, 8
5, 133, 121, 37
5, 38, 121, 53
5, 200, 121, 27
5, 383, 121, 89
5, 41, 121, 95
5, 205, 121, 75
5, 368, 121, 51
5, 305, 121, 49
5, 369, 121, 91
5, 179, 121, 33
5, 245, 121, 4
5, 283, 121, 76
5, 351, 121, 97
5, 354, 122, 82
5, 199, 122, 73
5, 302, 122, 83
5, 336, 122, 47
5, 186, 122, 59
5, 167, 123, 58
5, 392, 123, 84
5, 391, 123, 69
5, 108, 123, 71
5, 141, 123, 3
5, 23, 123, 6
5, 247, 123, 65
5, 129, 124, 59
5, 291, 124, 91
5, 67, 124, 39
5, 394, 124, 78
5, 237, 124, 77
5, 47, 124, 18
5, 336, 124, 47
5, 209, 124, 96
5, 116, 124, 7
5, 213, 124, 65
5, 310, 124, 91
5, 123, 124, 30
5, 380, 124, 6
5, 201, 125, 73
5, 106, 125, 46
5, 44, 125, 81
5, 19, 125, 81
5, 275, 125, 20
5, 343, 125, 26
5, 182, 125, 90
5, 119, 125, 29
5, 120, 125, 39
5, 55, 125, 17
5, 219, 125, 32
5, 380, 125, 6
5, 158, 125, 74
5, 255, 125, 66
5, 97, 126, 54
5, 38, 126, 53
5, 392, 126, 84
5, 8, 126, 47
5, 75, 126, 28
5, 11, 126, 79
5, 78, 126, 88
5, 48, 126, 9
5, 209, 126, 96
5, 275, 126, 20
5, 83, 126, 86
5, 376, 126, 10
5, 249, 126, 16
5, 250, 126, 56
5, 347, 126, 41
5, 257, 127, 34
5, 355, 127, 87
5, 262, 127, 1
5, 170, 127, 93
5, 11, 127, 79
5, 362, 127, 52
5, 78, 127, 88
5, 46, 127, 21
5, 21, 127, 24
5, 345, 127, 64
5, 381, 127, 66
5, 385, 128, 79
5, 101, 128, 91
5, 74, 128, 99
5, 75, 128, 28
5, 174, 128, 14
5, 110, 128, 80
5, 116, 128, 7
5, 156, 128, 84
5, 319, 128, 74
5, 5, 129, 37
5, 271, 129, 88
5, 152, 129, 87
5, 24, 129, 75
5, 33, 129, 58
5, 34, 129, 96
5, 315, 129, 76
5, 189, 129, 23
5, 196, 129, 31
5, 209, 129, 96
5, 86, 129, 10
5, 343, 129, 26
5, 344, 129, 94
5, 102, 129, 7
5, 107, 129, 82
5, 365, 129, 40
5, 240, 129, 29
5, 245, 129, 4
5, 375, 129, 54
5, 196, 130, 31
5, 260, 130, 96
5, 298, 130, 32
5, 299, 130, 48
5, 239, 130, 43
5, 271, 130, 88
5, 114, 130, 38
5, 212, 130, 21
5, 117, 130, 100
5, 310, 130, 91
5, 24, 130, 75
5, 61, 130, 75
5, 0, 131, 72
5, 65, 131, 18
5, 130, 131, 15
5, 395, 131, 57
5, 176, 131, 1
5, 375, 131, 54
5, 312, 131, 32
5, 351, 131, 97
5, 64, 132, 43
5, 137, 132, 90
5, 269, 132, 92
5, 77, 132, 56
5, 278, 132, 40
5, 378, 132, 75
5, 126, 132, 47
5, 289, 133, 55
5, 1, 133, 72
5, 196, 133, 31
5, 5, 133, 37
5, 262, 133, 1
5, 376, 133, 10
5, 72, 133, 38
5, 233, 133, 60
5, 394, 133, 78
5, 169, 133, 21
5, 369, 133, 91
5, 115, 133, 24
5, 183, 133, 51
5, 344, 133, 94
5, 153, 133, 44
5, 325, 134, 15
5, 134, 134, 83
5, 104, 134, 36
5, 44, 134, 81
5, 333, 134, 42
5, 302, 134, 83
5, 143, 134, 15
5, 366, 134, 82
5, 173, 134, 93
5, 51, 134, 38
5, 19, 134, 81
5, 125, 134, 61
5, 249, 134, 16
5, 124, 134, 90
5, 29, 134, 75
5, 31, 134, 30
5, 66, 135, 83
5, 355, 135, 87
5, 70, 135, 8
5, 17, 135, 45
5, 344, 135, 94
5, 381, 135, 66
5, 222, 135, 52
5, 131, 136, 32
5, 132, 136, 34
5, 358, 136, 46
5, 170, 136, 93
5, 141, 136, 3
5, 142, 136, 96
5, 240, 136, 29
5, 81, 136, 37
5, 274, 136, 96
5, 210, 136, 95
5, 148, 136, 95
5, 340, 136, 59
5, 120, 136, 39
5, 186, 136, 59
5, 251, 136, 83
5, 28, 136, 30
5, 62, 136, 6
5, 32, 137, 55
5, 193, 137, 69
5, 3, 137, 16
5, 261, 137, 58
5, 6, 137, 12
5, 74, 137, 99
5, 235, 137, 92
5, 398, 137, 31
5, 285, 137, 62
5, 93, 137, 18
5, 356, 138, 8
5, 68, 138, 55
5, 263, 138, 23
5, 264, 138, 85
5, 365, 138, 40
5, 333, 138, 42
5, 176, 138, 1
5, 241, 138, 95
5, 80, 138, 83
5, 83, 138, 86
5, 52, 138, 36
5, 341, 138, 3
5, 278, 138, 40
5, 55, 138, 17
5, 124, 138, 90
5, 317, 138, 94
5, 130, 139, 15
5, 291, 139, 91
5, 324, 139, 18
5, 37, 139, 32
5, 69, 139, 70
5, 100, 139, 56
5, 200, 139, 27
5, 247, 139, 65
5, 139, 139, 77
5, 240, 139, 29
5, 274, 139, 96
5, 189, 139, 23
5, 344, 139, 94
5, 249, 139, 16
5, 378, 139, 75
5, 219, 139, 32
5, 125, 139, 61
5, 64, 140, 43
5, 321, 140, 58
5, 261, 140, 58
5, 38, 140, 53
5, 107, 140, 82
5, 396, 140, 81
5, 306, 140, 14
5, 275, 140, 20
5, 381, 140, 66
5, 374, 140, 59
5, 279, 140, 81
5, 253, 140, 92
5, 126, 140, 47
5, 163, 141, 22
5, 5, 141, 37
5, 102, 141, 7
5, 74, 141, 99
5, 235, 141, 92
5, 46, 141, 21
5, 144, 141, 73
5, 124, 141, 90
5, 321, 142, 58
5, 133, 142, 37
5, 38, 142, 53
5, 71, 142, 86
5, 327, 142, 63
5, 295, 142, 4
5, 11, 142, 79
5, 173, 142, 93
5, 399, 142, 91
5, 303, 142, 54
5, 49, 142, 39
5, 241, 142, 95
5, 340, 142, 59
5, 250, 142, 56
5, 219, 142, 32
5, 380, 142, 6
5, 126, 142, 47
5, 163, 143, 22
5, 296, 143, 43
5, 394, 143, 78
5, 234, 143, 64
5, 17, 143, 45
5, 117, 143, 100
5, 54, 143, 6
5, 215, 143, 31
5, 182, 143, 90
5, 154, 143, 11
5, 315, 143, 76
5, 95, 143, 66
5, 192, 144, 11
5, 225, 144, 9
5, 1, 144, 72
5, 35, 144, 65
5, 3, 144, 16
5, 37, 144, 32
5, 230, 144, 46
5, 345, 144, 64
5, 75, 144, 28
5, 333, 144, 42
5, 78, 144, 88
5, 367, 144, 41
5, 51, 144, 38
5, 147, 144, 98
5, 89, 144, 62
5, 314, 144, 30
5, 59, 144, 11
5, 160, 145, 16
5, 384, 145, 70
5, 32, 145, 55
5, 290, 145, 35
5, 356, 145, 8
5, 388, 145, 2
5, 200, 145, 27
5, 10, 145, 26
5, 266, 145, 12
5, 268, 145, 30
5, 204, 145, 90
5, 302, 145, 83
5, 272, 145, 43
5, 147, 145, 98
5, 186, 145, 59
5, 31, 145, 30
5, 257, 146, 34
5, 321, 146, 58
5, 325, 146, 15
5, 326, 146, 47
5, 45, 146, 26
5, 142, 146, 96
5, 251, 146, 83
5, 113, 146, 22
5, 273, 146, 33
5, 19, 146, 81
5, 305, 146, 49
5, 312, 146, 32
5, 219, 146, 32
5, 125, 146, 61
5, 134, 147, 83
5, 265, 147, 23
5, 316, 147, 19
5, 285, 147, 62
5, 158, 147, 74
5, 260, 148, 96
5, 137, 148, 90
5, 398, 148, 31
5, 21, 148, 24
5, 285, 148, 62
5, 172, 148, 2
5, 173, 148, 93
5, 64, 148, 43
5, 196, 148, 31
5, 72, 148, 38
5, 202, 148, 26
5, 209, 148, 96
5, 82, 148, 13
5, 347, 148, 41
5, 223, 148, 26
5, 228, 148, 16
5, 230, 148, 46
5, 365, 148, 40
5, 371, 148, 61
5, 255, 148, 66
5, 133, 149, 37
5, 6, 149, 12
5, 265, 149, 23
5, 399, 149, 91
5, 22, 149, 28
5, 286, 149, 81
5, 289, 149, 55
5, 165, 149, 81
5, 298, 149, 32
5, 48, 149, 9
5, 50, 149, 37
5, 316, 149, 19
5, 213, 149, 65
5, 215, 149, 31
5, 89, 149, 62
5, 349, 149, 75
5, 351, 149, 97
5, 229, 149, 41
5, 107, 149, 82
5, 121, 149, 21
5, 234, 150, 64
5, 394, 150, 78
5, 364, 150, 62
5, 236, 150, 99
5, 251, 150, 83
5, 347, 150, 41
5, 27, 150, 57
5, 318, 150, 41
5, 259, 151, 38
5, 394, 151, 78
5, 300, 151, 2
5, 115, 151, 24
5, 347, 151, 41
5, 317, 151, 94
5, 291, 152, 91
5, 68, 152, 55
5, 136, 152, 49
5, 365, 152, 40
5, 46, 152, 21
5, 370, 152, 30
5, 117, 152, 100
5, 55, 152, 17
5, 87, 152, 68
5, 349, 152, 75
5, 388, 153, 2
5, 261, 153, 58
5, 149, 153, 81
5, 280, 153, 36
5, 156, 153, 84
5, 171, 153, 92
5, 300, 153, 2
5, 178, 153, 93
5, 57, 153, 44
5, 319, 153, 74
5, 69, 153, 70
5, 332, 153, 30
5, 81, 153, 37
5, 94, 153, 14
5, 222, 153, 52
5, 223, 153, 26
5, 97, 153, 54
5, 103, 153, 95
5, 120, 153, 39
5, 383, 153, 89
5, 387, 154, 19
5, 260, 154, 96
5, 5, 154, 37
5, 131, 154, 32
5, 6, 154, 12
5, 146, 154, 17
5, 280, 154, 36
5, 156, 154, 84
5, 172, 154, 2
5, 178, 154, 93
5, 181, 154, 56
5, 56, 154, 54
5, 59, 154, 11
5, 65, 154, 18
5, 66, 154, 83
5, 327, 154, 63
5, 79, 154, 41
5, 106, 154, 46
5, 107, 154, 82
5, 121, 154, 21
5, 193, 155, 69
5, 68, 155, 55
5, 325, 155, 15
5, 132, 155, 34
5, 123, 155, 30
5, 205, 155, 75
5, 111, 155, 27
5, 305, 155, 49
5, 315, 155, 76
5, 19, 155, 81
5, 212, 155, 21
5, 24, 155, 75
5, 91, 155, 14
5, 224, 156, 4
5, 322, 156, 68
5, 324, 156, 18
5, 100, 156, 56
5, 102, 156, 7
5, 179, 156, 33
5, 373, 156, 58
5, 85, 156, 48
5, 343, 156, 26
5, 24, 156, 75
5, 377, 156, 94
5, 39, 157, 36
5, 207, 157, 57
5, 338, 157, 82
5, 57, 157, 44
5, 92, 157, 26
5, 163, 158, 22
5, 294, 158, 53
5, 199, 158, 73
5, 168, 158, 12
5, 7, 158, 81
5, 75, 158, 28
5, 242, 158, 80
5, 222, 158, 52
5, 339, 158, 27
5, 278, 158, 40
5, 182, 158, 90
5, 61, 158, 75
5, 94, 158, 14
5, 95, 158, 66
5, 387, 159, 19
5, 260, 159, 96
5, 391, 159, 69
5, 145, 159, 41
5, 274, 159, 96
5, 275, 159, 20
5, 148, 159, 95
5, 22, 159, 28
5, 38, 159, 53
5, 313, 159, 3
5, 64, 159, 43
5, 332, 159, 30
5, 340, 159, 59
5, 347, 159, 41
5, 222, 159, 52
5, 96, 159, 45
5, 227, 159, 55
5, 231, 159, 6
5, 244, 159, 91
5, 353, 160, 61
5, 226, 160, 4
5, 98, 160, 72
5, 388, 160, 2
5, 229, 160, 41
5, 6, 160, 12
5, 70, 160, 8
5, 5, 160, 37
5, 73, 160, 3
5, 267, 160, 55
5, 299, 160, 48
5, 245, 160, 4
5, 246, 160, 30
5, 279, 160, 81
5, 376, 160, 10
5, 123, 160, 30
5, 32, 161, 55
5, 326, 161, 47
5, 399, 161, 91
5, 175, 161, 77
5, 339, 161, 27
5, 309, 161, 97
5, 121, 161, 21
5, 220, 161, 39
5, 159, 161, 27
5, 257, 162, 34
5, 295, 162, 4
5, 105, 162, 37
5, 393, 162, 51
5, 265, 162, 23
5, 332, 162, 30
5, 270, 162, 19
5, 91, 162, 14
5, 137, 163, 90
5, 109, 163, 69
5, 238, 163, 95
5, 15, 163, 100
5, 399, 163, 91
5, 147, 163, 98
5, 20, 163, 85
5, 25, 163, 61
5, 58, 163, 18
5, 28, 163, 30
5, 383, 163, 89
5, 130, 164, 15
5, 200, 164, 27
5, 138, 164, 85
5, 237, 164, 77
5, 13, 164, 95
5, 149, 164, 81
5, 58, 164, 18
5, 158, 164, 74
5, 33, 165, 58
5, 387, 165, 19
5, 164, 165, 17
5, 209, 165, 96
5, 18, 165, 75
5, 275, 165, 20
5, 177, 165, 78
5, 152, 165, 87
5, 126, 165, 47
5, 135, 166, 19
5, 397, 166, 42
5, 144, 166, 73
5, 165, 166, 81
5, 166, 166, 8
5, 48, 166, 9
5, 182, 166, 90
5, 311, 166, 58
5, 64, 166, 43
5, 326, 166, 47
5, 76, 166, 43
5, 81, 166, 37
5, 346, 166, 65
5, 349, 166, 75
5, 107, 166, 82
5, 110, 166, 80
5, 113, 166, 22
5, 244, 166, 91
5, 377, 166, 94
5, 385, 167, 79
5, 323, 167, 53
5, 391, 167, 69
5, 273, 167, 33
5, 146, 167, 17
5, 244, 167, 91
5, 84, 167, 6
5, 123, 167, 30
5, 349, 167, 75
5, 96, 168, 45
5, 161, 168, 53
5, 354, 168, 82
5, 133, 168, 37
5, 199, 168, 73
5, 27, 168, 57
5, 361, 168, 98
5, 362, 168, 52
5, 169, 168, 21
5, 107, 168, 82
5, 263, 168, 23
5, 315, 168, 76
5, 158, 168, 74
5, 391, 169, 69
5, 296, 169, 43
5, 238, 169, 95
5, 48, 169, 9
5, 274, 169, 96
5, 282, 169, 81
5, 130, 170, 15
5, 38, 170, 53
5, 7, 170, 81
5, 237, 170, 77
5, 207, 170, 57
5, 113, 170, 22
5, 370, 170, 30
5, 211, 170, 24
5, 84, 170, 6
5, 305, 170, 49
5, 89, 170, 62
5, 218, 170, 66
5, 59, 170, 11
5, 221, 170, 85
5, 95, 170, 66
5, 64, 171, 43
5, 256, 171, 67
5, 323, 171, 53
5, 36, 171, 8
5, 300, 171, 2
5, 79, 171, 41
5, 338, 171, 82
5, 51, 171, 38
5, 149, 171, 81
5, 130, 172, 15
5, 355, 172, 87
5, 292, 172, 76
5, 327, 172, 63
5, 73, 172, 3
5, 169, 172, 21
5, 11, 172, 79
5, 76, 172, 43
5, 333, 172, 42
5, 78, 172, 88
5, 41, 172, 95
5, 80, 172, 83
5, 206, 172, 57
5, 83, 172, 86
5, 341, 172, 3
5, 21, 172, 24
5, 282, 172, 81
5, 68, 173, 55
5, 36, 173, 8
5, 326, 173, 47
5, 287, 173, 58
5, 325, 173, 15
5, 393, 173, 51
5, 106, 173, 46
5, 105, 173, 37
5, 333, 173, 42
5, 21, 173, 24
5, 249, 173, 16
5, 379, 173, 14
5, 57, 173, 44
5, 349, 173, 75
5, 127, 173, 52
5, 128, 174, 31
5, 64, 174, 43
5, 194, 174, 17
5, 388, 174, 2
5, 165, 174, 81
5, 204, 174, 90
5, 173, 174, 93
5, 14, 174, 11
5, 273, 174, 33
5, 307, 174, 79
5, 22, 174, 28
5, 286, 174, 81
5, 128, 175, 31
5, 322, 175, 68
5, 356, 175, 8
5, 389, 175, 34
5, 42, 175, 14
5, 205, 175, 75
5, 397, 175, 42
5, 144, 175, 73
5, 176, 175, 1
5, 17, 175, 45
5, 211, 175, 24
5, 179, 175, 33
5, 213, 175, 65
5, 120, 175, 39
5, 313, 175, 3
5, 59, 175, 11
5, 61, 175, 75
5, 63, 175, 39
5, 290, 176, 35
5, 36, 176, 8
5, 281, 176, 88
5, 294, 176, 53
5, 59, 176, 11
5, 362, 176, 52
5, 107, 176, 82
5, 235, 176, 92
5, 205, 176, 75
5, 332, 176, 30
5, 19, 176, 81
5, 277, 176, 80
5, 118, 176, 30
5, 25, 176, 61
5, 314, 176, 30
5, 155, 176, 41
5, 354, 177, 82
5, 130, 177, 15
5, 36, 177, 8
5, 18, 177, 75
5, 249, 177, 16
5, 161, 178, 53
5, 226, 178, 4
5, 329, 178, 44
5, 235, 178, 92
5, 299, 178, 48
5, 237, 178, 77
5, 306, 178, 14
5, 184, 178, 63
5, 57, 178, 44
5, 220, 178, 39
5, 393, 179, 51
5, 170, 179, 93
5, 41, 179, 95
5, 365, 179, 40
5, 207, 179, 57
5, 210, 179, 95
5, 307, 179, 79
5, 308, 179, 42
5, 93, 179, 18
5, 19, 179, 81
5, 189, 179, 23
5, 317, 179, 94
5, 292, 180, 76
5, 103, 180, 95
5, 391, 180, 69
5, 173, 180, 93
5, 335, 180, 82
5, 175, 180, 77
5, 81, 180, 37
5, 372, 180, 88
5, 213, 180, 65
5, 310, 180, 91
5, 381, 180, 66
5, 223, 180, 26
5, 165, 181, 81
5, 229, 181, 41
5, 364, 181, 62
5, 238, 181, 95
5, 177, 181, 78
5, 245, 181, 4
5, 151, 181, 19
5, 285, 181, 62
5, 158, 181, 74
5, 255, 181, 66
5, 192, 182, 11
5, 291, 182, 91
5, 164, 182, 17
5, 324, 182, 18
5, 358, 182, 46
5, 5, 182, 37
5, 71, 182, 86
5, 201, 182, 73
5, 329, 182, 44
5, 77, 182, 56
5, 110, 182, 80
5, 151, 182, 19
5, 312, 182, 32
5, 89, 182, 62
5, 154, 182, 11
5, 59, 182, 11
5, 129, 183, 59
5, 280, 183, 36
5, 227, 183, 55
5, 386, 183, 10
5, 389, 183, 34
5, 9, 183, 57
5, 268, 183, 30
5, 76, 183, 43
5, 398, 183, 31
5, 366, 183, 82
5, 45, 183, 26
5, 180, 183, 32
5, 53, 183, 1
5, 214, 183, 85
5, 311, 183, 58
5, 376, 183, 10
5, 152, 183, 87
5, 354, 184, 82
5, 387, 184, 19
5, 291, 184, 91
5, 233, 184, 60
5, 9, 184, 57
5, 139, 184, 77
5, 395, 184, 57
5, 73, 184, 3
5, 203, 184, 47
5, 79, 184, 41
5, 47, 184, 18
5, 242, 184, 80
5, 146, 184, 17
5, 119, 184, 29
5, 28, 184, 30
5, 191, 184, 59
5, 192, 185, 11
5, 130, 185, 15
5, 261, 185, 58
5, 71, 185, 86
5, 200, 185, 27
5, 104, 185, 36
5, 232, 185, 73
5, 13, 185, 95
5, 270, 185, 19
5, 46, 185, 21
5, 60, 185, 43
5, 21, 185, 24
5, 277, 185, 80
5, 378, 185, 75
5, 379, 185, 14
5, 252, 185, 7
5, 197, 186, 30
5, 135, 186, 19
5, 111, 186, 27
5, 156, 186, 84
5, 342, 186, 15
5, 119, 186, 29
5, 316, 186, 19
5, 62, 186, 6
5, 31, 186, 30
5, 6, 187, 12
5, 271, 187, 88
5, 20, 187, 85
5, 149, 187, 81
5, 156, 187, 84
5, 31, 187, 30
5, 37, 187, 32
5, 300, 187, 2
5, 202, 187, 26
5, 81, 187, 37
5, 85, 187, 48
5, 89, 187, 62
5, 217, 187, 57
5, 95, 187, 66
5, 228, 187, 16
5, 232, 187, 73
5, 364, 187, 62
5, 118, 187, 30
5, 380, 187, 6
5, 257, 188, 34
5, 390, 188, 70
5, 263, 188, 23
5, 396, 188, 81
5, 12, 188, 61
5, 48, 188, 9
5, 114, 188, 38
5, 18, 188, 75
5, 309, 188, 97
5, 118, 188, 30
5, 215, 188, 31
5, 216, 188, 16
5, 315, 188, 76
5, 94, 188, 14
5, 258, 189, 23
5, 195, 189, 86
5, 101, 189, 91
5, 229, 189, 41
5, 135, 189, 19
5, 154, 189, 11
5, 103, 189, 95
5, 390, 189, 70
5, 176, 189, 1
5, 17, 189, 45
5, 369, 189, 91
5, 243, 189, 73
5, 94, 189, 14
5, 121, 189, 21
5, 186, 189, 59
5, 158, 189, 74
5, 287, 189, 58
5, 259, 190, 38
5, 5, 190, 37
5, 137, 190, 90
5, 397, 190, 42
5, 14, 190, 11
5, 144, 190, 73
5, 283, 190, 76
5, 287, 190, 58
5, 297, 190, 90
5, 174, 190, 14
5, 309, 190, 97
5, 70, 190, 8
5, 75, 190, 28
5, 207, 190, 57
5, 81, 190, 37
5, 91, 190, 14
5, 97, 190, 54
5, 105, 190, 37
5, 112, 190, 38
5, 115, 190, 24
5, 195, 191, 86
5, 165, 191, 81
5, 357, 191, 8
5, 140, 191, 16
5, 76, 191, 43
5, 108, 191, 71
5, 283, 191, 76
5, 19, 191, 81
5, 213, 191, 65
5, 183, 191, 51
5, 26, 191, 82
5, 27, 191, 57
5, 316, 191, 19
5, 125, 191, 61
5, 343, 191, 26
5, 319, 191, 74
5, 128, 192, 31
5, 225, 192, 9
5, 325, 192, 15
5, 166, 192, 8
5, 199, 192, 73
5, 136, 192, 49
5, 9, 192, 57
5, 37, 192, 32
5, 359, 192, 77
5, 108, 192, 71
5, 141, 192, 3
5, 336, 192, 47
5, 183, 192, 51
5, 99, 193, 50
5, 132, 193, 34
5, 71, 193, 86
5, 9, 193, 57
5, 365, 193, 40
5, 18, 193, 75
5, 115, 193, 24
5, 188, 193, 17
5, 350, 193, 52
5, 64, 194, 43
5, 288, 194, 70
5, 314, 194, 30
5, 333, 194, 42
5, 378, 194, 75
5, 241, 194, 95
5, 374, 194, 59
5, 254, 194, 73
5, 282, 194, 81
5, 190, 194, 84
5, 258, 195, 23
5, 323, 195, 53
5, 165, 195, 81
5, 154, 195, 11
5, 360, 195, 84
5, 231, 195, 6
5, 299, 195, 48
5, 204, 195, 90
5, 301, 195, 22
5, 331, 195, 42
5, 304, 195, 27
5, 372, 195, 88
5, 249, 195, 16
5, 26, 195, 82
5, 225, 196, 9
5, 131, 196, 32
5, 68, 196, 55
5, 325, 196, 15
5, 69, 196, 70
5, 99, 196, 50
5, 356, 196, 8
5, 323, 196, 53
5, 364, 196, 62
5, 365, 196, 40
5, 109, 196, 69
5, 367, 196, 41
5, 336, 196, 47
5, 81, 196, 37
5, 83, 196, 86
5, 54, 196, 6
5, 25, 196, 61
5, 61, 196, 75
5, 2, 197, 19
5, 5, 197, 37
5, 167, 197, 58
5, 264, 197, 85
5, 232, 197, 73
5, 333, 197, 42
5, 269, 197, 92
5, 48, 197, 9
5, 378, 197, 75
5, 98, 198, 72
5, 260, 198, 96
5, 295, 198, 4
5, 136, 198, 49
5, 110, 198, 80
5, 240, 198, 29
5, 315, 198, 76
5, 53, 198, 1
5, 311, 198, 58
5, 347, 198, 41
5, 229, 199, 41
5, 262, 199, 1
5, 359, 199, 77
5, 168, 199, 12
5, 44, 199, 81
5, 173, 199, 93
5, 110, 199, 80
5, 315, 199, 76
5, 372, 199, 88
5, 149, 199, 81
5, 25, 199, 61
5, 91, 199, 14
5, 316, 199, 19
