200, 400, 20
8, 289, 0, 58
8, 230, 0, 32
8, 199, 0, 86
8, 337, 0, 84
8, 52, 0, 48
8, 216, 0, 79
8, 25, 0, 40
8, 122, 0, 37
8, 259, 1, 80
8, 171, 1, 70
8, 367, 1, 59
8, 19, 1, 12
8, 316, 1, 12
8, 194, 2, 89
8, 195, 2, 58
8, 5, 2, 15
8, 165, 2, 89
8, 359, 2, 97
8, 8, 2, 1
8, 295, 2, 55
8, 266, 2, 52
8, 76, 2, 94
8, 57, 2, 92
8, 31, 2, 1
8, 386, 3, 49
8, 66, 3, 37
8, 294, 3, 4
8, 207, 3, 2
8, 367, 3, 59
8, 82, 3, 92
8, 316, 3, 12
8, 127, 3, 33
8, 0, 4, 62
8, 323, 4, 53
8, 389, 4, 43
8, 166, 4, 60
8, 104, 4, 72
8, 361, 4, 17
8, 300, 4, 89
8, 76, 4, 94
8, 78, 4, 42
8, 12, 4, 59
8, 115, 4, 53
8, 276, 4, 69
8, 87, 4, 95
8, 153, 4, 40
8, 122, 4, 37
8, 28, 4, 63
8, 128, 5, 90
8, 32, 5, 39
8, 323, 5, 53
8, 197, 5, 88
8, 294, 5, 4
8, 328, 5, 62
8, 204, 5, 57
8, 396, 5, 8
8, 47, 5, 80
8, 48, 5, 94
8, 50, 5, 68
8, 371, 5, 29
8, 277, 5, 72
8, 182, 5, 68
8, 87, 5, 95
8, 285, 5, 83
8, 383, 5, 68
8, 130, 6, 38
8, 12, 6, 59
8, 333, 6, 9
8, 398, 6, 49
8, 79, 6, 6
8, 339, 6, 61
8, 57, 6, 92
8, 26, 6, 59
8, 160, 7, 82
8, 129, 7, 88
8, 290, 7, 52
8, 195, 7, 58
8, 4, 7, 31
8, 165, 7, 89
8, 166, 7, 60
8, 154, 7, 91
8, 297, 7, 93
8, 336, 7, 96
8, 310, 7, 60
8, 280, 7, 13
8, 281, 7, 20
8, 378, 7, 1
8, 318, 7, 63
8, 287, 7, 50
8, 320, 8, 93
8, 355, 8, 1
8, 100, 8, 58
8, 136, 8, 19
8, 363, 8, 94
8, 332, 8, 75
8, 365, 8, 87
8, 235, 8, 58
8, 84, 8, 80
8, 55, 8, 42
8, 117, 8, 40
8, 151, 8, 68
8, 120, 8, 68
8, 340, 8, 75
8, 218, 8, 58
8, 279, 8, 25
8, 222, 8, 28
8, 62, 8, 65
8, 98, 9, 92
8, 3, 9, 73
8, 357, 9, 75
8, 102, 9, 71
8, 170, 9, 55
8, 331, 9, 78
8, 367, 9, 59
8, 144, 9, 23
8, 337, 9, 84
8, 210, 9, 80
8, 111, 9, 100
8, 188, 9, 7
8, 87, 9, 95
8, 88, 9, 58
8, 316, 9, 12
8, 222, 9, 28
8, 320, 10, 93
8, 99, 10, 67
8, 231, 10, 60
8, 108, 10, 54
8, 302, 10, 52
8, 399, 10, 82
8, 337, 10, 84
8, 85, 10, 55
8, 382, 10, 27
8, 384, 11, 41
8, 226, 11, 87
8, 135, 11, 26
8, 199, 11, 86
8, 9, 11, 36
8, 169, 11, 8
8, 43, 11, 48
8, 13, 11, 63
8, 275, 11, 70
8, 211, 11, 1
8, 25, 11, 40
8, 92, 11, 16
8, 349, 11, 73
8, 96, 12, 85
8, 386, 12, 49
8, 292, 12, 4
8, 328, 12, 62
8, 9, 12, 36
8, 208, 12, 55
8, 114, 12, 59
8, 146, 12, 39
8, 148, 12, 12
8, 88, 12, 58
8, 249, 12, 70
8, 284, 12, 63
8, 285, 12, 83
8, 130, 13, 38
8, 196, 13, 88
8, 167, 13, 32
8, 104, 13, 72
8, 74, 13, 27
8, 139, 13, 7
8, 144, 13, 23
8, 176, 13, 67
8, 306, 13, 89
8, 147, 13, 71
8, 372, 13, 67
8, 282, 13, 21
8, 29, 13, 86
8, 95, 13, 55
8, 291, 14, 16
8, 364, 14, 69
8, 302, 14, 52
8, 271, 14, 96
8, 273, 14, 12
8, 116, 14, 94
8, 308, 14, 51
8, 122, 14, 37
8, 352, 15, 16
8, 33, 15, 16
8, 228, 15, 3
8, 101, 15, 74
8, 15, 15, 97
8, 183, 15, 82
8, 156, 15, 21
8, 160, 16, 82
8, 100, 16, 58
8, 292, 16, 4
8, 103, 16, 63
8, 296, 16, 46
8, 268, 16, 9
8, 155, 16, 3
8, 115, 16, 53
8, 245, 16, 26
8, 154, 16, 91
8, 219, 16, 72
8, 221, 16, 39
8, 350, 16, 38
8, 352, 17, 16
8, 161, 17, 84
8, 292, 17, 4
8, 183, 17, 82
8, 250, 17, 88
8, 155, 17, 3
8, 287, 17, 50
8, 321, 18, 31
8, 161, 18, 84
8, 7, 18, 70
8, 394, 18, 12
8, 203, 18, 11
8, 16, 18, 69
8, 81, 18, 32
8, 260, 19, 78
8, 134, 19, 72
8, 394, 19, 12
8, 140, 19, 7
8, 149, 19, 21
8, 287, 19, 50
8, 163, 19, 12
8, 294, 19, 4
8, 303, 19, 78
8, 182, 19, 68
8, 68, 19, 28
8, 78, 19, 42
8, 208, 19, 55
8, 339, 19, 61
8, 87, 19, 95
8, 102, 19, 71
8, 105, 19, 93
8, 367, 19, 59
8, 245, 19, 26
8, 258, 20, 5
8, 137, 20, 23
8, 152, 20, 28
8, 165, 20, 89
8, 44, 20, 88
8, 48, 20, 94
8, 54, 20, 31
8, 60, 20, 22
8, 316, 20, 12
8, 64, 20, 79
8, 325, 20, 75
8, 203, 20, 11
8, 204, 20, 57
8, 205, 20, 3
8, 206, 20, 90
8, 79, 20, 6
8, 344, 20, 59
8, 109, 20, 31
8, 243, 20, 96
8, 115, 20, 53
8, 226, 21, 87
8, 227, 21, 63
8, 198, 21, 90
8, 362, 21, 78
8, 106, 21, 58
8, 300, 21, 89
8, 247, 21, 94
8, 255, 21, 52
8, 385, 22, 61
8, 8, 22, 1
8, 267, 22, 7
8, 271, 22, 96
8, 273, 22, 12
8, 20, 22, 80
8, 149, 22, 21
8, 308, 22, 51
8, 197, 22, 88
8, 329, 22, 100
8, 75, 22, 90
8, 204, 22, 57
8, 79, 22, 6
8, 83, 22, 68
8, 93, 22, 23
8, 110, 22, 29
8, 239, 22, 82
8, 381, 22, 52
8, 126, 22, 51
8, 288, 23, 44
8, 130, 23, 38
8, 185, 23, 98
8, 319, 23, 34
8, 166, 23, 60
8, 281, 23, 20
8, 389, 23, 43
8, 327, 23, 18
8, 10, 23, 37
8, 202, 23, 84
8, 297, 23, 93
8, 127, 23, 33
8, 152, 23, 28
8, 249, 23, 70
8, 90, 23, 8
8, 92, 23, 16
8, 317, 23, 97
8, 351, 23, 93
8, 257, 24, 32
8, 292, 24, 4
8, 335, 24, 54
8, 208, 24, 55
8, 18, 24, 79
8, 216, 24, 79
8, 227, 25, 63
8, 3, 25, 73
8, 261, 25, 62
8, 201, 25, 12
8, 362, 25, 78
8, 172, 25, 5
8, 367, 25, 59
8, 241, 25, 34
8, 243, 25, 96
8, 276, 25, 69
8, 277, 25, 72
8, 151, 25, 68
8, 345, 25, 23
8, 315, 25, 8
8, 382, 25, 27
8, 298, 26, 76
8, 299, 26, 28
8, 45, 26, 98
8, 270, 26, 62
8, 371, 26, 29
8, 119, 26, 12
8, 183, 26, 82
8, 349, 26, 73
8, 30, 26, 77
8, 100, 27, 58
8, 301, 27, 89
8, 305, 27, 83
8, 273, 27, 12
8, 148, 27, 12
8, 374, 27, 3
8, 87, 27, 95
8, 219, 27, 72
8, 132, 28, 34
8, 292, 28, 4
8, 173, 28, 54
8, 366, 28, 92
8, 159, 28, 42
8, 226, 29, 87
8, 73, 29, 19
8, 81, 29, 32
8, 275, 29, 70
8, 246, 29, 31
8, 214, 29, 12
8, 188, 29, 7
8, 221, 29, 39
8, 321, 30, 31
8, 131, 30, 69
8, 36, 30, 63
8, 58, 30, 31
8, 37, 30, 39
8, 41, 30, 1
8, 235, 30, 58
8, 332, 30, 75
8, 205, 30, 3
8, 302, 30, 52
8, 237, 30, 10
8, 367, 30, 59
8, 82, 30, 92
8, 211, 30, 1
8, 218, 30, 58
8, 381, 30, 52
8, 158, 30, 54
8, 223, 30, 19
8, 321, 31, 31
8, 354, 31, 3
8, 66, 31, 37
8, 164, 31, 4
8, 68, 31, 28
8, 97, 31, 49
8, 39, 31, 88
8, 200, 31, 69
8, 40, 31, 22
8, 232, 31, 1
8, 237, 31, 10
8, 208, 31, 55
8, 338, 31, 51
8, 86, 31, 54
8, 342, 31, 31
8, 376, 31, 73
8, 185, 31, 98
8, 384, 32, 41
8, 255, 32, 52
8, 376, 32, 73
8, 261, 32, 62
8, 293, 32, 16
8, 231, 32, 60
8, 134, 32, 72
8, 262, 32, 44
8, 10, 32, 37
8, 207, 32, 2
8, 81, 32, 32
8, 22, 32, 91
8, 215, 32, 81
8, 216, 32, 79
8, 91, 32, 85
8, 253, 32, 45
8, 254, 32, 49
8, 31, 32, 1
8, 387, 33, 56
8, 135, 33, 26
8, 264, 33, 19
8, 396, 33, 8
8, 270, 33, 62
8, 143, 33, 67
8, 150, 33, 18
8, 157, 33, 55
8, 34, 33, 59
8, 166, 33, 60
8, 184, 33, 74
8, 315, 33, 8
8, 318, 33, 63
8, 66, 33, 37
8, 323, 33, 53
8, 333, 33, 9
8, 220, 33, 45
8, 368, 33, 79
8, 382, 33, 27
8, 320, 34, 93
8, 163, 34, 12
8, 197, 34, 88
8, 7, 34, 70
8, 116, 34, 94
8, 64, 35, 79
8, 289, 35, 58
8, 321, 35, 31
8, 35, 35, 18
8, 326, 35, 43
8, 135, 35, 26
8, 43, 35, 48
8, 206, 35, 90
8, 142, 35, 58
8, 367, 35, 59
8, 271, 35, 96
8, 366, 35, 92
8, 278, 35, 62
8, 118, 35, 26
8, 89, 35, 23
8, 221, 35, 39
8, 222, 35, 28
8, 384, 36, 41
8, 289, 36, 58
8, 320, 36, 93
8, 388, 36, 33
8, 229, 36, 96
8, 170, 36, 55
8, 394, 36, 12
8, 174, 36, 89
8, 111, 36, 100
8, 278, 36, 62
8, 86, 36, 54
8, 56, 36, 15
8, 246, 36, 31
8, 125, 36, 79
8, 254, 36, 49
8, 127, 36, 33
8, 388, 37, 33
8, 392, 37, 7
8, 393, 37, 55
8, 269, 37, 62
8, 399, 37, 82
8, 275, 37, 70
8, 28, 37, 63
8, 35, 37, 18
8, 62, 37, 65
8, 196, 37, 88
8, 80, 37, 87
8, 212, 37, 9
8, 220, 37, 45
8, 351, 37, 93
8, 96, 37, 85
8, 236, 37, 68
8, 114, 37, 59
8, 116, 37, 94
8, 252, 37, 43
8, 65, 38, 72
8, 132, 38, 34
8, 228, 38, 3
8, 70, 38, 24
8, 235, 38, 58
8, 396, 38, 8
8, 247, 38, 94
8, 126, 38, 51
8, 103, 39, 63
8, 136, 39, 19
8, 204, 39, 57
8, 47, 39, 80
8, 272, 39, 40
8, 49, 39, 44
8, 209, 39, 38
8, 185, 39, 98
8, 285, 39, 83
8, 352, 40, 16
8, 385, 40, 61
8, 201, 40, 12
8, 172, 40, 5
8, 237, 40, 10
8, 398, 40, 49
8, 336, 40, 96
8, 369, 40, 41
8, 119, 40, 12
8, 346, 40, 67
8, 357, 41, 75
8, 232, 41, 1
8, 74, 41, 27
8, 43, 41, 48
8, 397, 41, 50
8, 348, 41, 88
8, 323, 42, 53
8, 357, 42, 75
8, 359, 42, 97
8, 72, 42, 88
8, 10, 42, 37
8, 363, 42, 94
8, 178, 42, 20
8, 371, 42, 29
8, 276, 42, 69
8, 51, 42, 28
8, 246, 42, 31
8, 280, 42, 13
8, 249, 42, 70
8, 187, 42, 3
8, 316, 42, 12
8, 29, 42, 86
8, 222, 42, 28
8, 353, 43, 44
8, 329, 43, 100
8, 300, 43, 89
8, 334, 43, 87
8, 175, 43, 35
8, 240, 43, 16
8, 114, 43, 59
8, 212, 43, 9
8, 183, 43, 82
8, 221, 43, 39
8, 151, 43, 68
8, 157, 43, 55
8, 24, 43, 74
8, 194, 44, 89
8, 227, 44, 63
8, 390, 44, 58
8, 72, 44, 88
8, 298, 44, 76
8, 235, 44, 58
8, 238, 44, 39
8, 240, 44, 16
8, 178, 44, 20
8, 243, 44, 96
8, 214, 44, 12
8, 24, 44, 74
8, 378, 44, 1
8, 157, 44, 55
8, 223, 44, 19
8, 32, 45, 39
8, 1, 45, 79
8, 4, 45, 31
8, 205, 45, 3
8, 81, 45, 32
8, 371, 45, 29
8, 20, 45, 80
8, 377, 45, 90
8, 259, 46, 80
8, 232, 46, 1
8, 173, 46, 54
8, 111, 46, 100
8, 274, 46, 3
8, 281, 46, 20
8, 290, 47, 52
8, 323, 47, 53
8, 196, 47, 88
8, 274, 47, 3
8, 210, 47, 80
8, 214, 47, 12
8, 228, 48, 3
8, 5, 48, 15
8, 297, 48, 93
8, 330, 48, 54
8, 170, 48, 55
8, 397, 48, 50
8, 399, 48, 82
8, 88, 48, 58
8, 58, 48, 31
8, 61, 48, 61
8, 64, 49, 79
8, 66, 49, 37
8, 391, 49, 88
8, 168, 49, 1
8, 8, 49, 1
8, 73, 49, 19
8, 398, 49, 49
8, 175, 49, 35
8, 272, 49, 40
8, 80, 49, 87
8, 146, 49, 39
8, 119, 49, 12
8, 88, 49, 58
8, 121, 49, 61
8, 379, 49, 78
8, 29, 49, 86
8, 0, 50, 62
8, 202, 50, 84
8, 16, 50, 69
8, 190, 50, 45
8, 318, 50, 63
8, 32, 51, 39
8, 319, 51, 34
8, 329, 51, 100
8, 74, 51, 27
8, 43, 51, 48
8, 236, 51, 68
8, 205, 51, 3
8, 276, 51, 69
8, 149, 51, 21
8, 154, 51, 91
8, 156, 51, 21
8, 29, 51, 86
8, 191, 51, 87
8, 257, 52, 32
8, 291, 52, 16
8, 137, 52, 23
8, 171, 52, 70
8, 76, 52, 94
8, 205, 52, 3
8, 396, 52, 8
8, 365, 52, 87
8, 81, 52, 32
8, 247, 52, 94
8, 160, 53, 82
8, 385, 53, 61
8, 71, 53, 13
8, 73, 53, 19
8, 205, 53, 3
8, 399, 53, 82
8, 306, 53, 89
8, 53, 53, 59
8, 284, 53, 63
8, 102, 54, 71
8, 359, 54, 97
8, 295, 54, 55
8, 73, 54, 19
8, 11, 54, 53
8, 173, 54, 54
8, 238, 54, 39
8, 370, 54, 88
8, 375, 54, 19
8, 279, 54, 25
8, 253, 54, 45
8, 7, 55, 70
8, 361, 55, 17
8, 398, 55, 49
8, 176, 55, 67
8, 282, 55, 21
8, 284, 55, 63
8, 253, 55, 45
8, 128, 56, 90
8, 132, 56, 34
8, 4, 56, 31
8, 390, 56, 58
8, 15, 56, 97
8, 148, 56, 12
8, 283, 56, 100
8, 288, 56, 44
8, 53, 56, 59
8, 182, 56, 68
8, 320, 56, 93
8, 325, 56, 75
8, 331, 56, 78
8, 205, 56, 3
8, 81, 56, 32
8, 85, 56, 55
8, 86, 56, 54
8, 94, 56, 17
8, 359, 56, 97
8, 161, 57, 84
8, 195, 57, 58
8, 209, 57, 38
8, 51, 57, 28
8, 149, 57, 21
8, 277, 57, 72
8, 119, 57, 12
8, 378, 57, 1
8, 383, 57, 68
8, 256, 58, 75
8, 353, 58, 44
8, 34, 58, 59
8, 70, 58, 24
8, 71, 58, 13
8, 154, 58, 91
8, 170, 58, 55
8, 364, 58, 69
8, 269, 58, 62
8, 270, 58, 62
8, 303, 58, 78
8, 115, 58, 53
8, 341, 58, 32
8, 314, 58, 69
8, 381, 58, 52
8, 318, 58, 63
8, 36, 59, 63
8, 133, 59, 59
8, 139, 59, 7
8, 346, 59, 67
8, 334, 59, 87
8, 111, 59, 100
8, 272, 59, 40
8, 186, 59, 49
8, 124, 59, 37
8, 192, 60, 41
8, 37, 60, 39
8, 70, 60, 24
8, 339, 60, 61
8, 374, 60, 3
8, 191, 60, 87
8, 259, 61, 80
8, 262, 61, 44
8, 264, 61, 19
8, 142, 61, 58
8, 156, 61, 21
8, 58, 61, 31
8, 66, 61, 37
8, 326, 61, 43
8, 208, 61, 55
8, 81, 61, 32
8, 83, 61, 68
8, 90, 61, 8
8, 351, 61, 93
8, 97, 61, 49
8, 227, 61, 63
8, 103, 61, 63
8, 236, 61, 68
8, 110, 61, 29
8, 116, 61, 94
8, 377, 61, 90
8, 397, 62, 50
8, 142, 62, 58
8, 143, 62, 67
8, 279, 62, 25
8, 153, 62, 40
8, 169, 62, 8
8, 45, 62, 98
8, 177, 62, 91
8, 203, 62, 11
8, 205, 62, 3
8, 206, 62, 90
8, 207, 62, 2
8, 210, 62, 80
8, 85, 62, 55
8, 94, 62, 17
8, 351, 62, 93
8, 238, 62, 39
8, 124, 62, 37
8, 125, 62, 79
8, 32, 63, 39
8, 225, 63, 18
8, 101, 63, 74
8, 169, 63, 8
8, 204, 63, 57
8, 77, 63, 22
8, 378, 63, 1
8, 303, 63, 78
8, 368, 63, 79
8, 177, 63, 91
8, 179, 63, 44
8, 53, 63, 59
8, 309, 63, 53
8, 58, 63, 31
8, 380, 63, 67
8, 132, 64, 34
8, 235, 64, 58
8, 54, 64, 31
8, 280, 64, 13
8, 25, 64, 40
8, 192, 65, 41
8, 8, 65, 1
8, 304, 65, 12
8, 241, 65, 34
8, 146, 65, 39
8, 218, 65, 58
8, 156, 65, 21
8, 222, 65, 28
8, 321, 66, 31
8, 294, 66, 4
8, 327, 66, 18
8, 237, 66, 10
8, 270, 66, 62
8, 271, 66, 96
8, 368, 66, 79
8, 147, 66, 71
8, 182, 66, 68
8, 56, 66, 15
8, 58, 66, 31
8, 128, 67, 90
8, 129, 67, 88
8, 98, 67, 92
8, 387, 67, 56
8, 324, 67, 44
8, 133, 67, 59
8, 6, 67, 33
8, 172, 67, 5
8, 79, 67, 6
8, 274, 67, 3
8, 189, 67, 32
8, 254, 67, 49
8, 247, 67, 94
8, 90, 67, 8
8, 311, 67, 61
8, 318, 67, 63
8, 1, 68, 79
8, 196, 68, 88
8, 325, 68, 75
8, 168, 68, 1
8, 136, 68, 19
8, 202, 68, 84
8, 15, 68, 97
8, 181, 68, 14
8, 309, 68, 53
8, 189, 68, 32
8, 193, 69, 27
8, 66, 69, 37
8, 194, 69, 89
8, 292, 69, 4
8, 133, 69, 59
8, 71, 69, 13
8, 203, 69, 11
8, 363, 69, 94
8, 175, 69, 35
8, 208, 69, 55
8, 210, 69, 80
8, 220, 69, 45
8, 180, 69, 37
8, 183, 69, 82
8, 376, 69, 73
8, 121, 69, 61
8, 279, 69, 25
8, 94, 69, 17
8, 32, 70, 39
8, 228, 70, 3
8, 356, 70, 40
8, 264, 70, 19
8, 234, 70, 23
8, 299, 70, 28
8, 270, 70, 62
8, 207, 70, 2
8, 16, 70, 69
8, 177, 70, 91
8, 179, 70, 44
8, 340, 70, 75
8, 56, 70, 15
8, 121, 70, 61
8, 155, 70, 3
8, 0, 71, 62
8, 259, 71, 80
8, 196, 71, 88
8, 324, 71, 44
8, 326, 71, 43
8, 8, 71, 1
8, 104, 71, 72
8, 300, 71, 89
8, 396, 71, 8
8, 114, 71, 59
8, 117, 71, 40
8, 343, 71, 25
8, 218, 71, 58
8, 157, 71, 55
8, 30, 71, 77
8, 385, 72, 61
8, 100, 72, 58
8, 266, 72, 52
8, 271, 72, 96
8, 189, 72, 32
8, 387, 73, 56
8, 390, 73, 58
8, 42, 73, 71
8, 106, 73, 58
8, 156, 73, 21
8, 84, 73, 80
8, 21, 73, 95
8, 86, 73, 54
8, 247, 73, 94
8, 221, 73, 39
8, 218, 73, 58
8, 380, 73, 67
8, 381, 73, 52
8, 353, 74, 44
8, 193, 74, 27
8, 101, 74, 74
8, 230, 74, 32
8, 392, 74, 7
8, 270, 74, 62
8, 145, 74, 84
8, 178, 74, 20
8, 117, 74, 40
8, 279, 74, 25
8, 283, 74, 100
8, 343, 74, 25
8, 31, 74, 1
8, 385, 75, 61
8, 386, 75, 49
8, 3, 75, 73
8, 389, 75, 43
8, 15, 75, 97
8, 165, 75, 89
8, 166, 75, 60
8, 298, 75, 76
8, 184, 75, 74
8, 193, 75, 27
8, 201, 75, 12
8, 76, 75, 94
8, 336, 75, 96
8, 340, 75, 75
8, 346, 75, 67
8, 222, 75, 28
8, 225, 75, 18
8, 231, 75, 60
8, 366, 75, 92
8, 112, 75, 8
8, 384, 76, 41
8, 288, 76, 44
8, 35, 76, 18
8, 196, 76, 88
8, 100, 76, 58
8, 330, 76, 54
8, 267, 76, 7
8, 139, 76, 7
8, 269, 76, 62
8, 367, 76, 59
8, 176, 76, 67
8, 175, 76, 35
8, 368, 76, 79
8, 275, 76, 70
8, 117, 76, 40
8, 375, 76, 19
8, 379, 76, 78
8, 285, 76, 83
8, 352, 77, 16
8, 290, 77, 52
8, 355, 77, 1
8, 357, 77, 75
8, 136, 77, 19
8, 204, 77, 57
8, 76, 77, 94
8, 79, 77, 6
8, 48, 77, 94
8, 337, 77, 84
8, 208, 77, 55
8, 147, 77, 71
8, 152, 77, 28
8, 314, 77, 69
8, 93, 77, 23
8, 318, 77, 63
8, 257, 78, 32
8, 65, 78, 72
8, 387, 78, 56
8, 36, 78, 63
8, 267, 78, 7
8, 175, 78, 35
8, 276, 78, 69
8, 341, 78, 32
8, 160, 79, 82
8, 290, 79, 52
8, 228, 79, 3
8, 389, 79, 43
8, 102, 79, 71
8, 295, 79, 55
8, 388, 79, 33
8, 361, 79, 17
8, 74, 79, 27
8, 142, 79, 58
8, 47, 79, 80
8, 211, 79, 1
8, 372, 79, 67
8, 254, 79, 49
8, 216, 79, 79
8, 250, 79, 88
8, 30, 79, 77
8, 38, 80, 46
8, 40, 80, 22
8, 15, 80, 97
8, 20, 80, 80
8, 254, 80, 49
8, 343, 80, 25
8, 285, 80, 83
8, 286, 80, 26
8, 225, 81, 18
8, 290, 81, 52
8, 396, 81, 8
8, 63, 81, 58
8, 253, 81, 45
8, 221, 81, 39
8, 319, 81, 34
8, 128, 82, 90
8, 0, 82, 62
8, 260, 82, 78
8, 394, 82, 12
8, 139, 82, 7
8, 153, 82, 40
8, 160, 82, 82
8, 165, 82, 89
8, 178, 82, 20
8, 65, 82, 72
8, 330, 82, 54
8, 332, 82, 75
8, 333, 82, 9
8, 78, 82, 42
8, 218, 82, 58
8, 352, 82, 16
8, 353, 82, 44
8, 238, 82, 39
8, 125, 82, 79
8, 126, 82, 51
8, 73, 83, 19
8, 142, 83, 58
8, 60, 83, 22
8, 80, 83, 87
8, 82, 83, 92
8, 115, 83, 53
8, 307, 83, 53
8, 55, 83, 42
8, 27, 83, 100
8, 156, 83, 21
8, 157, 83, 55
8, 191, 83, 87
8, 288, 84, 44
8, 133, 84, 59
8, 358, 84, 9
8, 297, 84, 93
8, 202, 84, 84
8, 92, 84, 16
8, 260, 85, 78
8, 135, 85, 26
8, 276, 85, 69
8, 24, 85, 74
8, 284, 85, 63
8, 33, 85, 16
8, 295, 85, 55
8, 308, 85, 51
8, 309, 85, 53
8, 183, 85, 82
8, 65, 85, 72
8, 72, 85, 88
8, 93, 85, 23
8, 227, 85, 63
8, 358, 85, 9
8, 232, 85, 1
8, 362, 85, 78
8, 366, 85, 92
8, 111, 85, 100
8, 243, 85, 96
8, 386, 86, 49
8, 163, 86, 12
8, 337, 86, 84
8, 83, 86, 68
8, 120, 86, 68
8, 250, 86, 88
8, 380, 86, 67
8, 94, 86, 17
8, 161, 87, 84
8, 162, 87, 4
8, 227, 87, 63
8, 324, 87, 44
8, 170, 87, 55
8, 139, 87, 7
8, 86, 87, 54
8, 278, 87, 62
8, 376, 87, 73
8, 122, 87, 37
8, 279, 87, 25
8, 195, 88, 58
8, 3, 88, 73
8, 140, 88, 7
8, 300, 88, 89
8, 78, 88, 42
8, 206, 88, 90
8, 147, 88, 71
8, 183, 88, 82
8, 159, 88, 42
8, 16, 89, 69
8, 17, 89, 86
8, 291, 89, 16
8, 47, 89, 80
8, 304, 89, 12
8, 305, 89, 83
8, 182, 89, 68
8, 183, 89, 82
8, 312, 89, 47
8, 315, 89, 8
8, 69, 89, 13
8, 329, 89, 100
8, 341, 89, 32
8, 231, 89, 60
8, 109, 89, 31
8, 251, 89, 92
8, 112, 89, 8
8, 240, 89, 16
8, 376, 89, 73
8, 123, 89, 86
8, 161, 90, 84
8, 129, 90, 88
8, 35, 90, 18
8, 326, 90, 43
8, 11, 90, 53
8, 299, 90, 28
8, 237, 90, 10
8, 31, 90, 1
8, 13, 90, 63
8, 156, 90, 21
8, 275, 90, 70
8, 214, 90, 12
8, 249, 90, 70
8, 252, 90, 43
8, 191, 90, 87
8, 290, 91, 52
8, 9, 91, 36
8, 13, 91, 63
8, 112, 91, 8
8, 50, 91, 68
8, 246, 91, 31
8, 375, 91, 19
8, 278, 91, 62
8, 288, 92, 44
8, 96, 92, 85
8, 34, 92, 59
8, 68, 92, 28
8, 230, 92, 32
8, 198, 92, 90
8, 268, 92, 9
8, 367, 92, 59
8, 369, 92, 41
8, 178, 92, 20
8, 115, 92, 53
8, 212, 92, 9
8, 17, 92, 86
8, 214, 92, 12
8, 123, 92, 86
8, 124, 92, 37
8, 62, 92, 65
8, 287, 92, 50
8, 159, 93, 42
8, 65, 93, 72
8, 194, 93, 89
8, 320, 93, 93
8, 389, 93, 43
8, 6, 93, 33
8, 42, 93, 71
8, 303, 93, 78
8, 47, 93, 80
8, 50, 93, 68
8, 216, 93, 79
8, 346, 93, 67
8, 347, 93, 51
8, 318, 93, 63
8, 95, 93, 55
8, 32, 94, 39
8, 319, 94, 34
8, 329, 94, 100
8, 176, 94, 67
8, 179, 94, 44
8, 341, 94, 32
8, 277, 94, 72
8, 220, 94, 45
8, 221, 94, 39
8, 191, 94, 87
8, 96, 95, 85
8, 331, 95, 78
8, 236, 95, 68
8, 24, 95, 74
8, 222, 95, 28
8, 385, 96, 61
8, 257, 96, 32
8, 392, 96, 7
8, 265, 96, 91
8, 139, 96, 7
8, 272, 96, 40
8, 26, 96, 59
8, 32, 96, 39
8, 165, 96, 89
8, 307, 96, 53
8, 313, 96, 52
8, 190, 96, 45
8, 319, 96, 34
8, 199, 96, 86
8, 331, 96, 78
8, 332, 96, 75
8, 87, 96, 95
8, 358, 96, 9
8, 107, 96, 53
8, 253, 96, 45
8, 132, 97, 34
8, 235, 97, 58
8, 236, 97, 68
8, 241, 97, 34
8, 344, 97, 59
8, 378, 97, 1
8, 187, 97, 3
8, 28, 97, 63
8, 93, 97, 23
8, 34, 98, 59
8, 295, 98, 55
8, 392, 98, 7
8, 238, 98, 39
8, 177, 98, 91
8, 215, 98, 81
8, 26, 98, 59
8, 219, 98, 72
8, 129, 99, 88
8, 134, 99, 72
8, 136, 99, 19
8, 24, 99, 74
8, 159, 99, 42
8, 37, 99, 39
8, 166, 99, 60
8, 300, 99, 89
8, 311, 99, 61
8, 185, 99, 98
8, 59, 99, 31
8, 65, 99, 72
8, 68, 99, 28
8, 71, 99, 13
8, 329, 99, 100
8, 85, 99, 55
8, 90, 99, 8
8, 380, 99, 67
8, 126, 99, 51
8, 292, 100, 4
8, 135, 100, 26
8, 265, 100, 91
8, 74, 100, 27
8, 41, 100, 1
8, 140, 100, 7
8, 106, 100, 58
8, 301, 100, 89
8, 347, 100, 51
8, 310, 100, 60
8, 342, 100, 31
8, 91, 100, 85
8, 189, 100, 32
8, 162, 101, 4
8, 357, 101, 75
8, 101, 101, 74
8, 393, 101, 55
8, 363, 101, 94
8, 259, 102, 80
8, 99, 102, 67
8, 264, 102, 19
8, 394, 102, 12
8, 240, 102, 16
8, 49, 102, 44
8, 59, 102, 31
8, 223, 102, 19
8, 352, 103, 16
8, 324, 103, 44
8, 11, 103, 53
8, 236, 103, 68
8, 76, 103, 94
8, 155, 103, 3
8, 258, 104, 5
8, 38, 104, 46
8, 393, 104, 55
8, 365, 104, 87
8, 237, 104, 10
8, 111, 104, 100
8, 368, 104, 79
8, 13, 104, 63
8, 146, 104, 39
8, 301, 104, 89
8, 342, 104, 31
8, 246, 104, 31
8, 87, 104, 95
8, 57, 104, 92
8, 1, 105, 79
8, 2, 105, 96
8, 225, 105, 18
8, 261, 105, 62
8, 359, 105, 97
8, 205, 105, 3
8, 334, 105, 87
8, 303, 105, 78
8, 16, 105, 69
8, 369, 105, 41
8, 368, 105, 79
8, 209, 105, 38
8, 17, 105, 86
8, 80, 105, 87
8, 90, 105, 8
8, 62, 105, 65
8, 166, 106, 60
8, 136, 106, 19
8, 137, 106, 23
8, 109, 106, 31
8, 14, 106, 21
8, 13, 106, 63
8, 177, 106, 91
8, 181, 106, 14
8, 250, 106, 88
8, 194, 107, 89
8, 67, 107, 89
8, 227, 107, 63
8, 230, 107, 32
8, 326, 107, 43
8, 203, 107, 11
8, 236, 107, 68
8, 237, 107, 10
8, 270, 107, 62
8, 240, 107, 16
8, 272, 107, 40
8, 210, 107, 80
8, 339, 107, 61
8, 343, 107, 25
8, 186, 107, 49
8, 92, 107, 16
8, 319, 107, 34
8, 136, 108, 19
8, 73, 108, 19
8, 138, 108, 41
8, 11, 108, 53
8, 45, 108, 98
8, 368, 108, 79
8, 29, 108, 86
8, 118, 108, 26
8, 55, 108, 42
8, 151, 108, 68
8, 28, 108, 63
8, 189, 108, 32
8, 384, 109, 41
8, 8, 109, 1
8, 11, 109, 53
8, 277, 109, 72
8, 279, 109, 25
8, 288, 109, 44
8, 34, 109, 59
8, 45, 109, 98
8, 204, 109, 57
8, 339, 109, 61
8, 88, 109, 58
8, 93, 109, 23
8, 222, 109, 28
8, 237, 109, 10
8, 241, 109, 34
8, 369, 109, 41
8, 370, 109, 88
8, 373, 109, 66
8, 122, 109, 37
8, 280, 110, 13
8, 2, 110, 96
8, 35, 110, 18
8, 165, 110, 89
8, 5, 110, 15
8, 28, 110, 63
8, 14, 110, 21
8, 243, 110, 96
8, 23, 110, 47
8, 309, 110, 53
8, 182, 110, 68
8, 342, 110, 31
8, 248, 110, 63
8, 89, 110, 23
8, 53, 110, 59
8, 85, 110, 55
8, 348, 110, 88
8, 223, 110, 19
8, 321, 111, 31
8, 68, 111, 28
8, 196, 111, 88
8, 38, 111, 46
8, 39, 111, 88
8, 365, 111, 87
8, 14, 111, 21
8, 335, 111, 54
8, 369, 111, 41
8, 146, 111, 39
8, 113, 111, 60
8, 371, 111, 29
8, 152, 111, 28
8, 283, 111, 100
8, 94, 111, 17
8, 95, 111, 55
8, 195, 112, 58
8, 233, 112, 57
8, 234, 112, 23
8, 175, 112, 35
8, 16, 112, 69
8, 20, 112, 80
8, 35, 113, 18
8, 355, 113, 1
8, 326, 113, 43
8, 170, 113, 55
8, 59, 113, 31
8, 188, 113, 7
8, 126, 113, 51
8, 162, 114, 4
8, 361, 114, 17
8, 81, 114, 32
8, 52, 114, 48
8, 249, 114, 70
8, 125, 114, 79
8, 65, 115, 72
8, 3, 115, 73
8, 359, 115, 97
8, 297, 115, 93
8, 141, 115, 93
8, 142, 115, 58
8, 47, 115, 80
8, 144, 115, 23
8, 272, 115, 40
8, 115, 115, 53
8, 311, 115, 61
8, 253, 115, 45
8, 126, 115, 51
8, 42, 116, 71
8, 14, 116, 21
8, 399, 116, 82
8, 17, 116, 86
8, 82, 116, 92
8, 275, 116, 70
8, 0, 117, 62
8, 223, 117, 19
8, 98, 117, 92
8, 69, 117, 13
8, 134, 117, 72
8, 166, 117, 60
8, 108, 117, 54
8, 31, 117, 1
8, 209, 117, 38
8, 117, 117, 40
8, 86, 117, 54
8, 343, 117, 25
8, 214, 117, 12
8, 345, 117, 23
8, 26, 117, 59
8, 348, 117, 88
8, 30, 117, 77
8, 159, 117, 42
8, 128, 118, 90
8, 195, 118, 58
8, 260, 118, 78
8, 357, 118, 75
8, 324, 118, 44
8, 4, 118, 31
8, 41, 118, 1
8, 59, 118, 31
8, 301, 118, 89
8, 237, 118, 10
8, 82, 118, 92
8, 372, 118, 67
8, 22, 118, 91
8, 55, 118, 42
8, 283, 118, 100
8, 156, 118, 21
8, 157, 118, 55
8, 158, 118, 54
8, 259, 119, 80
8, 135, 119, 26
8, 266, 119, 52
8, 268, 119, 9
8, 140, 119, 7
8, 144, 119, 23
8, 23, 119, 47
8, 294, 119, 4
8, 167, 119, 32
8, 168, 119, 1
8, 303, 119, 78
8, 307, 119, 53
8, 195, 119, 58
8, 324, 119, 44
8, 70, 119, 24
8, 202, 119, 84
8, 90, 119, 8
8, 357, 119, 75
8, 119, 119, 12
8, 124, 119, 37
8, 264, 120, 19
8, 148, 120, 12
8, 280, 120, 13
8, 290, 120, 52
8, 163, 120, 12
8, 167, 120, 32
8, 43, 120, 48
8, 300, 120, 89
8, 171, 120, 70
8, 57, 120, 92
8, 191, 120, 87
8, 324, 120, 44
8, 202, 120, 84
8, 79, 120, 6
8, 343, 120, 25
8, 233, 120, 57
8, 111, 120, 100
8, 241, 120, 34
8, 127, 120, 33
8, 383, 120, 68
8, 160, 121, 82
8, 229, 121, 96
8, 358, 121, 9
8, 331, 121, 78
8, 237, 121, 10
8, 270, 121, 62
8, 81, 121, 32
8, 177, 121, 91
8, 209, 121, 38
8, 352, 122, 16
8, 129, 122, 88
8, 385, 122, 61
8, 323, 122, 53
8, 266, 122, 52
8, 273, 122, 12
8, 373, 122, 66
8, 374, 122, 3
8, 277, 122, 72
8, 218, 122, 58
8, 126, 122, 51
8, 255, 122, 52
8, 265, 123, 91
8, 270, 123, 62
8, 18, 123, 79
8, 163, 123, 12
8, 40, 123, 22
8, 178, 123, 20
8, 309, 123, 53
8, 55, 123, 42
8, 183, 123, 82
8, 58, 123, 31
8, 316, 123, 12
8, 325, 123, 75
8, 77, 123, 22
8, 87, 123, 95
8, 218, 123, 58
8, 103, 123, 63
8, 365, 123, 87
8, 110, 123, 29
8, 112, 123, 8
8, 377, 123, 90
8, 356, 124, 40
8, 102, 124, 71
8, 137, 124, 23
8, 73, 124, 19
8, 204, 124, 57
8, 77, 124, 22
8, 333, 124, 9
8, 304, 124, 12
8, 60, 124, 22
8, 224, 125, 16
8, 226, 125, 87
8, 132, 125, 34
8, 58, 125, 31
8, 8, 125, 1
8, 113, 125, 60
8, 210, 125, 80
8, 305, 125, 83
8, 84, 125, 80
8, 246, 125, 31
8, 24, 125, 74
8, 313, 125, 52
8, 122, 125, 37
8, 381, 125, 52
8, 357, 126, 75
8, 134, 126, 72
8, 138, 126, 41
8, 349, 126, 73
8, 61, 126, 61
8, 354, 127, 3
8, 259, 127, 80
8, 34, 127, 59
8, 306, 127, 89
8, 345, 127, 23
8, 27, 127, 100
8, 388, 128, 33
8, 390, 128, 58
8, 9, 128, 36
8, 11, 128, 53
8, 397, 128, 50
8, 24, 128, 74
8, 288, 128, 44
8, 36, 128, 63
8, 38, 128, 46
8, 186, 128, 49
8, 61, 128, 61
8, 65, 128, 72
8, 347, 128, 51
8, 93, 128, 23
8, 349, 128, 73
8, 103, 128, 63
8, 362, 128, 78
8, 364, 128, 69
8, 242, 128, 41
8, 253, 128, 45
8, 130, 129, 38
8, 38, 129, 46
8, 166, 129, 60
8, 298, 129, 76
8, 11, 129, 53
8, 269, 129, 62
8, 373, 129, 66
8, 181, 129, 14
8, 149, 129, 21
8, 86, 129, 54
8, 277, 129, 72
8, 218, 129, 58
8, 27, 129, 100
8, 125, 129, 79
8, 343, 129, 25
8, 255, 129, 52
8, 2, 130, 96
8, 226, 130, 87
8, 227, 130, 63
8, 323, 130, 53
8, 389, 130, 43
8, 359, 130, 97
8, 295, 130, 55
8, 39, 130, 88
8, 5, 130, 15
8, 301, 130, 89
8, 272, 130, 40
8, 213, 130, 24
8, 247, 130, 94
8, 217, 130, 93
8, 158, 130, 54
8, 31, 130, 1
8, 385, 131, 61
8, 390, 131, 58
8, 140, 131, 7
8, 398, 131, 49
8, 272, 131, 40
8, 27, 131, 100
8, 158, 131, 54
8, 33, 131, 16
8, 164, 131, 4
8, 167, 131, 32
8, 179, 131, 44
8, 307, 131, 53
8, 311, 131, 61
8, 314, 131, 69
8, 196, 131, 88
8, 74, 131, 27
8, 209, 131, 38
8, 247, 131, 94
8, 375, 131, 19
8, 252, 131, 43
8, 256, 132, 75
8, 354, 132, 3
8, 131, 132, 69
8, 227, 132, 63
8, 358, 132, 9
8, 393, 132, 55
8, 106, 132, 58
8, 75, 132, 90
8, 265, 132, 91
8, 304, 132, 12
8, 208, 132, 55
8, 272, 132, 40
8, 309, 132, 53
8, 124, 132, 37
8, 125, 132, 79
8, 225, 133, 18
8, 322, 133, 79
8, 223, 133, 19
8, 164, 133, 4
8, 389, 133, 43
8, 234, 133, 23
8, 140, 133, 7
8, 333, 133, 9
8, 28, 133, 63
8, 206, 133, 90
8, 176, 133, 67
8, 49, 133, 44
8, 372, 133, 67
8, 53, 133, 59
8, 148, 133, 12
8, 188, 133, 7
8, 127, 133, 33
8, 3, 134, 73
8, 195, 134, 58
8, 391, 134, 88
8, 232, 134, 1
8, 298, 134, 76
8, 205, 134, 3
8, 238, 134, 39
8, 47, 134, 80
8, 144, 134, 23
8, 270, 134, 62
8, 142, 134, 58
8, 371, 134, 29
8, 189, 134, 32
8, 16, 134, 69
8, 212, 134, 9
8, 247, 134, 94
8, 249, 134, 70
8, 29, 134, 86
8, 96, 135, 85
8, 33, 135, 16
8, 194, 135, 89
8, 97, 135, 49
8, 129, 135, 88
8, 167, 135, 32
8, 327, 135, 18
8, 108, 135, 54
8, 47, 135, 80
8, 335, 135, 54
8, 239, 135, 82
8, 111, 135, 100
8, 115, 135, 53
8, 341, 135, 32
8, 53, 135, 59
8, 315, 135, 8
8, 319, 135, 34
8, 160, 136, 82
8, 193, 136, 27
8, 231, 136, 60
8, 202, 136, 84
8, 237, 136, 10
8, 399, 136, 82
8, 48, 136, 94
8, 113, 136, 60
8, 112, 136, 8
8, 82, 136, 92
8, 311, 136, 61
8, 250, 136, 88
8, 4, 137, 31
8, 274, 137, 3
8, 147, 137, 71
8, 20, 137, 80
8, 27, 137, 100
8, 156, 137, 21
8, 44, 137, 88
8, 55, 137, 42
8, 68, 137, 28
8, 70, 137, 24
8, 326, 137, 43
8, 205, 137, 3
8, 77, 137, 22
8, 210, 137, 80
8, 83, 137, 68
8, 215, 137, 81
8, 219, 137, 72
8, 224, 137, 16
8, 105, 137, 93
8, 250, 137, 88
8, 67, 138, 89
8, 110, 138, 29
8, 176, 138, 67
8, 113, 138, 60
8, 54, 138, 31
8, 25, 138, 40
8, 187, 138, 3
8, 284, 138, 63
8, 126, 138, 51
8, 95, 138, 55
8, 292, 139, 4
8, 293, 139, 16
8, 390, 139, 58
8, 39, 139, 88
8, 139, 139, 7
8, 108, 139, 54
8, 204, 139, 57
8, 271, 139, 96
8, 144, 139, 23
8, 367, 139, 59
8, 335, 139, 54
8, 339, 139, 61
8, 149, 139, 21
8, 86, 139, 54
8, 96, 140, 85
8, 3, 140, 73
8, 195, 140, 58
8, 67, 140, 89
8, 358, 140, 9
8, 231, 140, 60
8, 326, 140, 43
8, 292, 140, 4
8, 42, 140, 71
8, 235, 140, 58
8, 43, 140, 48
8, 301, 140, 89
8, 238, 140, 39
8, 77, 140, 22
8, 141, 140, 93
8, 244, 140, 65
8, 182, 140, 68
8, 153, 140, 40
8, 36, 141, 63
8, 325, 141, 75
8, 122, 141, 37
8, 42, 141, 71
8, 138, 141, 41
8, 372, 141, 67
8, 346, 141, 67
8, 252, 141, 43
8, 157, 141, 55
8, 191, 141, 87
8, 354, 142, 3
8, 266, 142, 52
8, 273, 142, 12
8, 115, 142, 53
8, 116, 142, 94
8, 226, 143, 87
8, 297, 143, 93
8, 42, 143, 71
8, 43, 143, 48
8, 83, 143, 68
8, 341, 143, 32
8, 348, 143, 88
8, 193, 144, 27
8, 104, 144, 72
8, 74, 144, 27
8, 237, 144, 10
8, 115, 144, 53
8, 117, 144, 40
8, 184, 144, 74
8, 261, 145, 62
8, 6, 145, 33
8, 7, 145, 70
8, 104, 145, 72
8, 299, 145, 28
8, 108, 145, 54
8, 148, 145, 12
8, 84, 145, 80
8, 118, 145, 26
8, 310, 145, 60
8, 282, 145, 21
8, 223, 146, 19
8, 133, 146, 59
8, 135, 146, 26
8, 40, 146, 22
8, 201, 146, 12
8, 395, 146, 8
8, 76, 146, 94
8, 269, 146, 62
8, 80, 146, 87
8, 273, 146, 12
8, 308, 146, 51
8, 344, 146, 59
8, 156, 146, 21
8, 351, 146, 93
8, 33, 147, 16
8, 260, 147, 78
8, 398, 147, 49
8, 370, 147, 88
8, 51, 147, 28
8, 254, 147, 49
8, 87, 147, 95
8, 219, 147, 72
8, 29, 147, 86
8, 382, 147, 27
8, 352, 148, 16
8, 160, 148, 82
8, 195, 148, 58
8, 36, 148, 63
8, 165, 148, 89
8, 71, 148, 13
8, 167, 148, 32
8, 394, 148, 12
8, 368, 148, 79
8, 114, 148, 59
8, 277, 148, 72
8, 312, 148, 47
8, 122, 148, 37
8, 223, 148, 19
8, 96, 149, 85
8, 385, 149, 61
8, 100, 149, 58
8, 68, 149, 28
8, 392, 149, 7
8, 74, 149, 27
8, 300, 149, 89
8, 45, 149, 98
8, 397, 149, 50
8, 366, 149, 92
8, 44, 149, 88
8, 17, 149, 86
8, 338, 149, 51
8, 243, 149, 96
8, 179, 149, 44
8, 236, 149, 68
8, 54, 149, 31
8, 312, 149, 47
8, 2, 150, 96
8, 5, 150, 15
8, 138, 150, 41
8, 15, 150, 97
8, 277, 150, 72
8, 289, 150, 58
8, 294, 150, 4
8, 41, 150, 1
8, 177, 150, 91
8, 57, 150, 92
8, 187, 150, 3
8, 188, 150, 7
8, 317, 150, 97
8, 215, 150, 81
8, 346, 150, 67
8, 239, 150, 82
8, 368, 150, 79
8, 117, 150, 40
8, 127, 150, 33
8, 0, 151, 62
8, 65, 151, 72
8, 223, 151, 19
8, 68, 151, 28
8, 38, 151, 46
8, 391, 151, 88
8, 200, 151, 69
8, 103, 151, 63
8, 235, 151, 58
8, 364, 151, 69
8, 306, 151, 89
8, 211, 151, 1
8, 214, 151, 12
8, 342, 151, 31
8, 222, 151, 28
8, 190, 151, 45
8, 159, 151, 42
8, 386, 152, 49
8, 198, 152, 90
8, 233, 152, 57
8, 238, 152, 39
8, 213, 152, 24
8, 346, 152, 67
8, 29, 152, 86
8, 160, 153, 82
8, 226, 153, 87
8, 133, 153, 59
8, 261, 153, 62
8, 361, 153, 17
8, 45, 153, 98
8, 271, 153, 96
8, 378, 153, 1
8, 91, 153, 85
8, 60, 153, 22
8, 93, 153, 23
8, 131, 154, 69
8, 356, 154, 40
8, 325, 154, 75
8, 331, 154, 78
8, 172, 154, 5
8, 365, 154, 87
8, 43, 154, 48
8, 187, 154, 3
8, 338, 154, 51
8, 243, 154, 96
8, 52, 154, 48
8, 149, 154, 21
8, 30, 154, 77
8, 123, 154, 86
8, 157, 154, 55
8, 62, 154, 65
8, 2, 155, 96
8, 265, 155, 91
8, 203, 155, 11
8, 368, 155, 79
8, 311, 155, 61
8, 91, 155, 85
8, 316, 155, 12
8, 160, 156, 82
8, 194, 156, 89
8, 8, 156, 1
8, 236, 156, 68
8, 333, 156, 9
8, 302, 156, 52
8, 343, 156, 25
8, 247, 156, 94
8, 253, 156, 45
8, 222, 156, 28
8, 8, 157, 1
8, 268, 157, 9
8, 13, 157, 63
8, 399, 157, 82
8, 276, 157, 69
8, 24, 157, 74
8, 154, 157, 91
8, 171, 157, 70
8, 46, 157, 12
8, 176, 157, 67
8, 54, 157, 31
8, 70, 157, 24
8, 209, 157, 38
8, 341, 157, 32
8, 85, 157, 55
8, 90, 157, 8
8, 349, 157, 73
8, 102, 157, 71
8, 251, 157, 92
8, 133, 158, 59
8, 264, 158, 19
8, 145, 158, 84
8, 27, 158, 100
8, 283, 158, 100
8, 158, 158, 54
8, 159, 158, 42
8, 160, 158, 82
8, 300, 158, 89
8, 177, 158, 91
8, 188, 158, 7
8, 320, 158, 93
8, 217, 158, 93
8, 348, 158, 88
8, 224, 158, 16
8, 246, 158, 31
8, 247, 158, 94
8, 249, 158, 70
8, 378, 158, 1
8, 123, 158, 86
8, 354, 159, 3
8, 197, 159, 88
8, 265, 159, 91
8, 209, 159, 38
8, 369, 159, 41
8, 339, 159, 61
8, 116, 159, 94
8, 22, 159, 91
8, 151, 159, 68
8, 32, 160, 39
8, 288, 160, 44
8, 34, 160, 59
8, 264, 160, 19
8, 54, 160, 31
8, 38, 161, 46
8, 73, 161, 19
8, 202, 161, 84
8, 270, 161, 62
8, 176, 161, 67
8, 340, 161, 75
8, 55, 161, 42
8, 183, 161, 82
8, 24, 161, 74
8, 57, 161, 92
8, 219, 161, 72
8, 130, 162, 38
8, 37, 162, 39
8, 229, 162, 96
8, 242, 162, 41
8, 212, 162, 9
8, 94, 162, 17
8, 166, 163, 60
8, 39, 163, 88
8, 74, 163, 27
8, 140, 163, 7
8, 396, 163, 8
8, 368, 163, 79
8, 369, 163, 41
8, 307, 163, 53
8, 24, 163, 74
8, 221, 163, 39
8, 31, 163, 1
8, 128, 164, 90
8, 1, 164, 79
8, 323, 164, 53
8, 100, 164, 58
8, 5, 164, 15
8, 165, 164, 89
8, 101, 164, 74
8, 3, 164, 73
8, 200, 164, 69
8, 106, 164, 58
8, 302, 164, 52
8, 51, 164, 28
8, 118, 164, 26
8, 87, 164, 95
8, 27, 164, 100
8, 188, 164, 7
8, 350, 164, 38
8, 354, 165, 3
8, 259, 165, 80
8, 196, 165, 88
8, 37, 165, 39
8, 164, 165, 4
8, 12, 165, 59
8, 333, 165, 9
8, 269, 165, 62
8, 148, 165, 12
8, 87, 165, 95
8, 375, 165, 19
8, 164, 166, 4
8, 6, 166, 33
8, 137, 166, 23
8, 141, 166, 93
8, 22, 166, 91
8, 379, 166, 78
8, 348, 166, 88
8, 393, 167, 55
8, 299, 167, 28
8, 173, 167, 54
8, 174, 167, 89
8, 47, 167, 80
8, 80, 167, 87
8, 115, 167, 53
8, 20, 167, 80
8, 55, 167, 42
8, 86, 167, 54
8, 254, 167, 49
8, 180, 167, 37
8, 57, 167, 92
8, 90, 167, 8
8, 29, 167, 86
8, 94, 167, 17
8, 6, 168, 33
8, 198, 168, 90
8, 70, 168, 24
8, 169, 168, 8
8, 10, 168, 37
8, 306, 168, 89
8, 211, 168, 1
8, 370, 168, 88
8, 220, 168, 45
8, 342, 168, 31
8, 344, 168, 59
8, 60, 168, 22
8, 137, 169, 23
8, 393, 169, 55
8, 141, 169, 93
8, 145, 169, 84
8, 151, 169, 68
8, 287, 169, 50
8, 294, 169, 4
8, 39, 169, 88
8, 40, 169, 22
8, 174, 169, 89
8, 303, 169, 78
8, 328, 169, 62
8, 203, 169, 11
8, 78, 169, 42
8, 209, 169, 38
8, 81, 169, 32
8, 372, 169, 67
8, 117, 169, 40
8, 248, 169, 63
8, 126, 169, 51
8, 257, 170, 32
8, 261, 170, 62
8, 267, 170, 7
8, 11, 170, 53
8, 333, 170, 9
8, 110, 170, 29
8, 17, 170, 86
8, 179, 170, 44
8, 373, 170, 66
8, 312, 170, 47
8, 252, 170, 43
8, 31, 170, 1
8, 100, 171, 58
8, 233, 171, 57
8, 202, 171, 84
8, 271, 171, 96
8, 377, 171, 90
8, 227, 172, 63
8, 204, 172, 57
8, 270, 172, 62
8, 335, 172, 54
8, 241, 172, 34
8, 211, 172, 1
8, 371, 172, 29
8, 151, 172, 68
8, 312, 172, 47
8, 284, 172, 63
8, 285, 172, 83
8, 390, 173, 58
8, 326, 173, 43
8, 391, 173, 88
8, 138, 173, 41
8, 11, 173, 53
8, 364, 173, 69
8, 273, 173, 12
8, 372, 173, 67
8, 53, 173, 59
8, 280, 173, 13
8, 155, 173, 3
8, 284, 173, 63
8, 228, 174, 3
8, 327, 174, 18
8, 110, 174, 29
8, 337, 174, 84
8, 241, 174, 34
8, 53, 174, 59
8, 90, 174, 8
8, 315, 174, 8
8, 352, 175, 16
8, 68, 175, 28
8, 293, 175, 16
8, 356, 175, 40
8, 299, 175, 28
8, 269, 175, 62
8, 307, 175, 53
8, 248, 175, 63
8, 65, 176, 72
8, 164, 176, 4
8, 357, 176, 75
8, 7, 176, 70
8, 73, 176, 19
8, 171, 176, 70
8, 205, 176, 3
8, 366, 176, 92
8, 111, 176, 100
8, 156, 176, 21
8, 19, 176, 12
8, 83, 176, 68
8, 152, 176, 28
8, 217, 176, 93
8, 90, 176, 8
8, 315, 176, 8
8, 60, 176, 22
8, 318, 176, 63
8, 256, 177, 75
8, 323, 177, 53
8, 228, 177, 3
8, 230, 177, 32
8, 295, 177, 55
8, 201, 177, 12
8, 75, 177, 90
8, 237, 177, 10
8, 110, 177, 29
8, 13, 177, 63
8, 336, 177, 96
8, 339, 177, 61
8, 254, 177, 49
8, 57, 177, 92
8, 28, 177, 63
8, 126, 177, 51
8, 383, 177, 68
8, 193, 178, 27
8, 197, 178, 88
8, 199, 178, 86
8, 297, 178, 93
8, 107, 178, 53
8, 269, 178, 62
8, 45, 178, 98
8, 143, 178, 67
8, 251, 178, 92
8, 215, 178, 81
8, 344, 178, 59
8, 313, 178, 52
8, 314, 178, 69
8, 88, 178, 58
8, 10, 179, 37
8, 300, 179, 89
8, 140, 179, 7
8, 305, 179, 83
8, 113, 179, 60
8, 185, 179, 98
8, 350, 179, 38
8, 163, 180, 12
8, 388, 180, 33
8, 296, 180, 46
8, 168, 180, 1
8, 11, 180, 53
8, 301, 180, 89
8, 78, 180, 42
8, 369, 180, 41
8, 178, 180, 20
8, 52, 180, 48
8, 312, 180, 47
8, 155, 180, 3
8, 124, 180, 37
8, 349, 180, 73
8, 30, 180, 77
8, 159, 180, 42
8, 69, 181, 13
8, 145, 181, 84
8, 214, 181, 12
8, 246, 181, 31
8, 28, 181, 63
8, 253, 181, 45
8, 386, 182, 49
8, 5, 182, 15
8, 145, 182, 84
8, 275, 182, 70
8, 154, 182, 91
8, 172, 182, 5
8, 317, 182, 97
8, 322, 182, 79
8, 205, 182, 3
8, 207, 182, 2
8, 338, 182, 51
8, 83, 182, 68
8, 91, 182, 85
8, 224, 182, 16
8, 358, 182, 9
8, 231, 182, 60
8, 109, 182, 31
8, 237, 182, 10
8, 114, 182, 59
8, 118, 182, 26
8, 35, 183, 18
8, 37, 183, 39
8, 271, 183, 96
8, 49, 183, 44
8, 114, 183, 59
8, 115, 183, 53
8, 180, 183, 37
8, 342, 183, 31
8, 247, 183, 94
8, 214, 183, 12
8, 125, 183, 79
8, 158, 183, 54
8, 223, 183, 19
8, 384, 184, 41
8, 256, 184, 75
8, 260, 184, 78
8, 390, 184, 58
8, 140, 184, 7
8, 144, 184, 23
8, 278, 184, 62
8, 279, 184, 25
8, 283, 184, 100
8, 288, 184, 44
8, 37, 184, 39
8, 300, 184, 89
8, 177, 184, 91
8, 315, 184, 8
8, 197, 184, 88
8, 218, 184, 58
8, 92, 184, 16
8, 356, 184, 40
8, 103, 184, 63
8, 377, 184, 90
8, 68, 185, 28
8, 261, 185, 62
8, 391, 185, 88
8, 107, 185, 53
8, 338, 185, 51
8, 307, 185, 53
8, 247, 185, 94
8, 378, 185, 1
8, 27, 185, 100
8, 61, 185, 61
8, 190, 185, 45
8, 96, 186, 85
8, 4, 186, 31
8, 39, 186, 88
8, 41, 186, 1
8, 201, 186, 12
8, 235, 186, 58
8, 107, 186, 53
8, 273, 186, 12
8, 17, 186, 86
8, 213, 186, 24
8, 59, 186, 31
8, 189, 186, 32
8, 354, 187, 3
8, 389, 187, 43
8, 229, 187, 96
8, 165, 187, 89
8, 166, 187, 60
8, 362, 187, 78
8, 397, 187, 50
8, 114, 187, 59
8, 371, 187, 29
8, 30, 187, 77
8, 85, 187, 55
8, 374, 187, 3
8, 343, 187, 25
8, 154, 187, 91
8, 317, 187, 97
8, 318, 187, 63
8, 129, 188, 88
8, 385, 188, 61
8, 387, 188, 56
8, 227, 188, 63
8, 74, 188, 27
8, 267, 188, 7
8, 176, 188, 67
8, 146, 188, 39
8, 306, 188, 89
8, 183, 188, 82
8, 248, 188, 63
8, 283, 188, 100
8, 253, 188, 45
8, 328, 189, 62
8, 236, 189, 68
8, 13, 189, 63
8, 14, 189, 21
8, 207, 189, 2
8, 15, 189, 97
8, 212, 189, 9
8, 121, 189, 61
8, 192, 190, 41
8, 97, 190, 49
8, 388, 190, 33
8, 262, 190, 44
8, 391, 190, 88
8, 38, 190, 46
8, 295, 190, 55
8, 270, 190, 62
8, 208, 190, 55
8, 369, 190, 41
8, 370, 190, 88
8, 146, 190, 39
8, 279, 190, 25
8, 188, 190, 7
8, 191, 190, 87
8, 323, 191, 53
8, 103, 191, 63
8, 267, 191, 7
8, 368, 191, 79
8, 49, 191, 44
8, 87, 191, 95
8, 95, 191, 55
8, 320, 192, 93
8, 261, 192, 62
8, 358, 192, 9
8, 295, 192, 55
8, 351, 192, 93
8, 198, 192, 90
8, 9, 192, 36
8, 11, 192, 53
8, 395, 192, 8
8, 78, 192, 42
8, 174, 192, 89
8, 113, 192, 60
8, 310, 192, 60
8, 375, 192, 19
8, 186, 192, 49
8, 251, 192, 92
8, 286, 192, 26
8, 383, 192, 68
8, 161, 193, 84
8, 382, 193, 27
8, 35, 193, 18
8, 260, 193, 78
8, 327, 193, 18
8, 201, 193, 12
8, 330, 193, 54
8, 266, 193, 52
8, 363, 193, 94
8, 171, 193, 70
8, 241, 193, 34
8, 53, 193, 59
8, 278, 193, 62
8, 310, 193, 60
8, 313, 193, 52
8, 59, 193, 31
8, 188, 193, 7
8, 62, 193, 65
8, 387, 194, 56
8, 17, 194, 86
8, 279, 194, 25
8, 31, 194, 1
8, 160, 194, 82
8, 171, 194, 70
8, 52, 194, 48
8, 55, 194, 42
8, 183, 194, 82
8, 185, 194, 98
8, 314, 194, 69
8, 196, 194, 88
8, 326, 194, 43
8, 201, 194, 12
8, 216, 194, 79
8, 348, 194, 88
8, 356, 194, 40
8, 242, 194, 41
8, 371, 194, 29
8, 120, 194, 68
8, 258, 195, 5
8, 271, 195, 96
8, 112, 195, 8
8, 243, 195, 96
8, 20, 195, 80
8, 375, 195, 19
8, 90, 195, 8
8, 31, 195, 1
8, 191, 195, 87
8, 160, 196, 82
8, 7, 196, 70
8, 79, 196, 6
8, 305, 196, 83
8, 52, 196, 48
8, 152, 196, 28
8, 352, 197, 16
8, 97, 197, 49
8, 2, 197, 96
8, 227, 197, 63
8, 292, 197, 4
8, 34, 197, 59
8, 258, 197, 5
8, 46, 197, 12
8, 302, 197, 52
8, 305, 197, 83
8, 149, 197, 21
8, 56, 197, 15
8, 318, 197, 63
8, 216, 197, 79
8, 291, 198, 16
8, 296, 198, 46
8, 9, 198, 36
8, 393, 198, 55
8, 235, 198, 58
8, 12, 198, 59
8, 138, 198, 41
8, 8, 198, 1
8, 304, 198, 12
8, 177, 198, 91
8, 113, 198, 60
8, 52, 198, 48
8, 180, 198, 37
8, 214, 198, 12
8, 340, 198, 75
8, 312, 198, 47
8, 377, 198, 90
8, 223, 198, 19
8, 129, 199, 88
8, 227, 199, 63
8, 4, 199, 31
8, 164, 199, 4
8, 358, 199, 9
8, 296, 199, 46
8, 314, 199, 69
8, 109, 199, 31
8, 110, 199, 29
8, 48, 199, 94
8, 274, 199, 3
8, 117, 199, 40
8, 54, 199, 31
8, 246, 199, 31
8, 250, 199, 88
8, 283, 199, 100
