200, 400, 20
56, 131, 0, 62
56, 274, 0, 23
56, 376, 0, 40
56, 90, 0, 41
56, 255, 0, 84
56, 162, 1, 52
56, 387, 1, 48
56, 358, 1, 24
56, 167, 1, 72
56, 8, 1, 12
56, 107, 1, 23
56, 334, 1, 8
56, 315, 1, 89
56, 215, 1, 8
56, 251, 1, 63
56, 381, 1, 78
56, 286, 1, 80
56, 225, 2, 62
56, 121, 2, 80
56, 163, 2, 77
56, 11, 2, 63
56, 44, 2, 89
56, 242, 2, 30
56, 51, 2, 13
56, 182, 2, 52
56, 120, 2, 4
56, 185, 2, 40
56, 95, 2, 87
56, 32, 3, 84
56, 34, 3, 57
56, 226, 3, 95
56, 6, 3, 47
56, 295, 3, 87
56, 41, 3, 55
56, 74, 3, 2
56, 297, 3, 80
56, 112, 3, 12
56, 114, 3, 33
56, 146, 3, 9
56, 52, 3, 82
56, 215, 3, 8
56, 348, 3, 26
56, 286, 3, 80
56, 256, 4, 7
56, 13, 4, 85
56, 273, 4, 18
56, 21, 4, 96
56, 24, 4, 12
56, 155, 4, 93
56, 37, 4, 20
56, 51, 4, 13
56, 71, 4, 69
56, 80, 4, 45
56, 337, 4, 28
56, 345, 4, 8
56, 220, 4, 48
56, 225, 4, 62
56, 228, 4, 14
56, 367, 4, 19
56, 244, 4, 40
56, 120, 4, 4
56, 254, 4, 69
56, 3, 5, 23
56, 35, 5, 30
56, 4, 5, 35
56, 7, 5, 50
56, 332, 5, 1
56, 209, 5, 26
56, 273, 5, 18
56, 119, 5, 1
56, 376, 5, 40
56, 157, 5, 82
56, 265, 6, 94
56, 330, 6, 37
56, 172, 6, 3
56, 397, 6, 77
56, 176, 6, 64
56, 23, 6, 26
56, 348, 6, 26
56, 352, 7, 70
56, 353, 7, 6
56, 3, 7, 23
56, 99, 7, 13
56, 199, 7, 40
56, 16, 7, 93
56, 345, 7, 8
56, 64, 8, 57
56, 288, 8, 49
56, 2, 8, 8
56, 128, 8, 86
56, 131, 8, 62
56, 0, 8, 13
56, 359, 8, 33
56, 201, 8, 16
56, 297, 8, 80
56, 52, 8, 82
56, 53, 8, 30
56, 182, 8, 52
56, 122, 8, 84
56, 27, 8, 5
56, 317, 8, 16
56, 161, 9, 12
56, 385, 9, 84
56, 163, 9, 77
56, 193, 9, 35
56, 198, 9, 9
56, 134, 9, 57
56, 8, 9, 12
56, 250, 9, 74
56, 78, 9, 34
56, 214, 9, 25
56, 312, 9, 61
56, 89, 9, 3
56, 26, 9, 18
56, 62, 9, 33
56, 67, 10, 58
56, 164, 10, 61
56, 165, 10, 64
56, 394, 10, 93
56, 331, 10, 32
56, 204, 10, 5
56, 45, 10, 75
56, 46, 10, 23
56, 78, 10, 34
56, 300, 10, 42
56, 113, 10, 42
56, 115, 10, 13
56, 153, 10, 31
56, 347, 10, 4
56, 253, 10, 51
56, 95, 10, 87
56, 320, 11, 15
56, 386, 11, 42
56, 255, 11, 84
56, 230, 11, 74
56, 168, 11, 3
56, 360, 11, 72
56, 141, 11, 73
56, 123, 11, 9
56, 319, 11, 73
56, 96, 12, 62
56, 1, 12, 91
56, 226, 12, 95
56, 2, 12, 8
56, 4, 12, 35
56, 294, 12, 22
56, 296, 12, 23
56, 107, 12, 23
56, 141, 12, 73
56, 143, 12, 4
56, 113, 12, 42
56, 345, 12, 8
56, 159, 12, 60
56, 354, 13, 7
56, 39, 13, 74
56, 360, 13, 72
56, 234, 13, 87
56, 26, 13, 18
56, 349, 13, 45
56, 322, 14, 9
56, 164, 14, 61
56, 357, 14, 66
56, 104, 14, 34
56, 265, 14, 94
56, 315, 14, 89
56, 211, 14, 26
56, 372, 14, 27
56, 125, 14, 76
56, 373, 14, 3
56, 279, 14, 26
56, 52, 14, 82
56, 91, 14, 70
56, 190, 14, 33
56, 253, 14, 51
56, 254, 14, 69
56, 32, 15, 84
56, 129, 15, 20
56, 354, 15, 7
56, 355, 15, 27
56, 312, 15, 61
56, 262, 15, 22
56, 264, 15, 81
56, 12, 15, 93
56, 236, 15, 93
56, 270, 15, 69
56, 242, 15, 30
56, 20, 15, 78
56, 213, 15, 7
56, 85, 15, 13
56, 344, 15, 33
56, 90, 15, 41
56, 223, 15, 1
56, 195, 16, 55
56, 137, 16, 40
56, 202, 16, 68
56, 43, 16, 69
56, 112, 16, 12
56, 51, 16, 13
56, 374, 16, 22
56, 279, 16, 26
56, 86, 16, 1
56, 226, 17, 95
56, 259, 17, 90
56, 100, 17, 87
56, 325, 17, 47
56, 38, 17, 87
56, 359, 17, 33
56, 104, 17, 34
56, 200, 17, 68
56, 106, 17, 68
56, 234, 17, 87
56, 172, 17, 3
56, 396, 17, 99
56, 366, 17, 38
56, 271, 17, 87
56, 49, 17, 98
56, 81, 17, 45
56, 377, 17, 21
56, 191, 18, 10
56, 259, 18, 90
56, 67, 18, 58
56, 70, 18, 49
56, 331, 18, 32
56, 77, 18, 38
56, 219, 18, 11
56, 143, 18, 4
56, 175, 18, 70
56, 177, 18, 46
56, 370, 18, 44
56, 116, 18, 43
56, 311, 18, 33
56, 183, 18, 53
56, 123, 18, 9
56, 188, 18, 36
56, 61, 18, 73
56, 127, 18, 76
56, 192, 19, 34
56, 385, 19, 84
56, 388, 19, 24
56, 38, 19, 87
56, 232, 19, 97
56, 140, 19, 50
56, 45, 19, 75
56, 175, 19, 70
56, 283, 19, 80
56, 275, 19, 26
56, 380, 19, 11
56, 378, 19, 77
56, 59, 19, 97
56, 316, 19, 92
56, 126, 19, 79
56, 34, 20, 57
56, 227, 20, 17
56, 68, 20, 37
56, 105, 20, 88
56, 42, 20, 49
56, 177, 20, 46
56, 30, 20, 59
56, 373, 20, 3
56, 85, 20, 13
56, 87, 20, 92
56, 344, 20, 33
56, 25, 20, 41
56, 347, 20, 4
56, 158, 20, 34
56, 291, 21, 93
56, 196, 21, 28
56, 174, 21, 20
56, 148, 21, 13
56, 87, 21, 92
56, 347, 21, 4
56, 190, 21, 33
56, 375, 21, 6
56, 256, 22, 7
56, 97, 22, 90
56, 258, 22, 32
56, 293, 22, 33
56, 358, 22, 24
56, 39, 22, 74
56, 71, 22, 69
56, 136, 22, 66
56, 391, 22, 15
56, 203, 22, 65
56, 396, 22, 99
56, 301, 22, 18
56, 241, 22, 6
56, 278, 22, 11
56, 218, 22, 26
56, 223, 22, 1
56, 259, 23, 90
56, 135, 23, 6
56, 140, 23, 50
56, 148, 23, 13
56, 23, 23, 26
56, 28, 23, 91
56, 33, 23, 63
56, 298, 23, 57
56, 53, 23, 30
56, 315, 23, 89
56, 319, 23, 73
56, 324, 23, 48
56, 199, 23, 40
56, 211, 23, 26
56, 356, 23, 14
56, 229, 23, 98
56, 239, 23, 32
56, 113, 23, 42
56, 127, 23, 76
56, 258, 24, 32
56, 263, 24, 45
56, 392, 24, 83
56, 201, 24, 16
56, 202, 24, 68
56, 49, 24, 98
56, 241, 24, 6
56, 83, 24, 15
56, 150, 24, 81
56, 56, 24, 52
56, 57, 24, 9
56, 58, 24, 86
56, 223, 24, 1
56, 388, 25, 24
56, 261, 25, 81
56, 133, 25, 67
56, 359, 25, 33
56, 393, 25, 37
56, 41, 25, 55
56, 363, 25, 33
56, 333, 25, 8
56, 209, 25, 26
56, 306, 25, 73
56, 276, 25, 85
56, 21, 25, 96
56, 118, 25, 65
56, 27, 25, 5
56, 287, 25, 100
56, 353, 26, 6
56, 289, 26, 73
56, 161, 26, 12
56, 165, 26, 64
56, 104, 26, 34
56, 266, 26, 17
56, 234, 26, 87
56, 176, 26, 64
56, 178, 26, 31
56, 213, 26, 7
56, 310, 26, 2
56, 120, 26, 4
56, 377, 26, 21
56, 125, 26, 76
56, 351, 26, 13
56, 226, 27, 95
56, 229, 27, 98
56, 297, 27, 80
56, 334, 27, 8
56, 305, 27, 1
56, 244, 27, 40
56, 276, 27, 85
56, 152, 27, 48
56, 313, 27, 54
56, 220, 27, 48
56, 319, 27, 73
56, 224, 28, 20
56, 40, 28, 69
56, 396, 28, 99
56, 366, 28, 38
56, 335, 28, 93
56, 49, 28, 98
56, 370, 28, 44
56, 275, 28, 26
56, 277, 28, 1
56, 121, 28, 80
56, 378, 28, 77
56, 189, 28, 24
56, 94, 28, 99
56, 129, 29, 20
56, 291, 29, 93
56, 100, 29, 87
56, 292, 29, 70
56, 392, 29, 83
56, 105, 29, 88
56, 169, 29, 11
56, 396, 29, 99
56, 80, 29, 45
56, 343, 29, 100
56, 280, 29, 69
56, 187, 29, 93
56, 120, 29, 4
56, 97, 30, 90
56, 258, 30, 32
56, 324, 30, 48
56, 101, 30, 78
56, 6, 30, 47
56, 136, 30, 66
56, 9, 30, 38
56, 174, 30, 20
56, 271, 30, 87
56, 399, 30, 8
56, 305, 30, 1
56, 337, 30, 28
56, 183, 30, 53
56, 121, 30, 80
56, 346, 30, 58
56, 91, 30, 70
56, 162, 31, 52
56, 226, 31, 95
56, 259, 31, 90
56, 40, 31, 69
56, 203, 31, 65
56, 345, 31, 8
56, 93, 31, 17
56, 322, 32, 9
56, 36, 32, 69
56, 365, 32, 32
56, 175, 32, 70
56, 344, 32, 33
56, 223, 32, 1
56, 132, 33, 26
56, 134, 33, 57
56, 294, 33, 22
56, 392, 33, 83
56, 301, 33, 18
56, 144, 33, 45
56, 273, 33, 18
56, 379, 33, 78
56, 316, 33, 92
56, 161, 34, 12
56, 272, 34, 72
56, 182, 34, 52
56, 310, 34, 2
56, 187, 34, 93
56, 393, 35, 37
56, 399, 35, 8
56, 273, 35, 18
56, 163, 35, 77
56, 36, 35, 69
56, 46, 35, 23
56, 179, 35, 29
56, 308, 35, 36
56, 190, 35, 33
56, 62, 35, 33
56, 76, 35, 82
56, 85, 35, 13
56, 225, 35, 62
56, 357, 35, 66
56, 101, 35, 78
56, 235, 35, 56
56, 376, 35, 40
56, 121, 35, 80
56, 122, 35, 84
56, 381, 35, 78
56, 133, 36, 67
56, 134, 36, 57
56, 13, 36, 85
56, 273, 36, 18
56, 151, 36, 8
56, 157, 36, 82
56, 288, 36, 49
56, 290, 36, 25
56, 36, 36, 69
56, 307, 36, 55
56, 198, 36, 9
56, 327, 36, 90
56, 79, 36, 74
56, 84, 36, 5
56, 229, 36, 98
56, 101, 36, 78
56, 234, 36, 87
56, 363, 36, 33
56, 238, 36, 18
56, 247, 36, 67
56, 33, 37, 63
56, 386, 37, 42
56, 257, 37, 9
56, 266, 37, 17
56, 76, 37, 82
56, 333, 37, 8
56, 301, 37, 18
56, 81, 37, 45
56, 156, 37, 15
56, 383, 37, 82
56, 258, 38, 32
56, 67, 38, 58
56, 390, 38, 83
56, 71, 38, 69
56, 393, 38, 37
56, 237, 38, 79
56, 282, 38, 8
56, 93, 38, 17
56, 94, 38, 99
56, 166, 39, 89
56, 231, 39, 87
56, 234, 39, 87
56, 13, 39, 85
56, 16, 39, 93
56, 50, 39, 90
56, 189, 39, 24
56, 195, 40, 55
56, 102, 40, 14
56, 73, 40, 38
56, 236, 40, 93
56, 207, 40, 83
56, 116, 40, 43
56, 343, 40, 100
56, 281, 40, 57
56, 158, 40, 34
56, 28, 40, 91
56, 349, 40, 45
56, 254, 40, 69
56, 263, 41, 45
56, 361, 41, 11
56, 14, 41, 100
56, 82, 41, 49
56, 338, 41, 77
56, 341, 41, 8
56, 287, 41, 100
56, 258, 42, 32
56, 154, 42, 76
56, 329, 42, 41
56, 75, 42, 73
56, 364, 42, 16
56, 334, 42, 8
56, 144, 42, 45
56, 145, 42, 90
56, 244, 42, 40
56, 375, 42, 6
56, 218, 42, 26
56, 286, 42, 80
56, 264, 43, 81
56, 108, 43, 2
56, 301, 43, 18
56, 13, 43, 85
56, 367, 43, 19
56, 79, 43, 74
56, 111, 43, 75
56, 339, 43, 58
56, 156, 43, 15
56, 158, 43, 34
56, 280, 44, 69
56, 259, 44, 90
56, 18, 44, 9
56, 244, 44, 40
56, 53, 44, 30
56, 248, 44, 20
56, 58, 44, 86
56, 252, 44, 3
56, 321, 45, 54
56, 133, 45, 67
56, 262, 45, 22
56, 102, 45, 14
56, 41, 45, 55
56, 367, 45, 19
56, 209, 45, 26
56, 370, 45, 44
56, 145, 45, 90
56, 375, 45, 6
56, 187, 45, 93
56, 189, 45, 24
56, 289, 46, 73
56, 205, 46, 92
56, 179, 46, 29
56, 185, 46, 40
56, 380, 46, 11
56, 192, 47, 34
56, 161, 47, 12
56, 322, 47, 9
56, 323, 47, 81
56, 260, 47, 73
56, 37, 47, 20
56, 326, 47, 95
56, 77, 47, 38
56, 48, 47, 62
56, 53, 47, 30
56, 248, 47, 20
56, 91, 47, 70
56, 358, 48, 24
56, 45, 48, 75
56, 399, 48, 8
56, 83, 48, 15
56, 216, 48, 85
56, 26, 48, 18
56, 285, 48, 83
56, 224, 49, 20
56, 195, 49, 55
56, 296, 49, 23
56, 139, 49, 20
56, 140, 49, 50
56, 303, 49, 74
56, 243, 49, 85
56, 20, 49, 78
56, 213, 49, 7
56, 216, 49, 85
56, 381, 49, 78
56, 382, 49, 10
56, 66, 50, 27
56, 260, 50, 73
56, 37, 50, 20
56, 102, 50, 14
56, 199, 50, 40
56, 5, 50, 33
56, 73, 50, 38
56, 331, 50, 32
56, 204, 50, 5
56, 272, 50, 72
56, 115, 50, 13
56, 52, 50, 82
56, 181, 50, 67
56, 245, 50, 40
56, 152, 50, 48
56, 222, 50, 76
56, 254, 50, 69
56, 160, 51, 98
56, 67, 51, 58
56, 134, 51, 57
56, 72, 51, 20
56, 233, 51, 10
56, 297, 51, 80
56, 109, 51, 3
56, 142, 51, 70
56, 143, 51, 4
56, 272, 51, 72
56, 177, 51, 46
56, 78, 51, 34
56, 277, 51, 1
56, 348, 51, 26
56, 377, 51, 21
56, 380, 51, 11
56, 319, 51, 73
56, 32, 52, 84
56, 292, 52, 70
56, 104, 52, 34
56, 364, 52, 16
56, 270, 52, 69
56, 16, 52, 93
56, 82, 52, 49
56, 374, 52, 22
56, 55, 52, 42
56, 94, 52, 99
56, 187, 52, 93
56, 252, 52, 3
56, 253, 52, 51
56, 254, 52, 69
56, 89, 53, 3
56, 2, 53, 8
56, 387, 53, 48
56, 332, 53, 1
56, 112, 53, 12
56, 145, 53, 90
56, 16, 53, 93
56, 52, 53, 82
56, 184, 53, 46
56, 24, 53, 12
56, 29, 53, 31
56, 95, 53, 87
56, 351, 53, 13
56, 163, 54, 77
56, 7, 54, 50
56, 234, 54, 87
56, 274, 54, 23
56, 180, 54, 35
56, 277, 54, 1
56, 118, 54, 65
56, 183, 54, 53
56, 316, 54, 92
56, 279, 54, 26
56, 61, 54, 73
56, 67, 55, 58
56, 236, 55, 93
56, 300, 55, 42
56, 140, 55, 50
56, 176, 55, 64
56, 276, 55, 85
56, 212, 55, 30
56, 314, 55, 17
56, 317, 55, 16
56, 29, 55, 31
56, 350, 55, 54
56, 194, 56, 28
56, 228, 56, 14
56, 197, 56, 98
56, 358, 56, 24
56, 362, 56, 29
56, 234, 56, 87
56, 363, 56, 33
56, 346, 56, 58
56, 237, 56, 79
56, 143, 56, 4
56, 108, 56, 2
56, 369, 56, 87
56, 279, 56, 26
56, 184, 56, 46
56, 122, 56, 84
56, 66, 57, 27
56, 164, 57, 61
56, 68, 57, 37
56, 392, 57, 83
56, 201, 57, 16
56, 83, 57, 15
56, 275, 57, 26
56, 311, 57, 33
56, 379, 57, 78
56, 28, 57, 91
56, 62, 57, 33
56, 321, 58, 54
56, 257, 58, 9
56, 67, 58, 58
56, 227, 58, 17
56, 134, 58, 57
56, 41, 58, 55
56, 45, 58, 75
56, 110, 58, 76
56, 149, 58, 50
56, 118, 58, 65
56, 183, 58, 53
56, 374, 58, 22
56, 378, 58, 77
56, 350, 58, 54
56, 292, 59, 70
56, 165, 59, 64
56, 326, 59, 95
56, 166, 59, 89
56, 264, 59, 81
56, 200, 59, 68
56, 70, 59, 49
56, 205, 59, 92
56, 80, 59, 45
56, 368, 59, 29
56, 85, 59, 13
56, 150, 59, 81
56, 58, 59, 86
56, 124, 59, 86
56, 255, 59, 84
56, 260, 60, 73
56, 90, 60, 41
56, 391, 60, 15
56, 266, 60, 17
56, 270, 60, 69
56, 273, 60, 18
56, 146, 60, 9
56, 23, 60, 26
56, 154, 60, 76
56, 284, 60, 76
56, 125, 60, 76
56, 126, 60, 79
56, 256, 61, 7
56, 326, 61, 95
56, 108, 61, 2
56, 174, 61, 20
56, 207, 61, 83
56, 270, 61, 69
56, 177, 61, 46
56, 340, 61, 6
56, 341, 61, 8
56, 123, 61, 9
56, 384, 62, 56
56, 225, 62, 62
56, 130, 62, 6
56, 128, 62, 86
56, 260, 62, 73
56, 390, 62, 83
56, 297, 62, 80
56, 362, 62, 29
56, 107, 62, 23
56, 78, 62, 34
56, 303, 62, 74
56, 175, 62, 70
56, 48, 62, 62
56, 52, 62, 82
56, 280, 62, 69
56, 219, 62, 11
56, 156, 62, 15
56, 285, 62, 83
56, 1, 63, 91
56, 36, 63, 69
56, 197, 63, 98
56, 201, 63, 16
56, 299, 63, 37
56, 336, 63, 57
56, 81, 63, 45
56, 17, 63, 81
56, 211, 63, 26
56, 383, 63, 82
56, 1, 64, 91
56, 102, 64, 14
56, 329, 64, 41
56, 233, 64, 10
56, 75, 64, 73
56, 143, 64, 4
56, 373, 64, 3
56, 181, 64, 67
56, 343, 64, 100
56, 135, 65, 6
56, 199, 65, 40
56, 15, 65, 46
56, 313, 65, 54
56, 314, 65, 17
56, 124, 65, 86
56, 390, 66, 83
56, 136, 66, 66
56, 11, 66, 63
56, 20, 66, 78
56, 280, 66, 69
56, 288, 66, 49
56, 290, 66, 25
56, 167, 66, 72
56, 187, 66, 93
56, 68, 66, 37
56, 324, 66, 48
56, 203, 66, 65
56, 211, 66, 26
56, 220, 66, 48
56, 93, 66, 17
56, 233, 66, 10
56, 364, 66, 16
56, 243, 66, 85
56, 374, 66, 22
56, 393, 67, 37
56, 266, 67, 17
56, 41, 67, 55
56, 333, 67, 8
56, 368, 67, 29
56, 273, 67, 18
56, 151, 67, 8
56, 120, 67, 4
56, 121, 67, 80
56, 65, 68, 49
56, 354, 68, 7
56, 39, 68, 74
56, 103, 68, 75
56, 270, 68, 69
56, 369, 68, 87
56, 149, 68, 50
56, 373, 68, 3
56, 85, 68, 13
56, 88, 68, 1
56, 91, 68, 70
56, 285, 68, 83
56, 322, 69, 9
56, 326, 69, 95
56, 264, 69, 81
56, 330, 69, 37
56, 395, 69, 11
56, 300, 69, 42
56, 272, 69, 72
56, 16, 69, 93
56, 208, 69, 53
56, 51, 69, 13
56, 212, 69, 30
56, 308, 69, 36
56, 150, 69, 81
56, 247, 69, 67
56, 248, 69, 20
56, 154, 69, 76
56, 379, 69, 78
56, 383, 69, 82
56, 291, 70, 93
56, 46, 70, 23
56, 337, 70, 28
56, 178, 70, 31
56, 148, 70, 13
56, 345, 70, 8
56, 396, 71, 99
56, 16, 71, 93
56, 18, 71, 9
56, 147, 71, 6
56, 277, 71, 1
56, 279, 71, 26
56, 156, 71, 15
56, 173, 71, 57
56, 174, 71, 20
56, 315, 71, 89
56, 203, 71, 65
56, 337, 71, 28
56, 218, 71, 26
56, 221, 71, 97
56, 97, 71, 90
56, 103, 71, 75
56, 117, 71, 67
56, 374, 71, 22
56, 123, 71, 9
56, 253, 71, 51
56, 97, 72, 90
56, 194, 72, 28
56, 291, 72, 93
56, 232, 72, 97
56, 107, 72, 23
56, 273, 72, 18
56, 49, 72, 98
56, 149, 72, 50
56, 185, 72, 40
56, 130, 73, 6
56, 3, 73, 23
56, 36, 73, 69
56, 105, 73, 88
56, 55, 73, 42
56, 279, 73, 26
56, 216, 73, 85
56, 24, 73, 12
56, 125, 73, 76
56, 96, 74, 62
56, 353, 74, 6
56, 233, 74, 10
56, 42, 74, 49
56, 12, 74, 93
56, 14, 74, 100
56, 335, 74, 93
56, 367, 74, 19
56, 366, 74, 38
56, 179, 74, 29
56, 115, 74, 13
56, 339, 74, 58
56, 284, 74, 76
56, 256, 75, 7
56, 259, 75, 90
56, 196, 75, 28
56, 167, 75, 72
56, 393, 75, 37
56, 149, 75, 50
56, 88, 75, 1
56, 156, 75, 15
56, 162, 76, 52
56, 34, 76, 57
56, 335, 76, 93
56, 215, 76, 8
56, 216, 76, 85
56, 349, 76, 45
56, 224, 77, 20
56, 96, 77, 62
56, 323, 77, 81
56, 73, 77, 38
56, 395, 77, 11
56, 15, 77, 46
56, 384, 78, 56
56, 259, 78, 90
56, 359, 78, 33
56, 39, 78, 74
56, 41, 78, 55
56, 173, 78, 57
56, 50, 78, 90
56, 219, 78, 11
56, 2, 79, 8
56, 165, 79, 64
56, 42, 79, 49
56, 271, 79, 87
56, 89, 79, 3
56, 162, 80, 52
56, 98, 80, 9
56, 354, 80, 7
56, 73, 80, 38
56, 169, 80, 11
56, 267, 80, 12
56, 172, 80, 3
56, 202, 80, 68
56, 272, 80, 72
56, 245, 80, 40
56, 57, 80, 9
56, 26, 80, 18
56, 187, 80, 93
56, 384, 81, 56
56, 160, 81, 98
56, 292, 81, 70
56, 68, 81, 37
56, 40, 81, 69
56, 73, 81, 38
56, 299, 81, 37
56, 44, 81, 89
56, 139, 81, 20
56, 108, 81, 2
56, 240, 81, 52
56, 209, 81, 26
56, 18, 81, 9
56, 149, 81, 50
56, 57, 81, 9
56, 156, 81, 15
56, 25, 81, 41
56, 224, 82, 20
56, 5, 82, 33
56, 70, 82, 49
56, 7, 82, 50
56, 267, 82, 12
56, 172, 82, 3
56, 366, 82, 38
56, 79, 82, 74
56, 144, 82, 45
56, 16, 82, 93
56, 145, 82, 90
56, 243, 82, 85
56, 22, 82, 13
56, 120, 82, 4
56, 250, 82, 74
56, 187, 82, 93
56, 254, 82, 69
56, 38, 83, 87
56, 71, 83, 69
56, 198, 83, 9
56, 201, 83, 16
56, 105, 83, 88
56, 202, 83, 68
56, 115, 83, 13
56, 245, 83, 40
56, 62, 83, 33
56, 383, 83, 82
56, 128, 84, 86
56, 163, 84, 77
56, 101, 84, 78
56, 293, 84, 33
56, 169, 84, 11
56, 179, 84, 29
56, 310, 84, 2
56, 374, 84, 22
56, 251, 84, 63
56, 100, 85, 87
56, 139, 85, 20
56, 120, 85, 4
56, 173, 85, 57
56, 398, 85, 81
56, 336, 85, 57
56, 338, 85, 77
56, 280, 85, 69
56, 284, 85, 76
56, 62, 85, 33
56, 64, 86, 57
56, 226, 86, 95
56, 227, 86, 17
56, 167, 86, 72
56, 232, 86, 97
56, 72, 86, 20
56, 363, 86, 33
56, 45, 86, 75
56, 304, 86, 77
56, 209, 86, 26
56, 341, 86, 8
56, 150, 86, 81
56, 190, 86, 33
56, 224, 87, 20
56, 67, 87, 58
56, 195, 87, 55
56, 344, 87, 33
56, 294, 87, 22
56, 363, 87, 33
56, 299, 87, 37
56, 269, 87, 91
56, 142, 87, 70
56, 303, 87, 74
56, 112, 87, 12
56, 45, 87, 75
56, 243, 87, 85
56, 372, 87, 27
56, 245, 87, 40
56, 24, 87, 12
56, 187, 87, 93
56, 253, 87, 51
56, 68, 88, 37
56, 133, 88, 67
56, 296, 88, 23
56, 329, 88, 41
56, 202, 88, 68
56, 107, 88, 23
56, 363, 88, 33
56, 301, 88, 18
56, 74, 88, 2
56, 341, 88, 8
56, 36, 89, 69
56, 333, 89, 8
56, 141, 89, 73
56, 315, 89, 89
56, 371, 89, 3
56, 248, 89, 20
56, 59, 89, 97
56, 95, 89, 87
56, 200, 90, 68
56, 297, 90, 80
56, 201, 90, 16
56, 394, 90, 93
56, 109, 90, 3
56, 303, 90, 74
56, 175, 90, 70
56, 373, 90, 3
56, 183, 90, 53
56, 216, 90, 85
56, 57, 90, 9
56, 155, 90, 93
56, 62, 90, 33
56, 159, 90, 60
56, 160, 91, 98
56, 353, 91, 6
56, 162, 91, 52
56, 70, 91, 49
56, 360, 91, 72
56, 137, 91, 40
56, 264, 91, 81
56, 200, 91, 68
56, 206, 91, 4
56, 78, 91, 34
56, 368, 91, 29
56, 179, 91, 29
56, 180, 91, 35
56, 371, 91, 3
56, 377, 91, 21
56, 125, 91, 76
56, 351, 91, 13
56, 36, 92, 69
56, 325, 92, 47
56, 198, 92, 9
56, 72, 92, 20
56, 106, 92, 68
56, 140, 92, 50
56, 272, 92, 72
56, 241, 92, 6
56, 19, 92, 61
56, 52, 92, 82
56, 380, 92, 11
56, 161, 93, 12
56, 258, 93, 32
56, 162, 93, 52
56, 103, 93, 75
56, 40, 93, 69
56, 297, 93, 80
56, 139, 93, 20
56, 45, 93, 75
56, 398, 93, 81
56, 365, 93, 32
56, 269, 93, 91
56, 341, 93, 8
56, 214, 93, 25
56, 342, 93, 60
56, 316, 93, 92
56, 353, 94, 6
56, 259, 94, 90
56, 197, 94, 98
56, 358, 94, 24
56, 267, 94, 12
56, 332, 94, 1
56, 77, 94, 38
56, 398, 94, 81
56, 302, 94, 71
56, 13, 94, 85
56, 81, 94, 45
56, 146, 94, 9
56, 179, 94, 29
56, 340, 94, 6
56, 82, 94, 49
56, 247, 94, 67
56, 120, 94, 4
56, 251, 94, 63
56, 192, 95, 34
56, 385, 95, 84
56, 258, 95, 32
56, 355, 95, 27
56, 386, 95, 42
56, 102, 95, 14
56, 135, 95, 6
56, 43, 95, 69
56, 75, 95, 73
56, 365, 95, 32
56, 397, 95, 77
56, 368, 95, 29
56, 119, 95, 1
56, 87, 95, 92
56, 184, 95, 46
56, 58, 95, 86
56, 351, 95, 13
56, 4, 96, 35
56, 140, 96, 50
56, 398, 96, 81
56, 272, 96, 72
56, 275, 96, 26
56, 38, 96, 87
56, 170, 96, 66
56, 48, 96, 62
56, 309, 96, 14
56, 313, 96, 54
56, 187, 96, 93
56, 189, 96, 24
56, 198, 96, 9
56, 328, 96, 20
56, 355, 96, 27
56, 100, 96, 87
56, 104, 96, 34
56, 237, 96, 79
56, 377, 96, 21
56, 321, 97, 54
56, 131, 97, 62
56, 388, 97, 24
56, 69, 97, 50
56, 37, 97, 20
56, 263, 97, 45
56, 136, 97, 66
56, 204, 97, 5
56, 242, 97, 30
56, 306, 97, 73
56, 180, 97, 35
56, 157, 97, 82
56, 55, 97, 42
56, 151, 97, 8
56, 121, 97, 80
56, 26, 97, 18
56, 381, 97, 78
56, 127, 97, 76
56, 2, 98, 8
56, 26, 98, 18
56, 58, 98, 86
56, 323, 98, 81
56, 294, 98, 22
56, 8, 98, 12
56, 395, 98, 11
56, 332, 98, 1
56, 346, 98, 58
56, 348, 98, 26
56, 382, 98, 10
56, 5, 99, 33
56, 165, 99, 64
56, 105, 99, 88
56, 394, 99, 93
56, 170, 99, 66
56, 396, 99, 99
56, 106, 99, 68
56, 304, 99, 77
56, 17, 99, 81
56, 274, 99, 23
56, 50, 99, 90
56, 176, 99, 64
56, 342, 99, 60
56, 87, 99, 92
56, 184, 99, 46
56, 25, 99, 41
56, 221, 99, 97
56, 384, 100, 56
56, 133, 100, 67
56, 139, 100, 20
56, 397, 100, 77
56, 270, 100, 69
56, 16, 100, 93
56, 152, 100, 48
56, 281, 100, 57
56, 153, 100, 31
56, 156, 100, 15
56, 32, 100, 84
56, 187, 100, 93
56, 320, 100, 15
56, 324, 100, 48
56, 203, 100, 65
56, 205, 100, 92
56, 349, 100, 45
56, 356, 100, 14
56, 102, 100, 14
56, 370, 100, 44
56, 141, 101, 73
56, 15, 101, 46
56, 23, 101, 26
56, 32, 101, 84
56, 288, 101, 49
56, 164, 101, 61
56, 41, 101, 55
56, 169, 101, 11
56, 57, 101, 9
56, 192, 101, 34
56, 70, 101, 49
56, 334, 101, 8
56, 337, 101, 28
56, 83, 101, 15
56, 211, 101, 26
56, 233, 101, 10
56, 114, 101, 33
56, 245, 101, 40
56, 376, 101, 40
56, 224, 102, 20
56, 320, 102, 15
56, 352, 102, 70
56, 196, 102, 28
56, 293, 102, 33
56, 8, 102, 12
56, 73, 102, 38
56, 362, 102, 29
56, 298, 102, 57
56, 365, 102, 32
56, 110, 102, 76
56, 47, 102, 17
56, 51, 102, 13
56, 116, 102, 43
56, 246, 102, 24
56, 343, 102, 100
56, 281, 102, 57
56, 351, 102, 13
56, 320, 103, 15
56, 389, 103, 51
56, 293, 103, 33
56, 391, 103, 15
56, 138, 103, 32
56, 44, 103, 89
56, 76, 103, 82
56, 14, 103, 100
56, 302, 103, 71
56, 272, 103, 72
56, 145, 103, 90
56, 50, 103, 90
56, 339, 103, 58
56, 116, 103, 43
56, 119, 103, 1
56, 124, 103, 86
56, 381, 103, 78
56, 31, 103, 20
56, 384, 104, 56
56, 399, 104, 8
56, 33, 104, 63
56, 294, 104, 22
56, 295, 104, 87
56, 47, 104, 17
56, 196, 104, 28
56, 205, 104, 92
56, 79, 104, 74
56, 336, 104, 57
56, 82, 104, 49
56, 84, 104, 5
56, 342, 104, 60
56, 358, 104, 24
56, 359, 104, 33
56, 360, 104, 72
56, 364, 104, 16
56, 373, 104, 3
56, 121, 104, 80
56, 321, 105, 54
56, 193, 105, 35
56, 185, 105, 40
56, 2, 105, 8
56, 391, 105, 15
56, 8, 105, 12
56, 169, 105, 11
56, 78, 105, 34
56, 309, 105, 14
56, 86, 105, 1
56, 214, 105, 25
56, 25, 105, 41
56, 346, 105, 58
56, 123, 105, 9
56, 93, 105, 17
56, 286, 105, 80
56, 351, 105, 13
56, 96, 106, 62
56, 321, 106, 54
56, 129, 106, 20
56, 131, 106, 62
56, 166, 106, 89
56, 47, 106, 17
56, 307, 106, 55
56, 180, 106, 35
56, 373, 106, 3
56, 312, 106, 61
56, 24, 106, 12
56, 156, 106, 15
56, 383, 107, 82
56, 377, 107, 21
56, 331, 107, 32
56, 28, 107, 91
56, 109, 107, 3
56, 77, 107, 38
56, 84, 107, 5
56, 278, 107, 11
56, 342, 107, 60
56, 118, 107, 65
56, 24, 107, 12
56, 27, 107, 5
56, 348, 107, 26
56, 350, 107, 54
56, 57, 107, 9
56, 65, 108, 49
56, 2, 108, 8
56, 225, 108, 62
56, 196, 108, 28
56, 100, 108, 87
56, 104, 108, 34
56, 143, 108, 4
56, 241, 108, 6
56, 116, 108, 43
56, 249, 108, 91
56, 315, 108, 89
56, 380, 108, 11
56, 94, 108, 99
56, 1, 109, 91
56, 138, 109, 32
56, 187, 109, 93
56, 46, 109, 23
56, 49, 109, 98
56, 50, 109, 90
56, 19, 109, 61
56, 189, 109, 24
56, 91, 109, 70
56, 61, 109, 73
56, 30, 109, 59
56, 35, 110, 30
56, 292, 110, 70
56, 198, 110, 9
56, 73, 110, 38
56, 138, 110, 32
56, 334, 110, 8
56, 272, 110, 72
56, 305, 110, 1
56, 211, 110, 26
56, 277, 110, 1
56, 90, 110, 41
56, 64, 111, 57
56, 353, 111, 6
56, 196, 111, 28
56, 198, 111, 9
56, 102, 111, 14
56, 200, 111, 68
56, 41, 111, 55
56, 44, 111, 89
56, 306, 111, 73
56, 22, 111, 13
56, 94, 111, 99
56, 132, 112, 26
56, 5, 112, 33
56, 171, 112, 75
56, 301, 112, 18
56, 378, 112, 77
56, 304, 112, 77
56, 272, 112, 72
56, 338, 112, 77
56, 212, 112, 30
56, 180, 112, 35
56, 154, 112, 76
56, 155, 112, 93
56, 9, 113, 38
56, 10, 113, 50
56, 265, 113, 94
56, 14, 113, 100
56, 147, 113, 6
56, 36, 113, 69
56, 298, 113, 57
56, 43, 113, 69
56, 175, 113, 70
56, 310, 113, 2
56, 62, 113, 33
56, 318, 113, 64
56, 206, 113, 4
56, 79, 113, 74
56, 339, 113, 58
56, 93, 113, 17
56, 96, 113, 62
56, 121, 113, 80
56, 249, 113, 91
56, 257, 114, 9
56, 131, 114, 62
56, 336, 114, 57
56, 338, 114, 77
56, 184, 114, 46
56, 59, 114, 97
56, 104, 115, 34
56, 169, 115, 11
56, 396, 115, 99
56, 81, 115, 45
56, 252, 115, 3
56, 95, 115, 87
56, 97, 116, 90
56, 33, 116, 63
56, 397, 116, 77
56, 113, 116, 42
56, 123, 116, 9
56, 382, 116, 10
56, 105, 117, 88
56, 242, 117, 30
56, 83, 117, 15
56, 276, 117, 85
56, 86, 117, 1
56, 62, 117, 33
56, 345, 117, 8
56, 190, 117, 33
56, 350, 118, 54
56, 264, 118, 81
56, 107, 118, 23
56, 140, 118, 50
56, 81, 118, 45
56, 308, 118, 36
56, 311, 118, 33
56, 30, 118, 59
56, 290, 119, 25
56, 362, 119, 29
56, 143, 119, 4
56, 272, 119, 72
56, 241, 119, 6
56, 315, 119, 89
56, 349, 119, 45
56, 31, 119, 20
56, 96, 120, 62
56, 195, 120, 55
56, 3, 120, 23
56, 133, 120, 67
56, 391, 120, 15
56, 40, 120, 69
56, 233, 120, 10
56, 171, 120, 75
56, 366, 120, 38
56, 211, 120, 26
56, 55, 120, 42
56, 216, 120, 85
56, 126, 120, 79
56, 59, 120, 97
56, 156, 120, 15
56, 189, 120, 24
56, 382, 120, 10
56, 191, 120, 10
56, 132, 121, 26
56, 329, 121, 41
56, 364, 121, 16
56, 208, 121, 53
56, 145, 121, 90
56, 211, 121, 26
56, 123, 121, 9
56, 100, 122, 87
56, 106, 122, 68
56, 75, 122, 73
56, 369, 122, 87
56, 18, 122, 9
56, 339, 122, 58
56, 273, 122, 18
56, 17, 122, 81
56, 178, 122, 31
56, 280, 122, 69
56, 1, 123, 91
56, 9, 123, 38
56, 268, 123, 4
56, 14, 123, 100
56, 280, 123, 69
56, 165, 123, 64
56, 295, 123, 87
56, 303, 123, 74
56, 177, 123, 46
56, 178, 123, 31
56, 311, 123, 33
56, 189, 123, 24
56, 77, 123, 38
56, 205, 123, 92
56, 102, 123, 14
56, 232, 123, 97
56, 110, 123, 76
56, 366, 123, 38
56, 368, 123, 29
56, 245, 123, 40
56, 353, 124, 6
56, 223, 124, 1
56, 99, 124, 13
56, 4, 124, 35
56, 38, 124, 87
56, 39, 124, 74
56, 204, 124, 5
56, 82, 124, 49
56, 307, 124, 55
56, 340, 124, 6
56, 311, 124, 33
56, 251, 124, 63
56, 350, 124, 54
56, 63, 124, 15
56, 132, 125, 26
56, 360, 125, 72
56, 265, 125, 94
56, 396, 125, 99
56, 253, 125, 51
56, 87, 125, 92
56, 248, 125, 20
56, 183, 125, 53
56, 157, 125, 82
56, 343, 125, 100
56, 196, 126, 28
56, 198, 126, 9
56, 365, 126, 32
56, 303, 126, 74
56, 49, 126, 98
56, 148, 126, 13
56, 85, 126, 13
56, 86, 126, 1
56, 119, 126, 1
56, 250, 126, 74
56, 286, 126, 80
56, 258, 127, 32
56, 259, 127, 90
56, 277, 127, 1
56, 155, 127, 93
56, 30, 127, 59
56, 168, 127, 3
56, 41, 127, 55
56, 301, 127, 18
56, 309, 127, 14
56, 310, 127, 2
56, 197, 127, 98
56, 334, 127, 8
56, 82, 127, 49
56, 357, 127, 66
56, 102, 127, 14
56, 101, 127, 78
56, 232, 127, 97
56, 107, 127, 23
56, 252, 127, 3
56, 127, 127, 76
56, 320, 128, 15
56, 130, 128, 6
56, 201, 128, 16
56, 241, 128, 6
56, 157, 128, 82
56, 343, 128, 100
56, 86, 128, 1
56, 185, 128, 40
56, 374, 128, 22
56, 61, 128, 73
56, 4, 129, 35
56, 132, 129, 26
56, 294, 129, 22
56, 13, 129, 85
56, 242, 129, 30
56, 216, 129, 85
56, 189, 129, 24
56, 30, 129, 59
56, 263, 130, 45
56, 139, 130, 20
56, 140, 130, 50
56, 301, 130, 18
56, 171, 130, 75
56, 273, 130, 18
56, 50, 130, 90
56, 181, 130, 67
56, 246, 130, 24
56, 182, 130, 52
56, 218, 130, 26
56, 92, 130, 84
56, 227, 131, 17
56, 67, 131, 58
56, 100, 131, 87
56, 40, 131, 69
56, 266, 131, 17
56, 330, 131, 37
56, 204, 131, 5
56, 306, 131, 73
56, 84, 131, 5
56, 52, 131, 82
56, 378, 131, 77
56, 6, 132, 47
56, 297, 132, 80
56, 73, 132, 38
56, 266, 132, 17
56, 76, 132, 82
56, 45, 132, 75
56, 239, 132, 32
56, 240, 132, 52
56, 337, 132, 28
56, 50, 132, 90
56, 379, 132, 78
56, 308, 132, 36
56, 207, 132, 83
56, 312, 132, 61
56, 186, 132, 38
56, 187, 132, 93
56, 216, 132, 85
56, 2, 133, 8
56, 26, 133, 18
56, 156, 133, 15
56, 36, 133, 69
56, 297, 133, 80
56, 50, 133, 90
56, 307, 133, 55
56, 52, 133, 82
56, 53, 133, 30
56, 311, 133, 33
56, 317, 133, 16
56, 194, 133, 28
56, 203, 133, 65
56, 81, 133, 45
56, 210, 133, 19
56, 344, 133, 33
56, 355, 133, 27
56, 233, 133, 10
56, 237, 133, 79
56, 128, 134, 86
56, 192, 134, 34
56, 395, 134, 11
56, 335, 134, 93
56, 369, 134, 87
56, 379, 134, 78
56, 4, 135, 35
56, 100, 135, 87
56, 202, 135, 68
56, 106, 135, 68
56, 266, 135, 17
56, 45, 135, 75
56, 78, 135, 34
56, 145, 135, 90
56, 82, 135, 49
56, 244, 135, 40
56, 53, 135, 30
56, 378, 135, 77
56, 91, 135, 70
56, 124, 135, 86
56, 318, 135, 64
56, 353, 136, 6
56, 194, 136, 28
56, 357, 136, 66
56, 200, 136, 68
56, 16, 136, 93
56, 273, 136, 18
56, 276, 136, 85
56, 180, 136, 35
56, 183, 136, 53
56, 62, 136, 33
56, 99, 137, 13
56, 10, 137, 50
56, 107, 137, 23
56, 108, 137, 2
56, 109, 137, 3
56, 110, 137, 76
56, 112, 137, 12
56, 306, 137, 73
56, 280, 137, 69
56, 250, 137, 74
56, 1, 138, 91
56, 230, 138, 74
56, 393, 138, 37
56, 203, 138, 65
56, 12, 138, 93
56, 269, 138, 91
56, 335, 138, 93
56, 111, 138, 75
56, 376, 138, 40
56, 153, 138, 31
56, 314, 138, 17
56, 256, 139, 7
56, 257, 139, 9
56, 290, 139, 25
56, 100, 139, 87
56, 266, 139, 17
56, 11, 139, 63
56, 107, 139, 23
56, 77, 139, 38
56, 79, 139, 74
56, 86, 139, 1
56, 122, 139, 84
56, 156, 139, 15
56, 31, 139, 20
56, 320, 140, 15
56, 185, 140, 40
56, 390, 140, 83
56, 230, 140, 74
56, 360, 140, 72
56, 6, 140, 47
56, 173, 140, 57
56, 270, 140, 69
56, 16, 140, 93
56, 245, 140, 40
56, 21, 140, 96
56, 183, 140, 53
56, 56, 140, 52
56, 217, 140, 4
56, 186, 140, 38
56, 155, 140, 93
56, 190, 140, 33
56, 31, 140, 20
56, 35, 141, 30
56, 133, 141, 67
56, 16, 141, 93
56, 306, 141, 73
56, 374, 141, 22
56, 379, 141, 78
56, 30, 141, 59
56, 42, 142, 49
56, 140, 142, 50
56, 364, 142, 16
56, 14, 142, 100
56, 143, 142, 4
56, 144, 142, 45
56, 243, 142, 85
56, 180, 142, 35
56, 184, 142, 46
56, 90, 142, 41
56, 28, 142, 91
56, 126, 142, 79
56, 128, 143, 86
56, 289, 143, 73
56, 194, 143, 28
56, 130, 143, 6
56, 4, 143, 35
56, 69, 143, 50
56, 265, 143, 94
56, 243, 143, 85
56, 87, 143, 92
56, 122, 143, 84
56, 157, 143, 82
56, 382, 143, 10
56, 351, 143, 13
56, 0, 144, 13
56, 225, 144, 62
56, 4, 144, 35
56, 26, 144, 18
56, 347, 144, 4
56, 131, 145, 62
56, 360, 145, 72
56, 297, 145, 80
56, 276, 145, 85
56, 57, 145, 9
56, 261, 146, 81
56, 325, 146, 47
56, 232, 146, 97
56, 233, 146, 10
56, 75, 146, 73
56, 212, 146, 30
56, 119, 146, 1
56, 355, 147, 27
56, 198, 147, 9
56, 70, 147, 49
56, 392, 147, 83
56, 343, 147, 100
56, 32, 148, 84
56, 321, 148, 54
56, 165, 148, 64
56, 262, 148, 22
56, 136, 148, 66
56, 233, 148, 10
56, 12, 148, 93
56, 365, 148, 32
56, 241, 148, 6
56, 305, 148, 1
56, 217, 148, 4
56, 3, 149, 23
56, 231, 149, 87
56, 106, 149, 68
56, 269, 149, 91
56, 208, 149, 53
56, 48, 149, 62
56, 220, 149, 48
56, 0, 150, 13
56, 320, 150, 15
56, 344, 150, 33
56, 37, 150, 20
56, 41, 150, 55
56, 396, 150, 99
56, 13, 150, 85
56, 44, 150, 89
56, 175, 150, 70
56, 45, 150, 75
56, 369, 150, 87
56, 177, 150, 46
56, 51, 150, 13
56, 211, 150, 26
56, 245, 150, 40
56, 178, 150, 31
56, 248, 150, 20
56, 288, 151, 49
56, 385, 151, 84
56, 386, 151, 42
56, 135, 151, 6
56, 391, 151, 15
56, 109, 151, 3
56, 242, 151, 30
56, 181, 151, 67
56, 150, 151, 81
56, 86, 151, 1
56, 56, 151, 52
56, 251, 151, 63
56, 316, 151, 92
56, 3, 152, 23
56, 4, 152, 35
56, 196, 152, 28
56, 7, 152, 50
56, 135, 152, 6
56, 240, 152, 52
56, 117, 152, 67
56, 312, 152, 61
56, 153, 152, 31
56, 219, 152, 11
56, 29, 152, 31
56, 350, 152, 54
56, 224, 153, 20
56, 44, 153, 89
56, 19, 153, 61
56, 148, 153, 13
56, 247, 153, 67
56, 57, 153, 9
56, 94, 153, 99
56, 31, 153, 20
56, 261, 154, 81
56, 136, 154, 66
56, 10, 154, 50
56, 277, 154, 1
56, 151, 154, 8
56, 281, 154, 57
56, 284, 154, 76
56, 164, 154, 61
56, 179, 154, 29
56, 182, 154, 52
56, 60, 154, 14
56, 67, 154, 58
56, 324, 154, 48
56, 73, 154, 38
56, 74, 154, 2
56, 86, 154, 1
56, 100, 154, 87
56, 102, 154, 14
56, 119, 154, 1
56, 382, 154, 10
56, 260, 155, 73
56, 142, 155, 70
56, 14, 155, 100
56, 17, 155, 81
56, 30, 155, 59
56, 35, 155, 30
56, 311, 155, 33
56, 188, 155, 36
56, 189, 155, 24
56, 194, 155, 28
56, 326, 155, 95
56, 330, 155, 37
56, 206, 155, 4
56, 343, 155, 100
56, 104, 155, 34
56, 235, 155, 56
56, 239, 155, 32
56, 125, 155, 76
56, 378, 155, 77
56, 253, 155, 51
56, 355, 156, 27
56, 324, 156, 48
56, 356, 156, 14
56, 295, 156, 87
56, 327, 156, 90
56, 43, 156, 69
56, 249, 156, 91
56, 318, 156, 64
56, 320, 157, 15
56, 96, 157, 62
56, 41, 157, 55
56, 42, 157, 49
56, 75, 157, 73
56, 170, 157, 66
56, 172, 157, 3
56, 173, 157, 57
56, 271, 157, 87
56, 272, 157, 72
56, 330, 157, 37
56, 18, 157, 9
56, 243, 157, 85
56, 214, 157, 25
56, 279, 157, 26
56, 152, 157, 48
56, 57, 157, 9
56, 252, 157, 3
56, 387, 158, 48
56, 164, 158, 61
56, 295, 158, 87
56, 140, 158, 50
56, 13, 158, 85
56, 365, 158, 32
56, 347, 158, 4
56, 379, 158, 78
56, 20, 158, 78
56, 308, 158, 36
56, 88, 158, 1
56, 377, 158, 21
56, 315, 158, 89
56, 253, 158, 51
56, 131, 159, 62
56, 388, 159, 24
56, 167, 159, 72
56, 232, 159, 97
56, 41, 159, 55
56, 266, 159, 17
56, 206, 159, 4
56, 239, 159, 32
56, 47, 159, 17
56, 145, 159, 90
56, 274, 159, 23
56, 243, 159, 85
56, 87, 159, 92
56, 315, 159, 89
56, 316, 159, 92
56, 96, 160, 62
56, 226, 160, 95
56, 35, 160, 30
56, 388, 160, 24
56, 69, 160, 50
56, 99, 160, 13
56, 259, 160, 90
56, 102, 160, 14
56, 75, 160, 73
56, 398, 160, 81
56, 334, 160, 8
56, 337, 160, 28
56, 20, 160, 78
56, 55, 160, 42
56, 188, 160, 36
56, 286, 160, 80
56, 256, 161, 7
56, 2, 161, 8
56, 389, 161, 51
56, 17, 161, 81
56, 279, 161, 26
56, 53, 161, 30
56, 56, 161, 52
56, 63, 161, 15
56, 76, 161, 82
56, 211, 161, 26
56, 216, 161, 85
56, 96, 161, 62
56, 105, 161, 88
56, 250, 161, 74
56, 107, 161, 23
56, 363, 161, 33
56, 120, 161, 4
56, 378, 161, 77
56, 127, 161, 76
56, 257, 162, 9
56, 203, 162, 65
56, 302, 162, 71
56, 124, 162, 86
56, 48, 162, 62
56, 18, 162, 9
56, 372, 162, 27
56, 245, 162, 40
56, 341, 162, 8
56, 186, 162, 38
56, 123, 162, 9
56, 188, 162, 36
56, 63, 162, 15
56, 319, 162, 73
56, 321, 163, 54
56, 162, 163, 52
56, 390, 163, 83
56, 295, 163, 87
56, 199, 163, 40
56, 204, 163, 5
56, 342, 163, 60
56, 280, 163, 69
56, 59, 163, 97
56, 223, 163, 1
56, 98, 164, 9
56, 99, 164, 13
56, 388, 164, 24
56, 204, 164, 5
56, 368, 164, 29
56, 245, 164, 40
56, 268, 165, 4
56, 397, 165, 77
56, 208, 165, 53
56, 275, 165, 26
56, 150, 165, 81
56, 155, 165, 93
56, 188, 165, 36
56, 193, 166, 35
56, 195, 166, 55
56, 6, 166, 47
56, 106, 166, 68
56, 43, 166, 69
56, 172, 166, 3
56, 76, 166, 82
56, 299, 166, 37
56, 143, 166, 4
56, 115, 166, 13
56, 212, 166, 30
56, 278, 166, 11
56, 247, 166, 67
56, 281, 166, 57
56, 288, 167, 49
56, 354, 167, 7
56, 39, 167, 74
56, 48, 167, 62
56, 213, 167, 7
56, 187, 167, 93
56, 382, 168, 10
56, 326, 168, 95
56, 10, 168, 50
56, 235, 168, 56
56, 207, 168, 83
56, 244, 168, 40
56, 314, 168, 17
56, 123, 168, 9
56, 284, 168, 76
56, 222, 168, 76
56, 195, 169, 55
56, 295, 169, 87
56, 345, 169, 8
56, 137, 169, 40
56, 76, 169, 82
56, 173, 169, 57
56, 190, 169, 33
56, 44, 169, 89
56, 115, 169, 13
56, 117, 169, 67
56, 310, 169, 2
56, 30, 169, 59
56, 217, 169, 4
56, 156, 169, 15
56, 222, 169, 76
56, 64, 170, 57
56, 166, 170, 89
56, 363, 170, 33
56, 270, 170, 69
56, 366, 170, 38
56, 368, 170, 29
56, 211, 170, 26
56, 51, 170, 13
56, 346, 170, 58
56, 220, 170, 48
56, 94, 170, 99
56, 256, 171, 7
56, 4, 171, 35
56, 262, 171, 22
56, 199, 171, 40
56, 265, 171, 94
56, 14, 171, 100
56, 247, 171, 67
56, 251, 171, 63
56, 158, 171, 34
56, 32, 172, 84
56, 68, 172, 37
56, 197, 172, 98
56, 169, 172, 11
56, 395, 172, 11
56, 365, 172, 32
56, 270, 172, 69
56, 212, 172, 30
56, 85, 172, 13
56, 284, 172, 76
56, 343, 172, 100
56, 24, 172, 12
56, 313, 172, 54
56, 154, 172, 76
56, 21, 172, 96
56, 92, 172, 84
56, 350, 173, 54
56, 135, 173, 6
56, 10, 173, 50
56, 11, 173, 63
56, 236, 173, 93
56, 112, 173, 12
56, 48, 173, 62
56, 179, 173, 29
56, 21, 173, 96
56, 215, 173, 8
56, 56, 173, 52
56, 314, 173, 17
56, 62, 173, 33
56, 26, 174, 18
56, 291, 174, 93
56, 132, 174, 26
56, 6, 174, 47
56, 72, 174, 20
56, 296, 174, 23
56, 297, 174, 80
56, 113, 174, 42
56, 18, 174, 9
56, 115, 174, 13
56, 210, 174, 19
56, 213, 174, 7
56, 54, 174, 49
56, 154, 174, 76
56, 288, 175, 49
56, 129, 175, 20
56, 194, 175, 28
56, 258, 175, 32
56, 395, 175, 11
56, 142, 175, 70
56, 81, 175, 45
56, 22, 175, 13
56, 23, 175, 26
56, 281, 175, 57
56, 254, 175, 69
56, 383, 175, 82
56, 32, 176, 84
56, 227, 176, 17
56, 230, 176, 74
56, 299, 176, 37
56, 143, 176, 4
56, 114, 176, 33
56, 24, 176, 12
56, 97, 177, 90
56, 257, 177, 9
56, 197, 177, 98
56, 6, 177, 47
56, 199, 177, 40
56, 73, 177, 38
56, 184, 177, 46
56, 249, 177, 91
56, 229, 178, 98
56, 389, 178, 51
56, 295, 178, 87
56, 124, 178, 86
56, 251, 178, 63
56, 284, 178, 76
56, 222, 178, 76
56, 321, 179, 54
56, 353, 179, 6
56, 291, 179, 93
56, 322, 179, 9
56, 391, 179, 15
56, 395, 179, 11
56, 178, 179, 31
56, 84, 179, 5
56, 310, 179, 2
56, 345, 179, 8
56, 356, 180, 14
56, 68, 180, 37
56, 172, 180, 3
56, 368, 180, 29
56, 21, 180, 96
56, 183, 180, 53
56, 219, 180, 11
56, 64, 181, 57
56, 296, 181, 23
56, 266, 181, 17
56, 396, 181, 99
56, 141, 181, 73
56, 238, 181, 18
56, 173, 181, 57
56, 315, 181, 89
56, 316, 181, 92
56, 190, 181, 33
56, 321, 182, 54
56, 295, 182, 87
56, 391, 182, 15
56, 74, 182, 2
56, 235, 182, 56
56, 77, 182, 38
56, 238, 182, 18
56, 271, 182, 87
56, 175, 182, 70
56, 347, 182, 4
56, 147, 182, 6
56, 277, 182, 1
56, 214, 182, 25
56, 149, 182, 50
56, 376, 182, 40
56, 315, 182, 89
56, 389, 183, 51
56, 13, 183, 85
56, 398, 183, 81
56, 27, 183, 5
56, 289, 183, 73
56, 45, 183, 75
56, 313, 183, 54
56, 314, 183, 17
56, 61, 183, 73
56, 77, 183, 38
56, 78, 183, 34
56, 83, 183, 15
56, 214, 183, 25
56, 99, 183, 13
56, 229, 183, 98
56, 230, 183, 74
56, 362, 183, 29
56, 365, 183, 32
56, 367, 183, 19
56, 122, 183, 84
56, 312, 184, 61
56, 40, 184, 69
56, 363, 184, 33
56, 14, 184, 100
56, 116, 184, 43
56, 280, 184, 69
56, 32, 185, 84
56, 294, 185, 22
56, 366, 185, 38
56, 367, 185, 19
56, 175, 185, 70
56, 209, 185, 26
56, 112, 185, 12
56, 147, 185, 6
56, 340, 185, 6
56, 373, 185, 3
56, 54, 185, 49
56, 20, 185, 78
56, 399, 185, 8
56, 154, 185, 76
56, 187, 185, 93
56, 348, 185, 26
56, 253, 185, 51
56, 255, 185, 84
56, 384, 186, 56
56, 321, 186, 54
56, 4, 186, 35
56, 249, 186, 91
56, 345, 186, 8
56, 267, 186, 12
56, 78, 186, 34
56, 271, 186, 87
56, 110, 186, 76
56, 306, 186, 73
56, 275, 186, 26
56, 23, 186, 26
56, 151, 186, 8
56, 89, 186, 3
56, 188, 186, 36
56, 285, 186, 83
56, 262, 187, 22
56, 234, 187, 87
56, 298, 187, 57
56, 270, 187, 69
56, 308, 187, 36
56, 341, 187, 8
56, 342, 187, 60
56, 311, 187, 33
56, 29, 187, 31
56, 31, 187, 20
56, 32, 188, 84
56, 97, 188, 90
56, 196, 188, 28
56, 328, 188, 20
56, 360, 188, 72
56, 234, 188, 87
56, 299, 188, 37
56, 395, 188, 11
56, 12, 188, 93
56, 52, 188, 82
56, 320, 189, 15
56, 67, 189, 58
56, 102, 189, 14
56, 24, 189, 12
56, 189, 189, 24
56, 350, 189, 54
56, 289, 190, 73
56, 73, 190, 38
56, 366, 190, 38
56, 246, 190, 24
56, 312, 190, 61
56, 122, 190, 84
56, 290, 191, 25
56, 287, 191, 100
56, 154, 191, 76
56, 231, 191, 87
56, 394, 191, 93
56, 270, 191, 69
56, 47, 191, 17
56, 334, 191, 8
56, 273, 191, 18
56, 370, 191, 44
56, 307, 191, 55
56, 22, 191, 13
56, 342, 191, 60
56, 90, 191, 41
56, 27, 191, 5
56, 60, 191, 14
56, 383, 191, 82
56, 288, 192, 49
56, 359, 192, 33
56, 9, 192, 38
56, 266, 192, 17
56, 238, 192, 18
56, 175, 192, 70
56, 367, 192, 19
56, 182, 192, 52
56, 151, 192, 8
56, 7, 193, 50
56, 233, 193, 10
56, 203, 193, 65
56, 366, 193, 38
56, 238, 193, 18
56, 241, 193, 6
56, 305, 193, 1
56, 277, 193, 1
56, 215, 193, 8
56, 95, 193, 87
56, 192, 194, 34
56, 134, 194, 57
56, 167, 194, 72
56, 363, 194, 33
56, 371, 194, 3
56, 372, 194, 27
56, 376, 194, 40
56, 217, 194, 4
56, 187, 194, 93
56, 127, 194, 76
56, 256, 195, 7
56, 196, 195, 28
56, 293, 195, 33
56, 74, 195, 2
56, 271, 195, 87
56, 374, 195, 22
56, 24, 195, 12
56, 283, 195, 80
56, 380, 195, 11
56, 317, 195, 16
56, 62, 195, 33
56, 232, 196, 97
56, 169, 196, 11
56, 202, 196, 68
56, 111, 196, 75
56, 112, 196, 12
56, 367, 196, 19
56, 50, 196, 90
56, 217, 196, 4
56, 68, 197, 37
56, 5, 197, 33
56, 373, 197, 3
56, 117, 197, 67
56, 183, 197, 53
56, 88, 197, 1
56, 149, 197, 50
56, 56, 197, 52
56, 92, 197, 84
56, 287, 197, 100
56, 67, 198, 58
56, 228, 198, 14
56, 259, 198, 90
56, 297, 198, 80
56, 43, 198, 69
56, 299, 198, 37
56, 365, 198, 32
56, 371, 198, 3
56, 308, 198, 36
56, 20, 198, 78
56, 283, 198, 80
56, 156, 198, 15
56, 98, 199, 9
56, 130, 199, 6
56, 196, 199, 28
56, 37, 199, 20
56, 105, 199, 88
56, 45, 199, 75
56, 77, 199, 38
56, 184, 199, 46
56, 377, 199, 21
56, 350, 199, 54
