200, 400, 20
4, 96, 0, 9
4, 128, 0, 94
4, 323, 0, 37
4, 250, 0, 20
4, 205, 0, 46
4, 78, 0, 82
4, 272, 0, 9
4, 279, 0, 65
4, 346, 0, 30
4, 221, 0, 53
4, 384, 1, 52
4, 163, 1, 79
4, 38, 1, 15
4, 39, 1, 24
4, 232, 1, 4
4, 10, 1, 23
4, 235, 1, 18
4, 204, 1, 35
4, 44, 1, 42
4, 346, 1, 30
4, 139, 1, 62
4, 306, 1, 6
4, 212, 1, 75
4, 277, 1, 22
4, 120, 1, 2
4, 314, 1, 83
4, 95, 1, 23
4, 361, 2, 66
4, 107, 2, 84
4, 301, 2, 1
4, 205, 2, 46
4, 218, 2, 73
4, 283, 2, 80
4, 286, 2, 95
4, 129, 3, 65
4, 226, 3, 90
4, 169, 3, 18
4, 300, 3, 74
4, 368, 3, 90
4, 17, 3, 88
4, 112, 3, 56
4, 117, 3, 96
4, 214, 3, 48
4, 122, 3, 92
4, 219, 3, 85
4, 33, 4, 71
4, 290, 4, 43
4, 68, 4, 2
4, 230, 4, 78
4, 358, 4, 75
4, 137, 4, 9
4, 237, 4, 37
4, 81, 4, 76
4, 82, 4, 36
4, 212, 4, 75
4, 53, 4, 6
4, 85, 4, 27
4, 158, 4, 64
4, 385, 5, 87
4, 324, 5, 17
4, 41, 5, 27
4, 364, 5, 52
4, 108, 5, 16
4, 367, 5, 51
4, 368, 5, 90
4, 345, 5, 85
4, 352, 6, 36
4, 386, 6, 64
4, 356, 6, 7
4, 70, 6, 63
4, 105, 6, 89
4, 170, 6, 76
4, 267, 6, 68
4, 365, 6, 80
4, 174, 6, 26
4, 241, 6, 66
4, 82, 6, 36
4, 150, 6, 70
4, 342, 6, 87
4, 349, 6, 30
4, 352, 7, 36
4, 224, 7, 51
4, 289, 7, 15
4, 248, 7, 9
4, 260, 7, 70
4, 232, 7, 4
4, 169, 7, 18
4, 394, 7, 87
4, 267, 7, 68
4, 273, 7, 4
4, 146, 7, 70
4, 307, 7, 22
4, 180, 7, 80
4, 24, 7, 70
4, 217, 7, 25
4, 252, 7, 94
4, 191, 7, 46
4, 248, 8, 9
4, 227, 8, 77
4, 165, 8, 93
4, 347, 8, 95
4, 43, 8, 9
4, 123, 8, 35
4, 338, 8, 99
4, 211, 8, 83
4, 339, 8, 21
4, 53, 8, 6
4, 274, 8, 41
4, 215, 8, 3
4, 88, 8, 38
4, 249, 8, 33
4, 346, 8, 30
4, 210, 8, 89
4, 93, 8, 54
4, 350, 8, 73
4, 224, 9, 51
4, 97, 9, 32
4, 132, 9, 67
4, 202, 9, 33
4, 43, 9, 9
4, 363, 9, 91
4, 301, 9, 1
4, 398, 9, 49
4, 175, 9, 84
4, 81, 9, 76
4, 370, 9, 90
4, 145, 9, 67
4, 244, 9, 23
4, 213, 9, 60
4, 381, 9, 41
4, 358, 10, 75
4, 263, 10, 59
4, 328, 10, 93
4, 182, 10, 81
4, 55, 10, 25
4, 281, 10, 71
4, 29, 10, 69
4, 2, 11, 6
4, 171, 11, 19
4, 268, 11, 60
4, 299, 11, 57
4, 112, 11, 56
4, 80, 11, 49
4, 306, 11, 6
4, 243, 11, 2
4, 240, 11, 11
4, 249, 11, 33
4, 283, 11, 80
4, 57, 11, 26
4, 319, 11, 84
4, 329, 12, 2
4, 170, 12, 76
4, 299, 12, 57
4, 367, 12, 51
4, 313, 12, 35
4, 161, 13, 9
4, 97, 13, 32
4, 325, 13, 59
4, 236, 13, 61
4, 237, 13, 37
4, 50, 13, 61
4, 277, 13, 22
4, 87, 13, 62
4, 151, 13, 37
4, 29, 13, 69
4, 127, 13, 4
4, 8, 14, 100
4, 9, 14, 84
4, 10, 14, 23
4, 139, 14, 62
4, 106, 14, 30
4, 333, 14, 59
4, 14, 14, 43
4, 392, 14, 93
4, 112, 14, 56
4, 118, 14, 4
4, 375, 14, 19
4, 349, 14, 30
4, 94, 14, 5
4, 350, 15, 73
4, 383, 15, 12
4, 297, 15, 63
4, 330, 15, 35
4, 43, 15, 9
4, 236, 15, 61
4, 337, 15, 99
4, 373, 15, 5
4, 88, 15, 38
4, 190, 15, 32
4, 286, 15, 95
4, 34, 16, 1
4, 3, 16, 39
4, 227, 16, 77
4, 9, 16, 84
4, 234, 16, 15
4, 76, 16, 25
4, 302, 16, 72
4, 335, 16, 43
4, 208, 16, 82
4, 113, 16, 13
4, 251, 16, 99
4, 178, 16, 67
4, 242, 16, 42
4, 16, 16, 72
4, 217, 16, 25
4, 91, 16, 33
4, 318, 16, 65
4, 64, 17, 77
4, 99, 17, 95
4, 4, 17, 70
4, 131, 17, 6
4, 201, 17, 64
4, 105, 17, 89
4, 211, 17, 83
4, 22, 17, 56
4, 157, 17, 88
4, 382, 17, 42
4, 96, 18, 9
4, 225, 18, 3
4, 130, 18, 69
4, 162, 18, 28
4, 163, 18, 79
4, 5, 18, 73
4, 390, 18, 23
4, 135, 18, 41
4, 136, 18, 66
4, 167, 18, 49
4, 10, 18, 23
4, 355, 18, 71
4, 45, 18, 21
4, 368, 18, 90
4, 338, 18, 99
4, 254, 18, 9
4, 158, 18, 64
4, 190, 18, 32
4, 321, 19, 13
4, 354, 19, 2
4, 33, 19, 71
4, 132, 19, 67
4, 65, 19, 30
4, 327, 19, 96
4, 168, 19, 83
4, 73, 19, 16
4, 11, 19, 22
4, 172, 19, 28
4, 335, 19, 43
4, 61, 19, 59
4, 372, 19, 74
4, 215, 19, 3
4, 249, 19, 33
4, 381, 19, 41
4, 192, 20, 11
4, 66, 20, 17
4, 344, 20, 68
4, 294, 20, 96
4, 390, 20, 23
4, 137, 20, 9
4, 362, 20, 86
4, 203, 20, 54
4, 202, 20, 33
4, 45, 20, 21
4, 367, 20, 51
4, 125, 20, 20
4, 55, 20, 25
4, 248, 20, 9
4, 379, 20, 28
4, 253, 20, 21
4, 350, 20, 73
4, 159, 20, 29
4, 3, 21, 39
4, 261, 21, 16
4, 24, 21, 70
4, 156, 21, 87
4, 37, 21, 58
4, 298, 21, 29
4, 46, 21, 80
4, 52, 21, 31
4, 181, 21, 27
4, 315, 21, 97
4, 187, 21, 86
4, 322, 21, 46
4, 72, 21, 100
4, 206, 21, 15
4, 341, 21, 89
4, 89, 21, 1
4, 231, 21, 61
4, 359, 21, 53
4, 234, 21, 15
4, 287, 22, 72
4, 166, 22, 41
4, 351, 22, 92
4, 264, 22, 23
4, 297, 22, 63
4, 74, 22, 97
4, 202, 22, 33
4, 234, 22, 15
4, 45, 22, 21
4, 46, 22, 80
4, 142, 22, 8
4, 273, 22, 4
4, 52, 22, 31
4, 277, 22, 22
4, 23, 22, 30
4, 157, 22, 88
4, 255, 22, 59
4, 96, 23, 9
4, 2, 23, 6
4, 99, 23, 95
4, 260, 23, 70
4, 103, 23, 90
4, 392, 23, 93
4, 236, 23, 61
4, 239, 23, 49
4, 52, 23, 31
4, 181, 23, 27
4, 376, 23, 88
4, 24, 23, 70
4, 220, 23, 6
4, 381, 23, 41
4, 222, 23, 25
4, 263, 24, 59
4, 10, 24, 23
4, 362, 24, 86
4, 363, 24, 91
4, 302, 24, 72
4, 366, 24, 71
4, 192, 25, 11
4, 291, 25, 62
4, 356, 25, 7
4, 327, 25, 96
4, 203, 25, 54
4, 110, 25, 25
4, 79, 25, 87
4, 238, 25, 43
4, 16, 25, 72
4, 306, 25, 6
4, 175, 25, 84
4, 112, 25, 56
4, 15, 25, 35
4, 22, 25, 56
4, 54, 25, 69
4, 56, 25, 54
4, 253, 25, 21
4, 65, 26, 30
4, 195, 26, 6
4, 197, 26, 83
4, 262, 26, 31
4, 104, 26, 52
4, 394, 26, 87
4, 82, 26, 36
4, 374, 26, 78
4, 346, 26, 30
4, 127, 26, 4
4, 288, 27, 32
4, 128, 27, 94
4, 162, 27, 28
4, 354, 27, 2
4, 41, 27, 27
4, 335, 27, 43
4, 176, 27, 27
4, 273, 27, 4
4, 315, 27, 97
4, 275, 27, 37
4, 20, 27, 22
4, 181, 27, 27
4, 54, 27, 69
4, 182, 27, 81
4, 248, 27, 9
4, 59, 27, 31
4, 222, 27, 25
4, 383, 27, 12
4, 35, 28, 92
4, 292, 28, 84
4, 344, 28, 68
4, 41, 28, 27
4, 59, 28, 31
4, 11, 28, 22
4, 300, 28, 74
4, 334, 28, 55
4, 16, 28, 72
4, 19, 28, 11
4, 152, 28, 73
4, 27, 28, 62
4, 385, 29, 87
4, 4, 29, 70
4, 272, 29, 9
4, 17, 29, 88
4, 282, 29, 29
4, 32, 29, 85
4, 176, 29, 27
4, 49, 29, 74
4, 196, 29, 9
4, 325, 29, 59
4, 74, 29, 97
4, 78, 29, 82
4, 338, 29, 99
4, 85, 29, 27
4, 216, 29, 72
4, 91, 29, 33
4, 225, 29, 3
4, 103, 29, 90
4, 367, 29, 51
4, 122, 29, 92
4, 292, 30, 84
4, 100, 30, 72
4, 326, 30, 37
4, 327, 30, 96
4, 293, 30, 99
4, 148, 30, 21
4, 281, 30, 71
4, 1, 31, 11
4, 129, 31, 65
4, 226, 31, 90
4, 5, 31, 73
4, 39, 31, 24
4, 391, 31, 15
4, 329, 31, 2
4, 123, 31, 35
4, 332, 31, 92
4, 366, 31, 71
4, 80, 31, 49
4, 146, 31, 70
4, 338, 31, 99
4, 212, 31, 75
4, 341, 31, 89
4, 91, 31, 33
4, 285, 31, 53
4, 382, 31, 42
4, 34, 32, 1
4, 165, 32, 93
4, 261, 32, 16
4, 136, 32, 66
4, 10, 32, 23
4, 267, 32, 68
4, 171, 32, 19
4, 174, 32, 26
4, 80, 32, 49
4, 370, 32, 90
4, 179, 32, 8
4, 187, 32, 86
4, 222, 32, 25
4, 223, 32, 57
4, 161, 33, 9
4, 226, 33, 90
4, 170, 33, 76
4, 202, 33, 33
4, 365, 33, 80
4, 177, 33, 55
4, 370, 33, 90
4, 157, 33, 88
4, 94, 33, 5
4, 255, 33, 59
4, 35, 34, 92
4, 292, 34, 84
4, 196, 34, 9
4, 297, 34, 63
4, 362, 34, 86
4, 171, 34, 19
4, 45, 34, 21
4, 238, 34, 43
4, 176, 34, 27
4, 50, 34, 61
4, 51, 34, 46
4, 178, 34, 67
4, 309, 34, 62
4, 54, 34, 69
4, 152, 34, 73
4, 282, 34, 29
4, 188, 34, 10
4, 260, 35, 70
4, 261, 35, 16
4, 264, 35, 23
4, 394, 35, 87
4, 397, 35, 64
4, 278, 35, 52
4, 279, 35, 65
4, 290, 35, 43
4, 34, 35, 1
4, 55, 35, 25
4, 185, 35, 77
4, 192, 35, 11
4, 193, 35, 68
4, 326, 35, 37
4, 198, 35, 100
4, 79, 35, 87
4, 223, 35, 57
4, 379, 35, 28
4, 125, 35, 20
4, 383, 35, 12
4, 226, 36, 90
4, 36, 36, 93
4, 229, 36, 71
4, 6, 36, 70
4, 168, 36, 83
4, 9, 36, 84
4, 300, 36, 74
4, 301, 36, 1
4, 172, 36, 28
4, 16, 36, 72
4, 273, 36, 4
4, 148, 36, 21
4, 280, 36, 100
4, 348, 36, 7
4, 93, 36, 54
4, 4, 37, 70
4, 389, 37, 9
4, 102, 37, 18
4, 103, 37, 90
4, 296, 37, 46
4, 292, 37, 84
4, 170, 37, 76
4, 75, 37, 32
4, 8, 37, 100
4, 77, 37, 53
4, 110, 37, 25
4, 367, 37, 51
4, 369, 37, 92
4, 310, 37, 54
4, 27, 37, 62
4, 287, 37, 72
4, 353, 38, 7
4, 101, 38, 51
4, 358, 38, 75
4, 364, 38, 52
4, 77, 38, 53
4, 302, 38, 72
4, 345, 38, 85
4, 156, 38, 87
4, 224, 39, 51
4, 296, 39, 46
4, 299, 39, 57
4, 397, 39, 64
4, 113, 39, 13
4, 337, 39, 99
4, 84, 39, 49
4, 181, 39, 27
4, 245, 39, 64
4, 118, 39, 4
4, 182, 39, 81
4, 373, 39, 5
4, 27, 39, 62
4, 322, 40, 46
4, 355, 40, 71
4, 358, 40, 75
4, 390, 40, 23
4, 265, 40, 33
4, 394, 40, 87
4, 142, 40, 8
4, 151, 40, 37
4, 226, 41, 90
4, 163, 41, 79
4, 229, 41, 71
4, 393, 41, 28
4, 330, 41, 35
4, 361, 41, 66
4, 395, 41, 69
4, 239, 41, 49
4, 48, 41, 82
4, 342, 41, 87
4, 252, 41, 94
4, 63, 41, 66
4, 127, 41, 4
4, 34, 42, 1
4, 35, 42, 92
4, 106, 42, 30
4, 207, 42, 19
4, 17, 42, 88
4, 148, 42, 21
4, 86, 42, 38
4, 190, 42, 32
4, 62, 42, 18
4, 325, 43, 59
4, 294, 43, 96
4, 111, 43, 39
4, 115, 43, 35
4, 23, 43, 30
4, 25, 43, 40
4, 218, 43, 73
4, 123, 43, 35
4, 29, 43, 69
4, 256, 44, 70
4, 288, 44, 32
4, 34, 44, 1
4, 293, 44, 99
4, 41, 44, 27
4, 108, 44, 16
4, 208, 44, 82
4, 337, 44, 99
4, 211, 44, 83
4, 212, 44, 75
4, 30, 44, 10
4, 118, 44, 4
4, 151, 44, 37
4, 316, 44, 2
4, 126, 44, 65
4, 190, 44, 32
4, 158, 44, 64
4, 63, 44, 66
4, 326, 45, 37
4, 330, 45, 35
4, 45, 45, 21
4, 16, 45, 72
4, 346, 45, 30
4, 349, 45, 30
4, 260, 46, 70
4, 263, 46, 59
4, 265, 46, 33
4, 274, 46, 41
4, 287, 46, 72
4, 159, 46, 29
4, 293, 46, 99
4, 294, 46, 96
4, 55, 46, 25
4, 324, 46, 17
4, 197, 46, 83
4, 101, 46, 51
4, 231, 46, 61
4, 232, 46, 4
4, 360, 46, 82
4, 362, 46, 86
4, 107, 46, 84
4, 237, 46, 37
4, 116, 46, 95
4, 378, 46, 92
4, 129, 47, 65
4, 260, 47, 70
4, 262, 47, 31
4, 390, 47, 23
4, 266, 47, 29
4, 25, 47, 40
4, 284, 47, 49
4, 173, 47, 24
4, 304, 47, 27
4, 49, 47, 74
4, 179, 47, 8
4, 328, 47, 93
4, 201, 47, 64
4, 75, 47, 32
4, 206, 47, 15
4, 223, 47, 57
4, 355, 47, 71
4, 361, 47, 66
4, 110, 47, 25
4, 122, 47, 92
4, 129, 48, 65
4, 38, 48, 15
4, 40, 48, 22
4, 73, 48, 16
4, 10, 48, 23
4, 236, 48, 61
4, 48, 48, 82
4, 337, 48, 99
4, 211, 48, 83
4, 182, 48, 81
4, 282, 48, 29
4, 61, 48, 59
4, 64, 49, 77
4, 256, 49, 70
4, 4, 49, 70
4, 107, 49, 84
4, 238, 49, 43
4, 79, 49, 87
4, 368, 49, 90
4, 315, 49, 97
4, 111, 49, 39
4, 276, 49, 65
4, 152, 49, 73
4, 27, 49, 62
4, 351, 49, 92
4, 224, 50, 51
4, 384, 50, 52
4, 194, 50, 24
4, 161, 50, 9
4, 97, 50, 32
4, 263, 50, 59
4, 362, 50, 86
4, 77, 50, 53
4, 378, 50, 92
4, 62, 50, 18
4, 128, 51, 94
4, 290, 51, 43
4, 8, 51, 100
4, 104, 51, 52
4, 270, 51, 39
4, 374, 51, 78
4, 155, 51, 50
4, 352, 52, 36
4, 1, 52, 11
4, 384, 52, 52
4, 129, 52, 65
4, 100, 52, 72
4, 320, 52, 100
4, 167, 52, 49
4, 137, 52, 9
4, 106, 52, 30
4, 298, 52, 29
4, 234, 52, 15
4, 144, 52, 30
4, 81, 52, 76
4, 272, 52, 9
4, 336, 52, 50
4, 154, 52, 37
4, 33, 53, 71
4, 390, 53, 23
4, 231, 53, 61
4, 235, 53, 18
4, 397, 53, 64
4, 334, 53, 55
4, 146, 53, 70
4, 307, 53, 22
4, 54, 53, 69
4, 88, 53, 38
4, 153, 53, 63
4, 379, 53, 28
4, 63, 53, 66
4, 5, 54, 73
4, 134, 54, 87
4, 101, 54, 51
4, 361, 54, 66
4, 330, 54, 35
4, 137, 54, 9
4, 267, 54, 68
4, 13, 54, 13
4, 302, 54, 72
4, 300, 54, 74
4, 144, 54, 30
4, 145, 54, 67
4, 52, 54, 31
4, 183, 54, 92
4, 24, 54, 70
4, 122, 54, 92
4, 317, 54, 51
4, 64, 55, 77
4, 384, 55, 52
4, 258, 55, 45
4, 356, 55, 7
4, 228, 55, 8
4, 294, 55, 96
4, 137, 55, 9
4, 107, 55, 84
4, 238, 55, 43
4, 49, 55, 74
4, 147, 55, 52
4, 157, 55, 88
4, 2, 56, 6
4, 388, 56, 75
4, 232, 56, 4
4, 235, 56, 18
4, 44, 56, 42
4, 43, 56, 9
4, 208, 56, 82
4, 308, 56, 52
4, 213, 56, 60
4, 85, 56, 27
4, 375, 56, 19
4, 58, 56, 47
4, 348, 56, 7
4, 7, 57, 10
4, 393, 57, 28
4, 12, 57, 55
4, 369, 57, 92
4, 351, 57, 92
4, 97, 58, 32
4, 344, 58, 68
4, 292, 58, 84
4, 260, 58, 70
4, 70, 58, 63
4, 345, 58, 85
4, 329, 58, 2
4, 46, 58, 80
4, 367, 58, 51
4, 24, 58, 70
4, 57, 58, 26
4, 187, 58, 86
4, 285, 58, 53
4, 254, 58, 9
4, 65, 59, 30
4, 66, 59, 17
4, 323, 59, 37
4, 326, 59, 37
4, 281, 59, 71
4, 360, 59, 82
4, 202, 59, 33
4, 204, 59, 35
4, 270, 59, 39
4, 21, 59, 90
4, 121, 59, 44
4, 27, 59, 62
4, 289, 60, 15
4, 129, 60, 65
4, 3, 60, 39
4, 261, 60, 16
4, 357, 60, 79
4, 71, 60, 37
4, 41, 60, 27
4, 207, 60, 19
4, 48, 60, 82
4, 370, 60, 90
4, 114, 60, 33
4, 374, 60, 78
4, 186, 60, 66
4, 315, 60, 97
4, 316, 60, 2
4, 94, 60, 5
4, 322, 61, 46
4, 71, 61, 37
4, 392, 61, 93
4, 233, 61, 58
4, 79, 61, 87
4, 143, 61, 21
4, 51, 61, 46
4, 373, 61, 5
4, 218, 61, 73
4, 385, 62, 87
4, 264, 62, 23
4, 297, 62, 63
4, 370, 62, 90
4, 275, 62, 37
4, 180, 62, 80
4, 152, 62, 73
4, 284, 62, 49
4, 161, 63, 9
4, 130, 63, 69
4, 132, 63, 67
4, 392, 63, 93
4, 233, 63, 58
4, 308, 63, 52
4, 23, 63, 30
4, 280, 63, 100
4, 385, 64, 87
4, 139, 64, 62
4, 141, 64, 87
4, 142, 64, 8
4, 150, 64, 70
4, 153, 64, 63
4, 163, 64, 79
4, 169, 64, 18
4, 52, 64, 31
4, 70, 64, 63
4, 199, 64, 52
4, 332, 64, 92
4, 77, 64, 53
4, 345, 64, 85
4, 91, 64, 33
4, 353, 64, 7
4, 354, 64, 2
4, 228, 64, 8
4, 250, 64, 20
4, 99, 65, 95
4, 228, 65, 8
4, 387, 65, 81
4, 133, 65, 96
4, 388, 65, 75
4, 136, 65, 66
4, 297, 65, 63
4, 195, 65, 6
4, 299, 65, 57
4, 44, 65, 42
4, 174, 65, 26
4, 303, 65, 29
4, 305, 65, 8
4, 146, 65, 70
4, 17, 65, 88
4, 64, 66, 77
4, 160, 66, 90
4, 258, 66, 45
4, 58, 66, 47
4, 137, 66, 9
4, 138, 66, 67
4, 330, 66, 35
4, 396, 66, 48
4, 45, 66, 21
4, 83, 66, 53
4, 24, 66, 70
4, 153, 66, 63
4, 346, 66, 30
4, 347, 66, 95
4, 252, 66, 94
4, 223, 66, 57
4, 261, 67, 16
4, 326, 67, 37
4, 167, 67, 49
4, 360, 67, 82
4, 298, 67, 29
4, 111, 67, 39
4, 272, 67, 9
4, 15, 67, 35
4, 341, 67, 89
4, 118, 67, 4
4, 183, 67, 92
4, 350, 67, 73
4, 31, 67, 90
4, 128, 68, 94
4, 289, 68, 15
4, 101, 68, 51
4, 42, 68, 76
4, 396, 68, 48
4, 44, 68, 42
4, 399, 68, 17
4, 240, 68, 11
4, 209, 68, 79
4, 48, 68, 82
4, 272, 68, 9
4, 114, 68, 33
4, 211, 68, 83
4, 250, 68, 20
4, 320, 69, 100
4, 121, 69, 44
4, 290, 69, 43
4, 382, 69, 42
4, 101, 69, 51
4, 168, 69, 83
4, 297, 69, 63
4, 172, 69, 28
4, 301, 69, 1
4, 399, 69, 17
4, 147, 69, 52
4, 373, 69, 5
4, 189, 69, 89
4, 88, 69, 38
4, 185, 69, 77
4, 221, 69, 53
4, 190, 69, 32
4, 127, 69, 4
4, 320, 70, 100
4, 34, 70, 1
4, 4, 70, 70
4, 294, 70, 96
4, 236, 70, 61
4, 271, 70, 31
4, 343, 70, 1
4, 221, 70, 53
4, 94, 70, 5
4, 387, 71, 81
4, 260, 71, 70
4, 261, 71, 16
4, 331, 71, 15
4, 374, 71, 78
4, 345, 71, 85
4, 346, 71, 30
4, 255, 71, 59
4, 260, 72, 70
4, 357, 72, 79
4, 166, 72, 41
4, 199, 72, 52
4, 330, 72, 35
4, 173, 72, 24
4, 271, 72, 31
4, 143, 72, 21
4, 50, 72, 61
4, 83, 72, 53
4, 244, 72, 23
4, 149, 72, 90
4, 119, 72, 60
4, 184, 72, 88
4, 347, 72, 95
4, 254, 72, 9
4, 390, 73, 23
4, 264, 73, 23
4, 268, 73, 60
4, 142, 73, 8
4, 15, 73, 35
4, 46, 73, 80
4, 302, 73, 72
4, 185, 73, 77
4, 318, 73, 65
4, 72, 73, 100
4, 330, 73, 35
4, 75, 73, 32
4, 202, 73, 33
4, 87, 73, 62
4, 89, 73, 1
4, 91, 73, 33
4, 96, 73, 9
4, 99, 73, 95
4, 356, 73, 7
4, 371, 73, 36
4, 248, 74, 9
4, 287, 74, 72
4, 70, 74, 63
4, 281, 74, 71
4, 8, 74, 100
4, 44, 74, 42
4, 13, 74, 13
4, 238, 74, 43
4, 306, 74, 6
4, 54, 74, 69
4, 214, 74, 48
4, 56, 74, 54
4, 313, 74, 35
4, 156, 74, 87
4, 221, 74, 53
4, 30, 74, 10
4, 127, 74, 4
4, 356, 75, 7
4, 82, 75, 36
4, 213, 75, 60
4, 183, 75, 92
4, 250, 75, 20
4, 381, 75, 41
4, 136, 76, 66
4, 393, 76, 28
4, 394, 76, 87
4, 11, 76, 22
4, 44, 76, 42
4, 364, 76, 52
4, 142, 76, 8
4, 79, 76, 87
4, 381, 76, 41
4, 24, 76, 70
4, 281, 76, 71
4, 282, 76, 29
4, 348, 76, 7
4, 253, 76, 21
4, 190, 76, 32
4, 319, 76, 84
4, 352, 77, 36
4, 257, 77, 31
4, 161, 77, 9
4, 131, 77, 6
4, 70, 77, 63
4, 104, 77, 52
4, 232, 77, 4
4, 297, 77, 63
4, 75, 77, 32
4, 44, 77, 42
4, 243, 77, 2
4, 247, 77, 47
4, 120, 77, 2
4, 283, 77, 80
4, 380, 77, 73
4, 31, 77, 90
4, 384, 78, 52
4, 68, 78, 2
4, 296, 78, 46
4, 201, 78, 64
4, 137, 78, 9
4, 329, 78, 2
4, 396, 78, 48
4, 142, 78, 8
4, 304, 78, 27
4, 309, 78, 62
4, 85, 78, 27
4, 152, 78, 73
4, 28, 78, 95
4, 349, 78, 30
4, 64, 79, 77
4, 332, 79, 92
4, 45, 79, 21
4, 336, 79, 50
4, 306, 79, 6
4, 51, 79, 46
4, 372, 79, 74
4, 118, 79, 4
4, 279, 79, 65
4, 313, 79, 35
4, 346, 79, 30
4, 0, 80, 16
4, 235, 80, 18
4, 307, 80, 22
4, 21, 80, 90
4, 344, 80, 68
4, 154, 80, 37
4, 287, 80, 72
4, 388, 81, 75
4, 165, 81, 93
4, 164, 81, 63
4, 172, 81, 28
4, 140, 81, 73
4, 173, 81, 24
4, 253, 81, 21
4, 317, 81, 51
4, 260, 82, 70
4, 4, 82, 70
4, 19, 82, 11
4, 160, 82, 90
4, 32, 82, 85
4, 170, 82, 76
4, 299, 82, 57
4, 48, 82, 82
4, 311, 82, 71
4, 186, 82, 66
4, 197, 82, 83
4, 71, 82, 37
4, 72, 82, 100
4, 331, 82, 15
4, 334, 82, 55
4, 337, 82, 99
4, 211, 82, 83
4, 102, 82, 18
4, 369, 82, 92
4, 164, 83, 63
4, 363, 83, 91
4, 80, 83, 49
4, 315, 83, 97
4, 349, 83, 30
4, 232, 84, 4
4, 170, 84, 76
4, 298, 84, 29
4, 12, 84, 55
4, 331, 84, 15
4, 366, 84, 71
4, 49, 84, 74
4, 149, 84, 90
4, 252, 84, 94
4, 129, 85, 65
4, 265, 85, 33
4, 267, 85, 68
4, 396, 85, 48
4, 139, 85, 62
4, 17, 85, 88
4, 146, 85, 70
4, 281, 85, 71
4, 27, 85, 62
4, 41, 85, 27
4, 188, 85, 10
4, 319, 85, 84
4, 80, 85, 49
4, 213, 85, 60
4, 214, 85, 48
4, 233, 85, 58
4, 117, 85, 96
4, 373, 85, 5
4, 379, 85, 28
4, 288, 86, 32
4, 195, 86, 6
4, 67, 86, 94
4, 229, 86, 71
4, 166, 86, 41
4, 200, 86, 59
4, 106, 86, 30
4, 47, 86, 4
4, 80, 86, 49
4, 144, 86, 30
4, 210, 86, 89
4, 180, 86, 80
4, 53, 86, 6
4, 376, 86, 88
4, 222, 86, 25
4, 64, 87, 77
4, 0, 87, 16
4, 387, 87, 81
4, 132, 87, 67
4, 357, 87, 79
4, 166, 87, 41
4, 134, 87, 87
4, 106, 87, 30
4, 110, 87, 25
4, 146, 87, 70
4, 371, 87, 36
4, 278, 87, 52
4, 343, 87, 1
4, 156, 87, 87
4, 256, 88, 70
4, 262, 88, 31
4, 135, 88, 41
4, 270, 88, 39
4, 79, 88, 87
4, 274, 88, 41
4, 124, 88, 6
4, 349, 88, 30
4, 351, 88, 92
4, 390, 89, 23
4, 144, 89, 30
4, 16, 89, 72
4, 306, 89, 6
4, 246, 89, 94
4, 56, 89, 54
4, 384, 90, 52
4, 130, 90, 69
4, 356, 90, 7
4, 232, 90, 4
4, 268, 90, 60
4, 204, 90, 35
4, 398, 90, 49
4, 177, 90, 55
4, 145, 90, 67
4, 255, 90, 59
4, 288, 91, 32
4, 225, 91, 3
4, 132, 91, 67
4, 360, 91, 82
4, 106, 91, 30
4, 203, 91, 54
4, 171, 91, 19
4, 240, 91, 11
4, 347, 91, 95
4, 315, 91, 97
4, 128, 92, 94
4, 66, 92, 17
4, 5, 92, 73
4, 101, 92, 51
4, 327, 92, 96
4, 229, 92, 71
4, 373, 92, 5
4, 25, 92, 40
4, 317, 92, 51
4, 354, 93, 2
4, 230, 93, 78
4, 204, 93, 35
4, 210, 93, 89
4, 339, 93, 21
4, 190, 93, 32
4, 385, 94, 87
4, 129, 94, 65
4, 77, 94, 53
4, 146, 94, 70
4, 253, 94, 21
4, 2, 95, 6
4, 392, 95, 93
4, 172, 95, 28
4, 240, 95, 11
4, 312, 95, 82
4, 290, 96, 43
4, 255, 96, 59
4, 88, 96, 38
4, 73, 96, 16
4, 9, 96, 84
4, 45, 96, 21
4, 78, 96, 82
4, 366, 96, 71
4, 177, 96, 55
4, 369, 96, 92
4, 243, 96, 2
4, 180, 96, 80
4, 55, 96, 25
4, 216, 96, 72
4, 153, 96, 63
4, 315, 96, 97
4, 351, 96, 92
4, 33, 97, 71
4, 162, 97, 28
4, 185, 97, 77
4, 193, 97, 68
4, 98, 97, 73
4, 134, 97, 87
4, 359, 97, 53
4, 137, 97, 9
4, 172, 97, 28
4, 14, 97, 43
4, 308, 97, 52
4, 374, 97, 78
4, 313, 97, 35
4, 285, 97, 53
4, 157, 97, 88
4, 288, 98, 32
4, 353, 98, 7
4, 130, 98, 69
4, 66, 98, 17
4, 356, 98, 7
4, 133, 98, 96
4, 326, 98, 37
4, 327, 98, 96
4, 10, 98, 23
4, 107, 98, 84
4, 48, 98, 82
4, 309, 98, 62
4, 342, 98, 87
4, 311, 98, 71
4, 251, 98, 99
4, 60, 98, 36
4, 189, 98, 89
4, 5, 99, 73
4, 390, 99, 23
4, 393, 99, 28
4, 15, 99, 35
4, 144, 99, 30
4, 20, 99, 22
4, 280, 99, 100
4, 284, 99, 49
4, 298, 99, 29
4, 50, 99, 61
4, 53, 99, 6
4, 310, 99, 54
4, 55, 99, 25
4, 190, 99, 32
4, 333, 99, 59
4, 345, 99, 85
4, 97, 99, 32
4, 362, 99, 86
4, 363, 99, 91
4, 318, 100, 65
4, 258, 100, 45
4, 2, 100, 6
4, 58, 100, 47
4, 323, 100, 37
4, 326, 100, 37
4, 231, 100, 61
4, 102, 100, 18
4, 297, 100, 63
4, 72, 100, 100
4, 75, 100, 32
4, 365, 100, 80
4, 51, 100, 46
4, 311, 100, 71
4, 312, 100, 82
4, 122, 100, 92
4, 316, 100, 2
4, 382, 100, 42
4, 256, 101, 70
4, 166, 101, 41
4, 232, 101, 4
4, 113, 101, 13
4, 181, 101, 27
4, 380, 101, 73
4, 386, 102, 64
4, 267, 102, 68
4, 398, 102, 49
4, 399, 102, 17
4, 22, 102, 56
4, 292, 102, 84
4, 48, 102, 82
4, 309, 102, 62
4, 186, 102, 66
4, 64, 102, 77
4, 326, 102, 37
4, 203, 102, 54
4, 83, 102, 53
4, 340, 102, 18
4, 88, 102, 38
4, 347, 102, 95
4, 226, 102, 90
4, 228, 102, 8
4, 114, 102, 33
4, 125, 102, 20
4, 389, 103, 9
4, 326, 103, 37
4, 268, 103, 60
4, 397, 103, 64
4, 178, 103, 67
4, 274, 103, 41
4, 276, 103, 65
4, 278, 103, 52
4, 183, 103, 92
4, 380, 103, 73
4, 253, 103, 21
4, 225, 104, 3
4, 193, 104, 68
4, 312, 104, 82
4, 103, 104, 90
4, 363, 104, 91
4, 270, 104, 39
4, 337, 104, 99
4, 83, 104, 53
4, 309, 104, 62
4, 246, 104, 94
4, 215, 104, 3
4, 87, 104, 62
4, 284, 104, 49
4, 0, 105, 16
4, 354, 105, 2
4, 356, 105, 7
4, 388, 105, 75
4, 71, 105, 37
4, 40, 105, 22
4, 73, 105, 16
4, 233, 105, 58
4, 42, 105, 76
4, 88, 105, 38
4, 207, 105, 19
4, 283, 105, 80
4, 146, 105, 70
4, 147, 105, 52
4, 312, 105, 82
4, 345, 105, 85
4, 123, 105, 35
4, 156, 105, 87
4, 33, 106, 71
4, 98, 106, 73
4, 165, 106, 93
4, 40, 106, 22
4, 43, 106, 9
4, 171, 106, 19
4, 141, 106, 87
4, 173, 106, 24
4, 239, 106, 49
4, 276, 106, 65
4, 123, 106, 35
4, 348, 106, 7
4, 94, 106, 5
4, 352, 107, 36
4, 192, 107, 11
4, 320, 107, 100
4, 323, 107, 37
4, 71, 107, 37
4, 46, 107, 80
4, 399, 107, 17
4, 110, 107, 25
4, 112, 107, 56
4, 21, 107, 90
4, 246, 107, 94
4, 375, 107, 19
4, 123, 107, 35
4, 28, 107, 95
4, 157, 107, 88
4, 319, 107, 84
4, 66, 108, 17
4, 360, 108, 82
4, 74, 108, 97
4, 266, 108, 29
4, 78, 108, 82
4, 367, 108, 51
4, 175, 108, 84
4, 372, 108, 74
4, 250, 108, 20
4, 8, 109, 100
4, 268, 109, 60
4, 151, 109, 37
4, 31, 109, 90
4, 36, 109, 93
4, 37, 109, 58
4, 292, 109, 84
4, 299, 109, 57
4, 192, 109, 11
4, 323, 109, 37
4, 326, 109, 37
4, 84, 109, 49
4, 341, 109, 89
4, 345, 109, 85
4, 247, 109, 47
4, 221, 109, 53
4, 105, 109, 89
4, 375, 109, 19
4, 122, 109, 92
4, 126, 109, 65
4, 137, 110, 9
4, 265, 110, 33
4, 267, 110, 68
4, 12, 110, 55
4, 396, 110, 48
4, 393, 110, 28
4, 152, 110, 73
4, 37, 110, 58
4, 176, 110, 27
4, 177, 110, 55
4, 69, 110, 83
4, 327, 110, 96
4, 209, 110, 79
4, 210, 110, 89
4, 338, 110, 99
4, 224, 110, 51
4, 230, 110, 78
4, 375, 110, 19
4, 379, 110, 28
4, 64, 111, 77
4, 395, 111, 69
4, 302, 111, 72
4, 370, 111, 90
4, 52, 111, 31
4, 23, 111, 30
4, 314, 111, 83
4, 0, 112, 16
4, 132, 112, 67
4, 391, 112, 15
4, 136, 112, 66
4, 8, 112, 100
4, 21, 112, 90
4, 150, 112, 70
4, 27, 112, 62
4, 34, 112, 1
4, 38, 112, 15
4, 303, 112, 29
4, 59, 112, 31
4, 321, 112, 13
4, 67, 112, 94
4, 207, 112, 19
4, 353, 112, 7
4, 105, 112, 89
4, 241, 112, 66
4, 119, 112, 60
4, 249, 112, 33
4, 236, 113, 61
4, 109, 113, 35
4, 304, 113, 27
4, 114, 113, 33
4, 115, 113, 35
4, 53, 113, 6
4, 182, 113, 81
4, 319, 113, 84
4, 226, 114, 90
4, 290, 114, 43
4, 164, 114, 63
4, 201, 114, 64
4, 43, 114, 9
4, 140, 114, 73
4, 16, 114, 72
4, 305, 114, 8
4, 18, 114, 24
4, 155, 114, 50
4, 157, 114, 88
4, 240, 115, 11
4, 182, 115, 81
4, 342, 115, 87
4, 90, 115, 81
4, 60, 115, 36
4, 288, 116, 32
4, 100, 116, 72
4, 165, 116, 93
4, 229, 116, 71
4, 357, 116, 79
4, 136, 116, 66
4, 74, 116, 97
4, 395, 116, 69
4, 80, 116, 49
4, 17, 116, 88
4, 86, 116, 38
4, 375, 116, 19
4, 253, 116, 21
4, 27, 116, 62
4, 156, 116, 87
4, 93, 116, 54
4, 384, 117, 52
4, 128, 117, 94
4, 228, 117, 8
4, 168, 117, 83
4, 42, 117, 76
4, 331, 117, 15
4, 333, 117, 59
4, 82, 117, 36
4, 53, 117, 6
4, 86, 117, 38
4, 186, 117, 66
4, 5, 118, 73
4, 12, 118, 55
4, 28, 118, 95
4, 162, 118, 28
4, 295, 118, 67
4, 300, 118, 74
4, 322, 118, 46
4, 196, 118, 9
4, 328, 118, 93
4, 202, 118, 33
4, 87, 118, 62
4, 349, 118, 30
4, 93, 118, 54
4, 95, 118, 23
4, 228, 118, 8
4, 106, 118, 30
4, 370, 118, 90
4, 249, 118, 33
4, 126, 118, 65
4, 386, 119, 64
4, 323, 119, 37
4, 291, 119, 62
4, 325, 119, 59
4, 6, 119, 70
4, 355, 119, 71
4, 9, 119, 84
4, 364, 119, 52
4, 45, 119, 21
4, 304, 119, 27
4, 209, 119, 79
4, 145, 119, 67
4, 18, 119, 24
4, 340, 119, 18
4, 53, 119, 6
4, 214, 119, 48
4, 153, 119, 63
4, 92, 119, 95
4, 384, 120, 52
4, 162, 120, 28
4, 357, 120, 79
4, 39, 120, 24
4, 45, 120, 21
4, 305, 120, 8
4, 306, 120, 6
4, 216, 120, 72
4, 25, 120, 40
4, 387, 121, 81
4, 282, 121, 29
4, 285, 121, 53
4, 31, 121, 90
4, 289, 121, 15
4, 35, 121, 92
4, 42, 121, 76
4, 173, 121, 24
4, 314, 121, 83
4, 320, 121, 100
4, 64, 121, 77
4, 197, 121, 83
4, 198, 121, 100
4, 75, 121, 32
4, 340, 121, 18
4, 99, 121, 95
4, 241, 121, 66
4, 243, 121, 2
4, 376, 121, 88
4, 191, 122, 46
4, 65, 122, 30
4, 163, 122, 79
4, 386, 122, 64
4, 355, 122, 71
4, 262, 122, 31
4, 232, 122, 4
4, 329, 122, 2
4, 395, 122, 69
4, 301, 122, 1
4, 238, 122, 43
4, 210, 122, 89
4, 116, 122, 95
4, 244, 122, 23
4, 248, 122, 9
4, 29, 122, 69
4, 287, 122, 72
4, 163, 123, 79
4, 327, 123, 96
4, 170, 123, 76
4, 203, 123, 54
4, 176, 123, 27
4, 82, 123, 36
4, 282, 123, 29
4, 253, 123, 21
4, 6, 124, 70
4, 362, 124, 86
4, 209, 124, 79
4, 340, 124, 18
4, 23, 124, 30
4, 248, 124, 9
4, 120, 124, 2
4, 137, 125, 9
4, 396, 125, 48
4, 365, 125, 80
4, 272, 125, 9
4, 115, 125, 35
4, 280, 125, 100
4, 314, 125, 83
4, 125, 125, 20
4, 63, 125, 66
4, 97, 126, 32
4, 129, 126, 65
4, 296, 126, 46
4, 233, 126, 58
4, 237, 126, 37
4, 146, 126, 70
4, 150, 126, 70
4, 59, 126, 31
4, 254, 126, 9
4, 256, 127, 70
4, 97, 127, 32
4, 98, 127, 73
4, 323, 127, 37
4, 198, 127, 100
4, 72, 127, 100
4, 171, 127, 19
4, 112, 127, 56
4, 370, 127, 90
4, 243, 127, 2
4, 311, 127, 71
4, 165, 128, 93
4, 390, 128, 23
4, 391, 128, 15
4, 5, 128, 73
4, 266, 128, 29
4, 43, 128, 9
4, 397, 128, 64
4, 15, 128, 35
4, 17, 128, 88
4, 52, 128, 31
4, 184, 128, 88
4, 27, 128, 62
4, 92, 128, 95
4, 162, 129, 28
4, 2, 129, 6
4, 198, 129, 100
4, 375, 129, 19
4, 58, 129, 47
4, 127, 129, 4
4, 132, 130, 67
4, 295, 130, 67
4, 392, 130, 93
4, 201, 130, 64
4, 366, 130, 71
4, 175, 130, 84
4, 371, 130, 36
4, 312, 130, 82
4, 377, 130, 5
4, 93, 130, 54
4, 351, 130, 92
4, 389, 131, 9
4, 168, 131, 83
4, 203, 131, 54
4, 76, 131, 25
4, 236, 131, 61
4, 235, 131, 18
4, 303, 131, 29
4, 77, 131, 53
4, 270, 131, 39
4, 115, 131, 35
4, 246, 131, 94
4, 288, 132, 32
4, 227, 132, 77
4, 326, 132, 37
4, 233, 132, 58
4, 75, 132, 32
4, 139, 132, 62
4, 173, 132, 24
4, 267, 132, 68
4, 175, 132, 84
4, 303, 132, 29
4, 332, 132, 92
4, 210, 132, 89
4, 244, 132, 23
4, 214, 132, 48
4, 311, 132, 71
4, 186, 132, 66
4, 28, 132, 95
4, 29, 132, 69
4, 153, 133, 63
4, 163, 133, 79
4, 313, 133, 35
4, 392, 133, 93
4, 74, 133, 97
4, 204, 133, 35
4, 269, 133, 55
4, 206, 133, 15
4, 111, 133, 39
4, 80, 133, 49
4, 45, 133, 21
4, 367, 133, 51
4, 118, 133, 4
4, 311, 133, 71
4, 316, 133, 2
4, 121, 133, 44
4, 279, 133, 65
4, 223, 133, 57
4, 0, 134, 16
4, 290, 134, 43
4, 196, 134, 9
4, 296, 134, 46
4, 232, 134, 4
4, 42, 134, 76
4, 368, 134, 90
4, 186, 134, 66
4, 392, 135, 93
4, 8, 135, 100
4, 142, 135, 8
4, 14, 135, 43
4, 17, 135, 88
4, 156, 135, 87
4, 158, 135, 64
4, 40, 135, 22
4, 46, 135, 80
4, 179, 135, 8
4, 181, 135, 27
4, 63, 135, 66
4, 69, 135, 83
4, 199, 135, 52
4, 331, 135, 15
4, 78, 135, 82
4, 82, 135, 36
4, 99, 135, 95
4, 119, 135, 60
4, 381, 135, 41
4, 318, 136, 65
4, 193, 136, 68
4, 226, 136, 90
4, 161, 136, 9
4, 386, 136, 64
4, 37, 136, 58
4, 236, 136, 61
4, 272, 136, 9
4, 212, 136, 75
4, 378, 136, 92
4, 252, 136, 94
4, 62, 136, 18
4, 95, 136, 23
4, 382, 137, 42
4, 227, 137, 77
4, 326, 137, 37
4, 383, 137, 12
4, 168, 137, 83
4, 137, 137, 9
4, 236, 137, 61
4, 16, 137, 72
4, 81, 137, 76
4, 211, 137, 83
4, 312, 137, 82
4, 153, 137, 63
4, 378, 137, 92
4, 347, 137, 95
4, 380, 137, 73
4, 286, 137, 95
4, 191, 137, 46
4, 320, 138, 100
4, 160, 138, 90
4, 130, 138, 69
4, 96, 138, 9
4, 69, 138, 83
4, 200, 138, 59
4, 9, 138, 84
4, 106, 138, 30
4, 332, 138, 92
4, 173, 138, 24
4, 15, 138, 35
4, 240, 138, 11
4, 275, 138, 37
4, 243, 138, 2
4, 23, 138, 30
4, 216, 138, 72
4, 315, 138, 97
4, 285, 138, 53
4, 97, 139, 32
4, 387, 139, 81
4, 263, 139, 59
4, 237, 139, 37
4, 142, 139, 8
4, 146, 139, 70
4, 338, 139, 99
4, 181, 139, 27
4, 214, 139, 48
4, 122, 139, 92
4, 30, 139, 10
4, 384, 140, 52
4, 387, 140, 81
4, 293, 140, 99
4, 233, 140, 58
4, 398, 140, 49
4, 151, 140, 37
4, 90, 140, 81
4, 353, 141, 7
4, 103, 141, 90
4, 170, 141, 76
4, 244, 141, 23
4, 155, 141, 50
4, 124, 141, 6
4, 255, 141, 59
4, 288, 142, 32
4, 195, 142, 6
4, 102, 142, 18
4, 327, 142, 96
4, 27, 142, 62
4, 266, 142, 29
4, 75, 142, 32
4, 42, 142, 76
4, 187, 142, 86
4, 276, 142, 65
4, 341, 142, 89
4, 22, 142, 56
4, 248, 142, 9
4, 347, 142, 95
4, 31, 142, 90
4, 349, 142, 30
4, 286, 142, 95
4, 159, 142, 29
4, 384, 143, 52
4, 197, 143, 83
4, 263, 143, 59
4, 328, 143, 93
4, 45, 143, 21
4, 144, 143, 30
4, 241, 143, 66
4, 280, 143, 100
4, 218, 143, 73
4, 124, 143, 6
4, 184, 143, 88
4, 191, 143, 46
4, 65, 144, 30
4, 163, 144, 79
4, 3, 144, 39
4, 195, 144, 6
4, 346, 144, 30
4, 14, 144, 43
4, 147, 144, 52
4, 116, 144, 95
4, 157, 144, 88
4, 344, 144, 68
4, 186, 144, 66
4, 91, 144, 33
4, 284, 144, 49
4, 221, 144, 53
4, 96, 145, 9
4, 3, 145, 39
4, 140, 145, 73
4, 110, 145, 25
4, 15, 145, 35
4, 240, 145, 11
4, 313, 145, 35
4, 101, 146, 51
4, 199, 146, 52
4, 72, 146, 100
4, 392, 146, 93
4, 10, 146, 23
4, 300, 146, 74
4, 270, 146, 39
4, 81, 146, 76
4, 18, 146, 24
4, 117, 146, 96
4, 94, 146, 5
4, 161, 147, 9
4, 323, 147, 37
4, 100, 147, 72
4, 358, 147, 75
4, 169, 147, 18
4, 46, 147, 80
4, 17, 147, 88
4, 339, 147, 21
4, 340, 147, 18
4, 117, 147, 96
4, 59, 147, 31
4, 61, 147, 59
4, 351, 147, 92
4, 291, 148, 62
4, 198, 148, 100
4, 233, 148, 58
4, 331, 148, 15
4, 145, 148, 67
4, 242, 148, 42
4, 275, 148, 37
4, 84, 148, 49
4, 344, 148, 68
4, 158, 148, 64
4, 100, 149, 72
4, 389, 149, 9
4, 294, 149, 96
4, 133, 149, 96
4, 8, 149, 100
4, 134, 149, 87
4, 138, 149, 67
4, 262, 149, 31
4, 261, 149, 16
4, 269, 149, 55
4, 238, 149, 43
4, 18, 149, 24
4, 244, 149, 23
4, 181, 149, 27
4, 253, 149, 21
4, 319, 149, 84
4, 289, 150, 15
4, 5, 150, 73
4, 166, 150, 41
4, 237, 150, 37
4, 49, 150, 74
4, 305, 150, 8
4, 372, 150, 74
4, 87, 150, 62
4, 249, 150, 33
4, 188, 150, 10
4, 189, 150, 89
4, 57, 150, 26
4, 353, 151, 7
4, 163, 151, 79
4, 327, 151, 96
4, 46, 151, 80
4, 142, 151, 8
4, 16, 151, 72
4, 246, 151, 94
4, 170, 152, 76
4, 76, 152, 25
4, 205, 152, 46
4, 302, 152, 72
4, 210, 152, 89
4, 375, 152, 19
4, 156, 152, 87
4, 343, 152, 1
4, 35, 153, 92
4, 37, 153, 58
4, 71, 153, 37
4, 11, 153, 22
4, 372, 153, 74
4, 181, 153, 27
4, 85, 153, 27
4, 187, 153, 86
4, 60, 153, 36
4, 227, 154, 77
4, 100, 154, 72
4, 229, 154, 71
4, 68, 154, 2
4, 19, 154, 11
4, 86, 154, 38
4, 57, 154, 26
4, 123, 154, 35
4, 350, 155, 73
4, 229, 155, 71
4, 232, 155, 4
4, 298, 155, 29
4, 74, 155, 97
4, 44, 155, 42
4, 47, 155, 4
4, 274, 155, 41
4, 51, 155, 46
4, 119, 155, 60
4, 345, 155, 85
4, 92, 155, 95
4, 158, 155, 64
4, 289, 156, 15
4, 255, 156, 59
4, 58, 156, 47
4, 4, 156, 70
4, 199, 156, 52
4, 298, 156, 29
4, 250, 156, 20
4, 331, 156, 15
4, 109, 156, 35
4, 239, 156, 49
4, 49, 156, 74
4, 273, 156, 4
4, 211, 156, 83
4, 307, 156, 22
4, 275, 156, 37
4, 310, 156, 54
4, 26, 156, 68
4, 159, 156, 29
4, 133, 157, 96
4, 198, 157, 100
4, 362, 157, 86
4, 366, 157, 71
4, 337, 157, 99
4, 370, 157, 90
4, 146, 157, 70
4, 308, 157, 52
4, 245, 157, 64
4, 181, 157, 27
4, 221, 157, 53
4, 349, 157, 30
4, 286, 157, 95
4, 96, 158, 9
4, 65, 158, 30
4, 259, 158, 43
4, 105, 158, 89
4, 137, 158, 9
4, 333, 158, 59
4, 142, 158, 8
4, 271, 158, 31
4, 274, 158, 41
4, 371, 158, 36
4, 125, 158, 20
4, 224, 159, 51
4, 323, 159, 37
4, 68, 159, 2
4, 196, 159, 9
4, 166, 159, 41
4, 198, 159, 100
4, 267, 159, 68
4, 108, 159, 16
4, 376, 159, 88
4, 91, 159, 33
4, 160, 160, 90
4, 354, 160, 2
4, 3, 160, 39
4, 323, 160, 37
4, 166, 160, 41
4, 9, 160, 84
4, 394, 160, 87
4, 333, 160, 59
4, 144, 160, 30
4, 49, 160, 74
4, 369, 160, 92
4, 372, 160, 74
4, 340, 160, 18
4, 280, 160, 100
4, 155, 160, 50
4, 29, 160, 69
4, 95, 160, 23
4, 280, 161, 100
4, 153, 161, 63
4, 164, 161, 63
4, 103, 161, 90
4, 235, 161, 18
4, 340, 161, 18
4, 311, 161, 71
4, 248, 161, 9
4, 89, 161, 1
4, 91, 161, 33
4, 134, 162, 87
4, 104, 162, 52
4, 140, 162, 73
4, 301, 162, 1
4, 369, 162, 92
4, 28, 162, 95
4, 286, 162, 95
4, 267, 163, 68
4, 397, 163, 64
4, 142, 163, 8
4, 19, 163, 11
4, 277, 163, 22
4, 279, 163, 65
4, 154, 163, 37
4, 28, 163, 95
4, 290, 163, 43
4, 176, 163, 27
4, 180, 163, 80
4, 192, 163, 11
4, 331, 163, 15
4, 333, 163, 59
4, 342, 163, 87
4, 88, 163, 38
4, 232, 163, 4
4, 108, 163, 16
4, 254, 163, 9
4, 96, 164, 9
4, 224, 164, 51
4, 33, 164, 71
4, 355, 164, 71
4, 131, 164, 6
4, 325, 164, 59
4, 39, 164, 24
4, 235, 164, 18
4, 333, 164, 59
4, 143, 164, 21
4, 303, 164, 29
4, 50, 164, 61
4, 217, 164, 25
4, 90, 164, 81
4, 155, 164, 50
4, 60, 164, 36
4, 96, 165, 9
4, 65, 165, 30
4, 128, 165, 94
4, 288, 165, 32
4, 76, 165, 25
4, 143, 165, 21
4, 212, 165, 75
4, 184, 165, 88
4, 221, 165, 53
4, 191, 165, 46
4, 66, 166, 17
4, 266, 166, 29
4, 267, 166, 68
4, 141, 166, 87
4, 246, 166, 94
4, 119, 166, 60
4, 128, 167, 94
4, 259, 167, 43
4, 134, 167, 87
4, 136, 167, 66
4, 9, 167, 84
4, 137, 167, 9
4, 269, 167, 55
4, 143, 167, 21
4, 166, 167, 41
4, 48, 167, 82
4, 54, 167, 69
4, 325, 167, 59
4, 76, 167, 25
4, 338, 167, 99
4, 344, 167, 68
4, 231, 167, 61
4, 361, 167, 66
4, 107, 167, 84
4, 111, 167, 39
4, 378, 167, 92
4, 97, 168, 32
4, 195, 168, 6
4, 293, 168, 99
4, 282, 168, 29
4, 20, 168, 22
4, 149, 168, 90
4, 249, 168, 33
4, 26, 168, 68
4, 260, 169, 70
4, 133, 169, 96
4, 9, 169, 84
4, 146, 169, 70
4, 152, 169, 73
4, 39, 169, 24
4, 170, 169, 76
4, 53, 169, 6
4, 198, 169, 100
4, 75, 169, 32
4, 205, 169, 46
4, 77, 169, 53
4, 209, 169, 79
4, 217, 169, 25
4, 224, 169, 51
4, 97, 169, 32
4, 361, 169, 66
4, 239, 169, 49
4, 123, 169, 35
4, 289, 170, 15
4, 227, 170, 77
4, 196, 170, 9
4, 325, 170, 59
4, 262, 170, 31
4, 102, 170, 18
4, 264, 170, 23
4, 169, 170, 18
4, 233, 170, 58
4, 235, 170, 18
4, 236, 170, 61
4, 237, 170, 37
4, 366, 170, 71
4, 111, 170, 39
4, 326, 170, 37
4, 222, 170, 25
4, 225, 171, 3
4, 312, 171, 82
4, 131, 171, 6
4, 132, 171, 67
4, 326, 171, 37
4, 38, 171, 15
4, 360, 171, 82
4, 301, 171, 1
4, 13, 171, 13
4, 308, 171, 52
4, 149, 171, 90
4, 376, 171, 88
4, 89, 171, 1
4, 90, 171, 81
4, 59, 171, 31
4, 120, 171, 2
4, 222, 171, 25
4, 25, 171, 40
4, 137, 172, 9
4, 14, 172, 43
4, 399, 172, 17
4, 23, 172, 30
4, 281, 172, 71
4, 284, 172, 49
4, 290, 172, 43
4, 291, 172, 62
4, 41, 172, 27
4, 312, 172, 82
4, 56, 172, 54
4, 317, 172, 51
4, 72, 172, 100
4, 201, 172, 64
4, 212, 172, 75
4, 93, 172, 54
4, 104, 172, 52
4, 106, 172, 30
4, 379, 172, 28
4, 252, 172, 94
4, 32, 173, 85
4, 106, 173, 30
4, 203, 173, 54
4, 234, 173, 15
4, 139, 173, 62
4, 335, 173, 43
4, 304, 173, 27
4, 177, 173, 55
4, 145, 173, 67
4, 51, 173, 46
4, 81, 173, 76
4, 241, 173, 66
4, 311, 173, 71
4, 379, 173, 28
4, 62, 173, 18
4, 321, 174, 13
4, 226, 174, 90
4, 34, 174, 1
4, 134, 174, 87
4, 232, 174, 4
4, 10, 174, 23
4, 234, 174, 15
4, 366, 174, 71
4, 47, 174, 4
4, 240, 174, 11
4, 338, 174, 99
4, 243, 174, 2
4, 119, 174, 60
4, 247, 174, 47
4, 121, 174, 44
4, 58, 174, 47
4, 315, 174, 97
4, 323, 175, 37
4, 5, 175, 73
4, 134, 175, 87
4, 295, 175, 67
4, 333, 175, 59
4, 315, 175, 97
4, 348, 175, 7
4, 262, 176, 31
4, 390, 176, 23
4, 11, 176, 22
4, 267, 176, 68
4, 22, 176, 56
4, 278, 176, 52
4, 25, 176, 40
4, 296, 176, 46
4, 297, 176, 63
4, 307, 176, 22
4, 203, 176, 54
4, 204, 176, 35
4, 212, 176, 75
4, 348, 176, 7
4, 349, 176, 30
4, 354, 176, 2
4, 230, 176, 78
4, 231, 176, 61
4, 108, 176, 16
4, 118, 176, 4
4, 225, 177, 3
4, 100, 177, 72
4, 171, 177, 19
4, 269, 177, 55
4, 302, 177, 72
4, 175, 177, 84
4, 304, 177, 27
4, 209, 177, 79
4, 49, 177, 74
4, 115, 177, 35
4, 306, 177, 6
4, 369, 177, 92
4, 182, 177, 81
4, 183, 177, 92
4, 218, 177, 73
4, 129, 178, 65
4, 195, 178, 6
4, 138, 178, 67
4, 399, 178, 17
4, 222, 178, 25
4, 259, 179, 43
4, 355, 179, 71
4, 165, 179, 93
4, 102, 179, 18
4, 263, 179, 59
4, 40, 179, 22
4, 237, 179, 37
4, 302, 179, 72
4, 381, 179, 41
4, 245, 179, 64
4, 28, 179, 95
4, 189, 179, 89
4, 30, 179, 10
4, 256, 180, 70
4, 257, 180, 31
4, 386, 180, 64
4, 35, 180, 92
4, 392, 180, 93
4, 207, 180, 19
4, 15, 180, 35
4, 49, 180, 74
4, 118, 180, 4
4, 199, 181, 52
4, 41, 181, 27
4, 362, 181, 86
4, 11, 181, 22
4, 205, 181, 46
4, 369, 181, 92
4, 19, 181, 11
4, 371, 181, 36
4, 246, 181, 94
4, 374, 181, 78
4, 250, 181, 20
4, 156, 181, 87
4, 381, 181, 41
4, 62, 181, 18
4, 287, 181, 72
4, 384, 182, 52
4, 128, 182, 94
4, 34, 182, 1
4, 163, 182, 79
4, 106, 182, 30
4, 75, 182, 32
4, 170, 182, 76
4, 362, 182, 86
4, 208, 182, 82
4, 113, 182, 13
4, 338, 182, 99
4, 241, 182, 66
4, 212, 182, 75
4, 221, 182, 53
4, 190, 182, 32
4, 224, 183, 51
4, 228, 183, 8
4, 287, 183, 72
4, 297, 183, 63
4, 265, 183, 33
4, 300, 183, 74
4, 269, 183, 55
4, 207, 183, 19
4, 16, 183, 72
4, 17, 183, 88
4, 338, 183, 99
4, 307, 183, 22
4, 244, 183, 23
4, 371, 183, 36
4, 343, 183, 1
4, 153, 183, 63
4, 190, 183, 32
4, 191, 183, 46
4, 385, 184, 87
4, 257, 184, 31
4, 163, 184, 79
4, 231, 184, 61
4, 104, 184, 52
4, 27, 184, 62
4, 109, 184, 35
4, 379, 184, 28
4, 88, 184, 38
4, 59, 184, 31
4, 127, 184, 4
4, 384, 185, 52
4, 354, 185, 2
4, 259, 185, 43
4, 7, 185, 10
4, 14, 185, 43
4, 207, 185, 19
4, 338, 185, 99
4, 115, 185, 35
4, 148, 185, 21
4, 308, 185, 52
4, 51, 185, 46
4, 183, 185, 92
4, 184, 185, 88
4, 57, 185, 26
4, 188, 185, 10
4, 381, 185, 41
4, 95, 185, 23
4, 383, 185, 12
4, 257, 186, 31
4, 98, 186, 73
4, 131, 186, 6
4, 100, 186, 72
4, 294, 186, 96
4, 8, 186, 100
4, 108, 186, 16
4, 80, 186, 49
4, 145, 186, 67
4, 51, 186, 46
4, 94, 186, 5
4, 349, 186, 30
4, 158, 186, 64
4, 159, 186, 29
4, 8, 187, 100
4, 364, 187, 52
4, 304, 187, 27
4, 275, 187, 37
4, 215, 187, 3
4, 25, 187, 40
4, 220, 187, 6
4, 164, 188, 63
4, 293, 188, 99
4, 73, 188, 16
4, 300, 188, 74
4, 150, 188, 70
4, 188, 188, 10
4, 125, 188, 20
4, 353, 189, 7
4, 99, 189, 95
4, 37, 189, 58
4, 362, 189, 86
4, 237, 189, 37
4, 143, 189, 21
4, 369, 189, 92
4, 17, 189, 88
4, 211, 189, 83
4, 372, 189, 74
4, 118, 189, 4
4, 55, 189, 25
4, 187, 189, 86
4, 70, 190, 63
4, 332, 190, 92
4, 81, 190, 76
4, 21, 190, 90
4, 247, 190, 47
4, 317, 190, 51
4, 291, 191, 62
4, 323, 191, 37
4, 99, 191, 95
4, 166, 191, 41
4, 262, 191, 31
4, 333, 191, 59
4, 17, 191, 88
4, 305, 191, 8
4, 243, 191, 2
4, 116, 191, 95
4, 186, 191, 66
4, 1, 192, 11
4, 391, 192, 15
4, 393, 192, 28
4, 266, 192, 29
4, 399, 192, 17
4, 143, 192, 21
4, 17, 192, 88
4, 281, 192, 71
4, 286, 192, 95
4, 309, 192, 62
4, 311, 192, 71
4, 63, 192, 66
4, 340, 192, 18
4, 88, 192, 38
4, 353, 192, 7
4, 235, 192, 18
4, 240, 192, 11
4, 246, 192, 94
4, 127, 192, 4
4, 270, 193, 39
4, 159, 193, 29
4, 31, 193, 90
4, 46, 193, 80
4, 307, 193, 22
4, 309, 193, 62
4, 57, 193, 26
4, 318, 193, 65
4, 63, 193, 66
4, 192, 193, 11
4, 320, 193, 100
4, 191, 193, 46
4, 199, 193, 52
4, 74, 193, 97
4, 333, 193, 59
4, 221, 193, 53
4, 371, 193, 36
4, 115, 193, 35
4, 245, 193, 64
4, 119, 193, 60
4, 1, 194, 11
4, 194, 194, 24
4, 258, 194, 45
4, 193, 194, 68
4, 230, 194, 78
4, 168, 194, 83
4, 233, 194, 58
4, 138, 194, 67
4, 11, 194, 22
4, 301, 194, 1
4, 80, 194, 49
4, 48, 194, 82
4, 87, 194, 62
4, 218, 194, 73
4, 380, 194, 73
4, 288, 195, 32
4, 225, 195, 3
4, 65, 195, 30
4, 35, 195, 92
4, 159, 195, 29
4, 261, 195, 16
4, 231, 195, 61
4, 234, 195, 15
4, 394, 195, 87
4, 371, 195, 36
4, 116, 195, 95
4, 118, 195, 4
4, 119, 195, 60
4, 28, 195, 95
4, 93, 195, 54
4, 255, 195, 59
4, 294, 196, 96
4, 328, 196, 93
4, 9, 196, 84
4, 346, 196, 30
4, 52, 196, 31
4, 26, 196, 68
4, 283, 196, 80
4, 157, 196, 88
4, 96, 197, 9
4, 198, 197, 100
4, 136, 197, 66
4, 72, 197, 100
4, 392, 197, 93
4, 395, 197, 69
4, 172, 197, 28
4, 346, 197, 30
4, 76, 197, 25
4, 274, 197, 41
4, 20, 197, 22
4, 212, 197, 75
4, 340, 197, 18
4, 185, 197, 77
4, 186, 197, 66
4, 284, 197, 49
4, 381, 197, 41
4, 322, 198, 46
4, 105, 198, 89
4, 138, 198, 67
4, 274, 198, 41
4, 319, 198, 84
4, 130, 199, 69
4, 387, 199, 81
4, 71, 199, 37
4, 81, 199, 76
4, 241, 199, 66
4, 157, 199, 88
4, 287, 199, 72
