200, 400, 20
37, 194, 0, 67
37, 3, 0, 21
37, 355, 0, 70
37, 234, 0, 49
37, 235, 0, 35
37, 301, 0, 83
37, 15, 0, 52
37, 308, 0, 3
37, 148, 0, 11
37, 286, 0, 54
37, 390, 1, 40
37, 235, 1, 35
37, 364, 1, 24
37, 13, 1, 25
37, 366, 1, 57
37, 251, 1, 35
37, 283, 1, 59
37, 192, 2, 11
37, 232, 2, 90
37, 234, 2, 49
37, 397, 2, 20
37, 115, 2, 54
37, 251, 2, 35
37, 169, 3, 79
37, 11, 3, 55
37, 147, 3, 93
37, 341, 3, 43
37, 118, 3, 75
37, 99, 4, 17
37, 197, 4, 8
37, 167, 4, 1
37, 268, 4, 14
37, 333, 4, 92
37, 45, 4, 66
37, 209, 4, 25
37, 243, 4, 93
37, 53, 4, 94
37, 342, 4, 74
37, 320, 5, 91
37, 384, 5, 28
37, 288, 5, 71
37, 257, 5, 3
37, 164, 5, 91
37, 4, 5, 48
37, 357, 5, 73
37, 327, 5, 58
37, 110, 5, 52
37, 209, 5, 25
37, 84, 5, 5
37, 311, 5, 68
37, 123, 5, 43
37, 157, 5, 84
37, 230, 6, 21
37, 139, 6, 42
37, 300, 6, 8
37, 18, 6, 52
37, 148, 6, 11
37, 341, 6, 43
37, 120, 6, 33
37, 121, 6, 70
37, 218, 6, 74
37, 140, 7, 31
37, 269, 7, 88
37, 281, 7, 36
37, 166, 7, 6
37, 44, 7, 60
37, 301, 7, 83
37, 310, 7, 32
37, 183, 7, 85
37, 184, 7, 62
37, 185, 7, 66
37, 193, 7, 78
37, 65, 7, 48
37, 199, 7, 36
37, 200, 7, 7
37, 204, 7, 62
37, 333, 7, 92
37, 336, 7, 11
37, 377, 7, 87
37, 126, 7, 70
37, 353, 8, 55
37, 291, 8, 51
37, 70, 8, 43
37, 295, 8, 8
37, 171, 8, 25
37, 331, 8, 5
37, 304, 8, 22
37, 48, 8, 34
37, 115, 8, 54
37, 20, 8, 14
37, 277, 8, 10
37, 182, 8, 88
37, 375, 8, 37
37, 342, 8, 74
37, 346, 8, 71
37, 221, 8, 78
37, 96, 9, 5
37, 194, 9, 67
37, 70, 9, 43
37, 232, 9, 90
37, 81, 9, 35
37, 210, 9, 62
37, 87, 9, 56
37, 0, 10, 27
37, 387, 10, 37
37, 76, 10, 23
37, 239, 10, 72
37, 379, 10, 1
37, 94, 10, 16
37, 1, 11, 79
37, 390, 11, 40
37, 166, 11, 6
37, 45, 11, 66
37, 335, 11, 40
37, 315, 11, 11
37, 343, 11, 91
37, 254, 11, 88
37, 91, 11, 18
37, 156, 11, 78
37, 157, 11, 84
37, 222, 11, 15
37, 3, 12, 21
37, 260, 12, 18
37, 389, 12, 2
37, 102, 12, 11
37, 6, 12, 24
37, 259, 12, 88
37, 330, 12, 68
37, 394, 12, 96
37, 17, 12, 69
37, 83, 12, 57
37, 276, 12, 75
37, 118, 12, 75
37, 254, 12, 88
37, 248, 12, 52
37, 186, 12, 81
37, 62, 12, 18
37, 95, 12, 83
37, 262, 13, 84
37, 39, 13, 28
37, 171, 13, 25
37, 363, 13, 84
37, 209, 13, 25
37, 308, 13, 3
37, 21, 13, 15
37, 384, 14, 28
37, 0, 14, 27
37, 33, 14, 55
37, 3, 14, 21
37, 394, 14, 96
37, 11, 14, 55
37, 111, 14, 51
37, 209, 14, 25
37, 23, 14, 93
37, 312, 14, 63
37, 185, 14, 66
37, 215, 14, 79
37, 27, 14, 96
37, 183, 14, 85
37, 63, 14, 67
37, 385, 15, 80
37, 323, 15, 60
37, 281, 15, 36
37, 9, 15, 4
37, 76, 15, 23
37, 206, 15, 49
37, 50, 15, 58
37, 20, 15, 14
37, 53, 15, 94
37, 153, 15, 13
37, 387, 16, 37
37, 132, 16, 90
37, 133, 16, 41
37, 4, 16, 48
37, 260, 16, 18
37, 393, 16, 7
37, 19, 16, 96
37, 150, 16, 67
37, 27, 16, 96
37, 30, 16, 92
37, 290, 16, 20
37, 55, 16, 69
37, 311, 16, 68
37, 187, 16, 46
37, 318, 16, 7
37, 71, 16, 76
37, 329, 16, 46
37, 91, 16, 18
37, 355, 16, 70
37, 360, 16, 36
37, 382, 17, 74
37, 198, 17, 99
37, 295, 17, 8
37, 168, 17, 69
37, 11, 17, 55
37, 396, 17, 81
37, 14, 17, 75
37, 238, 17, 38
37, 82, 17, 91
37, 52, 17, 5
37, 148, 17, 11
37, 281, 17, 36
37, 283, 17, 59
37, 350, 17, 90
37, 389, 18, 2
37, 262, 18, 84
37, 134, 18, 64
37, 30, 18, 92
37, 161, 18, 30
37, 176, 18, 95
37, 50, 18, 58
37, 65, 18, 48
37, 326, 18, 43
37, 206, 18, 49
37, 335, 18, 40
37, 337, 18, 21
37, 87, 18, 56
37, 108, 18, 85
37, 239, 18, 72
37, 368, 18, 69
37, 242, 18, 27
37, 248, 18, 52
37, 127, 18, 70
37, 273, 19, 58
37, 277, 19, 10
37, 32, 19, 94
37, 41, 19, 39
37, 310, 19, 32
37, 56, 19, 100
37, 197, 19, 8
37, 204, 19, 62
37, 209, 19, 25
37, 341, 19, 43
37, 222, 19, 15
37, 353, 19, 55
37, 97, 19, 66
37, 354, 19, 68
37, 107, 19, 11
37, 364, 19, 24
37, 374, 19, 19
37, 120, 19, 33
37, 251, 19, 35
37, 129, 20, 16
37, 258, 20, 88
37, 226, 20, 43
37, 356, 20, 41
37, 69, 20, 4
37, 262, 20, 84
37, 166, 20, 6
37, 164, 20, 91
37, 107, 20, 11
37, 365, 20, 91
37, 110, 20, 52
37, 239, 20, 72
37, 240, 20, 38
37, 21, 20, 15
37, 314, 20, 28
37, 252, 20, 6
37, 222, 20, 15
37, 130, 21, 26
37, 388, 21, 10
37, 231, 21, 26
37, 264, 21, 79
37, 305, 21, 9
37, 309, 21, 95
37, 279, 21, 47
37, 248, 21, 52
37, 25, 21, 34
37, 98, 22, 63
37, 355, 22, 70
37, 389, 22, 2
37, 140, 22, 31
37, 141, 22, 32
37, 46, 22, 42
37, 315, 22, 11
37, 278, 22, 29
37, 121, 22, 70
37, 347, 22, 32
37, 287, 22, 85
37, 1, 23, 79
37, 6, 23, 24
37, 139, 23, 42
37, 268, 23, 14
37, 24, 23, 43
37, 158, 23, 18
37, 160, 23, 68
37, 34, 23, 72
37, 293, 23, 96
37, 305, 23, 9
37, 51, 23, 15
37, 186, 23, 81
37, 61, 23, 43
37, 320, 23, 91
37, 230, 23, 21
37, 234, 23, 49
37, 235, 23, 35
37, 365, 23, 91
37, 110, 23, 52
37, 237, 23, 4
37, 320, 24, 91
37, 301, 24, 83
37, 398, 24, 64
37, 115, 24, 54
37, 283, 24, 59
37, 60, 24, 72
37, 98, 25, 63
37, 319, 25, 57
37, 171, 25, 25
37, 76, 25, 23
37, 80, 25, 73
37, 339, 25, 39
37, 180, 25, 69
37, 373, 25, 83
37, 284, 25, 38
37, 350, 25, 90
37, 63, 25, 67
37, 160, 26, 68
37, 290, 26, 20
37, 69, 26, 4
37, 148, 26, 11
37, 21, 26, 15
37, 379, 26, 1
37, 387, 27, 37
37, 392, 27, 19
37, 397, 27, 20
37, 277, 27, 10
37, 278, 27, 29
37, 284, 27, 38
37, 286, 27, 54
37, 160, 27, 68
37, 184, 27, 62
37, 59, 27, 46
37, 330, 27, 68
37, 333, 27, 92
37, 336, 27, 11
37, 83, 27, 57
37, 98, 27, 63
37, 230, 27, 21
37, 234, 27, 49
37, 109, 27, 55
37, 119, 27, 16
37, 255, 27, 58
37, 225, 28, 50
37, 100, 28, 66
37, 358, 28, 93
37, 59, 28, 46
37, 266, 28, 12
37, 366, 28, 57
37, 302, 28, 52
37, 83, 28, 57
37, 179, 28, 39
37, 26, 28, 23
37, 347, 28, 32
37, 222, 28, 15
37, 351, 28, 4
37, 385, 29, 80
37, 100, 29, 66
37, 271, 29, 77
37, 82, 29, 91
37, 54, 29, 9
37, 183, 29, 85
37, 253, 29, 62
37, 31, 29, 42
37, 63, 29, 67
37, 159, 29, 33
37, 195, 30, 21
37, 388, 30, 10
37, 357, 30, 73
37, 102, 30, 11
37, 35, 30, 31
37, 334, 30, 1
37, 15, 30, 52
37, 176, 30, 95
37, 207, 30, 44
37, 306, 30, 65
37, 370, 30, 70
37, 245, 30, 69
37, 85, 30, 47
37, 378, 30, 59
37, 61, 30, 43
37, 94, 30, 16
37, 255, 30, 58
37, 384, 31, 28
37, 129, 31, 16
37, 391, 31, 72
37, 141, 31, 32
37, 289, 31, 35
37, 171, 31, 25
37, 60, 31, 72
37, 189, 31, 70
37, 61, 31, 43
37, 190, 31, 69
37, 319, 31, 57
37, 211, 31, 92
37, 121, 31, 70
37, 103, 31, 6
37, 106, 31, 85
37, 368, 31, 69
37, 369, 31, 71
37, 243, 31, 93
37, 377, 31, 87
37, 288, 32, 71
37, 321, 32, 41
37, 65, 32, 48
37, 100, 32, 66
37, 383, 32, 72
37, 8, 32, 39
37, 234, 32, 49
37, 11, 32, 55
37, 208, 32, 94
37, 113, 32, 32
37, 209, 32, 25
37, 370, 32, 70
37, 311, 32, 68
37, 313, 32, 80
37, 187, 32, 46
37, 348, 32, 94
37, 351, 32, 4
37, 353, 33, 55
37, 194, 33, 67
37, 35, 33, 31
37, 90, 33, 5
37, 262, 33, 84
37, 358, 33, 93
37, 232, 33, 90
37, 43, 33, 85
37, 49, 33, 96
37, 275, 33, 8
37, 21, 33, 15
37, 119, 33, 16
37, 184, 33, 62
37, 282, 33, 15
37, 264, 34, 79
37, 105, 34, 77
37, 170, 34, 14
37, 331, 34, 5
37, 148, 34, 11
37, 25, 34, 34
37, 125, 34, 73
37, 128, 35, 55
37, 2, 35, 70
37, 388, 35, 10
37, 391, 35, 72
37, 27, 35, 96
37, 283, 35, 59
37, 160, 35, 68
37, 34, 35, 72
37, 296, 35, 7
37, 299, 35, 42
37, 177, 35, 36
37, 322, 35, 18
37, 197, 35, 8
37, 74, 35, 40
37, 202, 35, 98
37, 212, 35, 45
37, 85, 35, 47
37, 105, 35, 77
37, 375, 35, 37
37, 327, 36, 58
37, 264, 36, 79
37, 209, 36, 25
37, 113, 36, 32
37, 306, 36, 65
37, 182, 36, 88
37, 215, 36, 79
37, 315, 36, 11
37, 32, 37, 94
37, 103, 37, 6
37, 329, 37, 46
37, 105, 37, 77
37, 316, 37, 13
37, 188, 37, 46
37, 286, 37, 54
37, 387, 38, 37
37, 300, 38, 8
37, 364, 38, 24
37, 333, 38, 92
37, 49, 38, 96
37, 148, 38, 11
37, 54, 38, 9
37, 374, 38, 19
37, 251, 38, 35
37, 157, 38, 84
37, 130, 39, 26
37, 133, 39, 41
37, 136, 39, 80
37, 393, 39, 7
37, 395, 39, 41
37, 269, 39, 88
37, 21, 39, 15
37, 285, 39, 91
37, 286, 39, 54
37, 289, 39, 35
37, 41, 39, 39
37, 54, 39, 9
37, 311, 39, 68
37, 64, 39, 17
37, 204, 39, 62
37, 88, 39, 87
37, 221, 39, 78
37, 224, 39, 75
37, 357, 39, 73
37, 360, 39, 36
37, 325, 40, 3
37, 358, 40, 93
37, 393, 40, 7
37, 47, 40, 83
37, 337, 40, 21
37, 275, 40, 8
37, 372, 40, 17
37, 324, 41, 61
37, 367, 41, 95
37, 207, 41, 44
37, 306, 41, 65
37, 184, 41, 62
37, 218, 41, 74
37, 157, 41, 84
37, 30, 41, 92
37, 358, 42, 93
37, 40, 42, 98
37, 138, 42, 61
37, 203, 42, 7
37, 108, 42, 85
37, 139, 42, 42
37, 395, 42, 41
37, 212, 42, 45
37, 180, 42, 69
37, 55, 42, 69
37, 89, 42, 76
37, 320, 43, 91
37, 32, 43, 94
37, 67, 43, 69
37, 292, 43, 18
37, 138, 43, 61
37, 300, 43, 8
37, 341, 43, 43
37, 183, 43, 85
37, 219, 43, 59
37, 381, 43, 22
37, 325, 44, 3
37, 5, 44, 25
37, 135, 44, 66
37, 326, 44, 43
37, 6, 44, 24
37, 395, 44, 41
37, 206, 44, 49
37, 239, 44, 72
37, 302, 44, 52
37, 305, 44, 9
37, 82, 44, 91
37, 50, 44, 58
37, 180, 44, 69
37, 371, 44, 42
37, 272, 44, 38
37, 311, 44, 68
37, 61, 44, 43
37, 351, 44, 4
37, 206, 45, 49
37, 48, 45, 34
37, 210, 45, 62
37, 183, 45, 85
37, 315, 45, 11
37, 159, 45, 33
37, 162, 46, 66
37, 293, 46, 96
37, 70, 46, 43
37, 105, 46, 77
37, 366, 46, 57
37, 306, 46, 65
37, 180, 46, 69
37, 150, 46, 67
37, 126, 46, 70
37, 187, 46, 46
37, 158, 46, 18
37, 294, 47, 74
37, 298, 47, 66
37, 82, 47, 91
37, 249, 47, 86
37, 186, 47, 81
37, 219, 47, 59
37, 386, 48, 14
37, 358, 48, 93
37, 39, 48, 28
37, 141, 48, 32
37, 143, 48, 86
37, 244, 48, 81
37, 221, 48, 78
37, 126, 48, 70
37, 64, 49, 17
37, 224, 49, 75
37, 291, 49, 51
37, 133, 49, 41
37, 168, 49, 69
37, 268, 49, 14
37, 112, 49, 44
37, 116, 49, 35
37, 310, 49, 32
37, 60, 49, 72
37, 226, 50, 43
37, 259, 50, 88
37, 66, 50, 23
37, 38, 50, 33
37, 105, 50, 77
37, 123, 50, 43
37, 205, 50, 84
37, 219, 50, 59
37, 337, 50, 21
37, 18, 50, 52
37, 50, 50, 58
37, 84, 50, 5
37, 113, 50, 32
37, 246, 50, 31
37, 377, 50, 87
37, 315, 50, 11
37, 93, 50, 68
37, 382, 50, 74
37, 160, 51, 68
37, 101, 51, 83
37, 326, 51, 43
37, 201, 51, 68
37, 171, 51, 25
37, 205, 51, 84
37, 142, 51, 96
37, 175, 51, 91
37, 78, 51, 46
37, 52, 51, 5
37, 213, 51, 44
37, 183, 51, 85
37, 216, 51, 27
37, 223, 51, 71
37, 32, 52, 94
37, 66, 52, 23
37, 323, 52, 60
37, 360, 52, 36
37, 27, 52, 96
37, 362, 52, 78
37, 40, 52, 98
37, 218, 52, 74
37, 235, 52, 35
37, 47, 52, 83
37, 149, 52, 65
37, 125, 52, 73
37, 121, 52, 70
37, 154, 52, 32
37, 91, 52, 18
37, 285, 52, 91
37, 286, 52, 54
37, 63, 52, 67
37, 384, 53, 28
37, 321, 53, 41
37, 292, 53, 18
37, 356, 53, 41
37, 200, 53, 7
37, 362, 53, 78
37, 14, 53, 75
37, 79, 53, 55
37, 176, 53, 95
37, 306, 53, 65
37, 148, 53, 11
37, 181, 53, 12
37, 149, 53, 65
37, 120, 53, 33
37, 378, 53, 59
37, 379, 53, 1
37, 319, 53, 57
37, 291, 54, 51
37, 36, 54, 55
37, 238, 54, 38
37, 126, 54, 70
37, 223, 54, 71
37, 391, 55, 72
37, 264, 55, 79
37, 266, 55, 12
37, 18, 55, 52
37, 149, 55, 65
37, 150, 55, 67
37, 285, 55, 91
37, 33, 55, 55
37, 170, 55, 14
37, 311, 55, 68
37, 56, 55, 100
37, 184, 55, 62
37, 59, 55, 46
37, 191, 55, 16
37, 322, 55, 18
37, 90, 55, 5
37, 97, 55, 66
37, 99, 55, 17
37, 233, 55, 49
37, 383, 55, 72
37, 32, 56, 94
37, 200, 56, 7
37, 74, 56, 40
37, 367, 56, 95
37, 180, 56, 69
37, 21, 56, 15
37, 340, 56, 22
37, 255, 56, 58
37, 288, 57, 71
37, 129, 57, 16
37, 160, 57, 68
37, 75, 57, 55
37, 113, 57, 32
37, 182, 57, 88
37, 120, 57, 33
37, 69, 58, 4
37, 179, 58, 39
37, 375, 58, 37
37, 151, 58, 89
37, 156, 58, 78
37, 280, 59, 10
37, 322, 59, 18
37, 325, 59, 3
37, 358, 59, 93
37, 199, 59, 36
37, 391, 59, 72
37, 331, 59, 5
37, 108, 59, 85
37, 111, 59, 51
37, 18, 59, 52
37, 308, 59, 3
37, 93, 59, 68
37, 214, 59, 21
37, 152, 59, 62
37, 348, 59, 94
37, 61, 59, 43
37, 62, 59, 18
37, 161, 60, 30
37, 383, 60, 72
37, 168, 60, 69
37, 71, 60, 76
37, 362, 60, 78
37, 123, 60, 43
37, 167, 60, 1
37, 28, 60, 88
37, 60, 60, 72
37, 394, 60, 96
37, 240, 60, 38
37, 75, 60, 55
37, 231, 60, 26
37, 347, 60, 32
37, 380, 60, 56
37, 287, 60, 85
37, 394, 61, 96
37, 143, 61, 86
37, 399, 61, 66
37, 19, 61, 96
37, 38, 61, 33
37, 297, 61, 43
37, 301, 61, 83
37, 184, 61, 62
37, 322, 61, 18
37, 71, 61, 76
37, 74, 61, 40
37, 83, 61, 57
37, 88, 61, 87
37, 99, 61, 17
37, 241, 61, 96
37, 243, 61, 93
37, 245, 61, 69
37, 120, 61, 33
37, 123, 61, 43
37, 64, 62, 17
37, 194, 62, 67
37, 296, 62, 7
37, 168, 62, 69
37, 43, 62, 85
37, 398, 62, 64
37, 367, 62, 95
37, 79, 62, 55
37, 179, 62, 39
37, 310, 62, 32
37, 223, 62, 71
37, 74, 63, 40
37, 298, 63, 66
37, 202, 63, 98
37, 366, 63, 57
37, 175, 63, 91
37, 271, 63, 77
37, 56, 63, 100
37, 217, 63, 30
37, 348, 63, 94
37, 61, 63, 43
37, 126, 63, 70
37, 329, 64, 46
37, 108, 64, 85
37, 110, 64, 52
37, 16, 64, 17
37, 240, 64, 38
37, 120, 64, 33
37, 152, 64, 62
37, 319, 64, 57
37, 97, 65, 66
37, 35, 65, 31
37, 230, 65, 21
37, 200, 65, 7
37, 59, 65, 46
37, 74, 65, 40
37, 106, 65, 85
37, 137, 65, 47
37, 361, 65, 30
37, 270, 65, 51
37, 207, 65, 44
37, 22, 65, 24
37, 375, 65, 37
37, 118, 65, 75
37, 187, 65, 46
37, 189, 65, 70
37, 31, 65, 42
37, 1, 66, 79
37, 101, 66, 83
37, 295, 66, 8
37, 264, 66, 79
37, 203, 66, 7
37, 62, 66, 18
37, 126, 66, 70
37, 40, 67, 98
37, 361, 67, 30
37, 234, 67, 49
37, 206, 67, 49
37, 239, 67, 72
37, 144, 67, 48
37, 117, 67, 78
37, 187, 67, 46
37, 383, 67, 72
37, 4, 68, 48
37, 392, 68, 19
37, 138, 68, 61
37, 330, 68, 68
37, 204, 68, 62
37, 173, 68, 71
37, 395, 68, 41
37, 302, 68, 52
37, 273, 68, 58
37, 339, 68, 39
37, 245, 68, 69
37, 150, 68, 67
37, 181, 68, 12
37, 60, 68, 72
37, 73, 69, 71
37, 16, 69, 17
37, 369, 69, 71
37, 177, 69, 36
37, 152, 69, 62
37, 98, 70, 63
37, 388, 70, 10
37, 167, 70, 1
37, 270, 70, 51
37, 366, 70, 57
37, 273, 70, 58
37, 379, 70, 1
37, 222, 70, 15
37, 384, 71, 28
37, 323, 71, 60
37, 328, 71, 36
37, 169, 71, 79
37, 43, 71, 85
37, 365, 71, 91
37, 77, 71, 90
37, 79, 71, 55
37, 50, 71, 58
37, 83, 71, 57
37, 18, 71, 52
37, 118, 71, 75
37, 55, 71, 69
37, 154, 71, 32
37, 60, 71, 72
37, 131, 72, 41
37, 391, 72, 72
37, 10, 72, 62
37, 11, 72, 55
37, 140, 72, 31
37, 278, 72, 29
37, 155, 72, 87
37, 31, 72, 42
37, 162, 72, 66
37, 166, 72, 6
37, 50, 72, 58
37, 321, 72, 41
37, 76, 72, 23
37, 336, 72, 11
37, 215, 72, 79
37, 347, 72, 32
37, 99, 72, 17
37, 229, 72, 8
37, 360, 72, 36
37, 108, 72, 85
37, 160, 73, 68
37, 194, 73, 67
37, 358, 73, 93
37, 390, 73, 40
37, 41, 73, 39
37, 143, 73, 86
37, 207, 73, 44
37, 369, 73, 71
37, 339, 73, 39
37, 308, 73, 3
37, 214, 73, 21
37, 247, 73, 59
37, 151, 73, 89
37, 313, 73, 80
37, 190, 73, 69
37, 319, 73, 57
37, 42, 74, 42
37, 271, 74, 77
37, 179, 74, 39
37, 349, 74, 61
37, 94, 74, 16
37, 256, 75, 19
37, 66, 75, 23
37, 322, 75, 18
37, 356, 75, 41
37, 197, 75, 8
37, 262, 75, 84
37, 391, 75, 72
37, 199, 75, 36
37, 137, 75, 47
37, 70, 75, 43
37, 237, 75, 4
37, 205, 75, 84
37, 49, 75, 96
37, 337, 75, 21
37, 88, 75, 87
37, 30, 75, 92
37, 287, 75, 85
37, 65, 76, 48
37, 5, 76, 25
37, 267, 76, 1
37, 268, 76, 14
37, 282, 76, 15
37, 176, 76, 95
37, 241, 76, 96
37, 281, 76, 36
37, 26, 76, 23
37, 322, 77, 18
37, 6, 77, 24
37, 136, 77, 80
37, 374, 77, 19
37, 56, 77, 100
37, 31, 77, 42
37, 32, 78, 94
37, 2, 78, 70
37, 3, 78, 21
37, 164, 78, 91
37, 319, 78, 57
37, 358, 78, 93
37, 327, 78, 58
37, 72, 78, 3
37, 231, 78, 26
37, 11, 78, 55
37, 363, 78, 84
37, 18, 78, 52
37, 30, 78, 92
37, 54, 78, 9
37, 151, 78, 89
37, 152, 78, 62
37, 62, 78, 18
37, 95, 78, 83
37, 289, 79, 35
37, 321, 79, 41
37, 35, 79, 31
37, 287, 79, 85
37, 357, 79, 73
37, 38, 79, 33
37, 143, 79, 86
37, 372, 79, 17
37, 85, 79, 47
37, 218, 79, 74
37, 126, 79, 70
37, 159, 79, 33
37, 98, 80, 63
37, 198, 80, 99
37, 242, 80, 27
37, 89, 80, 76
37, 158, 80, 18
37, 224, 81, 75
37, 32, 81, 94
37, 333, 81, 92
37, 113, 81, 32
37, 49, 81, 96
37, 81, 81, 35
37, 211, 81, 92
37, 337, 81, 21
37, 274, 81, 35
37, 130, 82, 26
37, 329, 82, 46
37, 10, 82, 62
37, 77, 82, 90
37, 366, 82, 57
37, 271, 82, 77
37, 80, 82, 73
37, 369, 82, 71
37, 370, 82, 70
37, 275, 82, 8
37, 119, 82, 16
37, 218, 82, 74
37, 94, 82, 16
37, 95, 82, 83
37, 225, 83, 50
37, 322, 83, 18
37, 193, 83, 78
37, 301, 83, 83
37, 252, 83, 6
37, 285, 83, 91
37, 288, 84, 71
37, 352, 84, 68
37, 226, 84, 43
37, 355, 84, 70
37, 390, 84, 40
37, 329, 84, 46
37, 141, 84, 32
37, 111, 84, 51
37, 307, 84, 7
37, 276, 84, 75
37, 149, 84, 65
37, 247, 84, 59
37, 312, 84, 63
37, 249, 84, 86
37, 379, 84, 1
37, 132, 85, 90
37, 228, 85, 48
37, 391, 85, 72
37, 8, 85, 39
37, 201, 85, 68
37, 78, 85, 46
37, 337, 85, 21
37, 81, 85, 35
37, 150, 85, 67
37, 182, 85, 88
37, 58, 85, 17
37, 379, 85, 1
37, 382, 85, 74
37, 64, 86, 17
37, 131, 86, 41
37, 356, 86, 41
37, 100, 86, 66
37, 199, 86, 36
37, 264, 86, 79
37, 72, 86, 3
37, 8, 86, 39
37, 361, 86, 30
37, 14, 86, 75
37, 115, 86, 54
37, 308, 86, 3
37, 181, 86, 12
37, 217, 86, 30
37, 251, 86, 35
37, 256, 87, 19
37, 226, 87, 43
37, 99, 87, 17
37, 228, 87, 48
37, 134, 87, 64
37, 73, 87, 71
37, 108, 87, 85
37, 242, 87, 27
37, 244, 87, 81
37, 214, 87, 21
37, 278, 87, 29
37, 120, 87, 33
37, 282, 87, 15
37, 157, 87, 84
37, 127, 87, 70
37, 0, 88, 27
37, 290, 88, 20
37, 226, 88, 43
37, 354, 88, 68
37, 258, 88, 88
37, 70, 88, 43
37, 102, 88, 11
37, 393, 88, 7
37, 59, 88, 46
37, 141, 88, 32
37, 112, 88, 44
37, 177, 88, 36
37, 216, 88, 27
37, 153, 88, 13
37, 187, 88, 46
37, 284, 88, 38
37, 319, 88, 57
37, 385, 89, 80
37, 356, 89, 41
37, 199, 89, 36
37, 107, 89, 11
37, 395, 89, 41
37, 83, 89, 57
37, 180, 89, 69
37, 245, 89, 69
37, 151, 89, 89
37, 250, 89, 99
37, 64, 90, 17
37, 131, 90, 41
37, 177, 90, 36
37, 275, 90, 8
37, 88, 90, 87
37, 257, 91, 3
37, 270, 91, 51
37, 281, 91, 36
37, 34, 91, 72
37, 298, 91, 66
37, 313, 91, 80
37, 189, 91, 70
37, 63, 91, 67
37, 208, 91, 94
37, 216, 91, 27
37, 89, 91, 76
37, 219, 91, 59
37, 221, 91, 78
37, 349, 91, 61
37, 222, 91, 15
37, 354, 91, 68
37, 102, 91, 11
37, 363, 91, 84
37, 254, 91, 88
37, 361, 92, 30
37, 300, 92, 8
37, 173, 92, 71
37, 369, 92, 71
37, 119, 92, 16
37, 219, 92, 59
37, 63, 92, 67
37, 35, 93, 31
37, 301, 93, 83
37, 333, 93, 92
37, 397, 93, 20
37, 307, 93, 7
37, 117, 93, 78
37, 195, 94, 21
37, 36, 94, 55
37, 41, 94, 39
37, 394, 94, 96
37, 14, 94, 75
37, 335, 94, 40
37, 336, 94, 11
37, 337, 94, 21
37, 19, 94, 96
37, 212, 94, 45
37, 275, 94, 8
37, 285, 94, 91
37, 1, 95, 79
37, 98, 95, 63
37, 164, 95, 91
37, 230, 95, 21
37, 48, 95, 34
37, 145, 95, 72
37, 182, 95, 88
37, 87, 95, 56
37, 56, 95, 100
37, 98, 96, 63
37, 162, 96, 66
37, 228, 96, 48
37, 199, 96, 36
37, 392, 96, 19
37, 329, 96, 46
37, 136, 96, 80
37, 71, 96, 76
37, 40, 96, 98
37, 178, 96, 70
37, 151, 96, 89
37, 32, 97, 94
37, 385, 97, 80
37, 354, 97, 68
37, 289, 97, 35
37, 36, 97, 55
37, 102, 97, 11
37, 390, 97, 40
37, 38, 97, 33
37, 365, 97, 91
37, 207, 97, 44
37, 143, 97, 86
37, 50, 97, 58
37, 245, 97, 69
37, 373, 97, 83
37, 256, 98, 19
37, 193, 98, 78
37, 100, 98, 66
37, 76, 98, 23
37, 83, 98, 57
37, 54, 98, 9
37, 125, 98, 73
37, 0, 99, 27
37, 103, 99, 6
37, 391, 99, 72
37, 202, 99, 98
37, 74, 99, 40
37, 155, 99, 87
37, 365, 99, 91
37, 15, 99, 52
37, 176, 99, 95
37, 370, 99, 70
37, 19, 99, 96
37, 84, 99, 5
37, 245, 99, 69
37, 53, 99, 94
37, 213, 99, 44
37, 347, 99, 32
37, 255, 99, 58
37, 352, 100, 68
37, 133, 100, 41
37, 270, 100, 51
37, 274, 100, 35
37, 83, 100, 57
37, 311, 100, 68
37, 185, 100, 66
37, 218, 100, 74
37, 63, 100, 67
37, 100, 101, 66
37, 388, 101, 10
37, 9, 101, 4
37, 43, 101, 85
37, 334, 101, 1
37, 176, 101, 95
37, 305, 101, 9
37, 84, 101, 5
37, 23, 101, 93
37, 284, 101, 38
37, 159, 101, 33
37, 225, 102, 50
37, 321, 102, 41
37, 132, 102, 90
37, 78, 102, 46
37, 272, 102, 38
37, 208, 102, 94
37, 184, 102, 62
37, 105, 103, 77
37, 107, 103, 11
37, 122, 103, 3
37, 27, 103, 96
37, 284, 103, 38
37, 383, 103, 72
37, 353, 104, 55
37, 291, 104, 51
37, 4, 104, 48
37, 140, 104, 31
37, 272, 104, 38
37, 211, 104, 92
37, 308, 104, 3
37, 340, 104, 22
37, 282, 104, 15
37, 256, 105, 19
37, 65, 105, 48
37, 323, 105, 60
37, 164, 105, 91
37, 163, 105, 65
37, 106, 105, 85
37, 11, 105, 55
37, 140, 105, 31
37, 78, 105, 46
37, 239, 105, 72
37, 63, 105, 67
37, 95, 105, 83
37, 151, 105, 89
37, 215, 105, 79
37, 93, 105, 68
37, 222, 105, 15
37, 191, 105, 16
37, 266, 106, 12
37, 178, 106, 70
37, 306, 106, 65
37, 117, 106, 78
37, 60, 106, 72
37, 267, 107, 1
37, 14, 107, 75
37, 82, 107, 91
37, 150, 107, 67
37, 279, 107, 47
37, 283, 107, 59
37, 28, 107, 88
37, 97, 108, 66
37, 194, 108, 67
37, 289, 108, 35
37, 327, 108, 58
37, 168, 108, 69
37, 14, 108, 75
37, 208, 108, 94
37, 81, 108, 35
37, 211, 108, 92
37, 346, 108, 71
37, 158, 108, 18
37, 193, 109, 78
37, 131, 109, 41
37, 388, 109, 10
37, 39, 109, 28
37, 72, 109, 3
37, 330, 109, 68
37, 43, 109, 85
37, 237, 109, 4
37, 113, 109, 32
37, 178, 109, 70
37, 242, 109, 27
37, 246, 109, 31
37, 279, 109, 47
37, 158, 109, 18
37, 31, 109, 42
37, 224, 110, 75
37, 356, 110, 41
37, 103, 110, 6
37, 204, 110, 62
37, 346, 110, 71
37, 270, 110, 51
37, 207, 110, 44
37, 110, 110, 52
37, 48, 110, 34
37, 146, 110, 81
37, 18, 110, 52
37, 268, 110, 14
37, 23, 110, 93
37, 154, 110, 32
37, 28, 110, 88
37, 94, 110, 16
37, 256, 111, 19
37, 224, 111, 75
37, 352, 111, 68
37, 217, 111, 30
37, 101, 111, 83
37, 266, 111, 12
37, 299, 111, 42
37, 172, 111, 78
37, 77, 111, 90
37, 123, 111, 43
37, 155, 111, 87
37, 176, 111, 95
37, 210, 111, 62
37, 249, 111, 86
37, 346, 111, 71
37, 315, 111, 11
37, 188, 111, 46
37, 383, 111, 72
37, 96, 112, 5
37, 195, 112, 21
37, 38, 112, 33
37, 359, 112, 3
37, 104, 112, 38
37, 377, 112, 87
37, 234, 112, 49
37, 297, 112, 43
37, 41, 112, 39
37, 334, 112, 1
37, 271, 112, 77
37, 217, 112, 30
37, 28, 112, 88
37, 126, 112, 70
37, 351, 112, 4
37, 263, 113, 25
37, 142, 113, 96
37, 273, 113, 58
37, 277, 113, 10
37, 285, 113, 91
37, 48, 113, 34
37, 311, 113, 68
37, 312, 113, 63
37, 57, 113, 53
37, 320, 113, 91
37, 331, 113, 5
37, 77, 113, 90
37, 79, 113, 55
37, 338, 113, 97
37, 217, 113, 30
37, 96, 113, 5
37, 357, 113, 73
37, 103, 113, 6
37, 117, 113, 78
37, 245, 113, 69
37, 233, 114, 49
37, 170, 114, 14
37, 394, 114, 96
37, 396, 114, 81
37, 209, 114, 25
37, 184, 114, 62
37, 256, 115, 19
37, 385, 115, 80
37, 398, 115, 64
37, 155, 115, 87
37, 283, 115, 59
37, 31, 115, 42
37, 165, 115, 6
37, 294, 115, 74
37, 191, 115, 16
37, 196, 115, 28
37, 208, 115, 94
37, 209, 115, 25
37, 342, 115, 74
37, 98, 115, 63
37, 238, 115, 38
37, 368, 115, 69
37, 240, 115, 38
37, 378, 115, 59
37, 380, 115, 56
37, 385, 116, 80
37, 194, 116, 67
37, 3, 116, 21
37, 5, 116, 25
37, 230, 116, 21
37, 358, 116, 93
37, 8, 116, 39
37, 296, 116, 7
37, 298, 116, 66
37, 43, 116, 85
37, 203, 116, 7
37, 44, 116, 60
37, 80, 116, 73
37, 209, 116, 25
37, 54, 116, 9
37, 252, 116, 6
37, 30, 116, 92
37, 256, 117, 19
37, 32, 117, 94
37, 162, 117, 66
37, 121, 117, 70
37, 132, 117, 90
37, 70, 117, 43
37, 10, 117, 62
37, 77, 117, 90
37, 14, 117, 75
37, 51, 117, 15
37, 244, 117, 81
37, 277, 117, 10
37, 310, 117, 32
37, 215, 117, 79
37, 342, 117, 74
37, 62, 117, 18
37, 158, 117, 18
37, 191, 117, 16
37, 128, 118, 55
37, 35, 118, 31
37, 294, 118, 74
37, 40, 118, 98
37, 264, 118, 79
37, 392, 118, 19
37, 27, 118, 96
37, 300, 118, 8
37, 251, 118, 35
37, 145, 118, 72
37, 209, 118, 25
37, 18, 118, 52
37, 374, 118, 19
37, 87, 118, 56
37, 182, 118, 88
37, 58, 118, 17
37, 347, 118, 32
37, 319, 118, 57
37, 97, 119, 66
37, 34, 119, 72
37, 1, 119, 79
37, 166, 119, 6
37, 301, 119, 83
37, 270, 119, 51
37, 302, 119, 52
37, 110, 119, 52
37, 305, 119, 9
37, 148, 119, 11
37, 151, 119, 89
37, 121, 119, 70
37, 127, 119, 70
37, 191, 119, 16
37, 261, 120, 62
37, 139, 120, 42
37, 84, 120, 5
37, 22, 120, 24
37, 252, 120, 6
37, 2, 121, 70
37, 35, 121, 31
37, 162, 121, 66
37, 197, 121, 8
37, 325, 121, 3
37, 291, 121, 51
37, 296, 121, 7
37, 393, 121, 7
37, 141, 121, 32
37, 16, 121, 17
37, 113, 121, 32
37, 83, 121, 57
37, 310, 121, 32
37, 119, 121, 16
37, 278, 121, 29
37, 249, 121, 86
37, 316, 121, 13
37, 253, 121, 62
37, 321, 122, 41
37, 195, 122, 21
37, 164, 122, 91
37, 163, 122, 65
37, 140, 122, 31
37, 13, 122, 25
37, 12, 122, 66
37, 368, 122, 69
37, 17, 122, 69
37, 274, 122, 35
37, 308, 122, 3
37, 148, 122, 11
37, 55, 122, 69
37, 120, 122, 33
37, 345, 122, 42
37, 188, 122, 46
37, 382, 122, 74
37, 231, 123, 26
37, 270, 123, 51
37, 303, 123, 8
37, 119, 123, 16
37, 23, 123, 93
37, 95, 123, 83
37, 225, 124, 50
37, 165, 124, 6
37, 175, 124, 91
37, 112, 124, 44
37, 84, 124, 5
37, 375, 124, 37
37, 99, 125, 17
37, 262, 125, 84
37, 10, 125, 62
37, 75, 125, 55
37, 301, 125, 83
37, 15, 125, 52
37, 144, 125, 48
37, 242, 125, 27
37, 212, 125, 45
37, 119, 125, 16
37, 216, 125, 27
37, 24, 125, 43
37, 282, 125, 15
37, 315, 125, 11
37, 220, 125, 10
37, 72, 126, 3
37, 301, 126, 83
37, 335, 126, 40
37, 114, 126, 29
37, 318, 126, 7
37, 67, 127, 69
37, 196, 127, 28
37, 5, 127, 25
37, 303, 127, 8
37, 276, 127, 75
37, 180, 127, 69
37, 86, 127, 28
37, 26, 127, 23
37, 28, 127, 88
37, 349, 127, 61
37, 96, 128, 5
37, 294, 128, 74
37, 295, 128, 8
37, 127, 128, 70
37, 14, 128, 75
37, 206, 128, 49
37, 340, 128, 22
37, 375, 128, 37
37, 124, 128, 5
37, 285, 128, 91
37, 159, 128, 33
37, 320, 129, 91
37, 65, 129, 48
37, 258, 129, 88
37, 161, 129, 30
37, 5, 129, 25
37, 165, 129, 6
37, 170, 129, 14
37, 363, 129, 84
37, 267, 129, 1
37, 109, 129, 55
37, 303, 129, 8
37, 80, 129, 73
37, 177, 129, 36
37, 371, 129, 42
37, 245, 129, 69
37, 284, 129, 38
37, 62, 129, 18
37, 257, 130, 3
37, 1, 130, 79
37, 137, 130, 47
37, 399, 130, 66
37, 335, 130, 40
37, 111, 130, 51
37, 306, 130, 65
37, 308, 130, 3
37, 213, 130, 44
37, 183, 130, 85
37, 152, 130, 62
37, 249, 130, 86
37, 155, 130, 87
37, 92, 130, 96
37, 189, 130, 70
37, 286, 130, 54
37, 357, 131, 73
37, 326, 131, 43
37, 230, 131, 21
37, 8, 131, 39
37, 174, 131, 28
37, 78, 131, 46
37, 307, 131, 7
37, 281, 131, 36
37, 131, 132, 41
37, 103, 132, 6
37, 299, 132, 42
37, 75, 132, 55
37, 239, 132, 72
37, 367, 132, 95
37, 216, 132, 27
37, 158, 132, 18
37, 128, 133, 55
37, 324, 133, 61
37, 135, 133, 66
37, 9, 133, 4
37, 74, 133, 40
37, 11, 133, 55
37, 203, 133, 7
37, 45, 133, 66
37, 331, 133, 5
37, 79, 133, 55
37, 49, 133, 96
37, 179, 133, 39
37, 372, 133, 17
37, 245, 133, 69
37, 94, 133, 16
37, 31, 133, 42
37, 259, 134, 88
37, 6, 134, 24
37, 391, 134, 72
37, 155, 134, 87
37, 399, 134, 66
37, 146, 134, 81
37, 117, 134, 78
37, 219, 134, 59
37, 124, 134, 5
37, 93, 134, 68
37, 158, 134, 18
37, 31, 134, 42
37, 132, 135, 90
37, 6, 135, 24
37, 200, 135, 7
37, 268, 135, 14
37, 248, 135, 52
37, 157, 135, 84
37, 321, 136, 41
37, 163, 136, 65
37, 171, 136, 25
37, 79, 136, 55
37, 47, 136, 83
37, 207, 136, 44
37, 242, 136, 27
37, 220, 136, 10
37, 209, 136, 25
37, 149, 136, 65
37, 57, 136, 53
37, 58, 136, 17
37, 380, 136, 56
37, 221, 136, 78
37, 62, 136, 18
37, 255, 136, 58
37, 145, 137, 72
37, 153, 137, 13
37, 291, 137, 51
37, 301, 137, 83
37, 302, 137, 52
37, 303, 137, 8
37, 313, 137, 80
37, 321, 137, 41
37, 328, 137, 36
37, 78, 137, 46
37, 337, 137, 21
37, 338, 137, 97
37, 88, 137, 87
37, 96, 137, 5
37, 98, 137, 63
37, 228, 137, 48
37, 233, 137, 49
37, 239, 137, 72
37, 374, 137, 19
37, 195, 138, 21
37, 356, 138, 41
37, 393, 138, 7
37, 42, 138, 42
37, 334, 138, 1
37, 238, 138, 38
37, 241, 138, 96
37, 49, 138, 96
37, 209, 138, 25
37, 22, 138, 24
37, 124, 138, 5
37, 61, 138, 43
37, 97, 139, 66
37, 355, 139, 70
37, 197, 139, 8
37, 294, 139, 74
37, 325, 139, 3
37, 167, 139, 1
37, 79, 139, 55
37, 370, 139, 70
37, 20, 139, 14
37, 341, 139, 43
37, 182, 139, 88
37, 313, 139, 80
37, 381, 139, 22
37, 36, 140, 55
37, 80, 140, 73
37, 209, 140, 25
37, 217, 140, 30
37, 93, 140, 68
37, 286, 140, 54
37, 256, 141, 19
37, 390, 141, 40
37, 135, 141, 66
37, 137, 141, 47
37, 12, 141, 66
37, 142, 141, 96
37, 143, 141, 86
37, 151, 141, 89
37, 155, 141, 87
37, 39, 141, 28
37, 170, 141, 14
37, 55, 141, 69
37, 316, 141, 13
37, 61, 141, 43
37, 74, 141, 40
37, 343, 141, 91
37, 350, 141, 90
37, 115, 141, 54
37, 244, 141, 81
37, 185, 142, 66
37, 165, 142, 6
37, 365, 142, 91
37, 14, 142, 75
37, 144, 142, 48
37, 211, 142, 92
37, 339, 142, 39
37, 117, 142, 78
37, 280, 142, 10
37, 313, 142, 80
37, 120, 142, 33
37, 142, 143, 96
37, 15, 143, 52
37, 272, 143, 38
37, 273, 143, 58
37, 145, 143, 72
37, 278, 143, 29
37, 23, 143, 93
37, 165, 143, 6
37, 299, 143, 42
37, 55, 143, 69
37, 62, 143, 18
37, 214, 143, 21
37, 232, 143, 90
37, 365, 143, 91
37, 369, 143, 71
37, 114, 143, 29
37, 243, 143, 93
37, 249, 143, 86
37, 378, 143, 59
37, 379, 143, 1
37, 226, 144, 43
37, 323, 144, 60
37, 4, 144, 48
37, 37, 144, 93
37, 262, 144, 84
37, 237, 144, 4
37, 208, 144, 94
37, 370, 144, 70
37, 150, 144, 67
37, 253, 144, 62
37, 229, 145, 8
37, 293, 145, 96
37, 199, 145, 36
37, 186, 145, 81
37, 203, 145, 7
37, 365, 145, 91
37, 336, 145, 11
37, 176, 145, 95
37, 179, 145, 39
37, 282, 145, 15
37, 352, 146, 68
37, 2, 146, 70
37, 98, 146, 63
37, 232, 146, 90
37, 72, 146, 3
37, 269, 146, 88
37, 303, 146, 8
37, 273, 146, 58
37, 275, 146, 8
37, 148, 146, 11
37, 23, 146, 93
37, 217, 146, 30
37, 124, 146, 5
37, 311, 146, 68
37, 130, 147, 26
37, 226, 147, 43
37, 324, 147, 61
37, 292, 147, 18
37, 5, 147, 25
37, 325, 147, 3
37, 392, 147, 19
37, 227, 147, 44
37, 235, 147, 35
37, 82, 147, 91
37, 26, 147, 23
37, 32, 148, 94
37, 354, 148, 68
37, 324, 148, 61
37, 166, 148, 6
37, 327, 148, 58
37, 136, 148, 80
37, 144, 148, 48
37, 85, 148, 47
37, 313, 148, 80
37, 218, 148, 74
37, 2, 149, 70
37, 391, 149, 72
37, 7, 149, 34
37, 26, 149, 23
37, 161, 149, 30
37, 163, 149, 65
37, 293, 149, 96
37, 165, 149, 6
37, 44, 149, 60
37, 303, 149, 8
37, 310, 149, 32
37, 187, 149, 46
37, 66, 149, 23
37, 197, 149, 8
37, 222, 149, 15
37, 96, 149, 5
37, 103, 149, 6
37, 368, 149, 69
37, 240, 149, 38
37, 125, 149, 73
37, 353, 150, 55
37, 386, 150, 14
37, 162, 150, 66
37, 295, 150, 8
37, 168, 150, 69
37, 301, 150, 83
37, 78, 150, 46
37, 303, 150, 8
37, 83, 150, 57
37, 116, 150, 35
37, 22, 150, 24
37, 119, 150, 16
37, 378, 151, 59
37, 304, 151, 22
37, 16, 151, 17
37, 210, 151, 62
37, 214, 151, 21
37, 218, 151, 74
37, 64, 152, 17
37, 130, 152, 26
37, 66, 152, 23
37, 133, 152, 41
37, 134, 152, 64
37, 166, 152, 6
37, 327, 152, 58
37, 198, 152, 99
37, 368, 152, 69
37, 49, 152, 96
37, 371, 152, 42
37, 281, 152, 36
37, 123, 152, 43
37, 30, 152, 92
37, 96, 153, 5
37, 1, 153, 79
37, 322, 153, 18
37, 167, 153, 1
37, 171, 153, 25
37, 174, 153, 28
37, 48, 153, 34
37, 285, 153, 91
37, 20, 154, 14
37, 169, 154, 79
37, 171, 154, 25
37, 51, 154, 15
37, 311, 154, 68
37, 313, 154, 80
37, 314, 154, 28
37, 323, 154, 60
37, 71, 154, 76
37, 74, 154, 40
37, 332, 154, 71
37, 344, 154, 37
37, 88, 154, 87
37, 218, 154, 74
37, 350, 154, 90
37, 356, 154, 41
37, 229, 154, 8
37, 364, 154, 24
37, 248, 154, 52
37, 359, 155, 3
37, 12, 155, 66
37, 143, 155, 86
37, 114, 155, 29
37, 248, 155, 52
37, 219, 155, 59
37, 61, 155, 43
37, 351, 155, 4
37, 384, 156, 28
37, 40, 156, 98
37, 265, 156, 100
37, 392, 156, 19
37, 287, 156, 85
37, 257, 157, 3
37, 194, 157, 67
37, 263, 157, 25
37, 168, 157, 69
37, 39, 157, 28
37, 328, 157, 36
37, 332, 157, 71
37, 141, 157, 32
37, 78, 157, 46
37, 272, 157, 38
37, 51, 157, 15
37, 282, 157, 15
37, 155, 157, 87
37, 31, 157, 42
37, 321, 158, 41
37, 325, 158, 3
37, 262, 158, 84
37, 363, 158, 84
37, 44, 158, 60
37, 110, 158, 52
37, 366, 158, 57
37, 121, 158, 70
37, 61, 158, 43
37, 199, 159, 36
37, 329, 159, 46
37, 9, 159, 4
37, 243, 159, 93
37, 211, 159, 92
37, 346, 159, 71
37, 139, 160, 42
37, 301, 160, 83
37, 115, 160, 54
37, 118, 160, 75
37, 57, 160, 53
37, 129, 161, 16
37, 257, 161, 3
37, 385, 161, 80
37, 394, 161, 96
37, 266, 161, 12
37, 43, 161, 85
37, 78, 161, 46
37, 178, 161, 70
37, 309, 161, 95
37, 23, 161, 93
37, 379, 161, 1
37, 228, 162, 48
37, 14, 162, 75
37, 48, 162, 34
37, 82, 162, 91
37, 283, 162, 59
37, 317, 162, 79
37, 323, 163, 60
37, 35, 163, 31
37, 357, 163, 73
37, 56, 163, 100
37, 267, 163, 1
37, 80, 163, 73
37, 210, 163, 62
37, 54, 163, 9
37, 247, 163, 59
37, 88, 163, 87
37, 24, 163, 43
37, 378, 163, 59
37, 91, 163, 18
37, 124, 163, 5
37, 349, 163, 61
37, 353, 164, 55
37, 225, 164, 50
37, 260, 164, 18
37, 392, 164, 19
37, 332, 164, 71
37, 45, 164, 66
37, 270, 164, 51
37, 112, 164, 44
37, 241, 164, 96
37, 242, 164, 27
37, 337, 164, 21
37, 244, 164, 81
37, 309, 164, 95
37, 378, 164, 59
37, 129, 165, 16
37, 259, 165, 88
37, 277, 165, 10
37, 154, 165, 32
37, 300, 165, 8
37, 301, 165, 83
37, 305, 165, 9
37, 79, 165, 55
37, 338, 165, 97
37, 85, 165, 47
37, 344, 165, 37
37, 91, 165, 18
37, 348, 165, 94
37, 227, 165, 44
37, 230, 165, 21
37, 367, 165, 95
37, 114, 165, 29
37, 374, 165, 19
37, 376, 165, 54
37, 253, 165, 62
37, 326, 166, 43
37, 104, 166, 38
37, 73, 166, 71
37, 107, 166, 11
37, 304, 166, 22
37, 184, 166, 62
37, 221, 166, 78
37, 351, 166, 4
37, 257, 167, 3
37, 131, 167, 41
37, 133, 167, 41
37, 156, 167, 78
37, 29, 167, 65
37, 34, 167, 72
37, 46, 167, 42
37, 55, 167, 69
37, 63, 167, 67
37, 72, 167, 3
37, 329, 167, 46
37, 204, 167, 62
37, 206, 167, 49
37, 210, 167, 62
37, 226, 167, 43
37, 365, 167, 91
37, 366, 167, 57
37, 237, 167, 4
37, 378, 167, 59
37, 256, 168, 19
37, 192, 168, 11
37, 386, 168, 14
37, 160, 168, 68
37, 40, 168, 98
37, 210, 168, 62
37, 244, 168, 81
37, 21, 168, 15
37, 374, 168, 19
37, 55, 168, 69
37, 28, 168, 88
37, 392, 169, 19
37, 177, 169, 36
37, 18, 169, 52
37, 274, 169, 35
37, 83, 169, 57
37, 278, 169, 29
37, 183, 169, 85
37, 60, 169, 72
37, 266, 170, 12
37, 139, 170, 42
37, 17, 170, 69
37, 26, 170, 23
37, 165, 170, 6
37, 39, 170, 28
37, 42, 170, 42
37, 308, 170, 3
37, 188, 170, 46
37, 66, 170, 23
37, 195, 170, 21
37, 336, 170, 11
37, 80, 170, 73
37, 351, 170, 4
37, 229, 170, 8
37, 232, 170, 90
37, 234, 170, 49
37, 107, 170, 11
37, 238, 170, 38
37, 368, 170, 69
37, 256, 171, 19
37, 32, 171, 94
37, 195, 171, 21
37, 170, 171, 14
37, 299, 171, 42
37, 364, 171, 24
37, 268, 171, 14
37, 111, 171, 51
37, 209, 171, 25
37, 343, 171, 91
37, 312, 171, 63
37, 347, 171, 32
37, 120, 171, 33
37, 189, 171, 70
37, 222, 171, 15
37, 192, 172, 11
37, 161, 172, 30
37, 35, 172, 31
37, 163, 172, 65
37, 260, 172, 18
37, 140, 172, 31
37, 49, 172, 96
37, 316, 172, 13
37, 92, 172, 96
37, 158, 172, 18
37, 70, 173, 43
37, 72, 173, 3
37, 361, 173, 30
37, 236, 173, 24
37, 397, 173, 20
37, 366, 173, 57
37, 92, 173, 96
37, 173, 173, 71
37, 108, 173, 85
37, 275, 173, 8
37, 85, 173, 47
37, 55, 173, 69
37, 88, 173, 87
37, 377, 173, 87
37, 27, 173, 96
37, 316, 173, 13
37, 224, 174, 75
37, 256, 174, 19
37, 290, 174, 20
37, 193, 174, 78
37, 384, 174, 28
37, 6, 174, 24
37, 71, 174, 76
37, 297, 174, 43
37, 10, 174, 62
37, 361, 174, 30
37, 205, 174, 84
37, 16, 174, 17
37, 81, 174, 35
37, 306, 174, 65
37, 214, 174, 21
37, 314, 174, 28
37, 254, 174, 88
37, 127, 174, 70
37, 96, 175, 5
37, 354, 175, 68
37, 259, 175, 88
37, 227, 175, 44
37, 386, 175, 14
37, 231, 175, 26
37, 328, 175, 36
37, 10, 175, 62
37, 396, 175, 81
37, 209, 175, 25
37, 120, 175, 33
37, 249, 175, 86
37, 157, 175, 84
37, 376, 176, 54
37, 357, 176, 73
37, 142, 176, 96
37, 30, 176, 92
37, 216, 176, 27
37, 346, 176, 71
37, 190, 176, 69
37, 62, 176, 18
37, 359, 177, 3
37, 83, 177, 57
37, 116, 177, 35
37, 211, 177, 92
37, 313, 177, 80
37, 219, 177, 59
37, 60, 177, 72
37, 381, 177, 22
37, 228, 178, 48
37, 112, 178, 44
37, 17, 178, 69
37, 340, 178, 22
37, 117, 178, 78
37, 152, 178, 62
37, 121, 178, 70
37, 122, 178, 3
37, 192, 179, 11
37, 104, 179, 38
37, 113, 179, 32
37, 242, 179, 27
37, 22, 179, 24
37, 343, 179, 91
37, 31, 179, 42
37, 192, 180, 11
37, 195, 180, 21
37, 291, 180, 51
37, 70, 180, 43
37, 137, 180, 47
37, 139, 180, 42
37, 271, 180, 77
37, 176, 180, 95
37, 273, 180, 58
37, 18, 180, 52
37, 335, 180, 40
37, 276, 180, 75
37, 340, 180, 22
37, 376, 180, 54
37, 26, 180, 23
37, 88, 180, 87
37, 125, 180, 73
37, 194, 181, 67
37, 394, 181, 96
37, 202, 181, 98
37, 25, 181, 34
37, 348, 181, 94
37, 285, 181, 91
37, 15, 182, 52
37, 272, 182, 38
37, 17, 182, 69
37, 276, 182, 75
37, 22, 182, 24
37, 279, 182, 47
37, 154, 182, 32
37, 282, 182, 15
37, 41, 182, 39
37, 46, 182, 42
37, 175, 182, 91
37, 311, 182, 68
37, 318, 182, 7
37, 339, 182, 39
37, 342, 182, 74
37, 89, 182, 76
37, 228, 182, 48
37, 358, 182, 93
37, 362, 182, 78
37, 0, 183, 27
37, 323, 183, 60
37, 358, 183, 93
37, 172, 183, 78
37, 45, 183, 66
37, 336, 183, 11
37, 369, 183, 71
37, 85, 183, 47
37, 277, 183, 10
37, 184, 183, 62
37, 157, 183, 84
37, 376, 184, 54
37, 103, 184, 6
37, 300, 184, 8
37, 47, 184, 83
37, 240, 184, 38
37, 305, 184, 9
37, 271, 184, 77
37, 182, 184, 88
37, 87, 184, 56
37, 216, 184, 27
37, 153, 184, 13
37, 316, 184, 13
37, 389, 185, 2
37, 361, 185, 30
37, 106, 185, 85
37, 399, 185, 66
37, 370, 185, 70
37, 86, 185, 28
37, 311, 185, 68
37, 282, 185, 15
37, 290, 186, 20
37, 131, 186, 41
37, 228, 186, 48
37, 99, 186, 17
37, 197, 186, 8
37, 11, 186, 55
37, 236, 186, 24
37, 366, 186, 57
37, 303, 186, 8
37, 373, 186, 83
37, 118, 186, 75
37, 375, 186, 37
37, 88, 186, 87
37, 346, 186, 71
37, 94, 186, 16
37, 63, 186, 67
37, 4, 187, 48
37, 101, 187, 83
37, 295, 187, 8
37, 81, 187, 35
37, 17, 187, 69
37, 244, 187, 81
37, 152, 187, 62
37, 377, 187, 87
37, 28, 187, 88
37, 61, 187, 43
37, 222, 187, 15
37, 224, 188, 75
37, 121, 188, 70
37, 354, 188, 68
37, 314, 188, 28
37, 269, 188, 88
37, 207, 188, 44
37, 18, 188, 52
37, 344, 188, 37
37, 313, 188, 80
37, 346, 188, 71
37, 325, 189, 3
37, 123, 189, 43
37, 19, 189, 96
37, 183, 189, 85
37, 89, 189, 76
37, 219, 189, 59
37, 380, 189, 56
37, 26, 190, 23
37, 38, 190, 33
37, 15, 190, 52
37, 148, 190, 11
37, 85, 190, 47
37, 277, 190, 10
37, 276, 190, 75
37, 345, 190, 42
37, 90, 190, 5
37, 32, 191, 94
37, 2, 191, 70
37, 355, 191, 70
37, 131, 191, 41
37, 6, 191, 24
37, 136, 191, 80
37, 75, 191, 55
37, 206, 191, 49
37, 18, 191, 52
37, 147, 191, 93
37, 343, 191, 91
37, 125, 191, 73
37, 279, 191, 47
37, 58, 191, 17
37, 285, 191, 91
37, 126, 191, 70
37, 89, 192, 76
37, 289, 192, 35
37, 386, 192, 14
37, 64, 192, 17
37, 324, 192, 61
37, 165, 192, 6
37, 198, 192, 99
37, 101, 192, 83
37, 263, 192, 25
37, 395, 192, 41
37, 235, 192, 35
37, 301, 192, 83
37, 46, 192, 42
37, 155, 192, 87
37, 20, 192, 14
37, 153, 192, 13
37, 379, 192, 1
37, 348, 192, 94
37, 34, 193, 72
37, 104, 193, 38
37, 393, 193, 7
37, 10, 193, 62
37, 147, 193, 93
37, 184, 193, 62
37, 91, 193, 18
37, 189, 193, 70
37, 190, 193, 69
37, 102, 194, 11
37, 232, 194, 90
37, 297, 194, 43
37, 74, 194, 40
37, 330, 194, 68
37, 205, 194, 84
37, 379, 194, 1
37, 349, 194, 61
37, 321, 195, 41
37, 132, 195, 90
37, 37, 195, 93
37, 68, 195, 89
37, 71, 195, 76
37, 9, 195, 4
37, 107, 195, 11
37, 19, 195, 96
37, 379, 195, 1
37, 213, 195, 44
37, 88, 195, 87
37, 250, 195, 99
37, 155, 195, 87
37, 160, 196, 68
37, 162, 196, 66
37, 2, 196, 70
37, 261, 196, 62
37, 104, 196, 38
37, 345, 196, 42
37, 44, 196, 60
37, 333, 196, 92
37, 398, 196, 64
37, 175, 196, 91
37, 276, 196, 75
37, 342, 196, 74
37, 86, 196, 28
37, 57, 196, 53
37, 123, 196, 43
37, 126, 196, 70
37, 194, 197, 67
37, 198, 197, 99
37, 200, 197, 7
37, 282, 197, 15
37, 76, 197, 23
37, 334, 197, 1
37, 398, 197, 64
37, 48, 197, 34
37, 208, 197, 94
37, 308, 197, 3
37, 309, 197, 95
37, 181, 197, 12
37, 247, 197, 59
37, 90, 197, 5
37, 348, 197, 94
37, 286, 197, 54
37, 354, 198, 68
37, 199, 198, 36
37, 75, 198, 55
37, 282, 198, 15
37, 19, 198, 96
37, 116, 198, 35
37, 117, 198, 78
37, 182, 198, 88
37, 339, 198, 39
37, 56, 198, 100
37, 122, 198, 3
37, 222, 198, 15
37, 64, 199, 17
37, 299, 199, 42
37, 346, 199, 71
37, 269, 199, 88
37, 340, 199, 22
37, 22, 199, 24
37, 58, 199, 17
