200, 400, 20
64, 361, 0, 30
64, 267, 0, 75
64, 45, 0, 61
64, 313, 0, 90
64, 218, 0, 51
64, 160, 1, 9
64, 103, 1, 46
64, 271, 1, 19
64, 207, 1, 4
64, 273, 1, 76
64, 399, 1, 13
64, 178, 1, 9
64, 213, 1, 79
64, 311, 1, 64
64, 344, 1, 55
64, 124, 1, 38
64, 225, 2, 65
64, 227, 2, 26
64, 359, 2, 23
64, 299, 2, 92
64, 109, 2, 88
64, 339, 2, 71
64, 247, 2, 10
64, 25, 2, 77
64, 188, 2, 68
64, 128, 3, 16
64, 67, 3, 33
64, 101, 3, 32
64, 392, 3, 33
64, 51, 3, 75
64, 22, 3, 52
64, 345, 3, 68
64, 58, 3, 96
64, 189, 3, 74
64, 161, 4, 78
64, 194, 4, 19
64, 98, 4, 51
64, 164, 4, 77
64, 197, 4, 44
64, 228, 4, 75
64, 199, 4, 40
64, 71, 4, 34
64, 41, 4, 41
64, 234, 4, 90
64, 282, 4, 94
64, 203, 4, 89
64, 48, 4, 40
64, 90, 4, 21
64, 27, 4, 86
64, 380, 4, 39
64, 95, 4, 98
64, 352, 5, 41
64, 2, 5, 48
64, 164, 5, 77
64, 141, 5, 80
64, 48, 5, 40
64, 182, 5, 45
64, 214, 5, 8
64, 57, 5, 38
64, 155, 5, 83
64, 291, 6, 85
64, 133, 6, 9
64, 391, 6, 72
64, 231, 6, 78
64, 263, 6, 12
64, 106, 6, 37
64, 49, 6, 76
64, 221, 6, 12
64, 313, 6, 90
64, 381, 6, 42
64, 223, 6, 70
64, 166, 7, 6
64, 232, 7, 28
64, 205, 7, 71
64, 303, 7, 74
64, 53, 7, 58
64, 181, 7, 69
64, 30, 7, 4
64, 344, 7, 55
64, 122, 7, 15
64, 350, 7, 95
64, 128, 8, 16
64, 65, 8, 18
64, 259, 8, 17
64, 133, 8, 9
64, 40, 8, 21
64, 168, 8, 9
64, 267, 8, 75
64, 77, 8, 12
64, 13, 8, 2
64, 79, 8, 58
64, 144, 8, 34
64, 251, 8, 45
64, 349, 8, 29
64, 62, 8, 80
64, 64, 9, 9
64, 356, 9, 75
64, 197, 9, 44
64, 137, 9, 53
64, 234, 9, 90
64, 363, 9, 92
64, 113, 9, 47
64, 212, 9, 22
64, 343, 9, 100
64, 311, 9, 64
64, 320, 10, 71
64, 98, 10, 51
64, 258, 10, 27
64, 226, 10, 10
64, 293, 10, 89
64, 5, 10, 26
64, 134, 10, 52
64, 99, 10, 10
64, 295, 10, 100
64, 298, 10, 90
64, 234, 10, 90
64, 165, 10, 75
64, 171, 10, 78
64, 241, 10, 9
64, 314, 10, 38
64, 123, 10, 51
64, 380, 10, 39
64, 128, 11, 16
64, 257, 11, 91
64, 3, 11, 26
64, 106, 11, 37
64, 332, 11, 11
64, 76, 11, 48
64, 172, 11, 7
64, 176, 11, 63
64, 82, 11, 35
64, 274, 11, 69
64, 371, 11, 29
64, 341, 11, 59
64, 246, 11, 86
64, 247, 11, 10
64, 216, 11, 66
64, 123, 11, 51
64, 288, 12, 59
64, 259, 12, 17
64, 324, 12, 3
64, 297, 12, 26
64, 396, 12, 80
64, 18, 12, 69
64, 147, 12, 52
64, 149, 12, 8
64, 183, 12, 25
64, 122, 12, 15
64, 379, 12, 37
64, 125, 12, 17
64, 190, 12, 57
64, 32, 13, 89
64, 1, 13, 86
64, 228, 13, 75
64, 391, 13, 72
64, 244, 13, 45
64, 151, 13, 66
64, 122, 13, 15
64, 320, 14, 71
64, 121, 14, 87
64, 388, 14, 33
64, 197, 14, 44
64, 389, 14, 2
64, 325, 14, 80
64, 39, 14, 14
64, 201, 14, 60
64, 330, 14, 71
64, 44, 14, 10
64, 274, 14, 69
64, 211, 14, 84
64, 182, 14, 45
64, 311, 14, 64
64, 312, 14, 7
64, 345, 14, 68
64, 283, 14, 100
64, 381, 14, 42
64, 224, 15, 58
64, 36, 15, 19
64, 69, 15, 52
64, 293, 15, 89
64, 295, 15, 100
64, 329, 15, 68
64, 267, 15, 75
64, 203, 15, 89
64, 333, 15, 30
64, 108, 15, 2
64, 366, 15, 62
64, 245, 15, 22
64, 183, 15, 25
64, 57, 15, 38
64, 251, 15, 45
64, 28, 15, 44
64, 351, 15, 94
64, 352, 16, 41
64, 329, 16, 68
64, 142, 16, 30
64, 81, 16, 23
64, 82, 16, 35
64, 216, 16, 66
64, 28, 16, 44
64, 292, 17, 27
64, 326, 17, 74
64, 170, 17, 34
64, 141, 17, 80
64, 369, 17, 3
64, 0, 18, 32
64, 258, 18, 27
64, 261, 18, 20
64, 282, 18, 94
64, 40, 18, 21
64, 300, 18, 20
64, 182, 18, 45
64, 56, 18, 81
64, 313, 18, 90
64, 186, 18, 69
64, 61, 18, 70
64, 211, 18, 84
64, 89, 18, 28
64, 346, 18, 60
64, 352, 18, 41
64, 355, 18, 6
64, 229, 18, 78
64, 357, 18, 68
64, 364, 18, 17
64, 38, 19, 95
64, 294, 19, 75
64, 8, 19, 24
64, 232, 19, 28
64, 265, 19, 14
64, 251, 19, 45
64, 17, 19, 48
64, 373, 19, 37
64, 153, 19, 22
64, 347, 19, 61
64, 223, 19, 70
64, 321, 20, 9
64, 227, 20, 26
64, 40, 20, 21
64, 328, 20, 54
64, 139, 20, 58
64, 171, 20, 78
64, 398, 20, 29
64, 241, 20, 9
64, 17, 20, 48
64, 50, 20, 69
64, 117, 20, 43
64, 21, 20, 45
64, 213, 20, 79
64, 379, 20, 37
64, 354, 21, 89
64, 234, 21, 90
64, 267, 21, 75
64, 75, 21, 39
64, 336, 21, 66
64, 338, 21, 75
64, 212, 21, 22
64, 183, 21, 25
64, 60, 21, 27
64, 162, 22, 24
64, 35, 22, 55
64, 36, 22, 19
64, 165, 22, 75
64, 38, 22, 95
64, 230, 22, 72
64, 390, 22, 15
64, 75, 22, 39
64, 173, 22, 99
64, 92, 22, 99
64, 179, 22, 40
64, 340, 22, 99
64, 284, 22, 37
64, 55, 22, 97
64, 377, 22, 52
64, 124, 22, 38
64, 350, 22, 95
64, 255, 22, 87
64, 161, 23, 78
64, 191, 23, 23
64, 383, 23, 47
64, 207, 23, 4
64, 242, 23, 39
64, 245, 23, 22
64, 181, 23, 69
64, 56, 23, 81
64, 158, 23, 68
64, 255, 23, 87
64, 38, 24, 95
64, 264, 24, 19
64, 8, 24, 24
64, 108, 24, 2
64, 45, 24, 61
64, 239, 24, 43
64, 23, 24, 43
64, 309, 24, 93
64, 279, 24, 57
64, 120, 24, 75
64, 324, 25, 3
64, 41, 25, 41
64, 170, 25, 34
64, 79, 25, 58
64, 150, 25, 63
64, 119, 25, 72
64, 249, 25, 99
64, 379, 25, 37
64, 319, 25, 78
64, 225, 26, 65
64, 324, 26, 3
64, 231, 26, 78
64, 328, 26, 54
64, 12, 26, 26
64, 77, 26, 12
64, 175, 26, 15
64, 271, 26, 19
64, 113, 26, 47
64, 309, 26, 93
64, 151, 26, 66
64, 217, 26, 64
64, 186, 26, 69
64, 318, 26, 36
64, 287, 26, 15
64, 72, 27, 39
64, 9, 27, 60
64, 47, 27, 99
64, 272, 27, 94
64, 146, 27, 59
64, 339, 27, 71
64, 264, 28, 19
64, 152, 28, 56
64, 281, 28, 93
64, 284, 28, 37
64, 161, 28, 78
64, 172, 28, 7
64, 174, 28, 72
64, 311, 28, 64
64, 313, 28, 90
64, 65, 28, 18
64, 321, 28, 9
64, 203, 28, 89
64, 83, 28, 31
64, 242, 28, 39
64, 244, 28, 45
64, 374, 28, 91
64, 119, 28, 72
64, 120, 28, 75
64, 251, 28, 45
64, 255, 28, 87
64, 65, 29, 18
64, 386, 29, 15
64, 287, 29, 15
64, 383, 29, 47
64, 168, 29, 9
64, 395, 29, 69
64, 204, 29, 71
64, 237, 29, 15
64, 45, 29, 61
64, 145, 29, 4
64, 148, 29, 34
64, 58, 29, 96
64, 191, 29, 23
64, 2, 30, 48
64, 163, 30, 75
64, 122, 30, 15
64, 104, 30, 38
64, 171, 30, 78
64, 76, 30, 48
64, 332, 30, 11
64, 78, 30, 81
64, 47, 30, 99
64, 337, 30, 15
64, 338, 30, 75
64, 81, 30, 23
64, 180, 30, 81
64, 151, 30, 66
64, 58, 30, 96
64, 123, 30, 51
64, 311, 30, 64
64, 322, 31, 80
64, 130, 31, 48
64, 194, 31, 19
64, 201, 31, 60
64, 11, 31, 40
64, 139, 31, 58
64, 369, 31, 3
64, 86, 31, 5
64, 343, 31, 100
64, 378, 31, 70
64, 127, 31, 50
64, 385, 32, 93
64, 223, 32, 70
64, 33, 32, 46
64, 196, 32, 50
64, 4, 32, 24
64, 103, 32, 46
64, 362, 32, 44
64, 305, 32, 45
64, 306, 32, 48
64, 17, 32, 48
64, 308, 32, 64
64, 213, 32, 79
64, 182, 32, 45
64, 191, 32, 23
64, 225, 33, 65
64, 34, 33, 73
64, 230, 33, 72
64, 103, 33, 46
64, 106, 33, 37
64, 213, 33, 79
64, 279, 33, 57
64, 184, 33, 65
64, 389, 34, 2
64, 137, 34, 53
64, 161, 34, 78
64, 168, 34, 9
64, 169, 34, 38
64, 298, 34, 90
64, 171, 34, 78
64, 51, 34, 75
64, 308, 34, 64
64, 312, 34, 7
64, 57, 34, 38
64, 184, 34, 65
64, 316, 34, 50
64, 320, 34, 71
64, 69, 34, 52
64, 208, 34, 70
64, 346, 34, 60
64, 242, 34, 39
64, 117, 34, 43
64, 224, 35, 58
64, 256, 35, 36
64, 354, 35, 89
64, 259, 35, 17
64, 201, 35, 60
64, 59, 35, 30
64, 365, 35, 72
64, 80, 35, 67
64, 145, 35, 4
64, 343, 35, 100
64, 346, 35, 60
64, 315, 35, 74
64, 30, 35, 4
64, 159, 35, 90
64, 174, 36, 72
64, 51, 36, 75
64, 245, 36, 22
64, 151, 36, 66
64, 122, 36, 15
64, 155, 36, 83
64, 66, 37, 96
64, 168, 37, 9
64, 106, 37, 37
64, 239, 37, 43
64, 305, 37, 45
64, 212, 37, 22
64, 341, 37, 59
64, 376, 37, 91
64, 185, 37, 14
64, 219, 37, 74
64, 328, 38, 54
64, 139, 38, 58
64, 172, 38, 7
64, 395, 38, 69
64, 107, 38, 88
64, 182, 38, 45
64, 247, 38, 10
64, 26, 38, 77
64, 123, 38, 51
64, 61, 38, 70
64, 289, 39, 31
64, 1, 39, 86
64, 328, 39, 54
64, 139, 39, 58
64, 76, 39, 48
64, 236, 39, 50
64, 207, 39, 4
64, 178, 39, 9
64, 82, 39, 35
64, 372, 39, 50
64, 52, 39, 75
64, 84, 39, 22
64, 278, 39, 12
64, 312, 39, 7
64, 314, 39, 38
64, 324, 40, 3
64, 389, 40, 2
64, 196, 40, 50
64, 135, 40, 19
64, 392, 40, 33
64, 202, 40, 70
64, 298, 40, 90
64, 106, 40, 37
64, 243, 40, 30
64, 122, 40, 15
64, 27, 40, 86
64, 3, 41, 26
64, 134, 41, 52
64, 108, 41, 2
64, 205, 41, 71
64, 335, 41, 6
64, 118, 41, 22
64, 23, 41, 43
64, 151, 41, 66
64, 123, 41, 51
64, 348, 41, 17
64, 93, 41, 69
64, 286, 41, 80
64, 255, 41, 87
64, 291, 42, 85
64, 361, 42, 30
64, 76, 42, 48
64, 141, 42, 80
64, 244, 42, 45
64, 151, 42, 66
64, 122, 42, 15
64, 279, 42, 57
64, 127, 42, 50
64, 397, 43, 66
64, 144, 43, 34
64, 16, 43, 21
64, 153, 43, 22
64, 291, 43, 85
64, 295, 43, 100
64, 318, 43, 36
64, 81, 43, 23
64, 85, 43, 81
64, 213, 43, 79
64, 218, 43, 51
64, 347, 43, 61
64, 349, 43, 29
64, 228, 43, 75
64, 100, 43, 34
64, 107, 43, 88
64, 108, 43, 2
64, 237, 43, 15
64, 368, 43, 95
64, 129, 44, 46
64, 136, 44, 61
64, 9, 44, 60
64, 151, 44, 66
64, 285, 44, 14
64, 164, 44, 77
64, 172, 44, 7
64, 305, 44, 45
64, 49, 44, 76
64, 312, 44, 7
64, 61, 44, 70
64, 332, 44, 11
64, 205, 44, 71
64, 336, 44, 66
64, 84, 44, 22
64, 86, 44, 5
64, 352, 44, 41
64, 227, 44, 26
64, 104, 44, 38
64, 245, 44, 22
64, 195, 45, 98
64, 74, 45, 16
64, 110, 45, 68
64, 309, 45, 93
64, 310, 45, 37
64, 183, 45, 25
64, 31, 45, 64
64, 353, 46, 80
64, 34, 46, 73
64, 99, 46, 10
64, 36, 46, 19
64, 199, 46, 40
64, 300, 46, 20
64, 365, 46, 72
64, 398, 46, 29
64, 209, 46, 11
64, 341, 46, 59
64, 217, 46, 64
64, 314, 46, 38
64, 187, 46, 100
64, 96, 47, 96
64, 194, 47, 19
64, 166, 47, 6
64, 6, 47, 48
64, 329, 47, 68
64, 139, 47, 58
64, 173, 47, 99
64, 219, 47, 74
64, 60, 47, 27
64, 304, 47, 29
64, 174, 47, 72
64, 274, 47, 69
64, 181, 47, 69
64, 374, 47, 91
64, 186, 47, 69
64, 315, 47, 74
64, 284, 47, 37
64, 254, 47, 14
64, 130, 48, 48
64, 294, 48, 75
64, 397, 48, 66
64, 111, 48, 45
64, 27, 48, 86
64, 255, 48, 87
64, 2, 49, 48
64, 194, 49, 19
64, 388, 49, 33
64, 390, 49, 15
64, 230, 49, 72
64, 330, 49, 71
64, 396, 49, 80
64, 269, 49, 75
64, 238, 49, 18
64, 370, 49, 31
64, 85, 49, 81
64, 279, 49, 57
64, 123, 49, 51
64, 375, 49, 89
64, 384, 50, 2
64, 100, 50, 34
64, 69, 50, 52
64, 169, 50, 38
64, 202, 50, 70
64, 43, 50, 16
64, 396, 50, 80
64, 395, 50, 69
64, 270, 50, 56
64, 201, 50, 60
64, 180, 50, 81
64, 22, 50, 52
64, 344, 50, 55
64, 262, 51, 55
64, 104, 51, 38
64, 140, 51, 87
64, 110, 51, 68
64, 314, 51, 38
64, 195, 52, 98
64, 135, 52, 19
64, 77, 52, 12
64, 113, 52, 47
64, 212, 52, 22
64, 225, 53, 65
64, 290, 53, 59
64, 129, 53, 46
64, 319, 53, 78
64, 69, 53, 52
64, 167, 53, 29
64, 168, 53, 9
64, 209, 53, 11
64, 117, 53, 43
64, 85, 53, 81
64, 309, 53, 93
64, 123, 53, 51
64, 253, 53, 34
64, 255, 53, 87
64, 192, 54, 37
64, 160, 54, 9
64, 264, 54, 19
64, 300, 54, 20
64, 335, 54, 6
64, 183, 54, 25
64, 312, 54, 7
64, 123, 54, 51
64, 28, 54, 44
64, 250, 55, 17
64, 236, 55, 50
64, 176, 55, 63
64, 304, 55, 29
64, 309, 55, 93
64, 214, 55, 8
64, 88, 55, 85
64, 314, 55, 38
64, 163, 56, 75
64, 391, 56, 72
64, 71, 56, 34
64, 199, 56, 40
64, 109, 56, 88
64, 174, 56, 72
64, 15, 56, 22
64, 141, 56, 80
64, 244, 56, 45
64, 216, 56, 66
64, 316, 56, 50
64, 125, 56, 17
64, 0, 57, 32
64, 384, 57, 2
64, 12, 57, 26
64, 142, 57, 30
64, 283, 57, 100
64, 163, 57, 75
64, 41, 57, 41
64, 169, 57, 38
64, 43, 57, 16
64, 172, 57, 7
64, 176, 57, 63
64, 307, 57, 91
64, 62, 57, 80
64, 342, 57, 100
64, 86, 57, 5
64, 221, 57, 12
64, 93, 57, 69
64, 359, 57, 23
64, 246, 57, 86
64, 254, 57, 14
64, 70, 58, 10
64, 7, 58, 60
64, 198, 58, 37
64, 137, 58, 53
64, 80, 58, 67
64, 211, 58, 84
64, 245, 58, 22
64, 213, 58, 79
64, 315, 58, 74
64, 124, 58, 38
64, 381, 58, 42
64, 322, 59, 80
64, 162, 59, 24
64, 7, 59, 60
64, 327, 59, 73
64, 236, 59, 50
64, 396, 59, 80
64, 146, 59, 59
64, 211, 59, 84
64, 244, 59, 45
64, 148, 59, 34
64, 181, 59, 69
64, 116, 59, 8
64, 84, 59, 22
64, 89, 59, 28
64, 189, 59, 74
64, 128, 60, 16
64, 350, 60, 95
64, 98, 60, 51
64, 33, 60, 46
64, 262, 60, 55
64, 326, 60, 74
64, 360, 60, 4
64, 232, 60, 28
64, 12, 60, 26
64, 206, 60, 76
64, 207, 60, 4
64, 368, 60, 95
64, 336, 60, 66
64, 146, 60, 59
64, 16, 60, 21
64, 58, 60, 96
64, 318, 60, 36
64, 255, 60, 87
64, 3, 61, 26
64, 136, 61, 61
64, 269, 61, 75
64, 398, 61, 29
64, 144, 61, 34
64, 275, 61, 17
64, 278, 61, 12
64, 26, 61, 77
64, 286, 61, 80
64, 33, 61, 46
64, 172, 61, 7
64, 304, 61, 29
64, 63, 61, 46
64, 215, 61, 15
64, 218, 61, 51
64, 350, 61, 95
64, 353, 61, 80
64, 225, 61, 65
64, 248, 61, 74
64, 255, 61, 87
64, 289, 62, 31
64, 225, 62, 65
64, 162, 62, 24
64, 324, 62, 3
64, 4, 62, 24
64, 296, 62, 49
64, 329, 62, 68
64, 107, 62, 88
64, 236, 62, 50
64, 141, 62, 80
64, 238, 62, 18
64, 367, 62, 21
64, 22, 62, 52
64, 317, 62, 39
64, 63, 62, 46
64, 160, 63, 9
64, 65, 63, 18
64, 167, 63, 29
64, 43, 63, 16
64, 108, 63, 2
64, 172, 63, 7
64, 267, 63, 75
64, 16, 63, 21
64, 112, 63, 7
64, 123, 63, 51
64, 220, 63, 85
64, 254, 63, 14
64, 35, 64, 55
64, 295, 64, 100
64, 391, 64, 72
64, 201, 64, 60
64, 12, 64, 26
64, 305, 64, 45
64, 20, 64, 19
64, 396, 65, 80
64, 286, 65, 80
64, 160, 65, 9
64, 290, 65, 59
64, 293, 65, 89
64, 297, 65, 26
64, 173, 65, 99
64, 303, 65, 74
64, 180, 65, 81
64, 58, 65, 96
64, 314, 65, 38
64, 60, 65, 27
64, 315, 65, 74
64, 210, 65, 16
64, 357, 65, 68
64, 359, 65, 23
64, 107, 65, 88
64, 371, 65, 29
64, 245, 65, 22
64, 255, 65, 87
64, 321, 66, 9
64, 33, 66, 46
64, 236, 66, 50
64, 333, 66, 30
64, 397, 66, 66
64, 249, 66, 99
64, 252, 66, 96
64, 225, 67, 65
64, 355, 67, 6
64, 260, 67, 80
64, 227, 67, 26
64, 294, 67, 75
64, 70, 67, 10
64, 7, 67, 60
64, 72, 67, 39
64, 238, 67, 18
64, 81, 67, 23
64, 373, 67, 37
64, 374, 67, 91
64, 344, 67, 55
64, 2, 68, 48
64, 99, 68, 10
64, 293, 68, 89
64, 137, 68, 53
64, 139, 68, 58
64, 45, 68, 61
64, 48, 68, 40
64, 243, 68, 30
64, 372, 68, 50
64, 256, 69, 36
64, 263, 69, 12
64, 104, 69, 38
64, 170, 69, 34
64, 298, 69, 90
64, 23, 69, 43
64, 129, 70, 46
64, 386, 70, 15
64, 5, 70, 26
64, 263, 70, 12
64, 395, 70, 69
64, 268, 70, 90
64, 11, 70, 40
64, 148, 70, 34
64, 294, 70, 75
64, 172, 70, 7
64, 67, 70, 33
64, 68, 70, 96
64, 202, 70, 70
64, 209, 70, 11
64, 220, 70, 85
64, 229, 70, 78
64, 367, 70, 21
64, 372, 70, 50
64, 375, 70, 89
64, 123, 70, 51
64, 353, 71, 80
64, 68, 71, 96
64, 132, 71, 53
64, 167, 71, 29
64, 108, 71, 2
64, 268, 71, 90
64, 334, 71, 49
64, 399, 71, 13
64, 142, 71, 30
64, 146, 71, 59
64, 254, 71, 14
64, 157, 71, 13
64, 286, 71, 80
64, 384, 72, 2
64, 65, 72, 18
64, 194, 72, 19
64, 101, 72, 32
64, 328, 72, 54
64, 201, 72, 60
64, 138, 72, 83
64, 299, 72, 92
64, 332, 72, 11
64, 304, 72, 29
64, 182, 72, 45
64, 157, 72, 13
64, 24, 72, 76
64, 125, 72, 17
64, 257, 73, 91
64, 132, 73, 53
64, 140, 73, 87
64, 14, 73, 11
64, 18, 73, 69
64, 39, 73, 14
64, 175, 73, 15
64, 303, 73, 74
64, 181, 73, 69
64, 316, 73, 50
64, 318, 73, 36
64, 192, 73, 37
64, 328, 73, 54
64, 204, 73, 71
64, 93, 73, 69
64, 103, 73, 46
64, 233, 73, 8
64, 363, 73, 92
64, 109, 73, 88
64, 243, 73, 30
64, 167, 74, 29
64, 360, 74, 4
64, 363, 74, 92
64, 333, 74, 30
64, 142, 74, 30
64, 207, 74, 4
64, 238, 74, 18
64, 337, 74, 15
64, 146, 74, 59
64, 381, 74, 42
64, 334, 74, 49
64, 176, 74, 63
64, 24, 74, 76
64, 378, 74, 70
64, 188, 74, 68
64, 157, 74, 13
64, 226, 75, 10
64, 4, 75, 24
64, 167, 75, 29
64, 103, 75, 46
64, 298, 75, 90
64, 76, 75, 48
64, 45, 75, 61
64, 334, 75, 49
64, 332, 75, 11
64, 48, 75, 40
64, 273, 75, 76
64, 114, 75, 87
64, 125, 75, 17
64, 185, 75, 14
64, 379, 75, 37
64, 28, 75, 44
64, 63, 75, 46
64, 127, 75, 50
64, 288, 76, 59
64, 387, 76, 20
64, 131, 76, 59
64, 262, 76, 55
64, 295, 76, 100
64, 109, 76, 88
64, 366, 76, 62
64, 124, 76, 38
64, 117, 76, 43
64, 373, 76, 37
64, 380, 76, 39
64, 94, 76, 1
64, 357, 77, 68
64, 134, 77, 52
64, 359, 77, 23
64, 199, 77, 40
64, 46, 77, 29
64, 273, 77, 76
64, 338, 77, 75
64, 18, 77, 69
64, 116, 77, 8
64, 179, 77, 40
64, 185, 77, 14
64, 31, 77, 64
64, 67, 78, 33
64, 196, 78, 50
64, 261, 78, 20
64, 264, 78, 19
64, 393, 78, 63
64, 139, 78, 58
64, 270, 78, 56
64, 368, 78, 95
64, 273, 78, 76
64, 52, 78, 75
64, 372, 78, 50
64, 86, 78, 5
64, 376, 78, 91
64, 346, 78, 60
64, 29, 78, 88
64, 34, 79, 73
64, 163, 79, 75
64, 199, 79, 40
64, 79, 79, 58
64, 207, 79, 4
64, 145, 79, 4
64, 55, 79, 97
64, 251, 79, 45
64, 31, 79, 64
64, 132, 80, 53
64, 4, 80, 24
64, 283, 80, 100
64, 288, 80, 59
64, 300, 80, 20
64, 44, 80, 10
64, 51, 80, 75
64, 184, 80, 65
64, 316, 80, 50
64, 75, 80, 39
64, 336, 80, 66
64, 349, 80, 29
64, 223, 80, 70
64, 100, 80, 34
64, 101, 80, 32
64, 231, 80, 78
64, 108, 80, 2
64, 237, 80, 15
64, 368, 80, 95
64, 245, 80, 22
64, 66, 81, 96
64, 67, 81, 33
64, 162, 81, 24
64, 133, 81, 9
64, 230, 81, 72
64, 101, 81, 32
64, 165, 81, 75
64, 231, 81, 78
64, 398, 81, 29
64, 81, 81, 23
64, 370, 81, 31
64, 307, 81, 91
64, 275, 81, 17
64, 54, 81, 67
64, 349, 81, 29
64, 61, 81, 70
64, 31, 81, 64
64, 226, 82, 10
64, 355, 82, 6
64, 228, 82, 75
64, 3, 82, 26
64, 43, 82, 16
64, 44, 82, 10
64, 19, 82, 99
64, 244, 82, 45
64, 214, 82, 8
64, 155, 82, 83
64, 60, 82, 27
64, 223, 82, 70
64, 64, 83, 9
64, 291, 83, 85
64, 133, 83, 9
64, 357, 83, 68
64, 263, 83, 12
64, 6, 83, 48
64, 392, 83, 33
64, 91, 83, 83
64, 110, 83, 68
64, 206, 83, 76
64, 18, 83, 69
64, 120, 83, 75
64, 250, 83, 17
64, 219, 83, 74
64, 252, 83, 96
64, 317, 83, 39
64, 254, 83, 14
64, 130, 84, 48
64, 261, 84, 20
64, 73, 84, 37
64, 330, 84, 71
64, 267, 84, 75
64, 108, 84, 2
64, 139, 84, 58
64, 206, 84, 76
64, 15, 84, 22
64, 16, 84, 21
64, 363, 84, 92
64, 79, 84, 58
64, 178, 84, 9
64, 150, 84, 63
64, 375, 84, 89
64, 187, 84, 100
64, 285, 84, 14
64, 290, 85, 59
64, 357, 85, 68
64, 381, 85, 42
64, 243, 85, 30
64, 21, 85, 45
64, 61, 85, 70
64, 258, 86, 27
64, 172, 86, 7
64, 337, 86, 15
64, 245, 86, 22
64, 151, 86, 66
64, 352, 87, 41
64, 323, 87, 93
64, 3, 87, 26
64, 26, 87, 77
64, 71, 87, 34
64, 8, 87, 24
64, 73, 87, 37
64, 337, 87, 15
64, 145, 87, 4
64, 179, 87, 40
64, 340, 87, 99
64, 279, 87, 57
64, 344, 87, 55
64, 122, 87, 15
64, 315, 87, 74
64, 286, 87, 80
64, 256, 88, 36
64, 324, 88, 3
64, 364, 88, 17
64, 114, 88, 87
64, 180, 88, 81
64, 215, 88, 15
64, 153, 88, 22
64, 255, 88, 87
64, 0, 89, 32
64, 323, 89, 93
64, 73, 89, 37
64, 41, 89, 41
64, 106, 89, 37
64, 128, 90, 16
64, 100, 90, 34
64, 229, 90, 78
64, 134, 90, 52
64, 327, 90, 73
64, 331, 90, 57
64, 395, 90, 69
64, 299, 90, 92
64, 306, 90, 48
64, 50, 90, 69
64, 157, 90, 13
64, 182, 90, 45
64, 62, 90, 80
64, 281, 90, 93
64, 124, 90, 38
64, 317, 90, 39
64, 382, 90, 4
64, 216, 90, 66
64, 7, 91, 60
64, 19, 91, 99
64, 280, 91, 15
64, 281, 91, 93
64, 36, 91, 19
64, 293, 91, 89
64, 185, 91, 14
64, 188, 91, 68
64, 195, 91, 98
64, 334, 91, 49
64, 209, 91, 11
64, 339, 91, 71
64, 215, 91, 15
64, 99, 91, 10
64, 100, 91, 34
64, 101, 91, 32
64, 357, 91, 68
64, 231, 91, 78
64, 247, 91, 10
64, 251, 91, 45
64, 386, 92, 15
64, 290, 92, 59
64, 35, 92, 55
64, 357, 92, 68
64, 106, 92, 37
64, 363, 92, 92
64, 177, 92, 56
64, 210, 92, 16
64, 54, 92, 67
64, 378, 92, 70
64, 91, 92, 83
64, 58, 93, 96
64, 164, 93, 77
64, 103, 93, 46
64, 295, 93, 100
64, 9, 93, 60
64, 104, 93, 38
64, 203, 93, 89
64, 176, 93, 63
64, 368, 93, 95
64, 372, 93, 50
64, 346, 93, 60
64, 315, 93, 74
64, 60, 93, 27
64, 189, 93, 74
64, 287, 93, 15
64, 384, 94, 2
64, 68, 94, 96
64, 391, 94, 72
64, 204, 94, 71
64, 83, 94, 31
64, 89, 94, 28
64, 187, 94, 100
64, 317, 94, 39
64, 259, 95, 17
64, 3, 95, 26
64, 200, 95, 10
64, 375, 95, 89
64, 302, 95, 17
64, 399, 95, 13
64, 366, 95, 62
64, 49, 95, 76
64, 156, 95, 65
64, 115, 95, 88
64, 50, 95, 69
64, 176, 95, 63
64, 87, 95, 34
64, 376, 95, 91
64, 57, 95, 38
64, 220, 95, 85
64, 94, 95, 1
64, 223, 95, 70
64, 256, 96, 36
64, 37, 96, 67
64, 326, 96, 74
64, 169, 96, 38
64, 41, 96, 41
64, 367, 96, 21
64, 18, 96, 69
64, 115, 96, 88
64, 215, 96, 15
64, 251, 96, 45
64, 286, 96, 80
64, 388, 97, 33
64, 165, 97, 75
64, 70, 97, 10
64, 265, 97, 14
64, 366, 97, 62
64, 52, 97, 75
64, 280, 97, 15
64, 218, 97, 51
64, 1, 98, 86
64, 7, 98, 60
64, 395, 98, 69
64, 397, 98, 66
64, 273, 98, 76
64, 274, 98, 69
64, 37, 98, 67
64, 38, 98, 95
64, 168, 98, 9
64, 177, 98, 56
64, 53, 98, 58
64, 190, 98, 57
64, 322, 98, 80
64, 226, 98, 10
64, 231, 98, 78
64, 241, 98, 9
64, 114, 98, 87
64, 244, 98, 45
64, 120, 98, 75
64, 126, 98, 53
64, 9, 99, 60
64, 393, 99, 63
64, 269, 99, 75
64, 271, 99, 19
64, 285, 99, 14
64, 31, 99, 64
64, 169, 99, 38
64, 302, 99, 17
64, 305, 99, 45
64, 58, 99, 96
64, 318, 99, 36
64, 74, 99, 16
64, 333, 99, 30
64, 85, 99, 81
64, 99, 99, 10
64, 104, 99, 38
64, 236, 99, 50
64, 249, 99, 99
64, 379, 99, 37
64, 97, 100, 58
64, 139, 100, 58
64, 303, 100, 74
64, 23, 100, 43
64, 63, 100, 46
64, 288, 101, 59
64, 98, 101, 51
64, 355, 101, 6
64, 72, 101, 39
64, 269, 101, 75
64, 301, 101, 11
64, 208, 101, 70
64, 87, 101, 34
64, 249, 101, 99
64, 98, 102, 51
64, 26, 102, 77
64, 131, 102, 59
64, 323, 102, 93
64, 231, 102, 78
64, 202, 102, 70
64, 204, 102, 71
64, 206, 102, 76
64, 15, 102, 22
64, 242, 102, 39
64, 51, 102, 75
64, 340, 102, 99
64, 21, 102, 45
64, 86, 102, 5
64, 215, 102, 15
64, 282, 102, 94
64, 64, 103, 9
64, 130, 103, 48
64, 40, 103, 21
64, 360, 103, 4
64, 242, 103, 39
64, 192, 104, 37
64, 386, 104, 15
64, 2, 104, 48
64, 68, 104, 96
64, 326, 104, 74
64, 39, 104, 14
64, 40, 104, 21
64, 169, 104, 38
64, 360, 104, 4
64, 171, 104, 78
64, 302, 104, 17
64, 145, 104, 4
64, 369, 104, 3
64, 55, 104, 97
64, 54, 104, 67
64, 343, 104, 100
64, 29, 104, 88
64, 287, 104, 15
64, 0, 105, 32
64, 386, 105, 15
64, 262, 105, 55
64, 204, 105, 71
64, 310, 105, 37
64, 88, 105, 85
64, 289, 106, 31
64, 195, 106, 98
64, 100, 106, 34
64, 5, 106, 26
64, 197, 106, 44
64, 69, 106, 52
64, 294, 106, 75
64, 168, 106, 9
64, 266, 106, 73
64, 40, 106, 21
64, 172, 106, 7
64, 365, 106, 72
64, 117, 106, 43
64, 21, 106, 45
64, 184, 106, 65
64, 347, 106, 61
64, 223, 106, 70
64, 354, 107, 89
64, 168, 107, 9
64, 91, 107, 83
64, 203, 107, 89
64, 300, 107, 20
64, 76, 107, 48
64, 236, 107, 50
64, 335, 107, 6
64, 364, 107, 17
64, 305, 107, 45
64, 82, 107, 35
64, 209, 107, 11
64, 23, 107, 43
64, 181, 107, 69
64, 247, 107, 10
64, 186, 107, 69
64, 347, 107, 61
64, 160, 108, 9
64, 196, 108, 50
64, 101, 108, 32
64, 204, 108, 71
64, 335, 108, 6
64, 180, 108, 81
64, 86, 108, 5
64, 375, 108, 89
64, 257, 109, 91
64, 386, 109, 15
64, 85, 109, 81
64, 189, 109, 74
64, 94, 109, 1
64, 225, 110, 65
64, 194, 110, 19
64, 71, 110, 34
64, 264, 110, 19
64, 297, 110, 26
64, 331, 110, 57
64, 239, 110, 43
64, 336, 110, 66
64, 210, 110, 16
64, 119, 110, 72
64, 20, 110, 19
64, 374, 110, 91
64, 247, 110, 10
64, 345, 110, 68
64, 282, 110, 94
64, 187, 110, 100
64, 349, 110, 29
64, 197, 111, 44
64, 133, 111, 9
64, 344, 111, 55
64, 378, 111, 70
64, 223, 111, 70
64, 193, 112, 72
64, 354, 112, 89
64, 312, 112, 7
64, 389, 112, 2
64, 264, 112, 19
64, 105, 112, 78
64, 73, 112, 37
64, 267, 112, 75
64, 112, 112, 7
64, 368, 112, 95
64, 18, 112, 69
64, 147, 112, 52
64, 152, 112, 56
64, 377, 112, 52
64, 346, 112, 60
64, 283, 112, 100
64, 252, 112, 96
64, 159, 112, 90
64, 96, 113, 96
64, 293, 113, 89
64, 166, 113, 6
64, 231, 113, 78
64, 37, 113, 67
64, 393, 113, 63
64, 103, 113, 46
64, 395, 113, 69
64, 140, 113, 87
64, 207, 113, 4
64, 336, 113, 66
64, 112, 113, 7
64, 210, 113, 16
64, 275, 113, 17
64, 22, 113, 52
64, 119, 113, 72
64, 246, 113, 86
64, 25, 113, 77
64, 195, 114, 98
64, 324, 114, 3
64, 122, 114, 15
64, 298, 114, 90
64, 239, 114, 43
64, 273, 114, 76
64, 376, 114, 91
64, 185, 114, 14
64, 90, 114, 21
64, 30, 114, 4
64, 225, 115, 65
64, 2, 115, 48
64, 70, 115, 10
64, 327, 115, 73
64, 392, 115, 33
64, 105, 115, 78
64, 11, 115, 40
64, 367, 115, 21
64, 368, 115, 95
64, 18, 115, 69
64, 19, 115, 99
64, 125, 115, 17
64, 183, 115, 25
64, 381, 115, 42
64, 129, 116, 46
64, 130, 116, 48
64, 67, 116, 33
64, 73, 116, 37
64, 106, 116, 37
64, 14, 116, 11
64, 367, 116, 21
64, 337, 116, 15
64, 114, 116, 87
64, 153, 116, 22
64, 314, 116, 38
64, 59, 116, 30
64, 221, 116, 12
64, 190, 116, 57
64, 7, 117, 60
64, 361, 117, 30
64, 46, 117, 29
64, 337, 117, 15
64, 18, 117, 69
64, 119, 117, 72
64, 152, 117, 56
64, 220, 117, 85
64, 349, 117, 29
64, 383, 117, 47
64, 1, 118, 86
64, 226, 118, 10
64, 259, 118, 17
64, 262, 118, 55
64, 327, 118, 73
64, 72, 118, 39
64, 360, 118, 4
64, 170, 118, 34
64, 330, 118, 71
64, 332, 118, 11
64, 139, 118, 58
64, 269, 118, 75
64, 29, 118, 88
64, 179, 118, 40
64, 247, 118, 10
64, 24, 118, 76
64, 378, 118, 70
64, 189, 118, 74
64, 256, 119, 36
64, 387, 119, 20
64, 280, 119, 15
64, 157, 119, 13
64, 30, 119, 4
64, 159, 119, 90
64, 287, 119, 15
64, 162, 119, 24
64, 41, 119, 41
64, 182, 119, 45
64, 56, 119, 81
64, 58, 119, 96
64, 189, 119, 74
64, 322, 119, 80
64, 210, 119, 16
64, 95, 119, 98
64, 107, 119, 88
64, 240, 119, 10
64, 371, 119, 29
64, 269, 120, 75
64, 305, 120, 45
64, 274, 120, 69
64, 83, 120, 31
64, 116, 120, 8
64, 277, 120, 34
64, 55, 120, 97
64, 317, 120, 39
64, 382, 120, 4
64, 159, 120, 90
64, 385, 121, 93
64, 387, 121, 20
64, 10, 121, 64
64, 363, 121, 92
64, 108, 121, 2
64, 141, 121, 80
64, 109, 121, 88
64, 277, 121, 34
64, 220, 121, 85
64, 128, 122, 16
64, 353, 122, 80
64, 225, 122, 65
64, 37, 122, 67
64, 203, 122, 89
64, 334, 122, 49
64, 367, 122, 21
64, 16, 122, 21
64, 178, 122, 9
64, 18, 122, 69
64, 180, 122, 81
64, 245, 122, 22
64, 312, 122, 7
64, 381, 122, 42
64, 351, 122, 94
64, 2, 123, 48
64, 357, 123, 68
64, 71, 123, 34
64, 8, 123, 24
64, 267, 123, 75
64, 308, 123, 64
64, 258, 124, 27
64, 131, 124, 59
64, 260, 124, 80
64, 264, 124, 19
64, 266, 124, 73
64, 10, 124, 64
64, 18, 124, 69
64, 19, 124, 99
64, 274, 124, 69
64, 21, 124, 45
64, 50, 124, 69
64, 184, 124, 65
64, 320, 124, 71
64, 327, 124, 73
64, 329, 124, 68
64, 207, 124, 4
64, 86, 124, 5
64, 221, 124, 12
64, 352, 124, 41
64, 247, 124, 10
64, 352, 125, 41
64, 97, 125, 58
64, 386, 125, 15
64, 357, 125, 68
64, 6, 125, 48
64, 134, 125, 52
64, 232, 125, 28
64, 394, 125, 57
64, 238, 125, 18
64, 336, 125, 66
64, 113, 125, 47
64, 114, 125, 87
64, 51, 125, 75
64, 180, 125, 81
64, 309, 125, 93
64, 341, 125, 59
64, 26, 125, 77
64, 32, 126, 89
64, 100, 126, 34
64, 196, 126, 50
64, 36, 126, 19
64, 103, 126, 46
64, 71, 126, 34
64, 330, 126, 71
64, 138, 126, 83
64, 13, 126, 2
64, 142, 126, 30
64, 206, 126, 76
64, 305, 126, 45
64, 20, 126, 19
64, 21, 126, 45
64, 22, 126, 52
64, 117, 126, 43
64, 251, 126, 45
64, 285, 126, 14
64, 193, 127, 72
64, 1, 127, 86
64, 358, 127, 15
64, 199, 127, 40
64, 393, 127, 63
64, 210, 127, 16
64, 87, 127, 34
64, 217, 127, 64
64, 379, 127, 37
64, 92, 127, 99
64, 320, 128, 71
64, 39, 128, 14
64, 73, 128, 37
64, 297, 128, 26
64, 332, 128, 11
64, 173, 128, 99
64, 238, 128, 18
64, 336, 128, 66
64, 279, 128, 57
64, 313, 128, 90
64, 316, 128, 50
64, 32, 129, 89
64, 225, 129, 65
64, 198, 129, 37
64, 295, 129, 100
64, 230, 129, 72
64, 361, 129, 30
64, 364, 129, 17
64, 47, 129, 99
64, 17, 129, 48
64, 182, 129, 45
64, 282, 129, 94
64, 60, 129, 27
64, 74, 130, 16
64, 269, 130, 75
64, 271, 130, 19
64, 337, 130, 15
64, 370, 130, 31
64, 343, 130, 100
64, 25, 130, 77
64, 93, 130, 69
64, 159, 130, 90
64, 280, 131, 15
64, 36, 131, 19
64, 324, 131, 3
64, 228, 131, 75
64, 69, 131, 52
64, 168, 131, 9
64, 361, 131, 30
64, 12, 131, 26
64, 304, 131, 29
64, 310, 131, 37
64, 152, 131, 56
64, 286, 131, 80
64, 31, 131, 64
64, 224, 132, 58
64, 386, 132, 15
64, 326, 132, 74
64, 10, 132, 64
64, 341, 132, 59
64, 57, 132, 38
64, 283, 132, 100
64, 128, 133, 16
64, 200, 133, 10
64, 170, 133, 34
64, 333, 133, 30
64, 110, 133, 68
64, 338, 133, 75
64, 275, 133, 17
64, 123, 133, 51
64, 159, 133, 90
64, 357, 134, 68
64, 236, 134, 50
64, 178, 134, 9
64, 152, 134, 56
64, 127, 134, 50
64, 387, 135, 20
64, 101, 135, 32
64, 134, 135, 52
64, 325, 135, 80
64, 393, 135, 63
64, 109, 135, 88
64, 333, 135, 30
64, 369, 135, 3
64, 179, 135, 40
64, 116, 135, 8
64, 180, 135, 81
64, 152, 135, 56
64, 158, 135, 68
64, 349, 135, 29
64, 94, 135, 1
64, 128, 136, 16
64, 290, 136, 59
64, 325, 136, 80
64, 293, 136, 89
64, 105, 136, 78
64, 138, 136, 83
64, 169, 136, 38
64, 49, 136, 76
64, 210, 136, 16
64, 307, 136, 91
64, 52, 136, 75
64, 371, 136, 29
64, 217, 136, 64
64, 90, 136, 21
64, 91, 136, 83
64, 252, 136, 96
64, 222, 136, 13
64, 0, 137, 32
64, 322, 137, 80
64, 326, 137, 74
64, 74, 137, 16
64, 331, 137, 57
64, 76, 137, 48
64, 143, 137, 3
64, 370, 137, 31
64, 115, 137, 88
64, 254, 137, 14
64, 186, 137, 69
64, 286, 137, 80
64, 223, 137, 70
64, 103, 138, 46
64, 300, 138, 20
64, 237, 138, 15
64, 241, 138, 9
64, 148, 138, 34
64, 346, 138, 60
64, 290, 139, 59
64, 227, 139, 26
64, 7, 139, 60
64, 392, 139, 33
64, 266, 139, 73
64, 236, 139, 50
64, 45, 139, 61
64, 79, 139, 58
64, 156, 139, 65
64, 18, 139, 69
64, 274, 139, 69
64, 23, 139, 43
64, 377, 139, 52
64, 123, 139, 51
64, 279, 139, 57
64, 189, 139, 74
64, 295, 140, 100
64, 360, 140, 4
64, 73, 140, 37
64, 361, 140, 30
64, 141, 140, 80
64, 367, 140, 21
64, 212, 140, 22
64, 217, 140, 64
64, 59, 140, 30
64, 25, 140, 77
64, 64, 141, 9
64, 97, 141, 58
64, 98, 141, 51
64, 250, 141, 17
64, 238, 141, 18
64, 23, 141, 43
64, 375, 141, 89
64, 122, 141, 15
64, 221, 141, 12
64, 254, 141, 14
64, 142, 142, 30
64, 78, 142, 81
64, 306, 142, 48
64, 211, 142, 84
64, 27, 142, 86
64, 386, 143, 15
64, 270, 143, 56
64, 18, 143, 69
64, 154, 143, 25
64, 28, 143, 44
64, 158, 143, 68
64, 306, 143, 48
64, 189, 143, 74
64, 192, 143, 37
64, 78, 143, 81
64, 81, 143, 23
64, 86, 143, 5
64, 90, 143, 21
64, 350, 143, 95
64, 99, 143, 10
64, 360, 143, 4
64, 112, 143, 7
64, 114, 143, 87
64, 120, 143, 75
64, 122, 143, 15
64, 322, 144, 80
64, 109, 144, 88
64, 47, 144, 99
64, 80, 144, 67
64, 315, 144, 74
64, 66, 145, 96
64, 227, 145, 26
64, 229, 145, 78
64, 358, 145, 15
64, 45, 145, 61
64, 49, 145, 76
64, 84, 145, 22
64, 157, 145, 13
64, 151, 145, 66
64, 221, 145, 12
64, 57, 145, 38
64, 190, 145, 57
64, 93, 145, 69
64, 62, 145, 80
64, 159, 145, 90
64, 140, 146, 87
64, 205, 146, 71
64, 112, 146, 7
64, 208, 146, 70
64, 176, 146, 63
64, 148, 146, 34
64, 377, 146, 52
64, 122, 146, 15
64, 347, 146, 61
64, 316, 146, 50
64, 317, 146, 39
64, 383, 146, 47
64, 3, 147, 26
64, 366, 147, 62
64, 337, 147, 15
64, 50, 147, 69
64, 249, 147, 99
64, 346, 147, 60
64, 348, 147, 17
64, 159, 147, 90
64, 352, 148, 41
64, 386, 148, 15
64, 35, 148, 55
64, 197, 148, 44
64, 295, 148, 100
64, 398, 148, 29
64, 341, 148, 59
64, 281, 148, 93
64, 283, 148, 100
64, 253, 148, 34
64, 0, 149, 32
64, 353, 149, 80
64, 386, 149, 15
64, 355, 149, 6
64, 5, 149, 26
64, 136, 149, 61
64, 108, 149, 2
64, 238, 149, 18
64, 50, 149, 69
64, 274, 149, 69
64, 184, 149, 65
64, 88, 149, 85
64, 90, 149, 21
64, 219, 149, 74
64, 284, 149, 37
64, 30, 149, 4
64, 159, 149, 90
64, 352, 150, 41
64, 161, 150, 78
64, 225, 150, 65
64, 291, 150, 85
64, 387, 150, 20
64, 260, 150, 80
64, 6, 150, 48
64, 199, 150, 40
64, 351, 150, 94
64, 331, 150, 57
64, 275, 150, 17
64, 251, 150, 45
64, 223, 150, 70
64, 160, 151, 9
64, 100, 151, 34
64, 356, 151, 75
64, 134, 151, 52
64, 133, 151, 9
64, 200, 151, 10
64, 361, 151, 30
64, 74, 151, 16
64, 203, 151, 89
64, 170, 151, 34
64, 397, 151, 66
64, 14, 151, 11
64, 238, 151, 18
64, 143, 151, 3
64, 40, 151, 21
64, 343, 151, 100
64, 91, 151, 83
64, 28, 151, 44
64, 33, 152, 46
64, 134, 152, 52
64, 41, 152, 41
64, 266, 152, 73
64, 107, 152, 88
64, 204, 152, 71
64, 269, 152, 75
64, 365, 152, 72
64, 393, 152, 63
64, 242, 152, 39
64, 211, 152, 84
64, 84, 152, 22
64, 148, 152, 34
64, 371, 152, 29
64, 375, 152, 89
64, 181, 152, 69
64, 54, 152, 67
64, 349, 152, 29
64, 294, 153, 75
64, 72, 153, 39
64, 394, 153, 57
64, 106, 153, 37
64, 268, 153, 90
64, 28, 153, 44
64, 147, 153, 52
64, 215, 153, 15
64, 26, 153, 77
64, 316, 153, 50
64, 134, 154, 52
64, 6, 154, 48
64, 166, 154, 6
64, 52, 154, 75
64, 21, 154, 45
64, 88, 154, 85
64, 185, 154, 14
64, 289, 155, 31
64, 267, 155, 75
64, 300, 155, 20
64, 75, 155, 39
64, 299, 155, 92
64, 49, 155, 76
64, 308, 155, 64
64, 53, 155, 58
64, 149, 155, 8
64, 253, 155, 34
64, 221, 155, 12
64, 387, 156, 20
64, 259, 156, 17
64, 15, 156, 22
64, 149, 156, 8
64, 27, 156, 86
64, 28, 156, 44
64, 38, 156, 95
64, 42, 156, 45
64, 43, 156, 16
64, 46, 156, 29
64, 53, 156, 58
64, 182, 156, 45
64, 66, 156, 96
64, 325, 156, 80
64, 203, 156, 89
64, 102, 156, 42
64, 371, 156, 29
64, 372, 156, 50
64, 253, 156, 34
64, 354, 157, 89
64, 130, 157, 48
64, 166, 157, 6
64, 361, 157, 30
64, 333, 157, 30
64, 399, 157, 13
64, 111, 157, 45
64, 209, 157, 11
64, 175, 157, 15
64, 16, 157, 21
64, 252, 157, 96
64, 345, 157, 68
64, 154, 157, 25
64, 155, 157, 83
64, 124, 157, 38
64, 317, 157, 39
64, 383, 157, 47
64, 194, 158, 19
64, 354, 158, 89
64, 389, 158, 2
64, 265, 158, 14
64, 203, 158, 89
64, 236, 158, 50
64, 332, 158, 11
64, 155, 158, 83
64, 147, 158, 52
64, 276, 158, 9
64, 342, 158, 100
64, 375, 158, 89
64, 215, 158, 15
64, 283, 158, 100
64, 224, 159, 58
64, 257, 159, 91
64, 34, 159, 73
64, 166, 159, 6
64, 186, 159, 69
64, 240, 159, 10
64, 17, 159, 48
64, 144, 159, 34
64, 115, 159, 88
64, 23, 159, 43
64, 249, 159, 99
64, 282, 159, 94
64, 315, 159, 74
64, 348, 159, 17
64, 126, 159, 53
64, 289, 160, 31
64, 97, 160, 58
64, 68, 160, 96
64, 202, 160, 70
64, 205, 160, 71
64, 13, 160, 2
64, 239, 160, 43
64, 80, 160, 67
64, 113, 160, 47
64, 306, 160, 48
64, 338, 160, 75
64, 17, 160, 48
64, 209, 160, 11
64, 381, 160, 42
64, 282, 160, 94
64, 61, 160, 70
64, 163, 161, 75
64, 100, 161, 34
64, 133, 161, 9
64, 261, 161, 20
64, 227, 161, 26
64, 360, 161, 4
64, 237, 161, 15
64, 175, 161, 15
64, 208, 161, 70
64, 50, 161, 69
64, 82, 161, 35
64, 117, 161, 43
64, 120, 161, 75
64, 65, 162, 18
64, 168, 162, 9
64, 232, 162, 28
64, 234, 162, 90
64, 334, 162, 49
64, 245, 162, 22
64, 150, 162, 63
64, 311, 162, 64
64, 184, 162, 65
64, 345, 162, 68
64, 316, 162, 50
64, 253, 162, 34
64, 258, 163, 27
64, 140, 163, 87
64, 12, 163, 26
64, 149, 163, 8
64, 23, 163, 43
64, 25, 163, 77
64, 283, 163, 100
64, 34, 163, 73
64, 291, 163, 85
64, 164, 163, 77
64, 173, 163, 99
64, 302, 163, 17
64, 176, 163, 63
64, 312, 163, 7
64, 187, 163, 100
64, 334, 163, 49
64, 84, 163, 22
64, 98, 163, 51
64, 239, 163, 43
64, 111, 163, 45
64, 257, 164, 91
64, 362, 164, 44
64, 266, 164, 73
64, 140, 164, 87
64, 275, 164, 17
64, 155, 164, 83
64, 384, 165, 2
64, 6, 165, 48
64, 270, 165, 56
64, 336, 165, 66
64, 117, 165, 43
64, 185, 165, 14
64, 325, 166, 80
64, 229, 166, 78
64, 390, 166, 15
64, 328, 166, 54
64, 297, 166, 26
64, 10, 166, 64
64, 110, 166, 68
64, 274, 166, 69
64, 150, 166, 63
64, 57, 166, 38
64, 385, 167, 93
64, 99, 167, 10
64, 199, 167, 40
64, 73, 167, 37
64, 218, 167, 51
64, 398, 167, 29
64, 273, 167, 76
64, 210, 167, 16
64, 211, 167, 84
64, 279, 167, 57
64, 249, 167, 99
64, 26, 167, 77
64, 27, 167, 86
64, 29, 167, 88
64, 293, 168, 89
64, 362, 168, 44
64, 394, 168, 57
64, 370, 168, 31
64, 185, 168, 14
64, 105, 169, 78
64, 202, 169, 70
64, 317, 169, 39
64, 92, 169, 99
64, 221, 169, 12
64, 355, 170, 6
64, 163, 170, 75
64, 389, 170, 2
64, 327, 170, 73
64, 140, 170, 87
64, 205, 170, 71
64, 110, 170, 68
64, 173, 170, 99
64, 149, 170, 8
64, 345, 170, 68
64, 123, 170, 51
64, 382, 170, 4
64, 255, 170, 87
64, 128, 171, 16
64, 3, 171, 26
64, 326, 171, 74
64, 390, 171, 15
64, 40, 171, 21
64, 201, 171, 60
64, 8, 171, 24
64, 16, 171, 21
64, 48, 171, 40
64, 147, 171, 52
64, 245, 171, 22
64, 342, 171, 100
64, 151, 171, 66
64, 248, 171, 74
64, 379, 171, 37
64, 110, 172, 68
64, 179, 172, 40
64, 153, 172, 22
64, 283, 172, 100
64, 285, 172, 14
64, 350, 172, 95
64, 129, 173, 46
64, 33, 173, 46
64, 97, 173, 58
64, 272, 173, 94
64, 95, 173, 98
64, 391, 174, 72
64, 204, 174, 71
64, 114, 174, 87
64, 147, 174, 52
64, 214, 174, 8
64, 22, 174, 52
64, 350, 174, 95
64, 63, 174, 46
64, 322, 175, 80
64, 101, 175, 32
64, 37, 175, 67
64, 167, 175, 29
64, 234, 175, 90
64, 43, 175, 16
64, 106, 175, 37
64, 47, 175, 99
64, 369, 175, 3
64, 214, 175, 8
64, 269, 176, 75
64, 14, 176, 11
64, 17, 176, 48
64, 34, 176, 73
64, 292, 176, 27
64, 48, 176, 40
64, 186, 176, 69
64, 322, 176, 80
64, 330, 176, 71
64, 334, 176, 49
64, 346, 176, 60
64, 91, 176, 83
64, 92, 176, 99
64, 349, 176, 29
64, 104, 176, 38
64, 372, 176, 50
64, 374, 176, 91
64, 121, 176, 87
64, 254, 176, 14
64, 64, 177, 9
64, 165, 177, 75
64, 332, 177, 11
64, 116, 177, 8
64, 308, 177, 64
64, 342, 177, 100
64, 257, 178, 91
64, 98, 178, 51
64, 100, 178, 34
64, 36, 178, 19
64, 170, 178, 34
64, 207, 178, 4
64, 249, 178, 99
64, 352, 179, 41
64, 354, 179, 89
64, 36, 179, 19
64, 68, 179, 96
64, 230, 179, 72
64, 167, 179, 29
64, 203, 179, 89
64, 43, 179, 16
64, 206, 179, 76
64, 47, 179, 99
64, 83, 179, 31
64, 307, 179, 91
64, 245, 179, 22
64, 120, 179, 75
64, 287, 179, 15
64, 312, 180, 7
64, 173, 180, 99
64, 270, 180, 56
64, 157, 180, 13
64, 216, 180, 66
64, 155, 180, 83
64, 285, 180, 14
64, 131, 181, 59
64, 4, 181, 24
64, 99, 181, 10
64, 328, 181, 54
64, 108, 181, 2
64, 141, 181, 80
64, 364, 181, 17
64, 111, 181, 45
64, 210, 181, 16
64, 211, 181, 84
64, 116, 181, 8
64, 85, 181, 81
64, 150, 181, 63
64, 279, 181, 57
64, 380, 181, 39
64, 250, 181, 17
64, 28, 181, 44
64, 126, 181, 53
64, 35, 182, 55
64, 325, 182, 80
64, 169, 182, 38
64, 73, 182, 37
64, 270, 182, 56
64, 271, 182, 19
64, 14, 182, 11
64, 372, 182, 50
64, 21, 182, 45
64, 313, 182, 90
64, 0, 183, 32
64, 65, 183, 18
64, 324, 183, 3
64, 39, 183, 14
64, 329, 183, 68
64, 393, 183, 63
64, 45, 183, 61
64, 303, 183, 74
64, 83, 183, 31
64, 375, 183, 89
64, 185, 183, 14
64, 60, 183, 27
64, 287, 183, 15
64, 232, 184, 28
64, 42, 184, 45
64, 272, 184, 94
64, 185, 184, 14
64, 90, 184, 21
64, 260, 185, 80
64, 388, 185, 33
64, 267, 185, 75
64, 14, 185, 11
64, 145, 185, 4
64, 273, 185, 76
64, 274, 185, 69
64, 28, 185, 44
64, 163, 185, 75
64, 329, 185, 68
64, 203, 185, 89
64, 75, 185, 39
64, 335, 185, 6
64, 80, 185, 67
64, 84, 185, 22
64, 97, 185, 58
64, 366, 185, 62
64, 248, 185, 74
64, 252, 185, 96
64, 130, 186, 48
64, 393, 186, 63
64, 12, 186, 26
64, 396, 186, 80
64, 275, 186, 17
64, 20, 186, 19
64, 158, 186, 68
64, 288, 186, 59
64, 36, 186, 19
64, 164, 186, 77
64, 43, 186, 16
64, 45, 186, 61
64, 310, 186, 37
64, 60, 186, 27
64, 82, 186, 35
64, 217, 186, 64
64, 113, 186, 47
64, 377, 186, 52
64, 251, 186, 45
64, 32, 187, 89
64, 129, 187, 46
64, 324, 187, 3
64, 134, 187, 52
64, 200, 187, 10
64, 114, 187, 87
64, 215, 187, 15
64, 216, 187, 66
64, 311, 187, 64
64, 352, 188, 41
64, 129, 188, 46
64, 64, 188, 9
64, 355, 188, 6
64, 196, 188, 50
64, 329, 188, 68
64, 170, 188, 34
64, 45, 188, 61
64, 369, 188, 3
64, 343, 188, 100
64, 293, 189, 89
64, 12, 189, 26
64, 20, 189, 19
64, 277, 189, 34
64, 53, 189, 58
64, 384, 190, 2
64, 327, 190, 73
64, 186, 190, 69
64, 41, 190, 41
64, 9, 190, 60
64, 11, 190, 40
64, 176, 190, 63
64, 244, 190, 45
64, 314, 190, 38
64, 124, 190, 38
64, 256, 191, 36
64, 132, 191, 53
64, 5, 191, 26
64, 11, 191, 40
64, 13, 191, 2
64, 154, 191, 25
64, 40, 191, 21
64, 173, 191, 99
64, 46, 191, 29
64, 186, 191, 69
64, 61, 191, 70
64, 330, 191, 71
64, 77, 191, 12
64, 93, 191, 69
64, 222, 191, 13
64, 225, 191, 65
64, 241, 191, 9
64, 379, 191, 37
64, 123, 191, 51
64, 254, 191, 14
64, 292, 192, 27
64, 9, 192, 60
64, 13, 192, 2
64, 78, 192, 81
64, 239, 192, 43
64, 365, 192, 72
64, 45, 192, 61
64, 210, 192, 16
64, 371, 192, 29
64, 179, 192, 40
64, 122, 192, 15
64, 94, 192, 1
64, 160, 193, 9
64, 97, 193, 58
64, 227, 193, 26
64, 389, 193, 2
64, 39, 193, 14
64, 136, 193, 61
64, 265, 193, 14
64, 363, 193, 92
64, 110, 193, 68
64, 398, 193, 29
64, 115, 193, 88
64, 20, 193, 19
64, 309, 193, 93
64, 184, 193, 65
64, 314, 193, 38
64, 284, 193, 37
64, 31, 193, 64
64, 122, 194, 15
64, 296, 194, 49
64, 330, 194, 71
64, 299, 194, 92
64, 314, 194, 38
64, 266, 194, 73
64, 78, 194, 81
64, 51, 194, 75
64, 186, 194, 69
64, 194, 195, 19
64, 290, 195, 59
64, 392, 195, 33
64, 329, 195, 68
64, 265, 195, 14
64, 139, 195, 58
64, 204, 195, 71
64, 271, 195, 19
64, 348, 195, 17
64, 186, 195, 69
64, 60, 195, 27
64, 93, 195, 69
64, 130, 196, 48
64, 34, 196, 73
64, 38, 196, 95
64, 369, 196, 3
64, 247, 196, 10
64, 346, 196, 60
64, 121, 197, 87
64, 386, 197, 15
64, 324, 197, 3
64, 170, 197, 34
64, 330, 197, 71
64, 363, 197, 92
64, 79, 197, 58
64, 335, 197, 6
64, 306, 197, 48
64, 116, 197, 8
64, 278, 197, 12
64, 120, 197, 75
64, 57, 197, 38
64, 289, 198, 31
64, 153, 198, 22
64, 3, 198, 26
64, 389, 198, 2
64, 72, 198, 39
64, 234, 198, 90
64, 10, 198, 64
64, 238, 198, 18
64, 142, 198, 30
64, 207, 198, 4
64, 306, 198, 48
64, 278, 198, 12
64, 343, 198, 100
64, 281, 198, 93
64, 157, 198, 13
64, 158, 198, 68
64, 57, 198, 38
64, 256, 199, 36
64, 143, 199, 3
64, 274, 199, 69
64, 155, 199, 83
64, 286, 199, 80
64, 167, 199, 29
64, 303, 199, 74
64, 52, 199, 75
64, 308, 199, 64
64, 193, 199, 72
64, 200, 199, 10
64, 78, 199, 81
64, 79, 199, 58
64, 338, 199, 75
64, 345, 199, 68
64, 224, 199, 58
64, 225, 199, 65
64, 104, 199, 38
64, 247, 199, 10
64, 250, 199, 17
