200, 400, 20
65, 256, 0, 62
65, 160, 0, 51
65, 130, 0, 75
65, 322, 0, 31
65, 196, 0, 89
65, 326, 0, 34
65, 7, 0, 2
65, 14, 0, 10
65, 16, 0, 12
65, 241, 0, 35
65, 306, 0, 19
65, 309, 0, 7
65, 56, 0, 56
65, 345, 0, 100
65, 347, 0, 66
65, 363, 1, 23
65, 28, 1, 63
65, 270, 1, 86
65, 21, 1, 40
65, 121, 1, 11
65, 218, 1, 33
65, 219, 1, 76
65, 380, 1, 72
65, 157, 1, 57
65, 32, 2, 58
65, 226, 2, 20
65, 259, 2, 8
65, 200, 2, 90
65, 374, 2, 76
65, 92, 2, 97
65, 289, 3, 59
65, 322, 3, 31
65, 3, 3, 100
65, 132, 3, 1
65, 70, 3, 28
65, 199, 3, 84
65, 73, 3, 46
65, 105, 3, 97
65, 107, 3, 16
65, 218, 3, 33
65, 237, 3, 19
65, 140, 3, 23
65, 79, 3, 87
65, 17, 3, 84
65, 49, 3, 11
65, 275, 3, 29
65, 376, 3, 84
65, 186, 3, 22
65, 32, 4, 58
65, 321, 4, 13
65, 34, 4, 62
65, 163, 4, 97
65, 356, 4, 11
65, 393, 4, 80
65, 204, 4, 43
65, 239, 4, 84
65, 112, 4, 12
65, 214, 4, 69
65, 86, 4, 76
65, 349, 4, 58
65, 67, 5, 54
65, 165, 5, 35
65, 334, 5, 19
65, 79, 5, 87
65, 178, 5, 64
65, 115, 5, 55
65, 243, 5, 77
65, 116, 5, 35
65, 196, 6, 89
65, 102, 6, 77
65, 200, 6, 90
65, 169, 6, 27
65, 11, 6, 87
65, 346, 6, 69
65, 78, 6, 26
65, 302, 6, 8
65, 271, 6, 79
65, 46, 6, 60
65, 115, 6, 55
65, 85, 6, 69
65, 310, 6, 26
65, 343, 6, 50
65, 149, 6, 67
65, 215, 6, 5
65, 125, 6, 89
65, 66, 7, 33
65, 34, 7, 62
65, 101, 7, 8
65, 206, 7, 14
65, 308, 7, 71
65, 52, 7, 60
65, 57, 7, 46
65, 29, 7, 19
65, 98, 8, 35
65, 132, 8, 1
65, 133, 8, 11
65, 102, 8, 77
65, 388, 8, 4
65, 104, 8, 50
65, 68, 8, 63
65, 106, 8, 80
65, 10, 8, 43
65, 196, 8, 89
65, 145, 8, 43
65, 82, 8, 41
65, 374, 8, 76
65, 376, 8, 84
65, 89, 8, 79
65, 124, 8, 94
65, 254, 8, 96
65, 0, 9, 8
65, 256, 9, 62
65, 226, 9, 20
65, 99, 9, 57
65, 39, 9, 52
65, 103, 9, 13
65, 331, 9, 38
65, 205, 9, 40
65, 372, 9, 78
65, 213, 9, 42
65, 278, 9, 83
65, 119, 9, 62
65, 86, 9, 76
65, 375, 9, 46
65, 130, 10, 75
65, 226, 10, 20
65, 196, 10, 89
65, 169, 10, 27
65, 10, 10, 43
65, 139, 10, 79
65, 371, 10, 91
65, 185, 10, 69
65, 155, 10, 88
65, 188, 10, 41
65, 126, 10, 93
65, 324, 11, 2
65, 102, 11, 77
65, 361, 11, 93
65, 362, 11, 36
65, 267, 11, 64
65, 105, 11, 97
65, 368, 11, 47
65, 181, 11, 58
65, 118, 11, 4
65, 321, 12, 13
65, 322, 12, 31
65, 376, 12, 84
65, 70, 12, 28
65, 329, 12, 50
65, 110, 12, 46
65, 334, 12, 19
65, 241, 12, 35
65, 18, 12, 11
65, 211, 12, 90
65, 347, 12, 66
65, 341, 12, 36
65, 344, 12, 92
65, 283, 12, 42
65, 287, 12, 39
65, 6, 13, 38
65, 105, 13, 97
65, 270, 13, 86
65, 242, 13, 85
65, 340, 13, 61
65, 84, 13, 68
65, 89, 13, 79
65, 283, 13, 42
65, 353, 14, 47
65, 226, 14, 20
65, 36, 14, 34
65, 136, 14, 59
65, 169, 14, 27
65, 202, 14, 64
65, 114, 14, 54
65, 309, 14, 7
65, 350, 14, 93
65, 2, 15, 70
65, 386, 15, 27
65, 137, 15, 95
65, 393, 15, 80
65, 281, 15, 93
65, 27, 15, 49
65, 31, 15, 93
65, 33, 15, 82
65, 311, 15, 9
65, 57, 15, 46
65, 191, 15, 29
65, 67, 15, 54
65, 201, 15, 93
65, 204, 15, 43
65, 339, 15, 35
65, 211, 15, 90
65, 362, 15, 36
65, 236, 15, 10
65, 365, 15, 3
65, 367, 15, 73
65, 0, 16, 8
65, 131, 16, 44
65, 242, 16, 85
65, 373, 16, 84
65, 348, 16, 40
65, 88, 16, 36
65, 60, 16, 23
65, 152, 16, 91
65, 33, 17, 82
65, 354, 17, 92
65, 3, 17, 100
65, 130, 17, 75
65, 293, 17, 88
65, 186, 17, 22
65, 105, 17, 97
65, 91, 17, 63
65, 378, 17, 53
65, 337, 17, 70
65, 83, 17, 41
65, 211, 17, 90
65, 86, 17, 76
65, 279, 17, 20
65, 282, 17, 94
65, 27, 17, 49
65, 384, 18, 67
65, 130, 18, 75
65, 203, 18, 53
65, 75, 18, 88
65, 282, 18, 94
65, 47, 18, 65
65, 375, 18, 46
65, 218, 18, 33
65, 247, 18, 18
65, 65, 19, 62
65, 34, 19, 62
65, 291, 19, 76
65, 131, 19, 44
65, 103, 19, 13
65, 264, 19, 70
65, 218, 19, 33
65, 301, 19, 76
65, 304, 19, 84
65, 18, 19, 11
65, 83, 19, 41
65, 116, 19, 35
65, 277, 19, 71
65, 182, 19, 87
65, 154, 19, 82
65, 27, 19, 49
65, 349, 19, 58
65, 189, 19, 9
65, 191, 20, 29
65, 388, 20, 4
65, 231, 20, 18
65, 10, 20, 43
65, 76, 20, 49
65, 173, 20, 59
65, 206, 20, 14
65, 397, 20, 48
65, 80, 20, 42
65, 271, 20, 79
65, 85, 20, 69
65, 183, 20, 70
65, 215, 20, 5
65, 316, 20, 60
65, 318, 20, 40
65, 127, 20, 72
65, 194, 21, 85
65, 300, 21, 94
65, 142, 21, 12
65, 52, 21, 60
65, 30, 21, 29
65, 64, 22, 66
65, 192, 22, 31
65, 290, 22, 81
65, 133, 22, 11
65, 391, 22, 69
65, 360, 22, 62
65, 169, 22, 27
65, 13, 22, 87
65, 375, 22, 46
65, 211, 22, 90
65, 116, 22, 35
65, 277, 22, 71
65, 87, 22, 81
65, 215, 22, 5
65, 124, 22, 94
65, 94, 22, 13
65, 287, 22, 39
65, 321, 23, 13
65, 66, 23, 33
65, 3, 23, 100
65, 228, 23, 51
65, 39, 23, 52
65, 295, 23, 16
65, 111, 23, 32
65, 340, 23, 61
65, 283, 23, 42
65, 382, 23, 78
65, 261, 24, 5
65, 394, 24, 73
65, 268, 24, 34
65, 14, 24, 10
65, 151, 24, 16
65, 27, 24, 49
65, 34, 24, 62
65, 164, 24, 95
65, 166, 24, 32
65, 180, 24, 78
65, 187, 24, 62
65, 61, 24, 42
65, 194, 24, 85
65, 324, 24, 2
65, 69, 24, 5
65, 74, 24, 39
65, 335, 24, 56
65, 85, 24, 69
65, 96, 24, 15
65, 382, 24, 78
65, 196, 25, 89
65, 104, 25, 50
65, 143, 25, 77
65, 30, 25, 29
65, 54, 25, 78
65, 22, 25, 7
65, 190, 25, 90
65, 285, 25, 88
65, 350, 25, 93
65, 375, 25, 46
65, 97, 26, 51
65, 67, 26, 54
65, 328, 26, 79
65, 75, 26, 88
65, 268, 26, 34
65, 335, 26, 56
65, 275, 26, 29
65, 277, 26, 71
65, 151, 26, 16
65, 313, 26, 22
65, 380, 26, 72
65, 93, 26, 36
65, 183, 26, 70
65, 35, 27, 84
65, 67, 27, 54
65, 389, 27, 2
65, 39, 27, 52
65, 137, 27, 95
65, 233, 27, 15
65, 43, 27, 62
65, 155, 27, 88
65, 336, 27, 12
65, 210, 27, 35
65, 372, 27, 78
65, 280, 27, 81
65, 58, 27, 37
65, 379, 27, 89
65, 124, 27, 94
65, 285, 27, 88
65, 191, 27, 29
65, 98, 28, 35
65, 327, 28, 12
65, 154, 28, 82
65, 137, 28, 95
65, 237, 28, 19
65, 282, 28, 94
65, 35, 29, 84
65, 260, 29, 40
65, 390, 29, 86
65, 273, 29, 11
65, 215, 29, 5
65, 190, 29, 90
65, 259, 30, 8
65, 99, 30, 57
65, 262, 30, 89
65, 141, 30, 14
65, 334, 30, 19
65, 15, 30, 16
65, 209, 30, 30
65, 84, 30, 68
65, 245, 30, 100
65, 20, 30, 8
65, 120, 30, 99
65, 284, 30, 96
65, 349, 30, 58
65, 159, 30, 35
65, 354, 31, 92
65, 194, 31, 85
65, 166, 31, 32
65, 70, 31, 28
65, 263, 31, 37
65, 135, 31, 18
65, 138, 31, 68
65, 14, 31, 10
65, 273, 31, 11
65, 340, 31, 61
65, 245, 31, 100
65, 89, 31, 79
65, 285, 31, 88
65, 223, 31, 87
65, 37, 32, 27
65, 133, 32, 11
65, 7, 32, 2
65, 200, 32, 90
65, 330, 32, 53
65, 299, 32, 43
65, 77, 32, 43
65, 338, 32, 10
65, 180, 32, 78
65, 187, 32, 62
65, 159, 32, 35
65, 227, 33, 69
65, 210, 33, 35
65, 82, 33, 41
65, 56, 33, 56
65, 31, 33, 93
65, 165, 34, 35
65, 327, 34, 12
65, 47, 34, 65
65, 272, 34, 35
65, 371, 34, 91
65, 186, 34, 22
65, 252, 34, 66
65, 350, 34, 93
65, 165, 35, 35
65, 198, 35, 12
65, 71, 35, 31
65, 106, 35, 80
65, 203, 35, 53
65, 241, 35, 35
65, 315, 35, 60
65, 126, 35, 93
65, 322, 36, 31
65, 259, 36, 8
65, 351, 36, 68
65, 295, 36, 16
65, 230, 36, 62
65, 268, 36, 34
65, 12, 36, 99
65, 238, 36, 87
65, 83, 36, 41
65, 254, 36, 96
65, 245, 36, 100
65, 21, 36, 40
65, 247, 36, 18
65, 62, 36, 47
65, 31, 36, 93
65, 320, 37, 33
65, 162, 37, 94
65, 163, 37, 97
65, 167, 37, 15
65, 330, 37, 53
65, 139, 37, 79
65, 175, 37, 26
65, 117, 37, 69
65, 182, 37, 87
65, 119, 37, 62
65, 120, 37, 99
65, 154, 37, 82
65, 253, 37, 16
65, 190, 37, 90
65, 127, 37, 72
65, 391, 38, 69
65, 136, 38, 59
65, 139, 38, 79
65, 271, 38, 79
65, 275, 38, 29
65, 276, 38, 54
65, 28, 38, 63
65, 40, 38, 83
65, 44, 38, 33
65, 173, 38, 59
65, 182, 38, 87
65, 71, 38, 31
65, 336, 38, 12
65, 210, 38, 35
65, 83, 38, 41
65, 216, 38, 10
65, 346, 38, 69
65, 370, 38, 80
65, 125, 38, 89
65, 161, 39, 39
65, 355, 39, 71
65, 357, 39, 9
65, 39, 39, 52
65, 168, 39, 79
65, 170, 39, 62
65, 42, 39, 8
65, 44, 39, 33
65, 365, 39, 3
65, 283, 39, 42
65, 240, 39, 20
65, 48, 39, 53
65, 339, 39, 35
65, 91, 39, 63
65, 253, 39, 16
65, 169, 40, 27
65, 13, 40, 87
65, 45, 40, 61
65, 79, 40, 87
65, 78, 40, 26
65, 305, 40, 4
65, 372, 40, 78
65, 154, 40, 82
65, 385, 41, 43
65, 195, 41, 83
65, 70, 41, 28
65, 361, 41, 93
65, 171, 41, 43
65, 45, 41, 61
65, 206, 41, 14
65, 244, 41, 82
65, 28, 41, 63
65, 257, 42, 7
65, 34, 42, 62
65, 163, 42, 97
65, 362, 42, 36
65, 395, 42, 94
65, 364, 42, 85
65, 396, 42, 94
65, 14, 42, 10
65, 344, 42, 92
65, 284, 42, 96
65, 349, 42, 58
65, 223, 42, 87
65, 129, 43, 13
65, 260, 43, 40
65, 228, 43, 51
65, 200, 43, 90
65, 331, 43, 38
65, 206, 43, 14
65, 80, 43, 42
65, 177, 43, 42
65, 243, 43, 77
65, 307, 43, 34
65, 214, 43, 69
65, 312, 43, 50
65, 378, 43, 53
65, 125, 43, 89
65, 286, 43, 19
65, 228, 44, 51
65, 45, 44, 61
65, 370, 44, 80
65, 339, 44, 35
65, 214, 44, 69
65, 284, 44, 96
65, 130, 45, 75
65, 366, 45, 11
65, 313, 45, 22
65, 316, 45, 60
65, 158, 45, 80
65, 288, 46, 14
65, 70, 46, 28
65, 9, 46, 41
65, 43, 46, 62
65, 15, 46, 16
65, 79, 46, 87
65, 374, 46, 76
65, 342, 46, 52
65, 92, 46, 97
65, 64, 47, 66
65, 65, 47, 62
65, 352, 47, 22
65, 357, 47, 9
65, 198, 47, 12
65, 297, 47, 44
65, 171, 47, 43
65, 363, 47, 23
65, 397, 47, 48
65, 47, 47, 65
65, 115, 47, 55
65, 340, 47, 61
65, 150, 47, 94
65, 282, 47, 94
65, 315, 47, 60
65, 188, 47, 41
65, 222, 47, 11
65, 382, 48, 78
65, 99, 48, 57
65, 154, 48, 82
65, 201, 48, 93
65, 362, 48, 36
65, 77, 48, 43
65, 92, 48, 97
65, 126, 48, 93
65, 60, 48, 23
65, 189, 48, 9
65, 94, 48, 13
65, 320, 49, 33
65, 69, 49, 5
65, 262, 49, 89
65, 155, 49, 88
65, 243, 49, 77
65, 340, 49, 61
65, 342, 49, 52
65, 23, 49, 37
65, 27, 49, 49
65, 192, 50, 31
65, 385, 50, 43
65, 67, 50, 54
65, 133, 50, 11
65, 165, 50, 35
65, 6, 50, 38
65, 104, 50, 50
65, 300, 50, 94
65, 144, 50, 26
65, 81, 50, 29
65, 249, 50, 10
65, 315, 50, 60
65, 0, 51, 8
65, 97, 51, 51
65, 260, 51, 40
65, 100, 51, 15
65, 166, 51, 32
65, 39, 51, 52
65, 136, 51, 59
65, 105, 51, 97
65, 394, 51, 73
65, 300, 51, 94
65, 13, 51, 87
65, 174, 51, 79
65, 15, 51, 16
65, 112, 51, 12
65, 209, 51, 30
65, 278, 51, 83
65, 23, 51, 37
65, 129, 52, 13
65, 386, 52, 27
65, 134, 52, 17
65, 22, 52, 7
65, 279, 52, 20
65, 310, 52, 26
65, 320, 52, 33
65, 321, 52, 13
65, 329, 52, 50
65, 205, 52, 40
65, 335, 52, 56
65, 347, 52, 66
65, 224, 52, 43
65, 353, 52, 47
65, 99, 52, 57
65, 355, 52, 71
65, 376, 52, 84
65, 122, 52, 25
65, 253, 52, 16
65, 288, 53, 14
65, 194, 53, 85
65, 99, 53, 57
65, 387, 53, 49
65, 386, 53, 27
65, 358, 53, 89
65, 293, 53, 88
65, 137, 53, 95
65, 364, 53, 85
65, 397, 53, 48
65, 112, 53, 12
65, 146, 53, 92
65, 18, 53, 11
65, 182, 53, 87
65, 376, 53, 84
65, 25, 53, 87
65, 350, 53, 93
65, 57, 53, 46
65, 258, 54, 18
65, 227, 54, 69
65, 355, 54, 71
65, 197, 54, 81
65, 166, 54, 32
65, 290, 54, 81
65, 361, 54, 93
65, 74, 54, 39
65, 266, 54, 3
65, 76, 54, 49
65, 269, 54, 44
65, 142, 54, 12
65, 15, 54, 16
65, 369, 54, 15
65, 145, 54, 43
65, 317, 54, 74
65, 62, 54, 47
65, 162, 55, 94
65, 5, 55, 53
65, 295, 55, 16
65, 232, 55, 70
65, 45, 55, 61
65, 304, 55, 84
65, 52, 55, 60
65, 212, 55, 66
65, 118, 55, 4
65, 311, 55, 9
65, 218, 55, 33
65, 316, 55, 60
65, 383, 55, 95
65, 65, 56, 62
65, 357, 56, 9
65, 197, 56, 81
65, 236, 56, 10
65, 366, 56, 11
65, 206, 56, 14
65, 176, 56, 30
65, 338, 56, 10
65, 339, 56, 35
65, 244, 56, 82
65, 276, 56, 54
65, 313, 56, 22
65, 188, 56, 41
65, 96, 57, 15
65, 353, 57, 47
65, 384, 57, 67
65, 103, 57, 13
65, 184, 57, 46
65, 161, 58, 39
65, 98, 58, 35
65, 353, 58, 47
65, 10, 58, 43
65, 235, 58, 8
65, 236, 58, 10
65, 109, 58, 75
65, 107, 58, 16
65, 303, 58, 96
65, 238, 58, 87
65, 310, 58, 26
65, 30, 58, 29
65, 346, 58, 69
65, 286, 58, 19
65, 258, 59, 18
65, 290, 59, 81
65, 202, 59, 64
65, 300, 59, 94
65, 116, 59, 35
65, 308, 59, 71
65, 380, 59, 72
65, 32, 60, 58
65, 100, 60, 15
65, 200, 60, 90
65, 75, 60, 88
65, 333, 60, 67
65, 206, 60, 14
65, 302, 60, 8
65, 176, 60, 30
65, 243, 60, 77
65, 339, 60, 35
65, 115, 60, 55
65, 183, 60, 70
65, 280, 60, 81
65, 121, 60, 11
65, 187, 60, 62
65, 188, 60, 41
65, 349, 60, 58
65, 388, 61, 4
65, 292, 61, 3
65, 103, 61, 13
65, 394, 61, 73
65, 75, 61, 88
65, 381, 61, 100
65, 127, 61, 72
65, 353, 62, 47
65, 41, 62, 66
65, 362, 62, 36
65, 299, 62, 43
65, 137, 62, 95
65, 80, 62, 42
65, 339, 62, 35
65, 57, 62, 46
65, 31, 62, 93
65, 62, 62, 47
65, 191, 62, 29
65, 32, 63, 58
65, 289, 63, 59
65, 1, 63, 93
65, 231, 63, 18
65, 139, 63, 79
65, 398, 63, 71
65, 305, 63, 4
65, 17, 63, 84
65, 88, 63, 36
65, 156, 63, 1
65, 34, 64, 62
65, 376, 64, 84
65, 70, 64, 28
65, 297, 64, 44
65, 395, 64, 94
65, 207, 64, 25
65, 240, 64, 20
65, 18, 64, 11
65, 184, 64, 46
65, 345, 64, 100
65, 125, 64, 89
65, 382, 64, 78
65, 95, 64, 21
65, 382, 65, 78
65, 264, 65, 70
65, 104, 65, 50
65, 187, 65, 62
65, 48, 65, 53
65, 17, 65, 84
65, 18, 65, 11
65, 275, 65, 29
65, 53, 65, 57
65, 117, 65, 69
65, 150, 65, 94
65, 251, 65, 26
65, 158, 65, 80
65, 121, 66, 11
65, 291, 66, 76
65, 232, 66, 70
65, 142, 66, 12
65, 145, 66, 43
65, 339, 66, 35
65, 279, 66, 20
65, 249, 66, 10
65, 154, 66, 82
65, 29, 66, 19
65, 160, 67, 51
65, 353, 67, 47
65, 299, 67, 43
65, 240, 67, 20
65, 17, 67, 84
65, 127, 67, 72
65, 64, 68, 66
65, 128, 68, 23
65, 97, 68, 51
65, 4, 68, 51
65, 101, 68, 8
65, 326, 68, 34
65, 327, 68, 12
65, 233, 68, 15
65, 76, 68, 49
65, 336, 68, 12
65, 147, 68, 28
65, 179, 68, 14
65, 280, 68, 81
65, 281, 68, 93
65, 314, 68, 11
65, 315, 68, 60
65, 253, 68, 16
65, 62, 68, 47
65, 290, 69, 81
65, 100, 69, 15
65, 357, 69, 9
65, 281, 69, 93
65, 105, 69, 97
65, 11, 69, 87
65, 301, 69, 76
65, 206, 69, 14
65, 175, 69, 26
65, 336, 69, 12
65, 16, 69, 12
65, 242, 69, 85
65, 205, 69, 40
65, 151, 69, 16
65, 185, 69, 69
65, 348, 69, 40
65, 385, 70, 43
65, 196, 70, 89
65, 292, 70, 3
65, 178, 70, 64
65, 274, 70, 73
65, 344, 70, 92
65, 378, 70, 53
65, 253, 70, 16
65, 63, 70, 76
65, 129, 71, 13
65, 226, 71, 20
65, 131, 71, 44
65, 110, 71, 46
65, 151, 71, 16
65, 280, 71, 81
65, 57, 71, 46
65, 61, 71, 42
65, 0, 72, 8
65, 293, 72, 88
65, 326, 72, 34
65, 139, 72, 79
65, 204, 72, 43
65, 272, 72, 35
65, 179, 72, 14
65, 22, 72, 7
65, 118, 72, 4
65, 158, 72, 80
65, 384, 73, 67
65, 46, 73, 60
65, 375, 73, 46
65, 121, 73, 11
65, 250, 73, 84
65, 129, 74, 13
65, 294, 74, 10
65, 104, 74, 50
65, 242, 74, 85
65, 274, 74, 73
65, 52, 74, 60
65, 216, 74, 10
65, 124, 74, 94
65, 157, 74, 57
65, 263, 75, 37
65, 147, 75, 28
65, 152, 75, 91
65, 156, 75, 1
65, 42, 75, 8
65, 45, 75, 61
65, 54, 75, 78
65, 64, 75, 66
65, 65, 75, 62
65, 70, 75, 28
65, 199, 75, 84
65, 202, 75, 64
65, 204, 75, 43
65, 335, 75, 56
65, 106, 75, 80
65, 367, 75, 73
65, 372, 75, 78
65, 122, 75, 25
65, 252, 75, 66
65, 161, 76, 39
65, 197, 76, 81
65, 359, 76, 35
65, 39, 76, 52
65, 182, 76, 87
65, 344, 76, 92
65, 190, 76, 90
65, 383, 76, 95
65, 134, 77, 17
65, 236, 77, 10
65, 366, 77, 11
65, 341, 77, 36
65, 87, 77, 81
65, 56, 77, 56
65, 89, 77, 79
65, 251, 77, 26
65, 224, 78, 43
65, 289, 78, 59
65, 68, 78, 63
65, 70, 78, 28
65, 168, 78, 79
65, 296, 78, 64
65, 394, 78, 73
65, 300, 78, 94
65, 92, 78, 97
65, 146, 78, 92
65, 20, 78, 8
65, 249, 78, 10
65, 186, 78, 22
65, 123, 78, 84
65, 28, 78, 63
65, 94, 78, 13
65, 258, 79, 18
65, 393, 79, 80
65, 143, 79, 77
65, 29, 79, 19
65, 164, 79, 95
65, 53, 79, 57
65, 182, 79, 87
65, 198, 79, 12
65, 204, 79, 43
65, 90, 79, 49
65, 350, 79, 93
65, 232, 79, 70
65, 361, 79, 93
65, 235, 79, 8
65, 366, 79, 11
65, 111, 79, 32
65, 370, 79, 80
65, 252, 79, 66
65, 127, 79, 72
65, 289, 80, 59
65, 292, 80, 3
65, 68, 80, 63
65, 390, 80, 86
65, 104, 80, 50
65, 140, 80, 23
65, 346, 80, 69
65, 239, 80, 84
65, 240, 80, 20
65, 180, 80, 78
65, 58, 80, 37
65, 280, 81, 81
65, 132, 81, 1
65, 302, 81, 8
65, 18, 81, 11
65, 24, 81, 31
65, 155, 81, 88
65, 132, 82, 1
65, 262, 82, 89
65, 272, 82, 35
65, 277, 82, 71
65, 152, 82, 91
65, 297, 82, 44
65, 46, 82, 60
65, 50, 82, 10
65, 60, 82, 23
65, 62, 82, 47
65, 65, 82, 62
65, 69, 82, 5
65, 342, 82, 52
65, 223, 82, 87
65, 225, 82, 100
65, 101, 82, 8
65, 236, 82, 10
65, 114, 82, 54
65, 382, 82, 78
65, 385, 83, 43
65, 2, 83, 70
65, 66, 83, 33
65, 265, 83, 35
65, 45, 83, 61
65, 48, 83, 53
65, 179, 83, 14
65, 116, 83, 35
65, 283, 83, 42
65, 225, 84, 100
65, 388, 84, 4
65, 4, 84, 51
65, 167, 84, 15
65, 27, 84, 49
65, 112, 84, 12
65, 83, 84, 41
65, 282, 84, 94
65, 347, 84, 66
65, 350, 84, 93
65, 353, 85, 47
65, 354, 85, 92
65, 264, 85, 70
65, 329, 85, 50
65, 172, 85, 49
65, 55, 85, 77
65, 58, 85, 37
65, 354, 86, 92
65, 69, 86, 5
65, 169, 86, 27
65, 138, 86, 68
65, 202, 86, 64
65, 364, 86, 85
65, 270, 86, 86
65, 368, 86, 47
65, 208, 86, 52
65, 372, 86, 78
65, 213, 86, 42
65, 87, 86, 81
65, 216, 86, 10
65, 26, 86, 44
65, 379, 86, 89
65, 30, 86, 29
65, 127, 86, 72
65, 133, 87, 11
65, 277, 87, 71
65, 152, 87, 91
65, 281, 87, 93
65, 26, 87, 44
65, 285, 87, 88
65, 29, 87, 19
65, 289, 87, 59
65, 178, 87, 64
65, 181, 87, 58
65, 53, 87, 57
65, 184, 87, 46
65, 326, 87, 34
65, 227, 87, 69
65, 101, 87, 8
65, 242, 87, 85
65, 115, 87, 55
65, 372, 87, 78
65, 118, 87, 4
65, 380, 87, 72
65, 229, 88, 68
65, 295, 88, 16
65, 167, 88, 15
65, 9, 88, 41
65, 396, 88, 94
65, 365, 88, 3
65, 205, 88, 40
65, 269, 88, 44
65, 270, 88, 86
65, 46, 88, 60
65, 371, 88, 91
65, 181, 88, 58
65, 93, 88, 36
65, 387, 89, 49
65, 292, 89, 3
65, 357, 89, 9
65, 198, 89, 12
65, 107, 89, 16
65, 172, 89, 49
65, 336, 89, 12
65, 148, 89, 18
65, 89, 89, 79
65, 282, 89, 94
65, 251, 89, 26
65, 61, 89, 42
65, 190, 89, 90
65, 256, 90, 62
65, 353, 90, 47
65, 2, 90, 70
65, 132, 90, 1
65, 71, 90, 31
65, 18, 90, 11
65, 309, 90, 7
65, 256, 91, 62
65, 226, 91, 20
65, 130, 91, 75
65, 36, 91, 34
65, 293, 91, 88
65, 367, 91, 73
65, 304, 91, 84
65, 147, 91, 28
65, 25, 91, 87
65, 215, 91, 5
65, 249, 91, 10
65, 247, 91, 18
65, 30, 91, 29
65, 6, 92, 38
65, 296, 92, 64
65, 328, 92, 79
65, 11, 92, 87
65, 44, 92, 33
65, 173, 92, 59
65, 366, 92, 11
65, 239, 92, 84
65, 109, 92, 75
65, 237, 92, 19
65, 370, 92, 80
65, 241, 92, 35
65, 20, 92, 8
65, 53, 92, 57
65, 348, 92, 40
65, 284, 92, 96
65, 255, 92, 70
65, 224, 93, 43
65, 38, 93, 49
65, 391, 93, 69
65, 138, 93, 68
65, 395, 93, 94
65, 10, 93, 43
65, 141, 93, 14
65, 12, 93, 99
65, 238, 93, 87
65, 176, 93, 30
65, 208, 93, 52
65, 74, 93, 39
65, 14, 93, 10
65, 180, 93, 78
65, 277, 93, 71
65, 315, 93, 60
65, 125, 93, 89
65, 290, 94, 81
65, 259, 94, 8
65, 198, 94, 12
65, 359, 94, 35
65, 51, 94, 47
65, 254, 94, 96
65, 382, 94, 78
65, 320, 95, 33
65, 198, 95, 12
65, 360, 95, 62
65, 298, 95, 67
65, 335, 95, 56
65, 348, 95, 40
65, 248, 96, 68
65, 333, 96, 67
65, 334, 96, 19
65, 77, 96, 43
65, 368, 96, 47
65, 216, 96, 10
65, 90, 96, 49
65, 190, 96, 90
65, 256, 97, 62
65, 192, 97, 31
65, 164, 97, 95
65, 69, 97, 5
65, 294, 97, 10
65, 200, 97, 90
65, 394, 97, 73
65, 19, 97, 31
65, 83, 97, 41
65, 52, 97, 60
65, 293, 98, 88
65, 41, 98, 66
65, 75, 98, 88
65, 78, 98, 26
65, 271, 98, 79
65, 179, 98, 14
65, 379, 98, 89
65, 255, 98, 70
65, 146, 99, 92
65, 282, 99, 94
65, 290, 99, 81
65, 169, 99, 27
65, 297, 99, 44
65, 184, 99, 46
65, 320, 99, 33
65, 326, 99, 34
65, 203, 99, 53
65, 82, 99, 41
65, 214, 99, 69
65, 228, 99, 51
65, 108, 99, 15
65, 237, 99, 19
65, 243, 99, 77
65, 372, 99, 78
65, 247, 99, 18
65, 251, 99, 26
65, 253, 99, 16
65, 353, 100, 47
65, 258, 100, 18
65, 26, 100, 44
65, 232, 100, 70
65, 172, 100, 49
65, 300, 100, 94
65, 269, 100, 44
65, 399, 100, 63
65, 122, 100, 25
65, 256, 101, 62
65, 323, 101, 11
65, 37, 101, 27
65, 133, 101, 11
65, 261, 101, 5
65, 112, 101, 12
65, 178, 101, 64
65, 151, 101, 16
65, 379, 101, 89
65, 348, 101, 40
65, 391, 102, 69
65, 16, 102, 12
65, 292, 102, 3
65, 167, 102, 15
65, 169, 102, 27
65, 173, 102, 59
65, 46, 102, 60
65, 179, 102, 14
65, 52, 102, 60
65, 60, 102, 23
65, 62, 102, 47
65, 68, 102, 63
65, 335, 102, 56
65, 211, 102, 90
65, 225, 102, 100
65, 98, 102, 35
65, 232, 102, 70
65, 241, 102, 35
65, 250, 102, 84
65, 164, 103, 95
65, 228, 103, 51
65, 40, 103, 83
65, 23, 103, 37
65, 154, 103, 82
65, 236, 104, 10
65, 12, 104, 99
65, 208, 104, 52
65, 305, 104, 4
65, 370, 104, 80
65, 244, 104, 82
65, 98, 105, 35
65, 388, 105, 4
65, 135, 105, 18
65, 359, 105, 35
65, 330, 105, 53
65, 270, 105, 86
65, 274, 105, 73
65, 338, 105, 10
65, 244, 105, 82
65, 283, 105, 42
65, 30, 105, 29
65, 224, 106, 43
65, 103, 106, 13
65, 199, 106, 84
65, 73, 106, 46
65, 270, 106, 86
65, 47, 106, 65
65, 176, 106, 30
65, 271, 106, 79
65, 370, 106, 80
65, 18, 106, 11
65, 148, 106, 18
65, 309, 106, 7
65, 22, 106, 7
65, 254, 106, 96
65, 314, 106, 11
65, 317, 106, 74
65, 318, 106, 40
65, 396, 107, 94
65, 239, 107, 84
65, 210, 107, 35
65, 307, 107, 34
65, 341, 107, 36
65, 150, 107, 94
65, 376, 107, 84
65, 351, 107, 68
65, 134, 108, 17
65, 43, 108, 62
65, 204, 108, 43
65, 397, 108, 48
65, 174, 108, 79
65, 399, 108, 63
65, 346, 108, 69
65, 211, 108, 90
65, 122, 108, 25
65, 91, 108, 63
65, 383, 108, 95
65, 164, 109, 95
65, 295, 109, 16
65, 168, 109, 79
65, 361, 109, 93
65, 233, 109, 15
65, 302, 109, 8
65, 178, 109, 64
65, 179, 109, 14
65, 310, 109, 26
65, 248, 109, 68
65, 92, 109, 97
65, 62, 109, 47
65, 34, 110, 62
65, 163, 110, 97
65, 227, 110, 69
65, 293, 110, 88
65, 199, 110, 84
65, 136, 110, 59
65, 104, 110, 50
65, 200, 110, 90
65, 359, 110, 35
65, 333, 110, 67
65, 109, 110, 75
65, 45, 110, 61
65, 112, 110, 12
65, 176, 110, 30
65, 305, 110, 4
65, 373, 110, 84
65, 277, 110, 71
65, 186, 110, 22
65, 198, 111, 12
65, 166, 111, 32
65, 168, 111, 79
65, 234, 111, 31
65, 74, 111, 39
65, 252, 111, 66
65, 350, 111, 93
65, 160, 112, 51
65, 0, 112, 8
65, 247, 112, 18
65, 106, 112, 80
65, 266, 112, 3
65, 11, 112, 87
65, 175, 112, 26
65, 81, 112, 29
65, 210, 112, 35
65, 371, 112, 91
65, 117, 112, 69
65, 279, 112, 20
65, 376, 112, 84
65, 187, 112, 62
65, 31, 112, 93
65, 317, 112, 74
65, 287, 112, 39
65, 69, 113, 5
65, 197, 113, 81
65, 198, 113, 12
65, 247, 113, 18
65, 75, 113, 88
65, 14, 113, 10
65, 271, 113, 79
65, 240, 113, 20
65, 81, 113, 29
65, 178, 113, 64
65, 372, 113, 78
65, 374, 113, 76
65, 23, 113, 37
65, 123, 113, 84
65, 124, 113, 94
65, 289, 114, 59
65, 217, 114, 20
65, 103, 114, 13
65, 104, 114, 50
65, 201, 114, 93
65, 377, 114, 4
65, 11, 114, 87
65, 300, 114, 94
65, 304, 114, 84
65, 337, 114, 70
65, 344, 114, 92
65, 313, 114, 22
65, 156, 114, 1
65, 194, 115, 85
65, 227, 115, 69
65, 199, 115, 84
65, 300, 115, 94
65, 207, 115, 25
65, 18, 115, 11
65, 115, 115, 55
65, 180, 115, 78
65, 118, 115, 4
65, 152, 115, 91
65, 153, 115, 56
65, 256, 116, 62
65, 9, 116, 41
65, 277, 116, 71
65, 154, 116, 82
65, 30, 116, 29
65, 36, 116, 34
65, 293, 116, 88
65, 37, 116, 27
65, 51, 116, 47
65, 69, 116, 5
65, 329, 116, 50
65, 205, 116, 40
65, 95, 116, 21
65, 98, 116, 35
65, 101, 116, 8
65, 361, 116, 93
65, 369, 116, 15
65, 114, 116, 54
65, 117, 116, 69
65, 288, 117, 14
65, 260, 117, 40
65, 293, 117, 88
65, 70, 117, 28
65, 263, 117, 37
65, 329, 117, 50
65, 43, 117, 62
65, 331, 117, 38
65, 365, 117, 3
65, 207, 117, 25
65, 304, 117, 84
65, 16, 117, 12
65, 148, 117, 18
65, 246, 117, 81
65, 378, 117, 53
65, 123, 117, 84
65, 124, 117, 94
65, 31, 117, 93
65, 386, 118, 27
65, 388, 118, 4
65, 297, 118, 44
65, 206, 118, 14
65, 60, 118, 23
65, 322, 119, 31
65, 5, 119, 53
65, 325, 119, 24
65, 391, 119, 69
65, 199, 119, 84
65, 76, 119, 49
65, 271, 119, 79
65, 80, 119, 42
65, 215, 119, 5
65, 344, 119, 92
65, 120, 119, 99
65, 63, 119, 76
65, 129, 120, 13
65, 323, 120, 11
65, 5, 120, 53
65, 105, 120, 97
65, 201, 120, 93
65, 301, 120, 76
65, 111, 120, 32
65, 273, 120, 11
65, 275, 120, 29
65, 339, 120, 35
65, 341, 120, 36
65, 116, 120, 35
65, 21, 120, 40
65, 280, 120, 81
65, 377, 120, 4
65, 122, 120, 25
65, 88, 120, 36
65, 125, 120, 89
65, 280, 121, 81
65, 5, 121, 53
65, 38, 121, 49
65, 71, 121, 31
65, 136, 121, 59
65, 198, 121, 12
65, 122, 121, 25
65, 44, 121, 33
65, 79, 121, 87
65, 307, 121, 34
65, 148, 121, 18
65, 344, 121, 92
65, 26, 121, 44
65, 187, 121, 62
65, 252, 121, 66
65, 190, 121, 90
65, 248, 122, 68
65, 362, 122, 36
65, 266, 122, 3
65, 76, 122, 49
65, 397, 122, 48
65, 141, 122, 14
65, 310, 122, 26
65, 56, 122, 56
65, 319, 122, 7
65, 33, 123, 82
65, 194, 123, 85
65, 137, 123, 95
65, 202, 123, 64
65, 204, 123, 43
65, 334, 123, 19
65, 19, 123, 31
65, 212, 123, 66
65, 278, 123, 83
65, 120, 123, 99
65, 92, 123, 97
65, 125, 123, 89
65, 40, 124, 83
65, 41, 124, 66
65, 42, 124, 8
65, 43, 124, 62
65, 87, 124, 81
65, 62, 124, 47
65, 231, 125, 18
65, 137, 125, 95
65, 298, 125, 67
65, 206, 125, 14
65, 239, 125, 84
65, 176, 125, 30
65, 208, 125, 52
65, 146, 125, 92
65, 240, 125, 20
65, 21, 125, 40
65, 343, 125, 50
65, 221, 125, 14
65, 73, 126, 46
65, 139, 126, 79
65, 12, 126, 99
65, 113, 126, 67
65, 148, 126, 18
65, 311, 126, 9
65, 218, 126, 33
65, 348, 126, 40
65, 63, 126, 76
65, 32, 127, 58
65, 74, 127, 39
65, 181, 127, 58
65, 149, 127, 67
65, 87, 127, 81
65, 344, 127, 92
65, 57, 127, 46
65, 28, 127, 63
65, 37, 128, 27
65, 296, 128, 64
65, 9, 128, 41
65, 302, 128, 8
65, 271, 128, 79
65, 394, 129, 73
65, 12, 129, 99
65, 147, 129, 28
65, 28, 129, 63
65, 285, 129, 88
65, 288, 129, 14
65, 316, 129, 60
65, 190, 129, 90
65, 325, 129, 24
65, 197, 129, 81
65, 341, 129, 36
65, 86, 129, 76
65, 347, 129, 66
65, 228, 129, 51
65, 229, 129, 68
65, 237, 129, 19
65, 366, 129, 11
65, 374, 129, 76
65, 119, 129, 62
65, 161, 130, 39
65, 388, 130, 4
65, 319, 130, 7
65, 294, 130, 10
65, 199, 130, 84
65, 10, 130, 43
65, 171, 130, 43
65, 47, 130, 65
65, 79, 130, 87
65, 18, 130, 11
65, 307, 130, 34
65, 84, 130, 68
65, 22, 130, 7
65, 249, 130, 10
65, 27, 130, 49
65, 62, 130, 47
65, 63, 130, 76
65, 320, 131, 33
65, 226, 131, 20
65, 71, 131, 31
65, 332, 131, 29
65, 334, 131, 19
65, 239, 131, 84
65, 115, 131, 55
65, 183, 131, 70
65, 378, 131, 53
65, 255, 131, 70
65, 388, 132, 4
65, 11, 132, 87
65, 270, 132, 86
65, 14, 132, 10
65, 153, 132, 56
65, 158, 132, 80
65, 159, 132, 35
65, 293, 132, 88
65, 55, 132, 77
65, 189, 132, 9
65, 66, 132, 33
65, 329, 132, 50
65, 338, 132, 10
65, 223, 132, 87
65, 352, 132, 22
65, 100, 132, 15
65, 228, 132, 51
65, 368, 132, 47
65, 122, 132, 25
65, 66, 133, 33
65, 169, 133, 27
65, 75, 133, 88
65, 205, 133, 40
65, 173, 133, 59
65, 148, 133, 18
65, 375, 133, 46
65, 217, 133, 20
65, 314, 133, 11
65, 251, 133, 26
65, 316, 133, 60
65, 125, 133, 89
65, 159, 134, 35
65, 229, 134, 68
65, 139, 134, 79
65, 272, 134, 35
65, 370, 134, 80
65, 84, 134, 68
65, 277, 134, 71
65, 381, 134, 100
65, 383, 134, 95
65, 1, 135, 93
65, 34, 135, 62
65, 326, 135, 34
65, 41, 135, 66
65, 171, 135, 43
65, 142, 135, 12
65, 143, 135, 77
65, 112, 135, 12
65, 178, 135, 64
65, 149, 135, 67
65, 311, 135, 9
65, 250, 135, 84
65, 315, 135, 60
65, 92, 135, 97
65, 253, 135, 16
65, 193, 136, 74
65, 26, 136, 44
65, 263, 136, 37
65, 72, 136, 1
65, 71, 136, 31
65, 144, 136, 26
65, 30, 136, 29
65, 342, 136, 52
65, 278, 136, 83
65, 122, 136, 25
65, 190, 136, 90
65, 224, 137, 43
65, 103, 137, 13
65, 266, 137, 3
65, 240, 137, 20
65, 27, 137, 49
65, 316, 137, 60
65, 286, 137, 19
65, 256, 138, 62
65, 68, 138, 63
65, 328, 138, 79
65, 330, 138, 53
65, 363, 138, 23
65, 80, 138, 42
65, 371, 138, 91
65, 115, 138, 55
65, 373, 138, 84
65, 33, 139, 82
65, 323, 139, 11
65, 325, 139, 24
65, 360, 139, 62
65, 299, 139, 43
65, 139, 139, 79
65, 76, 139, 49
65, 78, 139, 26
65, 208, 139, 52
65, 112, 139, 12
65, 145, 139, 43
65, 369, 139, 15
65, 373, 139, 84
65, 342, 139, 52
65, 120, 139, 99
65, 187, 139, 62
65, 255, 140, 70
65, 6, 140, 38
65, 263, 140, 37
65, 264, 140, 70
65, 204, 140, 43
65, 173, 140, 59
65, 143, 140, 77
65, 346, 140, 69
65, 316, 140, 60
65, 351, 140, 68
65, 96, 141, 15
65, 130, 141, 75
65, 3, 141, 100
65, 223, 141, 87
65, 198, 141, 12
65, 295, 141, 16
65, 8, 141, 4
65, 233, 141, 15
65, 75, 141, 88
65, 269, 141, 44
65, 368, 141, 47
65, 240, 141, 20
65, 177, 141, 42
65, 211, 141, 90
65, 248, 141, 68
65, 220, 141, 3
65, 95, 141, 21
65, 1, 142, 93
65, 67, 142, 54
65, 69, 142, 5
65, 70, 142, 28
65, 264, 142, 70
65, 269, 142, 44
65, 111, 142, 32
65, 275, 142, 29
65, 1, 143, 93
65, 259, 143, 8
65, 355, 143, 71
65, 69, 143, 5
65, 67, 143, 54
65, 392, 143, 18
65, 362, 143, 36
65, 48, 143, 53
65, 82, 143, 41
65, 276, 143, 54
65, 375, 143, 46
65, 25, 143, 87
65, 219, 143, 76
65, 93, 143, 36
65, 352, 144, 22
65, 33, 144, 82
65, 350, 144, 93
65, 323, 144, 11
65, 100, 144, 15
65, 34, 144, 62
65, 200, 144, 90
65, 297, 144, 44
65, 302, 144, 8
65, 179, 144, 14
65, 341, 144, 36
65, 221, 144, 14
65, 154, 144, 82
65, 347, 144, 66
65, 222, 144, 11
65, 286, 144, 19
65, 257, 145, 7
65, 5, 145, 53
65, 235, 145, 8
65, 11, 145, 87
65, 252, 145, 66
65, 150, 145, 94
65, 280, 145, 81
65, 348, 145, 40
65, 321, 146, 13
65, 355, 146, 71
65, 69, 146, 5
65, 122, 146, 25
65, 295, 146, 16
65, 298, 146, 67
65, 366, 146, 11
65, 84, 146, 68
65, 116, 146, 35
65, 310, 146, 26
65, 341, 146, 36
65, 24, 146, 31
65, 218, 146, 33
65, 127, 146, 72
65, 29, 146, 19
65, 95, 146, 21
65, 263, 147, 37
65, 234, 147, 31
65, 179, 147, 14
65, 53, 147, 57
65, 348, 147, 40
65, 156, 147, 1
65, 71, 148, 31
65, 269, 148, 44
65, 304, 148, 84
65, 211, 148, 90
65, 121, 148, 11
65, 252, 148, 66
65, 33, 149, 82
65, 39, 149, 52
65, 264, 149, 70
65, 297, 149, 44
65, 28, 149, 63
65, 367, 149, 73
65, 176, 149, 30
65, 145, 149, 43
65, 376, 149, 84
65, 283, 149, 42
65, 284, 149, 96
65, 352, 150, 22
65, 161, 150, 39
65, 260, 150, 40
65, 101, 150, 8
65, 38, 150, 49
65, 356, 150, 11
65, 294, 150, 10
65, 169, 150, 27
65, 5, 150, 53
65, 139, 150, 79
65, 332, 150, 29
65, 397, 150, 48
65, 85, 150, 69
65, 157, 150, 57
65, 317, 150, 74
65, 385, 151, 43
65, 35, 151, 84
65, 259, 151, 8
65, 351, 151, 68
65, 38, 151, 49
65, 138, 151, 68
65, 108, 151, 15
65, 241, 151, 35
65, 177, 151, 42
65, 51, 151, 47
65, 29, 151, 19
65, 53, 151, 57
65, 311, 151, 9
65, 314, 151, 11
65, 59, 151, 3
65, 349, 151, 58
65, 319, 151, 7
65, 195, 152, 83
65, 44, 152, 33
65, 397, 152, 48
65, 368, 152, 47
65, 117, 152, 69
65, 382, 152, 78
65, 99, 153, 57
65, 326, 153, 34
65, 297, 153, 44
65, 201, 153, 93
65, 46, 153, 60
65, 60, 153, 23
65, 366, 153, 11
65, 17, 153, 84
65, 242, 153, 85
65, 83, 153, 41
65, 151, 153, 16
65, 24, 153, 31
65, 153, 153, 56
65, 219, 153, 76
65, 220, 153, 3
65, 287, 153, 39
65, 8, 154, 4
65, 138, 154, 68
65, 267, 154, 64
65, 143, 154, 77
65, 280, 154, 81
65, 29, 154, 19
65, 157, 154, 57
65, 38, 154, 49
65, 168, 154, 79
65, 300, 154, 94
65, 53, 154, 57
65, 183, 154, 70
65, 314, 154, 11
65, 59, 154, 3
65, 194, 154, 85
65, 210, 154, 35
65, 83, 154, 41
65, 222, 154, 11
65, 358, 154, 89
65, 239, 154, 84
65, 2, 155, 70
65, 324, 155, 2
65, 136, 155, 59
65, 74, 155, 39
65, 362, 155, 36
65, 396, 155, 94
65, 115, 155, 55
65, 252, 155, 66
65, 380, 155, 72
65, 58, 155, 37
65, 60, 155, 23
65, 31, 155, 93
65, 162, 156, 94
65, 2, 156, 70
65, 356, 156, 11
65, 294, 156, 10
65, 6, 156, 38
65, 103, 156, 13
65, 265, 156, 35
65, 7, 156, 2
65, 218, 156, 33
65, 136, 156, 59
65, 211, 156, 90
65, 372, 156, 78
65, 150, 156, 94
65, 55, 156, 77
65, 185, 156, 69
65, 378, 156, 53
65, 96, 157, 15
65, 225, 157, 100
65, 36, 157, 34
65, 325, 157, 24
65, 393, 157, 80
65, 137, 157, 95
65, 332, 157, 29
65, 45, 157, 61
65, 109, 157, 75
65, 303, 157, 96
65, 113, 157, 67
65, 211, 157, 90
65, 276, 157, 54
65, 214, 157, 69
65, 183, 157, 70
65, 218, 157, 33
65, 317, 157, 74
65, 65, 158, 62
65, 131, 158, 44
65, 68, 158, 63
65, 12, 158, 99
65, 47, 158, 65
65, 115, 158, 55
65, 279, 158, 20
65, 216, 158, 10
65, 57, 158, 46
65, 219, 158, 76
65, 223, 158, 87
65, 386, 159, 27
65, 261, 159, 5
65, 138, 159, 68
65, 272, 159, 35
65, 20, 159, 8
65, 153, 159, 56
65, 171, 159, 43
65, 306, 159, 19
65, 182, 159, 87
65, 62, 159, 47
65, 321, 159, 13
65, 195, 159, 83
65, 200, 159, 90
65, 77, 159, 43
65, 85, 159, 69
65, 124, 159, 94
65, 115, 159, 55
65, 122, 159, 25
65, 252, 159, 66
65, 125, 159, 89
65, 68, 160, 63
65, 134, 160, 17
65, 271, 160, 79
65, 209, 160, 30
65, 147, 160, 28
65, 65, 161, 62
65, 130, 161, 75
65, 387, 161, 49
65, 257, 161, 7
65, 8, 161, 4
65, 202, 161, 64
65, 80, 161, 42
65, 375, 161, 46
65, 348, 161, 40
65, 189, 161, 9
65, 287, 161, 39
65, 193, 162, 74
65, 291, 162, 76
65, 165, 162, 35
65, 168, 162, 79
65, 144, 162, 26
65, 122, 162, 25
65, 129, 163, 13
65, 37, 163, 27
65, 108, 163, 15
65, 52, 163, 60
65, 340, 163, 61
65, 87, 163, 81
65, 186, 163, 22
65, 351, 163, 68
65, 58, 164, 37
65, 268, 164, 34
65, 49, 164, 11
65, 83, 164, 41
65, 276, 164, 54
65, 374, 164, 76
65, 89, 164, 79
65, 282, 164, 94
65, 347, 164, 66
65, 63, 164, 76
65, 291, 165, 76
65, 4, 165, 51
65, 37, 165, 27
65, 35, 165, 84
65, 76, 165, 49
65, 301, 165, 76
65, 269, 165, 44
65, 207, 165, 25
65, 370, 165, 80
65, 245, 165, 100
65, 128, 166, 23
65, 104, 166, 50
65, 330, 166, 53
65, 14, 166, 10
65, 144, 166, 26
65, 307, 166, 34
65, 149, 166, 67
65, 214, 166, 69
65, 54, 166, 78
65, 376, 166, 84
65, 185, 166, 69
65, 150, 166, 94
65, 60, 166, 23
65, 349, 166, 58
65, 255, 166, 70
65, 353, 167, 47
65, 34, 167, 62
65, 388, 167, 4
65, 74, 167, 39
65, 173, 167, 59
65, 142, 167, 12
65, 338, 167, 10
65, 147, 167, 28
65, 84, 167, 68
65, 118, 167, 4
65, 163, 168, 97
65, 70, 168, 28
65, 359, 168, 35
65, 8, 168, 4
65, 234, 168, 31
65, 250, 168, 84
65, 174, 168, 79
65, 143, 168, 77
65, 274, 168, 73
65, 179, 168, 14
65, 312, 168, 50
65, 90, 168, 49
65, 187, 168, 62
65, 159, 168, 35
65, 128, 169, 23
65, 259, 169, 8
65, 392, 169, 18
65, 142, 169, 12
65, 280, 169, 81
65, 162, 169, 94
65, 180, 169, 78
65, 184, 169, 46
65, 197, 169, 81
65, 201, 169, 93
65, 204, 169, 43
65, 77, 169, 43
65, 207, 169, 25
65, 338, 169, 10
65, 223, 169, 87
65, 355, 169, 71
65, 242, 169, 85
65, 120, 169, 99
65, 251, 169, 26
65, 96, 170, 15
65, 128, 170, 23
65, 67, 170, 54
65, 195, 170, 83
65, 217, 170, 20
65, 37, 170, 27
65, 363, 170, 23
65, 395, 170, 94
65, 333, 170, 67
65, 19, 170, 31
65, 244, 170, 82
65, 247, 170, 18
65, 25, 170, 87
65, 254, 170, 96
65, 359, 171, 35
65, 107, 171, 16
65, 300, 171, 94
65, 14, 171, 10
65, 303, 171, 96
65, 53, 171, 57
65, 54, 171, 78
65, 216, 171, 10
65, 154, 171, 82
65, 29, 171, 19
65, 35, 172, 84
65, 100, 172, 15
65, 266, 172, 3
65, 394, 172, 73
65, 209, 172, 30
65, 243, 172, 77
65, 130, 173, 75
65, 327, 173, 12
65, 270, 173, 86
65, 338, 173, 10
65, 25, 173, 87
65, 191, 173, 29
65, 258, 174, 18
65, 387, 174, 49
65, 132, 174, 1
65, 388, 174, 4
65, 264, 174, 70
65, 397, 174, 48
65, 13, 174, 87
65, 282, 174, 94
65, 156, 174, 1
65, 174, 174, 79
65, 52, 174, 60
65, 314, 174, 11
65, 61, 174, 42
65, 67, 174, 54
65, 217, 174, 20
65, 97, 174, 51
65, 355, 174, 71
65, 248, 174, 68
65, 126, 174, 93
65, 324, 175, 2
65, 238, 175, 87
65, 280, 175, 81
65, 250, 175, 84
65, 382, 175, 78
65, 216, 175, 10
65, 386, 176, 27
65, 363, 176, 23
65, 236, 176, 10
65, 141, 176, 14
65, 174, 176, 79
65, 275, 176, 29
65, 52, 176, 60
65, 310, 176, 26
65, 23, 176, 37
65, 280, 176, 81
65, 278, 176, 83
65, 156, 176, 1
65, 311, 176, 9
65, 286, 176, 19
65, 159, 176, 35
65, 358, 177, 89
65, 174, 177, 79
65, 16, 177, 12
65, 281, 177, 93
65, 26, 177, 44
65, 64, 178, 66
65, 193, 178, 74
65, 257, 178, 7
65, 385, 178, 43
65, 132, 178, 1
65, 34, 178, 62
65, 230, 178, 62
65, 295, 178, 16
65, 364, 178, 85
65, 140, 178, 23
65, 82, 178, 41
65, 52, 178, 60
65, 22, 178, 7
65, 315, 178, 60
65, 156, 178, 1
65, 321, 179, 13
65, 290, 179, 81
65, 257, 179, 7
65, 386, 179, 27
65, 99, 179, 57
65, 296, 179, 64
65, 10, 179, 43
65, 331, 179, 38
65, 81, 179, 29
65, 370, 179, 80
65, 21, 179, 40
65, 155, 179, 88
65, 28, 179, 63
65, 384, 180, 67
65, 161, 180, 39
65, 165, 180, 35
65, 332, 180, 29
65, 24, 180, 31
65, 160, 181, 51
65, 323, 181, 11
65, 69, 181, 5
65, 264, 181, 70
65, 105, 181, 97
65, 46, 181, 60
65, 111, 181, 32
65, 147, 181, 28
65, 116, 181, 35
65, 309, 181, 7
65, 22, 181, 7
65, 279, 181, 20
65, 258, 182, 18
65, 104, 182, 50
65, 273, 182, 11
65, 19, 182, 31
65, 121, 182, 11
65, 154, 182, 82
65, 286, 182, 19
65, 63, 182, 76
65, 0, 183, 8
65, 10, 183, 43
65, 142, 183, 12
65, 32, 183, 58
65, 292, 183, 3
65, 37, 183, 27
65, 169, 183, 27
65, 310, 183, 26
65, 187, 183, 62
65, 71, 183, 31
65, 78, 183, 26
65, 340, 183, 61
65, 349, 183, 58
65, 221, 183, 14
65, 356, 183, 11
65, 238, 183, 87
65, 112, 183, 12
65, 375, 183, 46
65, 254, 183, 96
65, 97, 184, 51
65, 231, 184, 18
65, 9, 184, 41
65, 175, 184, 26
65, 283, 184, 42
65, 93, 184, 36
65, 391, 185, 69
65, 42, 185, 8
65, 363, 185, 23
65, 277, 185, 71
65, 22, 185, 7
65, 152, 185, 91
65, 345, 185, 100
65, 154, 185, 82
65, 293, 186, 88
65, 172, 186, 49
65, 181, 186, 58
65, 56, 186, 56
65, 29, 186, 19
65, 230, 187, 62
65, 198, 187, 12
65, 103, 187, 13
65, 171, 187, 43
65, 182, 187, 87
65, 91, 187, 63
65, 232, 188, 70
65, 265, 188, 35
65, 266, 188, 3
65, 304, 188, 84
65, 146, 188, 92
65, 243, 188, 77
65, 114, 188, 54
65, 21, 188, 40
65, 53, 188, 57
65, 281, 188, 93
65, 28, 188, 63
65, 192, 189, 31
65, 225, 189, 100
65, 37, 189, 27
65, 360, 189, 62
65, 201, 189, 93
65, 106, 189, 80
65, 206, 189, 14
65, 175, 189, 26
65, 144, 189, 26
65, 50, 189, 10
65, 114, 189, 54
65, 379, 189, 89
65, 192, 190, 31
65, 391, 190, 69
65, 232, 190, 70
65, 137, 190, 95
65, 214, 190, 69
65, 120, 190, 99
65, 121, 190, 11
65, 218, 190, 33
65, 59, 190, 3
65, 156, 190, 1
65, 33, 191, 82
65, 99, 191, 57
65, 104, 191, 50
65, 297, 191, 44
65, 169, 191, 27
65, 393, 191, 80
65, 365, 191, 3
65, 208, 191, 52
65, 150, 191, 94
65, 30, 191, 29
65, 346, 191, 69
65, 318, 191, 40
65, 325, 192, 24
65, 101, 192, 8
65, 104, 192, 50
65, 362, 192, 36
65, 44, 192, 33
65, 141, 192, 14
65, 272, 192, 35
65, 242, 192, 85
65, 307, 192, 34
65, 52, 192, 60
65, 149, 192, 67
65, 214, 192, 69
65, 343, 192, 50
65, 339, 192, 35
65, 90, 192, 49
65, 155, 192, 88
65, 124, 192, 94
65, 94, 192, 13
65, 99, 193, 57
65, 43, 193, 62
65, 399, 193, 63
65, 369, 193, 15
65, 337, 193, 70
65, 147, 193, 28
65, 24, 193, 31
65, 218, 193, 33
65, 219, 193, 76
65, 92, 193, 97
65, 350, 193, 93
65, 31, 193, 93
65, 164, 194, 95
65, 229, 194, 68
65, 77, 194, 43
65, 115, 194, 55
65, 249, 194, 10
65, 129, 195, 13
65, 100, 195, 15
65, 164, 195, 95
65, 391, 195, 69
65, 329, 195, 50
65, 234, 195, 31
65, 333, 195, 67
65, 337, 195, 70
65, 113, 195, 67
65, 118, 195, 4
65, 279, 195, 20
65, 184, 195, 46
65, 36, 196, 34
65, 70, 196, 28
65, 358, 196, 89
65, 172, 196, 49
65, 303, 196, 96
65, 54, 196, 78
65, 215, 196, 5
65, 349, 196, 58
65, 286, 196, 19
65, 292, 197, 3
65, 269, 197, 44
65, 237, 197, 19
65, 271, 197, 79
65, 145, 197, 43
65, 183, 197, 70
65, 276, 197, 54
65, 247, 197, 18
65, 280, 197, 81
65, 153, 197, 56
65, 254, 197, 96
65, 128, 198, 23
65, 99, 198, 57
65, 292, 198, 3
65, 389, 198, 2
65, 392, 198, 18
65, 141, 198, 14
65, 61, 198, 42
65, 212, 198, 66
65, 309, 198, 7
65, 214, 198, 69
65, 341, 198, 36
65, 376, 198, 84
65, 183, 198, 70
65, 317, 198, 74
65, 352, 199, 22
65, 353, 199, 47
65, 325, 199, 24
65, 326, 199, 34
65, 327, 199, 12
65, 104, 199, 50
65, 169, 199, 27
65, 143, 199, 77
65, 180, 199, 78
65, 148, 199, 18
65, 344, 199, 92
65, 25, 199, 87
65, 382, 199, 78
65, 383, 199, 95
