200, 400, 20
2, 129, 0, 28
2, 195, 0, 8
2, 325, 0, 31
2, 134, 0, 1
2, 231, 0, 98
2, 261, 0, 52
2, 237, 0, 48
2, 17, 0, 95
2, 147, 0, 28
2, 182, 0, 71
2, 152, 0, 63
2, 315, 0, 44
2, 319, 0, 10
2, 2, 1, 81
2, 4, 1, 53
2, 8, 1, 5
2, 138, 1, 7
2, 271, 1, 92
2, 21, 1, 24
2, 279, 1, 95
2, 285, 1, 57
2, 302, 1, 26
2, 52, 1, 59
2, 187, 1, 96
2, 64, 1, 62
2, 352, 1, 22
2, 227, 1, 71
2, 231, 1, 98
2, 233, 1, 24
2, 237, 1, 48
2, 120, 1, 58
2, 377, 1, 77
2, 129, 2, 28
2, 276, 2, 43
2, 29, 2, 4
2, 37, 2, 94
2, 166, 2, 88
2, 174, 2, 29
2, 306, 2, 47
2, 184, 2, 35
2, 193, 2, 23
2, 195, 2, 8
2, 325, 2, 31
2, 201, 2, 79
2, 85, 2, 1
2, 342, 2, 100
2, 347, 2, 62
2, 91, 2, 82
2, 99, 2, 4
2, 102, 2, 15
2, 116, 2, 53
2, 378, 2, 28
2, 66, 3, 76
2, 295, 3, 60
2, 361, 3, 76
2, 362, 3, 92
2, 203, 3, 76
2, 363, 3, 67
2, 270, 3, 70
2, 336, 3, 11
2, 51, 3, 40
2, 349, 3, 55
2, 320, 4, 98
2, 3, 4, 44
2, 324, 4, 83
2, 261, 4, 52
2, 389, 4, 1
2, 67, 4, 44
2, 72, 4, 13
2, 105, 4, 98
2, 299, 4, 72
2, 238, 4, 22
2, 208, 4, 84
2, 178, 4, 56
2, 309, 4, 78
2, 246, 4, 28
2, 279, 4, 95
2, 56, 4, 100
2, 253, 4, 37
2, 159, 4, 54
2, 34, 5, 99
2, 132, 5, 98
2, 50, 5, 90
2, 277, 5, 16
2, 219, 5, 92
2, 121, 6, 29
2, 249, 6, 53
2, 9, 6, 30
2, 106, 6, 96
2, 235, 6, 63
2, 44, 6, 98
2, 45, 6, 20
2, 394, 6, 14
2, 340, 6, 24
2, 53, 6, 11
2, 23, 6, 7
2, 281, 6, 49
2, 62, 6, 55
2, 224, 7, 80
2, 161, 7, 43
2, 290, 7, 33
2, 260, 7, 57
2, 196, 7, 62
2, 7, 7, 87
2, 295, 7, 60
2, 362, 7, 92
2, 397, 7, 29
2, 220, 7, 44
2, 19, 7, 35
2, 28, 7, 59
2, 127, 7, 52
2, 165, 8, 4
2, 293, 8, 70
2, 358, 8, 94
2, 178, 8, 56
2, 276, 8, 43
2, 246, 8, 28
2, 375, 8, 21
2, 219, 8, 92
2, 385, 9, 76
2, 194, 9, 74
2, 386, 9, 63
2, 163, 9, 81
2, 135, 9, 52
2, 264, 9, 14
2, 41, 9, 32
2, 331, 9, 1
2, 144, 9, 86
2, 339, 9, 100
2, 309, 9, 78
2, 245, 9, 65
2, 281, 9, 49
2, 92, 9, 69
2, 223, 9, 22
2, 352, 10, 22
2, 324, 10, 83
2, 197, 10, 91
2, 196, 10, 62
2, 393, 10, 46
2, 41, 10, 32
2, 269, 10, 68
2, 141, 10, 41
2, 22, 10, 81
2, 279, 10, 95
2, 248, 10, 37
2, 383, 10, 86
2, 64, 11, 62
2, 388, 11, 32
2, 197, 11, 91
2, 166, 11, 88
2, 393, 11, 46
2, 203, 11, 76
2, 307, 11, 57
2, 153, 11, 59
2, 380, 11, 65
2, 221, 11, 65
2, 127, 11, 52
2, 121, 12, 29
2, 386, 12, 63
2, 298, 12, 25
2, 330, 12, 11
2, 394, 12, 14
2, 14, 12, 4
2, 368, 12, 51
2, 242, 12, 58
2, 180, 12, 18
2, 340, 12, 24
2, 22, 12, 81
2, 55, 12, 78
2, 313, 12, 97
2, 126, 12, 29
2, 347, 12, 62
2, 190, 12, 33
2, 286, 12, 9
2, 95, 12, 13
2, 261, 13, 52
2, 230, 13, 100
2, 264, 13, 14
2, 9, 13, 30
2, 393, 13, 46
2, 392, 13, 63
2, 76, 13, 51
2, 232, 13, 14
2, 332, 13, 26
2, 303, 13, 32
2, 306, 13, 47
2, 307, 13, 57
2, 148, 13, 22
2, 82, 13, 50
2, 246, 13, 28
2, 312, 13, 63
2, 345, 13, 10
2, 355, 14, 26
2, 195, 14, 8
2, 133, 14, 7
2, 180, 14, 18
2, 56, 14, 100
2, 62, 14, 55
2, 128, 15, 49
2, 193, 15, 23
2, 36, 15, 58
2, 4, 15, 53
2, 326, 15, 32
2, 101, 15, 25
2, 169, 15, 47
2, 202, 15, 78
2, 45, 15, 20
2, 17, 15, 95
2, 51, 15, 40
2, 214, 15, 59
2, 248, 15, 37
2, 58, 15, 22
2, 123, 15, 41
2, 157, 15, 8
2, 350, 15, 60
2, 95, 15, 13
2, 256, 16, 57
2, 389, 16, 1
2, 7, 16, 87
2, 9, 16, 30
2, 15, 16, 14
2, 30, 16, 83
2, 32, 16, 86
2, 37, 16, 94
2, 177, 16, 18
2, 314, 16, 9
2, 62, 16, 55
2, 319, 16, 10
2, 323, 16, 68
2, 324, 16, 83
2, 77, 16, 4
2, 88, 16, 53
2, 96, 16, 43
2, 108, 16, 86
2, 114, 16, 66
2, 382, 16, 56
2, 34, 17, 99
2, 355, 17, 26
2, 359, 17, 21
2, 104, 17, 57
2, 361, 17, 76
2, 179, 17, 59
2, 148, 17, 22
2, 277, 17, 16
2, 22, 17, 81
2, 313, 17, 97
2, 314, 17, 9
2, 381, 17, 41
2, 129, 18, 28
2, 389, 18, 1
2, 392, 18, 63
2, 367, 18, 94
2, 246, 18, 28
2, 167, 19, 11
2, 108, 19, 86
2, 175, 19, 61
2, 180, 19, 18
2, 151, 19, 2
2, 64, 20, 62
2, 302, 20, 26
2, 149, 20, 21
2, 215, 20, 1
2, 248, 20, 37
2, 126, 20, 29
2, 350, 21, 60
2, 6, 21, 80
2, 358, 21, 94
2, 334, 21, 94
2, 78, 21, 62
2, 177, 21, 18
2, 254, 21, 92
2, 181, 21, 73
2, 118, 21, 91
2, 311, 21, 67
2, 376, 21, 26
2, 318, 21, 74
2, 191, 21, 76
2, 225, 22, 33
2, 65, 22, 7
2, 259, 22, 6
2, 328, 22, 50
2, 9, 22, 30
2, 362, 22, 92
2, 277, 22, 16
2, 279, 22, 95
2, 249, 22, 53
2, 27, 22, 45
2, 256, 23, 57
2, 229, 23, 70
2, 102, 23, 15
2, 359, 23, 21
2, 136, 23, 15
2, 394, 23, 14
2, 206, 23, 31
2, 14, 23, 4
2, 368, 23, 51
2, 210, 23, 82
2, 50, 23, 90
2, 342, 23, 100
2, 350, 23, 60
2, 129, 24, 28
2, 68, 24, 74
2, 42, 24, 72
2, 139, 24, 15
2, 109, 24, 41
2, 52, 24, 59
2, 281, 24, 49
2, 192, 25, 44
2, 38, 25, 51
2, 103, 25, 37
2, 11, 25, 9
2, 332, 25, 26
2, 334, 25, 94
2, 50, 25, 90
2, 343, 25, 31
2, 376, 25, 26
2, 94, 25, 40
2, 221, 25, 65
2, 62, 25, 55
2, 96, 26, 43
2, 34, 26, 99
2, 70, 26, 62
2, 326, 26, 32
2, 41, 26, 32
2, 138, 26, 7
2, 173, 26, 40
2, 46, 26, 28
2, 239, 26, 50
2, 78, 26, 62
2, 146, 26, 42
2, 371, 26, 41
2, 374, 26, 98
2, 217, 26, 79
2, 380, 26, 65
2, 125, 26, 67
2, 248, 27, 37
2, 385, 27, 76
2, 355, 27, 26
2, 8, 27, 5
2, 173, 27, 40
2, 367, 27, 94
2, 16, 27, 50
2, 305, 27, 64
2, 399, 27, 100
2, 120, 27, 58
2, 253, 27, 37
2, 218, 27, 34
2, 380, 27, 65
2, 285, 27, 57
2, 184, 27, 35
2, 299, 28, 72
2, 238, 28, 22
2, 336, 28, 11
2, 306, 28, 47
2, 93, 28, 100
2, 197, 29, 91
2, 135, 29, 52
2, 73, 29, 25
2, 75, 29, 35
2, 302, 29, 26
2, 272, 29, 58
2, 210, 29, 82
2, 371, 29, 41
2, 216, 29, 52
2, 346, 29, 37
2, 59, 29, 4
2, 159, 29, 54
2, 227, 30, 71
2, 328, 30, 50
2, 77, 30, 4
2, 141, 30, 41
2, 333, 30, 3
2, 17, 30, 95
2, 84, 30, 22
2, 85, 30, 1
2, 309, 30, 78
2, 218, 30, 34
2, 348, 30, 10
2, 351, 30, 22
2, 160, 31, 22
2, 291, 31, 94
2, 356, 31, 93
2, 170, 31, 15
2, 239, 31, 50
2, 241, 31, 75
2, 146, 31, 42
2, 338, 31, 85
2, 95, 31, 13
2, 53, 31, 11
2, 373, 31, 8
2, 254, 31, 92
2, 312, 31, 63
2, 93, 31, 100
2, 28, 31, 59
2, 221, 31, 65
2, 190, 31, 33
2, 351, 31, 22
2, 68, 32, 74
2, 328, 32, 50
2, 361, 32, 76
2, 47, 32, 20
2, 15, 32, 14
2, 82, 32, 50
2, 50, 32, 90
2, 90, 32, 94
2, 226, 33, 74
2, 199, 33, 2
2, 169, 33, 47
2, 44, 33, 98
2, 268, 33, 26
2, 174, 33, 29
2, 241, 33, 75
2, 18, 33, 7
2, 183, 33, 73
2, 184, 33, 35
2, 317, 33, 22
2, 292, 34, 97
2, 135, 34, 52
2, 231, 34, 98
2, 142, 34, 77
2, 79, 34, 80
2, 82, 34, 50
2, 149, 34, 21
2, 375, 34, 21
2, 381, 34, 41
2, 97, 35, 63
2, 322, 35, 98
2, 194, 35, 74
2, 197, 35, 91
2, 5, 35, 75
2, 295, 35, 60
2, 297, 35, 28
2, 170, 35, 15
2, 303, 35, 32
2, 17, 35, 95
2, 51, 35, 40
2, 85, 35, 1
2, 182, 35, 71
2, 214, 35, 59
2, 91, 35, 82
2, 317, 35, 22
2, 384, 36, 93
2, 197, 36, 91
2, 198, 36, 10
2, 263, 36, 8
2, 392, 36, 63
2, 135, 36, 52
2, 70, 36, 62
2, 45, 36, 20
2, 344, 36, 38
2, 89, 36, 24
2, 90, 36, 94
2, 224, 37, 80
2, 1, 37, 44
2, 4, 37, 53
2, 165, 37, 4
2, 296, 37, 21
2, 369, 37, 32
2, 126, 37, 29
2, 160, 38, 22
2, 352, 38, 22
2, 5, 38, 75
2, 294, 38, 74
2, 359, 38, 21
2, 313, 38, 97
2, 42, 38, 72
2, 397, 38, 29
2, 46, 38, 28
2, 249, 38, 53
2, 160, 39, 22
2, 352, 39, 22
2, 385, 39, 76
2, 324, 39, 83
2, 231, 39, 98
2, 266, 39, 54
2, 172, 39, 3
2, 206, 39, 31
2, 367, 39, 94
2, 337, 39, 9
2, 147, 39, 28
2, 212, 39, 6
2, 120, 39, 58
2, 123, 39, 41
2, 222, 39, 70
2, 192, 40, 44
2, 135, 40, 52
2, 232, 40, 14
2, 8, 40, 5
2, 234, 40, 3
2, 363, 40, 67
2, 332, 40, 26
2, 281, 40, 49
2, 123, 40, 41
2, 220, 40, 44
2, 1, 41, 44
2, 2, 41, 81
2, 165, 41, 4
2, 87, 41, 76
2, 91, 41, 82
2, 380, 41, 65
2, 285, 41, 57
2, 388, 42, 32
2, 107, 42, 5
2, 333, 42, 3
2, 153, 42, 59
2, 95, 42, 13
2, 288, 43, 45
2, 356, 43, 93
2, 9, 43, 30
2, 171, 43, 86
2, 13, 43, 40
2, 243, 43, 64
2, 276, 43, 43
2, 93, 43, 100
2, 310, 43, 11
2, 183, 43, 73
2, 187, 43, 96
2, 221, 43, 65
2, 351, 43, 22
2, 70, 44, 62
2, 167, 44, 11
2, 169, 44, 47
2, 91, 44, 82
2, 14, 44, 4
2, 241, 44, 75
2, 52, 44, 59
2, 278, 44, 15
2, 153, 44, 59
2, 347, 44, 62
2, 252, 44, 22
2, 189, 44, 83
2, 382, 44, 56
2, 193, 45, 23
2, 177, 45, 18
2, 51, 45, 40
2, 150, 45, 65
2, 61, 45, 39
2, 141, 46, 41
2, 270, 46, 70
2, 282, 46, 12
2, 157, 46, 8
2, 288, 46, 45
2, 35, 46, 91
2, 167, 46, 11
2, 55, 46, 78
2, 190, 46, 33
2, 200, 46, 37
2, 336, 46, 11
2, 340, 46, 24
2, 214, 46, 59
2, 345, 46, 10
2, 99, 46, 4
2, 230, 46, 100
2, 115, 46, 24
2, 375, 46, 21
2, 380, 46, 65
2, 131, 47, 75
2, 142, 47, 77
2, 143, 47, 3
2, 272, 47, 58
2, 17, 47, 95
2, 23, 47, 7
2, 153, 47, 59
2, 167, 47, 11
2, 296, 47, 21
2, 48, 47, 27
2, 188, 47, 70
2, 319, 47, 10
2, 70, 47, 62
2, 326, 47, 32
2, 347, 47, 62
2, 230, 47, 100
2, 106, 47, 96
2, 238, 47, 22
2, 250, 47, 96
2, 386, 48, 63
2, 261, 48, 52
2, 111, 48, 7
2, 20, 48, 55
2, 184, 48, 35
2, 160, 49, 22
2, 6, 49, 80
2, 107, 49, 5
2, 140, 49, 87
2, 267, 49, 86
2, 174, 49, 29
2, 240, 49, 64
2, 17, 49, 95
2, 245, 49, 65
2, 377, 49, 77
2, 122, 49, 35
2, 256, 50, 57
2, 388, 50, 32
2, 282, 50, 12
2, 81, 50, 80
2, 373, 50, 8
2, 56, 50, 100
2, 58, 50, 22
2, 347, 50, 62
2, 124, 50, 17
2, 358, 51, 94
2, 144, 51, 86
2, 93, 51, 100
2, 126, 51, 29
2, 191, 51, 76
2, 323, 52, 68
2, 6, 52, 80
2, 271, 52, 92
2, 369, 52, 32
2, 20, 52, 55
2, 21, 52, 24
2, 183, 52, 73
2, 216, 52, 52
2, 60, 52, 5
2, 29, 52, 4
2, 99, 53, 4
2, 202, 53, 78
2, 140, 53, 87
2, 368, 53, 51
2, 336, 53, 11
2, 50, 53, 90
2, 249, 53, 53
2, 27, 53, 45
2, 284, 53, 94
2, 319, 53, 10
2, 225, 54, 33
2, 260, 54, 57
2, 36, 54, 58
2, 138, 54, 7
2, 204, 54, 97
2, 302, 54, 26
2, 210, 54, 82
2, 215, 54, 1
2, 227, 55, 71
2, 229, 55, 70
2, 326, 55, 32
2, 359, 55, 21
2, 232, 55, 14
2, 40, 55, 5
2, 201, 55, 79
2, 329, 55, 6
2, 140, 55, 87
2, 109, 55, 41
2, 146, 55, 42
2, 339, 55, 100
2, 373, 55, 8
2, 89, 55, 24
2, 125, 55, 67
2, 31, 55, 30
2, 128, 56, 49
2, 387, 56, 27
2, 135, 56, 52
2, 267, 56, 86
2, 109, 56, 41
2, 48, 56, 27
2, 272, 56, 58
2, 149, 56, 21
2, 86, 56, 62
2, 85, 56, 1
2, 245, 56, 65
2, 250, 56, 96
2, 156, 56, 64
2, 324, 57, 83
2, 165, 57, 4
2, 391, 57, 91
2, 72, 57, 13
2, 105, 57, 98
2, 201, 57, 79
2, 363, 57, 67
2, 206, 57, 31
2, 271, 57, 92
2, 304, 57, 38
2, 274, 57, 39
2, 244, 57, 5
2, 214, 57, 59
2, 311, 57, 67
2, 60, 57, 5
2, 36, 58, 58
2, 100, 58, 26
2, 77, 58, 4
2, 31, 58, 30
2, 175, 58, 61
2, 397, 58, 29
2, 28, 58, 59
2, 63, 58, 25
2, 288, 59, 45
2, 353, 59, 89
2, 230, 59, 100
2, 39, 59, 7
2, 12, 59, 52
2, 367, 59, 94
2, 368, 59, 51
2, 337, 59, 9
2, 338, 59, 85
2, 52, 59, 59
2, 245, 59, 65
2, 25, 59, 99
2, 348, 59, 10
2, 157, 59, 8
2, 263, 60, 8
2, 237, 60, 48
2, 13, 60, 40
2, 333, 60, 3
2, 77, 60, 4
2, 85, 60, 1
2, 342, 60, 100
2, 87, 60, 76
2, 154, 60, 65
2, 19, 61, 35
2, 20, 61, 55
2, 157, 61, 8
2, 169, 61, 47
2, 300, 61, 99
2, 302, 61, 26
2, 179, 61, 59
2, 182, 61, 71
2, 208, 61, 84
2, 81, 61, 80
2, 82, 61, 50
2, 342, 61, 100
2, 216, 61, 52
2, 219, 61, 92
2, 96, 61, 43
2, 102, 61, 15
2, 112, 61, 57
2, 113, 61, 18
2, 120, 61, 58
2, 251, 61, 61
2, 4, 62, 53
2, 396, 62, 9
2, 39, 62, 7
2, 40, 62, 5
2, 53, 62, 11
2, 182, 62, 71
2, 181, 62, 73
2, 184, 62, 35
2, 65, 62, 7
2, 194, 62, 74
2, 74, 62, 72
2, 340, 62, 24
2, 85, 62, 1
2, 217, 62, 79
2, 222, 62, 70
2, 96, 62, 43
2, 117, 62, 93
2, 249, 62, 53
2, 383, 62, 86
2, 256, 63, 57
2, 129, 63, 28
2, 293, 63, 70
2, 166, 63, 88
2, 264, 63, 14
2, 328, 63, 50
2, 394, 63, 14
2, 75, 63, 35
2, 31, 63, 30
2, 251, 63, 61
2, 211, 63, 5
2, 347, 63, 62
2, 220, 63, 44
2, 63, 63, 25
2, 256, 64, 57
2, 388, 64, 32
2, 71, 64, 9
2, 103, 64, 37
2, 202, 64, 78
2, 267, 64, 86
2, 363, 64, 67
2, 110, 64, 6
2, 79, 64, 80
2, 179, 64, 59
2, 246, 64, 28
2, 343, 64, 31
2, 222, 64, 70
2, 261, 65, 52
2, 136, 65, 15
2, 15, 65, 14
2, 147, 65, 28
2, 25, 65, 99
2, 174, 65, 29
2, 305, 65, 64
2, 309, 65, 78
2, 54, 65, 40
2, 183, 65, 73
2, 69, 65, 44
2, 333, 65, 3
2, 209, 65, 57
2, 88, 65, 53
2, 347, 65, 62
2, 92, 65, 69
2, 233, 65, 24
2, 106, 65, 96
2, 255, 65, 44
2, 162, 66, 67
2, 291, 66, 94
2, 196, 66, 62
2, 67, 66, 44
2, 290, 66, 33
2, 138, 66, 7
2, 331, 66, 1
2, 10, 66, 42
2, 205, 66, 49
2, 276, 66, 43
2, 118, 66, 91
2, 151, 66, 2
2, 30, 66, 83
2, 258, 67, 95
2, 133, 67, 7
2, 37, 67, 94
2, 167, 67, 11
2, 39, 67, 7
2, 9, 67, 30
2, 43, 67, 29
2, 238, 67, 22
2, 336, 67, 11
2, 188, 67, 70
2, 281, 67, 49
2, 348, 67, 10
2, 317, 67, 22
2, 131, 68, 75
2, 261, 68, 52
2, 38, 68, 51
2, 133, 68, 7
2, 203, 68, 76
2, 45, 68, 20
2, 238, 68, 22
2, 206, 68, 31
2, 50, 68, 90
2, 20, 68, 55
2, 149, 68, 21
2, 310, 68, 11
2, 153, 68, 59
2, 379, 68, 63
2, 93, 68, 100
2, 191, 68, 76
2, 130, 69, 24
2, 395, 69, 74
2, 281, 69, 49
2, 295, 69, 60
2, 175, 69, 61
2, 47, 69, 20
2, 312, 69, 63
2, 191, 69, 76
2, 321, 69, 68
2, 209, 69, 57
2, 212, 69, 6
2, 340, 69, 24
2, 351, 69, 22
2, 226, 69, 74
2, 231, 69, 98
2, 112, 69, 57
2, 246, 69, 28
2, 119, 69, 61
2, 377, 69, 77
2, 252, 69, 22
2, 323, 70, 68
2, 196, 70, 62
2, 90, 70, 94
2, 67, 70, 44
2, 76, 70, 51
2, 364, 70, 18
2, 207, 70, 54
2, 176, 70, 41
2, 117, 70, 93
2, 54, 70, 40
2, 375, 70, 21
2, 344, 70, 38
2, 214, 70, 59
2, 378, 70, 28
2, 132, 71, 98
2, 283, 71, 15
2, 28, 71, 59
2, 289, 71, 74
2, 166, 71, 88
2, 297, 71, 28
2, 306, 71, 47
2, 180, 71, 18
2, 181, 71, 73
2, 312, 71, 63
2, 189, 71, 83
2, 191, 71, 76
2, 72, 71, 13
2, 345, 71, 10
2, 225, 71, 33
2, 100, 71, 26
2, 229, 71, 70
2, 113, 71, 18
2, 373, 71, 8
2, 387, 72, 27
2, 392, 72, 63
2, 137, 72, 27
2, 138, 72, 7
2, 395, 72, 74
2, 12, 72, 52
2, 151, 72, 2
2, 159, 72, 54
2, 318, 72, 74
2, 76, 72, 51
2, 335, 72, 20
2, 79, 72, 80
2, 210, 72, 82
2, 211, 72, 5
2, 100, 72, 26
2, 366, 72, 19
2, 243, 72, 64
2, 123, 72, 41
2, 252, 72, 22
2, 384, 73, 93
2, 161, 73, 43
2, 293, 73, 70
2, 339, 73, 100
2, 159, 73, 54
2, 2, 74, 81
2, 195, 74, 8
2, 71, 74, 9
2, 201, 74, 79
2, 138, 74, 7
2, 12, 74, 52
2, 397, 74, 29
2, 48, 74, 27
2, 370, 74, 88
2, 146, 74, 42
2, 118, 74, 91
2, 93, 74, 100
2, 192, 75, 44
2, 98, 75, 78
2, 5, 75, 75
2, 359, 75, 21
2, 105, 75, 98
2, 82, 75, 50
2, 19, 75, 35
2, 276, 75, 43
2, 210, 75, 82
2, 243, 75, 64
2, 344, 75, 38
2, 127, 75, 52
2, 385, 76, 76
2, 291, 76, 94
2, 173, 76, 40
2, 374, 76, 98
2, 283, 76, 15
2, 380, 76, 65
2, 350, 76, 60
2, 265, 77, 3
2, 106, 77, 96
2, 173, 77, 40
2, 110, 77, 6
2, 375, 77, 21
2, 25, 77, 99
2, 258, 78, 95
2, 393, 78, 46
2, 208, 78, 84
2, 243, 78, 64
2, 25, 78, 99
2, 62, 78, 55
2, 2, 79, 81
2, 194, 79, 74
2, 4, 79, 53
2, 233, 79, 24
2, 335, 79, 20
2, 175, 79, 61
2, 145, 79, 16
2, 340, 79, 24
2, 23, 79, 7
2, 151, 79, 2
2, 187, 79, 96
2, 287, 79, 6
2, 289, 80, 74
2, 226, 80, 74
2, 354, 80, 25
2, 68, 80, 74
2, 70, 80, 62
2, 41, 80, 32
2, 10, 80, 42
2, 364, 80, 18
2, 205, 80, 49
2, 47, 80, 20
2, 79, 80, 80
2, 369, 80, 32
2, 243, 80, 64
2, 148, 80, 22
2, 374, 80, 98
2, 56, 80, 100
2, 154, 80, 65
2, 344, 81, 38
2, 102, 81, 15
2, 326, 81, 32
2, 72, 81, 13
2, 268, 81, 26
2, 269, 81, 68
2, 244, 81, 5
2, 24, 81, 85
2, 59, 81, 4
2, 285, 81, 57
2, 318, 81, 74
2, 31, 81, 30
2, 257, 82, 93
2, 229, 82, 70
2, 168, 82, 31
2, 105, 82, 98
2, 137, 82, 27
2, 201, 82, 79
2, 302, 82, 26
2, 82, 82, 50
2, 21, 82, 24
2, 250, 82, 96
2, 127, 82, 52
2, 355, 83, 26
2, 389, 83, 1
2, 263, 83, 8
2, 116, 83, 53
2, 246, 83, 28
2, 342, 83, 100
2, 185, 83, 22
2, 186, 83, 50
2, 153, 84, 59
2, 389, 84, 1
2, 392, 84, 63
2, 144, 84, 86
2, 49, 84, 100
2, 345, 84, 10
2, 282, 84, 12
2, 350, 84, 60
2, 63, 84, 25
2, 261, 85, 52
2, 137, 85, 27
2, 11, 85, 9
2, 204, 85, 97
2, 239, 85, 50
2, 242, 85, 58
2, 149, 85, 21
2, 382, 85, 56
2, 96, 86, 43
2, 215, 86, 1
2, 14, 86, 4
2, 303, 86, 32
2, 23, 86, 7
2, 346, 86, 37
2, 251, 86, 61
2, 255, 87, 44
2, 388, 87, 32
2, 8, 87, 5
2, 26, 87, 13
2, 33, 87, 57
2, 37, 87, 94
2, 38, 87, 51
2, 301, 87, 41
2, 177, 87, 18
2, 179, 87, 59
2, 181, 87, 73
2, 58, 87, 22
2, 190, 87, 33
2, 337, 87, 9
2, 97, 87, 63
2, 101, 87, 25
2, 108, 87, 86
2, 239, 87, 50
2, 127, 87, 52
2, 104, 88, 57
2, 201, 88, 79
2, 397, 88, 29
2, 111, 88, 7
2, 124, 88, 17
2, 285, 88, 57
2, 166, 89, 88
2, 331, 89, 1
2, 304, 89, 38
2, 337, 89, 9
2, 336, 89, 11
2, 308, 89, 54
2, 86, 89, 62
2, 246, 89, 28
2, 219, 89, 92
2, 162, 90, 67
2, 290, 90, 33
2, 66, 90, 76
2, 36, 90, 58
2, 262, 90, 88
2, 170, 90, 15
2, 330, 90, 11
2, 44, 90, 98
2, 76, 90, 51
2, 75, 90, 35
2, 373, 90, 8
2, 381, 90, 41
2, 318, 90, 74
2, 46, 91, 28
2, 143, 91, 3
2, 81, 91, 80
2, 56, 91, 100
2, 89, 91, 24
2, 4, 92, 53
2, 217, 92, 79
2, 361, 92, 76
2, 201, 92, 79
2, 239, 92, 50
2, 79, 92, 80
2, 178, 92, 56
2, 50, 92, 90
2, 313, 92, 97
2, 283, 92, 15
2, 73, 93, 25
2, 234, 93, 3
2, 173, 93, 40
2, 175, 93, 61
2, 241, 93, 75
2, 83, 93, 53
2, 308, 93, 54
2, 307, 93, 57
2, 343, 93, 31
2, 289, 94, 74
2, 195, 94, 8
2, 99, 94, 4
2, 104, 94, 57
2, 41, 94, 32
2, 10, 94, 42
2, 267, 94, 86
2, 217, 94, 79
2, 155, 94, 40
2, 223, 94, 22
2, 34, 95, 99
2, 259, 95, 6
2, 233, 95, 24
2, 368, 95, 51
2, 369, 95, 32
2, 252, 95, 22
2, 256, 96, 57
2, 257, 96, 93
2, 195, 96, 8
2, 263, 96, 8
2, 199, 96, 2
2, 179, 96, 59
2, 19, 96, 35
2, 85, 96, 1
2, 342, 96, 100
2, 24, 96, 85
2, 253, 96, 37
2, 286, 96, 9
2, 63, 96, 25
2, 257, 97, 93
2, 142, 97, 77
2, 177, 97, 18
2, 339, 97, 100
2, 25, 97, 99
2, 131, 98, 75
2, 259, 98, 6
2, 356, 98, 93
2, 67, 98, 44
2, 167, 98, 11
2, 140, 98, 87
2, 13, 98, 40
2, 244, 98, 5
2, 342, 98, 100
2, 343, 98, 31
2, 88, 98, 53
2, 25, 98, 99
2, 123, 98, 41
2, 380, 98, 65
2, 253, 98, 37
2, 164, 99, 28
2, 293, 99, 70
2, 77, 99, 4
2, 176, 99, 41
2, 183, 99, 73
2, 280, 99, 47
2, 258, 100, 95
2, 386, 100, 63
2, 199, 100, 2
2, 233, 100, 24
2, 266, 100, 54
2, 9, 100, 30
2, 173, 100, 40
2, 365, 100, 18
2, 92, 100, 69
2, 336, 100, 11
2, 241, 100, 75
2, 51, 100, 40
2, 183, 100, 73
2, 60, 100, 5
2, 29, 100, 4
2, 318, 100, 74
2, 191, 100, 76
2, 133, 101, 7
2, 271, 101, 92
2, 16, 101, 50
2, 147, 101, 28
2, 153, 101, 59
2, 30, 101, 83
2, 160, 101, 22
2, 162, 101, 67
2, 169, 101, 47
2, 170, 101, 15
2, 306, 101, 47
2, 78, 101, 62
2, 83, 101, 53
2, 211, 101, 5
2, 100, 101, 26
2, 361, 101, 76
2, 112, 101, 57
2, 369, 101, 32
2, 120, 101, 58
2, 136, 102, 15
2, 269, 102, 68
2, 281, 102, 49
2, 27, 102, 45
2, 284, 102, 94
2, 158, 102, 66
2, 37, 102, 94
2, 167, 102, 11
2, 182, 102, 71
2, 323, 102, 68
2, 200, 102, 37
2, 209, 102, 57
2, 339, 102, 100
2, 340, 102, 24
2, 120, 102, 58
2, 354, 102, 25
2, 235, 102, 63
2, 248, 102, 37
2, 121, 102, 29
2, 124, 102, 17
2, 224, 103, 80
2, 161, 103, 43
2, 100, 103, 26
2, 358, 103, 94
2, 41, 103, 32
2, 171, 103, 86
2, 332, 103, 26
2, 186, 103, 50
2, 320, 104, 98
2, 130, 104, 24
2, 69, 104, 44
2, 90, 104, 94
2, 263, 104, 8
2, 329, 104, 6
2, 218, 104, 34
2, 9, 104, 30
2, 314, 104, 9
2, 367, 104, 94
2, 368, 104, 51
2, 210, 104, 82
2, 308, 104, 54
2, 117, 104, 93
2, 214, 104, 59
2, 377, 104, 77
2, 122, 104, 35
2, 57, 104, 17
2, 227, 105, 71
2, 355, 105, 26
2, 35, 105, 91
2, 135, 105, 52
2, 328, 105, 50
2, 201, 105, 79
2, 10, 105, 42
2, 8, 105, 5
2, 366, 105, 19
2, 143, 105, 3
2, 142, 105, 77
2, 49, 105, 100
2, 147, 105, 28
2, 53, 105, 11
2, 183, 105, 73
2, 25, 105, 99
2, 61, 105, 39
2, 290, 106, 33
2, 198, 106, 10
2, 297, 106, 28
2, 332, 106, 26
2, 302, 106, 26
2, 110, 106, 6
2, 82, 106, 50
2, 117, 106, 93
2, 150, 106, 65
2, 375, 106, 21
2, 280, 106, 47
2, 313, 106, 97
2, 215, 106, 1
2, 284, 106, 94
2, 61, 106, 39
2, 95, 106, 13
2, 129, 107, 28
2, 292, 107, 97
2, 391, 107, 91
2, 265, 107, 3
2, 138, 107, 7
2, 43, 107, 29
2, 332, 107, 26
2, 397, 107, 29
2, 13, 107, 40
2, 76, 107, 51
2, 203, 107, 76
2, 19, 107, 35
2, 340, 107, 24
2, 339, 107, 100
2, 345, 107, 10
2, 91, 107, 82
2, 156, 107, 64
2, 63, 107, 25
2, 323, 108, 68
2, 35, 108, 91
2, 139, 108, 15
2, 172, 108, 3
2, 110, 108, 6
2, 241, 108, 75
2, 243, 108, 64
2, 248, 108, 37
2, 255, 108, 44
2, 65, 109, 7
2, 58, 109, 22
2, 167, 109, 11
2, 366, 109, 19
2, 175, 109, 61
2, 179, 109, 59
2, 93, 109, 100
2, 248, 109, 37
2, 154, 109, 65
2, 29, 109, 4
2, 64, 110, 62
2, 386, 110, 63
2, 162, 110, 67
2, 36, 110, 58
2, 387, 110, 27
2, 312, 110, 63
2, 167, 110, 11
2, 297, 110, 28
2, 396, 110, 9
2, 14, 110, 4
2, 111, 110, 7
2, 82, 110, 50
2, 307, 110, 57
2, 343, 110, 31
2, 311, 110, 67
2, 120, 110, 58
2, 123, 110, 41
2, 184, 110, 35
2, 0, 111, 43
2, 224, 111, 80
2, 64, 111, 62
2, 26, 111, 13
2, 264, 111, 14
2, 203, 111, 76
2, 15, 111, 14
2, 186, 111, 50
2, 36, 112, 58
2, 358, 112, 94
2, 103, 112, 37
2, 42, 112, 72
2, 331, 112, 1
2, 239, 112, 50
2, 113, 112, 18
2, 241, 112, 75
2, 84, 112, 22
2, 378, 112, 28
2, 253, 112, 37
2, 66, 113, 76
2, 358, 113, 94
2, 103, 113, 37
2, 136, 113, 15
2, 105, 113, 98
2, 250, 113, 96
2, 171, 113, 86
2, 314, 113, 9
2, 336, 113, 11
2, 240, 113, 64
2, 51, 113, 40
2, 84, 113, 22
2, 58, 113, 22
2, 187, 113, 96
2, 316, 113, 28
2, 95, 113, 13
2, 230, 114, 100
2, 364, 114, 18
2, 180, 114, 18
2, 84, 114, 22
2, 308, 114, 54
2, 256, 115, 57
2, 141, 115, 41
2, 303, 115, 32
2, 153, 115, 59
2, 156, 115, 64
2, 255, 115, 44
2, 1, 116, 44
2, 199, 116, 2
2, 71, 116, 9
2, 298, 116, 25
2, 142, 116, 77
2, 178, 116, 56
2, 307, 116, 57
2, 244, 116, 5
2, 247, 116, 63
2, 252, 116, 22
2, 2, 117, 81
2, 163, 117, 81
2, 260, 117, 57
2, 389, 117, 1
2, 357, 117, 58
2, 7, 117, 87
2, 200, 117, 37
2, 9, 117, 30
2, 325, 117, 31
2, 112, 117, 57
2, 336, 117, 11
2, 148, 117, 22
2, 213, 117, 100
2, 373, 117, 8
2, 311, 117, 67
2, 32, 118, 86
2, 195, 118, 8
2, 355, 118, 26
2, 197, 118, 91
2, 390, 118, 49
2, 103, 118, 37
2, 136, 118, 15
2, 294, 118, 74
2, 42, 118, 72
2, 75, 118, 35
2, 11, 118, 9
2, 235, 118, 63
2, 238, 118, 22
2, 263, 118, 8
2, 336, 118, 11
2, 117, 118, 93
2, 348, 118, 10
2, 221, 118, 65
2, 353, 119, 89
2, 193, 119, 23
2, 382, 119, 56
2, 359, 119, 21
2, 329, 119, 6
2, 106, 119, 96
2, 268, 119, 26
2, 397, 119, 29
2, 302, 119, 26
2, 111, 119, 7
2, 209, 119, 57
2, 244, 119, 5
2, 254, 119, 92
2, 116, 119, 53
2, 247, 119, 63
2, 313, 119, 97
2, 157, 119, 8
2, 126, 119, 29
2, 389, 120, 1
2, 270, 120, 70
2, 274, 120, 39
2, 27, 120, 45
2, 169, 120, 47
2, 300, 120, 99
2, 305, 120, 64
2, 50, 120, 90
2, 311, 120, 67
2, 184, 120, 35
2, 73, 120, 25
2, 203, 120, 76
2, 342, 120, 100
2, 103, 120, 37
2, 367, 120, 94
2, 372, 120, 16
2, 244, 120, 5
2, 375, 120, 21
2, 376, 120, 26
2, 5, 121, 75
2, 6, 121, 80
2, 38, 121, 51
2, 359, 121, 21
2, 144, 121, 86
2, 17, 121, 95
2, 338, 121, 85
2, 125, 121, 67
2, 246, 121, 28
2, 151, 121, 2
2, 376, 121, 26
2, 121, 121, 29
2, 315, 121, 44
2, 28, 121, 59
2, 349, 121, 55
2, 256, 122, 57
2, 110, 122, 6
2, 271, 122, 92
2, 212, 122, 6
2, 254, 122, 92
2, 58, 122, 22
2, 123, 122, 41
2, 382, 122, 56
2, 162, 123, 67
2, 195, 123, 8
2, 74, 123, 72
2, 76, 123, 51
2, 187, 123, 96
2, 207, 123, 54
2, 304, 123, 38
2, 239, 123, 50
2, 370, 123, 88
2, 49, 123, 100
2, 180, 123, 18
2, 310, 123, 11
2, 247, 123, 63
2, 152, 123, 63
2, 91, 123, 82
2, 29, 123, 4
2, 5, 124, 75
2, 397, 124, 29
2, 292, 124, 97
2, 38, 124, 51
2, 299, 124, 72
2, 55, 124, 78
2, 184, 124, 35
2, 320, 124, 98
2, 333, 124, 3
2, 206, 124, 31
2, 78, 124, 62
2, 87, 124, 76
2, 101, 124, 25
2, 361, 124, 76
2, 239, 124, 50
2, 367, 124, 94
2, 243, 124, 64
2, 117, 124, 93
2, 120, 124, 58
2, 385, 125, 76
2, 4, 125, 53
2, 11, 125, 9
2, 278, 125, 15
2, 26, 125, 13
2, 288, 125, 45
2, 33, 125, 57
2, 171, 125, 86
2, 184, 125, 35
2, 187, 125, 96
2, 63, 125, 25
2, 202, 125, 78
2, 93, 125, 100
2, 221, 125, 65
2, 97, 125, 63
2, 104, 125, 57
2, 106, 125, 96
2, 237, 125, 48
2, 123, 125, 41
2, 66, 126, 76
2, 99, 126, 4
2, 6, 126, 80
2, 265, 126, 3
2, 172, 126, 3
2, 300, 126, 99
2, 175, 126, 61
2, 371, 126, 41
2, 243, 126, 64
2, 340, 126, 24
2, 62, 126, 55
2, 317, 126, 22
2, 190, 126, 33
2, 257, 127, 93
2, 388, 127, 32
2, 393, 127, 46
2, 143, 127, 3
2, 367, 127, 94
2, 17, 127, 95
2, 276, 127, 43
2, 119, 127, 61
2, 283, 127, 15
2, 289, 128, 74
2, 358, 128, 94
2, 390, 128, 49
2, 29, 128, 4
2, 191, 128, 76
2, 64, 129, 62
2, 352, 129, 22
2, 160, 129, 22
2, 224, 129, 80
2, 249, 129, 53
2, 74, 129, 72
2, 395, 129, 74
2, 76, 129, 51
2, 42, 129, 72
2, 273, 129, 66
2, 113, 129, 18
2, 85, 129, 1
2, 245, 129, 65
2, 313, 129, 97
2, 187, 129, 96
2, 189, 129, 83
2, 31, 129, 30
2, 4, 130, 53
2, 11, 130, 9
2, 399, 130, 100
2, 280, 130, 47
2, 282, 130, 12
2, 27, 130, 45
2, 164, 130, 28
2, 170, 130, 15
2, 303, 130, 32
2, 304, 130, 38
2, 57, 130, 17
2, 319, 130, 10
2, 200, 130, 37
2, 79, 130, 80
2, 91, 130, 82
2, 92, 130, 69
2, 99, 130, 4
2, 103, 130, 37
2, 369, 130, 32
2, 320, 131, 98
2, 388, 131, 32
2, 261, 131, 52
2, 102, 131, 15
2, 103, 131, 37
2, 11, 131, 9
2, 368, 131, 51
2, 81, 131, 80
2, 371, 131, 41
2, 225, 132, 33
2, 165, 132, 4
2, 59, 132, 4
2, 46, 132, 28
2, 15, 132, 14
2, 79, 132, 80
2, 273, 132, 66
2, 242, 132, 58
2, 347, 132, 62
2, 181, 132, 73
2, 343, 132, 31
2, 217, 132, 79
2, 186, 132, 50
2, 219, 132, 92
2, 126, 132, 29
2, 31, 132, 30
2, 198, 133, 10
2, 8, 133, 5
2, 392, 133, 63
2, 106, 133, 96
2, 77, 133, 4
2, 145, 133, 16
2, 113, 133, 18
2, 115, 133, 24
2, 372, 133, 16
2, 180, 133, 18
2, 213, 133, 100
2, 375, 133, 21
2, 245, 133, 65
2, 84, 133, 22
2, 28, 133, 59
2, 152, 133, 63
2, 355, 134, 26
2, 3, 134, 44
2, 5, 134, 75
2, 133, 134, 7
2, 70, 134, 62
2, 393, 134, 46
2, 362, 134, 92
2, 330, 134, 11
2, 251, 134, 61
2, 79, 134, 80
2, 305, 134, 64
2, 83, 134, 53
2, 116, 134, 53
2, 85, 134, 1
2, 120, 134, 58
2, 347, 134, 62
2, 222, 134, 70
2, 382, 134, 56
2, 353, 135, 89
2, 98, 135, 78
2, 295, 135, 60
2, 328, 135, 50
2, 15, 135, 14
2, 111, 135, 7
2, 369, 135, 32
2, 146, 135, 42
2, 80, 135, 24
2, 373, 135, 8
2, 309, 135, 78
2, 380, 135, 65
2, 129, 136, 28
2, 5, 136, 75
2, 270, 136, 70
2, 144, 136, 86
2, 273, 136, 66
2, 147, 136, 28
2, 33, 136, 57
2, 301, 136, 41
2, 52, 136, 59
2, 311, 136, 67
2, 56, 136, 100
2, 189, 136, 83
2, 205, 136, 49
2, 223, 136, 22
2, 352, 136, 22
2, 97, 136, 63
2, 372, 136, 16
2, 119, 136, 61
2, 378, 136, 28
2, 37, 137, 94
2, 261, 137, 52
2, 232, 137, 14
2, 139, 137, 15
2, 236, 137, 26
2, 302, 137, 26
2, 60, 137, 5
2, 82, 137, 50
2, 118, 137, 91
2, 55, 137, 78
2, 252, 137, 22
2, 222, 137, 70
2, 358, 138, 94
2, 301, 138, 41
2, 111, 138, 7
2, 304, 138, 38
2, 315, 138, 44
2, 285, 138, 57
2, 158, 138, 66
2, 318, 139, 74
2, 289, 139, 74
2, 239, 139, 50
2, 347, 139, 62
2, 156, 139, 64
2, 382, 139, 56
2, 7, 140, 87
2, 392, 140, 63
2, 139, 140, 15
2, 399, 140, 100
2, 145, 140, 16
2, 18, 140, 7
2, 282, 140, 12
2, 154, 140, 65
2, 300, 140, 99
2, 46, 140, 28
2, 183, 140, 73
2, 186, 140, 50
2, 334, 140, 94
2, 338, 140, 85
2, 210, 140, 82
2, 341, 140, 44
2, 226, 140, 74
2, 359, 140, 21
2, 362, 140, 92
2, 366, 140, 19
2, 65, 141, 7
2, 321, 141, 68
2, 291, 141, 94
2, 260, 141, 57
2, 229, 141, 70
2, 195, 141, 8
2, 297, 141, 28
2, 267, 141, 86
2, 111, 141, 7
2, 370, 141, 88
2, 309, 141, 78
2, 55, 141, 78
2, 376, 141, 26
2, 217, 141, 79
2, 95, 141, 13
2, 34, 142, 99
2, 163, 142, 81
2, 132, 142, 98
2, 357, 142, 58
2, 105, 142, 98
2, 76, 142, 51
2, 47, 142, 20
2, 82, 142, 50
2, 51, 142, 40
2, 180, 142, 18
2, 22, 142, 81
2, 120, 142, 58
2, 27, 142, 45
2, 29, 142, 4
2, 260, 143, 57
2, 389, 143, 1
2, 395, 143, 74
2, 26, 143, 13
2, 284, 143, 94
2, 29, 143, 4
2, 40, 143, 5
2, 42, 143, 72
2, 46, 143, 28
2, 174, 143, 29
2, 59, 143, 4
2, 63, 143, 25
2, 81, 143, 80
2, 90, 143, 94
2, 91, 143, 82
2, 98, 143, 78
2, 101, 143, 25
2, 245, 143, 65
2, 382, 143, 56
2, 288, 144, 45
2, 323, 144, 68
2, 131, 144, 75
2, 293, 144, 70
2, 43, 144, 29
2, 236, 144, 26
2, 399, 144, 100
2, 176, 144, 41
2, 82, 144, 50
2, 307, 144, 57
2, 83, 144, 53
2, 338, 144, 85
2, 87, 144, 76
2, 218, 144, 34
2, 315, 144, 44
2, 220, 144, 44
2, 381, 144, 41
2, 191, 144, 76
2, 291, 145, 94
2, 36, 145, 58
2, 357, 145, 58
2, 200, 145, 37
2, 8, 145, 5
2, 298, 145, 25
2, 334, 145, 94
2, 208, 145, 84
2, 96, 146, 43
2, 2, 146, 81
2, 37, 146, 94
2, 6, 146, 80
2, 391, 146, 91
2, 199, 146, 2
2, 250, 146, 96
2, 108, 146, 86
2, 268, 146, 26
2, 206, 146, 31
2, 303, 146, 32
2, 176, 146, 41
2, 172, 146, 3
2, 14, 146, 4
2, 244, 146, 5
2, 153, 146, 59
2, 26, 146, 13
2, 29, 146, 4
2, 224, 147, 80
2, 162, 147, 67
2, 357, 147, 58
2, 101, 147, 25
2, 358, 147, 94
2, 395, 147, 74
2, 301, 147, 41
2, 206, 147, 31
2, 110, 147, 6
2, 16, 147, 50
2, 305, 147, 64
2, 211, 147, 5
2, 214, 147, 59
2, 55, 147, 78
2, 120, 147, 58
2, 151, 147, 2
2, 87, 147, 76
2, 386, 148, 63
2, 99, 148, 4
2, 261, 148, 52
2, 52, 148, 59
2, 24, 148, 85
2, 184, 148, 35
2, 224, 149, 80
2, 1, 149, 44
2, 259, 149, 6
2, 186, 149, 50
2, 266, 149, 54
2, 75, 149, 35
2, 77, 149, 4
2, 305, 149, 64
2, 306, 149, 47
2, 19, 149, 35
2, 118, 149, 91
2, 249, 149, 53
2, 314, 149, 9
2, 191, 149, 76
2, 129, 150, 28
2, 260, 150, 57
2, 5, 150, 75
2, 137, 150, 27
2, 266, 150, 54
2, 267, 150, 86
2, 163, 150, 81
2, 40, 150, 5
2, 302, 150, 26
2, 174, 150, 29
2, 47, 150, 20
2, 310, 150, 11
2, 315, 150, 44
2, 64, 150, 62
2, 345, 150, 10
2, 227, 150, 71
2, 356, 150, 93
2, 228, 150, 91
2, 114, 150, 66
2, 371, 150, 41
2, 100, 151, 26
2, 231, 151, 98
2, 9, 151, 30
2, 10, 151, 42
2, 299, 151, 72
2, 204, 151, 97
2, 238, 151, 22
2, 146, 151, 42
2, 88, 151, 53
2, 155, 151, 40
2, 351, 151, 22
2, 288, 152, 45
2, 354, 152, 25
2, 195, 152, 8
2, 325, 152, 31
2, 230, 152, 100
2, 166, 152, 88
2, 360, 152, 5
2, 75, 152, 35
2, 235, 152, 63
2, 301, 152, 41
2, 270, 152, 70
2, 171, 152, 86
2, 19, 152, 35
2, 196, 153, 62
2, 261, 153, 52
2, 229, 153, 70
2, 327, 153, 95
2, 165, 153, 4
2, 102, 153, 15
2, 202, 153, 78
2, 299, 153, 72
2, 331, 153, 1
2, 187, 153, 96
2, 50, 153, 90
2, 180, 153, 18
2, 276, 153, 43
2, 22, 153, 81
2, 313, 153, 97
2, 91, 153, 82
2, 124, 153, 17
2, 99, 154, 4
2, 102, 154, 15
2, 200, 154, 37
2, 170, 154, 15
2, 12, 154, 52
2, 398, 154, 28
2, 78, 154, 62
2, 47, 154, 20
2, 83, 154, 53
2, 243, 154, 64
2, 343, 154, 31
2, 258, 155, 95
2, 292, 155, 97
2, 231, 155, 98
2, 232, 155, 14
2, 295, 155, 60
2, 362, 155, 92
2, 330, 155, 11
2, 394, 155, 14
2, 109, 155, 41
2, 142, 155, 77
2, 49, 155, 100
2, 210, 155, 82
2, 372, 155, 16
2, 89, 155, 24
2, 283, 155, 15
2, 349, 155, 55
2, 259, 156, 6
2, 3, 156, 44
2, 11, 156, 9
2, 397, 156, 29
2, 159, 156, 54
2, 33, 156, 57
2, 45, 156, 20
2, 186, 156, 50
2, 320, 156, 98
2, 196, 156, 62
2, 88, 156, 53
2, 99, 156, 4
2, 102, 156, 15
2, 105, 156, 98
2, 106, 156, 96
2, 243, 156, 64
2, 117, 156, 93
2, 250, 156, 96
2, 252, 156, 22
2, 125, 156, 67
2, 352, 157, 22
2, 40, 157, 5
2, 110, 157, 6
2, 181, 157, 73
2, 283, 157, 15
2, 92, 157, 69
2, 95, 157, 13
2, 3, 158, 44
2, 68, 158, 74
2, 255, 158, 44
2, 391, 158, 91
2, 392, 158, 63
2, 199, 158, 2
2, 168, 158, 31
2, 44, 158, 98
2, 46, 158, 28
2, 399, 158, 100
2, 240, 158, 64
2, 178, 158, 56
2, 307, 158, 57
2, 61, 158, 39
2, 83, 158, 53
2, 29, 158, 4
2, 159, 158, 54
2, 259, 159, 6
2, 73, 159, 25
2, 237, 159, 48
2, 378, 159, 28
2, 302, 159, 26
2, 109, 159, 41
2, 49, 159, 100
2, 18, 159, 7
2, 275, 159, 56
2, 213, 159, 100
2, 118, 159, 91
2, 56, 159, 100
2, 250, 159, 96
2, 60, 159, 5
2, 30, 159, 83
2, 160, 160, 22
2, 132, 160, 98
2, 358, 160, 94
2, 142, 160, 77
2, 143, 160, 3
2, 114, 160, 66
2, 83, 160, 53
2, 183, 160, 73
2, 152, 160, 63
2, 89, 160, 24
2, 351, 160, 22
2, 318, 161, 74
2, 322, 161, 98
2, 163, 161, 81
2, 167, 161, 11
2, 361, 161, 76
2, 143, 161, 3
2, 144, 161, 86
2, 208, 161, 84
2, 343, 161, 31
2, 222, 161, 70
2, 258, 162, 95
2, 259, 162, 6
2, 201, 162, 79
2, 10, 162, 42
2, 141, 162, 41
2, 306, 162, 47
2, 338, 162, 85
2, 55, 162, 78
2, 197, 163, 91
2, 363, 163, 67
2, 171, 163, 86
2, 269, 163, 68
2, 302, 163, 26
2, 272, 163, 58
2, 89, 163, 24
2, 157, 163, 8
2, 31, 163, 30
2, 193, 164, 23
2, 99, 164, 4
2, 101, 164, 25
2, 166, 164, 88
2, 9, 164, 30
2, 106, 164, 96
2, 265, 164, 3
2, 77, 164, 4
2, 333, 164, 3
2, 335, 164, 20
2, 336, 164, 11
2, 145, 164, 16
2, 337, 164, 9
2, 149, 164, 21
2, 57, 164, 17
2, 94, 164, 40
2, 286, 164, 9
2, 259, 165, 6
2, 292, 165, 97
2, 357, 165, 58
2, 5, 165, 75
2, 362, 165, 92
2, 331, 165, 1
2, 305, 165, 64
2, 372, 165, 16
2, 117, 165, 93
2, 340, 165, 24
2, 248, 165, 37
2, 159, 165, 54
2, 256, 166, 57
2, 96, 166, 43
2, 194, 166, 74
2, 33, 166, 57
2, 293, 166, 70
2, 133, 166, 7
2, 72, 166, 13
2, 108, 166, 86
2, 155, 166, 40
2, 303, 166, 32
2, 48, 166, 27
2, 82, 166, 50
2, 22, 166, 81
2, 282, 166, 12
2, 219, 166, 92
2, 125, 166, 67
2, 190, 166, 33
2, 287, 166, 6
2, 224, 167, 80
2, 33, 167, 57
2, 258, 167, 95
2, 101, 167, 25
2, 37, 167, 94
2, 200, 167, 37
2, 137, 167, 27
2, 138, 167, 7
2, 271, 167, 92
2, 208, 167, 84
2, 305, 167, 64
2, 49, 167, 100
2, 321, 168, 68
2, 3, 168, 44
2, 360, 168, 5
2, 232, 168, 14
2, 393, 168, 46
2, 396, 168, 9
2, 80, 168, 24
2, 209, 168, 57
2, 338, 168, 85
2, 150, 168, 65
2, 216, 168, 52
2, 249, 168, 53
2, 152, 168, 63
2, 89, 169, 24
2, 391, 169, 91
2, 334, 169, 94
2, 112, 169, 57
2, 273, 169, 66
2, 304, 169, 38
2, 342, 169, 100
2, 153, 169, 59
2, 126, 169, 29
2, 94, 169, 40
2, 351, 169, 22
2, 0, 170, 43
2, 140, 170, 87
2, 19, 170, 35
2, 151, 170, 2
2, 155, 170, 40
2, 156, 170, 64
2, 33, 170, 57
2, 34, 170, 99
2, 297, 170, 28
2, 299, 170, 72
2, 310, 170, 11
2, 59, 170, 4
2, 320, 170, 98
2, 198, 170, 10
2, 334, 170, 94
2, 342, 170, 100
2, 98, 170, 78
2, 117, 170, 93
2, 381, 170, 41
2, 384, 171, 93
2, 2, 171, 81
2, 143, 171, 3
2, 399, 171, 100
2, 22, 171, 81
2, 380, 171, 65
2, 129, 172, 28
2, 68, 172, 74
2, 6, 172, 80
2, 264, 172, 14
2, 297, 172, 28
2, 205, 172, 49
2, 365, 172, 18
2, 335, 172, 20
2, 141, 172, 41
2, 371, 172, 41
2, 340, 172, 24
2, 60, 172, 5
2, 29, 172, 4
2, 190, 172, 33
2, 255, 172, 44
2, 352, 173, 22
2, 68, 173, 74
2, 294, 173, 74
2, 391, 173, 91
2, 168, 173, 31
2, 392, 173, 63
2, 201, 173, 79
2, 167, 173, 11
2, 38, 173, 51
2, 13, 173, 40
2, 241, 173, 75
2, 371, 173, 41
2, 84, 173, 22
2, 307, 173, 57
2, 310, 173, 11
2, 63, 173, 25
2, 160, 174, 22
2, 33, 174, 57
2, 353, 174, 89
2, 129, 174, 28
2, 312, 174, 63
2, 262, 174, 88
2, 201, 174, 79
2, 74, 174, 72
2, 141, 174, 41
2, 46, 174, 28
2, 111, 174, 7
2, 399, 174, 100
2, 17, 174, 95
2, 118, 174, 91
2, 221, 174, 65
2, 59, 174, 4
2, 285, 174, 57
2, 162, 175, 67
2, 258, 175, 95
2, 292, 175, 97
2, 261, 175, 52
2, 104, 175, 57
2, 172, 175, 3
2, 109, 175, 41
2, 181, 175, 73
2, 250, 175, 96
2, 65, 176, 7
2, 385, 176, 76
2, 148, 176, 22
2, 375, 176, 21
2, 345, 176, 10
2, 314, 176, 9
2, 123, 176, 41
2, 380, 176, 65
2, 191, 176, 76
2, 320, 177, 98
2, 194, 177, 74
2, 264, 177, 14
2, 169, 177, 47
2, 362, 177, 92
2, 234, 177, 3
2, 172, 177, 3
2, 273, 177, 66
2, 213, 177, 100
2, 53, 177, 11
2, 186, 177, 50
2, 30, 177, 83
2, 287, 177, 6
2, 195, 178, 8
2, 327, 178, 95
2, 233, 178, 24
2, 304, 178, 38
2, 178, 178, 56
2, 310, 178, 11
2, 312, 178, 63
2, 249, 178, 53
2, 255, 178, 44
2, 132, 179, 98
2, 292, 179, 97
2, 331, 179, 1
2, 302, 179, 26
2, 305, 179, 64
2, 18, 179, 7
2, 310, 179, 11
2, 26, 179, 13
2, 272, 180, 58
2, 276, 180, 43
2, 281, 180, 49
2, 26, 180, 13
2, 28, 180, 59
2, 169, 180, 47
2, 171, 180, 86
2, 59, 180, 4
2, 199, 180, 2
2, 72, 180, 13
2, 328, 180, 50
2, 332, 180, 26
2, 208, 180, 84
2, 214, 180, 59
2, 221, 180, 65
2, 99, 180, 4
2, 356, 180, 93
2, 355, 180, 26
2, 365, 180, 18
2, 292, 181, 97
2, 136, 181, 15
2, 73, 181, 25
2, 16, 181, 50
2, 340, 181, 24
2, 279, 181, 95
2, 389, 182, 1
2, 134, 182, 1
2, 109, 182, 41
2, 83, 182, 53
2, 179, 182, 59
2, 245, 182, 65
2, 345, 182, 10
2, 155, 182, 40
2, 205, 183, 49
2, 17, 183, 95
2, 246, 183, 28
2, 183, 183, 73
2, 89, 183, 24
2, 289, 184, 74
2, 131, 184, 75
2, 100, 184, 26
2, 234, 184, 3
2, 43, 184, 29
2, 268, 184, 26
2, 143, 184, 3
2, 144, 184, 86
2, 146, 184, 42
2, 117, 184, 93
2, 149, 184, 21
2, 343, 184, 31
2, 247, 184, 63
2, 381, 184, 41
2, 286, 184, 9
2, 191, 184, 76
2, 353, 185, 89
2, 322, 185, 98
2, 131, 185, 75
2, 388, 185, 32
2, 3, 185, 44
2, 6, 185, 80
2, 263, 185, 8
2, 72, 185, 13
2, 97, 185, 63
2, 75, 185, 35
2, 269, 185, 68
2, 205, 185, 49
2, 141, 185, 41
2, 80, 185, 24
2, 177, 185, 18
2, 119, 185, 61
2, 154, 185, 65
2, 124, 185, 17
2, 98, 186, 78
2, 344, 186, 38
2, 292, 186, 97
2, 42, 186, 72
2, 307, 186, 57
2, 56, 186, 100
2, 352, 187, 22
2, 353, 187, 89
2, 323, 187, 68
2, 79, 187, 80
2, 189, 187, 83
2, 62, 187, 55
2, 63, 187, 25
2, 203, 188, 76
2, 45, 188, 20
2, 273, 188, 66
2, 211, 188, 5
2, 181, 188, 73
2, 247, 188, 63
2, 255, 188, 44
2, 288, 189, 45
2, 264, 189, 14
2, 298, 189, 25
2, 75, 189, 35
2, 330, 189, 11
2, 46, 189, 28
2, 343, 189, 31
2, 99, 190, 4
2, 67, 190, 44
2, 7, 190, 87
2, 332, 190, 26
2, 187, 190, 96
2, 147, 190, 28
2, 310, 190, 11
2, 379, 190, 63
2, 29, 190, 4
2, 394, 191, 14
2, 284, 191, 94
2, 161, 191, 43
2, 294, 191, 74
2, 39, 191, 7
2, 41, 191, 32
2, 300, 191, 99
2, 172, 191, 3
2, 180, 191, 18
2, 309, 191, 78
2, 310, 191, 11
2, 312, 191, 63
2, 72, 191, 13
2, 201, 191, 79
2, 79, 191, 80
2, 87, 191, 76
2, 230, 191, 100
2, 362, 191, 92
2, 124, 191, 17
2, 252, 191, 22
2, 260, 192, 57
2, 169, 192, 47
2, 302, 192, 26
2, 208, 192, 84
2, 242, 192, 58
2, 84, 192, 22
2, 277, 192, 16
2, 53, 192, 11
2, 278, 192, 15
2, 54, 192, 40
2, 52, 192, 59
2, 316, 192, 28
2, 96, 193, 43
2, 128, 193, 49
2, 259, 193, 6
2, 261, 193, 52
2, 392, 193, 63
2, 41, 193, 32
2, 42, 193, 72
2, 301, 193, 41
2, 302, 193, 26
2, 274, 193, 39
2, 211, 193, 5
2, 118, 193, 91
2, 151, 193, 2
2, 248, 193, 37
2, 186, 193, 50
2, 347, 193, 62
2, 222, 193, 70
2, 99, 194, 4
2, 36, 194, 58
2, 389, 194, 1
2, 122, 194, 35
2, 38, 194, 51
2, 138, 194, 7
2, 109, 194, 41
2, 242, 194, 58
2, 373, 194, 8
2, 246, 194, 28
2, 23, 194, 7
2, 345, 194, 10
2, 218, 194, 34
2, 31, 194, 30
2, 287, 194, 6
2, 67, 195, 44
2, 36, 195, 58
2, 4, 195, 53
2, 299, 195, 72
2, 204, 195, 97
2, 47, 195, 20
2, 19, 195, 35
2, 181, 195, 73
2, 281, 195, 49
2, 187, 195, 96
2, 380, 195, 65
2, 318, 196, 74
2, 194, 196, 74
2, 68, 196, 74
2, 101, 196, 25
2, 197, 196, 91
2, 7, 196, 87
2, 108, 196, 86
2, 396, 196, 9
2, 143, 196, 3
2, 80, 196, 24
2, 273, 196, 66
2, 303, 196, 32
2, 371, 196, 41
2, 118, 196, 91
2, 55, 196, 78
2, 88, 196, 53
2, 347, 196, 62
2, 286, 196, 9
2, 386, 197, 63
2, 325, 197, 31
2, 262, 197, 88
2, 7, 197, 87
2, 391, 197, 91
2, 327, 197, 95
2, 365, 197, 18
2, 207, 197, 54
2, 303, 197, 32
2, 367, 197, 94
2, 239, 197, 50
2, 242, 197, 58
2, 244, 197, 5
2, 374, 197, 98
2, 278, 197, 15
2, 321, 198, 68
2, 322, 198, 98
2, 326, 198, 32
2, 43, 198, 29
2, 14, 198, 4
2, 303, 198, 32
2, 179, 198, 59
2, 181, 198, 73
2, 55, 198, 78
2, 124, 198, 17
2, 67, 199, 44
2, 3, 199, 44
2, 90, 199, 94
2, 199, 199, 2
2, 168, 199, 31
2, 268, 199, 26
2, 372, 199, 16
2, 278, 199, 15
2, 312, 199, 63
2, 122, 199, 35
2, 94, 199, 40
