100, 200, 10
40, 64, 0, 48
40, 129, 0, 22
40, 89, 0, 91
40, 131, 0, 4
40, 67, 0, 40
40, 37, 0, 49
40, 154, 0, 94
40, 108, 0, 24
40, 176, 0, 13
40, 144, 0, 30
40, 80, 0, 79
40, 19, 0, 69
40, 181, 0, 81
40, 23, 0, 8
40, 57, 0, 53
40, 186, 0, 96
40, 132, 1, 24
40, 36, 1, 28
40, 38, 1, 78
40, 75, 1, 19
40, 12, 1, 50
40, 141, 1, 23
40, 78, 1, 24
40, 52, 1, 8
40, 151, 1, 60
40, 59, 1, 33
40, 93, 1, 33
40, 99, 2, 16
40, 132, 2, 24
40, 103, 2, 56
40, 174, 2, 57
40, 112, 2, 17
40, 82, 2, 28
40, 20, 2, 87
40, 52, 2, 8
40, 22, 2, 32
40, 23, 2, 8
40, 153, 2, 48
40, 58, 2, 24
40, 156, 2, 74
40, 30, 2, 16
40, 34, 3, 53
40, 102, 3, 86
40, 166, 3, 46
40, 103, 3, 56
40, 72, 3, 68
40, 135, 3, 93
40, 75, 3, 19
40, 10, 3, 65
40, 109, 3, 93
40, 170, 3, 18
40, 107, 3, 19
40, 17, 3, 52
40, 85, 3, 20
40, 86, 3, 62
40, 183, 3, 14
40, 26, 3, 26
40, 133, 4, 78
40, 136, 4, 23
40, 106, 4, 7
40, 139, 4, 81
40, 171, 4, 17
40, 173, 4, 16
40, 170, 4, 18
40, 187, 4, 13
40, 80, 4, 79
40, 177, 4, 92
40, 51, 4, 60
40, 54, 4, 81
40, 58, 4, 24
40, 59, 4, 33
40, 103, 5, 56
40, 106, 5, 7
40, 107, 5, 19
40, 147, 5, 29
40, 148, 5, 9
40, 85, 5, 20
40, 185, 5, 3
40, 63, 5, 40
40, 127, 5, 20
40, 4, 6, 81
40, 105, 6, 83
40, 172, 6, 83
40, 185, 6, 3
40, 26, 6, 26
40, 129, 7, 22
40, 1, 7, 13
40, 163, 7, 40
40, 194, 7, 20
40, 10, 7, 65
40, 107, 7, 19
40, 78, 7, 24
40, 48, 7, 100
40, 145, 7, 88
40, 18, 7, 68
40, 147, 7, 29
40, 88, 7, 72
40, 185, 7, 3
40, 155, 7, 10
40, 126, 7, 38
40, 193, 8, 52
40, 34, 8, 53
40, 163, 8, 40
40, 3, 8, 61
40, 197, 8, 21
40, 137, 8, 94
40, 79, 8, 72
40, 86, 8, 62
40, 59, 8, 33
40, 168, 9, 87
40, 109, 9, 93
40, 78, 9, 24
40, 15, 9, 72
40, 149, 9, 59
40, 181, 9, 81
40, 53, 9, 57
40, 120, 9, 27
40, 57, 9, 53
40, 29, 9, 32
40, 191, 9, 77
40, 129, 10, 22
40, 7, 10, 33
40, 13, 10, 11
40, 149, 10, 59
40, 151, 10, 60
40, 26, 10, 26
40, 34, 10, 53
40, 172, 10, 83
40, 175, 10, 67
40, 49, 10, 33
40, 187, 10, 13
40, 59, 10, 33
40, 62, 10, 55
40, 67, 10, 40
40, 73, 10, 3
40, 79, 10, 72
40, 92, 10, 25
40, 108, 10, 24
40, 120, 10, 27
40, 125, 10, 87
40, 69, 11, 26
40, 166, 11, 46
40, 38, 11, 78
40, 10, 11, 65
40, 107, 11, 19
40, 139, 11, 81
40, 173, 11, 16
40, 14, 11, 74
40, 17, 11, 52
40, 146, 11, 39
40, 177, 11, 92
40, 180, 11, 37
40, 151, 11, 60
40, 56, 11, 50
40, 121, 11, 49
40, 59, 11, 33
40, 94, 11, 36
40, 63, 11, 40
40, 199, 12, 30
40, 167, 12, 8
40, 74, 12, 28
40, 109, 12, 93
40, 81, 12, 22
40, 82, 12, 28
40, 120, 12, 27
40, 153, 12, 48
40, 127, 12, 20
40, 191, 12, 77
40, 169, 13, 99
40, 137, 13, 94
40, 23, 13, 8
40, 26, 13, 26
40, 94, 13, 36
40, 95, 13, 11
40, 131, 14, 4
40, 39, 14, 66
40, 171, 14, 17
40, 108, 14, 24
40, 175, 14, 67
40, 117, 14, 84
40, 29, 14, 32
40, 1, 15, 13
40, 193, 15, 52
40, 65, 15, 73
40, 197, 15, 21
40, 101, 15, 75
40, 186, 15, 96
40, 106, 15, 7
40, 143, 15, 38
40, 145, 15, 88
40, 19, 15, 69
40, 179, 15, 19
40, 21, 15, 61
40, 125, 15, 87
40, 120, 15, 27
40, 58, 15, 24
40, 93, 15, 33
40, 62, 15, 55
40, 130, 16, 87
40, 164, 16, 72
40, 134, 16, 59
40, 40, 16, 56
40, 45, 16, 21
40, 78, 16, 24
40, 15, 16, 72
40, 176, 16, 13
40, 145, 16, 88
40, 24, 16, 98
40, 124, 16, 21
40, 2, 17, 21
40, 35, 17, 96
40, 132, 17, 24
40, 66, 17, 99
40, 162, 17, 25
40, 4, 17, 81
40, 11, 17, 63
40, 48, 17, 100
40, 181, 17, 81
40, 150, 17, 92
40, 120, 17, 27
40, 60, 17, 22
40, 93, 17, 33
40, 191, 17, 77
40, 197, 18, 21
40, 165, 18, 69
40, 168, 18, 87
40, 177, 18, 92
40, 185, 18, 3
40, 158, 18, 20
40, 2, 19, 21
40, 131, 19, 4
40, 166, 19, 46
40, 80, 19, 79
40, 82, 19, 28
40, 51, 19, 60
40, 58, 19, 24
40, 62, 19, 55
40, 192, 20, 48
40, 121, 20, 49
40, 163, 20, 40
40, 3, 20, 61
40, 40, 20, 56
40, 45, 20, 21
40, 175, 20, 67
40, 16, 20, 45
40, 182, 20, 99
40, 24, 20, 98
40, 57, 20, 53
40, 188, 20, 12
40, 160, 21, 84
40, 37, 21, 49
40, 5, 21, 83
40, 71, 21, 56
40, 8, 21, 73
40, 12, 21, 50
40, 109, 21, 93
40, 174, 21, 57
40, 175, 21, 67
40, 50, 21, 32
40, 93, 21, 33
40, 181, 21, 81
40, 120, 21, 27
40, 29, 21, 32
40, 126, 21, 38
40, 31, 21, 14
40, 128, 22, 81
40, 196, 22, 11
40, 170, 22, 18
40, 50, 22, 32
40, 19, 22, 69
40, 148, 22, 9
40, 83, 22, 63
40, 119, 22, 86
40, 87, 22, 44
40, 188, 22, 12
40, 136, 23, 23
40, 45, 23, 21
40, 153, 23, 48
40, 157, 23, 5
40, 127, 23, 20
40, 97, 24, 20
40, 105, 24, 83
40, 141, 24, 23
40, 127, 24, 20
40, 112, 24, 17
40, 17, 24, 52
40, 49, 24, 33
40, 52, 24, 8
40, 120, 24, 27
40, 124, 24, 21
40, 94, 24, 36
40, 63, 24, 40
40, 98, 25, 71
40, 196, 25, 11
40, 70, 25, 71
40, 41, 25, 40
40, 109, 25, 93
40, 173, 25, 16
40, 141, 25, 23
40, 178, 25, 55
40, 22, 25, 32
40, 153, 25, 48
40, 60, 25, 22
40, 94, 25, 36
40, 31, 25, 14
40, 1, 26, 13
40, 143, 26, 38
40, 149, 26, 59
40, 21, 26, 61
40, 158, 26, 20
40, 31, 26, 14
40, 38, 26, 78
40, 177, 26, 92
40, 179, 26, 19
40, 195, 26, 33
40, 71, 26, 56
40, 74, 26, 28
40, 76, 26, 74
40, 78, 26, 24
40, 81, 26, 22
40, 86, 26, 62
40, 100, 26, 51
40, 119, 26, 86
40, 124, 26, 21
40, 160, 27, 84
40, 195, 27, 33
40, 131, 27, 4
40, 3, 27, 61
40, 134, 27, 59
40, 71, 27, 56
40, 169, 27, 99
40, 73, 27, 3
40, 106, 27, 7
40, 173, 27, 16
40, 81, 27, 22
40, 151, 27, 60
40, 90, 27, 26
40, 93, 27, 33
40, 190, 27, 7
40, 31, 27, 14
40, 66, 28, 99
40, 197, 28, 21
40, 134, 28, 59
40, 72, 28, 68
40, 139, 28, 81
40, 11, 28, 63
40, 114, 28, 66
40, 93, 28, 33
40, 55, 28, 10
40, 54, 28, 81
40, 23, 28, 8
40, 184, 28, 27
40, 25, 28, 81
40, 27, 28, 10
40, 188, 28, 12
40, 157, 28, 5
40, 190, 28, 7
40, 195, 29, 33
40, 7, 29, 33
40, 155, 29, 10
40, 176, 29, 13
40, 20, 29, 87
40, 85, 29, 20
40, 119, 29, 86
40, 153, 29, 48
40, 122, 29, 11
40, 123, 29, 53
40, 92, 29, 25
40, 62, 29, 55
40, 142, 30, 43
40, 145, 30, 88
40, 19, 30, 69
40, 150, 30, 92
40, 55, 30, 10
40, 185, 30, 3
40, 35, 31, 96
40, 68, 31, 25
40, 103, 31, 56
40, 79, 31, 72
40, 176, 31, 13
40, 56, 31, 50
40, 122, 31, 11
40, 34, 32, 53
40, 114, 32, 66
40, 19, 32, 69
40, 180, 32, 37
40, 91, 32, 28
40, 125, 32, 87
40, 66, 33, 99
40, 101, 33, 75
40, 154, 33, 94
40, 103, 33, 56
40, 174, 33, 57
40, 88, 33, 72
40, 186, 33, 96
40, 1, 34, 13
40, 138, 34, 99
40, 14, 34, 74
40, 142, 34, 43
40, 152, 34, 71
40, 153, 34, 48
40, 31, 34, 14
40, 162, 34, 25
40, 171, 34, 17
40, 172, 34, 83
40, 173, 34, 16
40, 55, 34, 10
40, 59, 34, 33
40, 60, 34, 22
40, 64, 34, 48
40, 199, 34, 30
40, 82, 34, 28
40, 90, 34, 26
40, 98, 34, 71
40, 103, 34, 56
40, 0, 35, 56
40, 7, 35, 33
40, 8, 35, 73
40, 136, 35, 23
40, 13, 35, 11
40, 144, 35, 30
40, 32, 35, 83
40, 40, 35, 56
40, 41, 35, 40
40, 169, 35, 99
40, 171, 35, 17
40, 176, 35, 13
40, 57, 35, 53
40, 188, 35, 12
40, 197, 35, 21
40, 198, 35, 42
40, 94, 35, 36
40, 97, 35, 20
40, 123, 35, 53
40, 125, 35, 87
40, 128, 36, 81
40, 129, 36, 22
40, 194, 36, 20
40, 163, 36, 40
40, 34, 36, 53
40, 165, 36, 69
40, 167, 36, 8
40, 169, 36, 99
40, 137, 36, 94
40, 75, 36, 19
40, 108, 36, 24
40, 13, 36, 11
40, 145, 36, 88
40, 152, 36, 71
40, 26, 36, 26
40, 64, 37, 48
40, 195, 37, 33
40, 76, 37, 74
40, 109, 37, 93
40, 112, 37, 17
40, 121, 37, 49
40, 122, 37, 11
40, 60, 37, 22
40, 29, 37, 32
40, 65, 38, 73
40, 185, 38, 3
40, 166, 38, 46
40, 39, 38, 66
40, 168, 38, 87
40, 77, 38, 54
40, 14, 38, 74
40, 81, 38, 22
40, 49, 38, 33
40, 114, 38, 66
40, 148, 38, 9
40, 184, 38, 27
40, 24, 38, 98
40, 90, 38, 26
40, 27, 38, 10
40, 93, 38, 33
40, 190, 38, 7
40, 95, 38, 11
40, 7, 39, 33
40, 138, 39, 99
40, 140, 39, 65
40, 144, 39, 30
40, 17, 39, 52
40, 19, 39, 69
40, 27, 39, 10
40, 163, 39, 40
40, 38, 39, 78
40, 167, 39, 8
40, 41, 39, 40
40, 170, 39, 18
40, 180, 39, 37
40, 54, 39, 81
40, 58, 39, 24
40, 60, 39, 22
40, 67, 39, 40
40, 79, 39, 72
40, 87, 39, 44
40, 121, 39, 49
40, 128, 40, 81
40, 0, 40, 56
40, 194, 40, 20
40, 99, 40, 16
40, 161, 40, 87
40, 193, 40, 52
40, 70, 40, 71
40, 71, 40, 56
40, 135, 40, 93
40, 141, 40, 23
40, 174, 40, 57
40, 142, 40, 43
40, 49, 40, 33
40, 114, 40, 66
40, 117, 40, 84
40, 185, 40, 3
40, 27, 40, 10
40, 60, 40, 22
40, 8, 41, 73
40, 12, 41, 50
40, 146, 41, 39
40, 20, 41, 87
40, 25, 41, 81
40, 153, 41, 48
40, 155, 41, 10
40, 32, 41, 83
40, 161, 41, 87
40, 41, 41, 40
40, 170, 41, 18
40, 171, 41, 17
40, 51, 41, 60
40, 186, 41, 96
40, 61, 41, 68
40, 73, 41, 3
40, 97, 41, 20
40, 107, 41, 19
40, 113, 41, 65
40, 127, 41, 20
40, 133, 42, 78
40, 103, 42, 56
40, 170, 42, 18
40, 48, 42, 100
40, 50, 42, 32
40, 147, 42, 29
40, 23, 42, 8
40, 29, 42, 32
40, 157, 42, 5
40, 54, 42, 81
40, 87, 42, 44
40, 119, 42, 86
40, 188, 42, 12
40, 125, 42, 87
40, 161, 43, 87
40, 34, 43, 53
40, 100, 43, 51
40, 6, 43, 85
40, 167, 43, 8
40, 74, 43, 28
40, 111, 43, 99
40, 50, 43, 32
40, 118, 43, 46
40, 186, 43, 96
40, 92, 43, 25
40, 159, 43, 76
40, 140, 44, 65
40, 147, 44, 29
40, 151, 44, 60
40, 27, 44, 10
40, 29, 44, 32
40, 30, 44, 16
40, 162, 44, 25
40, 168, 44, 87
40, 40, 44, 56
40, 169, 44, 99
40, 44, 44, 10
40, 173, 44, 16
40, 176, 44, 13
40, 49, 44, 33
40, 187, 44, 13
40, 196, 44, 11
40, 88, 44, 72
40, 92, 44, 25
40, 98, 44, 71
40, 114, 44, 66
40, 0, 45, 56
40, 16, 45, 45
40, 151, 45, 60
40, 31, 45, 14
40, 164, 45, 72
40, 177, 45, 92
40, 183, 45, 14
40, 62, 45, 55
40, 196, 45, 11
40, 197, 45, 21
40, 68, 45, 25
40, 198, 45, 42
40, 72, 45, 68
40, 78, 45, 24
40, 81, 45, 22
40, 86, 45, 62
40, 94, 45, 36
40, 100, 45, 51
40, 116, 45, 91
40, 195, 46, 33
40, 40, 46, 56
40, 150, 46, 92
40, 88, 46, 72
40, 25, 46, 81
40, 95, 46, 11
40, 135, 47, 93
40, 10, 47, 65
40, 11, 47, 63
40, 138, 47, 99
40, 17, 47, 52
40, 21, 47, 61
40, 155, 47, 10
40, 33, 47, 67
40, 42, 47, 73
40, 44, 47, 10
40, 177, 47, 92
40, 68, 47, 25
40, 69, 47, 26
40, 198, 47, 42
40, 88, 47, 72
40, 92, 47, 25
40, 95, 47, 11
40, 109, 47, 93
40, 117, 47, 84
40, 119, 47, 86
40, 4, 48, 81
40, 102, 48, 86
40, 10, 48, 65
40, 78, 48, 24
40, 80, 48, 79
40, 176, 48, 13
40, 114, 48, 66
40, 18, 48, 68
40, 116, 48, 91
40, 23, 48, 8
40, 151, 48, 60
40, 128, 49, 81
40, 193, 49, 52
40, 194, 49, 20
40, 0, 49, 56
40, 38, 49, 78
40, 135, 49, 93
40, 169, 49, 99
40, 106, 49, 7
40, 139, 49, 81
40, 12, 49, 50
40, 171, 49, 17
40, 44, 49, 10
40, 47, 49, 62
40, 48, 49, 100
40, 60, 49, 22
40, 189, 49, 74
40, 158, 49, 20
40, 2, 50, 21
40, 13, 50, 11
40, 142, 50, 43
40, 20, 50, 87
40, 26, 50, 26
40, 30, 50, 16
40, 35, 50, 96
40, 51, 50, 60
40, 180, 50, 37
40, 60, 50, 22
40, 61, 50, 68
40, 191, 50, 77
40, 64, 50, 48
40, 197, 50, 21
40, 76, 50, 74
40, 84, 50, 44
40, 93, 50, 33
40, 109, 50, 93
40, 110, 50, 16
40, 119, 50, 86
40, 0, 51, 56
40, 7, 51, 33
40, 9, 51, 16
40, 159, 51, 76
40, 31, 51, 14
40, 33, 51, 67
40, 37, 51, 49
40, 42, 51, 73
40, 172, 51, 83
40, 175, 51, 67
40, 186, 51, 96
40, 189, 51, 74
40, 66, 51, 99
40, 69, 51, 26
40, 70, 51, 71
40, 78, 51, 24
40, 80, 51, 79
40, 95, 51, 11
40, 104, 51, 48
40, 112, 51, 17
40, 161, 52, 87
40, 131, 52, 4
40, 3, 52, 61
40, 134, 52, 59
40, 199, 52, 30
40, 40, 52, 56
40, 103, 52, 56
40, 42, 52, 73
40, 136, 52, 23
40, 8, 52, 73
40, 113, 52, 65
40, 147, 52, 29
40, 20, 52, 87
40, 120, 52, 27
40, 155, 52, 10
40, 125, 52, 87
40, 64, 53, 48
40, 33, 53, 67
40, 100, 53, 51
40, 7, 53, 33
40, 8, 53, 73
40, 27, 53, 10
40, 39, 53, 66
40, 140, 53, 65
40, 15, 53, 72
40, 80, 53, 79
40, 81, 53, 22
40, 179, 53, 19
40, 54, 53, 81
40, 185, 53, 3
40, 123, 53, 53
40, 57, 53, 53
40, 191, 53, 77
40, 193, 54, 52
40, 130, 54, 87
40, 1, 54, 13
40, 97, 54, 20
40, 134, 54, 59
40, 136, 54, 23
40, 8, 54, 73
40, 106, 54, 7
40, 112, 54, 17
40, 86, 54, 62
40, 122, 54, 11
40, 60, 54, 22
40, 161, 55, 87
40, 162, 55, 25
40, 99, 55, 16
40, 66, 55, 99
40, 67, 55, 40
40, 168, 55, 87
40, 41, 55, 40
40, 77, 55, 54
40, 173, 55, 16
40, 111, 55, 99
40, 148, 55, 9
40, 85, 55, 20
40, 20, 55, 87
40, 87, 55, 44
40, 121, 55, 49
40, 187, 55, 13
40, 2, 56, 21
40, 4, 56, 81
40, 5, 56, 83
40, 144, 56, 30
40, 17, 56, 52
40, 150, 56, 92
40, 34, 56, 53
40, 39, 56, 66
40, 177, 56, 92
40, 182, 56, 99
40, 56, 56, 50
40, 186, 56, 96
40, 62, 56, 55
40, 193, 56, 52
40, 68, 56, 25
40, 197, 56, 21
40, 77, 56, 54
40, 93, 56, 33
40, 117, 56, 84
40, 121, 56, 49
40, 64, 57, 48
40, 65, 57, 73
40, 67, 57, 40
40, 99, 57, 16
40, 101, 57, 75
40, 7, 57, 33
40, 41, 57, 40
40, 17, 57, 52
40, 156, 57, 74
40, 93, 57, 33
40, 118, 57, 46
40, 183, 57, 14
40, 87, 57, 44
40, 154, 57, 94
40, 59, 57, 33
40, 92, 57, 25
40, 29, 57, 32
40, 191, 57, 77
40, 36, 58, 28
40, 6, 58, 85
40, 199, 58, 30
40, 142, 58, 43
40, 144, 58, 30
40, 49, 58, 33
40, 93, 58, 33
40, 117, 58, 84
40, 119, 58, 86
40, 186, 58, 96
40, 189, 58, 74
40, 159, 58, 76
40, 193, 59, 52
40, 133, 59, 78
40, 103, 59, 56
40, 8, 59, 73
40, 40, 59, 56
40, 75, 59, 19
40, 87, 59, 44
40, 59, 59, 33
40, 99, 60, 16
40, 68, 60, 25
40, 135, 60, 93
40, 75, 60, 19
40, 172, 60, 83
40, 187, 60, 13
40, 107, 60, 19
40, 141, 60, 23
40, 45, 60, 21
40, 77, 60, 54
40, 20, 60, 87
40, 150, 60, 92
40, 55, 60, 10
40, 59, 60, 33
40, 130, 61, 87
40, 98, 61, 71
40, 7, 61, 33
40, 41, 61, 40
40, 14, 61, 74
40, 79, 61, 72
40, 18, 61, 68
40, 19, 61, 69
40, 152, 61, 71
40, 0, 62, 56
40, 34, 62, 53
40, 6, 62, 85
40, 169, 62, 99
40, 170, 62, 18
40, 105, 62, 83
40, 108, 62, 24
40, 13, 62, 11
40, 107, 62, 19
40, 52, 62, 8
40, 180, 62, 37
40, 183, 62, 14
40, 154, 62, 94
40, 125, 62, 87
40, 95, 62, 11
40, 129, 63, 22
40, 193, 63, 52
40, 58, 63, 24
40, 37, 63, 49
40, 5, 63, 83
40, 165, 63, 69
40, 76, 63, 74
40, 109, 63, 93
40, 18, 63, 68
40, 114, 63, 66
40, 53, 63, 57
40, 182, 63, 99
40, 126, 63, 38
40, 156, 63, 74
40, 190, 63, 7
40, 159, 63, 76
40, 36, 64, 28
40, 134, 64, 59
40, 52, 64, 8
40, 117, 64, 84
40, 53, 64, 57
40, 55, 64, 10
40, 27, 64, 10
40, 29, 64, 32
40, 0, 65, 56
40, 161, 65, 87
40, 34, 65, 53
40, 101, 65, 75
40, 102, 65, 86
40, 41, 65, 40
40, 107, 65, 19
40, 109, 65, 93
40, 78, 65, 24
40, 176, 65, 13
40, 145, 65, 88
40, 147, 65, 29
40, 181, 65, 81
40, 121, 65, 49
40, 128, 66, 81
40, 98, 66, 71
40, 164, 66, 72
40, 166, 66, 46
40, 104, 66, 48
40, 59, 66, 33
40, 111, 66, 99
40, 176, 66, 13
40, 114, 66, 66
40, 27, 66, 10
40, 124, 66, 21
40, 63, 66, 40
40, 32, 67, 83
40, 163, 67, 40
40, 198, 67, 42
40, 39, 67, 66
40, 7, 67, 33
40, 41, 67, 40
40, 175, 67, 67
40, 113, 67, 65
40, 115, 67, 44
40, 28, 67, 82
40, 96, 68, 5
40, 160, 68, 84
40, 196, 68, 11
40, 133, 68, 78
40, 68, 68, 25
40, 135, 68, 93
40, 199, 68, 30
40, 46, 68, 15
40, 176, 68, 13
40, 81, 68, 22
40, 145, 68, 88
40, 179, 68, 19
40, 148, 68, 9
40, 118, 68, 46
40, 152, 68, 71
40, 187, 68, 13
40, 159, 68, 76
40, 67, 69, 40
40, 196, 69, 11
40, 133, 69, 78
40, 135, 69, 93
40, 71, 69, 56
40, 72, 69, 68
40, 43, 69, 79
40, 14, 69, 74
40, 113, 69, 65
40, 114, 69, 66
40, 115, 69, 44
40, 147, 69, 29
40, 182, 69, 99
40, 57, 69, 53
40, 92, 69, 25
40, 160, 70, 84
40, 33, 70, 67
40, 96, 70, 5
40, 43, 70, 79
40, 139, 70, 81
40, 112, 70, 17
40, 17, 70, 52
40, 84, 70, 44
40, 89, 70, 91
40, 29, 70, 32
40, 1, 71, 13
40, 133, 71, 78
40, 144, 71, 30
40, 23, 71, 8
40, 153, 71, 48
40, 25, 71, 81
40, 28, 71, 82
40, 34, 71, 53
40, 41, 71, 40
40, 170, 71, 18
40, 44, 71, 10
40, 186, 71, 96
40, 58, 71, 24
40, 190, 71, 7
40, 90, 71, 26
40, 93, 71, 33
40, 104, 71, 48
40, 120, 71, 27
40, 123, 71, 53
40, 1, 72, 13
40, 34, 72, 53
40, 196, 72, 11
40, 4, 72, 81
40, 38, 72, 78
40, 7, 72, 33
40, 111, 72, 99
40, 50, 72, 32
40, 188, 72, 12
40, 84, 72, 44
40, 181, 72, 81
40, 86, 72, 62
40, 61, 72, 68
40, 92, 72, 25
40, 29, 72, 32
40, 162, 73, 25
40, 166, 73, 46
40, 7, 73, 33
40, 39, 73, 66
40, 103, 73, 56
40, 140, 73, 65
40, 44, 73, 10
40, 144, 73, 30
40, 16, 73, 45
40, 48, 73, 100
40, 88, 73, 72
40, 3, 74, 61
40, 131, 74, 4
40, 7, 74, 33
40, 10, 74, 65
40, 11, 74, 63
40, 31, 74, 14
40, 42, 74, 73
40, 48, 74, 100
40, 180, 74, 37
40, 189, 74, 74
40, 64, 74, 48
40, 193, 74, 52
40, 65, 74, 73
40, 75, 74, 19
40, 84, 74, 44
40, 88, 74, 72
40, 106, 74, 7
40, 121, 74, 49
40, 122, 74, 11
40, 0, 75, 56
40, 132, 75, 24
40, 166, 75, 46
40, 71, 75, 56
40, 136, 75, 23
40, 41, 75, 40
40, 10, 75, 65
40, 171, 75, 17
40, 27, 75, 10
40, 145, 75, 88
40, 114, 75, 66
40, 83, 75, 63
40, 18, 75, 68
40, 21, 75, 61
40, 59, 75, 33
40, 61, 75, 68
40, 191, 75, 77
40, 9, 76, 16
40, 11, 76, 63
40, 139, 76, 81
40, 141, 76, 23
40, 145, 76, 88
40, 35, 76, 96
40, 37, 76, 49
40, 56, 76, 50
40, 194, 76, 20
40, 69, 76, 26
40, 80, 76, 79
40, 84, 76, 44
40, 86, 76, 62
40, 90, 76, 26
40, 93, 76, 33
40, 112, 76, 17
40, 113, 76, 65
40, 120, 76, 27
40, 124, 76, 21
40, 192, 77, 48
40, 100, 77, 51
40, 142, 77, 43
40, 186, 77, 96
40, 93, 77, 33
40, 30, 77, 16
40, 160, 78, 84
40, 193, 78, 52
40, 32, 78, 83
40, 101, 78, 75
40, 45, 78, 21
40, 17, 78, 52
40, 115, 78, 44
40, 148, 78, 9
40, 120, 78, 27
40, 162, 79, 25
40, 198, 79, 42
40, 103, 79, 56
40, 136, 79, 23
40, 137, 79, 94
40, 78, 79, 24
40, 175, 79, 67
40, 16, 79, 45
40, 51, 79, 60
40, 116, 79, 91
40, 149, 79, 59
40, 23, 79, 8
40, 185, 79, 3
40, 1, 80, 13
40, 162, 80, 25
40, 2, 80, 21
40, 4, 80, 81
40, 161, 80, 87
40, 8, 80, 73
40, 44, 80, 10
40, 49, 80, 33
40, 149, 80, 59
40, 89, 80, 91
40, 92, 80, 25
40, 126, 80, 38
40, 0, 81, 56
40, 96, 81, 5
40, 70, 81, 71
40, 136, 81, 23
40, 45, 81, 21
40, 192, 82, 48
40, 96, 82, 5
40, 99, 82, 16
40, 10, 82, 65
40, 171, 82, 17
40, 17, 82, 52
40, 146, 82, 39
40, 149, 82, 59
40, 87, 82, 44
40, 3, 83, 61
40, 69, 83, 26
40, 104, 83, 48
40, 43, 83, 79
40, 47, 83, 62
40, 85, 83, 20
40, 126, 83, 38
40, 94, 83, 36
40, 128, 84, 81
40, 6, 84, 85
40, 11, 84, 63
40, 140, 84, 65
40, 18, 84, 68
40, 21, 84, 61
40, 152, 84, 71
40, 28, 84, 82
40, 164, 84, 72
40, 41, 84, 40
40, 45, 84, 21
40, 182, 84, 99
40, 183, 84, 14
40, 190, 84, 7
40, 85, 84, 20
40, 86, 84, 62
40, 96, 84, 5
40, 104, 84, 48
40, 117, 84, 84
40, 123, 84, 53
40, 128, 85, 81
40, 33, 85, 67
40, 134, 85, 59
40, 9, 85, 16
40, 140, 85, 65
40, 46, 85, 15
40, 47, 85, 62
40, 143, 85, 38
40, 19, 85, 69
40, 190, 85, 7
40, 128, 86, 81
40, 65, 86, 73
40, 130, 86, 87
40, 168, 86, 87
40, 138, 86, 99
40, 171, 86, 17
40, 172, 86, 83
40, 76, 86, 74
40, 47, 86, 62
40, 111, 86, 99
40, 87, 86, 44
40, 122, 86, 11
40, 28, 86, 82
40, 63, 86, 40
40, 160, 87, 84
40, 2, 87, 21
40, 164, 87, 72
40, 68, 87, 25
40, 104, 87, 48
40, 8, 87, 73
40, 168, 87, 87
40, 46, 87, 15
40, 21, 87, 61
40, 88, 87, 72
40, 61, 87, 68
40, 163, 88, 40
40, 35, 88, 96
40, 134, 88, 59
40, 166, 88, 46
40, 73, 88, 3
40, 123, 88, 53
40, 108, 88, 24
40, 109, 88, 93
40, 78, 88, 24
40, 16, 88, 45
40, 49, 88, 33
40, 87, 88, 44
40, 152, 88, 71
40, 26, 88, 26
40, 187, 88, 13
40, 61, 88, 68
40, 30, 88, 16
40, 193, 89, 52
40, 8, 89, 73
40, 104, 89, 48
40, 107, 89, 19
40, 142, 89, 43
40, 177, 89, 92
40, 152, 89, 71
40, 27, 89, 10
40, 125, 89, 87
40, 64, 90, 48
40, 196, 90, 11
40, 106, 90, 7
40, 143, 90, 38
40, 52, 90, 8
40, 185, 90, 3
40, 126, 90, 38
40, 191, 90, 77
40, 97, 91, 20
40, 132, 91, 24
40, 5, 91, 83
40, 38, 91, 78
40, 72, 91, 68
40, 47, 91, 62
40, 17, 91, 52
40, 148, 91, 9
40, 21, 91, 61
40, 54, 91, 81
40, 90, 91, 26
40, 60, 91, 22
40, 125, 91, 87
40, 126, 91, 38
40, 32, 92, 83
40, 33, 92, 67
40, 68, 92, 25
40, 169, 92, 99
40, 11, 92, 63
40, 13, 92, 11
40, 174, 92, 57
40, 112, 92, 17
40, 176, 92, 13
40, 114, 92, 66
40, 89, 92, 91
40, 90, 92, 26
40, 124, 92, 21
40, 189, 92, 74
40, 97, 93, 20
40, 162, 93, 25
40, 185, 93, 3
40, 38, 93, 78
40, 40, 93, 56
40, 42, 93, 73
40, 174, 93, 57
40, 79, 93, 72
40, 144, 93, 30
40, 145, 93, 88
40, 47, 93, 62
40, 149, 93, 59
40, 151, 93, 60
40, 88, 93, 72
40, 57, 93, 53
40, 154, 93, 94
40, 152, 93, 71
40, 190, 93, 7
40, 97, 94, 20
40, 161, 94, 87
40, 68, 94, 25
40, 166, 94, 46
40, 102, 94, 86
40, 8, 94, 73
40, 169, 94, 99
40, 168, 94, 87
40, 43, 94, 79
40, 110, 94, 16
40, 61, 94, 68
40, 189, 94, 74
40, 88, 94, 72
40, 125, 94, 87
40, 32, 95, 83
40, 97, 95, 20
40, 162, 95, 25
40, 194, 95, 20
40, 198, 95, 42
40, 136, 95, 23
40, 169, 95, 99
40, 174, 95, 57
40, 115, 95, 44
40, 63, 95, 40
40, 191, 95, 77
40, 34, 96, 53
40, 100, 96, 51
40, 74, 96, 28
40, 107, 96, 19
40, 43, 96, 79
40, 140, 96, 65
40, 3, 97, 61
40, 36, 97, 28
40, 197, 97, 21
40, 185, 97, 3
40, 167, 97, 8
40, 170, 97, 18
40, 143, 97, 38
40, 17, 97, 52
40, 148, 97, 9
40, 184, 97, 27
40, 57, 97, 53
40, 125, 97, 87
40, 126, 97, 38
40, 127, 97, 20
40, 195, 98, 33
40, 67, 98, 40
40, 37, 98, 49
40, 134, 98, 59
40, 7, 98, 33
40, 158, 98, 20
40, 9, 98, 16
40, 42, 98, 73
40, 75, 98, 19
40, 76, 98, 74
40, 13, 98, 11
40, 149, 98, 59
40, 150, 98, 92
40, 56, 98, 50
40, 187, 98, 13
40, 28, 98, 82
40, 190, 98, 7
40, 0, 99, 56
40, 192, 99, 48
40, 160, 99, 84
40, 102, 99, 86
40, 106, 99, 7
40, 44, 99, 10
40, 141, 99, 23
40, 112, 99, 17
40, 176, 99, 13
40, 146, 99, 39
40, 149, 99, 59
40, 58, 99, 24
40, 123, 99, 53
40, 31, 99, 14
40, 189, 99, 74
40, 127, 99, 20
