100, 200, 10
29, 2, 0, 28
29, 135, 0, 83
29, 136, 0, 98
29, 137, 0, 16
29, 139, 0, 20
29, 141, 0, 74
29, 16, 0, 60
29, 146, 0, 34
29, 23, 0, 71
29, 151, 0, 86
29, 155, 0, 3
29, 157, 0, 11
29, 36, 0, 14
29, 51, 0, 38
29, 183, 0, 33
29, 86, 0, 79
29, 91, 0, 6
29, 99, 0, 75
29, 101, 0, 65
29, 193, 1, 62
29, 194, 1, 9
29, 99, 1, 75
29, 68, 1, 31
29, 70, 1, 100
29, 103, 1, 35
29, 72, 1, 60
29, 41, 1, 87
29, 27, 1, 8
29, 106, 1, 96
29, 76, 1, 16
29, 8, 1, 10
29, 15, 1, 97
29, 114, 1, 59
29, 118, 1, 48
29, 123, 1, 47
29, 94, 1, 75
29, 98, 2, 90
29, 2, 2, 28
29, 72, 2, 60
29, 74, 2, 66
29, 47, 2, 95
29, 120, 2, 10
29, 33, 3, 13
29, 6, 3, 51
29, 136, 3, 98
29, 107, 3, 49
29, 111, 3, 51
29, 119, 3, 66
29, 89, 3, 28
29, 123, 3, 47
29, 28, 3, 34
29, 183, 3, 33
29, 98, 4, 90
29, 164, 4, 48
29, 5, 4, 31
29, 169, 4, 91
29, 77, 4, 60
29, 51, 4, 38
29, 180, 4, 75
29, 124, 4, 8
29, 159, 5, 54
29, 36, 5, 14
29, 69, 5, 15
29, 102, 5, 77
29, 25, 5, 65
29, 95, 5, 93
29, 100, 6, 26
29, 197, 6, 37
29, 39, 6, 25
29, 72, 6, 60
29, 47, 6, 95
29, 147, 6, 16
29, 54, 6, 56
29, 29, 6, 15
29, 100, 7, 26
29, 164, 7, 48
29, 69, 7, 15
29, 107, 7, 49
29, 111, 7, 51
29, 145, 7, 79
29, 18, 7, 31
29, 19, 7, 47
29, 25, 7, 65
29, 59, 7, 49
29, 160, 8, 68
29, 1, 8, 98
29, 166, 8, 39
29, 168, 8, 48
29, 105, 8, 16
29, 44, 8, 90
29, 143, 8, 71
29, 114, 8, 59
29, 153, 8, 31
29, 124, 8, 8
29, 61, 8, 5
29, 25, 8, 65
29, 31, 8, 4
29, 0, 9, 50
29, 64, 9, 79
29, 161, 9, 21
29, 67, 9, 48
29, 166, 9, 39
29, 168, 9, 48
29, 74, 9, 66
29, 140, 9, 59
29, 142, 9, 54
29, 82, 9, 48
29, 181, 9, 17
29, 183, 9, 33
29, 184, 9, 60
29, 26, 9, 32
29, 91, 9, 6
29, 93, 9, 24
29, 162, 10, 62
29, 59, 10, 49
29, 138, 10, 77
29, 145, 10, 79
29, 183, 10, 33
29, 27, 10, 8
29, 28, 10, 34
29, 190, 10, 10
29, 64, 11, 79
29, 153, 11, 31
29, 140, 11, 59
29, 141, 11, 74
29, 76, 11, 16
29, 82, 11, 48
29, 146, 11, 34
29, 116, 11, 94
29, 185, 11, 97
29, 122, 11, 90
29, 64, 12, 79
29, 160, 12, 68
29, 96, 12, 100
29, 131, 12, 81
29, 196, 12, 16
29, 1, 12, 98
29, 0, 12, 50
29, 168, 12, 48
29, 105, 12, 16
29, 85, 12, 99
29, 157, 12, 11
29, 151, 12, 86
29, 184, 12, 60
29, 27, 12, 8
29, 156, 12, 68
29, 125, 12, 30
29, 94, 12, 75
29, 63, 12, 95
29, 96, 13, 100
29, 3, 13, 16
29, 101, 13, 65
29, 198, 13, 5
29, 197, 13, 37
29, 37, 13, 23
29, 39, 13, 25
29, 142, 13, 54
29, 82, 13, 48
29, 119, 13, 66
29, 56, 13, 52
29, 60, 13, 48
29, 93, 13, 24
29, 158, 13, 23
29, 130, 14, 58
29, 164, 14, 48
29, 133, 14, 84
29, 134, 14, 73
29, 70, 14, 100
29, 168, 14, 48
29, 107, 14, 49
29, 155, 14, 3
29, 124, 14, 8
29, 127, 14, 27
29, 34, 15, 16
29, 197, 15, 37
29, 175, 15, 18
29, 80, 15, 29
29, 115, 15, 17
29, 58, 15, 25
29, 101, 16, 65
29, 169, 16, 91
29, 171, 16, 26
29, 146, 16, 34
29, 53, 16, 32
29, 193, 17, 62
29, 164, 17, 48
29, 6, 17, 51
29, 38, 17, 41
29, 72, 17, 60
29, 12, 17, 57
29, 78, 17, 38
29, 19, 17, 47
29, 84, 17, 7
29, 21, 17, 11
29, 55, 17, 32
29, 88, 17, 12
29, 92, 17, 42
29, 32, 18, 70
29, 2, 18, 28
29, 163, 18, 70
29, 36, 18, 14
29, 137, 18, 16
29, 107, 18, 49
29, 77, 18, 60
29, 46, 18, 59
29, 144, 18, 26
29, 30, 18, 47
29, 56, 18, 52
29, 93, 18, 24
29, 190, 18, 10
29, 159, 18, 54
29, 97, 19, 20
29, 162, 19, 62
29, 195, 19, 43
29, 67, 19, 48
29, 132, 19, 13
29, 70, 19, 100
29, 40, 19, 40
29, 169, 19, 91
29, 171, 19, 26
29, 112, 19, 50
29, 48, 19, 23
29, 18, 19, 31
29, 51, 19, 38
29, 20, 19, 72
29, 49, 19, 10
29, 150, 19, 79
29, 31, 19, 4
29, 64, 20, 79
29, 66, 20, 92
29, 195, 20, 43
29, 130, 20, 58
29, 73, 20, 67
29, 74, 20, 66
29, 137, 20, 16
29, 109, 20, 15
29, 45, 20, 77
29, 14, 20, 26
29, 79, 20, 27
29, 13, 20, 84
29, 147, 20, 16
29, 53, 20, 32
29, 158, 20, 23
29, 195, 21, 43
29, 99, 21, 75
29, 39, 21, 25
29, 10, 21, 60
29, 75, 21, 95
29, 77, 21, 60
29, 13, 21, 84
29, 179, 21, 49
29, 149, 21, 61
29, 26, 21, 32
29, 187, 21, 13
29, 30, 21, 47
29, 95, 21, 93
29, 192, 22, 48
29, 97, 22, 20
29, 140, 22, 59
29, 145, 22, 79
29, 189, 22, 19
29, 29, 22, 15
29, 192, 23, 48
29, 102, 23, 77
29, 73, 23, 67
29, 9, 23, 32
29, 79, 23, 27
29, 92, 23, 42
29, 114, 23, 59
29, 115, 23, 17
29, 53, 23, 32
29, 23, 23, 71
29, 155, 23, 3
29, 124, 23, 8
29, 63, 23, 95
29, 128, 24, 42
29, 132, 24, 13
29, 37, 24, 23
29, 73, 24, 67
29, 75, 24, 95
29, 171, 24, 26
29, 78, 24, 38
29, 111, 24, 51
29, 17, 24, 2
29, 147, 24, 16
29, 119, 24, 66
29, 120, 24, 10
29, 29, 24, 15
29, 128, 25, 42
29, 163, 25, 70
29, 36, 25, 14
29, 164, 25, 48
29, 109, 25, 15
29, 15, 25, 97
29, 84, 25, 7
29, 182, 25, 12
29, 133, 26, 84
29, 102, 26, 77
29, 74, 26, 66
29, 77, 26, 60
29, 146, 26, 34
29, 52, 26, 27
29, 55, 26, 32
29, 87, 26, 97
29, 94, 26, 75
29, 90, 26, 14
29, 30, 26, 47
29, 34, 27, 16
29, 2, 27, 28
29, 137, 27, 16
29, 106, 27, 96
29, 109, 27, 15
29, 80, 27, 29
29, 133, 28, 84
29, 6, 28, 51
29, 9, 28, 32
29, 17, 28, 2
29, 146, 28, 34
29, 148, 28, 68
29, 157, 28, 11
29, 30, 28, 47
29, 31, 28, 4
29, 159, 28, 54
29, 165, 28, 25
29, 44, 28, 90
29, 187, 28, 13
29, 194, 28, 9
29, 197, 28, 37
29, 82, 28, 48
29, 96, 28, 100
29, 111, 28, 51
29, 115, 28, 17
29, 116, 28, 94
29, 74, 29, 66
29, 187, 29, 13
29, 147, 29, 16
29, 123, 29, 47
29, 61, 29, 5
29, 32, 30, 70
29, 97, 30, 20
29, 34, 30, 16
29, 66, 30, 92
29, 4, 30, 39
29, 133, 30, 84
29, 167, 30, 11
29, 72, 30, 60
29, 41, 30, 87
29, 138, 30, 77
29, 139, 30, 20
29, 15, 30, 97
29, 54, 30, 56
29, 155, 30, 3
29, 93, 30, 24
29, 62, 30, 64
29, 72, 31, 60
29, 127, 31, 27
29, 144, 31, 26
29, 50, 31, 10
29, 124, 31, 8
29, 31, 31, 4
29, 1, 32, 98
29, 98, 32, 90
29, 5, 32, 31
29, 70, 32, 100
29, 136, 32, 98
29, 45, 32, 77
29, 60, 32, 48
29, 174, 32, 82
29, 81, 32, 7
29, 179, 32, 49
29, 148, 32, 68
29, 85, 32, 99
29, 83, 32, 78
29, 121, 32, 74
29, 124, 32, 8
29, 61, 32, 5
29, 159, 32, 54
29, 97, 33, 20
29, 129, 33, 72
29, 68, 33, 31
29, 48, 33, 23
29, 20, 33, 72
29, 122, 33, 90
29, 123, 33, 47
29, 162, 34, 62
29, 4, 34, 39
29, 6, 34, 51
29, 70, 34, 100
29, 127, 34, 27
29, 64, 35, 79
29, 194, 35, 9
29, 197, 35, 37
29, 44, 35, 90
29, 144, 35, 26
29, 54, 35, 56
29, 121, 35, 74
29, 61, 35, 5
29, 191, 35, 19
29, 100, 36, 26
29, 101, 36, 65
29, 165, 36, 25
29, 104, 36, 88
29, 75, 36, 95
29, 14, 36, 26
29, 48, 36, 23
29, 177, 36, 40
29, 23, 36, 71
29, 119, 36, 66
29, 185, 36, 97
29, 61, 36, 5
29, 57, 36, 77
29, 161, 37, 21
29, 197, 37, 37
29, 71, 37, 83
29, 199, 37, 22
29, 44, 37, 90
29, 76, 37, 16
29, 176, 37, 40
29, 50, 37, 10
29, 85, 37, 99
29, 151, 37, 86
29, 27, 37, 8
29, 95, 37, 93
29, 192, 38, 48
29, 161, 38, 21
29, 164, 38, 48
29, 134, 38, 73
29, 168, 38, 48
29, 118, 38, 48
29, 94, 38, 75
29, 197, 39, 37
29, 138, 39, 77
29, 76, 39, 16
29, 115, 39, 17
29, 85, 39, 99
29, 21, 39, 11
29, 24, 39, 47
29, 88, 39, 12
29, 25, 39, 65
29, 186, 39, 79
29, 95, 39, 93
29, 31, 39, 4
29, 98, 40, 90
29, 132, 40, 13
29, 139, 40, 20
29, 143, 40, 71
29, 113, 40, 66
29, 19, 40, 47
29, 116, 40, 94
29, 51, 40, 38
29, 183, 40, 33
29, 151, 40, 86
29, 187, 40, 13
29, 190, 40, 10
29, 16, 41, 60
29, 49, 41, 10
29, 80, 41, 29
29, 53, 41, 32
29, 25, 41, 65
29, 34, 42, 16
29, 102, 42, 77
29, 7, 42, 16
29, 12, 42, 57
29, 20, 42, 72
29, 156, 42, 68
29, 96, 43, 100
29, 34, 43, 16
29, 36, 43, 14
29, 7, 43, 16
29, 105, 43, 16
29, 91, 43, 6
29, 46, 43, 59
29, 48, 43, 23
29, 178, 43, 45
29, 147, 43, 16
29, 125, 43, 30
29, 89, 43, 28
29, 58, 43, 25
29, 27, 43, 8
29, 157, 43, 11
29, 101, 44, 65
29, 37, 44, 23
29, 135, 44, 83
29, 111, 44, 51
29, 94, 44, 75
29, 34, 45, 16
29, 3, 45, 16
29, 37, 45, 23
29, 38, 45, 41
29, 135, 45, 83
29, 141, 45, 74
29, 14, 45, 26
29, 85, 45, 99
29, 24, 45, 47
29, 157, 45, 11
29, 33, 46, 13
29, 65, 46, 79
29, 163, 46, 70
29, 70, 46, 100
29, 76, 46, 16
29, 172, 46, 39
29, 114, 46, 59
29, 88, 46, 12
29, 122, 46, 90
29, 191, 46, 19
29, 136, 47, 98
29, 74, 47, 66
29, 155, 47, 3
29, 175, 47, 18
29, 144, 47, 26
29, 49, 47, 10
29, 146, 47, 34
29, 178, 47, 45
29, 59, 47, 49
29, 162, 48, 62
29, 163, 48, 70
29, 134, 48, 73
29, 136, 48, 98
29, 74, 48, 66
29, 170, 48, 24
29, 44, 48, 90
29, 10, 48, 60
29, 14, 48, 26
29, 110, 48, 96
29, 142, 48, 54
29, 117, 48, 44
29, 90, 48, 14
29, 124, 48, 8
29, 61, 48, 5
29, 159, 48, 54
29, 32, 49, 70
29, 195, 49, 43
29, 165, 49, 25
29, 166, 49, 39
29, 7, 49, 16
29, 107, 49, 49
29, 28, 49, 34
29, 175, 49, 18
29, 48, 49, 23
29, 92, 49, 42
29, 115, 49, 17
29, 85, 49, 99
29, 24, 49, 47
29, 60, 49, 48
29, 94, 49, 75
29, 191, 49, 19
29, 193, 50, 62
29, 195, 50, 43
29, 103, 50, 35
29, 140, 50, 59
29, 108, 50, 46
29, 175, 50, 18
29, 154, 50, 69
29, 62, 50, 64
29, 129, 51, 72
29, 131, 51, 81
29, 5, 51, 31
29, 6, 51, 51
29, 7, 51, 16
29, 136, 51, 98
29, 166, 51, 39
29, 38, 51, 41
29, 50, 51, 10
29, 23, 51, 71
29, 25, 51, 65
29, 92, 51, 42
29, 148, 52, 68
29, 149, 52, 61
29, 32, 52, 70
29, 166, 52, 39
29, 42, 52, 40
29, 171, 52, 26
29, 172, 52, 39
29, 173, 52, 69
29, 59, 52, 49
29, 64, 52, 79
29, 199, 52, 22
29, 77, 52, 60
29, 78, 52, 38
29, 82, 52, 48
29, 86, 52, 79
29, 99, 52, 75
29, 100, 52, 26
29, 117, 52, 44
29, 120, 52, 10
29, 123, 52, 47
29, 128, 53, 42
29, 4, 53, 39
29, 101, 53, 65
29, 166, 53, 39
29, 164, 53, 48
29, 73, 53, 67
29, 105, 53, 16
29, 12, 53, 57
29, 13, 53, 84
29, 146, 53, 34
29, 52, 53, 27
29, 85, 53, 99
29, 159, 53, 54
29, 73, 54, 67
29, 10, 54, 60
29, 43, 54, 91
29, 13, 54, 84
29, 142, 54, 54
29, 16, 54, 60
29, 144, 54, 26
29, 146, 54, 34
29, 51, 54, 38
29, 150, 54, 79
29, 183, 54, 33
29, 155, 54, 3
29, 129, 55, 72
29, 2, 55, 28
29, 198, 55, 5
29, 71, 55, 83
29, 113, 55, 66
29, 23, 55, 71
29, 92, 55, 42
29, 0, 56, 50
29, 33, 56, 13
29, 196, 56, 16
29, 197, 56, 37
29, 106, 56, 96
29, 13, 56, 84
29, 16, 56, 60
29, 17, 56, 2
29, 18, 56, 31
29, 147, 56, 16
29, 52, 56, 27
29, 53, 56, 32
29, 117, 56, 44
29, 86, 56, 79
29, 151, 56, 86
29, 188, 56, 54
29, 191, 56, 19
29, 45, 57, 77
29, 81, 57, 7
29, 52, 57, 27
29, 54, 57, 56
29, 122, 57, 90
29, 187, 57, 13
29, 64, 58, 79
29, 65, 58, 79
29, 2, 58, 28
29, 99, 58, 75
29, 6, 58, 51
29, 105, 58, 16
29, 171, 58, 26
29, 173, 58, 69
29, 28, 58, 34
29, 63, 58, 95
29, 30, 58, 47
29, 127, 58, 27
29, 98, 59, 90
29, 99, 59, 75
29, 153, 59, 31
29, 133, 59, 84
29, 166, 59, 39
29, 41, 59, 87
29, 46, 59, 59
29, 144, 59, 26
29, 146, 59, 34
29, 54, 59, 56
29, 118, 59, 48
29, 57, 59, 77
29, 100, 60, 26
29, 5, 60, 31
29, 134, 60, 73
29, 135, 60, 83
29, 70, 60, 100
29, 168, 60, 48
29, 59, 60, 49
29, 75, 60, 95
29, 42, 60, 40
29, 109, 60, 15
29, 173, 60, 69
29, 47, 60, 95
29, 142, 60, 54
29, 182, 60, 12
29, 184, 60, 60
29, 186, 60, 79
29, 88, 60, 12
29, 62, 60, 64
29, 69, 61, 15
29, 41, 61, 87
29, 140, 61, 59
29, 142, 61, 54
29, 55, 61, 32
29, 89, 61, 28
29, 192, 62, 48
29, 98, 62, 90
29, 39, 62, 25
29, 199, 62, 22
29, 11, 62, 36
29, 77, 62, 60
29, 142, 62, 54
29, 180, 62, 75
29, 189, 62, 19
29, 121, 62, 74
29, 29, 62, 15
29, 130, 63, 58
29, 4, 63, 39
29, 132, 63, 13
29, 16, 63, 60
29, 146, 63, 34
29, 151, 63, 86
29, 24, 63, 47
29, 37, 63, 23
29, 176, 63, 40
29, 52, 63, 27
29, 181, 63, 17
29, 71, 63, 83
29, 76, 63, 16
29, 78, 63, 38
29, 86, 63, 79
29, 96, 63, 100
29, 106, 63, 96
29, 112, 63, 50
29, 114, 63, 59
29, 32, 64, 70
29, 192, 64, 48
29, 99, 64, 75
29, 101, 64, 65
29, 70, 64, 100
29, 71, 64, 83
29, 169, 64, 91
29, 15, 64, 97
29, 178, 64, 45
29, 20, 64, 72
29, 150, 64, 79
29, 184, 64, 60
29, 154, 64, 69
29, 27, 64, 8
29, 190, 64, 10
29, 128, 65, 42
29, 133, 65, 84
29, 143, 65, 71
29, 16, 65, 60
29, 145, 65, 79
29, 31, 65, 4
29, 165, 65, 25
29, 170, 65, 24
29, 44, 65, 90
29, 185, 65, 97
29, 197, 65, 37
29, 70, 65, 100
29, 72, 65, 60
29, 75, 65, 95
29, 85, 65, 99
29, 88, 65, 12
29, 94, 65, 75
29, 104, 65, 88
29, 105, 65, 16
29, 196, 66, 16
29, 133, 66, 84
29, 69, 66, 15
29, 136, 66, 98
29, 73, 66, 67
29, 170, 66, 24
29, 42, 66, 40
29, 142, 66, 54
29, 80, 66, 29
29, 16, 66, 60
29, 86, 66, 79
29, 23, 66, 71
29, 184, 66, 60
29, 93, 66, 24
29, 32, 67, 70
29, 34, 67, 16
29, 163, 67, 70
29, 165, 67, 25
29, 102, 67, 77
29, 136, 67, 98
29, 8, 67, 10
29, 48, 67, 23
29, 49, 67, 10
29, 89, 67, 28
29, 2, 68, 28
29, 131, 68, 81
29, 15, 68, 97
29, 16, 68, 60
29, 177, 68, 40
29, 114, 68, 59
29, 19, 68, 47
29, 83, 68, 78
29, 184, 68, 60
29, 59, 68, 49
29, 95, 68, 93
29, 129, 69, 72
29, 116, 69, 94
29, 53, 69, 32
29, 52, 69, 27
29, 24, 69, 47
29, 2, 70, 28
29, 3, 70, 16
29, 132, 70, 13
29, 136, 70, 98
29, 137, 70, 16
29, 9, 70, 32
29, 12, 70, 57
29, 15, 70, 97
29, 155, 70, 3
29, 157, 70, 11
29, 35, 70, 89
29, 179, 70, 49
29, 65, 70, 79
29, 198, 70, 5
29, 79, 70, 27
29, 90, 70, 14
29, 101, 70, 65
29, 119, 70, 66
29, 121, 70, 74
29, 160, 71, 68
29, 67, 71, 48
29, 164, 71, 48
29, 68, 71, 31
29, 6, 71, 51
29, 136, 71, 98
29, 169, 71, 91
29, 12, 71, 57
29, 144, 71, 26
29, 81, 71, 7
29, 18, 71, 31
29, 50, 71, 10
29, 181, 71, 17
29, 30, 71, 47
29, 24, 71, 47
29, 153, 71, 31
29, 25, 71, 65
29, 57, 71, 77
29, 193, 72, 62
29, 34, 72, 16
29, 162, 72, 62
29, 129, 72, 72
29, 69, 72, 15
29, 134, 72, 73
29, 101, 72, 65
29, 72, 72, 60
29, 38, 72, 41
29, 109, 72, 15
29, 48, 72, 23
29, 118, 72, 48
29, 119, 72, 66
29, 24, 72, 47
29, 94, 72, 75
29, 30, 72, 47
29, 2, 73, 28
29, 104, 73, 88
29, 10, 73, 60
29, 178, 73, 45
29, 120, 73, 10
29, 25, 73, 65
29, 26, 73, 32
29, 157, 73, 11
29, 134, 74, 73
29, 198, 74, 5
29, 105, 74, 16
29, 114, 74, 59
29, 52, 74, 27
29, 23, 74, 71
29, 89, 75, 28
29, 1, 75, 98
29, 3, 75, 16
29, 99, 75, 75
29, 69, 75, 15
29, 39, 75, 25
29, 8, 75, 10
29, 10, 75, 60
29, 46, 75, 59
29, 79, 75, 27
29, 116, 75, 94
29, 54, 75, 56
29, 25, 75, 65
29, 90, 75, 14
29, 124, 75, 8
29, 130, 76, 58
29, 102, 76, 77
29, 40, 76, 40
29, 136, 76, 98
29, 105, 76, 16
29, 138, 76, 77
29, 108, 76, 46
29, 104, 76, 88
29, 46, 76, 59
29, 14, 76, 26
29, 107, 76, 49
29, 177, 76, 40
29, 18, 76, 31
29, 147, 76, 16
29, 20, 76, 72
29, 21, 76, 11
29, 88, 76, 12
29, 27, 76, 8
29, 99, 77, 75
29, 100, 77, 26
29, 198, 77, 5
29, 41, 77, 87
29, 142, 77, 54
29, 85, 77, 99
29, 187, 77, 13
29, 132, 78, 13
29, 37, 78, 23
29, 38, 78, 41
29, 27, 78, 8
29, 91, 78, 6
29, 11, 78, 36
29, 17, 78, 2
29, 179, 78, 49
29, 84, 78, 7
29, 54, 78, 56
29, 118, 78, 48
29, 120, 78, 10
29, 123, 78, 47
29, 35, 79, 89
29, 196, 79, 16
29, 37, 79, 23
29, 39, 79, 25
29, 44, 79, 90
29, 45, 79, 77
29, 13, 79, 84
29, 109, 79, 15
29, 172, 79, 39
29, 179, 79, 49
29, 148, 79, 68
29, 181, 79, 17
29, 54, 79, 56
29, 152, 79, 4
29, 186, 79, 79
29, 27, 79, 8
29, 28, 79, 34
29, 98, 80, 90
29, 135, 80, 83
29, 143, 80, 71
29, 175, 80, 18
29, 58, 80, 25
29, 97, 81, 20
29, 196, 81, 16
29, 69, 81, 15
29, 7, 81, 16
29, 72, 81, 60
29, 71, 81, 83
29, 42, 81, 40
29, 11, 81, 36
29, 44, 81, 90
29, 45, 81, 77
29, 174, 81, 82
29, 82, 81, 48
29, 52, 81, 27
29, 21, 81, 11
29, 87, 81, 97
29, 119, 81, 66
29, 123, 81, 47
29, 97, 82, 20
29, 104, 82, 88
29, 143, 82, 71
29, 112, 82, 50
29, 82, 82, 48
29, 115, 82, 17
29, 20, 82, 72
29, 178, 82, 45
29, 118, 82, 48
29, 151, 82, 86
29, 22, 82, 29
29, 123, 82, 47
29, 158, 82, 23
29, 164, 83, 48
29, 133, 83, 84
29, 36, 83, 14
29, 75, 83, 95
29, 108, 83, 46
29, 47, 83, 95
29, 175, 83, 18
29, 113, 83, 66
29, 20, 83, 72
29, 117, 83, 44
29, 182, 83, 12
29, 118, 83, 48
29, 88, 83, 12
29, 94, 83, 75
29, 91, 83, 6
29, 30, 83, 47
29, 100, 84, 26
29, 5, 84, 31
29, 199, 84, 22
29, 104, 84, 88
29, 168, 84, 48
29, 174, 84, 82
29, 14, 84, 26
29, 79, 84, 27
29, 50, 84, 10
29, 21, 84, 11
29, 117, 84, 44
29, 87, 84, 97
29, 121, 84, 74
29, 121, 85, 74
29, 68, 85, 31
29, 37, 85, 23
29, 104, 85, 88
29, 42, 85, 40
29, 107, 85, 49
29, 44, 85, 90
29, 17, 85, 2
29, 83, 85, 78
29, 53, 85, 32
29, 119, 85, 66
29, 88, 85, 12
29, 25, 85, 65
29, 189, 85, 19
29, 94, 85, 75
29, 134, 86, 73
29, 102, 86, 77
29, 141, 86, 74
29, 111, 86, 51
29, 15, 86, 97
29, 55, 86, 32
29, 152, 86, 4
29, 2, 87, 28
29, 140, 87, 59
29, 17, 87, 2
29, 146, 87, 34
29, 151, 87, 86
29, 26, 87, 32
29, 28, 87, 34
29, 156, 87, 68
29, 173, 87, 69
29, 177, 87, 40
29, 53, 87, 32
29, 187, 87, 13
29, 189, 87, 19
29, 190, 87, 10
29, 64, 87, 79
29, 197, 87, 37
29, 78, 87, 38
29, 92, 87, 42
29, 121, 87, 74
29, 98, 88, 90
29, 3, 88, 16
29, 4, 88, 39
29, 72, 88, 60
29, 186, 88, 79
29, 9, 88, 32
29, 75, 88, 95
29, 92, 88, 42
29, 82, 88, 48
29, 83, 88, 78
29, 20, 88, 72
29, 26, 88, 32
29, 123, 88, 47
29, 127, 88, 27
29, 31, 88, 4
29, 129, 89, 72
29, 4, 89, 39
29, 15, 89, 97
29, 19, 89, 47
29, 154, 89, 69
29, 161, 89, 21
29, 34, 89, 16
29, 169, 89, 91
29, 41, 89, 87
29, 172, 89, 39
29, 179, 89, 49
29, 185, 89, 97
29, 61, 89, 5
29, 194, 89, 9
29, 68, 89, 31
29, 197, 89, 37
29, 98, 89, 90
29, 116, 89, 94
29, 121, 89, 74
29, 123, 89, 47
29, 1, 90, 98
29, 135, 90, 83
29, 11, 90, 36
29, 140, 90, 59
29, 149, 90, 61
29, 151, 90, 86
29, 152, 90, 4
29, 29, 90, 15
29, 34, 90, 16
29, 175, 90, 18
29, 182, 90, 12
29, 55, 90, 32
29, 185, 90, 97
29, 60, 90, 48
29, 61, 90, 5
29, 196, 90, 16
29, 73, 90, 67
29, 90, 90, 14
29, 105, 90, 16
29, 106, 90, 96
29, 161, 91, 21
29, 191, 91, 19
29, 97, 91, 20
29, 133, 91, 84
29, 71, 91, 83
29, 199, 91, 22
29, 105, 91, 16
29, 74, 91, 66
29, 171, 91, 26
29, 77, 91, 60
29, 80, 91, 29
29, 52, 91, 27
29, 85, 91, 99
29, 183, 91, 33
29, 121, 91, 74
29, 156, 91, 68
29, 95, 91, 93
29, 66, 92, 92
29, 6, 92, 51
29, 154, 92, 69
29, 122, 92, 90
29, 168, 92, 48
29, 110, 92, 96
29, 143, 92, 71
29, 80, 92, 29
29, 178, 92, 45
29, 22, 92, 29
29, 23, 92, 71
29, 26, 92, 32
29, 189, 92, 19
29, 63, 92, 95
29, 0, 93, 50
29, 194, 93, 9
29, 166, 93, 39
29, 6, 93, 51
29, 135, 93, 83
29, 108, 93, 46
29, 80, 93, 29
29, 54, 93, 56
29, 150, 93, 79
29, 25, 93, 65
29, 154, 93, 69
29, 123, 93, 47
29, 2, 94, 28
29, 3, 94, 16
29, 18, 94, 31
29, 148, 94, 68
29, 149, 94, 61
29, 152, 94, 4
29, 165, 94, 25
29, 40, 94, 40
29, 45, 94, 77
29, 179, 94, 49
29, 187, 94, 13
29, 61, 94, 5
29, 190, 94, 10
29, 70, 94, 100
29, 79, 94, 27
29, 84, 94, 7
29, 94, 94, 75
29, 101, 94, 65
29, 124, 94, 8
29, 127, 94, 27
29, 162, 95, 62
29, 67, 95, 48
29, 68, 95, 31
29, 106, 95, 96
29, 172, 95, 39
29, 46, 95, 59
29, 142, 95, 54
29, 154, 95, 69
29, 124, 95, 8
29, 96, 96, 100
29, 198, 96, 5
29, 142, 96, 54
29, 186, 96, 79
29, 60, 96, 48
29, 192, 97, 48
29, 65, 97, 79
29, 131, 97, 81
29, 70, 97, 100
29, 167, 97, 11
29, 107, 97, 49
29, 11, 97, 36
29, 51, 97, 38
29, 85, 97, 99
29, 25, 97, 65
29, 155, 97, 3
29, 124, 97, 8
29, 125, 97, 30
29, 95, 97, 93
29, 100, 98, 26
29, 39, 98, 25
29, 72, 98, 60
29, 107, 98, 49
29, 76, 98, 16
29, 14, 98, 26
29, 15, 98, 97
29, 47, 98, 95
29, 18, 98, 31
29, 180, 98, 75
29, 85, 98, 99
29, 22, 98, 29
29, 53, 98, 32
29, 56, 98, 52
29, 148, 98, 68
29, 155, 98, 3
29, 92, 98, 42
29, 157, 98, 11
29, 35, 99, 89
29, 81, 99, 7
29, 179, 99, 49
29, 116, 99, 94
29, 122, 99, 90
29, 60, 99, 48
