300, 600, 30
39, 519, 0, 8
39, 394, 0, 92
39, 401, 0, 93
39, 403, 0, 15
39, 419, 0, 73
39, 291, 0, 78
39, 40, 0, 29
39, 424, 0, 66
39, 429, 0, 83
39, 559, 0, 42
39, 311, 0, 25
39, 321, 0, 96
39, 68, 0, 74
39, 587, 0, 29
39, 595, 0, 88
39, 344, 0, 27
39, 217, 0, 93
39, 490, 0, 70
39, 379, 0, 89
39, 322, 1, 99
39, 450, 1, 56
39, 421, 1, 16
39, 133, 1, 38
39, 105, 1, 66
39, 298, 1, 61
39, 301, 1, 31
39, 46, 1, 2
39, 567, 1, 20
39, 282, 1, 31
39, 511, 1, 5
39, 515, 2, 44
39, 487, 2, 25
39, 136, 2, 93
39, 267, 2, 25
39, 44, 2, 74
39, 77, 2, 37
39, 314, 2, 8
39, 527, 2, 56
39, 110, 2, 44
39, 213, 2, 9
39, 534, 2, 55
39, 599, 2, 69
39, 408, 2, 75
39, 378, 2, 82
39, 190, 2, 38
39, 226, 3, 77
39, 580, 3, 23
39, 106, 3, 37
39, 539, 3, 49
39, 511, 3, 5
39, 1, 4, 26
39, 514, 4, 17
39, 516, 4, 14
39, 135, 4, 53
39, 14, 4, 72
39, 145, 4, 81
39, 536, 4, 67
39, 155, 4, 74
39, 161, 4, 70
39, 164, 4, 84
39, 422, 4, 90
39, 48, 4, 90
39, 312, 4, 31
39, 189, 4, 1
39, 192, 4, 68
39, 450, 4, 56
39, 67, 4, 12
39, 199, 4, 18
39, 74, 4, 97
39, 203, 4, 64
39, 475, 4, 90
39, 482, 4, 30
39, 490, 4, 70
39, 492, 4, 83
39, 373, 4, 50
39, 68, 5, 74
39, 351, 5, 1
39, 391, 5, 1
39, 265, 5, 12
39, 10, 5, 22
39, 524, 5, 39
39, 401, 5, 93
39, 177, 5, 66
39, 275, 5, 63
39, 404, 5, 21
39, 312, 5, 31
39, 63, 5, 36
39, 2, 6, 8
39, 360, 6, 68
39, 458, 6, 72
39, 140, 6, 82
39, 430, 6, 29
39, 405, 6, 91
39, 504, 6, 54
39, 441, 6, 82
39, 314, 6, 8
39, 412, 6, 6
39, 64, 7, 93
39, 388, 7, 8
39, 100, 7, 68
39, 327, 7, 70
39, 455, 7, 91
39, 457, 7, 14
39, 395, 7, 33
39, 77, 7, 37
39, 144, 7, 86
39, 560, 7, 34
39, 53, 7, 93
39, 150, 7, 3
39, 516, 8, 14
39, 137, 8, 46
39, 272, 8, 13
39, 275, 8, 63
39, 276, 8, 69
39, 153, 8, 60
39, 421, 8, 16
39, 293, 8, 15
39, 47, 8, 89
39, 303, 8, 16
39, 433, 8, 92
39, 307, 8, 73
39, 567, 8, 20
39, 442, 8, 65
39, 191, 8, 12
39, 451, 8, 11
39, 580, 8, 23
39, 463, 8, 65
39, 599, 8, 69
39, 219, 8, 49
39, 95, 8, 64
39, 493, 8, 99
39, 185, 9, 31
39, 456, 9, 79
39, 236, 9, 64
39, 273, 9, 1
39, 466, 9, 36
39, 242, 9, 63
39, 532, 9, 93
39, 280, 9, 29
39, 473, 9, 89
39, 350, 9, 89
39, 95, 9, 64
39, 384, 10, 19
39, 355, 10, 9
39, 110, 10, 44
39, 239, 10, 26
39, 500, 10, 8
39, 23, 10, 10
39, 7, 11, 95
39, 520, 11, 58
39, 394, 11, 92
39, 268, 11, 2
39, 269, 11, 70
39, 157, 11, 80
39, 164, 11, 84
39, 424, 11, 66
39, 299, 11, 43
39, 46, 11, 2
39, 434, 11, 11
39, 51, 11, 15
39, 564, 11, 38
39, 435, 11, 49
39, 438, 11, 59
39, 69, 11, 84
39, 595, 11, 88
39, 218, 11, 89
39, 221, 11, 10
39, 104, 11, 40
39, 505, 11, 69
39, 124, 11, 86
39, 268, 12, 2
39, 527, 12, 56
39, 404, 12, 21
39, 148, 12, 95
39, 409, 12, 59
39, 161, 12, 70
39, 427, 12, 2
39, 558, 12, 37
39, 306, 12, 25
39, 63, 12, 36
39, 72, 12, 50
39, 80, 12, 11
39, 210, 12, 58
39, 467, 12, 24
39, 596, 12, 74
39, 92, 12, 28
39, 483, 12, 53
39, 360, 12, 68
39, 361, 12, 70
39, 241, 12, 19
39, 497, 12, 94
39, 243, 12, 44
39, 505, 12, 69
39, 122, 12, 53
39, 153, 13, 60
39, 292, 13, 51
39, 167, 13, 77
39, 488, 13, 27
39, 521, 13, 74
39, 186, 13, 95
39, 297, 13, 57
39, 333, 13, 70
39, 189, 13, 1
39, 248, 13, 38
39, 441, 13, 82
39, 378, 13, 82
39, 413, 13, 69
39, 318, 13, 32
39, 225, 14, 45
39, 196, 14, 2
39, 558, 14, 37
39, 334, 14, 76
39, 594, 14, 30
39, 20, 14, 14
39, 445, 14, 48
39, 384, 15, 19
39, 517, 15, 78
39, 266, 15, 58
39, 405, 15, 91
39, 151, 15, 61
39, 153, 15, 60
39, 414, 15, 19
39, 544, 15, 46
39, 288, 15, 91
39, 293, 15, 15
39, 558, 15, 37
39, 304, 15, 31
39, 182, 15, 76
39, 316, 15, 47
39, 580, 15, 23
39, 72, 15, 50
39, 74, 15, 97
39, 78, 15, 59
39, 462, 15, 3
39, 214, 15, 84
39, 502, 15, 4
39, 384, 16, 19
39, 133, 16, 38
39, 21, 16, 72
39, 23, 16, 10
39, 536, 16, 67
39, 291, 16, 78
39, 420, 16, 63
39, 40, 16, 29
39, 553, 16, 45
39, 429, 16, 83
39, 562, 16, 41
39, 63, 16, 36
39, 453, 16, 17
39, 197, 16, 97
39, 339, 16, 78
39, 218, 16, 89
39, 95, 16, 64
39, 352, 16, 67
39, 359, 16, 14
39, 106, 16, 37
39, 367, 16, 46
39, 242, 16, 63
39, 117, 16, 93
39, 506, 16, 45
39, 510, 16, 8
39, 518, 17, 67
39, 263, 17, 73
39, 398, 17, 21
39, 534, 17, 55
39, 407, 17, 18
39, 535, 17, 17
39, 151, 17, 61
39, 560, 17, 34
39, 433, 17, 92
39, 436, 17, 21
39, 437, 17, 6
39, 318, 17, 32
39, 449, 17, 29
39, 72, 17, 50
39, 73, 17, 78
39, 85, 17, 3
39, 93, 17, 42
39, 496, 17, 43
39, 121, 17, 36
39, 253, 17, 55
39, 416, 18, 56
39, 418, 18, 51
39, 200, 18, 31
39, 137, 18, 46
39, 299, 18, 43
39, 301, 18, 31
39, 206, 18, 47
39, 566, 18, 5
39, 23, 18, 10
39, 342, 18, 34
39, 59, 18, 70
39, 348, 18, 78
39, 191, 18, 12
39, 512, 19, 50
39, 129, 19, 58
39, 130, 19, 74
39, 388, 19, 8
39, 7, 19, 95
39, 265, 19, 12
39, 521, 19, 74
39, 397, 19, 47
39, 398, 19, 21
39, 148, 19, 95
39, 276, 19, 69
39, 410, 19, 79
39, 40, 19, 29
39, 51, 19, 15
39, 454, 19, 68
39, 205, 19, 44
39, 333, 19, 70
39, 211, 19, 89
39, 99, 19, 72
39, 229, 19, 21
39, 105, 19, 66
39, 237, 19, 26
39, 376, 19, 74
39, 417, 20, 99
39, 260, 20, 5
39, 40, 20, 29
39, 76, 20, 35
39, 431, 20, 48
39, 530, 20, 7
39, 596, 20, 74
39, 566, 20, 5
39, 567, 20, 20
39, 94, 20, 63
39, 519, 21, 8
39, 9, 21, 59
39, 393, 21, 19
39, 21, 21, 72
39, 278, 21, 86
39, 542, 21, 25
39, 42, 21, 67
39, 43, 21, 79
39, 175, 21, 16
39, 305, 21, 45
39, 439, 21, 53
39, 441, 21, 82
39, 186, 21, 95
39, 193, 21, 2
39, 449, 21, 29
39, 66, 21, 61
39, 592, 21, 58
39, 340, 21, 58
39, 476, 21, 32
39, 237, 21, 26
39, 109, 21, 72
39, 377, 21, 24
39, 32, 22, 45
39, 67, 22, 12
39, 327, 22, 70
39, 199, 22, 18
39, 136, 22, 93
39, 557, 22, 31
39, 526, 22, 75
39, 49, 22, 20
39, 20, 22, 14
39, 149, 22, 4
39, 22, 22, 65
39, 23, 22, 10
39, 185, 22, 31
39, 27, 22, 85
39, 319, 22, 68
39, 257, 23, 73
39, 389, 23, 45
39, 392, 23, 6
39, 137, 23, 46
39, 360, 23, 68
39, 203, 23, 64
39, 492, 23, 83
39, 237, 23, 26
39, 460, 23, 95
39, 300, 23, 41
39, 17, 23, 56
39, 593, 23, 81
39, 119, 23, 8
39, 504, 23, 54
39, 60, 23, 95
39, 509, 23, 60
39, 511, 23, 5
39, 389, 24, 45
39, 232, 24, 9
39, 400, 24, 86
39, 114, 24, 75
39, 531, 24, 42
39, 348, 24, 78
39, 574, 24, 34
39, 129, 25, 58
39, 198, 25, 57
39, 204, 25, 44
39, 525, 25, 96
39, 466, 25, 36
39, 564, 25, 38
39, 41, 26, 62
39, 203, 26, 64
39, 12, 26, 24
39, 108, 26, 17
39, 529, 26, 5
39, 54, 26, 19
39, 216, 26, 79
39, 476, 26, 32
39, 34, 27, 64
39, 553, 27, 45
39, 309, 27, 97
39, 151, 27, 61
39, 536, 27, 67
39, 444, 27, 43
39, 515, 28, 44
39, 486, 28, 1
39, 104, 28, 40
39, 43, 28, 79
39, 206, 28, 47
39, 432, 28, 89
39, 112, 28, 8
39, 562, 28, 41
39, 595, 28, 88
39, 594, 28, 30
39, 503, 28, 9
39, 283, 28, 14
39, 287, 28, 16
39, 32, 29, 45
39, 291, 29, 78
39, 355, 29, 9
39, 122, 29, 53
39, 521, 29, 74
39, 270, 29, 27
39, 245, 29, 32
39, 21, 29, 72
39, 57, 29, 57
39, 538, 29, 72
39, 95, 29, 64
39, 413, 30, 69
39, 31, 30, 95
39, 417, 30, 99
39, 175, 30, 16
39, 564, 30, 38
39, 67, 30, 12
39, 200, 30, 31
39, 458, 30, 72
39, 588, 30, 38
39, 461, 30, 53
39, 592, 30, 58
39, 208, 30, 50
39, 464, 30, 95
39, 84, 30, 31
39, 212, 30, 91
39, 487, 30, 25
39, 104, 30, 40
39, 363, 30, 8
39, 373, 30, 50
39, 320, 31, 27
39, 160, 31, 32
39, 193, 31, 2
39, 96, 31, 72
39, 228, 31, 77
39, 416, 31, 56
39, 391, 31, 1
39, 456, 31, 79
39, 199, 31, 18
39, 170, 31, 67
39, 366, 31, 47
39, 430, 31, 29
39, 50, 31, 28
39, 371, 31, 7
39, 25, 31, 14
39, 346, 31, 94
39, 571, 31, 23
39, 134, 32, 24
39, 391, 32, 1
39, 275, 32, 63
39, 418, 32, 51
39, 168, 32, 60
39, 304, 32, 31
39, 305, 32, 45
39, 309, 32, 97
39, 313, 32, 31
39, 63, 32, 36
39, 191, 32, 12
39, 454, 32, 68
39, 329, 32, 74
39, 588, 32, 38
39, 334, 32, 76
39, 83, 32, 21
39, 87, 32, 49
39, 93, 32, 42
39, 229, 32, 21
39, 230, 32, 22
39, 490, 32, 70
39, 127, 32, 39
39, 516, 33, 14
39, 266, 33, 58
39, 12, 33, 24
39, 396, 33, 95
39, 403, 33, 15
39, 277, 33, 42
39, 537, 33, 20
39, 409, 33, 59
39, 34, 33, 64
39, 421, 33, 16
39, 45, 33, 46
39, 179, 33, 84
39, 180, 33, 87
39, 53, 33, 93
39, 574, 33, 34
39, 79, 33, 45
39, 595, 33, 88
39, 346, 33, 94
39, 90, 33, 28
39, 476, 33, 32
39, 223, 33, 14
39, 242, 33, 63
39, 249, 33, 51
39, 264, 34, 20
39, 521, 34, 74
39, 265, 34, 12
39, 106, 34, 37
39, 589, 34, 74
39, 302, 34, 16
39, 593, 34, 81
39, 17, 34, 56
39, 466, 34, 36
39, 278, 34, 86
39, 248, 34, 38
39, 219, 34, 49
39, 61, 34, 47
39, 132, 35, 100
39, 422, 35, 90
39, 39, 35, 21
39, 520, 35, 58
39, 330, 35, 72
39, 139, 35, 39
39, 299, 35, 43
39, 269, 35, 70
39, 430, 35, 29
39, 555, 35, 15
39, 433, 35, 92
39, 337, 35, 100
39, 401, 35, 93
39, 179, 35, 84
39, 217, 35, 93
39, 221, 35, 10
39, 255, 35, 60
39, 388, 36, 8
39, 455, 36, 91
39, 583, 36, 12
39, 46, 36, 2
39, 529, 36, 5
39, 23, 36, 10
39, 281, 36, 38
39, 446, 36, 87
39, 577, 37, 62
39, 35, 37, 45
39, 8, 37, 63
39, 555, 37, 15
39, 236, 37, 64
39, 144, 37, 86
39, 177, 37, 66
39, 337, 37, 100
39, 597, 37, 35
39, 358, 38, 25
39, 265, 38, 12
39, 299, 38, 43
39, 46, 38, 2
39, 335, 38, 98
39, 276, 38, 69
39, 347, 38, 4
39, 97, 39, 41
39, 578, 39, 85
39, 518, 39, 67
39, 166, 39, 50
39, 296, 39, 68
39, 365, 39, 57
39, 371, 39, 7
39, 340, 39, 58
39, 243, 39, 44
39, 248, 39, 38
39, 60, 39, 95
39, 128, 40, 100
39, 224, 40, 51
39, 320, 40, 27
39, 195, 40, 61
39, 420, 40, 63
39, 133, 40, 38
39, 37, 40, 8
39, 303, 40, 16
39, 530, 40, 7
39, 211, 40, 89
39, 500, 40, 8
39, 246, 40, 65
39, 599, 40, 69
39, 281, 40, 38
39, 544, 41, 46
39, 356, 41, 6
39, 39, 41, 21
39, 206, 41, 47
39, 464, 41, 95
39, 247, 41, 4
39, 376, 41, 74
39, 26, 41, 64
39, 256, 42, 17
39, 129, 42, 58
39, 520, 42, 58
39, 21, 42, 72
39, 280, 42, 29
39, 414, 42, 19
39, 424, 42, 66
39, 299, 42, 43
39, 450, 42, 56
39, 325, 42, 91
39, 461, 42, 53
39, 464, 42, 95
39, 209, 42, 20
39, 594, 42, 30
39, 469, 42, 11
39, 343, 42, 27
39, 92, 42, 28
39, 484, 42, 12
39, 229, 42, 21
39, 230, 42, 22
39, 103, 42, 44
39, 364, 42, 100
39, 245, 42, 32
39, 125, 42, 12
39, 516, 43, 14
39, 530, 43, 7
39, 20, 43, 14
39, 165, 43, 73
39, 38, 43, 23
39, 549, 43, 16
39, 427, 43, 2
39, 433, 43, 92
39, 316, 43, 47
39, 577, 43, 62
39, 195, 43, 61
39, 456, 43, 79
39, 206, 43, 47
39, 595, 43, 88
39, 94, 43, 63
39, 225, 43, 45
39, 98, 43, 13
39, 104, 43, 40
39, 368, 43, 18
39, 496, 43, 43
39, 241, 43, 19
39, 372, 43, 67
39, 247, 43, 4
39, 359, 44, 14
39, 392, 44, 6
39, 364, 44, 100
39, 237, 44, 26
39, 13, 44, 69
39, 496, 44, 43
39, 434, 44, 11
39, 50, 44, 28
39, 182, 44, 76
39, 566, 44, 5
39, 22, 44, 65
39, 25, 44, 14
39, 26, 44, 64
39, 384, 45, 19
39, 2, 45, 8
39, 391, 45, 1
39, 522, 45, 25
39, 266, 45, 58
39, 145, 45, 81
39, 167, 45, 77
39, 555, 45, 15
39, 189, 45, 1
39, 446, 45, 87
39, 73, 45, 78
39, 588, 45, 38
39, 336, 45, 54
39, 247, 45, 4
39, 223, 45, 14
39, 113, 45, 68
39, 501, 45, 7
39, 503, 45, 9
39, 121, 45, 36
39, 510, 45, 8
39, 256, 46, 17
39, 36, 46, 24
39, 583, 46, 12
39, 391, 46, 1
39, 231, 46, 45
39, 170, 46, 67
39, 359, 46, 14
39, 205, 46, 44
39, 495, 46, 19
39, 561, 46, 64
39, 145, 46, 81
39, 19, 46, 9
39, 563, 46, 99
39, 439, 46, 53
39, 537, 46, 20
39, 222, 46, 42
39, 414, 46, 19
39, 32, 47, 45
39, 545, 47, 94
39, 128, 47, 100
39, 546, 47, 56
39, 161, 47, 70
39, 134, 47, 24
39, 423, 47, 14
39, 201, 47, 3
39, 74, 47, 97
39, 212, 47, 91
39, 149, 47, 4
39, 413, 47, 69
39, 414, 47, 19
39, 95, 47, 64
39, 576, 48, 19
39, 389, 48, 45
39, 7, 48, 95
39, 391, 48, 1
39, 457, 48, 14
39, 169, 48, 18
39, 491, 48, 43
39, 524, 48, 39
39, 492, 48, 83
39, 458, 48, 72
39, 463, 48, 65
39, 337, 48, 100
39, 374, 48, 80
39, 507, 48, 70
39, 570, 48, 40
39, 475, 48, 90
39, 261, 49, 33
39, 135, 49, 53
39, 397, 49, 47
39, 275, 49, 63
39, 282, 49, 31
39, 29, 49, 78
39, 170, 49, 67
39, 43, 49, 79
39, 429, 49, 83
39, 174, 49, 18
39, 188, 49, 43
39, 575, 49, 34
39, 320, 49, 27
39, 324, 49, 92
39, 325, 49, 91
39, 71, 49, 92
39, 331, 49, 38
39, 80, 49, 11
39, 342, 49, 34
39, 476, 49, 32
39, 99, 49, 72
39, 108, 49, 17
39, 371, 49, 7
39, 373, 49, 50
39, 123, 49, 57
39, 259, 50, 53
39, 271, 50, 80
39, 281, 50, 38
39, 159, 50, 23
39, 33, 50, 73
39, 162, 50, 57
39, 292, 50, 51
39, 313, 50, 31
39, 59, 50, 70
39, 69, 50, 84
39, 204, 50, 44
39, 209, 50, 20
39, 214, 50, 84
39, 92, 50, 28
39, 348, 50, 78
39, 352, 50, 67
39, 224, 50, 51
39, 231, 50, 45
39, 490, 50, 70
39, 364, 50, 100
39, 108, 50, 17
39, 244, 50, 46
39, 383, 50, 50
39, 581, 51, 10
39, 262, 51, 39
39, 104, 51, 40
39, 235, 51, 16
39, 460, 51, 95
39, 79, 51, 45
39, 145, 51, 81
39, 371, 51, 7
39, 531, 51, 42
39, 180, 51, 87
39, 246, 51, 65
39, 279, 51, 34
39, 251, 51, 78
39, 129, 52, 58
39, 65, 52, 6
39, 323, 52, 56
39, 5, 52, 96
39, 551, 52, 11
39, 430, 52, 29
39, 558, 52, 37
39, 181, 52, 42
39, 246, 52, 65
39, 277, 52, 42
39, 469, 52, 11
39, 153, 52, 60
39, 186, 52, 95
39, 475, 52, 90
39, 221, 52, 10
39, 510, 52, 8
39, 455, 53, 91
39, 137, 53, 46
39, 205, 53, 44
39, 78, 53, 59
39, 274, 53, 14
39, 148, 53, 95
39, 412, 53, 6
39, 570, 53, 40
39, 252, 53, 97
39, 354, 54, 43
39, 490, 54, 70
39, 117, 54, 93
39, 245, 54, 32
39, 216, 54, 79
39, 185, 54, 31
39, 123, 54, 57
39, 476, 54, 32
39, 257, 55, 73
39, 6, 55, 2
39, 392, 55, 6
39, 271, 55, 80
39, 529, 55, 5
39, 26, 55, 64
39, 541, 55, 60
39, 30, 55, 20
39, 163, 55, 28
39, 47, 55, 89
39, 434, 55, 11
39, 565, 55, 13
39, 320, 55, 27
39, 66, 55, 61
39, 67, 55, 12
39, 331, 55, 38
39, 208, 55, 50
39, 209, 55, 20
39, 101, 55, 75
39, 498, 55, 87
39, 375, 55, 77
39, 10, 56, 22
39, 526, 56, 75
39, 404, 56, 21
39, 408, 56, 75
39, 288, 56, 91
39, 546, 56, 56
39, 548, 56, 69
39, 295, 56, 95
39, 296, 56, 68
39, 554, 56, 21
39, 57, 56, 57
39, 321, 56, 96
39, 589, 56, 74
39, 207, 56, 2
39, 87, 56, 49
39, 350, 56, 89
39, 363, 56, 8
39, 244, 56, 46
39, 376, 56, 74
39, 377, 56, 24
39, 122, 56, 53
39, 579, 57, 88
39, 550, 57, 36
39, 396, 57, 95
39, 300, 57, 41
39, 375, 57, 77
39, 271, 57, 80
39, 368, 57, 18
39, 503, 57, 9
39, 408, 57, 75
39, 28, 57, 13
39, 383, 57, 50
39, 193, 58, 2
39, 3, 58, 27
39, 6, 58, 2
39, 393, 58, 19
39, 361, 58, 70
39, 331, 58, 38
39, 205, 58, 44
39, 237, 58, 26
39, 212, 58, 91
39, 23, 58, 10
39, 217, 58, 93
39, 122, 58, 53
39, 187, 58, 95
39, 221, 58, 10
39, 270, 59, 27
39, 528, 59, 26
39, 275, 59, 63
39, 531, 59, 42
39, 21, 59, 72
39, 154, 59, 79
39, 541, 59, 60
39, 303, 59, 16
39, 432, 59, 89
39, 436, 59, 21
39, 450, 59, 56
39, 454, 59, 68
39, 590, 59, 90
39, 465, 59, 25
39, 83, 59, 21
39, 478, 59, 18
39, 356, 59, 6
39, 102, 59, 15
39, 362, 59, 34
39, 132, 60, 100
39, 143, 60, 95
39, 527, 60, 56
39, 399, 60, 27
39, 402, 60, 3
39, 533, 60, 27
39, 154, 60, 79
39, 294, 60, 76
39, 169, 60, 18
39, 305, 60, 45
39, 433, 60, 92
39, 441, 60, 82
39, 316, 60, 47
39, 192, 60, 68
39, 322, 60, 99
39, 69, 60, 84
39, 70, 60, 77
39, 329, 60, 74
39, 593, 60, 81
39, 211, 60, 89
39, 84, 60, 31
39, 215, 60, 53
39, 89, 60, 51
39, 353, 60, 91
39, 128, 61, 100
39, 89, 61, 51
39, 290, 61, 6
39, 137, 61, 46
39, 79, 61, 45
39, 432, 61, 89
39, 401, 61, 93
39, 146, 61, 52
39, 368, 61, 18
39, 279, 61, 34
39, 153, 61, 60
39, 509, 61, 60
39, 134, 62, 24
39, 8, 62, 63
39, 269, 62, 70
39, 16, 62, 31
39, 155, 62, 74
39, 294, 62, 76
39, 423, 62, 14
39, 296, 62, 68
39, 553, 62, 45
39, 180, 62, 87
39, 567, 62, 20
39, 312, 62, 31
39, 185, 62, 31
39, 574, 62, 34
39, 191, 62, 12
39, 583, 62, 12
39, 334, 62, 76
39, 336, 62, 54
39, 209, 62, 20
39, 89, 62, 51
39, 99, 62, 72
39, 101, 62, 75
39, 491, 62, 43
39, 5, 63, 96
39, 266, 63, 58
39, 523, 63, 24
39, 17, 63, 56
39, 277, 63, 42
39, 282, 63, 31
39, 158, 63, 61
39, 421, 63, 16
39, 39, 63, 21
39, 426, 63, 29
39, 171, 63, 60
39, 172, 63, 42
39, 427, 63, 2
39, 173, 63, 7
39, 436, 63, 21
39, 447, 63, 3
39, 198, 63, 57
39, 583, 63, 12
39, 87, 63, 49
39, 96, 63, 72
39, 353, 63, 91
39, 228, 63, 77
39, 126, 63, 33
39, 255, 63, 60
39, 521, 64, 74
39, 527, 64, 56
39, 112, 64, 8
39, 17, 64, 56
39, 594, 64, 30
39, 403, 64, 15
39, 210, 64, 58
39, 596, 64, 74
39, 504, 64, 54
39, 508, 64, 82
39, 152, 64, 30
39, 94, 64, 63
39, 545, 65, 94
39, 580, 65, 23
39, 104, 65, 40
39, 489, 65, 39
39, 10, 65, 22
39, 138, 65, 28
39, 266, 65, 58
39, 77, 65, 37
39, 584, 65, 92
39, 80, 65, 11
39, 315, 65, 36
39, 246, 65, 65
39, 409, 65, 59
39, 27, 65, 85
39, 543, 65, 32
39, 2, 66, 8
39, 266, 66, 58
39, 403, 66, 15
39, 278, 66, 86
39, 150, 66, 3
39, 152, 66, 30
39, 415, 66, 50
39, 290, 66, 6
39, 550, 66, 36
39, 560, 66, 34
39, 306, 66, 25
39, 59, 66, 70
39, 577, 66, 62
39, 328, 66, 9
39, 329, 66, 74
39, 460, 66, 95
39, 593, 66, 81
39, 81, 66, 26
39, 209, 66, 20
39, 487, 66, 25
39, 492, 66, 83
39, 115, 66, 78
39, 123, 66, 57
39, 254, 66, 3
39, 513, 67, 53
39, 137, 67, 46
39, 139, 67, 39
39, 274, 67, 14
39, 545, 67, 94
39, 35, 67, 45
39, 433, 67, 92
39, 442, 67, 65
39, 315, 67, 36
39, 578, 67, 85
39, 583, 67, 12
39, 457, 67, 14
39, 459, 67, 36
39, 331, 67, 38
39, 88, 67, 8
39, 475, 67, 90
39, 480, 67, 95
39, 229, 67, 21
39, 361, 67, 70
39, 364, 67, 100
39, 370, 67, 82
39, 242, 67, 63
39, 577, 68, 62
39, 102, 68, 15
39, 171, 68, 60
39, 364, 68, 100
39, 269, 68, 70
39, 516, 69, 14
39, 517, 69, 78
39, 264, 69, 20
39, 14, 69, 72
39, 528, 69, 26
39, 530, 69, 7
39, 279, 69, 34
39, 284, 69, 3
39, 167, 69, 77
39, 427, 69, 2
39, 432, 69, 89
39, 561, 69, 64
39, 565, 69, 13
39, 317, 69, 98
39, 447, 69, 3
39, 580, 69, 23
39, 87, 69, 49
39, 216, 69, 79
39, 223, 69, 14
39, 351, 69, 1
39, 107, 69, 18
39, 109, 69, 72
39, 241, 69, 19
39, 133, 70, 38
39, 357, 70, 35
39, 327, 70, 70
39, 263, 70, 73
39, 229, 70, 21
39, 554, 70, 21
39, 8, 70, 63
39, 69, 70, 84
39, 205, 70, 44
39, 170, 70, 67
39, 431, 70, 48
39, 272, 70, 13
39, 80, 70, 11
39, 525, 70, 96
39, 453, 70, 17
39, 339, 70, 78
39, 374, 70, 80
39, 539, 70, 49
39, 384, 71, 19
39, 121, 71, 36
39, 357, 71, 35
39, 426, 71, 29
39, 362, 71, 34
39, 236, 71, 64
39, 112, 71, 8
39, 48, 71, 90
39, 370, 71, 82
39, 82, 71, 88
39, 372, 71, 67
39, 341, 71, 76
39, 597, 71, 35
39, 278, 71, 86
39, 115, 71, 78
39, 313, 71, 31
39, 94, 71, 63
39, 415, 71, 50
39, 516, 72, 14
39, 389, 72, 45
39, 391, 72, 1
39, 107, 72, 18
39, 203, 72, 64
39, 45, 72, 46
39, 587, 72, 29
39, 80, 72, 11
39, 17, 72, 56
39, 530, 72, 7
39, 438, 72, 59
39, 183, 72, 60
39, 549, 73, 16
39, 171, 73, 60
39, 45, 73, 46
39, 174, 73, 18
39, 368, 73, 18
39, 497, 73, 94
39, 499, 73, 4
39, 598, 73, 50
39, 449, 74, 29
39, 290, 74, 6
39, 289, 74, 63
39, 164, 74, 84
39, 200, 74, 31
39, 522, 74, 25
39, 141, 74, 14
39, 398, 74, 21
39, 207, 74, 2
39, 208, 74, 50
39, 529, 74, 5
39, 534, 74, 55
39, 254, 74, 3
39, 253, 74, 55
39, 125, 74, 12
39, 414, 74, 19
39, 390, 75, 90
39, 520, 75, 58
39, 268, 75, 2
39, 280, 75, 29
39, 285, 75, 44
39, 173, 75, 7
39, 302, 75, 16
39, 304, 75, 31
39, 562, 75, 41
39, 313, 75, 31
39, 59, 75, 70
39, 189, 75, 1
39, 212, 75, 91
39, 224, 75, 51
39, 486, 75, 1
39, 489, 75, 39
39, 120, 75, 74
39, 127, 75, 39
39, 511, 75, 5
39, 520, 76, 58
39, 278, 76, 86
39, 537, 76, 20
39, 157, 76, 80
39, 33, 76, 73
39, 291, 76, 78
39, 36, 76, 24
39, 556, 76, 38
39, 303, 76, 16
39, 433, 76, 92
39, 177, 76, 66
39, 436, 76, 21
39, 55, 76, 12
39, 189, 76, 1
39, 63, 76, 36
39, 594, 76, 30
39, 96, 76, 72
39, 224, 76, 51
39, 486, 76, 1
39, 121, 76, 36
39, 252, 76, 97
39, 4, 77, 60
39, 133, 77, 38
39, 454, 77, 68
39, 588, 77, 38
39, 207, 77, 2
39, 143, 77, 95
39, 21, 77, 72
39, 214, 77, 84
39, 375, 77, 77
39, 539, 77, 49
39, 475, 77, 90
39, 188, 77, 43
39, 61, 77, 47
39, 478, 77, 18
39, 320, 78, 27
39, 451, 78, 11
39, 567, 78, 20
39, 106, 78, 37
39, 203, 78, 64
39, 586, 78, 29
39, 77, 78, 37
39, 116, 78, 53
39, 436, 78, 21
39, 53, 78, 93
39, 55, 78, 12
39, 23, 78, 10
39, 287, 78, 16
39, 547, 79, 73
39, 580, 79, 23
39, 387, 79, 51
39, 11, 79, 1
39, 54, 79, 19
39, 539, 79, 49
39, 157, 79, 80
39, 32, 80, 45
39, 515, 80, 44
39, 587, 80, 29
39, 145, 80, 81
39, 94, 80, 63
39, 551, 81, 11
39, 456, 81, 79
39, 241, 81, 19
39, 210, 81, 58
39, 61, 81, 47
39, 153, 81, 60
39, 509, 81, 60
39, 453, 82, 17
39, 101, 82, 75
39, 134, 82, 24
39, 136, 82, 93
39, 458, 82, 72
39, 139, 82, 39
39, 429, 82, 83
39, 80, 82, 11
39, 209, 82, 20
39, 345, 82, 37
39, 540, 82, 72
39, 96, 83, 72
39, 547, 83, 73
39, 135, 83, 53
39, 447, 83, 3
39, 536, 83, 67
39, 301, 83, 31
39, 558, 83, 37
39, 239, 83, 26
39, 497, 83, 94
39, 177, 83, 66
39, 51, 83, 15
39, 405, 83, 91
39, 310, 83, 1
39, 24, 83, 91
39, 155, 83, 74
39, 380, 83, 4
39, 542, 83, 25
39, 216, 83, 79
39, 259, 84, 53
39, 67, 84, 12
39, 260, 84, 5
39, 485, 84, 84
39, 313, 84, 31
39, 232, 84, 9
39, 171, 84, 60
39, 283, 84, 14
39, 21, 84, 72
39, 311, 84, 25
39, 408, 84, 75
39, 571, 84, 23
39, 218, 84, 89
39, 187, 84, 95
39, 540, 84, 72
39, 285, 84, 44
39, 94, 84, 63
39, 415, 84, 50
39, 420, 85, 63
39, 484, 85, 12
39, 303, 85, 16
39, 49, 85, 20
39, 252, 85, 97
39, 98, 86, 13
39, 67, 86, 12
39, 66, 86, 61
39, 486, 86, 1
39, 239, 86, 26
39, 593, 86, 81
39, 466, 86, 36
39, 209, 86, 20
39, 406, 86, 41
39, 88, 86, 8
39, 185, 86, 31
39, 250, 86, 38
39, 417, 87, 99
39, 227, 87, 99
39, 396, 87, 95
39, 300, 87, 41
39, 142, 87, 18
39, 53, 87, 93
39, 510, 87, 8
39, 542, 88, 25
39, 239, 88, 26
39, 497, 88, 94
39, 311, 88, 25
39, 190, 88, 38
39, 11, 89, 1
39, 268, 89, 2
39, 267, 89, 25
39, 399, 89, 27
39, 528, 89, 26
39, 16, 89, 31
39, 32, 89, 45
39, 422, 89, 90
39, 430, 89, 29
39, 190, 89, 38
39, 579, 89, 88
39, 458, 89, 72
39, 77, 89, 37
39, 468, 89, 98
39, 343, 89, 27
39, 217, 89, 93
39, 98, 89, 13
39, 360, 89, 68
39, 368, 89, 18
39, 519, 90, 8
39, 266, 90, 58
39, 396, 90, 95
39, 282, 90, 31
39, 551, 90, 11
39, 304, 90, 31
39, 51, 90, 15
39, 180, 90, 87
39, 565, 90, 13
39, 60, 90, 95
39, 69, 90, 84
39, 455, 90, 91
39, 201, 90, 3
39, 224, 90, 51
39, 353, 90, 91
39, 487, 90, 25
39, 498, 90, 87
39, 115, 90, 78
39, 501, 90, 7
39, 374, 90, 80
39, 381, 90, 33
39, 481, 91, 60
39, 329, 91, 74
39, 554, 91, 21
39, 458, 91, 72
39, 108, 91, 17
39, 57, 91, 57
39, 204, 91, 44
39, 143, 91, 95
39, 490, 91, 70
39, 464, 91, 95
39, 599, 91, 69
39, 153, 91, 60
39, 282, 91, 31
39, 411, 91, 98
39, 508, 91, 82
39, 575, 91, 34
39, 352, 92, 67
39, 449, 92, 29
39, 386, 92, 77
39, 293, 92, 15
39, 134, 92, 24
39, 455, 92, 91
39, 264, 92, 20
39, 485, 92, 84
39, 202, 92, 77
39, 42, 92, 67
39, 303, 92, 16
39, 79, 92, 45
39, 468, 92, 98
39, 212, 92, 91
39, 24, 92, 91
39, 94, 92, 63
39, 287, 92, 16
39, 352, 93, 67
39, 289, 93, 63
39, 579, 93, 88
39, 547, 93, 73
39, 421, 93, 16
39, 294, 93, 76
39, 39, 93, 21
39, 135, 93, 53
39, 138, 93, 28
39, 141, 93, 14
39, 112, 93, 8
39, 145, 93, 81
39, 182, 93, 76
39, 123, 93, 57
39, 160, 94, 32
39, 385, 94, 42
39, 394, 94, 92
39, 508, 94, 82
39, 187, 94, 95
39, 119, 94, 8
39, 312, 94, 31
39, 313, 94, 31
39, 282, 94, 31
39, 571, 94, 23
39, 188, 94, 43
39, 349, 94, 42
39, 450, 95, 56
39, 387, 95, 51
39, 232, 95, 9
39, 394, 95, 92
39, 235, 95, 16
39, 270, 95, 27
39, 465, 95, 25
39, 178, 95, 26
39, 177, 95, 66
39, 25, 95, 14
39, 508, 95, 82
39, 248, 96, 38
39, 99, 96, 72
39, 355, 96, 9
39, 462, 96, 3
39, 336, 96, 54
39, 273, 96, 1
39, 500, 96, 8
39, 532, 96, 93
39, 280, 96, 29
39, 315, 96, 36
39, 479, 96, 96
39, 552, 97, 76
39, 40, 97, 29
39, 173, 97, 7
39, 19, 97, 9
39, 404, 97, 21
39, 277, 97, 42
39, 150, 97, 3
39, 441, 97, 82
39, 474, 97, 37
39, 411, 97, 98
39, 159, 97, 23
39, 552, 98, 76
39, 138, 98, 28
39, 462, 98, 3
39, 496, 98, 43
39, 595, 98, 88
39, 469, 98, 11
39, 92, 98, 28
39, 446, 98, 87
39, 34, 99, 64
39, 486, 99, 1
39, 585, 99, 88
39, 269, 99, 70
39, 349, 99, 42
39, 402, 99, 3
39, 530, 99, 7
39, 380, 99, 4
39, 189, 99, 1
39, 574, 99, 34
39, 223, 99, 14
39, 6, 100, 2
39, 166, 100, 50
39, 551, 100, 11
39, 552, 100, 76
39, 431, 100, 48
39, 50, 100, 28
39, 308, 100, 73
39, 576, 100, 19
39, 64, 100, 93
39, 320, 100, 27
39, 321, 100, 96
39, 333, 100, 70
39, 206, 100, 47
39, 208, 100, 50
39, 340, 100, 58
39, 343, 100, 27
39, 97, 100, 41
39, 482, 100, 30
39, 353, 100, 91
39, 358, 100, 25
39, 235, 100, 16
39, 246, 100, 65
39, 119, 100, 8
39, 378, 100, 82
39, 256, 101, 17
39, 1, 101, 26
39, 128, 101, 100
39, 134, 101, 24
39, 586, 101, 29
39, 363, 101, 8
39, 428, 101, 22
39, 79, 101, 45
39, 82, 101, 88
39, 504, 101, 54
39, 91, 101, 36
39, 254, 101, 3
39, 390, 102, 90
39, 399, 102, 27
39, 403, 102, 15
39, 406, 102, 41
39, 27, 102, 85
39, 164, 102, 84
39, 169, 102, 18
39, 42, 102, 67
39, 432, 102, 89
39, 433, 102, 92
39, 307, 102, 73
39, 62, 102, 38
39, 196, 102, 2
39, 327, 102, 70
39, 457, 102, 14
39, 84, 102, 31
39, 227, 102, 99
39, 366, 102, 47
39, 376, 102, 74
39, 378, 102, 82
39, 3, 103, 27
39, 323, 103, 56
39, 69, 103, 84
39, 580, 103, 23
39, 296, 103, 68
39, 490, 103, 70
39, 428, 103, 22
39, 429, 103, 83
39, 51, 103, 15
39, 180, 103, 87
39, 276, 103, 69
39, 435, 103, 49
39, 23, 103, 10
39, 405, 103, 91
39, 25, 103, 14
39, 598, 103, 50
39, 348, 103, 78
39, 223, 103, 14
39, 416, 104, 56
39, 385, 104, 42
39, 193, 104, 2
39, 483, 104, 53
39, 423, 104, 14
39, 464, 104, 95
39, 338, 104, 45
39, 435, 104, 49
39, 212, 104, 91
39, 85, 104, 3
39, 406, 104, 41
39, 183, 104, 60
39, 275, 104, 63
39, 187, 104, 95
39, 284, 104, 3
39, 375, 104, 77
39, 226, 105, 77
39, 580, 105, 23
39, 421, 105, 16
39, 108, 105, 17
39, 81, 105, 26
39, 498, 105, 87
39, 312, 105, 31
39, 89, 105, 51
39, 570, 105, 40
39, 412, 105, 6
39, 128, 106, 100
39, 1, 106, 26
39, 265, 106, 12
39, 13, 106, 69
39, 397, 106, 47
39, 145, 106, 81
39, 403, 106, 15
39, 413, 106, 69
39, 286, 106, 69
39, 33, 106, 73
39, 43, 106, 79
39, 434, 106, 11
39, 54, 106, 19
39, 189, 106, 1
39, 590, 106, 90
39, 216, 106, 79
39, 347, 106, 4
39, 222, 106, 42
39, 491, 106, 43
39, 365, 106, 57
39, 378, 106, 82
39, 12, 107, 24
39, 152, 107, 30
39, 548, 107, 69
39, 429, 107, 83
39, 47, 107, 89
39, 559, 107, 42
39, 563, 107, 99
39, 448, 107, 83
39, 449, 107, 29
39, 197, 107, 97
39, 327, 107, 70
39, 329, 107, 74
39, 585, 107, 88
39, 81, 107, 26
39, 83, 107, 21
39, 87, 107, 49
39, 350, 107, 89
39, 487, 107, 25
39, 504, 107, 54
39, 401, 108, 93
39, 26, 108, 64
39, 32, 108, 45
39, 417, 108, 99
39, 290, 108, 6
39, 41, 108, 62
39, 555, 108, 15
39, 173, 108, 7
39, 46, 108, 2
39, 560, 108, 34
39, 441, 108, 82
39, 446, 108, 87
39, 206, 108, 47
39, 336, 108, 54
39, 95, 108, 64
39, 369, 108, 37
39, 498, 108, 87
39, 243, 108, 44
39, 252, 108, 97
39, 382, 108, 48
39, 0, 109, 98
39, 514, 109, 17
39, 131, 109, 1
39, 386, 109, 77
39, 162, 109, 57
39, 518, 109, 67
39, 199, 109, 18
39, 200, 109, 31
39, 552, 109, 76
39, 426, 109, 29
39, 364, 109, 100
39, 238, 109, 54
39, 496, 109, 43
39, 338, 109, 45
39, 438, 109, 59
39, 313, 109, 31
39, 319, 109, 68
39, 194, 110, 51
39, 259, 110, 53
39, 236, 110, 64
39, 269, 110, 70
39, 46, 110, 2
39, 304, 110, 31
39, 248, 110, 38
39, 156, 110, 18
39, 381, 110, 33
39, 94, 110, 63
39, 518, 111, 67
39, 138, 111, 28
39, 395, 111, 33
39, 524, 111, 39
39, 402, 111, 3
39, 28, 111, 13
39, 160, 111, 32
39, 548, 111, 69
39, 432, 111, 89
39, 48, 111, 90
39, 566, 111, 5
39, 59, 111, 70
39, 452, 111, 56
39, 199, 111, 18
39, 456, 111, 79
39, 331, 111, 38
39, 594, 111, 30
39, 595, 111, 88
39, 347, 111, 4
39, 485, 111, 84
39, 489, 111, 39
39, 506, 111, 45
39, 257, 112, 73
39, 3, 112, 27
39, 9, 112, 59
39, 15, 112, 94
39, 536, 112, 67
39, 32, 112, 45
39, 551, 112, 11
39, 43, 112, 79
39, 433, 112, 92
39, 54, 112, 19
39, 569, 112, 5
39, 575, 112, 34
39, 199, 112, 18
39, 328, 112, 9
39, 202, 112, 77
39, 595, 112, 88
39, 211, 112, 89
39, 348, 112, 78
39, 478, 112, 18
39, 98, 112, 13
39, 360, 112, 68
39, 373, 112, 50
39, 247, 112, 4
39, 352, 113, 67
39, 418, 113, 51
39, 583, 113, 12
39, 236, 113, 64
39, 77, 113, 37
39, 302, 113, 16
39, 400, 113, 86
39, 214, 113, 84
39, 91, 113, 36
39, 387, 114, 51
39, 136, 114, 93
39, 521, 114, 74
39, 531, 114, 42
39, 149, 114, 4
39, 407, 114, 18
39, 152, 114, 30
39, 291, 114, 78
39, 421, 114, 16
39, 301, 114, 31
39, 443, 114, 52
39, 193, 114, 2
39, 329, 114, 74
39, 83, 114, 21
39, 212, 114, 91
39, 85, 114, 3
39, 482, 114, 30
39, 102, 114, 15
39, 233, 114, 96
39, 381, 114, 33
39, 255, 114, 60
39, 320, 115, 27
39, 321, 115, 96
39, 163, 115, 28
39, 452, 115, 56
39, 133, 115, 38
39, 583, 115, 12
39, 393, 115, 19
39, 395, 115, 33
39, 273, 115, 1
39, 562, 115, 41
39, 371, 115, 7
39, 178, 115, 26
39, 374, 115, 80
39, 247, 115, 4
39, 477, 115, 84
39, 542, 115, 25
39, 576, 116, 19
39, 545, 116, 94
39, 229, 116, 21
39, 167, 116, 77
39, 554, 116, 21
39, 427, 116, 2
39, 80, 116, 11
39, 144, 116, 86
39, 405, 116, 91
39, 120, 116, 74
39, 510, 116, 8
39, 479, 116, 96
39, 354, 117, 43
39, 585, 117, 88
39, 587, 117, 29
39, 431, 117, 48
39, 367, 117, 46
39, 338, 117, 45
39, 180, 117, 87
39, 405, 117, 91
39, 55, 117, 12
39, 251, 117, 78
39, 31, 117, 95
39, 7, 118, 95
39, 103, 118, 44
39, 74, 118, 97
39, 205, 118, 44
39, 337, 118, 100
39, 244, 118, 46
39, 250, 118, 38
39, 513, 119, 53
39, 264, 119, 20
39, 13, 119, 69
39, 558, 119, 37
39, 273, 119, 1
39, 274, 119, 14
39, 210, 119, 58
39, 434, 119, 11
39, 309, 119, 97
39, 247, 119, 4
39, 56, 119, 75
39, 349, 119, 42
39, 260, 120, 5
39, 273, 120, 1
39, 531, 120, 42
39, 533, 120, 27
39, 283, 120, 14
39, 416, 120, 56
39, 41, 120, 62
39, 563, 120, 99
39, 315, 120, 36
39, 576, 120, 19
39, 449, 120, 29
39, 585, 120, 88
39, 470, 120, 44
39, 344, 120, 27
39, 474, 120, 37
39, 477, 120, 84
39, 479, 120, 96
39, 225, 120, 45
39, 99, 120, 72
39, 243, 120, 44
39, 249, 120, 51
39, 125, 120, 12
39, 127, 120, 39
39, 131, 121, 1
39, 266, 121, 58
39, 405, 121, 91
39, 538, 121, 72
39, 158, 121, 61
39, 168, 121, 60
39, 298, 121, 61
39, 431, 121, 48
39, 55, 121, 12
39, 575, 121, 34
39, 65, 121, 6
39, 450, 121, 56
39, 325, 121, 91
39, 466, 121, 36
39, 339, 121, 78
39, 216, 121, 79
39, 346, 121, 94
39, 228, 121, 77
39, 238, 121, 54
39, 113, 121, 68
39, 254, 121, 3
39, 1, 122, 26
39, 138, 122, 28
39, 399, 122, 27
39, 148, 122, 95
39, 405, 122, 91
39, 288, 122, 91
39, 168, 122, 60
39, 554, 122, 21
39, 302, 122, 16
39, 306, 122, 25
39, 564, 122, 38
39, 183, 122, 60
39, 57, 122, 57
39, 579, 122, 88
39, 327, 122, 70
39, 333, 122, 70
39, 335, 122, 98
39, 468, 122, 98
39, 365, 122, 57
39, 375, 122, 77
39, 125, 122, 12
39, 481, 123, 60
39, 356, 123, 6
39, 261, 123, 33
39, 455, 123, 91
39, 365, 123, 57
39, 178, 123, 26
39, 149, 123, 4
39, 246, 123, 65
39, 62, 123, 38
39, 158, 123, 61
39, 514, 124, 17
39, 263, 124, 73
39, 527, 124, 56
39, 408, 124, 75
39, 410, 124, 79
39, 31, 124, 95
39, 165, 124, 73
39, 422, 124, 90
39, 167, 124, 77
39, 41, 124, 62
39, 431, 124, 48
39, 566, 124, 5
39, 316, 124, 47
39, 573, 124, 28
39, 63, 124, 36
39, 329, 124, 74
39, 207, 124, 2
39, 210, 124, 58
39, 85, 124, 3
39, 352, 124, 67
39, 500, 124, 8
39, 117, 124, 93
39, 123, 124, 57
39, 510, 124, 8
39, 127, 124, 39
39, 163, 125, 28
39, 85, 125, 3
39, 437, 125, 6
39, 186, 125, 95
39, 187, 125, 95
39, 295, 126, 95
39, 40, 126, 29
39, 447, 126, 3
39, 490, 126, 70
39, 172, 126, 42
39, 150, 126, 3
39, 377, 126, 24
39, 222, 126, 42
39, 479, 126, 96
39, 96, 127, 72
39, 0, 127, 98
39, 133, 127, 38
39, 169, 127, 18
39, 490, 127, 70
39, 361, 127, 70
39, 524, 127, 39
39, 365, 127, 57
39, 271, 127, 80
39, 499, 127, 4
39, 436, 127, 21
39, 149, 127, 4
39, 598, 127, 50
39, 118, 127, 92
39, 438, 127, 59
39, 505, 127, 69
39, 502, 127, 4
39, 31, 127, 95
39, 192, 128, 68
39, 1, 128, 26
39, 452, 128, 56
39, 295, 128, 95
39, 40, 128, 29
39, 557, 128, 31
39, 404, 128, 21
39, 406, 128, 41
39, 506, 128, 45
39, 59, 128, 70
39, 444, 128, 43
39, 61, 128, 47
39, 514, 129, 17
39, 141, 129, 14
39, 239, 129, 26
39, 562, 129, 41
39, 541, 129, 60
39, 318, 129, 32
39, 512, 130, 50
39, 387, 130, 51
39, 515, 130, 44
39, 5, 130, 96
39, 260, 130, 5
39, 148, 130, 95
39, 28, 130, 13
39, 542, 130, 25
39, 38, 130, 23
39, 298, 130, 61
39, 170, 130, 67
39, 172, 130, 42
39, 560, 130, 34
39, 178, 130, 26
39, 187, 130, 95
39, 188, 130, 43
39, 61, 130, 47
39, 579, 130, 88
39, 458, 130, 72
39, 466, 130, 36
39, 88, 130, 8
39, 348, 130, 78
39, 350, 130, 89
39, 225, 130, 45
39, 511, 130, 5
39, 260, 131, 5
39, 134, 131, 24
39, 391, 131, 1
39, 10, 131, 22
39, 21, 131, 72
39, 535, 131, 17
39, 156, 131, 18
39, 162, 131, 57
39, 419, 131, 73
39, 422, 131, 90
39, 550, 131, 36
39, 430, 131, 29
39, 175, 131, 16
39, 438, 131, 59
39, 321, 131, 96
39, 454, 131, 68
39, 70, 131, 77
39, 458, 131, 72
39, 205, 131, 44
39, 216, 131, 79
39, 475, 131, 90
39, 99, 131, 72
39, 364, 131, 100
39, 379, 131, 89
39, 477, 132, 84
39, 321, 132, 96
39, 131, 132, 1
39, 548, 132, 69
39, 516, 132, 14
39, 198, 132, 57
39, 324, 132, 92
39, 580, 132, 23
39, 424, 132, 66
39, 429, 132, 83
39, 143, 132, 95
39, 208, 132, 50
39, 434, 132, 11
39, 179, 132, 84
39, 438, 132, 59
39, 247, 132, 4
39, 246, 132, 65
39, 317, 132, 98
39, 417, 133, 99
39, 3, 133, 27
39, 423, 133, 14
39, 105, 133, 66
39, 235, 133, 16
39, 395, 133, 33
39, 272, 133, 13
39, 17, 133, 56
39, 152, 133, 30
39, 273, 133, 1
39, 53, 133, 93
39, 24, 133, 91
39, 409, 133, 59
39, 346, 133, 94
39, 509, 133, 60
39, 286, 133, 69
39, 64, 134, 93
39, 576, 134, 19
39, 37, 134, 8
39, 486, 134, 1
39, 6, 134, 2
39, 457, 134, 14
39, 108, 134, 17
39, 556, 134, 38
39, 526, 134, 75
39, 12, 134, 24
39, 370, 134, 82
39, 53, 134, 93
39, 567, 134, 20
39, 250, 134, 38
39, 348, 134, 78
39, 450, 135, 56
39, 195, 135, 61
39, 514, 135, 17
39, 517, 135, 78
39, 363, 135, 8
39, 460, 135, 95
39, 463, 135, 65
39, 112, 135, 8
39, 208, 135, 50
39, 242, 135, 63
39, 468, 135, 98
39, 569, 135, 5
39, 380, 135, 4
39, 573, 135, 28
39, 286, 135, 69
39, 5, 136, 96
39, 8, 136, 63
39, 10, 136, 22
39, 140, 136, 82
39, 143, 136, 95
39, 19, 136, 9
39, 405, 136, 91
39, 409, 136, 59
39, 37, 136, 8
39, 42, 136, 67
39, 178, 136, 26
39, 307, 136, 73
39, 572, 136, 27
39, 452, 136, 56
39, 581, 136, 10
39, 588, 136, 38
39, 332, 136, 70
39, 463, 136, 65
39, 218, 136, 89
39, 474, 136, 37
39, 350, 136, 89
39, 483, 136, 53
39, 359, 136, 14
39, 236, 136, 64
39, 244, 136, 46
39, 421, 137, 16
39, 46, 137, 2
39, 558, 137, 37
39, 242, 137, 63
39, 213, 137, 9
39, 342, 137, 34
39, 157, 137, 80
39, 573, 137, 28
39, 41, 138, 62
39, 495, 138, 19
39, 339, 138, 78
39, 502, 138, 4
39, 343, 138, 27
39, 184, 138, 6
39, 539, 138, 49
39, 256, 139, 17
39, 324, 139, 92
39, 38, 139, 23
39, 104, 139, 40
39, 424, 139, 66
39, 522, 139, 25
39, 206, 139, 47
39, 366, 139, 47
39, 46, 139, 2
39, 561, 139, 64
39, 306, 139, 25
39, 148, 139, 95
39, 277, 139, 42
39, 502, 139, 4
39, 87, 139, 49
39, 472, 139, 74
39, 155, 139, 74
39, 511, 139, 5
39, 480, 140, 95
39, 176, 140, 99
39, 112, 140, 8
39, 370, 140, 82
39, 372, 140, 67
39, 22, 140, 65
39, 315, 140, 36
39, 508, 140, 82
39, 257, 141, 73
39, 292, 141, 51
39, 296, 141, 68
39, 8, 141, 63
39, 522, 141, 25
39, 268, 141, 2
39, 493, 141, 99
39, 174, 141, 18
39, 460, 141, 95
39, 342, 141, 34
39, 55, 141, 12
39, 249, 141, 51
39, 347, 141, 4
39, 380, 141, 4
39, 189, 141, 1
39, 286, 141, 69
39, 129, 142, 58
39, 267, 142, 25
39, 11, 142, 1
39, 141, 142, 14
39, 155, 142, 74
39, 43, 142, 79
39, 178, 142, 26
39, 571, 142, 23
39, 453, 142, 17
39, 206, 142, 47
39, 465, 142, 25
39, 213, 142, 9
39, 477, 142, 84
39, 350, 142, 89
39, 223, 142, 14
39, 352, 142, 67
39, 224, 142, 51
39, 99, 142, 72
39, 102, 142, 15
39, 240, 142, 93
39, 118, 142, 92
39, 249, 142, 51
39, 388, 143, 8
39, 263, 143, 73
39, 7, 143, 95
39, 272, 143, 13
39, 405, 143, 91
39, 539, 143, 49
39, 412, 143, 6
39, 28, 143, 13
39, 159, 143, 23
39, 422, 143, 90
39, 423, 143, 14
39, 169, 143, 18
39, 175, 143, 16
39, 49, 143, 20
39, 52, 143, 86
39, 570, 143, 40
39, 60, 143, 95
39, 188, 143, 43
39, 578, 143, 85
39, 330, 143, 72
39, 337, 143, 100
39, 593, 143, 81
39, 220, 143, 15
39, 356, 143, 6
39, 369, 143, 37
39, 545, 144, 94
39, 449, 144, 29
39, 198, 144, 57
39, 264, 144, 20
39, 9, 144, 59
39, 73, 144, 78
39, 12, 144, 24
39, 141, 144, 14
39, 404, 144, 21
39, 54, 144, 19
39, 121, 144, 36
39, 222, 144, 42
39, 224, 145, 51
39, 418, 145, 51
39, 34, 145, 64
39, 357, 145, 35
39, 198, 145, 57
39, 293, 145, 15
39, 425, 145, 77
39, 15, 145, 94
39, 178, 145, 26
39, 307, 145, 73
39, 411, 145, 98
39, 376, 145, 74
39, 539, 145, 49
39, 510, 145, 8
39, 319, 145, 68
39, 234, 146, 84
39, 532, 146, 93
39, 597, 146, 35
39, 245, 146, 32
39, 86, 146, 45
39, 152, 146, 30
39, 54, 146, 19
39, 219, 146, 49
39, 261, 147, 33
39, 523, 147, 24
39, 397, 147, 47
39, 412, 147, 6
39, 423, 147, 14
39, 430, 147, 29
39, 306, 147, 25
39, 52, 147, 86
39, 443, 147, 52
39, 66, 147, 61
39, 463, 147, 65
39, 211, 147, 89
39, 248, 147, 38
39, 230, 147, 22
39, 109, 147, 72
39, 110, 147, 44
39, 494, 147, 25
39, 120, 147, 74
39, 508, 147, 82
39, 259, 148, 53
39, 264, 148, 20
39, 12, 148, 24
39, 30, 148, 20
39, 423, 148, 14
39, 44, 148, 74
39, 46, 148, 2
39, 61, 148, 47
39, 194, 148, 51
39, 323, 148, 56
39, 202, 148, 77
39, 79, 148, 45
39, 336, 148, 54
39, 214, 148, 84
39, 351, 148, 1
39, 367, 148, 46
39, 242, 148, 63
39, 126, 148, 33
39, 383, 148, 50
39, 196, 149, 2
39, 171, 149, 60
39, 429, 149, 83
39, 589, 149, 74
39, 143, 149, 95
39, 336, 149, 54
39, 178, 149, 26
39, 277, 149, 42
39, 117, 149, 93
39, 535, 149, 17
39, 409, 149, 59
39, 123, 149, 57
39, 28, 149, 13
39, 384, 150, 19
39, 8, 150, 63
39, 154, 150, 79
39, 544, 150, 46
39, 549, 150, 16
39, 427, 150, 2
39, 45, 150, 46
39, 55, 150, 12
39, 62, 150, 38
39, 318, 150, 32
39, 190, 150, 38
39, 460, 150, 95
39, 77, 150, 37
39, 462, 150, 3
39, 83, 150, 21
39, 211, 150, 89
39, 341, 150, 76
39, 218, 150, 89
39, 219, 150, 49
39, 478, 150, 18
39, 362, 150, 34
39, 491, 150, 43
39, 234, 150, 84
39, 496, 150, 43
39, 386, 151, 77
39, 427, 151, 2
39, 214, 151, 84
39, 184, 151, 6
39, 537, 151, 20
39, 571, 151, 23
39, 318, 151, 32
39, 512, 152, 50
39, 388, 152, 8
39, 144, 152, 86
39, 528, 152, 26
39, 279, 152, 34
39, 413, 152, 69
39, 287, 152, 16
39, 546, 152, 56
39, 39, 152, 21
39, 573, 152, 28
39, 320, 152, 27
39, 577, 152, 62
39, 450, 152, 56
39, 449, 152, 29
39, 205, 152, 44
39, 335, 152, 98
39, 471, 152, 91
39, 354, 152, 43
39, 100, 152, 68
39, 489, 152, 39
39, 113, 152, 68
39, 247, 152, 4
39, 225, 153, 45
39, 97, 153, 41
39, 420, 153, 63
39, 261, 153, 33
39, 70, 153, 77
39, 583, 153, 12
39, 200, 153, 31
39, 43, 153, 79
39, 396, 153, 95
39, 44, 153, 74
39, 205, 153, 44
39, 241, 153, 19
39, 405, 153, 91
39, 21, 153, 72
39, 407, 153, 18
39, 566, 153, 5
39, 226, 154, 77
39, 357, 154, 35
39, 359, 154, 14
39, 447, 154, 3
39, 202, 154, 77
39, 491, 154, 43
39, 554, 154, 21
39, 525, 154, 96
39, 236, 154, 64
39, 367, 154, 46
39, 338, 154, 45
39, 339, 154, 78
39, 308, 154, 73
39, 598, 154, 50
39, 247, 154, 4
39, 124, 154, 86
39, 511, 154, 5
39, 259, 155, 53
39, 421, 155, 16
39, 40, 155, 29
39, 523, 155, 24
39, 589, 155, 74
39, 558, 155, 37
39, 179, 155, 84
39, 89, 155, 51
39, 386, 156, 77
39, 164, 156, 84
39, 262, 156, 39
39, 327, 156, 70
39, 40, 156, 29
39, 38, 156, 23
39, 330, 156, 72
39, 396, 156, 95
39, 242, 156, 63
39, 51, 156, 15
39, 85, 156, 3
39, 412, 156, 6
39, 255, 156, 60
39, 484, 157, 12
39, 294, 157, 76
39, 583, 157, 12
39, 360, 157, 68
39, 393, 157, 19
39, 520, 157, 58
39, 456, 157, 79
39, 204, 157, 44
39, 14, 157, 72
39, 177, 157, 66
39, 570, 157, 40
39, 348, 157, 78
39, 444, 157, 43
39, 380, 157, 4
39, 163, 158, 28
39, 580, 158, 23
39, 453, 158, 17
39, 554, 158, 21
39, 266, 158, 58
39, 433, 158, 92
39, 531, 158, 42
39, 437, 158, 6
39, 565, 158, 13
39, 23, 158, 10
39, 312, 158, 31
39, 345, 158, 37
39, 250, 158, 38
39, 571, 158, 23
39, 290, 159, 6
39, 262, 159, 39
39, 135, 159, 53
39, 109, 159, 72
39, 15, 159, 94
39, 304, 159, 31
39, 339, 159, 78
39, 213, 159, 9
39, 258, 160, 30
39, 259, 160, 53
39, 325, 160, 91
39, 581, 160, 10
39, 263, 160, 73
39, 135, 160, 53
39, 454, 160, 68
39, 234, 160, 84
39, 557, 160, 31
39, 237, 160, 26
39, 591, 160, 95
39, 48, 160, 90
39, 398, 160, 21
39, 379, 160, 89
39, 246, 160, 65
39, 599, 160, 69
39, 282, 160, 31
39, 283, 160, 14
39, 258, 161, 30
39, 388, 161, 8
39, 133, 161, 38
39, 7, 161, 95
39, 391, 161, 1
39, 405, 161, 91
39, 26, 161, 64
39, 282, 161, 31
39, 410, 161, 79
39, 286, 161, 69
39, 423, 161, 14
39, 170, 161, 67
39, 42, 161, 67
39, 179, 161, 84
39, 308, 161, 73
39, 312, 161, 31
39, 192, 161, 68
39, 321, 161, 96
39, 324, 161, 92
39, 457, 161, 14
39, 599, 161, 69
39, 96, 161, 72
39, 488, 161, 27
39, 108, 161, 17
39, 544, 162, 46
39, 134, 162, 24
39, 329, 162, 74
39, 145, 162, 81
39, 280, 162, 29
39, 256, 163, 17
39, 258, 163, 30
39, 133, 163, 38
39, 143, 163, 95
39, 418, 163, 51
39, 559, 163, 42
39, 443, 163, 52
39, 573, 163, 28
39, 575, 163, 34
39, 66, 163, 61
39, 583, 163, 12
39, 82, 163, 88
39, 212, 163, 91
39, 470, 163, 44
39, 343, 163, 27
39, 93, 163, 42
39, 226, 163, 77
39, 484, 163, 12
39, 233, 163, 96
39, 489, 163, 39
39, 363, 163, 8
39, 370, 163, 82
39, 510, 163, 8
39, 449, 164, 29
39, 578, 164, 85
39, 68, 164, 74
39, 281, 164, 38
39, 200, 164, 31
39, 233, 164, 96
39, 169, 164, 18
39, 267, 164, 25
39, 523, 164, 24
39, 591, 164, 95
39, 18, 164, 49
39, 308, 164, 73
39, 87, 164, 49
39, 183, 164, 60
39, 248, 164, 38
39, 473, 164, 89
39, 311, 164, 25
39, 127, 164, 39
39, 4, 165, 60
39, 20, 165, 14
39, 276, 165, 69
39, 286, 165, 69
39, 554, 165, 21
39, 431, 165, 48
39, 434, 165, 11
39, 306, 165, 25
39, 181, 165, 42
39, 56, 165, 75
39, 83, 165, 21
39, 473, 165, 89
39, 217, 165, 93
39, 100, 165, 68
39, 490, 165, 70
39, 107, 165, 18
39, 364, 165, 100
39, 109, 165, 72
39, 235, 165, 16
39, 505, 165, 69
39, 517, 166, 78
39, 265, 166, 12
39, 107, 166, 18
39, 75, 166, 80
39, 591, 166, 95
39, 239, 166, 26
39, 51, 166, 15
39, 500, 166, 8
39, 534, 166, 55
39, 155, 166, 74
39, 413, 166, 69
39, 415, 166, 50
39, 0, 167, 98
39, 401, 167, 93
39, 20, 167, 14
39, 281, 167, 38
39, 537, 167, 20
39, 546, 167, 56
39, 163, 167, 28
39, 418, 167, 51
39, 429, 167, 83
39, 561, 167, 64
39, 571, 167, 23
39, 197, 167, 97
39, 589, 167, 74
39, 346, 167, 94
39, 219, 167, 49
39, 349, 167, 42
39, 222, 167, 42
39, 357, 167, 35
39, 232, 167, 9
39, 501, 167, 7
39, 506, 167, 45
39, 251, 167, 78
39, 252, 167, 97
39, 386, 168, 77
39, 104, 168, 40
39, 424, 168, 66
39, 76, 168, 35
39, 271, 168, 80
39, 249, 168, 51
39, 283, 168, 14
39, 574, 168, 34
39, 512, 169, 50
39, 140, 169, 82
39, 397, 169, 47
39, 141, 169, 14
39, 272, 169, 13
39, 530, 169, 7
39, 278, 169, 86
39, 26, 169, 64
39, 155, 169, 74
39, 35, 169, 45
39, 300, 169, 41
39, 430, 169, 29
39, 176, 169, 99
39, 432, 169, 89
39, 570, 169, 40
39, 459, 169, 36
39, 82, 169, 88
39, 470, 169, 44
39, 96, 169, 72
39, 353, 169, 91
39, 98, 169, 13
39, 227, 169, 99
39, 103, 169, 44
39, 123, 169, 57
39, 419, 170, 73
39, 388, 170, 8
39, 452, 170, 56
39, 426, 170, 29
39, 511, 170, 5
39, 12, 170, 24
39, 589, 170, 74
39, 236, 170, 64
39, 239, 170, 26
39, 124, 170, 86
39, 299, 170, 43
39, 276, 170, 69
39, 52, 170, 86
39, 570, 170, 40
39, 56, 170, 75
39, 250, 170, 38
39, 572, 170, 27
39, 319, 170, 68
39, 383, 171, 50
39, 104, 171, 40
39, 359, 171, 14
39, 426, 171, 29
39, 524, 171, 39
39, 494, 171, 25
39, 16, 171, 31
39, 337, 171, 100
39, 208, 171, 50
39, 531, 171, 42
39, 212, 171, 91
39, 595, 171, 88
39, 150, 171, 3
39, 90, 171, 28
39, 347, 171, 4
39, 351, 171, 1
39, 1, 172, 26
39, 134, 172, 24
39, 14, 172, 72
39, 149, 172, 4
39, 159, 172, 23
39, 165, 172, 73
39, 553, 172, 45
39, 178, 172, 26
39, 180, 172, 87
39, 313, 172, 31
39, 444, 172, 43
39, 319, 172, 68
39, 464, 172, 95
39, 467, 172, 24
39, 212, 172, 91
39, 471, 172, 91
39, 217, 172, 93
39, 218, 172, 89
39, 351, 172, 1
39, 503, 172, 9
39, 504, 172, 54
39, 506, 172, 45
39, 127, 172, 39
39, 582, 173, 74
39, 296, 173, 68
39, 425, 173, 77
39, 106, 173, 37
39, 43, 173, 79
39, 172, 173, 42
39, 250, 173, 38
39, 284, 173, 3
39, 354, 174, 43
39, 357, 174, 35
39, 27, 174, 85
39, 425, 174, 77
39, 431, 174, 48
39, 273, 174, 1
39, 51, 174, 15
39, 30, 174, 20
39, 503, 174, 9
39, 312, 174, 31
39, 122, 174, 53
39, 251, 174, 78
39, 317, 174, 98
39, 254, 174, 3
39, 515, 175, 44
39, 149, 175, 4
39, 151, 175, 61
39, 282, 175, 31
39, 29, 175, 78
39, 33, 175, 73
39, 162, 175, 57
39, 546, 175, 56
39, 294, 175, 76
39, 45, 175, 46
39, 432, 175, 89
39, 54, 175, 19
39, 331, 175, 38
39, 208, 175, 50
39, 594, 175, 30
39, 85, 175, 3
39, 491, 175, 43
39, 371, 175, 7
39, 247, 175, 4
39, 127, 175, 39
39, 257, 176, 73
39, 386, 176, 77
39, 513, 176, 53
39, 519, 176, 8
39, 392, 176, 6
39, 8, 176, 63
39, 139, 176, 39
39, 404, 176, 21
39, 30, 176, 20
39, 289, 176, 63
39, 302, 176, 16
39, 306, 176, 25
39, 439, 176, 53
39, 59, 176, 70
39, 60, 176, 95
39, 585, 176, 88
39, 335, 176, 98
39, 210, 176, 58
39, 597, 176, 35
39, 87, 176, 49
39, 223, 176, 14
39, 487, 176, 25
39, 495, 176, 19
39, 139, 177, 39
39, 282, 177, 31
39, 158, 177, 61
39, 415, 177, 50
39, 548, 177, 69
39, 42, 177, 67
39, 171, 177, 60
39, 174, 177, 18
39, 430, 177, 29
39, 56, 177, 75
39, 568, 177, 20
39, 189, 177, 1
39, 70, 177, 77
39, 467, 177, 24
39, 347, 177, 4
39, 225, 177, 45
39, 494, 177, 25
39, 502, 177, 4
39, 121, 177, 36
39, 389, 178, 45
39, 19, 178, 9
39, 276, 178, 69
39, 281, 178, 38
39, 286, 178, 69
39, 427, 178, 2
39, 175, 178, 16
39, 563, 178, 99
39, 447, 178, 3
39, 63, 178, 36
39, 450, 178, 56
39, 591, 178, 95
39, 343, 178, 27
39, 90, 178, 28
39, 91, 178, 36
39, 96, 178, 72
39, 233, 178, 96
39, 107, 178, 18
39, 497, 178, 94
39, 376, 178, 74
39, 378, 178, 82
39, 514, 179, 17
39, 135, 179, 53
39, 523, 179, 24
39, 396, 179, 95
39, 397, 179, 47
39, 273, 179, 1
39, 147, 179, 77
39, 538, 179, 72
39, 540, 179, 72
39, 416, 179, 56
39, 420, 179, 63
39, 39, 179, 21
39, 47, 179, 89
39, 576, 179, 19
39, 323, 179, 56
39, 74, 179, 97
39, 203, 179, 64
39, 351, 179, 1
39, 224, 179, 51
39, 246, 179, 65
39, 119, 179, 8
39, 139, 180, 39
39, 467, 180, 24
39, 284, 180, 3
39, 541, 180, 60
39, 543, 180, 32
39, 384, 181, 19
39, 257, 181, 73
39, 130, 181, 74
39, 261, 181, 33
39, 10, 181, 22
39, 526, 181, 75
39, 149, 181, 4
39, 422, 181, 90
39, 559, 181, 42
39, 49, 181, 20
39, 567, 181, 20
39, 318, 181, 32
39, 594, 181, 30
39, 468, 181, 98
39, 85, 181, 3
39, 470, 181, 44
39, 343, 181, 27
39, 346, 181, 94
39, 92, 181, 28
39, 107, 181, 18
39, 544, 182, 46
39, 320, 182, 27
39, 480, 182, 95
39, 227, 182, 99
39, 164, 182, 84
39, 165, 182, 73
39, 581, 182, 10
39, 322, 182, 99
39, 265, 182, 12
39, 234, 182, 84
39, 522, 182, 25
39, 334, 182, 76
39, 143, 182, 95
39, 27, 182, 85
39, 540, 182, 72
39, 7, 183, 95
39, 359, 183, 14
39, 554, 183, 21
39, 53, 183, 93
39, 447, 183, 3
39, 0, 184, 98
39, 421, 184, 16
39, 454, 184, 68
39, 359, 184, 14
39, 8, 184, 63
39, 456, 184, 79
39, 568, 184, 20
39, 202, 184, 77
39, 393, 184, 19
39, 230, 184, 22
39, 592, 184, 58
39, 534, 184, 55
39, 503, 184, 9
39, 184, 184, 6
39, 61, 184, 47
39, 286, 184, 69
39, 543, 184, 32
39, 224, 185, 51
39, 421, 185, 16
39, 199, 185, 18
39, 104, 185, 40
39, 9, 185, 59
39, 39, 185, 21
39, 363, 185, 8
39, 584, 185, 92
39, 237, 185, 26
39, 111, 185, 6
39, 277, 185, 42
39, 280, 185, 29
39, 11, 186, 1
39, 495, 186, 19
39, 505, 186, 69
39, 27, 186, 85
39, 543, 186, 32
39, 512, 187, 50
39, 259, 187, 53
39, 133, 187, 38
39, 411, 187, 98
39, 162, 187, 57
39, 426, 187, 29
39, 430, 187, 29
39, 177, 187, 66
39, 564, 187, 38
39, 324, 187, 92
39, 453, 187, 17
39, 70, 187, 77
39, 462, 187, 3
39, 220, 187, 15
39, 476, 187, 32
39, 107, 187, 18
39, 364, 187, 100
39, 240, 187, 93
39, 127, 187, 39
39, 579, 188, 88
39, 453, 188, 17
39, 231, 188, 45
39, 337, 188, 100
39, 84, 188, 31
39, 246, 188, 65
39, 375, 188, 77
39, 158, 188, 61
39, 392, 189, 6
39, 393, 189, 19
39, 532, 189, 93
39, 276, 189, 69
39, 411, 189, 98
39, 414, 189, 19
39, 544, 189, 46
39, 33, 189, 73
39, 36, 189, 24
39, 557, 189, 31
39, 438, 189, 59
39, 566, 189, 5
39, 56, 189, 75
39, 579, 189, 88
39, 73, 189, 78
39, 210, 189, 58
39, 481, 189, 60
39, 102, 189, 15
39, 249, 189, 51
39, 355, 190, 9
39, 421, 190, 16
39, 329, 190, 74
39, 522, 190, 25
39, 234, 190, 84
39, 363, 190, 8
39, 142, 190, 18
39, 174, 190, 18
39, 528, 190, 26
39, 273, 190, 1
39, 531, 190, 42
39, 407, 190, 18
39, 217, 190, 93
39, 318, 190, 32
39, 511, 190, 5
39, 288, 191, 91
39, 263, 191, 73
39, 147, 191, 77
39, 377, 191, 24
39, 251, 191, 78
39, 518, 192, 67
39, 232, 192, 9
39, 10, 192, 22
39, 11, 192, 1
39, 534, 192, 55
39, 225, 193, 45
39, 334, 193, 76
39, 304, 193, 31
39, 305, 193, 45
39, 49, 193, 20
39, 434, 193, 11
39, 120, 193, 74
39, 56, 193, 75
39, 317, 193, 98
39, 190, 193, 38
39, 353, 194, 91
39, 4, 194, 60
39, 361, 194, 70
39, 394, 194, 92
39, 554, 194, 21
39, 492, 194, 83
39, 331, 194, 38
39, 494, 194, 25
39, 364, 194, 100
39, 433, 194, 92
39, 499, 194, 4
39, 180, 194, 87
39, 564, 194, 38
39, 340, 194, 58
39, 346, 194, 94
39, 412, 194, 6
39, 221, 194, 10
39, 446, 194, 87
39, 383, 195, 50
39, 136, 195, 93
39, 12, 195, 24
39, 527, 195, 56
39, 274, 195, 14
39, 402, 195, 3
39, 534, 195, 55
39, 283, 195, 14
39, 544, 195, 46
39, 547, 195, 73
39, 292, 195, 51
39, 425, 195, 77
39, 439, 195, 53
39, 70, 195, 77
39, 584, 195, 92
39, 211, 195, 89
39, 478, 195, 18
39, 352, 195, 67
39, 482, 195, 30
39, 501, 195, 7
39, 255, 195, 60
39, 520, 196, 58
39, 266, 196, 58
39, 396, 196, 95
39, 146, 196, 52
39, 154, 196, 79
39, 423, 196, 14
39, 299, 196, 43
39, 305, 196, 45
39, 179, 196, 84
39, 53, 196, 93
39, 570, 196, 40
39, 192, 196, 68
39, 585, 196, 88
39, 76, 196, 35
39, 78, 196, 59
39, 469, 196, 11
39, 214, 196, 84
39, 370, 196, 82
39, 114, 196, 75
39, 242, 196, 63
39, 251, 196, 78
39, 159, 197, 23
39, 323, 197, 56
39, 105, 197, 66
39, 428, 197, 22
39, 109, 197, 72
39, 111, 197, 6
39, 209, 197, 20
39, 347, 197, 4
39, 467, 197, 24
39, 531, 197, 42
39, 307, 197, 73
39, 147, 197, 77
39, 253, 197, 55
39, 218, 197, 89
39, 283, 197, 14
39, 541, 197, 60
39, 351, 197, 1
39, 257, 198, 73
39, 261, 198, 33
39, 136, 198, 93
39, 13, 198, 69
39, 531, 198, 42
39, 23, 198, 10
39, 409, 198, 59
39, 34, 198, 64
39, 303, 198, 16
39, 306, 198, 25
39, 437, 198, 6
39, 186, 198, 95
39, 575, 198, 34
39, 196, 198, 2
39, 70, 198, 77
39, 463, 198, 65
39, 81, 198, 26
39, 597, 198, 35
39, 88, 198, 8
39, 96, 198, 72
39, 361, 198, 70
39, 241, 198, 19
39, 501, 198, 7
39, 380, 198, 4
39, 509, 198, 60
39, 1, 199, 26
39, 517, 199, 78
39, 143, 199, 95
39, 24, 199, 91
39, 536, 199, 67
39, 413, 199, 69
39, 31, 199, 95
39, 172, 199, 42
39, 562, 199, 41
39, 442, 199, 65
39, 444, 199, 43
39, 208, 199, 50
39, 338, 199, 45
39, 86, 199, 45
39, 479, 199, 96
39, 95, 199, 64
39, 481, 199, 60
39, 226, 199, 77
39, 98, 199, 13
39, 231, 199, 45
39, 103, 199, 44
39, 237, 199, 26
39, 111, 199, 6
39, 371, 199, 7
39, 161, 200, 70
39, 297, 200, 57
39, 270, 200, 27
39, 85, 200, 3
39, 534, 200, 55
39, 149, 200, 4
39, 443, 200, 52
39, 156, 200, 18
39, 3, 201, 27
39, 17, 201, 56
39, 536, 201, 67
39, 155, 201, 74
39, 434, 201, 11
39, 563, 201, 99
39, 181, 201, 42
39, 182, 201, 76
39, 567, 201, 20
39, 316, 201, 47
39, 323, 201, 56
39, 72, 201, 50
39, 588, 201, 38
39, 589, 201, 74
39, 596, 201, 74
39, 214, 201, 84
39, 92, 201, 28
39, 352, 201, 67
39, 365, 201, 57
39, 116, 201, 53
39, 117, 201, 93
39, 509, 201, 60
39, 255, 201, 60
39, 418, 202, 51
39, 355, 202, 9
39, 547, 202, 73
39, 41, 202, 62
39, 458, 202, 72
39, 522, 202, 25
39, 117, 202, 93
39, 87, 202, 49
39, 439, 202, 53
39, 280, 202, 29
39, 221, 202, 10
39, 60, 202, 95
39, 509, 202, 60
39, 415, 202, 50
39, 368, 203, 18
39, 307, 203, 73
39, 568, 203, 20
39, 444, 203, 43
39, 286, 203, 69
39, 128, 204, 100
39, 137, 204, 46
39, 399, 204, 27
39, 402, 204, 3
39, 28, 204, 13
39, 549, 204, 16
39, 168, 204, 60
39, 42, 204, 67
39, 432, 204, 89
39, 457, 204, 14
39, 204, 204, 44
39, 594, 204, 30
39, 347, 204, 4
39, 120, 204, 74
39, 96, 204, 72
39, 376, 204, 74
39, 242, 204, 63
39, 118, 204, 92
39, 248, 204, 38
39, 250, 204, 38
39, 33, 205, 73
39, 130, 205, 74
39, 481, 205, 60
39, 261, 205, 33
39, 168, 205, 60
39, 393, 205, 19
39, 169, 205, 18
39, 9, 205, 59
39, 15, 205, 94
39, 559, 205, 42
39, 209, 205, 20
39, 211, 205, 89
39, 184, 205, 6
39, 57, 205, 57
39, 28, 205, 13
39, 125, 205, 12
39, 319, 205, 68
39, 260, 206, 5
39, 133, 206, 38
39, 134, 206, 24
39, 393, 206, 19
39, 140, 206, 82
39, 272, 206, 13
39, 144, 206, 86
39, 534, 206, 55
39, 28, 206, 13
39, 550, 206, 36
39, 552, 206, 76
39, 44, 206, 74
39, 174, 206, 18
39, 564, 206, 38
39, 192, 206, 68
39, 202, 206, 77
39, 589, 206, 74
39, 597, 206, 35
39, 473, 206, 89
39, 350, 206, 89
39, 497, 206, 94
39, 253, 206, 55
39, 131, 207, 1
39, 141, 207, 14
39, 527, 207, 56
39, 528, 207, 26
39, 277, 207, 42
39, 407, 207, 18
39, 41, 207, 62
39, 426, 207, 29
39, 432, 207, 89
39, 49, 207, 20
39, 180, 207, 87
39, 57, 207, 57
39, 573, 207, 28
39, 580, 207, 23
39, 329, 207, 74
39, 208, 207, 50
39, 469, 207, 11
39, 476, 207, 32
39, 477, 207, 84
39, 221, 207, 10
39, 484, 207, 12
39, 363, 207, 8
39, 253, 207, 55
39, 513, 208, 53
39, 66, 208, 61
39, 134, 208, 24
39, 497, 208, 94
39, 407, 208, 18
39, 160, 209, 32
39, 449, 209, 29
39, 389, 209, 45
39, 169, 209, 18
39, 489, 209, 39
39, 267, 209, 25
39, 588, 209, 38
39, 335, 209, 98
39, 336, 209, 54
39, 305, 209, 45
39, 497, 209, 94
39, 307, 209, 73
39, 532, 209, 93
39, 117, 209, 93
39, 116, 209, 53
39, 95, 209, 64
39, 222, 209, 42
39, 159, 209, 23
39, 460, 210, 95
39, 206, 210, 47
39, 270, 210, 27
39, 48, 210, 90
39, 344, 210, 27
39, 349, 210, 42
39, 574, 210, 34
39, 386, 211, 77
39, 195, 211, 61
39, 130, 211, 74
39, 101, 211, 75
39, 357, 211, 35
39, 41, 211, 62
39, 331, 211, 38
39, 332, 211, 70
39, 364, 211, 100
39, 465, 211, 25
39, 146, 211, 52
39, 369, 211, 37
39, 185, 211, 31
39, 378, 211, 82
39, 443, 211, 52
39, 92, 211, 28
39, 413, 211, 69
39, 128, 212, 100
39, 292, 212, 51
39, 517, 212, 78
39, 400, 212, 86
39, 213, 212, 9
39, 534, 212, 55
39, 66, 213, 61
39, 322, 213, 99
39, 4, 213, 60
39, 453, 213, 17
39, 235, 213, 16
39, 430, 213, 29
39, 46, 213, 2
39, 410, 213, 79
39, 241, 213, 19
39, 82, 213, 88
39, 499, 213, 4
39, 51, 213, 15
39, 438, 213, 59
39, 409, 213, 59
39, 26, 213, 64
39, 444, 213, 43
39, 256, 214, 17
39, 257, 214, 73
39, 272, 214, 13
39, 274, 214, 14
39, 413, 214, 69
39, 158, 214, 61
39, 38, 214, 23
39, 295, 214, 95
39, 170, 214, 67
39, 555, 214, 15
39, 300, 214, 41
39, 432, 214, 89
39, 569, 214, 5
39, 460, 214, 95
39, 336, 214, 54
39, 346, 214, 94
39, 487, 214, 25
39, 495, 214, 19
39, 496, 214, 43
39, 499, 214, 4
39, 3, 215, 27
39, 132, 215, 100
39, 542, 215, 25
39, 274, 215, 14
39, 178, 215, 26
39, 312, 215, 31
39, 185, 215, 31
39, 478, 215, 18
39, 513, 216, 53
39, 395, 216, 33
39, 530, 216, 7
39, 403, 216, 15
39, 290, 216, 6
39, 293, 216, 15
39, 421, 216, 16
39, 169, 216, 18
39, 557, 216, 31
39, 302, 216, 16
39, 567, 216, 20
39, 183, 216, 60
39, 58, 216, 91
39, 189, 216, 1
39, 320, 216, 27
39, 324, 216, 92
39, 457, 216, 14
39, 331, 216, 38
39, 205, 216, 44
39, 77, 216, 37
39, 594, 216, 30
39, 88, 216, 8
39, 473, 216, 89
39, 346, 216, 94
39, 245, 216, 32
39, 132, 217, 100
39, 134, 217, 24
39, 522, 217, 25
39, 22, 217, 65
39, 537, 217, 20
39, 541, 217, 60
39, 33, 217, 73
39, 175, 217, 16
39, 188, 217, 43
39, 574, 217, 34
39, 191, 217, 12
39, 580, 217, 23
39, 455, 217, 91
39, 337, 217, 100
39, 599, 217, 69
39, 90, 217, 28
39, 95, 217, 64
39, 230, 217, 22
39, 109, 217, 72
39, 370, 217, 82
39, 372, 217, 67
39, 376, 217, 74
39, 131, 218, 1
39, 267, 218, 25
39, 274, 218, 14
39, 404, 218, 21
39, 410, 218, 79
39, 542, 218, 25
39, 296, 218, 68
39, 553, 218, 45
39, 425, 218, 77
39, 47, 218, 89
39, 176, 218, 99
39, 180, 218, 87
39, 442, 218, 65
39, 443, 218, 52
39, 450, 218, 56
39, 200, 218, 31
39, 330, 218, 72
39, 209, 218, 20
39, 210, 218, 58
39, 469, 218, 11
39, 598, 218, 50
39, 101, 218, 75
39, 505, 218, 69
39, 122, 218, 53
39, 124, 218, 86
39, 388, 219, 8
39, 373, 219, 50
39, 246, 219, 65
39, 282, 219, 31
39, 28, 219, 13
39, 509, 219, 60
39, 32, 220, 45
39, 225, 220, 45
39, 322, 220, 99
39, 290, 220, 6
39, 133, 220, 38
39, 422, 220, 90
39, 519, 220, 8
39, 111, 220, 6
39, 336, 220, 54
39, 17, 220, 56
39, 368, 220, 18
39, 531, 220, 42
39, 159, 220, 23
39, 262, 221, 39
39, 271, 221, 80
39, 533, 221, 27
39, 26, 221, 64
39, 538, 221, 72
39, 286, 221, 69
39, 30, 221, 20
39, 543, 221, 32
39, 161, 221, 70
39, 162, 221, 57
39, 550, 221, 36
39, 44, 221, 74
39, 559, 221, 42
39, 176, 221, 99
39, 573, 221, 28
39, 61, 221, 47
39, 199, 221, 18
39, 465, 221, 25
39, 475, 221, 90
39, 234, 221, 84
39, 370, 221, 82
39, 246, 221, 65
39, 381, 221, 33
39, 260, 222, 5
39, 523, 222, 24
39, 142, 222, 18
39, 529, 222, 5
39, 278, 222, 86
39, 409, 222, 59
39, 285, 222, 44
39, 167, 222, 77
39, 552, 222, 76
39, 306, 222, 25
39, 68, 222, 74
39, 72, 222, 50
39, 203, 222, 64
39, 460, 222, 95
39, 78, 222, 59
39, 464, 222, 95
39, 209, 222, 20
39, 469, 222, 11
39, 215, 222, 53
39, 374, 222, 80
39, 510, 222, 8
39, 352, 223, 67
39, 516, 223, 14
39, 168, 223, 60
39, 106, 223, 37
39, 268, 223, 2
39, 156, 224, 18
39, 540, 224, 72
39, 29, 224, 78
39, 163, 224, 28
39, 172, 224, 42
39, 558, 224, 37
39, 181, 224, 42
39, 55, 224, 12
39, 185, 224, 31
39, 192, 224, 68
39, 449, 224, 29
39, 199, 224, 18
39, 583, 224, 12
39, 209, 224, 20
39, 83, 224, 21
39, 468, 224, 98
39, 89, 224, 51
39, 351, 224, 1
39, 96, 224, 72
39, 223, 224, 14
39, 104, 224, 40
39, 368, 224, 18
39, 242, 224, 63
39, 373, 224, 50
39, 448, 225, 83
39, 295, 225, 95
39, 330, 225, 72
39, 587, 225, 29
39, 365, 225, 57
39, 462, 225, 3
39, 238, 225, 54
39, 432, 225, 89
39, 529, 225, 5
39, 47, 225, 89
39, 437, 225, 6
39, 88, 225, 8
39, 154, 225, 79
39, 578, 226, 85
39, 489, 226, 39
39, 107, 226, 18
39, 526, 226, 75
39, 528, 226, 26
39, 84, 226, 31
39, 316, 226, 47
39, 218, 226, 89
39, 380, 226, 4
39, 573, 226, 28
39, 350, 226, 89
39, 388, 227, 8
39, 261, 227, 33
39, 267, 227, 25
39, 527, 227, 56
39, 541, 227, 60
39, 159, 227, 23
39, 290, 227, 6
39, 549, 227, 16
39, 39, 227, 21
39, 560, 227, 34
39, 181, 227, 42
39, 329, 227, 74
39, 339, 227, 78
39, 83, 227, 21
39, 347, 227, 4
39, 97, 227, 41
39, 98, 227, 13
39, 102, 227, 15
39, 105, 227, 66
39, 246, 227, 65
39, 118, 227, 92
39, 249, 227, 51
39, 419, 228, 73
39, 550, 228, 36
39, 139, 228, 39
39, 302, 228, 16
39, 143, 228, 95
39, 149, 228, 4
39, 152, 228, 30
39, 250, 228, 38
39, 383, 228, 50
39, 260, 229, 5
39, 399, 229, 27
39, 272, 229, 13
39, 144, 229, 86
39, 531, 229, 42
39, 403, 229, 15
39, 23, 229, 10
39, 408, 229, 75
39, 424, 229, 66
39, 173, 229, 7
39, 558, 229, 37
39, 560, 229, 34
39, 177, 229, 66
39, 443, 229, 52
39, 64, 229, 93
39, 76, 229, 35
39, 338, 229, 45
39, 595, 229, 88
39, 348, 229, 78
39, 359, 229, 14
39, 490, 229, 70
39, 499, 229, 4
39, 250, 229, 38
39, 155, 230, 74
39, 37, 230, 8
39, 171, 230, 60
39, 299, 230, 43
39, 302, 230, 16
39, 568, 230, 20
39, 316, 230, 47
39, 573, 230, 28
39, 575, 230, 34
39, 461, 230, 53
39, 593, 230, 81
39, 598, 230, 50
39, 344, 230, 27
39, 478, 230, 18
39, 225, 230, 45
39, 356, 230, 6
39, 231, 230, 45
39, 364, 230, 100
39, 252, 230, 97
39, 357, 231, 35
39, 108, 231, 17
39, 44, 231, 74
39, 496, 231, 43
39, 529, 231, 5
39, 208, 231, 50
39, 436, 231, 21
39, 55, 231, 12
39, 128, 232, 100
39, 96, 232, 72
39, 547, 232, 73
39, 516, 232, 14
39, 323, 232, 56
39, 169, 232, 18
39, 403, 232, 15
39, 214, 232, 84
39, 282, 232, 31
39, 28, 232, 13
39, 33, 233, 73
39, 226, 233, 77
39, 355, 233, 9
39, 350, 233, 89
39, 478, 233, 18
39, 450, 233, 56
39, 458, 233, 72
39, 108, 233, 17
39, 206, 233, 47
39, 303, 233, 16
39, 432, 233, 89
39, 180, 233, 87
39, 438, 233, 59
39, 57, 233, 57
39, 91, 233, 36
39, 316, 233, 47
39, 222, 233, 42
39, 512, 234, 50
39, 386, 234, 77
39, 2, 234, 8
39, 525, 234, 96
39, 531, 234, 42
39, 159, 234, 23
39, 544, 234, 46
39, 165, 234, 73
39, 303, 234, 16
39, 316, 234, 47
39, 61, 234, 47
39, 66, 234, 61
39, 453, 234, 17
39, 72, 234, 50
39, 205, 234, 44
39, 210, 234, 58
39, 89, 234, 51
39, 219, 234, 49
39, 352, 234, 67
39, 357, 234, 35
39, 361, 234, 70
39, 507, 234, 70
39, 261, 235, 33
39, 231, 235, 45
39, 137, 235, 46
39, 155, 235, 74
39, 591, 235, 95
39, 79, 235, 45
39, 403, 235, 15
39, 340, 235, 58
39, 439, 235, 53
39, 248, 235, 38
39, 25, 235, 14
39, 219, 235, 49
39, 156, 235, 18
39, 222, 235, 42
39, 547, 236, 73
39, 518, 236, 67
39, 428, 236, 22
39, 561, 236, 64
39, 309, 236, 97
39, 374, 236, 80
39, 534, 236, 55
39, 533, 236, 27
39, 437, 236, 6
39, 378, 236, 82
39, 597, 236, 35
39, 183, 236, 60
39, 319, 236, 68
39, 34, 237, 64
39, 516, 237, 14
39, 452, 237, 56
39, 581, 237, 10
39, 199, 237, 18
39, 523, 237, 24
39, 378, 237, 82
39, 526, 237, 75
39, 528, 237, 26
39, 242, 237, 63
39, 114, 237, 75
39, 564, 237, 38
39, 121, 237, 36
39, 122, 237, 53
39, 315, 237, 36
39, 94, 237, 63
39, 407, 238, 18
39, 162, 238, 57
39, 164, 238, 84
39, 567, 238, 20
39, 36, 238, 24
39, 360, 238, 68
39, 425, 238, 77
39, 170, 238, 67
39, 394, 238, 92
39, 74, 238, 97
39, 527, 238, 56
39, 592, 238, 58
39, 20, 238, 14
39, 470, 238, 44
39, 215, 238, 53
39, 376, 238, 74
39, 479, 238, 96
39, 515, 239, 44
39, 228, 239, 77
39, 454, 239, 68
39, 490, 239, 70
39, 462, 239, 3
39, 334, 239, 76
39, 432, 239, 89
39, 52, 239, 86
39, 341, 239, 76
39, 89, 239, 51
39, 570, 239, 40
39, 316, 239, 47
39, 222, 239, 42
39, 32, 240, 45
39, 387, 240, 51
39, 451, 240, 11
39, 485, 240, 84
39, 163, 240, 28
39, 37, 240, 8
39, 72, 240, 50
39, 394, 240, 92
39, 555, 240, 15
39, 238, 240, 54
39, 47, 240, 89
39, 529, 240, 5
39, 434, 240, 11
39, 435, 240, 49
39, 244, 240, 46
39, 507, 240, 70
39, 283, 240, 14
39, 540, 240, 72
39, 288, 241, 91
39, 65, 241, 6
39, 72, 241, 50
39, 555, 241, 15
39, 431, 241, 48
39, 593, 241, 81
39, 82, 241, 88
39, 404, 241, 21
39, 372, 241, 67
39, 413, 241, 69
39, 510, 241, 8
39, 96, 242, 72
39, 129, 242, 58
39, 486, 242, 1
39, 201, 242, 3
39, 43, 242, 79
39, 268, 242, 2
39, 75, 242, 80
39, 436, 242, 21
39, 22, 242, 65
39, 444, 242, 43
39, 317, 242, 98
39, 390, 243, 90
39, 8, 243, 63
39, 523, 243, 24
39, 140, 243, 82
39, 269, 243, 70
39, 272, 243, 13
39, 145, 243, 81
39, 146, 243, 52
39, 405, 243, 91
39, 22, 243, 65
39, 155, 243, 74
39, 180, 243, 87
39, 568, 243, 20
39, 63, 243, 36
39, 75, 243, 80
39, 213, 243, 9
39, 87, 243, 49
39, 97, 243, 41
39, 236, 243, 64
39, 370, 243, 82
39, 245, 243, 32
39, 381, 243, 33
39, 127, 243, 39
39, 133, 244, 38
39, 108, 244, 17
39, 368, 244, 18
39, 80, 244, 11
39, 438, 244, 59
39, 186, 244, 95
39, 513, 245, 53
39, 526, 245, 75
39, 19, 245, 9
39, 150, 245, 3
39, 534, 245, 55
39, 24, 245, 91
39, 157, 245, 80
39, 163, 245, 28
39, 292, 245, 51
39, 423, 245, 14
39, 551, 245, 11
39, 300, 245, 41
39, 47, 245, 89
39, 562, 245, 41
39, 183, 245, 60
39, 451, 245, 11
39, 68, 245, 74
39, 581, 245, 10
39, 598, 245, 50
39, 218, 245, 89
39, 490, 245, 70
39, 366, 245, 47
39, 372, 245, 67
39, 248, 245, 38
39, 381, 245, 33
39, 135, 246, 53
39, 10, 246, 22
39, 396, 246, 95
39, 270, 246, 27
39, 144, 246, 86
39, 273, 246, 1
39, 531, 246, 42
39, 407, 246, 18
39, 158, 246, 61
39, 419, 246, 73
39, 179, 246, 84
39, 313, 246, 31
39, 59, 246, 70
39, 188, 246, 43
39, 190, 246, 38
39, 465, 246, 25
39, 337, 246, 100
39, 218, 246, 89
39, 493, 246, 99
39, 124, 246, 86
39, 29, 247, 78
39, 285, 247, 44
39, 31, 247, 95
39, 171, 247, 60
39, 53, 247, 93
39, 440, 247, 14
39, 572, 247, 27
39, 67, 247, 12
39, 205, 247, 44
39, 209, 247, 20
39, 593, 247, 81
39, 84, 247, 31
39, 213, 247, 9
39, 344, 247, 27
39, 96, 247, 72
39, 489, 247, 39
39, 106, 247, 37
39, 107, 247, 18
39, 492, 247, 83
39, 369, 247, 37
39, 383, 247, 50
39, 224, 248, 51
39, 387, 248, 51
39, 389, 248, 45
39, 235, 248, 16
39, 343, 248, 27
39, 409, 248, 59
39, 132, 249, 100
39, 262, 249, 39
39, 526, 249, 75
39, 270, 249, 27
39, 28, 249, 13
39, 159, 249, 23
39, 290, 249, 6
39, 420, 249, 63
39, 551, 249, 11
39, 298, 249, 61
39, 558, 249, 37
39, 561, 249, 64
39, 198, 249, 57
39, 86, 249, 45
39, 348, 249, 78
39, 225, 249, 45
39, 98, 249, 13
39, 103, 249, 44
39, 366, 249, 47
39, 497, 249, 94
39, 501, 249, 7
39, 128, 250, 100
39, 261, 250, 33
39, 133, 250, 38
39, 139, 250, 39
39, 18, 250, 49
39, 415, 250, 50
39, 416, 250, 56
39, 419, 250, 73
39, 45, 250, 46
39, 182, 250, 76
39, 571, 250, 23
39, 583, 250, 12
39, 328, 250, 9
39, 212, 250, 91
39, 470, 250, 44
39, 598, 250, 50
39, 221, 250, 10
39, 353, 250, 91
39, 485, 250, 84
39, 493, 250, 99
39, 366, 250, 47
39, 111, 250, 6
39, 503, 250, 9
39, 250, 250, 38
39, 393, 251, 19
39, 11, 251, 1
39, 532, 251, 93
39, 405, 251, 91
39, 151, 251, 61
39, 408, 251, 75
39, 410, 251, 79
39, 286, 251, 69
39, 287, 251, 16
39, 168, 251, 60
39, 432, 251, 89
39, 181, 251, 42
39, 451, 251, 11
39, 323, 251, 56
39, 587, 251, 29
39, 594, 251, 30
39, 341, 251, 76
39, 213, 251, 9
39, 344, 251, 27
39, 224, 251, 51
39, 354, 251, 43
39, 355, 251, 9
39, 234, 251, 84
39, 366, 251, 47
39, 239, 251, 26
39, 32, 252, 45
39, 257, 252, 73
39, 136, 252, 93
39, 201, 252, 3
39, 232, 252, 9
39, 377, 252, 24
39, 365, 252, 57
39, 148, 252, 95
39, 149, 252, 4
39, 117, 252, 93
39, 537, 252, 20
39, 572, 252, 27
39, 543, 252, 32
39, 516, 253, 14
39, 147, 253, 77
39, 279, 253, 34
39, 156, 253, 18
39, 171, 253, 60
39, 312, 253, 31
39, 315, 253, 36
39, 444, 253, 43
39, 320, 253, 27
39, 321, 253, 96
39, 326, 253, 85
39, 457, 253, 14
39, 210, 253, 58
39, 91, 253, 36
39, 351, 253, 1
39, 367, 253, 46
39, 117, 253, 93
39, 374, 253, 80
39, 118, 253, 92
39, 255, 253, 60
39, 512, 254, 50
39, 130, 254, 74
39, 259, 254, 53
39, 516, 254, 14
39, 392, 254, 6
39, 266, 254, 58
39, 146, 254, 52
39, 546, 254, 56
39, 44, 254, 74
39, 49, 254, 20
39, 64, 254, 93
39, 197, 254, 97
39, 209, 254, 20
39, 466, 254, 36
39, 340, 254, 58
39, 103, 254, 44
39, 362, 254, 34
39, 495, 254, 19
39, 245, 254, 32
39, 247, 254, 4
39, 512, 255, 50
39, 385, 255, 42
39, 277, 255, 42
39, 545, 255, 94
39, 37, 255, 8
39, 38, 255, 23
39, 168, 255, 60
39, 173, 255, 7
39, 567, 255, 20
39, 311, 255, 25
39, 188, 255, 43
39, 575, 255, 34
39, 577, 255, 62
39, 333, 255, 70
39, 207, 255, 2
39, 342, 255, 34
39, 599, 255, 69
39, 88, 255, 8
39, 96, 255, 72
39, 356, 255, 6
39, 236, 255, 64
39, 364, 255, 100
39, 117, 255, 93
39, 511, 255, 5
39, 480, 256, 95
39, 320, 256, 27
39, 454, 256, 68
39, 440, 256, 14
39, 303, 256, 16
39, 208, 256, 50
39, 336, 256, 54
39, 210, 256, 58
39, 178, 256, 26
39, 500, 256, 8
39, 566, 256, 5
39, 311, 256, 25
39, 374, 256, 80
39, 90, 256, 28
39, 220, 256, 15
39, 288, 257, 91
39, 321, 257, 96
39, 515, 257, 44
39, 488, 257, 27
39, 41, 257, 62
39, 170, 257, 67
39, 457, 257, 14
39, 8, 257, 63
39, 435, 257, 49
39, 244, 257, 46
39, 183, 257, 60
39, 220, 257, 15
39, 190, 257, 38
39, 481, 258, 60
39, 514, 258, 17
39, 419, 258, 73
39, 360, 258, 68
39, 328, 258, 9
39, 40, 258, 29
39, 107, 258, 18
39, 19, 258, 9
39, 253, 258, 55
39, 128, 259, 100
39, 513, 259, 53
39, 526, 259, 75
39, 273, 259, 1
39, 23, 259, 10
39, 28, 259, 13
39, 293, 259, 15
39, 298, 259, 61
39, 46, 259, 2
39, 176, 259, 99
39, 306, 259, 25
39, 182, 259, 76
39, 575, 259, 34
39, 467, 259, 24
39, 340, 259, 58
39, 469, 259, 11
39, 221, 259, 10
39, 486, 259, 1
39, 230, 259, 22
39, 381, 259, 33
39, 269, 260, 70
39, 17, 260, 56
39, 148, 260, 95
39, 155, 260, 74
39, 160, 260, 32
39, 545, 260, 94
39, 173, 260, 7
39, 306, 260, 25
39, 315, 260, 36
39, 572, 260, 27
39, 456, 260, 79
39, 84, 260, 31
39, 351, 260, 1
39, 230, 260, 22
39, 237, 260, 26
39, 496, 260, 43
39, 373, 260, 50
39, 125, 260, 12
39, 127, 260, 39
39, 389, 261, 45
39, 268, 261, 2
39, 34, 261, 64
39, 303, 261, 16
39, 561, 261, 64
39, 566, 261, 5
39, 60, 261, 95
39, 574, 261, 34
39, 67, 261, 12
39, 588, 261, 38
39, 332, 261, 70
39, 213, 261, 9
39, 342, 261, 34
39, 92, 261, 28
39, 225, 261, 45
39, 249, 261, 51
39, 485, 261, 84
39, 241, 261, 19
39, 372, 261, 67
39, 121, 261, 36
39, 251, 261, 78
39, 508, 261, 82
39, 513, 262, 53
39, 385, 262, 42
39, 259, 262, 53
39, 523, 262, 24
39, 144, 262, 86
39, 531, 262, 42
39, 532, 262, 93
39, 547, 262, 73
39, 427, 262, 2
39, 50, 262, 28
39, 566, 262, 5
39, 60, 262, 95
39, 196, 262, 2
39, 580, 262, 23
39, 209, 262, 20
39, 467, 262, 24
39, 90, 262, 28
39, 222, 262, 42
39, 483, 262, 53
39, 377, 262, 24
39, 122, 262, 53
39, 1, 263, 26
39, 4, 263, 60
39, 534, 263, 55
39, 278, 263, 86
39, 536, 263, 67
39, 539, 263, 49
39, 412, 263, 6
39, 544, 263, 46
39, 33, 263, 73
39, 418, 263, 51
39, 291, 263, 78
39, 419, 263, 73
39, 420, 263, 63
39, 165, 263, 73
39, 560, 263, 34
39, 584, 263, 92
39, 205, 263, 44
39, 359, 263, 14
39, 237, 263, 26
39, 503, 263, 9
39, 507, 263, 70
39, 225, 264, 45
39, 131, 264, 1
39, 390, 264, 90
39, 295, 264, 95
39, 136, 264, 93
39, 267, 264, 25
39, 459, 264, 36
39, 13, 264, 69
39, 43, 264, 79
39, 15, 264, 94
39, 299, 264, 43
39, 305, 264, 45
39, 113, 264, 68
39, 500, 264, 8
39, 573, 264, 28
39, 511, 264, 5
39, 352, 265, 67
39, 34, 265, 64
39, 259, 265, 53
39, 198, 265, 57
39, 103, 265, 44
39, 167, 265, 77
39, 592, 265, 58
39, 563, 265, 99
39, 597, 265, 35
39, 342, 265, 34
39, 154, 265, 79
39, 284, 265, 3
39, 31, 265, 95
39, 385, 266, 42
39, 34, 266, 64
39, 387, 266, 51
39, 517, 266, 78
39, 104, 266, 40
39, 41, 266, 62
39, 361, 266, 70
39, 10, 266, 22
39, 13, 266, 69
39, 238, 266, 54
39, 529, 266, 5
39, 116, 266, 53
39, 186, 266, 95
39, 123, 266, 57
39, 348, 266, 78
39, 158, 266, 61
39, 524, 267, 39
39, 526, 267, 75
39, 400, 267, 86
39, 273, 267, 1
39, 29, 267, 78
39, 418, 267, 51
39, 422, 267, 90
39, 45, 267, 46
39, 432, 267, 89
39, 182, 267, 76
39, 313, 267, 31
39, 444, 267, 43
39, 64, 267, 93
39, 321, 267, 96
39, 324, 267, 92
39, 89, 267, 51
39, 218, 267, 89
39, 228, 267, 77
39, 486, 267, 1
39, 489, 267, 39
39, 364, 267, 100
39, 237, 267, 26
39, 236, 267, 64
39, 368, 267, 18
39, 377, 267, 24
39, 259, 268, 53
39, 391, 268, 1
39, 267, 268, 25
39, 13, 268, 69
39, 270, 268, 27
39, 143, 268, 95
39, 154, 268, 79
39, 27, 268, 85
39, 547, 268, 73
39, 550, 268, 36
39, 297, 268, 57
39, 430, 268, 29
39, 440, 268, 14
39, 61, 268, 47
39, 327, 268, 70
39, 200, 268, 31
39, 457, 268, 14
39, 590, 268, 90
39, 99, 268, 72
39, 110, 268, 44
39, 112, 268, 8
39, 499, 268, 4
39, 387, 269, 51
39, 133, 269, 38
39, 262, 269, 39
39, 263, 269, 73
39, 522, 269, 25
39, 12, 269, 24
39, 145, 269, 81
39, 530, 269, 7
39, 157, 269, 80
39, 541, 269, 60
39, 416, 269, 56
39, 44, 269, 74
39, 184, 269, 6
39, 187, 269, 95
39, 321, 269, 96
39, 326, 269, 85
39, 335, 269, 98
39, 472, 269, 74
39, 231, 269, 45
39, 495, 269, 19
39, 370, 269, 82
39, 246, 269, 65
39, 247, 269, 4
39, 127, 269, 39
39, 477, 270, 84
39, 544, 270, 46
39, 164, 270, 84
39, 324, 270, 92
39, 234, 270, 84
39, 17, 270, 56
39, 562, 270, 41
39, 243, 270, 44
39, 279, 270, 34
39, 154, 270, 79
39, 29, 270, 78
39, 263, 271, 73
39, 395, 271, 33
39, 13, 271, 69
39, 15, 271, 94
39, 17, 271, 56
39, 274, 271, 14
39, 151, 271, 61
39, 285, 271, 44
39, 428, 271, 22
39, 180, 271, 87
39, 56, 271, 75
39, 576, 271, 19
39, 325, 271, 91
39, 458, 271, 72
39, 75, 271, 80
39, 468, 271, 98
39, 91, 271, 36
39, 220, 271, 15
39, 353, 271, 91
39, 98, 271, 13
39, 359, 271, 14
39, 234, 271, 84
39, 114, 271, 75
39, 244, 271, 46
39, 503, 271, 9
39, 334, 272, 76
39, 79, 272, 45
39, 431, 272, 48
39, 89, 272, 51
39, 378, 272, 82
39, 350, 272, 89
39, 259, 273, 53
39, 135, 273, 53
39, 15, 273, 94
39, 285, 273, 44
39, 544, 273, 46
39, 425, 273, 77
39, 298, 273, 61
39, 430, 273, 29
39, 437, 273, 6
39, 568, 273, 20
39, 184, 273, 6
39, 197, 273, 97
39, 588, 273, 38
39, 205, 273, 44
39, 462, 273, 3
39, 461, 273, 53
39, 593, 273, 81
39, 342, 273, 34
39, 235, 273, 16
39, 502, 273, 4
39, 126, 273, 33
39, 480, 274, 95
39, 98, 274, 13
39, 196, 274, 2
39, 357, 274, 35
39, 6, 274, 2
39, 360, 274, 68
39, 561, 274, 64
39, 402, 274, 3
39, 472, 274, 74
39, 351, 274, 1
39, 97, 275, 41
39, 355, 275, 9
39, 164, 275, 84
39, 262, 275, 39
39, 108, 275, 17
39, 142, 275, 18
39, 335, 275, 98
39, 175, 275, 16
39, 111, 275, 6
39, 339, 275, 78
39, 22, 275, 65
39, 248, 275, 38
39, 89, 275, 51
39, 571, 275, 23
39, 253, 275, 55
39, 384, 276, 19
39, 97, 276, 41
39, 200, 276, 31
39, 457, 276, 14
39, 458, 276, 72
39, 282, 276, 31
39, 332, 276, 70
39, 333, 276, 70
39, 447, 276, 3
39, 303, 276, 16
39, 233, 276, 96
39, 562, 276, 41
39, 339, 276, 78
39, 370, 276, 82
39, 410, 276, 79
39, 475, 276, 90
39, 61, 276, 47
39, 575, 276, 34
39, 103, 277, 44
39, 296, 277, 68
39, 44, 277, 74
39, 238, 277, 54
39, 207, 277, 2
39, 44, 278, 74
39, 207, 278, 2
39, 212, 278, 91
39, 501, 278, 7
39, 470, 278, 44
39, 503, 278, 9
39, 57, 278, 57
39, 575, 278, 34
39, 518, 279, 67
39, 267, 279, 25
39, 270, 279, 27
39, 149, 279, 4
39, 161, 279, 70
39, 291, 279, 78
39, 424, 279, 66
39, 175, 279, 16
39, 181, 279, 42
39, 566, 279, 5
39, 186, 279, 95
39, 442, 279, 65
39, 447, 279, 3
39, 451, 279, 11
39, 324, 279, 92
39, 81, 279, 26
39, 339, 279, 78
39, 354, 279, 43
39, 356, 279, 6
39, 361, 279, 70
39, 364, 279, 100
39, 369, 279, 37
39, 511, 279, 5
39, 513, 280, 53
39, 355, 280, 9
39, 70, 280, 77
39, 9, 280, 59
39, 568, 280, 20
39, 489, 280, 39
39, 560, 280, 34
39, 373, 280, 50
39, 566, 280, 5
39, 86, 280, 45
39, 216, 280, 79
39, 505, 280, 69
39, 187, 280, 95
39, 413, 280, 69
39, 159, 280, 23
39, 267, 281, 25
39, 395, 281, 33
39, 19, 281, 9
39, 276, 281, 69
39, 22, 281, 65
39, 283, 281, 14
39, 284, 281, 3
39, 39, 281, 21
39, 49, 281, 20
39, 437, 281, 6
39, 568, 281, 20
39, 444, 281, 43
39, 460, 281, 95
39, 461, 281, 53
39, 332, 281, 70
39, 91, 281, 36
39, 95, 281, 64
39, 357, 281, 35
39, 510, 281, 8
39, 391, 282, 1
39, 138, 282, 28
39, 536, 282, 67
39, 57, 282, 57
39, 509, 282, 60
39, 518, 283, 67
39, 271, 283, 80
39, 15, 283, 94
39, 403, 283, 15
39, 279, 283, 34
39, 283, 283, 14
39, 170, 283, 67
39, 175, 283, 16
39, 435, 283, 49
39, 61, 283, 47
39, 448, 283, 83
39, 324, 283, 92
39, 592, 283, 58
39, 340, 283, 58
39, 214, 283, 84
39, 375, 283, 77
39, 224, 283, 51
39, 484, 283, 12
39, 489, 283, 39
39, 368, 283, 18
39, 115, 283, 78
39, 503, 283, 9
39, 376, 283, 74
39, 122, 283, 53
39, 320, 284, 27
39, 321, 284, 96
39, 101, 284, 75
39, 200, 284, 31
39, 137, 284, 46
39, 10, 284, 22
39, 299, 284, 43
39, 346, 284, 94
39, 79, 284, 45
39, 112, 284, 8
39, 401, 284, 93
39, 179, 284, 84
39, 85, 284, 3
39, 506, 284, 45
39, 94, 284, 63
39, 101, 285, 75
39, 358, 285, 25
39, 455, 285, 91
39, 8, 285, 63
39, 73, 285, 78
39, 554, 285, 21
39, 508, 285, 82
39, 339, 285, 78
39, 566, 285, 5
39, 343, 285, 27
39, 120, 285, 74
39, 217, 285, 93
39, 444, 285, 43
39, 184, 285, 6
39, 255, 285, 60
39, 8, 286, 63
39, 522, 286, 25
39, 140, 286, 82
39, 531, 286, 42
39, 292, 286, 51
39, 423, 286, 14
39, 553, 286, 45
39, 558, 286, 37
39, 179, 286, 84
39, 60, 286, 95
39, 63, 286, 36
39, 320, 286, 27
39, 321, 286, 96
39, 71, 286, 92
39, 77, 286, 37
39, 82, 286, 88
39, 350, 286, 89
39, 353, 286, 91
39, 362, 286, 34
39, 366, 286, 47
39, 111, 286, 6
39, 247, 286, 4
39, 122, 286, 53
39, 510, 286, 8
39, 352, 287, 67
39, 512, 287, 50
39, 503, 287, 9
39, 504, 287, 54
39, 170, 287, 67
39, 556, 287, 38
39, 142, 287, 18
39, 334, 287, 76
39, 272, 287, 13
39, 404, 287, 21
39, 52, 287, 86
39, 470, 287, 44
39, 279, 287, 34
39, 536, 287, 67
39, 157, 287, 80
39, 448, 288, 83
39, 385, 288, 42
39, 163, 288, 28
39, 357, 288, 35
39, 551, 288, 11
39, 327, 288, 70
39, 240, 288, 93
39, 561, 288, 64
39, 406, 288, 41
39, 313, 288, 31
39, 543, 288, 32
39, 194, 289, 51
39, 163, 289, 28
39, 100, 289, 68
39, 37, 289, 8
39, 421, 289, 16
39, 263, 289, 73
39, 258, 289, 30
39, 521, 289, 74
39, 74, 289, 97
39, 587, 289, 29
39, 525, 289, 96
39, 15, 289, 94
39, 531, 289, 42
39, 247, 289, 4
39, 317, 289, 98
39, 31, 289, 95
39, 193, 290, 2
39, 322, 290, 99
39, 387, 290, 51
39, 36, 290, 24
39, 293, 290, 15
39, 230, 290, 22
39, 423, 290, 14
39, 584, 290, 92
39, 174, 290, 18
39, 240, 290, 93
39, 146, 290, 52
39, 122, 290, 53
39, 155, 290, 74
39, 227, 291, 99
39, 37, 291, 8
39, 465, 291, 25
39, 372, 291, 67
39, 187, 291, 95
39, 220, 291, 15
39, 415, 291, 50
39, 193, 292, 2
39, 290, 292, 6
39, 515, 292, 44
39, 535, 292, 17
39, 291, 292, 78
39, 389, 292, 45
39, 204, 292, 44
39, 591, 292, 95
39, 85, 292, 3
39, 181, 292, 42
39, 119, 292, 8
39, 376, 292, 74
39, 91, 292, 36
39, 126, 292, 33
39, 575, 292, 34
39, 131, 293, 1
39, 517, 293, 78
39, 8, 293, 63
39, 284, 293, 3
39, 415, 293, 50
39, 161, 293, 70
39, 549, 293, 16
39, 565, 293, 13
39, 54, 293, 19
39, 575, 293, 34
39, 332, 293, 70
39, 78, 293, 59
39, 211, 293, 89
39, 340, 293, 58
39, 469, 293, 11
39, 342, 293, 34
39, 215, 293, 53
39, 473, 293, 89
39, 104, 293, 40
39, 236, 293, 64
39, 111, 293, 6
39, 387, 294, 51
39, 452, 294, 56
39, 101, 294, 75
39, 178, 294, 26
39, 598, 294, 50
39, 17, 295, 56
39, 185, 295, 31
39, 155, 295, 74
39, 28, 295, 13
39, 350, 295, 89
39, 543, 295, 32
39, 514, 296, 17
39, 134, 296, 24
39, 275, 296, 63
39, 374, 296, 80
39, 541, 296, 60
39, 382, 296, 48
39, 3, 297, 27
39, 516, 297, 14
39, 99, 297, 72
39, 70, 297, 77
39, 487, 297, 25
39, 263, 297, 73
39, 583, 297, 12
39, 422, 297, 90
39, 171, 297, 60
39, 270, 297, 27
39, 527, 297, 56
39, 338, 297, 45
39, 244, 297, 46
39, 310, 297, 1
39, 56, 297, 75
39, 378, 297, 82
39, 328, 298, 9
39, 585, 298, 88
39, 524, 298, 39
39, 374, 298, 80
39, 376, 298, 74
39, 29, 298, 78
39, 132, 299, 100
39, 139, 299, 39
39, 405, 299, 91
39, 153, 299, 60
39, 537, 299, 20
39, 159, 299, 23
39, 543, 299, 32
39, 562, 299, 41
39, 309, 299, 97
39, 329, 299, 74
39, 334, 299, 76
39, 592, 299, 58
39, 212, 299, 91
39, 217, 299, 93
39, 223, 299, 14
39, 488, 299, 27
39, 365, 299, 57
39, 124, 299, 86
39, 509, 299, 60
