300, 600, 30
55, 512, 0, 19
55, 545, 0, 31
55, 290, 0, 55
55, 131, 0, 99
55, 322, 0, 81
55, 423, 0, 43
55, 231, 0, 93
55, 331, 0, 47
55, 460, 0, 50
55, 175, 0, 77
55, 531, 0, 32
55, 404, 0, 73
55, 149, 0, 34
55, 308, 0, 59
55, 180, 0, 89
55, 377, 0, 17
55, 191, 0, 59
55, 353, 1, 97
55, 267, 1, 87
55, 464, 1, 66
55, 147, 1, 34
55, 20, 1, 2
55, 123, 1, 42
55, 487, 2, 62
55, 103, 2, 95
55, 554, 2, 80
55, 363, 2, 61
55, 268, 2, 68
55, 236, 2, 20
55, 110, 2, 12
55, 49, 2, 91
55, 532, 2, 61
55, 151, 2, 26
55, 224, 3, 26
55, 546, 3, 18
55, 231, 3, 93
55, 184, 3, 84
55, 249, 3, 52
55, 262, 4, 34
55, 139, 4, 17
55, 526, 4, 21
55, 25, 4, 3
55, 412, 4, 1
55, 158, 4, 61
55, 416, 4, 36
55, 161, 4, 50
55, 36, 4, 93
55, 171, 4, 38
55, 557, 4, 72
55, 47, 4, 90
55, 305, 4, 39
55, 567, 4, 44
55, 440, 4, 33
55, 190, 4, 99
55, 194, 4, 87
55, 202, 4, 80
55, 335, 4, 40
55, 599, 4, 86
55, 127, 4, 38
55, 135, 5, 98
55, 527, 5, 95
55, 274, 5, 20
55, 25, 5, 3
55, 158, 5, 61
55, 420, 5, 28
55, 293, 5, 98
55, 558, 5, 45
55, 189, 5, 16
55, 322, 5, 81
55, 72, 5, 79
55, 207, 5, 43
55, 213, 5, 6
55, 239, 5, 90
55, 368, 5, 79
55, 116, 5, 7
55, 246, 5, 83
55, 505, 5, 88
55, 506, 5, 67
55, 253, 5, 66
55, 383, 5, 76
55, 512, 6, 19
55, 231, 6, 93
55, 296, 6, 64
55, 73, 6, 53
55, 91, 6, 7
55, 592, 6, 100
55, 562, 6, 97
55, 499, 6, 68
55, 563, 6, 65
55, 181, 6, 25
55, 215, 6, 42
55, 216, 6, 64
55, 409, 6, 57
55, 315, 6, 87
55, 445, 6, 74
55, 384, 7, 74
55, 224, 7, 26
55, 292, 7, 80
55, 263, 7, 1
55, 136, 7, 87
55, 170, 7, 17
55, 592, 7, 100
55, 369, 7, 35
55, 338, 7, 42
55, 597, 7, 22
55, 87, 7, 92
55, 183, 7, 68
55, 540, 7, 30
55, 29, 7, 88
55, 541, 8, 73
55, 3, 8, 28
55, 239, 8, 90
55, 283, 8, 95
55, 477, 8, 55
55, 388, 9, 96
55, 260, 9, 67
55, 7, 9, 22
55, 144, 9, 82
55, 146, 9, 99
55, 275, 9, 38
55, 404, 9, 73
55, 32, 9, 93
55, 419, 9, 82
55, 42, 9, 27
55, 566, 9, 94
55, 60, 9, 57
55, 321, 9, 5
55, 581, 9, 16
55, 584, 9, 62
55, 328, 9, 49
55, 88, 9, 94
55, 95, 9, 83
55, 489, 9, 78
55, 372, 9, 8
55, 246, 9, 83
55, 251, 9, 51
55, 416, 10, 36
55, 408, 10, 100
55, 581, 10, 16
55, 39, 10, 85
55, 167, 10, 67
55, 554, 10, 80
55, 569, 10, 50
55, 79, 10, 18
55, 337, 10, 65
55, 595, 10, 30
55, 55, 10, 65
55, 504, 10, 49
55, 473, 10, 21
55, 220, 10, 67
55, 384, 11, 74
55, 39, 11, 85
55, 12, 11, 20
55, 462, 11, 34
55, 207, 11, 43
55, 432, 11, 4
55, 595, 11, 30
55, 119, 11, 44
55, 513, 12, 72
55, 591, 12, 44
55, 25, 12, 3
55, 315, 12, 87
55, 126, 12, 82
55, 265, 13, 45
55, 12, 13, 20
55, 145, 13, 39
55, 153, 13, 2
55, 29, 13, 88
55, 413, 13, 62
55, 425, 13, 49
55, 42, 13, 27
55, 431, 13, 20
55, 305, 13, 39
55, 68, 13, 67
55, 201, 13, 84
55, 336, 13, 42
55, 214, 13, 35
55, 353, 13, 97
55, 234, 13, 62
55, 112, 13, 26
55, 113, 13, 92
55, 505, 13, 88
55, 507, 13, 8
55, 482, 14, 12
55, 579, 14, 94
55, 140, 14, 64
55, 429, 14, 70
55, 399, 14, 47
55, 150, 14, 49
55, 123, 14, 42
55, 28, 14, 1
55, 61, 14, 22
55, 255, 14, 38
55, 96, 15, 10
55, 261, 15, 67
55, 358, 15, 68
55, 360, 15, 81
55, 489, 15, 78
55, 137, 15, 46
55, 302, 15, 99
55, 14, 15, 35
55, 207, 15, 43
55, 470, 15, 13
55, 151, 15, 26
55, 536, 15, 26
55, 185, 15, 46
55, 88, 15, 94
55, 481, 16, 22
55, 26, 16, 37
55, 68, 16, 67
55, 556, 16, 20
55, 206, 16, 39
55, 402, 16, 45
55, 435, 16, 65
55, 570, 16, 44
55, 7, 17, 22
55, 145, 17, 39
55, 146, 17, 99
55, 148, 17, 12
55, 27, 17, 100
55, 287, 17, 16
55, 32, 17, 93
55, 426, 17, 15
55, 43, 17, 88
55, 44, 17, 95
55, 174, 17, 26
55, 444, 17, 66
55, 66, 17, 17
55, 335, 17, 40
55, 466, 17, 20
55, 595, 17, 30
55, 219, 17, 31
55, 92, 17, 29
55, 96, 17, 10
55, 122, 17, 54
55, 252, 17, 99
55, 228, 18, 8
55, 489, 18, 78
55, 491, 18, 93
55, 537, 18, 16
55, 117, 18, 24
55, 310, 18, 36
55, 280, 18, 77
55, 345, 18, 75
55, 25, 18, 3
55, 546, 19, 18
55, 421, 19, 13
55, 264, 19, 75
55, 232, 19, 35
55, 298, 19, 75
55, 524, 19, 17
55, 364, 19, 77
55, 558, 19, 45
55, 238, 19, 59
55, 594, 19, 29
55, 52, 19, 7
55, 405, 19, 84
55, 470, 19, 13
55, 89, 19, 20
55, 474, 19, 49
55, 571, 19, 56
55, 478, 19, 72
55, 483, 20, 35
55, 99, 20, 29
55, 39, 20, 85
55, 59, 20, 52
55, 41, 20, 64
55, 171, 20, 38
55, 393, 20, 14
55, 283, 20, 95
55, 306, 20, 62
55, 56, 20, 51
55, 314, 20, 93
55, 91, 20, 7
55, 252, 20, 99
55, 526, 21, 21
55, 16, 21, 52
55, 247, 21, 1
55, 504, 21, 49
55, 183, 21, 68
55, 222, 21, 74
55, 254, 21, 67
55, 258, 22, 43
55, 405, 22, 84
55, 406, 22, 24
55, 281, 22, 28
55, 155, 22, 64
55, 291, 22, 90
55, 425, 22, 49
55, 299, 22, 34
55, 441, 22, 70
55, 189, 22, 16
55, 317, 22, 84
55, 325, 22, 17
55, 198, 22, 25
55, 584, 22, 62
55, 72, 22, 79
55, 73, 22, 53
55, 83, 22, 100
55, 215, 22, 42
55, 94, 22, 81
55, 114, 22, 17
55, 116, 22, 7
55, 245, 22, 53
55, 249, 22, 52
55, 124, 22, 16
55, 264, 23, 75
55, 458, 23, 68
55, 48, 23, 16
55, 211, 23, 18
55, 117, 23, 24
55, 213, 23, 6
55, 267, 24, 87
55, 268, 24, 68
55, 141, 24, 52
55, 279, 24, 7
55, 24, 24, 63
55, 34, 24, 75
55, 427, 24, 1
55, 50, 24, 89
55, 181, 24, 25
55, 451, 24, 39
55, 69, 24, 64
55, 341, 24, 20
55, 598, 24, 96
55, 349, 24, 40
55, 481, 24, 22
55, 98, 24, 20
55, 104, 24, 99
55, 498, 24, 45
55, 117, 24, 24
55, 374, 24, 87
55, 250, 24, 94
55, 4, 25, 55
55, 6, 25, 15
55, 21, 25, 73
55, 282, 25, 2
55, 160, 25, 21
55, 289, 25, 10
55, 428, 25, 81
55, 51, 25, 9
55, 198, 25, 25
55, 331, 25, 47
55, 334, 25, 25
55, 465, 25, 30
55, 213, 25, 6
55, 215, 25, 42
55, 219, 25, 31
55, 225, 25, 8
55, 482, 25, 12
55, 227, 25, 14
55, 366, 25, 72
55, 239, 25, 90
55, 501, 25, 69
55, 507, 25, 8
55, 386, 26, 14
55, 451, 26, 39
55, 263, 26, 1
55, 236, 26, 20
55, 589, 26, 27
55, 398, 26, 70
55, 462, 26, 34
55, 270, 26, 12
55, 111, 26, 100
55, 13, 26, 46
55, 463, 26, 58
55, 501, 26, 69
55, 438, 26, 80
55, 29, 26, 88
55, 190, 26, 99
55, 131, 27, 99
55, 5, 27, 27
55, 264, 27, 75
55, 534, 27, 85
55, 416, 27, 36
55, 547, 27, 43
55, 49, 27, 91
55, 310, 27, 36
55, 570, 27, 44
55, 187, 27, 60
55, 315, 27, 87
55, 67, 27, 6
55, 198, 27, 25
55, 80, 27, 19
55, 213, 27, 6
55, 342, 27, 30
55, 348, 27, 35
55, 233, 27, 81
55, 508, 27, 77
55, 126, 27, 82
55, 3, 28, 28
55, 136, 28, 87
55, 15, 28, 57
55, 403, 28, 72
55, 537, 28, 16
55, 282, 28, 2
55, 287, 28, 16
55, 421, 28, 13
55, 298, 28, 75
55, 312, 28, 65
55, 58, 28, 63
55, 575, 28, 72
55, 586, 28, 74
55, 591, 28, 44
55, 464, 28, 66
55, 343, 28, 66
55, 216, 28, 64
55, 354, 28, 57
55, 488, 28, 3
55, 234, 28, 62
55, 238, 28, 59
55, 113, 28, 92
55, 128, 29, 32
55, 257, 29, 2
55, 68, 29, 67
55, 461, 29, 77
55, 176, 29, 25
55, 242, 29, 89
55, 404, 29, 73
55, 62, 29, 89
55, 224, 30, 26
55, 524, 30, 17
55, 115, 30, 19
55, 565, 30, 5
55, 535, 30, 46
55, 387, 31, 63
55, 484, 31, 38
55, 264, 31, 75
55, 428, 31, 81
55, 563, 31, 65
55, 350, 31, 43
55, 224, 32, 26
55, 419, 32, 82
55, 132, 32, 88
55, 38, 32, 73
55, 295, 32, 58
55, 40, 32, 92
55, 425, 32, 49
55, 395, 32, 98
55, 365, 32, 73
55, 46, 32, 59
55, 238, 32, 59
55, 403, 32, 72
55, 277, 32, 59
55, 53, 32, 27
55, 407, 32, 33
55, 538, 32, 47
55, 29, 32, 88
55, 224, 33, 26
55, 417, 33, 93
55, 64, 33, 24
55, 513, 33, 72
55, 134, 33, 60
55, 102, 33, 57
55, 76, 33, 94
55, 397, 33, 7
55, 371, 33, 8
55, 441, 33, 70
55, 381, 33, 80
55, 260, 34, 67
55, 409, 34, 57
55, 540, 34, 30
55, 33, 34, 83
55, 35, 34, 6
55, 171, 34, 38
55, 434, 34, 46
55, 566, 34, 94
55, 189, 34, 16
55, 63, 34, 62
55, 324, 34, 54
55, 583, 34, 64
55, 216, 34, 64
55, 477, 34, 55
55, 224, 34, 26
55, 488, 34, 3
55, 107, 34, 26
55, 363, 34, 61
55, 494, 34, 24
55, 239, 34, 90
55, 370, 34, 68
55, 115, 34, 19
55, 505, 34, 88
55, 131, 35, 99
55, 389, 35, 7
55, 134, 35, 60
55, 136, 35, 87
55, 270, 35, 12
55, 145, 35, 39
55, 285, 35, 15
55, 546, 35, 18
55, 34, 35, 75
55, 164, 35, 63
55, 163, 35, 48
55, 38, 35, 73
55, 301, 35, 60
55, 577, 35, 72
55, 69, 35, 64
55, 71, 35, 56
55, 591, 35, 44
55, 213, 35, 6
55, 91, 35, 7
55, 223, 35, 11
55, 234, 35, 62
55, 492, 35, 56
55, 110, 35, 12
55, 376, 35, 99
55, 126, 35, 82
55, 450, 36, 21
55, 100, 36, 81
55, 518, 36, 89
55, 136, 36, 87
55, 458, 36, 68
55, 147, 36, 34
55, 340, 36, 17
55, 437, 36, 61
55, 470, 36, 13
55, 312, 36, 65
55, 537, 36, 16
55, 444, 36, 66
55, 63, 36, 62
55, 384, 37, 74
55, 353, 37, 97
55, 225, 37, 8
55, 3, 37, 28
55, 228, 37, 8
55, 5, 37, 27
55, 99, 37, 29
55, 583, 37, 64
55, 266, 37, 81
55, 172, 37, 96
55, 430, 37, 64
55, 209, 37, 34
55, 402, 37, 45
55, 53, 37, 27
55, 214, 37, 35
55, 311, 37, 37
55, 121, 37, 74
55, 156, 37, 45
55, 576, 38, 10
55, 353, 38, 97
55, 324, 38, 54
55, 5, 38, 27
55, 103, 38, 95
55, 542, 38, 57
55, 330, 38, 99
55, 171, 38, 38
55, 591, 38, 44
55, 336, 38, 42
55, 400, 38, 25
55, 146, 38, 99
55, 466, 38, 20
55, 374, 38, 87
55, 23, 38, 46
55, 281, 38, 28
55, 446, 38, 21
55, 575, 38, 72
55, 196, 39, 13
55, 389, 39, 7
55, 517, 39, 13
55, 103, 39, 95
55, 293, 39, 98
55, 39, 39, 85
55, 106, 39, 23
55, 172, 39, 96
55, 79, 39, 18
55, 338, 39, 42
55, 149, 39, 34
55, 157, 39, 6
55, 54, 39, 40
55, 57, 39, 71
55, 477, 39, 55
55, 318, 39, 40
55, 483, 40, 35
55, 72, 40, 79
55, 75, 40, 4
55, 524, 40, 17
55, 44, 40, 95
55, 18, 40, 80
55, 403, 40, 72
55, 310, 40, 36
55, 476, 40, 27
55, 414, 40, 81
55, 66, 41, 17
55, 261, 41, 67
55, 104, 41, 99
55, 237, 41, 68
55, 334, 41, 25
55, 208, 41, 59
55, 528, 41, 22
55, 465, 41, 30
55, 342, 41, 30
55, 505, 41, 88
55, 155, 41, 64
55, 220, 41, 67
55, 254, 41, 67
55, 483, 42, 35
55, 298, 42, 75
55, 174, 42, 26
55, 339, 42, 65
55, 499, 42, 68
55, 531, 42, 32
55, 411, 42, 86
55, 579, 43, 94
55, 100, 43, 81
55, 362, 43, 3
55, 299, 43, 34
55, 204, 43, 79
55, 205, 43, 93
55, 47, 43, 90
55, 498, 43, 45
55, 244, 43, 38
55, 597, 43, 22
55, 343, 43, 66
55, 539, 43, 15
55, 380, 43, 37
55, 0, 44, 68
55, 161, 44, 50
55, 153, 44, 2
55, 2, 44, 81
55, 421, 44, 13
55, 583, 44, 64
55, 295, 44, 58
55, 555, 44, 88
55, 78, 44, 13
55, 495, 44, 25
55, 46, 44, 59
55, 188, 44, 51
55, 248, 44, 70
55, 569, 44, 50
55, 250, 44, 94
55, 57, 44, 71
55, 255, 44, 38
55, 102, 45, 57
55, 391, 45, 29
55, 588, 45, 65
55, 558, 45, 45
55, 58, 45, 63
55, 384, 46, 74
55, 512, 46, 19
55, 354, 46, 57
55, 503, 46, 55
55, 56, 46, 51
55, 24, 46, 63
55, 59, 46, 52
55, 5, 47, 27
55, 7, 47, 22
55, 267, 47, 87
55, 271, 47, 90
55, 15, 47, 57
55, 529, 47, 37
55, 402, 47, 45
55, 286, 47, 10
55, 544, 47, 12
55, 33, 47, 83
55, 53, 47, 27
55, 56, 47, 51
55, 331, 47, 47
55, 459, 47, 93
55, 79, 47, 18
55, 213, 47, 6
55, 91, 47, 7
55, 238, 47, 59
55, 117, 47, 24
55, 118, 47, 17
55, 510, 47, 86
55, 387, 48, 63
55, 164, 48, 63
55, 73, 48, 53
55, 171, 48, 38
55, 399, 48, 47
55, 179, 48, 81
55, 53, 48, 27
55, 219, 48, 31
55, 285, 48, 15
55, 478, 48, 72
55, 159, 48, 2
55, 397, 49, 7
55, 143, 49, 22
55, 274, 49, 20
55, 184, 49, 84
55, 316, 49, 23
55, 351, 49, 45
55, 227, 50, 14
55, 583, 50, 64
55, 271, 50, 90
55, 47, 50, 90
55, 273, 50, 69
55, 112, 50, 26
55, 85, 50, 17
55, 22, 50, 26
55, 21, 50, 73
55, 317, 50, 84
55, 510, 50, 86
55, 322, 51, 81
55, 578, 51, 42
55, 420, 51, 28
55, 519, 51, 82
55, 104, 51, 99
55, 328, 51, 49
55, 138, 51, 95
55, 394, 51, 66
55, 523, 51, 57
55, 554, 51, 80
55, 76, 51, 94
55, 463, 51, 58
55, 112, 51, 26
55, 369, 51, 35
55, 599, 51, 86
55, 442, 51, 88
55, 284, 51, 55
55, 290, 52, 55
55, 519, 52, 82
55, 264, 52, 75
55, 231, 52, 93
55, 409, 52, 57
55, 363, 52, 61
55, 44, 52, 95
55, 360, 52, 81
55, 46, 52, 59
55, 22, 52, 26
55, 89, 52, 20
55, 506, 52, 67
55, 284, 52, 55
55, 62, 52, 89
55, 191, 52, 59
55, 418, 53, 6
55, 58, 53, 63
55, 7, 53, 22
55, 395, 53, 98
55, 556, 53, 20
55, 173, 53, 7
55, 270, 53, 12
55, 495, 53, 25
55, 314, 53, 93
55, 529, 53, 37
55, 114, 53, 17
55, 370, 53, 68
55, 369, 53, 35
55, 440, 53, 33
55, 217, 53, 74
55, 250, 53, 94
55, 252, 53, 99
55, 126, 53, 82
55, 259, 54, 63
55, 260, 54, 67
55, 456, 54, 92
55, 329, 54, 29
55, 170, 54, 17
55, 265, 54, 45
55, 204, 54, 79
55, 45, 54, 61
55, 236, 54, 20
55, 301, 54, 60
55, 592, 54, 100
55, 49, 54, 91
55, 212, 54, 79
55, 502, 54, 16
55, 344, 54, 17
55, 477, 54, 55
55, 94, 54, 81
55, 64, 55, 24
55, 358, 55, 68
55, 39, 55, 85
55, 520, 55, 20
55, 360, 55, 81
55, 590, 55, 31
55, 242, 55, 89
55, 597, 55, 22
55, 213, 55, 6
55, 535, 55, 46
55, 539, 55, 15
55, 221, 55, 33
55, 415, 55, 4
55, 289, 56, 10
55, 582, 56, 75
55, 7, 56, 22
55, 8, 56, 65
55, 42, 56, 27
55, 17, 56, 64
55, 212, 56, 79
55, 470, 56, 13
55, 541, 56, 73
55, 486, 57, 81
55, 204, 57, 79
55, 559, 57, 40
55, 500, 57, 33
55, 152, 57, 44
55, 481, 58, 22
55, 126, 58, 82
55, 549, 58, 71
55, 263, 58, 1
55, 175, 58, 77
55, 410, 58, 12
55, 49, 58, 91
55, 434, 58, 46
55, 402, 58, 45
55, 346, 58, 5
55, 445, 58, 74
55, 158, 58, 61
55, 153, 59, 2
55, 455, 59, 63
55, 40, 59, 92
55, 521, 59, 66
55, 392, 59, 11
55, 473, 59, 21
55, 112, 59, 26
55, 401, 59, 32
55, 21, 59, 73
55, 278, 59, 92
55, 441, 59, 70
55, 91, 59, 7
55, 540, 59, 30
55, 1, 60, 25
55, 389, 60, 7
55, 522, 60, 31
55, 139, 60, 17
55, 395, 60, 98
55, 15, 60, 57
55, 160, 60, 21
55, 292, 60, 80
55, 296, 60, 64
55, 428, 60, 81
55, 431, 60, 20
55, 307, 60, 6
55, 568, 60, 16
55, 322, 60, 81
55, 329, 60, 29
55, 74, 60, 82
55, 596, 60, 96
55, 348, 60, 35
55, 247, 60, 1
55, 255, 60, 38
55, 480, 61, 51
55, 196, 61, 13
55, 266, 61, 81
55, 113, 61, 92
55, 446, 61, 21
55, 128, 62, 32
55, 192, 62, 97
55, 355, 62, 64
55, 37, 62, 7
55, 455, 62, 63
55, 265, 62, 45
55, 397, 62, 7
55, 592, 62, 100
55, 220, 62, 67
55, 470, 62, 13
55, 27, 62, 100
55, 508, 62, 77
55, 125, 62, 83
55, 94, 62, 81
55, 0, 63, 68
55, 483, 63, 35
55, 136, 63, 87
55, 298, 63, 75
55, 529, 63, 37
55, 594, 63, 29
55, 517, 64, 13
55, 166, 64, 13
55, 488, 64, 3
55, 265, 64, 45
55, 106, 64, 23
55, 331, 64, 47
55, 333, 64, 36
55, 272, 64, 34
55, 368, 64, 79
55, 84, 64, 91
55, 248, 64, 70
55, 380, 64, 37
55, 517, 65, 13
55, 145, 65, 39
55, 536, 65, 26
55, 159, 65, 2
55, 417, 65, 93
55, 174, 65, 26
55, 48, 65, 16
55, 304, 65, 77
55, 561, 65, 91
55, 564, 65, 14
55, 437, 65, 61
55, 74, 65, 82
55, 81, 65, 50
55, 86, 65, 26
55, 344, 65, 17
55, 473, 65, 21
55, 227, 65, 14
55, 105, 65, 85
55, 106, 65, 23
55, 490, 65, 39
55, 507, 65, 8
55, 383, 65, 76
55, 320, 66, 71
55, 417, 66, 93
55, 397, 66, 7
55, 333, 66, 36
55, 111, 66, 100
55, 173, 66, 7
55, 461, 66, 77
55, 87, 66, 92
55, 55, 66, 65
55, 536, 66, 26
55, 215, 66, 42
55, 120, 66, 28
55, 413, 66, 62
55, 319, 66, 57
55, 393, 67, 14
55, 266, 67, 81
55, 233, 67, 81
55, 237, 67, 68
55, 111, 67, 100
55, 215, 67, 42
55, 377, 67, 17
55, 90, 67, 14
55, 541, 67, 73
55, 1, 68, 25
55, 66, 68, 17
55, 486, 68, 81
55, 140, 68, 64
55, 187, 68, 60
55, 207, 68, 43
55, 400, 68, 25
55, 595, 68, 30
55, 438, 68, 80
55, 439, 68, 9
55, 280, 68, 77
55, 57, 68, 71
55, 283, 68, 95
55, 509, 68, 69
55, 449, 69, 65
55, 162, 69, 85
55, 3, 69, 28
55, 594, 69, 29
55, 180, 69, 89
55, 87, 69, 92
55, 446, 69, 21
55, 287, 69, 16
55, 321, 70, 5
55, 293, 70, 98
55, 134, 70, 60
55, 424, 70, 50
55, 425, 70, 49
55, 459, 70, 93
55, 236, 70, 20
55, 332, 70, 13
55, 301, 70, 60
55, 367, 70, 7
55, 400, 70, 25
55, 82, 70, 90
55, 470, 70, 13
55, 343, 70, 66
55, 184, 70, 84
55, 348, 70, 35
55, 221, 70, 33
55, 286, 70, 10
55, 345, 71, 75
55, 299, 71, 34
55, 45, 71, 61
55, 79, 71, 18
55, 176, 71, 25
55, 17, 71, 64
55, 496, 71, 22
55, 335, 71, 40
55, 564, 71, 14
55, 313, 71, 75
55, 90, 71, 14
55, 539, 71, 15
55, 156, 71, 45
55, 31, 71, 13
55, 64, 72, 24
55, 100, 72, 81
55, 389, 72, 7
55, 108, 72, 99
55, 429, 72, 70
55, 432, 72, 4
55, 306, 72, 62
55, 154, 72, 4
55, 443, 72, 56
55, 28, 72, 1
55, 35, 73, 6
55, 388, 73, 96
55, 484, 73, 38
55, 295, 73, 58
55, 489, 73, 78
55, 138, 73, 95
55, 108, 73, 99
55, 460, 73, 50
55, 430, 73, 64
55, 431, 73, 20
55, 271, 73, 90
55, 371, 73, 8
55, 153, 73, 2
55, 162, 74, 85
55, 547, 74, 43
55, 71, 74, 56
55, 519, 74, 82
55, 591, 74, 44
55, 406, 74, 24
55, 378, 74, 36
55, 579, 75, 94
55, 132, 75, 88
55, 586, 75, 74
55, 204, 75, 79
55, 172, 75, 96
55, 524, 75, 17
55, 239, 75, 90
55, 240, 75, 66
55, 596, 75, 96
55, 284, 75, 55
55, 446, 75, 21
55, 129, 76, 69
55, 580, 76, 15
55, 229, 76, 80
55, 432, 76, 4
55, 594, 76, 29
55, 536, 76, 26
55, 265, 77, 45
55, 540, 77, 30
55, 36, 77, 93
55, 427, 77, 1
55, 562, 77, 97
55, 52, 77, 7
55, 191, 77, 59
55, 577, 77, 72
55, 581, 77, 16
55, 582, 77, 75
55, 71, 77, 56
55, 203, 77, 14
55, 460, 77, 50
55, 468, 77, 82
55, 473, 77, 21
55, 347, 77, 80
55, 95, 77, 83
55, 352, 77, 24
55, 360, 77, 81
55, 365, 77, 73
55, 110, 77, 12
55, 244, 77, 38
55, 418, 78, 6
55, 68, 78, 67
55, 391, 78, 29
55, 104, 78, 99
55, 59, 78, 52
55, 458, 78, 68
55, 107, 78, 26
55, 267, 78, 87
55, 75, 78, 4
55, 297, 78, 15
55, 210, 78, 28
55, 179, 78, 81
55, 52, 78, 7
55, 443, 78, 56
55, 534, 78, 85
55, 26, 78, 37
55, 475, 78, 55
55, 386, 79, 14
55, 270, 79, 12
55, 399, 79, 47
55, 276, 79, 45
55, 26, 79, 37
55, 28, 79, 1
55, 30, 79, 5
55, 543, 79, 85
55, 35, 79, 6
55, 551, 79, 10
55, 41, 79, 64
55, 49, 79, 91
55, 563, 79, 65
55, 568, 79, 16
55, 574, 79, 41
55, 451, 79, 39
55, 199, 79, 67
55, 204, 79, 79
55, 205, 79, 93
55, 80, 79, 19
55, 211, 79, 18
55, 212, 79, 79
55, 113, 79, 92
55, 509, 79, 69
55, 127, 79, 38
55, 573, 80, 38
55, 132, 80, 88
55, 408, 80, 100
55, 327, 80, 89
55, 504, 80, 49
55, 138, 80, 95
55, 365, 80, 73
55, 302, 80, 99
55, 80, 80, 19
55, 568, 80, 16
55, 313, 80, 75
55, 253, 80, 66
55, 290, 81, 55
55, 578, 81, 42
55, 517, 81, 13
55, 521, 81, 66
55, 458, 81, 68
55, 235, 81, 1
55, 141, 81, 52
55, 173, 81, 7
55, 303, 81, 41
55, 438, 81, 80
55, 128, 82, 32
55, 517, 82, 13
55, 265, 82, 45
55, 394, 82, 66
55, 14, 82, 35
55, 19, 82, 9
55, 534, 82, 85
55, 284, 82, 55
55, 560, 82, 1
55, 52, 82, 7
55, 181, 82, 25
55, 56, 82, 51
55, 570, 82, 44
55, 347, 82, 80
55, 478, 82, 72
55, 361, 82, 98
55, 237, 82, 68
55, 240, 82, 66
55, 505, 82, 88
55, 387, 83, 63
55, 395, 83, 98
55, 146, 83, 99
55, 275, 83, 38
55, 295, 83, 58
55, 300, 83, 14
55, 308, 83, 59
55, 182, 83, 78
55, 55, 83, 65
55, 310, 83, 36
55, 311, 83, 37
55, 186, 83, 20
55, 72, 83, 79
55, 587, 83, 65
55, 589, 83, 27
55, 336, 83, 42
55, 84, 83, 91
55, 342, 83, 30
55, 480, 83, 51
55, 230, 83, 27
55, 108, 83, 99
55, 367, 83, 7
55, 384, 84, 74
55, 288, 84, 98
55, 354, 84, 57
55, 2, 84, 81
55, 100, 84, 81
55, 132, 84, 88
55, 448, 84, 39
55, 489, 84, 78
55, 585, 84, 52
55, 269, 84, 14
55, 83, 84, 100
55, 86, 84, 26
55, 420, 85, 28
55, 295, 85, 58
55, 383, 85, 76
55, 588, 85, 65
55, 49, 85, 91
55, 467, 85, 84
55, 148, 85, 12
55, 532, 85, 61
55, 182, 85, 78
55, 371, 85, 8
55, 441, 85, 70
55, 380, 85, 37
55, 382, 85, 27
55, 63, 85, 62
55, 386, 86, 14
55, 206, 86, 39
55, 569, 86, 50
55, 570, 86, 44
55, 541, 86, 73
55, 95, 86, 83
55, 514, 87, 57
55, 452, 87, 24
55, 101, 87, 90
55, 72, 87, 79
55, 586, 87, 74
55, 235, 87, 1
55, 25, 87, 3
55, 155, 87, 64
55, 19, 88, 9
55, 28, 88, 1
55, 414, 88, 81
55, 289, 88, 10
55, 294, 88, 26
55, 41, 88, 64
55, 48, 88, 16
55, 309, 88, 63
55, 183, 88, 68
55, 188, 88, 51
55, 75, 88, 4
55, 77, 88, 49
55, 217, 88, 74
55, 220, 88, 67
55, 93, 88, 22
55, 349, 88, 40
55, 102, 88, 57
55, 368, 88, 79
55, 242, 88, 89
55, 122, 88, 54
55, 513, 89, 72
55, 98, 89, 20
55, 291, 89, 90
55, 78, 89, 13
55, 304, 89, 77
55, 531, 89, 32
55, 405, 89, 84
55, 89, 89, 20
55, 92, 89, 29
55, 512, 90, 19
55, 353, 90, 97
55, 321, 90, 5
55, 294, 90, 26
55, 425, 90, 49
55, 491, 90, 93
55, 314, 90, 93
55, 336, 90, 42
55, 560, 90, 1
55, 372, 90, 8
55, 276, 90, 45
55, 568, 90, 16
55, 122, 90, 54
55, 60, 90, 57
55, 160, 91, 21
55, 355, 91, 64
55, 195, 91, 2
55, 70, 91, 60
55, 487, 91, 62
55, 6, 91, 15
55, 110, 91, 12
55, 191, 91, 59
55, 128, 92, 32
55, 387, 92, 63
55, 402, 92, 45
55, 412, 92, 1
55, 34, 92, 75
55, 550, 92, 90
55, 561, 92, 91
55, 568, 92, 16
55, 572, 92, 60
55, 67, 92, 6
55, 457, 92, 69
55, 338, 92, 42
55, 344, 92, 17
55, 216, 92, 64
55, 475, 92, 55
55, 348, 92, 35
55, 477, 92, 55
55, 349, 92, 40
55, 492, 92, 56
55, 495, 92, 25
55, 501, 92, 69
55, 375, 92, 40
55, 511, 92, 60
55, 26, 93, 37
55, 68, 93, 67
55, 37, 93, 7
55, 228, 93, 8
55, 73, 93, 53
55, 395, 93, 98
55, 141, 93, 52
55, 206, 93, 39
55, 20, 93, 2
55, 246, 93, 83
55, 278, 93, 92
55, 54, 93, 40
55, 569, 93, 50
55, 506, 93, 67
55, 539, 93, 15
55, 28, 93, 1
55, 189, 93, 16
55, 375, 93, 40
55, 97, 94, 44
55, 225, 94, 8
55, 356, 94, 99
55, 294, 94, 26
55, 391, 94, 29
55, 6, 94, 15
55, 11, 94, 74
55, 15, 94, 57
55, 466, 94, 20
55, 244, 94, 38
55, 404, 94, 73
55, 469, 94, 10
55, 311, 94, 37
55, 85, 94, 17
55, 571, 94, 56
55, 1, 95, 25
55, 391, 95, 29
55, 263, 95, 1
55, 295, 95, 58
55, 231, 95, 93
55, 491, 95, 93
55, 362, 95, 3
55, 147, 95, 34
55, 309, 95, 63
55, 374, 95, 87
55, 184, 95, 84
55, 443, 95, 56
55, 93, 95, 22
55, 387, 96, 63
55, 391, 96, 29
55, 430, 96, 64
55, 241, 96, 39
55, 148, 96, 12
55, 181, 96, 25
55, 310, 96, 36
55, 534, 96, 85
55, 281, 96, 28
55, 128, 97, 32
55, 259, 97, 63
55, 260, 97, 67
55, 528, 97, 22
55, 282, 97, 2
55, 548, 97, 7
55, 172, 97, 96
55, 310, 97, 36
55, 571, 97, 56
55, 581, 97, 16
55, 71, 97, 56
55, 203, 97, 14
55, 465, 97, 30
55, 82, 97, 90
55, 85, 97, 17
55, 218, 97, 99
55, 350, 97, 43
55, 365, 97, 73
55, 381, 97, 80
55, 510, 97, 86
55, 0, 98, 68
55, 513, 98, 72
55, 130, 98, 58
55, 3, 98, 28
55, 512, 98, 19
55, 5, 98, 27
55, 10, 98, 31
55, 266, 98, 81
55, 12, 98, 20
55, 402, 98, 45
55, 281, 98, 28
55, 413, 98, 62
55, 548, 98, 7
55, 298, 98, 75
55, 72, 98, 79
55, 587, 98, 65
55, 468, 98, 82
55, 215, 98, 42
55, 90, 98, 14
55, 107, 98, 26
55, 115, 98, 19
55, 372, 98, 8
55, 244, 98, 38
55, 125, 98, 83
55, 546, 99, 18
55, 462, 99, 34
55, 208, 99, 59
55, 309, 99, 63
55, 346, 99, 5
55, 255, 99, 38
55, 129, 100, 69
55, 4, 100, 55
55, 262, 100, 34
55, 521, 100, 66
55, 267, 100, 87
55, 396, 100, 2
55, 154, 100, 4
55, 155, 100, 64
55, 31, 100, 13
55, 292, 100, 80
55, 168, 100, 41
55, 60, 100, 57
55, 446, 100, 21
55, 583, 100, 64
55, 235, 100, 1
55, 236, 100, 20
55, 113, 100, 92
55, 373, 100, 18
55, 501, 100, 69
55, 576, 101, 10
55, 520, 101, 20
55, 171, 101, 38
55, 332, 101, 13
55, 267, 101, 87
55, 372, 101, 8
55, 375, 101, 40
55, 536, 101, 26
55, 378, 101, 36
55, 517, 102, 13
55, 522, 102, 31
55, 269, 102, 14
55, 14, 102, 35
55, 527, 102, 95
55, 530, 102, 63
55, 538, 102, 47
55, 157, 102, 6
55, 549, 102, 71
55, 166, 102, 13
55, 421, 102, 13
55, 40, 102, 92
55, 183, 102, 68
55, 65, 102, 51
55, 322, 102, 81
55, 578, 102, 42
55, 453, 102, 92
55, 592, 102, 100
55, 232, 102, 35
55, 106, 102, 23
55, 371, 102, 8
55, 500, 102, 33
55, 118, 102, 17
55, 255, 102, 38
55, 386, 103, 14
55, 516, 103, 77
55, 517, 103, 13
55, 406, 103, 24
55, 151, 103, 26
55, 278, 103, 92
55, 537, 103, 16
55, 289, 103, 10
55, 291, 103, 90
55, 171, 103, 38
55, 559, 103, 40
55, 560, 103, 1
55, 63, 103, 62
55, 84, 103, 91
55, 348, 103, 35
55, 222, 103, 74
55, 350, 103, 43
55, 482, 103, 12
55, 359, 103, 82
55, 370, 103, 68
55, 224, 104, 26
55, 293, 104, 98
55, 518, 104, 89
55, 423, 104, 43
55, 233, 104, 81
55, 202, 104, 80
55, 458, 104, 68
55, 299, 104, 34
55, 270, 104, 12
55, 14, 104, 35
55, 496, 104, 22
55, 338, 104, 42
55, 115, 104, 19
55, 435, 104, 65
55, 182, 104, 78
55, 344, 104, 17
55, 510, 104, 86
55, 353, 105, 97
55, 290, 105, 55
55, 391, 105, 29
55, 41, 105, 64
55, 586, 105, 74
55, 337, 105, 65
55, 210, 105, 28
55, 474, 105, 49
55, 291, 106, 90
55, 233, 106, 81
55, 109, 106, 6
55, 337, 106, 65
55, 338, 106, 42
55, 541, 106, 73
55, 351, 106, 45
55, 7, 107, 22
55, 447, 107, 100
55, 138, 107, 95
55, 106, 107, 23
55, 173, 107, 7
55, 496, 107, 22
55, 304, 107, 77
55, 308, 107, 59
55, 344, 107, 17
55, 510, 107, 86
55, 223, 107, 11
55, 384, 108, 74
55, 522, 108, 31
55, 13, 108, 46
55, 398, 108, 70
55, 146, 108, 99
55, 147, 108, 34
55, 551, 108, 10
55, 177, 108, 22
55, 449, 108, 65
55, 322, 108, 81
55, 195, 108, 2
55, 68, 108, 67
55, 73, 108, 53
55, 330, 108, 99
55, 339, 108, 65
55, 470, 108, 13
55, 91, 108, 7
55, 352, 108, 24
55, 227, 108, 14
55, 109, 108, 6
55, 117, 108, 24
55, 118, 108, 17
55, 64, 109, 24
55, 160, 109, 21
55, 260, 109, 67
55, 69, 109, 64
55, 330, 109, 99
55, 523, 109, 57
55, 235, 109, 1
55, 410, 109, 12
55, 347, 109, 80
55, 124, 109, 16
55, 29, 109, 88
55, 478, 109, 72
55, 580, 110, 15
55, 36, 110, 93
55, 351, 110, 45
55, 103, 110, 95
55, 422, 110, 75
55, 520, 110, 20
55, 564, 110, 14
55, 84, 110, 91
55, 566, 110, 94
55, 313, 110, 75
55, 222, 110, 74
55, 190, 110, 99
55, 31, 110, 13
55, 65, 111, 51
55, 394, 111, 66
55, 302, 111, 99
55, 498, 111, 45
55, 468, 111, 82
55, 149, 111, 34
55, 315, 111, 87
55, 40, 112, 92
55, 296, 112, 64
55, 200, 112, 66
55, 11, 112, 74
55, 273, 112, 69
55, 595, 112, 30
55, 84, 112, 91
55, 184, 112, 84
55, 538, 112, 47
55, 351, 112, 45
55, 449, 113, 65
55, 323, 113, 51
55, 324, 113, 54
55, 228, 113, 8
55, 519, 113, 82
55, 154, 113, 4
55, 447, 113, 100
55, 203, 113, 14
55, 44, 113, 95
55, 529, 113, 37
55, 307, 113, 6
55, 344, 113, 17
55, 346, 113, 5
55, 543, 113, 85
55, 512, 114, 19
55, 98, 114, 20
55, 100, 114, 81
55, 228, 114, 8
55, 198, 114, 25
55, 6, 114, 15
55, 12, 114, 20
55, 524, 114, 17
55, 145, 114, 39
55, 371, 114, 8
55, 153, 114, 2
55, 417, 115, 93
55, 361, 115, 98
55, 401, 115, 32
55, 90, 115, 14
55, 188, 115, 51
55, 573, 115, 38
55, 480, 116, 51
55, 161, 116, 50
55, 385, 116, 6
55, 3, 116, 28
55, 291, 116, 90
55, 9, 116, 53
55, 311, 116, 37
55, 405, 116, 84
55, 183, 116, 68
55, 280, 116, 77
55, 25, 116, 3
55, 90, 116, 14
55, 413, 116, 62
55, 479, 116, 22
55, 386, 117, 14
55, 515, 117, 19
55, 389, 117, 7
55, 138, 117, 95
55, 139, 117, 17
55, 17, 117, 64
55, 148, 117, 12
55, 151, 117, 26
55, 537, 117, 16
55, 161, 117, 50
55, 420, 117, 28
55, 551, 117, 10
55, 299, 117, 34
55, 176, 117, 25
55, 186, 117, 20
55, 64, 117, 24
55, 72, 117, 79
55, 462, 117, 34
55, 93, 117, 22
55, 95, 117, 83
55, 99, 117, 29
55, 500, 117, 33
55, 506, 117, 67
55, 321, 118, 5
55, 98, 118, 20
55, 471, 118, 41
55, 6, 118, 15
55, 136, 118, 87
55, 296, 118, 64
55, 107, 118, 26
55, 366, 118, 72
55, 370, 118, 68
55, 403, 118, 72
55, 51, 118, 9
55, 437, 118, 61
55, 147, 118, 34
55, 246, 118, 83
55, 281, 118, 28
55, 286, 118, 10
55, 127, 118, 38
55, 577, 119, 72
55, 550, 119, 90
55, 518, 119, 89
55, 455, 119, 63
55, 486, 119, 81
55, 523, 119, 57
55, 212, 119, 79
55, 374, 119, 87
55, 152, 119, 44
55, 27, 119, 100
55, 120, 119, 28
55, 542, 119, 57
55, 386, 120, 14
55, 394, 120, 66
55, 525, 120, 43
55, 155, 120, 64
55, 157, 120, 6
55, 289, 120, 10
55, 298, 120, 75
55, 556, 120, 20
55, 45, 120, 61
55, 433, 120, 97
55, 56, 120, 51
55, 571, 120, 56
55, 67, 120, 6
55, 83, 120, 100
55, 91, 120, 7
55, 355, 120, 64
55, 232, 120, 35
55, 489, 120, 78
55, 236, 120, 20
55, 130, 121, 58
55, 66, 121, 17
55, 69, 121, 64
55, 390, 121, 49
55, 456, 121, 92
55, 425, 121, 49
55, 301, 121, 60
55, 397, 121, 7
55, 81, 121, 50
55, 85, 121, 17
55, 443, 121, 56
55, 56, 121, 51
55, 441, 121, 70
55, 90, 121, 14
55, 347, 121, 80
55, 316, 121, 23
55, 33, 122, 83
55, 578, 122, 42
55, 228, 122, 8
55, 70, 122, 60
55, 9, 122, 53
55, 145, 122, 39
55, 20, 122, 2
55, 438, 122, 80
55, 346, 122, 5
55, 125, 122, 83
55, 190, 122, 99
55, 383, 122, 76
55, 323, 123, 51
55, 552, 123, 12
55, 489, 123, 78
55, 77, 123, 49
55, 574, 123, 41
55, 545, 124, 31
55, 353, 124, 97
55, 548, 124, 7
55, 329, 124, 29
55, 266, 124, 81
55, 428, 124, 81
55, 461, 124, 77
55, 364, 124, 77
55, 368, 124, 79
55, 277, 124, 59
55, 278, 124, 92
55, 86, 124, 26
55, 505, 124, 88
55, 218, 124, 99
55, 347, 124, 80
55, 92, 124, 29
55, 121, 125, 74
55, 226, 125, 6
55, 198, 125, 25
55, 103, 125, 95
55, 582, 125, 75
55, 521, 125, 66
55, 518, 125, 89
55, 235, 125, 1
55, 586, 125, 74
55, 334, 125, 25
55, 238, 125, 59
55, 143, 125, 22
55, 306, 125, 62
55, 83, 125, 100
55, 212, 125, 79
55, 473, 125, 21
55, 316, 125, 23
55, 33, 126, 83
55, 516, 126, 77
55, 298, 126, 75
55, 397, 126, 7
55, 55, 126, 65
55, 311, 126, 37
55, 30, 126, 5
55, 259, 127, 63
55, 234, 127, 62
55, 269, 127, 14
55, 532, 127, 61
55, 188, 127, 51
55, 573, 127, 38
55, 1, 128, 25
55, 261, 128, 67
55, 520, 128, 20
55, 10, 128, 31
55, 300, 128, 14
55, 493, 128, 41
55, 268, 128, 68
55, 336, 128, 42
55, 337, 128, 65
55, 243, 128, 8
55, 341, 128, 20
55, 470, 128, 13
55, 574, 128, 41
55, 33, 129, 83
55, 161, 129, 50
55, 418, 129, 6
55, 580, 129, 15
55, 327, 129, 89
55, 106, 129, 23
55, 366, 129, 72
55, 271, 129, 90
55, 208, 129, 59
55, 561, 129, 91
55, 399, 129, 47
55, 471, 129, 41
55, 26, 129, 37
55, 284, 129, 55
55, 255, 129, 38
55, 194, 130, 87
55, 420, 130, 28
55, 520, 130, 20
55, 479, 130, 22
55, 331, 130, 47
55, 202, 130, 80
55, 464, 130, 66
55, 112, 130, 26
55, 114, 130, 17
55, 116, 130, 7
55, 511, 130, 60
55, 353, 131, 97
55, 74, 131, 82
55, 491, 131, 93
55, 587, 131, 65
55, 234, 131, 62
55, 590, 131, 31
55, 207, 131, 43
55, 206, 131, 39
55, 500, 131, 33
55, 340, 131, 17
55, 502, 131, 16
55, 87, 131, 92
55, 195, 132, 2
55, 8, 132, 65
55, 201, 132, 84
55, 109, 132, 6
55, 114, 132, 17
55, 179, 132, 81
55, 595, 132, 30
55, 25, 132, 3
55, 284, 132, 55
55, 451, 133, 39
55, 489, 133, 78
55, 74, 133, 82
55, 17, 133, 64
55, 148, 133, 12
55, 22, 133, 26
55, 131, 134, 99
55, 396, 134, 2
55, 271, 134, 90
55, 160, 134, 21
55, 547, 134, 43
55, 424, 134, 50
55, 425, 134, 49
55, 427, 134, 1
55, 172, 134, 96
55, 48, 134, 16
55, 52, 134, 7
55, 566, 134, 94
55, 451, 134, 39
55, 69, 134, 64
55, 589, 134, 27
55, 465, 134, 30
55, 346, 134, 5
55, 107, 134, 26
55, 109, 134, 6
55, 367, 134, 7
55, 372, 134, 8
55, 382, 134, 27
55, 7, 135, 22
55, 200, 135, 66
55, 459, 135, 93
55, 428, 135, 81
55, 44, 135, 95
55, 172, 135, 96
55, 332, 135, 13
55, 113, 135, 92
55, 498, 135, 45
55, 307, 135, 6
55, 499, 135, 68
55, 404, 135, 73
55, 23, 135, 46
55, 348, 135, 35
55, 504, 135, 49
55, 540, 135, 30
55, 388, 136, 96
55, 138, 136, 95
55, 18, 136, 80
55, 407, 136, 33
55, 408, 136, 100
55, 290, 136, 55
55, 436, 136, 42
55, 183, 136, 68
55, 321, 136, 5
55, 65, 136, 51
55, 450, 136, 21
55, 68, 136, 67
55, 80, 136, 19
55, 594, 136, 29
55, 596, 136, 96
55, 91, 136, 7
55, 236, 136, 20
55, 114, 136, 17
55, 246, 136, 83
55, 503, 136, 55
55, 121, 136, 74
55, 124, 136, 16
55, 255, 136, 38
55, 386, 137, 14
55, 354, 137, 57
55, 292, 137, 80
55, 228, 137, 8
55, 69, 137, 64
55, 455, 137, 63
55, 199, 137, 67
55, 547, 137, 43
55, 554, 137, 80
55, 523, 137, 57
55, 550, 137, 90
55, 334, 137, 25
55, 17, 137, 64
55, 435, 137, 65
55, 186, 137, 20
55, 187, 137, 60
55, 577, 138, 72
55, 291, 138, 90
55, 228, 138, 8
55, 106, 138, 23
55, 522, 138, 31
55, 525, 138, 43
55, 430, 138, 64
55, 80, 138, 19
55, 306, 138, 62
55, 563, 138, 65
55, 381, 138, 80
55, 382, 138, 27
55, 511, 138, 60
55, 320, 139, 71
55, 8, 139, 65
55, 41, 139, 64
55, 427, 139, 1
55, 12, 139, 20
55, 333, 139, 36
55, 560, 139, 1
55, 533, 139, 8
55, 597, 139, 22
55, 343, 139, 66
55, 410, 139, 12
55, 355, 140, 64
55, 484, 140, 38
55, 420, 140, 28
55, 422, 140, 75
55, 491, 140, 93
55, 460, 140, 50
55, 173, 140, 7
55, 367, 140, 7
55, 495, 140, 25
55, 81, 140, 50
55, 530, 140, 63
55, 243, 140, 8
55, 82, 140, 90
55, 561, 140, 91
55, 278, 140, 92
55, 80, 140, 19
55, 445, 140, 74
55, 511, 140, 60
55, 256, 141, 55
55, 148, 141, 12
55, 161, 141, 50
55, 295, 141, 58
55, 298, 141, 75
55, 560, 141, 1
55, 188, 141, 51
55, 444, 141, 66
55, 448, 141, 39
55, 323, 141, 51
55, 460, 141, 50
55, 334, 141, 25
55, 590, 141, 31
55, 480, 141, 51
55, 99, 141, 29
55, 106, 141, 23
55, 107, 141, 26
55, 242, 141, 89
55, 247, 141, 1
55, 380, 141, 37
55, 256, 142, 55
55, 193, 142, 21
55, 96, 142, 10
55, 417, 142, 93
55, 1, 142, 25
55, 584, 142, 62
55, 456, 142, 92
55, 11, 142, 74
55, 524, 142, 17
55, 569, 142, 50
55, 500, 142, 33
55, 565, 142, 5
55, 149, 142, 34
55, 344, 142, 17
55, 57, 142, 71
55, 90, 142, 14
55, 156, 142, 45
55, 481, 143, 22
55, 581, 143, 16
55, 199, 143, 67
55, 459, 143, 93
55, 400, 143, 25
55, 20, 143, 2
55, 56, 143, 51
55, 507, 143, 8
55, 61, 143, 22
55, 257, 144, 2
55, 34, 144, 75
55, 35, 144, 6
55, 102, 144, 57
55, 487, 144, 62
55, 360, 144, 81
55, 299, 144, 34
55, 207, 144, 43
55, 145, 144, 39
55, 502, 144, 16
55, 279, 144, 7
55, 56, 144, 51
55, 156, 144, 45
55, 349, 144, 40
55, 62, 144, 89
55, 255, 144, 38
55, 3, 145, 28
55, 522, 145, 31
55, 142, 145, 80
55, 17, 145, 64
55, 152, 145, 44
55, 33, 145, 83
55, 35, 145, 6
55, 422, 145, 75
55, 424, 145, 50
55, 301, 145, 60
55, 49, 145, 91
55, 433, 145, 97
55, 311, 145, 37
55, 444, 145, 66
55, 62, 145, 89
55, 72, 145, 79
55, 84, 145, 91
55, 480, 145, 51
55, 354, 145, 57
55, 34, 146, 75
55, 496, 146, 22
55, 241, 146, 39
55, 339, 146, 65
55, 286, 146, 10
55, 439, 147, 9
55, 450, 147, 21
55, 165, 147, 37
55, 581, 147, 16
55, 297, 147, 15
55, 138, 147, 95
55, 492, 147, 56
55, 429, 147, 70
55, 461, 147, 77
55, 431, 147, 20
55, 16, 147, 52
55, 20, 147, 2
55, 118, 147, 17
55, 279, 147, 7
55, 502, 147, 16
55, 508, 147, 77
55, 477, 147, 55
55, 422, 148, 75
55, 583, 148, 64
55, 40, 148, 92
55, 281, 148, 28
55, 42, 148, 27
55, 44, 148, 95
55, 237, 148, 68
55, 15, 148, 57
55, 592, 148, 100
55, 381, 148, 80
55, 116, 148, 7
55, 85, 148, 17
55, 21, 148, 73
55, 537, 148, 16
55, 538, 148, 47
55, 251, 148, 51
55, 221, 148, 33
55, 417, 149, 93
55, 3, 149, 28
55, 228, 149, 8
55, 265, 149, 45
55, 558, 149, 45
55, 179, 149, 81
55, 84, 149, 91
55, 409, 149, 57
55, 319, 149, 57
55, 121, 150, 74
55, 131, 150, 99
55, 324, 150, 54
55, 573, 150, 38
55, 265, 150, 45
55, 493, 150, 41
55, 334, 150, 25
55, 239, 150, 90
55, 208, 150, 59
55, 496, 150, 22
55, 335, 150, 40
55, 310, 150, 36
55, 182, 150, 78
55, 313, 150, 75
55, 477, 150, 55
55, 159, 150, 2
55, 320, 151, 71
55, 225, 151, 8
55, 418, 151, 6
55, 322, 151, 81
55, 552, 151, 12
55, 106, 151, 23
55, 204, 151, 79
55, 556, 151, 20
55, 462, 151, 34
55, 276, 151, 45
55, 470, 151, 13
55, 599, 151, 86
55, 409, 151, 57
55, 411, 151, 86
55, 545, 152, 31
55, 289, 152, 10
55, 227, 152, 14
55, 513, 152, 72
55, 135, 152, 98
55, 488, 152, 3
55, 167, 152, 67
55, 200, 152, 66
55, 555, 152, 88
55, 12, 152, 20
55, 204, 152, 79
55, 50, 152, 89
55, 467, 152, 84
55, 508, 152, 77
55, 253, 152, 66
55, 383, 152, 76
55, 512, 153, 19
55, 6, 153, 15
55, 520, 153, 20
55, 525, 153, 43
55, 143, 153, 22
55, 150, 153, 49
55, 411, 153, 86
55, 542, 153, 57
55, 159, 153, 2
55, 545, 153, 31
55, 546, 153, 18
55, 36, 153, 93
55, 558, 153, 45
55, 573, 153, 38
55, 587, 153, 65
55, 461, 153, 77
55, 471, 153, 41
55, 361, 153, 98
55, 499, 153, 68
55, 372, 153, 8
55, 373, 153, 18
55, 502, 153, 16
55, 249, 153, 52
55, 383, 153, 76
55, 4, 154, 55
55, 198, 154, 25
55, 488, 154, 3
55, 266, 154, 81
55, 591, 154, 44
55, 116, 154, 7
55, 182, 154, 78
55, 122, 154, 54
55, 385, 155, 6
55, 136, 155, 87
55, 522, 155, 31
55, 268, 155, 68
55, 539, 155, 15
55, 172, 155, 96
55, 51, 155, 9
55, 574, 155, 41
55, 578, 155, 42
55, 590, 155, 31
55, 465, 155, 30
55, 215, 155, 42
55, 216, 155, 64
55, 89, 155, 20
55, 347, 155, 80
55, 348, 155, 35
55, 482, 155, 12
55, 99, 155, 29
55, 493, 155, 41
55, 373, 155, 18
55, 504, 155, 49
55, 122, 155, 54
55, 417, 156, 93
55, 353, 156, 97
55, 386, 156, 14
55, 129, 156, 69
55, 453, 156, 92
55, 229, 156, 80
55, 1, 156, 25
55, 105, 156, 85
55, 362, 156, 3
55, 201, 156, 84
55, 274, 156, 20
55, 244, 156, 38
55, 277, 156, 59
55, 309, 156, 63
55, 599, 156, 86
55, 386, 157, 14
55, 396, 157, 2
55, 406, 157, 24
55, 420, 157, 28
55, 422, 157, 75
55, 169, 157, 6
55, 298, 157, 75
55, 556, 157, 20
55, 306, 157, 62
55, 435, 157, 65
55, 319, 157, 57
55, 71, 157, 56
55, 333, 157, 36
55, 463, 157, 58
55, 336, 157, 42
55, 86, 157, 26
55, 215, 157, 42
55, 473, 157, 21
55, 98, 157, 20
55, 228, 157, 8
55, 502, 157, 16
55, 383, 157, 76
55, 357, 158, 27
55, 109, 158, 6
55, 560, 158, 1
55, 597, 158, 22
55, 536, 158, 26
55, 443, 158, 56
55, 256, 159, 55
55, 289, 159, 10
55, 382, 159, 27
55, 129, 159, 69
55, 541, 159, 73
55, 385, 159, 6
55, 75, 159, 4
55, 15, 159, 57
55, 81, 159, 50
55, 83, 159, 100
55, 84, 159, 91
55, 246, 159, 83
55, 473, 159, 21
55, 282, 159, 2
55, 156, 159, 45
55, 540, 159, 30
55, 254, 159, 67
55, 513, 160, 72
55, 258, 160, 43
55, 472, 160, 74
55, 218, 160, 99
55, 44, 160, 95
55, 557, 160, 72
55, 78, 160, 13
55, 410, 160, 12
55, 82, 160, 90
55, 531, 160, 32
55, 500, 160, 33
55, 87, 160, 92
55, 471, 160, 41
55, 216, 160, 64
55, 345, 160, 75
55, 250, 160, 94
55, 389, 161, 7
55, 519, 161, 82
55, 10, 161, 31
55, 267, 161, 87
55, 397, 161, 7
55, 143, 161, 22
55, 407, 161, 33
55, 153, 161, 2
55, 422, 161, 75
55, 49, 161, 91
55, 562, 161, 97
55, 187, 161, 60
55, 88, 161, 94
55, 474, 161, 49
55, 479, 161, 22
55, 99, 161, 29
55, 229, 161, 80
55, 486, 161, 81
55, 109, 161, 6
55, 243, 161, 8
55, 502, 161, 16
55, 124, 161, 16
55, 226, 162, 6
55, 196, 162, 13
55, 5, 162, 27
55, 334, 162, 25
55, 335, 162, 40
55, 368, 162, 79
55, 80, 162, 19
55, 565, 162, 5
55, 182, 162, 78
55, 505, 162, 88
55, 475, 162, 55
55, 40, 163, 92
55, 18, 163, 80
55, 149, 163, 34
55, 405, 163, 84
55, 218, 163, 99
55, 256, 164, 55
55, 3, 164, 28
55, 580, 164, 15
55, 163, 164, 48
55, 169, 164, 6
55, 139, 164, 17
55, 529, 164, 37
55, 19, 164, 9
55, 182, 164, 78
55, 119, 164, 44
55, 381, 164, 80
55, 103, 165, 95
55, 585, 165, 52
55, 479, 165, 22
55, 587, 165, 65
55, 76, 165, 94
55, 364, 165, 77
55, 331, 165, 47
55, 151, 165, 26
55, 345, 165, 75
55, 63, 165, 62
55, 448, 166, 39
55, 43, 166, 88
55, 314, 166, 93
55, 156, 166, 45
55, 61, 166, 22
55, 388, 167, 96
55, 261, 167, 67
55, 390, 167, 49
55, 529, 167, 37
55, 277, 167, 59
55, 31, 167, 13
55, 288, 167, 98
55, 296, 167, 64
55, 552, 167, 12
55, 312, 167, 65
55, 62, 167, 89
55, 323, 167, 51
55, 457, 167, 69
55, 210, 167, 28
55, 347, 167, 80
55, 355, 167, 64
55, 107, 167, 26
55, 252, 167, 99
55, 380, 167, 37
55, 288, 168, 98
55, 240, 168, 66
55, 273, 168, 69
55, 338, 168, 42
55, 115, 168, 19
55, 315, 168, 87
55, 3, 169, 28
55, 516, 169, 77
55, 330, 169, 99
55, 204, 169, 79
55, 334, 169, 25
55, 110, 169, 12
55, 402, 169, 45
55, 531, 169, 32
55, 86, 169, 26
55, 509, 169, 69
55, 529, 170, 37
55, 277, 170, 59
55, 21, 170, 73
55, 280, 170, 77
55, 408, 170, 100
55, 161, 170, 50
55, 437, 170, 61
55, 183, 170, 68
55, 572, 170, 60
55, 63, 170, 62
55, 576, 170, 10
55, 579, 170, 94
55, 72, 170, 79
55, 201, 170, 84
55, 460, 170, 50
55, 81, 170, 50
55, 84, 170, 91
55, 85, 170, 17
55, 468, 170, 82
55, 472, 170, 74
55, 354, 170, 57
55, 228, 170, 8
55, 362, 170, 3
55, 248, 170, 70
55, 253, 170, 66
55, 1, 171, 25
55, 137, 171, 46
55, 271, 171, 90
55, 272, 171, 34
55, 417, 171, 93
55, 548, 171, 7
55, 424, 171, 50
55, 42, 171, 27
55, 170, 171, 17
55, 182, 171, 78
55, 447, 171, 100
55, 64, 171, 24
55, 585, 171, 52
55, 73, 171, 53
55, 460, 171, 50
55, 463, 171, 58
55, 593, 171, 26
55, 473, 171, 21
55, 91, 171, 7
55, 93, 171, 22
55, 231, 171, 93
55, 233, 171, 81
55, 239, 171, 90
55, 116, 171, 7
55, 244, 171, 38
55, 270, 172, 12
55, 240, 172, 66
55, 497, 172, 79
55, 375, 172, 40
55, 125, 172, 83
55, 192, 173, 97
55, 385, 173, 6
55, 549, 173, 71
55, 326, 173, 33
55, 39, 173, 85
55, 282, 173, 2
55, 110, 173, 12
55, 559, 173, 40
55, 48, 173, 16
55, 402, 173, 45
55, 408, 173, 100
55, 538, 173, 47
55, 356, 174, 99
55, 390, 174, 49
55, 391, 174, 29
55, 141, 174, 52
55, 143, 174, 22
55, 595, 174, 30
55, 567, 174, 44
55, 353, 175, 97
55, 121, 175, 74
55, 579, 175, 94
55, 196, 175, 13
55, 486, 175, 81
55, 231, 175, 93
55, 91, 175, 7
55, 337, 175, 65
55, 370, 175, 68
55, 82, 175, 90
55, 312, 175, 65
55, 25, 175, 3
55, 123, 175, 42
55, 24, 175, 63
55, 575, 175, 72
55, 418, 176, 6
55, 9, 176, 53
55, 298, 176, 75
55, 406, 176, 24
55, 471, 176, 41
55, 121, 176, 74
55, 59, 176, 52
55, 284, 176, 55
55, 129, 177, 69
55, 516, 177, 77
55, 6, 177, 15
55, 393, 177, 14
55, 394, 177, 66
55, 141, 177, 52
55, 535, 177, 46
55, 279, 177, 7
55, 291, 177, 90
55, 41, 177, 64
55, 429, 177, 70
55, 571, 177, 56
55, 326, 177, 33
55, 200, 177, 66
55, 457, 177, 69
55, 458, 177, 68
55, 77, 177, 49
55, 594, 177, 29
55, 339, 177, 65
55, 470, 177, 13
55, 93, 177, 22
55, 487, 177, 62
55, 232, 177, 35
55, 489, 177, 78
55, 492, 177, 56
55, 0, 178, 68
55, 2, 178, 81
55, 391, 178, 29
55, 267, 178, 87
55, 525, 178, 43
55, 17, 178, 64
55, 406, 178, 24
55, 154, 178, 4
55, 282, 178, 2
55, 173, 178, 7
55, 434, 178, 46
55, 436, 178, 42
55, 60, 178, 57
55, 68, 178, 67
55, 588, 178, 65
55, 207, 178, 43
55, 82, 178, 90
55, 346, 178, 5
55, 360, 178, 81
55, 237, 178, 68
55, 296, 179, 64
55, 425, 179, 49
55, 458, 179, 68
55, 15, 179, 57
55, 336, 179, 42
55, 273, 179, 69
55, 243, 179, 8
55, 21, 179, 73
55, 343, 179, 66
55, 549, 180, 71
55, 457, 180, 69
55, 394, 180, 66
55, 15, 180, 57
55, 147, 180, 34
55, 502, 180, 16
55, 254, 180, 67
55, 322, 181, 81
55, 546, 181, 18
55, 324, 181, 54
55, 453, 181, 92
55, 230, 181, 27
55, 392, 181, 11
55, 458, 181, 68
55, 282, 181, 2
55, 174, 181, 26
55, 78, 181, 13
55, 48, 181, 16
55, 314, 181, 93
55, 516, 182, 77
55, 72, 182, 79
55, 10, 182, 31
55, 142, 182, 80
55, 111, 182, 100
55, 402, 182, 45
55, 567, 182, 44
55, 217, 182, 74
55, 1, 183, 25
55, 391, 183, 29
55, 392, 183, 11
55, 139, 183, 17
55, 531, 183, 32
55, 147, 183, 34
55, 541, 183, 73
55, 415, 183, 4
55, 552, 183, 12
55, 169, 183, 6
55, 296, 183, 64
55, 301, 183, 60
55, 569, 183, 50
55, 453, 183, 92
55, 198, 183, 25
55, 73, 183, 53
55, 593, 183, 26
55, 85, 183, 17
55, 98, 183, 20
55, 232, 183, 35
55, 361, 183, 98
55, 106, 183, 23
55, 235, 183, 1
55, 494, 183, 24
55, 135, 184, 98
55, 13, 184, 46
55, 269, 184, 14
55, 16, 184, 52
55, 545, 184, 31
55, 162, 184, 85
55, 548, 184, 7
55, 168, 184, 41
55, 432, 184, 4
55, 437, 184, 61
55, 438, 184, 80
55, 65, 184, 51
55, 458, 184, 68
55, 79, 184, 18
55, 591, 184, 44
55, 99, 184, 29
55, 237, 184, 68
55, 493, 184, 41
55, 370, 184, 68
55, 499, 184, 68
55, 245, 184, 53
55, 246, 184, 83
55, 502, 184, 16
55, 128, 185, 32
55, 513, 185, 72
55, 259, 185, 63
55, 14, 185, 35
55, 20, 185, 2
55, 148, 185, 12
55, 36, 185, 93
55, 559, 185, 40
55, 303, 185, 41
55, 438, 185, 80
55, 312, 185, 65
55, 57, 185, 71
55, 443, 185, 56
55, 573, 185, 38
55, 576, 185, 10
55, 67, 185, 6
55, 76, 185, 94
55, 463, 185, 58
55, 591, 185, 44
55, 240, 185, 66
55, 119, 185, 44
55, 527, 186, 95
55, 405, 186, 84
55, 280, 186, 77
55, 283, 186, 95
55, 160, 186, 21
55, 550, 186, 90
55, 302, 186, 99
55, 431, 186, 20
55, 305, 186, 39
55, 562, 186, 97
55, 181, 186, 25
55, 567, 186, 44
55, 577, 186, 72
55, 462, 186, 34
55, 467, 186, 84
55, 214, 186, 35
55, 356, 186, 99
55, 361, 186, 98
55, 497, 186, 79
55, 245, 186, 53
55, 250, 186, 94
55, 353, 187, 97
55, 131, 187, 99
55, 58, 187, 63
55, 549, 187, 71
55, 395, 187, 98
55, 14, 187, 35
55, 410, 187, 12
55, 60, 187, 57
55, 446, 187, 21
55, 167, 188, 67
55, 10, 188, 31
55, 461, 188, 77
55, 142, 188, 80
55, 337, 188, 65
55, 222, 188, 74
55, 596, 188, 96
55, 437, 188, 61
55, 536, 188, 26
55, 155, 188, 64
55, 127, 188, 38
55, 445, 188, 74
55, 318, 188, 40
55, 95, 188, 83
55, 256, 189, 55
55, 193, 189, 21
55, 450, 189, 21
55, 6, 189, 15
55, 11, 189, 74
55, 43, 189, 88
55, 304, 189, 77
55, 307, 189, 6
55, 213, 189, 6
55, 479, 189, 22
55, 289, 190, 10
55, 386, 190, 14
55, 421, 190, 13
55, 582, 190, 75
55, 263, 190, 1
55, 200, 190, 66
55, 8, 190, 65
55, 460, 190, 50
55, 16, 190, 52
55, 145, 190, 39
55, 436, 190, 42
55, 184, 190, 84
55, 285, 190, 15
55, 287, 190, 16
55, 0, 191, 68
55, 1, 191, 25
55, 130, 191, 58
55, 3, 191, 28
55, 518, 191, 89
55, 139, 191, 17
55, 272, 191, 34
55, 291, 191, 90
55, 548, 191, 7
55, 298, 191, 75
55, 582, 191, 75
55, 594, 191, 29
55, 339, 191, 65
55, 340, 191, 17
55, 211, 191, 18
55, 90, 191, 14
55, 223, 191, 11
55, 99, 191, 29
55, 102, 191, 57
55, 110, 191, 12
55, 381, 191, 80
55, 423, 192, 43
55, 336, 192, 42
55, 208, 192, 59
55, 240, 192, 66
55, 536, 192, 26
55, 505, 192, 88
55, 227, 193, 14
55, 3, 193, 28
55, 394, 193, 66
55, 306, 193, 62
55, 279, 193, 7
55, 445, 193, 74
55, 392, 194, 11
55, 521, 194, 66
55, 395, 194, 98
55, 26, 194, 37
55, 28, 194, 1
55, 285, 194, 15
55, 415, 194, 4
55, 34, 194, 75
55, 290, 194, 55
55, 550, 194, 90
55, 166, 194, 13
55, 556, 194, 20
55, 50, 194, 89
55, 441, 194, 70
55, 572, 194, 60
55, 75, 194, 4
55, 89, 194, 20
55, 90, 194, 14
55, 233, 194, 81
55, 491, 194, 93
55, 498, 194, 45
55, 500, 194, 33
55, 250, 194, 94
55, 253, 194, 66
55, 128, 195, 32
55, 160, 195, 21
55, 515, 195, 19
55, 204, 195, 79
55, 268, 195, 68
55, 144, 195, 82
55, 272, 195, 34
55, 7, 196, 22
55, 10, 196, 31
55, 526, 196, 21
55, 406, 196, 24
55, 152, 196, 44
55, 154, 196, 4
55, 417, 196, 93
55, 36, 196, 93
55, 301, 196, 60
55, 179, 196, 81
55, 569, 196, 50
55, 448, 196, 39
55, 199, 196, 67
55, 330, 196, 99
55, 587, 196, 65
55, 595, 196, 30
55, 84, 196, 91
55, 217, 196, 74
55, 224, 196, 26
55, 361, 196, 98
55, 233, 196, 81
55, 376, 196, 99
55, 505, 196, 88
55, 252, 196, 99
55, 35, 197, 6
55, 101, 197, 90
55, 552, 197, 12
55, 360, 197, 81
55, 140, 197, 64
55, 78, 197, 13
55, 79, 197, 18
55, 464, 197, 66
55, 562, 197, 97
55, 275, 197, 38
55, 468, 197, 82
55, 499, 197, 68
55, 471, 197, 41
55, 568, 197, 16
55, 153, 197, 2
55, 56, 197, 51
55, 476, 197, 27
55, 573, 197, 38
55, 393, 198, 14
55, 274, 198, 20
55, 403, 198, 72
55, 539, 198, 15
55, 420, 198, 28
55, 551, 198, 10
55, 167, 198, 67
55, 432, 198, 4
55, 562, 198, 97
55, 180, 198, 89
55, 53, 198, 27
55, 58, 198, 63
55, 187, 198, 60
55, 447, 198, 100
55, 581, 198, 16
55, 338, 198, 42
55, 212, 198, 79
55, 346, 198, 5
55, 101, 198, 90
55, 127, 198, 38
55, 261, 199, 67
55, 391, 199, 29
55, 141, 199, 52
55, 527, 199, 95
55, 529, 199, 37
55, 147, 199, 34
55, 417, 199, 93
55, 43, 199, 88
55, 46, 199, 59
55, 452, 199, 24
55, 196, 199, 13
55, 340, 199, 17
55, 86, 199, 26
55, 350, 199, 43
55, 478, 199, 72
55, 96, 199, 10
55, 483, 199, 35
55, 102, 199, 57
55, 359, 199, 82
55, 358, 199, 68
55, 499, 199, 68
55, 500, 199, 33
55, 373, 199, 18
55, 391, 200, 29
55, 460, 200, 50
55, 556, 200, 20
55, 174, 200, 26
55, 565, 200, 5
55, 286, 200, 10
55, 522, 201, 31
55, 268, 201, 68
55, 527, 201, 95
55, 144, 201, 82
55, 531, 201, 32
55, 280, 201, 77
55, 423, 201, 43
55, 177, 201, 22
55, 569, 201, 50
55, 316, 201, 23
55, 447, 201, 100
55, 192, 201, 97
55, 450, 201, 21
55, 66, 201, 17
55, 581, 201, 16
55, 80, 201, 19
55, 210, 201, 28
55, 343, 201, 66
55, 225, 201, 8
55, 108, 201, 99
55, 241, 201, 39
55, 118, 201, 17
55, 247, 201, 1
55, 380, 201, 37
55, 129, 202, 69
55, 9, 202, 53
55, 275, 202, 38
55, 533, 202, 8
55, 26, 202, 37
55, 541, 202, 73
55, 29, 202, 88
55, 544, 202, 12
55, 552, 202, 12
55, 300, 202, 14
55, 449, 202, 65
55, 579, 202, 94
55, 582, 202, 75
55, 77, 202, 49
55, 352, 202, 24
55, 98, 202, 20
55, 357, 202, 27
55, 251, 202, 51
55, 252, 202, 99
55, 0, 203, 68
55, 131, 203, 99
55, 136, 203, 87
55, 146, 203, 99
55, 405, 203, 84
55, 153, 203, 2
55, 537, 203, 16
55, 552, 203, 12
55, 172, 203, 96
55, 307, 203, 6
55, 55, 203, 65
55, 65, 203, 51
55, 206, 203, 39
55, 212, 203, 79
55, 215, 203, 42
55, 217, 203, 74
55, 220, 203, 67
55, 350, 203, 43
55, 486, 203, 81
55, 489, 203, 78
55, 109, 203, 6
55, 419, 204, 82
55, 133, 204, 70
55, 281, 204, 28
55, 518, 204, 89
55, 427, 204, 1
55, 400, 204, 25
55, 373, 204, 18
55, 150, 204, 49
55, 22, 204, 26
55, 62, 204, 89
55, 569, 204, 50
55, 314, 204, 93
55, 542, 204, 57
55, 159, 204, 2
55, 514, 205, 57
55, 533, 205, 8
55, 155, 205, 64
55, 541, 205, 73
55, 290, 205, 55
55, 186, 205, 20
55, 61, 205, 22
55, 446, 205, 21
55, 328, 205, 49
55, 584, 205, 62
55, 457, 205, 69
55, 341, 205, 20
55, 87, 205, 92
55, 226, 205, 6
55, 356, 205, 99
55, 359, 205, 82
55, 238, 205, 59
55, 247, 205, 1
55, 505, 205, 88
55, 122, 205, 54
55, 382, 205, 27
55, 293, 206, 98
55, 70, 206, 60
55, 552, 206, 12
55, 394, 206, 66
55, 205, 206, 93
55, 77, 206, 49
55, 527, 206, 95
55, 301, 206, 60
55, 303, 206, 41
55, 85, 206, 17
55, 152, 206, 44
55, 508, 206, 77
55, 104, 207, 99
55, 393, 207, 14
55, 557, 207, 72
55, 562, 207, 97
55, 217, 207, 74
55, 575, 207, 72
55, 128, 208, 32
55, 260, 208, 67
55, 261, 208, 67
55, 267, 208, 87
55, 140, 208, 64
55, 145, 208, 39
55, 401, 208, 32
55, 421, 208, 13
55, 550, 208, 90
55, 431, 208, 20
55, 314, 208, 93
55, 188, 208, 51
55, 575, 208, 72
55, 580, 208, 15
55, 589, 208, 27
55, 206, 208, 39
55, 335, 208, 40
55, 99, 208, 29
55, 235, 208, 1
55, 122, 208, 54
55, 12, 209, 20
55, 14, 209, 35
55, 19, 209, 9
55, 147, 209, 34
55, 278, 209, 92
55, 534, 209, 85
55, 26, 209, 37
55, 413, 209, 62
55, 29, 209, 88
55, 572, 209, 60
55, 573, 209, 38
55, 63, 209, 62
55, 448, 209, 39
55, 196, 209, 13
55, 466, 209, 20
55, 211, 209, 18
55, 222, 209, 74
55, 99, 209, 29
55, 493, 209, 41
55, 246, 209, 83
55, 123, 209, 42
55, 255, 209, 38
55, 320, 210, 71
55, 67, 210, 6
55, 520, 210, 20
55, 317, 210, 84
55, 207, 210, 43
55, 115, 210, 19
55, 211, 210, 18
55, 437, 210, 61
55, 443, 210, 56
55, 61, 210, 22
55, 478, 210, 72
55, 418, 211, 6
55, 69, 211, 64
55, 525, 211, 43
55, 144, 211, 82
55, 23, 211, 46
55, 253, 211, 66
55, 158, 211, 61
55, 519, 212, 82
55, 135, 212, 98
55, 415, 212, 4
55, 362, 212, 3
55, 298, 212, 75
55, 7, 212, 22
55, 74, 212, 82
55, 551, 212, 10
55, 207, 212, 43
55, 496, 212, 22
55, 276, 212, 45
55, 277, 212, 59
55, 212, 212, 79
55, 278, 212, 92
55, 250, 212, 94
55, 187, 212, 60
55, 447, 212, 100
55, 583, 213, 64
55, 490, 213, 39
55, 43, 213, 88
55, 148, 213, 12
55, 21, 213, 73
55, 381, 213, 80
55, 478, 213, 72
55, 447, 213, 100
55, 71, 214, 56
55, 175, 214, 77
55, 303, 214, 41
55, 150, 214, 49
55, 504, 214, 49
55, 62, 214, 89
55, 260, 215, 67
55, 148, 215, 12
55, 277, 215, 59
55, 27, 215, 100
55, 540, 215, 30
55, 541, 215, 73
55, 167, 215, 67
55, 432, 215, 4
55, 309, 215, 63
55, 567, 215, 44
55, 570, 215, 44
55, 314, 215, 93
55, 324, 215, 54
55, 69, 215, 64
55, 458, 215, 68
55, 334, 215, 25
55, 82, 215, 90
55, 352, 215, 24
55, 357, 215, 27
55, 358, 215, 68
55, 382, 215, 27
55, 384, 216, 74
55, 2, 216, 81
55, 31, 216, 13
55, 162, 216, 85
55, 292, 216, 80
55, 294, 216, 26
55, 41, 216, 64
55, 553, 216, 8
55, 555, 216, 88
55, 56, 216, 51
55, 441, 216, 70
55, 443, 216, 56
55, 321, 216, 5
55, 582, 216, 75
55, 587, 216, 65
55, 590, 216, 31
55, 598, 216, 96
55, 100, 216, 81
55, 486, 216, 81
55, 127, 216, 38
55, 3, 217, 28
55, 11, 217, 74
55, 526, 217, 21
55, 146, 217, 99
55, 24, 217, 63
55, 537, 217, 16
55, 546, 217, 18
55, 167, 217, 67
55, 553, 217, 8
55, 303, 217, 41
55, 432, 217, 4
55, 62, 217, 89
55, 451, 217, 39
55, 459, 217, 93
55, 471, 217, 41
55, 94, 217, 81
55, 108, 217, 99
55, 109, 217, 6
55, 116, 217, 7
55, 383, 217, 76
55, 226, 218, 6
55, 390, 218, 49
55, 551, 218, 10
55, 297, 218, 15
55, 363, 218, 61
55, 43, 218, 88
55, 303, 218, 41
55, 562, 218, 97
55, 243, 218, 8
55, 404, 218, 73
55, 247, 218, 1
55, 218, 218, 99
55, 253, 218, 66
55, 66, 219, 17
55, 294, 219, 26
55, 73, 219, 53
55, 140, 219, 64
55, 400, 219, 25
55, 116, 219, 7
55, 21, 219, 73
55, 351, 219, 45
55, 416, 220, 36
55, 128, 220, 32
55, 357, 220, 27
55, 40, 220, 92
55, 72, 220, 79
55, 106, 220, 23
55, 42, 220, 27
55, 488, 220, 3
55, 365, 220, 73
55, 464, 220, 66
55, 242, 220, 89
55, 129, 221, 69
55, 35, 221, 6
55, 295, 221, 58
55, 12, 221, 20
55, 430, 221, 64
55, 495, 221, 25
55, 463, 221, 58
55, 145, 221, 39
55, 371, 221, 8
55, 341, 221, 20
55, 534, 221, 85
55, 471, 221, 41
55, 57, 221, 71
55, 122, 221, 54
55, 443, 221, 56
55, 445, 221, 74
55, 392, 222, 11
55, 269, 222, 14
55, 17, 222, 64
55, 149, 222, 34
55, 552, 222, 12
55, 559, 222, 40
55, 305, 222, 39
55, 182, 222, 78
55, 441, 222, 70
55, 443, 222, 56
55, 191, 222, 59
55, 581, 222, 16
55, 198, 222, 25
55, 507, 222, 8
55, 85, 222, 17
55, 346, 222, 5
55, 93, 222, 22
55, 224, 222, 26
55, 97, 222, 44
55, 489, 222, 78
55, 110, 222, 12
55, 119, 222, 44
55, 379, 222, 96
55, 33, 223, 83
55, 194, 223, 87
55, 516, 223, 77
55, 197, 223, 34
55, 262, 223, 34
55, 7, 223, 22
55, 76, 223, 94
55, 44, 223, 95
55, 238, 223, 59
55, 240, 223, 66
55, 29, 223, 88
55, 469, 223, 10
55, 278, 223, 92
55, 344, 223, 17
55, 412, 223, 1
55, 477, 223, 55
55, 129, 224, 69
55, 7, 224, 22
55, 271, 224, 90
55, 23, 224, 46
55, 159, 224, 2
55, 547, 224, 43
55, 37, 224, 7
55, 173, 224, 7
55, 562, 224, 97
55, 51, 224, 9
55, 52, 224, 7
55, 563, 224, 65
55, 55, 224, 65
55, 191, 224, 59
55, 461, 224, 77
55, 79, 224, 18
55, 218, 224, 99
55, 228, 224, 8
55, 363, 224, 61
55, 365, 224, 73
55, 251, 224, 51
55, 368, 224, 79
55, 121, 224, 74
55, 507, 224, 8
55, 162, 225, 85
55, 262, 225, 34
55, 109, 225, 6
55, 110, 225, 12
55, 18, 225, 80
55, 148, 225, 12
55, 254, 225, 67
55, 223, 225, 11
55, 482, 226, 12
55, 400, 226, 25
55, 95, 226, 83
55, 443, 226, 56
55, 21, 226, 73
55, 87, 226, 92
55, 155, 226, 64
55, 158, 226, 61
55, 127, 226, 38
55, 256, 227, 55
55, 292, 227, 80
55, 263, 227, 1
55, 167, 227, 67
55, 138, 227, 95
55, 206, 227, 39
55, 50, 227, 89
55, 115, 227, 19
55, 179, 227, 81
55, 533, 227, 8
55, 502, 227, 16
55, 216, 227, 64
55, 282, 227, 2
55, 315, 227, 87
55, 189, 227, 16
55, 256, 228, 55
55, 545, 228, 31
55, 512, 228, 19
55, 356, 228, 99
55, 167, 228, 67
55, 427, 228, 1
55, 80, 228, 19
55, 532, 228, 61
55, 85, 228, 17
55, 278, 228, 92
55, 254, 228, 67
55, 57, 228, 71
55, 190, 228, 99
55, 447, 228, 100
55, 416, 229, 36
55, 431, 229, 20
55, 240, 229, 66
55, 498, 229, 45
55, 180, 229, 89
55, 120, 229, 28
55, 58, 229, 63
55, 415, 229, 4
55, 0, 230, 68
55, 271, 230, 90
55, 273, 230, 69
55, 18, 230, 80
55, 155, 230, 64
55, 420, 230, 28
55, 422, 230, 75
55, 170, 230, 17
55, 173, 230, 7
55, 432, 230, 4
55, 51, 230, 9
55, 54, 230, 40
55, 452, 230, 24
55, 81, 230, 50
55, 93, 230, 22
55, 225, 230, 8
55, 489, 230, 78
55, 491, 230, 93
55, 113, 230, 92
55, 252, 230, 99
55, 254, 230, 67
55, 291, 231, 90
55, 356, 231, 99
55, 134, 231, 60
55, 327, 231, 89
55, 582, 231, 75
55, 543, 231, 85
55, 215, 231, 42
55, 474, 231, 49
55, 63, 231, 62
55, 575, 231, 72
55, 480, 232, 51
55, 420, 232, 28
55, 422, 232, 75
55, 391, 232, 29
55, 488, 232, 3
55, 360, 232, 81
55, 330, 232, 99
55, 555, 232, 88
55, 81, 232, 50
55, 151, 232, 26
55, 249, 232, 52
55, 247, 232, 1
55, 413, 232, 62
55, 159, 232, 2
55, 388, 233, 96
55, 6, 233, 15
55, 404, 233, 73
55, 152, 233, 44
55, 29, 233, 88
55, 544, 233, 12
55, 44, 233, 95
55, 559, 233, 40
55, 304, 233, 77
55, 47, 233, 90
55, 568, 233, 16
55, 189, 233, 16
55, 205, 233, 93
55, 463, 233, 58
55, 471, 233, 41
55, 345, 233, 75
55, 92, 233, 29
55, 508, 233, 77
55, 112, 233, 26
55, 252, 233, 99
55, 511, 233, 60
55, 323, 234, 51
55, 392, 234, 11
55, 171, 234, 38
55, 588, 234, 65
55, 236, 234, 20
55, 302, 234, 99
55, 112, 234, 26
55, 434, 234, 46
55, 275, 234, 38
55, 532, 234, 61
55, 509, 234, 69
55, 129, 235, 69
55, 136, 235, 87
55, 266, 235, 81
55, 14, 235, 35
55, 15, 235, 57
55, 529, 235, 37
55, 281, 235, 28
55, 160, 235, 21
55, 547, 235, 43
55, 548, 235, 7
55, 39, 235, 85
55, 430, 235, 64
55, 442, 235, 88
55, 315, 235, 87
55, 191, 235, 59
55, 196, 235, 13
55, 89, 235, 20
55, 483, 235, 35
55, 235, 235, 1
55, 240, 235, 66
55, 242, 235, 89
55, 11, 236, 74
55, 140, 236, 64
55, 269, 236, 14
55, 143, 236, 22
55, 145, 236, 39
55, 151, 236, 26
55, 545, 236, 31
55, 167, 236, 67
55, 297, 236, 15
55, 49, 236, 91
55, 440, 236, 33
55, 322, 236, 81
55, 198, 236, 25
55, 70, 236, 60
55, 203, 236, 14
55, 207, 236, 43
55, 217, 236, 74
55, 346, 236, 5
55, 219, 236, 31
55, 351, 236, 45
55, 102, 236, 57
55, 377, 236, 17
55, 255, 236, 38
55, 269, 237, 14
55, 536, 237, 26
55, 156, 237, 45
55, 31, 237, 13
55, 551, 237, 10
55, 424, 237, 50
55, 174, 237, 26
55, 46, 237, 59
55, 176, 237, 25
55, 55, 237, 65
55, 440, 237, 33
55, 567, 237, 44
55, 318, 237, 40
55, 446, 237, 21
55, 578, 237, 42
55, 328, 237, 49
55, 337, 237, 65
55, 465, 237, 30
55, 211, 237, 18
55, 468, 237, 82
55, 597, 237, 22
55, 481, 237, 22
55, 370, 237, 68
55, 248, 237, 70
55, 576, 238, 10
55, 579, 238, 94
55, 324, 238, 54
55, 553, 238, 8
55, 169, 238, 6
55, 441, 238, 70
55, 363, 238, 61
55, 13, 238, 46
55, 206, 238, 39
55, 399, 238, 47
55, 240, 238, 66
55, 498, 238, 45
55, 563, 238, 65
55, 403, 238, 72
55, 53, 238, 27
55, 505, 238, 88
55, 61, 238, 22
55, 127, 238, 38
55, 33, 239, 83
55, 228, 239, 8
55, 550, 239, 90
55, 504, 239, 49
55, 233, 239, 81
55, 74, 239, 82
55, 587, 239, 65
55, 302, 239, 99
55, 46, 239, 59
55, 47, 239, 90
55, 209, 239, 34
55, 241, 239, 39
55, 372, 239, 8
55, 85, 239, 17
55, 408, 239, 100
55, 347, 239, 80
55, 348, 239, 35
55, 574, 239, 41
55, 514, 240, 57
55, 15, 240, 57
55, 528, 240, 22
55, 17, 240, 64
55, 275, 240, 38
55, 159, 240, 2
55, 419, 240, 82
55, 549, 240, 71
55, 295, 240, 58
55, 296, 240, 64
55, 432, 240, 4
55, 52, 240, 7
55, 316, 240, 23
55, 196, 240, 13
55, 70, 240, 60
55, 333, 240, 36
55, 595, 240, 30
55, 351, 240, 45
55, 492, 240, 56
55, 504, 240, 49
55, 506, 240, 67
55, 391, 241, 29
55, 272, 241, 34
55, 406, 241, 24
55, 408, 241, 100
55, 27, 241, 100
55, 34, 241, 75
55, 422, 241, 75
55, 171, 241, 38
55, 307, 241, 6
55, 180, 241, 89
55, 66, 241, 17
55, 76, 241, 94
55, 335, 241, 40
55, 341, 241, 20
55, 215, 241, 42
55, 91, 241, 7
55, 487, 241, 62
55, 366, 241, 72
55, 119, 241, 44
55, 507, 241, 8
55, 385, 242, 6
55, 515, 242, 19
55, 3, 242, 28
55, 389, 242, 7
55, 268, 242, 68
55, 409, 242, 57
55, 281, 242, 28
55, 160, 242, 21
55, 556, 242, 20
55, 433, 242, 97
55, 569, 242, 50
55, 186, 242, 20
55, 62, 242, 89
55, 333, 242, 36
55, 335, 242, 40
55, 464, 242, 66
55, 471, 242, 41
55, 599, 242, 86
55, 357, 242, 27
55, 499, 242, 68
55, 365, 243, 73
55, 207, 243, 43
55, 50, 243, 89
55, 562, 243, 97
55, 118, 243, 17
55, 152, 243, 44
55, 160, 244, 21
55, 352, 244, 24
55, 417, 244, 93
55, 35, 244, 6
55, 196, 244, 13
55, 322, 244, 81
55, 327, 244, 89
55, 8, 244, 65
55, 425, 244, 49
55, 275, 244, 38
55, 308, 244, 59
55, 409, 244, 57
55, 154, 244, 4
55, 187, 244, 60
55, 220, 244, 67
55, 190, 244, 99
55, 513, 245, 72
55, 516, 245, 77
55, 231, 245, 93
55, 200, 245, 66
55, 553, 245, 8
55, 427, 245, 1
55, 301, 245, 60
55, 146, 245, 99
55, 307, 245, 6
55, 467, 245, 84
55, 243, 245, 8
55, 86, 245, 26
55, 150, 245, 49
55, 184, 245, 84
55, 346, 245, 5
55, 59, 245, 52
55, 583, 246, 64
55, 391, 246, 29
55, 302, 246, 99
55, 307, 246, 6
55, 499, 246, 68
55, 536, 246, 26
55, 131, 247, 99
55, 260, 247, 67
55, 518, 247, 89
55, 143, 247, 22
55, 407, 247, 33
55, 536, 247, 26
55, 28, 247, 1
55, 181, 247, 25
55, 312, 247, 65
55, 314, 247, 93
55, 446, 247, 21
55, 321, 247, 5
55, 328, 247, 49
55, 459, 247, 93
55, 77, 247, 49
55, 597, 247, 22
55, 217, 247, 74
55, 351, 247, 45
55, 483, 247, 35
55, 486, 247, 81
55, 481, 248, 22
55, 36, 248, 93
55, 5, 248, 27
55, 487, 248, 62
55, 360, 248, 81
55, 266, 248, 81
55, 395, 248, 98
55, 109, 248, 6
55, 494, 248, 24
55, 367, 248, 7
55, 141, 248, 52
55, 81, 248, 50
55, 595, 248, 30
55, 596, 248, 96
55, 19, 248, 9
55, 537, 248, 16
55, 123, 248, 42
55, 574, 248, 41
55, 209, 249, 34
55, 242, 249, 89
55, 531, 249, 32
55, 406, 249, 24
55, 247, 249, 1
55, 447, 250, 100
55, 10, 250, 31
55, 106, 250, 23
55, 44, 250, 95
55, 146, 250, 99
55, 436, 250, 42
55, 184, 250, 84
55, 123, 250, 42
55, 190, 250, 99
55, 286, 250, 10
55, 453, 251, 92
55, 463, 251, 58
55, 368, 251, 79
55, 499, 251, 68
55, 441, 251, 70
55, 224, 252, 26
55, 71, 252, 56
55, 488, 252, 3
55, 269, 252, 14
55, 56, 252, 51
55, 575, 252, 72
55, 521, 253, 66
55, 527, 253, 95
55, 21, 253, 73
55, 164, 253, 63
55, 292, 253, 80
55, 423, 253, 43
55, 297, 253, 15
55, 172, 253, 96
55, 52, 253, 7
55, 188, 253, 51
55, 210, 253, 28
55, 479, 253, 22
55, 356, 253, 99
55, 110, 253, 12
55, 372, 253, 8
55, 244, 253, 38
55, 119, 253, 44
55, 121, 253, 74
55, 507, 253, 8
55, 253, 253, 66
55, 455, 254, 63
55, 552, 254, 12
55, 329, 254, 29
55, 142, 254, 80
55, 471, 254, 41
55, 216, 254, 64
55, 126, 254, 82
55, 571, 254, 56
55, 61, 254, 22
55, 254, 254, 67
55, 319, 254, 57
55, 256, 255, 55
55, 519, 255, 82
55, 396, 255, 2
55, 15, 255, 57
55, 147, 255, 34
55, 155, 255, 64
55, 291, 255, 90
55, 423, 255, 43
55, 559, 255, 40
55, 433, 255, 97
55, 50, 255, 89
55, 315, 255, 87
55, 316, 255, 23
55, 189, 255, 16
55, 62, 255, 89
55, 448, 255, 39
55, 195, 255, 2
55, 196, 255, 13
55, 460, 255, 50
55, 470, 255, 13
55, 215, 255, 42
55, 354, 255, 57
55, 107, 255, 26
55, 244, 255, 38
55, 117, 255, 24
55, 257, 256, 2
55, 515, 256, 19
55, 163, 256, 48
55, 250, 256, 94
55, 460, 256, 50
55, 14, 256, 35
55, 471, 256, 41
55, 58, 256, 63
55, 543, 256, 85
55, 196, 257, 13
55, 69, 257, 64
55, 199, 257, 67
55, 595, 257, 30
55, 155, 257, 64
55, 0, 258, 68
55, 267, 258, 87
55, 514, 258, 57
55, 35, 258, 6
55, 11, 258, 74
55, 460, 258, 50
55, 525, 258, 43
55, 110, 258, 12
55, 395, 258, 98
55, 528, 258, 22
55, 401, 258, 32
55, 529, 258, 37
55, 210, 258, 28
55, 532, 258, 61
55, 341, 258, 20
55, 374, 258, 87
55, 409, 258, 57
55, 540, 258, 30
55, 1, 259, 25
55, 197, 259, 34
55, 47, 259, 90
55, 116, 259, 7
55, 188, 259, 51
55, 386, 260, 14
55, 15, 260, 57
55, 26, 260, 37
55, 32, 260, 93
55, 174, 260, 26
55, 184, 260, 84
55, 581, 260, 16
55, 325, 260, 17
55, 202, 260, 80
55, 74, 260, 82
55, 599, 260, 86
55, 344, 260, 17
55, 90, 260, 14
55, 478, 260, 72
55, 94, 260, 81
55, 483, 260, 35
55, 488, 260, 3
55, 248, 260, 70
55, 510, 260, 86
55, 98, 261, 20
55, 67, 261, 6
55, 354, 261, 57
55, 390, 261, 49
55, 519, 261, 82
55, 136, 261, 87
55, 317, 261, 84
55, 361, 261, 98
55, 16, 261, 52
55, 179, 261, 81
55, 148, 261, 12
55, 153, 261, 2
55, 155, 261, 64
55, 316, 261, 23
55, 253, 261, 66
55, 158, 261, 61
55, 224, 262, 26
55, 264, 262, 75
55, 297, 262, 15
55, 302, 262, 99
55, 239, 262, 90
55, 401, 262, 32
55, 83, 262, 100
55, 470, 262, 13
55, 317, 262, 84
55, 549, 263, 71
55, 200, 263, 66
55, 42, 263, 27
55, 599, 263, 86
55, 184, 263, 84
55, 313, 263, 75
55, 60, 263, 57
55, 135, 264, 98
55, 584, 264, 62
55, 489, 264, 78
55, 431, 264, 20
55, 598, 264, 96
55, 217, 264, 74
55, 386, 265, 14
55, 134, 265, 60
55, 518, 265, 89
55, 13, 265, 46
55, 270, 265, 12
55, 16, 265, 52
55, 408, 265, 100
55, 25, 265, 3
55, 162, 265, 85
55, 36, 265, 93
55, 302, 265, 99
55, 303, 265, 41
55, 569, 265, 50
55, 188, 265, 51
55, 446, 265, 21
55, 585, 265, 52
55, 460, 265, 50
55, 595, 265, 30
55, 469, 265, 10
55, 215, 265, 42
55, 480, 265, 51
55, 101, 265, 90
55, 361, 265, 98
55, 364, 265, 77
55, 496, 265, 22
55, 448, 266, 39
55, 578, 266, 42
55, 99, 266, 29
55, 39, 266, 85
55, 345, 266, 75
55, 525, 266, 43
55, 590, 266, 31
55, 562, 266, 97
55, 467, 266, 84
55, 179, 266, 81
55, 120, 266, 28
55, 441, 266, 70
55, 411, 266, 86
55, 124, 266, 16
55, 61, 266, 22
55, 130, 267, 58
55, 139, 267, 17
55, 526, 267, 21
55, 276, 267, 45
55, 156, 267, 45
55, 290, 267, 55
55, 38, 267, 73
55, 440, 267, 33
55, 441, 267, 70
55, 185, 267, 46
55, 315, 267, 87
55, 443, 267, 56
55, 448, 267, 39
55, 454, 267, 98
55, 75, 267, 4
55, 468, 267, 82
55, 219, 267, 31
55, 483, 267, 35
55, 484, 267, 38
55, 235, 267, 1
55, 371, 267, 8
55, 243, 267, 8
55, 500, 267, 33
55, 271, 268, 90
55, 32, 268, 93
55, 36, 268, 93
55, 169, 268, 6
55, 305, 268, 39
55, 52, 268, 7
55, 308, 268, 59
55, 443, 268, 56
55, 59, 268, 52
55, 456, 268, 92
55, 78, 268, 13
55, 83, 268, 100
55, 340, 268, 17
55, 597, 268, 22
55, 598, 268, 96
55, 479, 268, 22
55, 353, 268, 97
55, 101, 268, 90
55, 489, 268, 78
55, 114, 268, 17
55, 499, 268, 68
55, 500, 268, 33
55, 454, 269, 98
55, 295, 269, 58
55, 71, 269, 56
55, 425, 269, 49
55, 108, 269, 99
55, 275, 269, 38
55, 215, 269, 42
55, 89, 269, 20
55, 218, 269, 99
55, 192, 270, 97
55, 229, 270, 80
55, 325, 270, 17
55, 391, 270, 29
55, 489, 270, 78
55, 205, 270, 93
55, 141, 270, 52
55, 239, 270, 90
55, 508, 270, 77
55, 302, 270, 99
55, 370, 270, 68
55, 188, 270, 51
55, 344, 270, 17
55, 441, 270, 70
55, 378, 270, 36
55, 572, 270, 60
55, 285, 270, 15
55, 31, 270, 13
55, 535, 271, 46
55, 288, 271, 98
55, 559, 271, 40
55, 432, 271, 4
55, 50, 271, 89
55, 51, 271, 9
55, 58, 271, 63
55, 574, 271, 41
55, 190, 271, 99
55, 577, 271, 72
55, 321, 271, 5
55, 71, 271, 56
55, 203, 271, 14
55, 339, 271, 65
55, 470, 271, 13
55, 349, 271, 40
55, 356, 271, 99
55, 243, 271, 8
55, 505, 271, 88
55, 96, 272, 10
55, 353, 272, 97
55, 258, 272, 43
55, 387, 272, 63
55, 100, 272, 81
55, 355, 272, 64
55, 480, 272, 51
55, 200, 272, 66
55, 232, 272, 35
55, 490, 272, 39
55, 298, 272, 75
55, 108, 272, 99
55, 14, 272, 35
55, 81, 272, 50
55, 216, 272, 64
55, 253, 272, 66
55, 413, 272, 62
55, 393, 273, 14
55, 394, 273, 66
55, 523, 273, 57
55, 396, 273, 2
55, 19, 273, 9
55, 284, 273, 55
55, 558, 273, 45
55, 67, 273, 6
55, 70, 273, 60
55, 455, 273, 63
55, 584, 273, 62
55, 458, 273, 68
55, 461, 273, 77
55, 479, 273, 22
55, 96, 273, 10
55, 226, 273, 6
55, 360, 273, 81
55, 109, 273, 6
55, 249, 273, 52
55, 98, 274, 20
55, 37, 274, 7
55, 519, 274, 82
55, 264, 274, 75
55, 302, 274, 99
55, 398, 274, 70
55, 528, 274, 22
55, 468, 274, 82
55, 55, 274, 65
55, 374, 274, 87
55, 247, 274, 1
55, 222, 274, 74
55, 415, 274, 4
55, 373, 275, 18
55, 534, 275, 85
55, 502, 275, 16
55, 346, 275, 5
55, 319, 275, 57
55, 384, 276, 74
55, 260, 276, 67
55, 133, 276, 70
55, 521, 276, 66
55, 270, 276, 12
55, 147, 276, 34
55, 534, 276, 85
55, 411, 276, 86
55, 35, 276, 6
55, 169, 276, 6
55, 172, 276, 96
55, 556, 276, 20
55, 304, 276, 77
55, 306, 276, 62
55, 568, 276, 16
55, 445, 276, 74
55, 346, 276, 5
55, 91, 276, 7
55, 362, 276, 3
55, 241, 276, 39
55, 498, 276, 45
55, 371, 276, 8
55, 372, 276, 8
55, 252, 276, 99
55, 134, 277, 60
55, 285, 277, 15
55, 159, 277, 2
55, 37, 277, 7
55, 558, 277, 45
55, 179, 277, 81
55, 182, 277, 78
55, 323, 277, 51
55, 453, 277, 92
55, 207, 277, 43
55, 465, 277, 30
55, 211, 277, 18
55, 87, 277, 92
55, 218, 277, 99
55, 91, 277, 7
55, 221, 277, 33
55, 481, 277, 22
55, 100, 277, 81
55, 239, 277, 90
55, 503, 277, 55
55, 511, 277, 60
55, 352, 278, 24
55, 129, 278, 69
55, 4, 278, 55
55, 549, 278, 71
55, 135, 278, 98
55, 59, 278, 52
55, 332, 278, 13
55, 495, 278, 25
55, 592, 278, 100
55, 209, 278, 34
55, 497, 278, 79
55, 435, 278, 65
55, 212, 278, 79
55, 154, 278, 4
55, 155, 278, 64
55, 348, 278, 35
55, 349, 278, 40
55, 94, 278, 81
55, 267, 279, 87
55, 592, 279, 100
55, 309, 279, 63
55, 213, 279, 6
55, 411, 279, 86
55, 581, 280, 16
55, 523, 280, 57
55, 108, 280, 99
55, 154, 280, 4
55, 219, 280, 31
55, 514, 281, 57
55, 35, 281, 6
55, 325, 281, 17
55, 453, 281, 92
55, 487, 281, 62
55, 327, 281, 89
55, 393, 281, 14
55, 522, 281, 31
55, 12, 281, 20
55, 270, 281, 12
55, 431, 281, 20
55, 560, 281, 1
55, 273, 281, 69
55, 340, 281, 17
55, 341, 281, 20
55, 318, 281, 40
55, 0, 282, 68
55, 267, 282, 87
55, 398, 282, 70
55, 401, 282, 32
55, 273, 282, 69
55, 147, 282, 34
55, 281, 282, 28
55, 412, 282, 1
55, 161, 282, 50
55, 34, 282, 75
55, 163, 282, 48
55, 554, 282, 80
55, 435, 282, 65
55, 440, 282, 33
55, 441, 282, 70
55, 316, 282, 23
55, 575, 282, 72
55, 324, 282, 54
55, 84, 282, 91
55, 468, 282, 82
55, 353, 282, 97
55, 484, 282, 38
55, 493, 282, 41
55, 366, 282, 72
55, 239, 282, 90
55, 259, 283, 63
55, 403, 283, 72
55, 532, 283, 61
55, 42, 283, 27
55, 554, 283, 80
55, 303, 283, 41
55, 559, 283, 40
55, 52, 283, 7
55, 58, 283, 63
55, 59, 283, 52
55, 62, 283, 89
55, 449, 283, 65
55, 468, 283, 82
55, 346, 283, 5
55, 477, 283, 55
55, 479, 283, 22
55, 481, 283, 22
55, 358, 283, 68
55, 105, 283, 85
55, 371, 283, 8
55, 246, 283, 83
55, 376, 283, 99
55, 383, 283, 76
55, 354, 284, 57
55, 521, 284, 66
55, 426, 284, 15
55, 109, 284, 6
55, 142, 284, 80
55, 494, 284, 24
55, 17, 284, 64
55, 50, 284, 89
55, 593, 284, 26
55, 596, 284, 96
55, 82, 284, 90
55, 181, 284, 25
55, 499, 284, 68
55, 505, 284, 88
55, 221, 284, 33
55, 222, 284, 74
55, 351, 284, 45
55, 226, 285, 6
55, 266, 285, 81
55, 43, 285, 88
55, 44, 285, 95
55, 238, 285, 59
55, 431, 285, 20
55, 399, 285, 47
55, 210, 285, 28
55, 244, 285, 38
55, 341, 285, 20
55, 312, 285, 65
55, 3, 286, 28
55, 196, 286, 13
55, 200, 286, 66
55, 522, 286, 31
55, 107, 286, 26
55, 141, 286, 52
55, 431, 286, 20
55, 47, 286, 90
55, 52, 286, 7
55, 279, 286, 7
55, 24, 286, 63
55, 282, 286, 2
55, 413, 286, 62
55, 510, 286, 86
55, 191, 286, 59
55, 353, 287, 97
55, 194, 287, 87
55, 426, 287, 15
55, 362, 287, 3
55, 206, 287, 39
55, 526, 287, 21
55, 209, 287, 34
55, 373, 287, 18
55, 597, 287, 22
55, 503, 287, 55
55, 248, 287, 70
55, 451, 288, 39
55, 197, 288, 34
55, 70, 288, 60
55, 40, 288, 92
55, 586, 288, 74
55, 555, 288, 88
55, 44, 288, 95
55, 79, 288, 18
55, 497, 288, 79
55, 434, 288, 46
55, 505, 288, 88
55, 517, 289, 13
55, 8, 289, 65
55, 10, 289, 31
55, 275, 289, 38
55, 421, 289, 13
55, 555, 289, 88
55, 432, 289, 4
55, 177, 289, 22
55, 433, 289, 97
55, 181, 289, 25
55, 316, 289, 23
55, 577, 289, 72
55, 69, 289, 64
55, 207, 289, 43
55, 345, 289, 75
55, 218, 289, 99
55, 222, 289, 74
55, 354, 289, 57
55, 486, 289, 81
55, 105, 289, 85
55, 107, 289, 26
55, 237, 289, 68
55, 368, 289, 79
55, 502, 289, 16
55, 246, 289, 83
55, 96, 290, 10
55, 417, 290, 93
55, 354, 290, 57
55, 322, 290, 81
55, 263, 290, 1
55, 232, 290, 35
55, 42, 290, 27
55, 235, 290, 1
55, 76, 290, 94
55, 205, 290, 93
55, 559, 290, 40
55, 367, 290, 7
55, 529, 290, 37
55, 275, 290, 38
55, 182, 290, 78
55, 473, 290, 21
55, 506, 290, 67
55, 62, 290, 89
55, 546, 291, 18
55, 35, 291, 6
55, 518, 291, 89
55, 582, 291, 75
55, 422, 291, 75
55, 425, 291, 49
55, 106, 291, 23
55, 171, 291, 38
55, 235, 291, 1
55, 397, 291, 7
55, 274, 291, 20
55, 23, 291, 46
55, 566, 291, 94
55, 246, 291, 83
55, 87, 291, 92
55, 507, 291, 8
55, 224, 292, 26
55, 450, 292, 21
55, 100, 292, 81
55, 264, 292, 75
55, 140, 292, 64
55, 557, 292, 72
55, 556, 292, 20
55, 143, 292, 22
55, 16, 292, 52
55, 502, 292, 16
55, 86, 292, 26
55, 472, 292, 74
55, 566, 292, 94
55, 29, 292, 88
55, 289, 293, 10
55, 169, 293, 6
55, 268, 293, 68
55, 557, 293, 72
55, 45, 293, 61
55, 465, 293, 30
55, 243, 293, 8
55, 276, 293, 45
55, 566, 293, 94
55, 153, 293, 2
55, 541, 293, 73
55, 516, 294, 77
55, 394, 294, 66
55, 139, 294, 17
55, 288, 294, 98
55, 171, 294, 38
55, 57, 294, 71
55, 316, 294, 23
55, 319, 294, 57
55, 576, 294, 10
55, 451, 294, 39
55, 67, 294, 6
55, 326, 294, 33
55, 72, 294, 79
55, 592, 294, 100
55, 337, 294, 65
55, 82, 294, 90
55, 595, 294, 30
55, 350, 294, 43
55, 360, 294, 81
55, 120, 294, 28
55, 134, 295, 60
55, 14, 295, 35
55, 272, 295, 34
55, 537, 295, 16
55, 281, 295, 28
55, 291, 295, 90
55, 36, 295, 93
55, 38, 295, 73
55, 434, 295, 46
55, 308, 295, 59
55, 567, 295, 44
55, 57, 295, 71
55, 319, 295, 57
55, 68, 295, 67
55, 79, 295, 18
55, 592, 295, 100
55, 463, 295, 58
55, 340, 295, 17
55, 219, 295, 31
55, 100, 295, 81
55, 105, 295, 85
55, 238, 295, 59
55, 368, 295, 79
55, 113, 295, 92
55, 514, 296, 57
55, 522, 296, 31
55, 141, 296, 52
55, 16, 296, 52
55, 145, 296, 39
55, 275, 296, 38
55, 533, 296, 8
55, 27, 296, 100
55, 160, 296, 21
55, 549, 296, 71
55, 555, 296, 88
55, 429, 296, 70
55, 180, 296, 89
55, 567, 296, 44
55, 575, 296, 72
55, 585, 296, 52
55, 598, 296, 96
55, 226, 296, 6
55, 104, 296, 99
55, 490, 296, 39
55, 247, 296, 1
55, 122, 296, 54
55, 251, 296, 51
55, 292, 297, 80
55, 133, 297, 70
55, 392, 297, 11
55, 233, 297, 81
55, 363, 297, 61
55, 172, 297, 96
55, 589, 297, 27
55, 16, 297, 52
55, 115, 297, 19
55, 308, 297, 59
55, 502, 297, 16
55, 567, 297, 44
55, 184, 297, 84
55, 159, 297, 2
55, 162, 298, 85
55, 7, 298, 22
55, 458, 298, 68
55, 107, 298, 26
55, 589, 298, 27
55, 2, 299, 81
55, 142, 299, 80
55, 15, 299, 57
55, 399, 299, 47
55, 400, 299, 25
55, 149, 299, 34
55, 541, 299, 73
55, 287, 299, 16
55, 431, 299, 20
55, 55, 299, 65
55, 56, 299, 51
55, 68, 299, 67
55, 205, 299, 93
55, 213, 299, 6
55, 363, 299, 61
55, 492, 299, 56
55, 246, 299, 83
55, 504, 299, 49
55, 506, 299, 67
