300, 600, 30
67, 419, 0, 14
67, 516, 0, 80
67, 228, 0, 3
67, 263, 0, 74
67, 584, 0, 1
67, 266, 0, 17
67, 111, 0, 64
67, 592, 0, 2
67, 178, 0, 84
67, 371, 0, 18
67, 436, 0, 12
67, 309, 0, 47
67, 211, 0, 43
67, 183, 0, 69
67, 402, 0, 93
67, 58, 0, 47
67, 475, 0, 24
67, 31, 0, 26
67, 32, 1, 26
67, 226, 1, 94
67, 266, 1, 17
67, 139, 1, 97
67, 467, 1, 46
67, 308, 1, 54
67, 83, 1, 43
67, 478, 1, 51
67, 261, 2, 11
67, 8, 2, 26
67, 201, 2, 21
67, 430, 2, 29
67, 496, 2, 45
67, 145, 2, 36
67, 81, 2, 36
67, 373, 2, 57
67, 502, 2, 89
67, 409, 2, 22
67, 28, 2, 13
67, 62, 2, 27
67, 63, 2, 6
67, 288, 3, 8
67, 578, 3, 63
67, 514, 3, 21
67, 519, 3, 98
67, 40, 3, 40
67, 423, 3, 57
67, 10, 3, 56
67, 428, 3, 16
67, 364, 3, 64
67, 367, 3, 96
67, 506, 3, 75
67, 468, 3, 46
67, 596, 3, 92
67, 598, 3, 93
67, 407, 3, 77
67, 569, 3, 99
67, 90, 3, 95
67, 311, 3, 89
67, 33, 4, 73
67, 100, 4, 41
67, 262, 4, 5
67, 167, 4, 45
67, 80, 4, 72
67, 497, 4, 71
67, 442, 4, 51
67, 212, 4, 94
67, 538, 4, 13
67, 384, 5, 85
67, 192, 5, 15
67, 450, 5, 87
67, 579, 5, 80
67, 519, 5, 98
67, 138, 5, 92
67, 78, 5, 16
67, 496, 5, 45
67, 563, 5, 31
67, 149, 5, 81
67, 129, 6, 90
67, 391, 6, 73
67, 394, 6, 84
67, 396, 6, 74
67, 145, 6, 36
67, 146, 6, 23
67, 531, 6, 12
67, 276, 6, 86
67, 281, 6, 22
67, 288, 6, 8
67, 293, 6, 4
67, 312, 6, 67
67, 323, 6, 43
67, 68, 6, 78
67, 329, 6, 32
67, 207, 6, 18
67, 474, 6, 32
67, 220, 6, 83
67, 354, 6, 96
67, 245, 6, 52
67, 373, 6, 57
67, 504, 6, 11
67, 264, 7, 20
67, 395, 7, 14
67, 14, 7, 28
67, 273, 7, 43
67, 403, 7, 71
67, 149, 7, 81
67, 280, 7, 8
67, 536, 7, 73
67, 156, 7, 14
67, 30, 7, 52
67, 179, 7, 95
67, 321, 7, 45
67, 76, 7, 31
67, 81, 7, 36
67, 350, 7, 67
67, 480, 7, 34
67, 231, 7, 97
67, 371, 7, 18
67, 382, 7, 93
67, 383, 7, 34
67, 9, 8, 61
67, 105, 8, 74
67, 139, 8, 97
67, 528, 8, 15
67, 529, 8, 67
67, 320, 9, 35
67, 33, 9, 73
67, 97, 9, 77
67, 517, 9, 21
67, 231, 9, 97
67, 72, 9, 68
67, 8, 9, 26
67, 367, 9, 96
67, 465, 9, 86
67, 435, 9, 25
67, 469, 9, 4
67, 119, 9, 86
67, 157, 9, 25
67, 30, 9, 52
67, 400, 10, 39
67, 31, 10, 26
67, 309, 10, 47
67, 438, 10, 73
67, 565, 10, 64
67, 568, 10, 58
67, 187, 10, 28
67, 460, 10, 10
67, 84, 10, 80
67, 477, 10, 1
67, 479, 10, 77
67, 351, 10, 72
67, 485, 10, 28
67, 237, 10, 99
67, 367, 10, 96
67, 242, 10, 23
67, 114, 10, 9
67, 501, 10, 58
67, 374, 10, 80
67, 248, 10, 20
67, 509, 10, 77
67, 450, 11, 87
67, 515, 11, 33
67, 324, 11, 86
67, 165, 11, 43
67, 230, 11, 30
67, 521, 11, 54
67, 234, 11, 59
67, 44, 11, 7
67, 430, 11, 29
67, 527, 11, 32
67, 241, 11, 91
67, 561, 11, 71
67, 306, 11, 42
67, 214, 11, 32
67, 377, 11, 59
67, 346, 11, 83
67, 379, 11, 64
67, 542, 11, 32
67, 520, 12, 25
67, 267, 12, 97
67, 268, 12, 92
67, 145, 12, 36
67, 411, 12, 93
67, 415, 12, 12
67, 34, 12, 37
67, 169, 12, 10
67, 430, 12, 29
67, 176, 12, 40
67, 181, 12, 9
67, 57, 12, 72
67, 317, 12, 88
67, 62, 12, 27
67, 192, 12, 15
67, 203, 12, 71
67, 461, 12, 73
67, 336, 12, 25
67, 598, 12, 93
67, 479, 12, 77
67, 485, 12, 28
67, 490, 12, 57
67, 238, 12, 37
67, 110, 12, 94
67, 117, 12, 100
67, 546, 13, 89
67, 582, 13, 88
67, 584, 13, 1
67, 329, 13, 32
67, 106, 13, 11
67, 140, 13, 65
67, 429, 13, 37
67, 575, 13, 55
67, 335, 13, 64
67, 275, 13, 83
67, 597, 13, 74
67, 118, 13, 59
67, 377, 13, 59
67, 347, 13, 24
67, 543, 13, 70
67, 133, 14, 31
67, 395, 14, 14
67, 534, 14, 55
67, 535, 14, 60
67, 161, 14, 9
67, 290, 14, 18
67, 164, 14, 71
67, 422, 14, 64
67, 41, 14, 4
67, 555, 14, 56
67, 53, 14, 36
67, 57, 14, 72
67, 454, 14, 54
67, 76, 14, 31
67, 598, 14, 93
67, 487, 14, 34
67, 361, 14, 85
67, 235, 14, 46
67, 114, 14, 9
67, 448, 15, 51
67, 580, 15, 7
67, 75, 15, 58
67, 398, 15, 28
67, 207, 15, 18
67, 465, 15, 86
67, 252, 15, 37
67, 63, 15, 6
67, 224, 16, 67
67, 523, 16, 87
67, 46, 16, 15
67, 560, 16, 84
67, 469, 16, 4
67, 342, 16, 11
67, 153, 16, 79
67, 123, 16, 52
67, 255, 16, 50
67, 512, 17, 60
67, 135, 17, 21
67, 521, 17, 54
67, 272, 17, 21
67, 26, 17, 44
67, 540, 17, 87
67, 548, 17, 10
67, 165, 17, 43
67, 315, 17, 25
67, 61, 17, 61
67, 574, 17, 14
67, 78, 17, 16
67, 590, 17, 11
67, 213, 17, 39
67, 86, 17, 91
67, 220, 17, 83
67, 224, 17, 67
67, 112, 17, 76
67, 124, 17, 27
67, 224, 18, 67
67, 261, 18, 11
67, 326, 18, 75
67, 542, 18, 32
67, 305, 18, 50
67, 567, 18, 85
67, 382, 18, 93
67, 129, 19, 90
67, 258, 19, 46
67, 291, 19, 3
67, 99, 19, 29
67, 6, 19, 69
67, 393, 19, 30
67, 139, 19, 97
67, 184, 19, 85
67, 442, 19, 51
67, 28, 19, 13
67, 157, 19, 25
67, 414, 19, 42
67, 32, 20, 26
67, 160, 20, 32
67, 293, 20, 4
67, 166, 20, 16
67, 455, 20, 16
67, 394, 20, 84
67, 332, 20, 10
67, 155, 20, 35
67, 111, 20, 64
67, 560, 20, 84
67, 245, 20, 52
67, 182, 20, 9
67, 119, 20, 86
67, 475, 20, 24
67, 350, 20, 67
67, 135, 21, 21
67, 490, 21, 57
67, 22, 21, 38
67, 280, 21, 8
67, 187, 21, 28
67, 574, 21, 14
67, 509, 22, 77
67, 482, 22, 62
67, 484, 22, 28
67, 454, 22, 54
67, 103, 22, 80
67, 391, 22, 73
67, 586, 22, 36
67, 591, 22, 22
67, 464, 22, 84
67, 533, 22, 3
67, 247, 22, 79
67, 378, 22, 11
67, 411, 22, 93
67, 156, 22, 14
67, 445, 22, 66
67, 516, 23, 80
67, 136, 23, 98
67, 139, 23, 97
67, 271, 23, 52
67, 278, 23, 15
67, 535, 23, 60
67, 22, 23, 38
67, 157, 23, 25
67, 31, 23, 26
67, 553, 23, 9
67, 185, 23, 17
67, 447, 23, 100
67, 578, 23, 63
67, 67, 23, 95
67, 68, 23, 78
67, 455, 23, 16
67, 73, 23, 23
67, 594, 23, 13
67, 96, 23, 88
67, 365, 23, 85
67, 241, 23, 91
67, 369, 23, 67
67, 372, 23, 45
67, 4, 24, 68
67, 27, 24, 53
67, 158, 24, 8
67, 235, 24, 46
67, 462, 24, 85
67, 145, 24, 36
67, 437, 24, 74
67, 22, 24, 38
67, 216, 24, 34
67, 571, 24, 12
67, 29, 24, 40
67, 414, 24, 42
67, 261, 25, 11
67, 263, 25, 74
67, 525, 25, 58
67, 529, 25, 67
67, 541, 25, 80
67, 288, 25, 8
67, 34, 25, 37
67, 418, 25, 43
67, 298, 25, 44
67, 172, 25, 16
67, 306, 25, 42
67, 309, 25, 47
67, 567, 25, 85
67, 568, 25, 58
67, 56, 25, 98
67, 191, 25, 77
67, 211, 25, 43
67, 219, 25, 13
67, 347, 25, 24
67, 361, 25, 85
67, 486, 26, 92
67, 70, 26, 9
67, 458, 26, 41
67, 344, 26, 8
67, 409, 26, 22
67, 219, 26, 13
67, 571, 26, 12
67, 352, 27, 10
67, 162, 27, 74
67, 354, 27, 96
67, 100, 27, 41
67, 515, 27, 33
67, 418, 27, 43
67, 231, 27, 97
67, 105, 27, 74
67, 428, 27, 16
67, 278, 27, 15
67, 375, 27, 58
67, 536, 27, 73
67, 26, 27, 44
67, 475, 27, 24
67, 188, 27, 97
67, 255, 28, 50
67, 133, 28, 31
67, 7, 28, 52
67, 284, 28, 94
67, 157, 28, 25
67, 550, 28, 7
67, 41, 28, 4
67, 299, 28, 22
67, 173, 28, 11
67, 52, 28, 77
67, 184, 28, 85
67, 203, 28, 71
67, 593, 28, 84
67, 349, 28, 4
67, 356, 28, 73
67, 103, 28, 80
67, 105, 28, 74
67, 122, 28, 46
67, 251, 28, 19
67, 254, 28, 92
67, 383, 28, 34
67, 523, 29, 87
67, 14, 29, 28
67, 399, 29, 77
67, 271, 29, 52
67, 150, 29, 18
67, 155, 29, 35
67, 286, 29, 69
67, 420, 29, 56
67, 550, 29, 7
67, 435, 29, 25
67, 314, 29, 57
67, 188, 29, 97
67, 575, 29, 55
67, 321, 29, 45
67, 196, 29, 44
67, 585, 29, 32
67, 334, 29, 8
67, 83, 29, 43
67, 216, 29, 34
67, 351, 29, 72
67, 105, 29, 74
67, 2, 30, 51
67, 427, 30, 93
67, 588, 30, 5
67, 47, 30, 71
67, 245, 30, 52
67, 469, 30, 4
67, 408, 30, 6
67, 316, 30, 29
67, 0, 31, 19
67, 131, 31, 40
67, 5, 31, 4
67, 521, 31, 54
67, 282, 31, 82
67, 415, 31, 12
67, 160, 31, 32
67, 42, 31, 36
67, 47, 31, 71
67, 307, 31, 61
67, 566, 31, 11
67, 183, 31, 69
67, 186, 31, 28
67, 188, 31, 97
67, 581, 31, 71
67, 457, 31, 73
67, 80, 31, 72
67, 595, 31, 13
67, 468, 31, 46
67, 343, 31, 43
67, 225, 31, 37
67, 239, 31, 62
67, 367, 31, 96
67, 250, 31, 53
67, 1, 32, 28
67, 162, 32, 74
67, 389, 32, 24
67, 294, 32, 19
67, 553, 32, 9
67, 329, 32, 32
67, 397, 32, 90
67, 590, 32, 11
67, 50, 32, 48
67, 243, 32, 49
67, 122, 32, 46
67, 514, 33, 21
67, 4, 33, 68
67, 518, 33, 72
67, 397, 33, 90
67, 274, 33, 30
67, 278, 33, 15
67, 535, 33, 60
67, 538, 33, 13
67, 415, 33, 12
67, 297, 33, 61
67, 41, 33, 4
67, 171, 33, 80
67, 182, 33, 9
67, 313, 33, 93
67, 317, 33, 88
67, 67, 33, 95
67, 595, 33, 13
67, 474, 33, 32
67, 477, 33, 1
67, 100, 33, 41
67, 378, 33, 11
67, 508, 33, 37
67, 67, 34, 95
67, 426, 34, 27
67, 398, 34, 28
67, 463, 34, 38
67, 401, 34, 50
67, 471, 34, 92
67, 413, 34, 11
67, 0, 35, 19
67, 385, 35, 46
67, 13, 35, 10
67, 530, 35, 43
67, 149, 35, 81
67, 541, 35, 80
67, 298, 35, 44
67, 175, 35, 42
67, 188, 35, 97
67, 63, 35, 6
67, 578, 35, 63
67, 325, 35, 18
67, 69, 35, 55
67, 205, 35, 5
67, 590, 35, 11
67, 207, 35, 18
67, 85, 35, 94
67, 474, 35, 32
67, 483, 35, 57
67, 507, 35, 94
67, 1, 36, 28
67, 394, 36, 84
67, 411, 36, 93
67, 170, 36, 72
67, 42, 36, 36
67, 301, 36, 90
67, 302, 36, 84
67, 175, 36, 42
67, 560, 36, 84
67, 317, 36, 88
67, 322, 36, 77
67, 67, 36, 95
67, 452, 36, 28
67, 77, 36, 67
67, 78, 36, 16
67, 211, 36, 43
67, 599, 36, 54
67, 343, 36, 43
67, 481, 36, 37
67, 366, 36, 77
67, 244, 36, 81
67, 505, 36, 41
67, 225, 37, 37
67, 280, 37, 8
67, 285, 37, 85
67, 260, 37, 88
67, 165, 37, 43
67, 230, 37, 30
67, 77, 37, 67
67, 559, 37, 75
67, 527, 37, 32
67, 273, 37, 43
67, 211, 37, 43
67, 148, 37, 42
67, 23, 37, 49
67, 120, 37, 65
67, 410, 37, 66
67, 381, 37, 7
67, 350, 37, 67
67, 530, 38, 43
67, 404, 38, 69
67, 277, 38, 65
67, 150, 38, 18
67, 151, 38, 73
67, 287, 38, 21
67, 33, 38, 73
67, 548, 38, 10
67, 420, 38, 56
67, 168, 38, 43
67, 556, 38, 84
67, 303, 38, 39
67, 570, 38, 98
67, 447, 38, 100
67, 195, 38, 36
67, 198, 38, 93
67, 463, 38, 38
67, 211, 38, 43
67, 470, 38, 56
67, 90, 38, 95
67, 97, 38, 77
67, 106, 38, 11
67, 249, 38, 62
67, 250, 38, 53
67, 256, 39, 56
67, 518, 39, 72
67, 19, 39, 52
67, 275, 39, 83
67, 411, 39, 93
67, 422, 39, 64
67, 428, 39, 16
67, 45, 39, 50
67, 568, 39, 58
67, 186, 39, 28
67, 449, 39, 77
67, 65, 39, 33
67, 325, 39, 18
67, 588, 39, 5
67, 597, 39, 74
67, 95, 39, 90
67, 353, 39, 90
67, 483, 39, 57
67, 356, 39, 73
67, 248, 39, 20
67, 123, 39, 52
67, 321, 40, 45
67, 229, 40, 89
67, 389, 40, 24
67, 295, 40, 19
67, 364, 40, 64
67, 113, 40, 31
67, 210, 40, 20
67, 435, 40, 25
67, 562, 40, 68
67, 312, 40, 67
67, 29, 40, 40
67, 384, 41, 85
67, 259, 41, 9
67, 389, 41, 24
67, 134, 41, 49
67, 519, 41, 98
67, 137, 41, 46
67, 16, 41, 5
67, 408, 41, 6
67, 546, 41, 89
67, 36, 41, 5
67, 421, 41, 87
67, 561, 41, 71
67, 562, 41, 68
67, 58, 41, 47
67, 203, 41, 71
67, 333, 41, 2
67, 81, 41, 36
67, 222, 41, 10
67, 353, 41, 90
67, 242, 41, 23
67, 247, 41, 79
67, 376, 41, 27
67, 547, 42, 58
67, 554, 42, 75
67, 563, 42, 31
67, 277, 42, 65
67, 121, 42, 25
67, 315, 42, 25
67, 188, 42, 97
67, 318, 42, 11
67, 512, 43, 60
67, 260, 43, 88
67, 454, 43, 54
67, 102, 43, 48
67, 329, 43, 32
67, 204, 43, 91
67, 50, 43, 48
67, 214, 43, 32
67, 23, 43, 49
67, 585, 44, 32
67, 369, 44, 67
67, 343, 44, 43
67, 282, 44, 82
67, 287, 44, 21
67, 321, 45, 45
67, 98, 45, 85
67, 577, 45, 17
67, 68, 45, 78
67, 483, 45, 57
67, 422, 45, 64
67, 167, 45, 45
67, 458, 45, 41
67, 171, 45, 80
67, 528, 45, 15
67, 188, 45, 97
67, 382, 45, 93
67, 407, 46, 77
67, 292, 46, 48
67, 165, 46, 43
67, 202, 46, 28
67, 171, 46, 80
67, 205, 46, 5
67, 77, 46, 67
67, 149, 46, 81
67, 215, 46, 5
67, 473, 46, 89
67, 574, 46, 14
67, 416, 47, 42
67, 257, 47, 55
67, 354, 47, 96
67, 547, 47, 58
67, 420, 47, 56
67, 292, 47, 48
67, 422, 47, 64
67, 39, 47, 56
67, 325, 47, 18
67, 489, 47, 69
67, 229, 47, 89
67, 363, 47, 12
67, 592, 47, 2
67, 433, 47, 44
67, 115, 47, 75
67, 343, 47, 43
67, 347, 47, 24
67, 318, 47, 11
67, 0, 48, 19
67, 133, 48, 31
67, 197, 48, 71
67, 552, 48, 20
67, 329, 48, 32
67, 74, 48, 84
67, 493, 48, 33
67, 368, 48, 57
67, 337, 48, 37
67, 369, 48, 67
67, 115, 48, 75
67, 208, 48, 74
67, 566, 48, 11
67, 504, 48, 11
67, 91, 48, 16
67, 156, 48, 14
67, 413, 48, 11
67, 383, 48, 34
67, 288, 49, 8
67, 449, 49, 77
67, 546, 49, 89
67, 482, 49, 62
67, 217, 49, 26
67, 218, 49, 75
67, 234, 49, 59
67, 140, 49, 65
67, 13, 49, 10
67, 302, 49, 84
67, 236, 49, 98
67, 48, 49, 3
67, 149, 49, 81
67, 247, 49, 79
67, 473, 49, 89
67, 410, 49, 66
67, 189, 49, 27
67, 96, 50, 88
67, 133, 50, 31
67, 488, 50, 62
67, 365, 50, 85
67, 398, 50, 28
67, 239, 50, 62
67, 564, 50, 74
67, 372, 50, 45
67, 66, 51, 70
67, 36, 51, 5
67, 264, 51, 20
67, 585, 51, 32
67, 139, 51, 97
67, 492, 51, 69
67, 371, 51, 18
67, 150, 51, 18
67, 25, 51, 94
67, 155, 51, 35
67, 189, 51, 27
67, 446, 51, 92
67, 385, 52, 46
67, 38, 52, 68
67, 328, 52, 47
67, 568, 52, 58
67, 331, 52, 36
67, 306, 52, 42
67, 312, 52, 67
67, 250, 52, 53
67, 223, 52, 42
67, 197, 53, 71
67, 455, 53, 16
67, 72, 53, 68
67, 365, 53, 85
67, 593, 53, 84
67, 19, 53, 52
67, 472, 53, 34
67, 286, 53, 69
67, 197, 54, 71
67, 296, 54, 87
67, 233, 54, 73
67, 173, 54, 11
67, 206, 54, 24
67, 176, 54, 40
67, 563, 54, 31
67, 93, 54, 85
67, 341, 54, 57
67, 55, 54, 56
67, 120, 54, 65
67, 285, 54, 85
67, 0, 55, 19
67, 354, 55, 96
67, 6, 55, 69
67, 71, 55, 21
67, 173, 55, 11
67, 398, 55, 28
67, 149, 55, 81
67, 505, 55, 41
67, 160, 56, 32
67, 484, 56, 28
67, 394, 56, 84
67, 108, 56, 18
67, 524, 56, 58
67, 402, 56, 93
67, 211, 56, 43
67, 533, 56, 3
67, 216, 56, 34
67, 475, 56, 24
67, 224, 57, 67
67, 407, 57, 77
67, 356, 57, 73
67, 548, 57, 10
67, 454, 57, 54
67, 492, 57, 69
67, 462, 57, 85
67, 529, 57, 67
67, 564, 57, 74
67, 343, 57, 43
67, 216, 57, 34
67, 215, 57, 5
67, 227, 58, 52
67, 37, 58, 54
67, 486, 58, 92
67, 102, 58, 48
67, 168, 58, 43
67, 584, 58, 1
67, 7, 58, 52
67, 282, 58, 82
67, 295, 58, 19
67, 422, 58, 64
67, 8, 58, 26
67, 592, 58, 2
67, 306, 58, 42
67, 218, 58, 75
67, 347, 58, 24
67, 156, 58, 14
67, 516, 59, 80
67, 589, 59, 79
67, 466, 59, 77
67, 19, 59, 52
67, 212, 59, 94
67, 440, 59, 9
67, 543, 59, 70
67, 384, 60, 85
67, 129, 60, 90
67, 258, 60, 46
67, 137, 60, 46
67, 10, 60, 56
67, 283, 60, 99
67, 430, 60, 29
67, 560, 60, 84
67, 561, 60, 71
67, 435, 60, 25
67, 576, 60, 2
67, 331, 60, 36
67, 333, 60, 2
67, 96, 60, 88
67, 226, 60, 94
67, 484, 60, 28
67, 490, 60, 57
67, 491, 60, 26
67, 369, 60, 67
67, 379, 60, 64
67, 260, 61, 88
67, 100, 61, 41
67, 454, 61, 54
67, 230, 61, 30
67, 70, 61, 9
67, 236, 61, 98
67, 47, 61, 71
67, 531, 61, 12
67, 92, 61, 22
67, 413, 61, 11
67, 134, 62, 49
67, 269, 62, 7
67, 432, 62, 23
67, 16, 62, 5
67, 531, 62, 12
67, 322, 63, 77
67, 130, 63, 24
67, 579, 63, 80
67, 485, 63, 28
67, 548, 63, 10
67, 203, 63, 71
67, 300, 63, 100
67, 375, 63, 58
67, 120, 63, 65
67, 220, 63, 83
67, 385, 64, 46
67, 2, 64, 51
67, 527, 64, 32
67, 19, 64, 52
67, 405, 64, 90
67, 152, 64, 90
67, 26, 64, 44
67, 28, 64, 13
67, 287, 64, 21
67, 419, 64, 14
67, 165, 64, 43
67, 434, 64, 10
67, 60, 64, 36
67, 447, 64, 100
67, 451, 64, 14
67, 67, 64, 95
67, 198, 64, 93
67, 326, 64, 75
67, 76, 64, 31
67, 470, 64, 56
67, 90, 64, 95
67, 230, 64, 30
67, 507, 64, 94
67, 545, 65, 32
67, 546, 65, 89
67, 360, 65, 6
67, 394, 65, 84
67, 427, 65, 93
67, 459, 65, 9
67, 364, 65, 64
67, 12, 65, 9
67, 48, 65, 3
67, 305, 65, 50
67, 466, 65, 77
67, 371, 65, 18
67, 338, 65, 86
67, 57, 65, 72
67, 259, 66, 9
67, 260, 66, 88
67, 279, 66, 63
67, 410, 66, 66
67, 155, 66, 35
67, 545, 66, 32
67, 298, 66, 44
67, 558, 66, 99
67, 57, 66, 72
67, 186, 66, 28
67, 443, 66, 92
67, 572, 66, 57
67, 445, 66, 66
67, 577, 66, 17
67, 329, 66, 32
67, 335, 66, 64
67, 464, 66, 84
67, 336, 66, 25
67, 213, 66, 39
67, 343, 66, 43
67, 472, 66, 34
67, 225, 66, 37
67, 228, 66, 3
67, 366, 66, 77
67, 383, 66, 34
67, 104, 67, 2
67, 490, 67, 57
67, 331, 67, 36
67, 299, 67, 22
67, 268, 67, 92
67, 76, 67, 31
67, 338, 67, 86
67, 19, 67, 52
67, 407, 67, 77
67, 280, 67, 8
67, 506, 67, 75
67, 315, 67, 25
67, 257, 68, 55
67, 386, 68, 66
67, 515, 68, 33
67, 134, 68, 49
67, 267, 68, 97
67, 270, 68, 56
67, 276, 68, 86
67, 278, 68, 15
67, 408, 68, 6
67, 545, 68, 32
67, 419, 68, 14
67, 423, 68, 57
67, 435, 68, 25
67, 438, 68, 73
67, 319, 68, 53
67, 332, 68, 10
67, 350, 68, 67
67, 355, 68, 99
67, 102, 68, 48
67, 233, 68, 73
67, 107, 68, 26
67, 248, 68, 20
67, 160, 69, 32
67, 227, 69, 52
67, 13, 69, 10
67, 47, 69, 71
67, 498, 69, 48
67, 19, 69, 52
67, 53, 69, 36
67, 183, 69, 69
67, 375, 69, 58
67, 416, 70, 42
67, 297, 70, 61
67, 332, 70, 10
67, 49, 70, 96
67, 209, 70, 59
67, 379, 70, 64
67, 219, 70, 13
67, 382, 70, 93
67, 480, 71, 34
67, 419, 71, 14
67, 230, 71, 30
67, 390, 71, 33
67, 203, 71, 71
67, 268, 71, 92
67, 447, 71, 100
67, 193, 72, 30
67, 201, 72, 21
67, 366, 72, 77
67, 110, 72, 94
67, 174, 72, 26
67, 146, 72, 23
67, 93, 72, 85
67, 55, 72, 56
67, 345, 72, 34
67, 570, 72, 98
67, 124, 72, 27
67, 285, 72, 85
67, 127, 72, 96
67, 138, 73, 92
67, 146, 73, 23
67, 422, 73, 64
67, 554, 73, 75
67, 434, 73, 10
67, 182, 73, 9
67, 188, 73, 97
67, 62, 73, 27
67, 450, 73, 87
67, 74, 73, 84
67, 336, 73, 25
67, 339, 73, 61
67, 468, 73, 46
67, 481, 73, 37
67, 485, 73, 28
67, 492, 73, 69
67, 238, 73, 37
67, 116, 73, 21
67, 119, 73, 86
67, 377, 73, 59
67, 64, 74, 30
67, 354, 74, 96
67, 483, 74, 57
67, 290, 74, 18
67, 454, 74, 54
67, 425, 74, 96
67, 393, 74, 30
67, 301, 74, 90
67, 206, 74, 24
67, 464, 74, 84
67, 497, 74, 71
67, 561, 74, 71
67, 466, 74, 77
67, 305, 74, 50
67, 21, 74, 57
67, 506, 74, 75
67, 155, 74, 35
67, 260, 75, 88
67, 362, 75, 92
67, 171, 75, 80
67, 172, 75, 16
67, 589, 75, 79
67, 207, 75, 18
67, 179, 75, 95
67, 86, 75, 91
67, 95, 75, 90
67, 99, 76, 29
67, 203, 76, 71
67, 80, 76, 72
67, 273, 76, 43
67, 53, 76, 36
67, 311, 76, 89
67, 225, 77, 37
67, 353, 77, 90
67, 463, 77, 38
67, 467, 77, 46
67, 191, 77, 77
67, 1, 78, 28
67, 584, 78, 1
67, 336, 78, 25
67, 561, 78, 71
67, 374, 78, 80
67, 55, 78, 56
67, 389, 79, 24
67, 16, 79, 5
67, 18, 79, 82
67, 19, 79, 52
67, 23, 79, 49
67, 537, 79, 70
67, 295, 79, 19
67, 174, 79, 26
67, 309, 79, 47
67, 56, 79, 98
67, 186, 79, 28
67, 188, 79, 97
67, 448, 79, 51
67, 576, 79, 2
67, 326, 79, 75
67, 75, 79, 58
67, 338, 79, 86
67, 82, 79, 7
67, 349, 79, 4
67, 480, 79, 34
67, 239, 79, 62
67, 375, 79, 58
67, 387, 80, 92
67, 164, 80, 71
67, 487, 80, 34
67, 371, 80, 18
67, 243, 80, 49
67, 120, 80, 65
67, 346, 80, 83
67, 380, 80, 59
67, 445, 80, 66
67, 352, 81, 10
67, 256, 81, 56
67, 72, 81, 68
67, 232, 81, 64
67, 42, 81, 36
67, 332, 81, 10
67, 493, 81, 33
67, 399, 81, 77
67, 594, 81, 13
67, 19, 81, 52
67, 501, 81, 58
67, 565, 81, 64
67, 185, 81, 17
67, 318, 81, 11
67, 420, 82, 56
67, 133, 82, 31
67, 394, 82, 84
67, 11, 82, 48
67, 238, 82, 37
67, 334, 82, 8
67, 82, 82, 7
67, 563, 82, 31
67, 534, 82, 55
67, 252, 82, 37
67, 522, 83, 96
67, 405, 83, 90
67, 24, 83, 16
67, 545, 83, 32
67, 293, 83, 4
67, 165, 83, 43
67, 310, 83, 48
67, 312, 83, 67
67, 444, 83, 49
67, 190, 83, 50
67, 71, 83, 21
67, 587, 83, 71
67, 341, 83, 57
67, 216, 83, 34
67, 219, 83, 13
67, 104, 83, 2
67, 368, 83, 57
67, 242, 83, 23
67, 371, 83, 18
67, 500, 83, 90
67, 247, 83, 79
67, 7, 84, 52
67, 167, 84, 45
67, 492, 84, 69
67, 150, 84, 18
67, 187, 84, 28
67, 512, 85, 60
67, 260, 85, 88
67, 397, 85, 90
67, 399, 85, 77
67, 275, 85, 83
67, 532, 85, 95
67, 21, 85, 57
67, 152, 85, 90
67, 414, 85, 42
67, 300, 85, 100
67, 562, 85, 68
67, 57, 85, 72
67, 446, 85, 92
67, 451, 85, 14
67, 76, 85, 31
67, 79, 85, 8
67, 89, 85, 77
67, 348, 85, 97
67, 96, 85, 88
67, 486, 85, 92
67, 369, 85, 67
67, 121, 85, 25
67, 3, 86, 29
67, 525, 86, 58
67, 143, 86, 21
67, 528, 86, 15
67, 529, 86, 67
67, 530, 86, 43
67, 27, 86, 53
67, 541, 86, 80
67, 544, 86, 69
67, 419, 86, 14
67, 420, 86, 56
67, 166, 86, 16
67, 554, 86, 75
67, 433, 86, 44
67, 183, 86, 69
67, 440, 86, 9
67, 575, 86, 55
67, 453, 86, 96
67, 456, 86, 64
67, 75, 86, 58
67, 592, 86, 2
67, 340, 86, 54
67, 226, 86, 94
67, 487, 86, 34
67, 376, 86, 27
67, 65, 87, 33
67, 387, 87, 92
67, 581, 87, 71
67, 518, 87, 72
67, 264, 87, 20
67, 201, 87, 21
67, 521, 87, 54
67, 53, 87, 36
67, 139, 88, 97
67, 557, 88, 14
67, 14, 88, 28
67, 176, 88, 40
67, 85, 88, 94
67, 599, 88, 54
67, 59, 88, 100
67, 353, 89, 90
67, 422, 89, 64
67, 523, 89, 87
67, 461, 89, 73
67, 528, 89, 15
67, 145, 89, 36
67, 117, 89, 100
67, 183, 89, 69
67, 444, 89, 49
67, 572, 89, 57
67, 414, 89, 42
67, 259, 90, 9
67, 137, 90, 46
67, 11, 90, 48
67, 533, 90, 3
67, 279, 90, 63
67, 151, 90, 73
67, 420, 90, 56
67, 423, 90, 57
67, 172, 90, 16
67, 312, 90, 67
67, 440, 90, 9
67, 317, 90, 88
67, 202, 90, 28
67, 74, 90, 84
67, 211, 90, 43
67, 596, 90, 92
67, 480, 90, 34
67, 354, 90, 96
67, 485, 90, 28
67, 239, 90, 62
67, 112, 90, 76
67, 500, 90, 90
67, 126, 90, 9
67, 257, 91, 55
67, 7, 91, 52
67, 519, 91, 98
67, 530, 91, 43
67, 277, 91, 65
67, 405, 91, 90
67, 279, 91, 63
67, 280, 91, 8
67, 164, 91, 71
67, 293, 91, 4
67, 294, 91, 19
67, 552, 91, 20
67, 553, 91, 9
67, 176, 91, 40
67, 49, 91, 96
67, 192, 91, 15
67, 211, 91, 43
67, 215, 91, 5
67, 346, 91, 83
67, 223, 91, 42
67, 496, 91, 45
67, 242, 91, 23
67, 246, 91, 12
67, 252, 91, 37
67, 418, 92, 43
67, 194, 92, 51
67, 329, 92, 32
67, 139, 92, 97
67, 334, 92, 8
67, 84, 92, 80
67, 153, 92, 79
67, 223, 92, 42
67, 384, 93, 85
67, 230, 93, 30
67, 406, 93, 54
67, 152, 93, 90
67, 62, 93, 27
67, 386, 94, 66
67, 395, 94, 14
67, 142, 94, 68
67, 270, 94, 56
67, 144, 94, 15
67, 275, 94, 83
67, 409, 94, 22
67, 158, 94, 8
67, 543, 94, 70
67, 419, 94, 14
67, 293, 94, 4
67, 306, 94, 42
67, 567, 94, 85
67, 574, 94, 14
67, 320, 94, 35
67, 193, 94, 30
67, 580, 94, 7
67, 201, 94, 21
67, 340, 94, 54
67, 87, 94, 33
67, 344, 94, 8
67, 473, 94, 89
67, 372, 94, 45
67, 117, 94, 100
67, 381, 94, 7
67, 386, 95, 66
67, 489, 95, 69
67, 587, 95, 71
67, 589, 95, 79
67, 506, 95, 75
67, 91, 95, 16
67, 156, 95, 14
67, 477, 95, 1
67, 384, 96, 85
67, 256, 96, 56
67, 4, 96, 68
67, 9, 96, 61
67, 522, 96, 96
67, 528, 96, 15
67, 401, 96, 50
67, 541, 96, 80
67, 287, 96, 21
67, 546, 96, 89
67, 551, 96, 52
67, 302, 96, 84
67, 181, 96, 9
67, 445, 96, 66
67, 64, 96, 30
67, 449, 96, 77
67, 325, 96, 18
67, 454, 96, 54
67, 71, 96, 21
67, 583, 96, 58
67, 462, 96, 85
67, 337, 96, 37
67, 216, 96, 34
67, 485, 96, 28
67, 7, 97, 52
67, 11, 97, 48
67, 12, 97, 9
67, 15, 97, 12
67, 19, 97, 52
67, 276, 97, 86
67, 544, 97, 69
67, 36, 97, 5
67, 294, 97, 19
67, 40, 97, 40
67, 301, 97, 90
67, 175, 97, 42
67, 563, 97, 31
67, 56, 97, 98
67, 441, 97, 45
67, 57, 97, 72
67, 315, 97, 25
67, 575, 97, 55
67, 465, 97, 86
67, 478, 97, 51
67, 487, 97, 34
67, 491, 97, 26
67, 500, 97, 90
67, 372, 97, 45
67, 387, 98, 92
67, 6, 98, 69
67, 136, 98, 98
67, 522, 98, 96
67, 275, 98, 83
67, 152, 98, 90
67, 300, 98, 100
67, 430, 98, 29
67, 51, 98, 68
67, 569, 98, 99
67, 570, 98, 98
67, 68, 98, 78
67, 70, 98, 9
67, 332, 98, 10
67, 206, 98, 24
67, 90, 98, 95
67, 358, 98, 73
67, 364, 98, 64
67, 501, 98, 58
67, 130, 99, 24
67, 133, 99, 31
67, 397, 99, 90
67, 17, 99, 55
67, 274, 99, 30
67, 148, 99, 42
67, 279, 99, 63
67, 40, 99, 40
67, 296, 99, 87
67, 434, 99, 10
67, 565, 99, 64
67, 58, 99, 47
67, 570, 99, 98
67, 577, 99, 17
67, 599, 99, 54
67, 219, 99, 13
67, 93, 99, 85
67, 111, 99, 64
67, 372, 99, 45
67, 375, 99, 58
67, 253, 99, 48
67, 352, 100, 10
67, 576, 100, 2
67, 450, 100, 87
67, 99, 100, 29
67, 376, 100, 27
67, 422, 100, 64
67, 135, 100, 21
67, 360, 100, 6
67, 203, 100, 71
67, 77, 100, 67
67, 340, 100, 54
67, 344, 100, 8
67, 25, 100, 94
67, 346, 100, 83
67, 476, 100, 24
67, 381, 100, 7
67, 447, 100, 100
67, 547, 101, 58
67, 485, 101, 28
67, 229, 101, 89
67, 488, 101, 62
67, 297, 101, 61
67, 140, 101, 65
67, 175, 101, 42
67, 176, 101, 40
67, 463, 101, 38
67, 370, 101, 27
67, 436, 101, 12
67, 437, 101, 74
67, 281, 101, 22
67, 282, 101, 82
67, 479, 101, 77
67, 512, 102, 60
67, 225, 102, 37
67, 418, 102, 43
67, 136, 102, 98
67, 584, 102, 1
67, 234, 102, 59
67, 526, 102, 60
67, 92, 102, 22
67, 528, 102, 15
67, 243, 102, 49
67, 500, 102, 90
67, 343, 102, 43
67, 508, 102, 37
67, 311, 102, 89
67, 192, 103, 15
67, 130, 103, 24
67, 516, 103, 80
67, 582, 103, 88
67, 265, 103, 9
67, 75, 103, 58
67, 140, 103, 65
67, 364, 103, 64
67, 189, 103, 27
67, 565, 103, 64
67, 311, 103, 89
67, 541, 103, 80
67, 382, 103, 93
67, 512, 104, 60
67, 132, 104, 66
67, 276, 104, 86
67, 405, 104, 90
67, 407, 104, 77
67, 153, 104, 79
67, 428, 104, 16
67, 561, 104, 71
67, 568, 104, 58
67, 576, 104, 2
67, 68, 104, 78
67, 76, 104, 31
67, 78, 104, 16
67, 474, 104, 32
67, 223, 104, 42
67, 98, 104, 85
67, 233, 104, 73
67, 489, 104, 69
67, 245, 104, 52
67, 383, 104, 34
67, 32, 105, 26
67, 449, 105, 77
67, 424, 105, 86
67, 72, 105, 68
67, 394, 105, 84
67, 74, 105, 84
67, 493, 105, 33
67, 334, 105, 8
67, 273, 105, 43
67, 177, 105, 100
67, 373, 105, 57
67, 311, 105, 89
67, 56, 105, 98
67, 443, 105, 92
67, 61, 105, 61
67, 318, 105, 11
67, 513, 106, 17
67, 514, 106, 21
67, 387, 106, 92
67, 391, 106, 73
67, 7, 106, 52
67, 140, 106, 65
67, 526, 106, 60
67, 538, 106, 13
67, 156, 106, 14
67, 42, 106, 36
67, 428, 106, 16
67, 561, 106, 71
67, 57, 106, 72
67, 316, 106, 29
67, 581, 106, 71
67, 200, 106, 4
67, 336, 106, 25
67, 216, 106, 34
67, 355, 106, 99
67, 501, 106, 58
67, 504, 106, 11
67, 129, 107, 90
67, 36, 107, 5
67, 231, 107, 97
67, 40, 107, 40
67, 425, 107, 96
67, 360, 107, 6
67, 363, 107, 12
67, 588, 107, 5
67, 461, 107, 73
67, 14, 107, 28
67, 239, 107, 62
67, 171, 107, 80
67, 369, 107, 67
67, 93, 107, 85
67, 444, 107, 49
67, 125, 107, 19
67, 415, 107, 12
67, 545, 108, 32
67, 582, 108, 88
67, 199, 108, 19
67, 70, 108, 9
67, 425, 108, 96
67, 331, 108, 36
67, 523, 108, 87
67, 365, 108, 85
67, 78, 108, 16
67, 557, 108, 14
67, 272, 108, 21
67, 205, 108, 5
67, 274, 108, 30
67, 237, 108, 99
67, 312, 108, 67
67, 442, 108, 51
67, 286, 108, 69
67, 575, 108, 55
67, 581, 109, 71
67, 133, 109, 31
67, 122, 109, 46
67, 335, 109, 64
67, 506, 109, 75
67, 51, 109, 68
67, 52, 109, 77
67, 151, 109, 73
67, 474, 109, 32
67, 2, 110, 51
67, 13, 110, 10
67, 526, 110, 60
67, 538, 110, 13
67, 289, 110, 62
67, 49, 110, 96
67, 434, 110, 10
67, 192, 110, 15
67, 576, 110, 2
67, 65, 110, 33
67, 453, 110, 96
67, 585, 110, 32
67, 73, 110, 23
67, 79, 110, 8
67, 210, 110, 20
67, 219, 110, 13
67, 354, 110, 96
67, 361, 110, 85
67, 234, 110, 59
67, 109, 110, 4
67, 450, 111, 87
67, 132, 111, 66
67, 428, 111, 16
67, 47, 111, 71
67, 242, 111, 23
67, 502, 111, 89
67, 86, 111, 91
67, 60, 111, 36
67, 225, 112, 37
67, 293, 112, 4
67, 421, 112, 87
67, 217, 112, 26
67, 413, 112, 11
67, 385, 113, 46
67, 130, 113, 24
67, 388, 113, 80
67, 407, 113, 77
67, 29, 113, 40
67, 286, 113, 69
67, 37, 113, 54
67, 177, 113, 100
67, 567, 113, 85
67, 58, 113, 47
67, 201, 113, 21
67, 334, 113, 8
67, 213, 113, 39
67, 344, 113, 8
67, 88, 113, 70
67, 375, 113, 58
67, 481, 113, 37
67, 495, 113, 21
67, 372, 113, 45
67, 244, 113, 81
67, 118, 113, 59
67, 119, 113, 86
67, 352, 114, 10
67, 301, 114, 90
67, 432, 114, 23
67, 342, 114, 11
67, 24, 114, 16
67, 477, 114, 1
67, 423, 115, 57
67, 202, 115, 28
67, 427, 115, 93
67, 75, 115, 58
67, 590, 115, 11
67, 592, 115, 2
67, 116, 115, 21
67, 244, 115, 81
67, 125, 115, 19
67, 342, 115, 11
67, 24, 115, 16
67, 539, 115, 86
67, 349, 115, 4
67, 30, 115, 52
67, 415, 115, 12
67, 35, 116, 21
67, 227, 116, 52
67, 391, 116, 73
67, 490, 116, 57
67, 397, 116, 90
67, 156, 116, 14
67, 191, 116, 77
67, 450, 117, 87
67, 99, 117, 29
67, 68, 117, 78
67, 546, 117, 89
67, 358, 117, 73
67, 295, 117, 19
67, 134, 117, 49
67, 328, 117, 47
67, 234, 117, 59
67, 107, 117, 26
67, 441, 117, 45
67, 42, 117, 36
67, 306, 117, 42
67, 115, 117, 75
67, 406, 117, 54
67, 569, 117, 99
67, 0, 118, 19
67, 407, 118, 77
67, 388, 118, 80
67, 421, 118, 87
67, 582, 118, 88
67, 519, 118, 98
67, 295, 118, 19
67, 186, 118, 28
67, 13, 118, 10
67, 591, 118, 22
67, 592, 118, 2
67, 560, 118, 84
67, 82, 118, 7
67, 464, 118, 84
67, 213, 118, 39
67, 599, 118, 54
67, 570, 118, 98
67, 253, 118, 48
67, 296, 119, 87
67, 104, 119, 2
67, 146, 119, 23
67, 536, 119, 73
67, 220, 119, 83
67, 96, 120, 88
67, 449, 120, 77
67, 2, 120, 51
67, 67, 120, 95
67, 292, 120, 48
67, 513, 120, 17
67, 329, 120, 32
67, 11, 120, 48
67, 113, 120, 31
67, 497, 120, 71
67, 468, 120, 46
67, 342, 120, 11
67, 406, 120, 54
67, 152, 120, 90
67, 516, 121, 80
67, 392, 121, 3
67, 10, 121, 56
67, 143, 121, 21
67, 401, 121, 50
67, 277, 121, 65
67, 293, 121, 4
67, 306, 121, 42
67, 51, 121, 68
67, 567, 121, 85
67, 344, 121, 8
67, 217, 121, 26
67, 88, 121, 70
67, 351, 121, 72
67, 352, 121, 10
67, 97, 121, 77
67, 358, 121, 73
67, 490, 121, 57
67, 247, 121, 79
67, 505, 121, 41
67, 480, 122, 34
67, 353, 122, 90
67, 323, 122, 43
67, 517, 122, 21
67, 298, 122, 44
67, 369, 122, 67
67, 370, 122, 27
67, 339, 122, 61
67, 467, 122, 46
67, 313, 122, 93
67, 476, 122, 24
67, 508, 122, 37
67, 414, 123, 42
67, 68, 123, 78
67, 325, 123, 18
67, 581, 123, 71
67, 7, 123, 52
67, 309, 123, 47
67, 22, 123, 38
67, 310, 123, 48
67, 88, 123, 70
67, 153, 123, 79
67, 314, 123, 57
67, 254, 123, 92
67, 3, 124, 29
67, 392, 124, 3
67, 520, 124, 25
67, 8, 124, 26
67, 267, 124, 97
67, 9, 124, 61
67, 274, 124, 30
67, 532, 124, 95
67, 21, 124, 57
67, 276, 124, 86
67, 534, 124, 55
67, 153, 124, 79
67, 537, 124, 70
67, 26, 124, 44
67, 159, 124, 88
67, 32, 124, 26
67, 416, 124, 42
67, 432, 124, 23
67, 575, 124, 55
67, 84, 124, 80
67, 477, 124, 1
67, 105, 124, 74
67, 109, 124, 4
67, 370, 124, 27
67, 252, 124, 37
67, 1, 125, 28
67, 519, 125, 98
67, 522, 125, 96
67, 272, 125, 21
67, 402, 125, 93
67, 22, 125, 38
67, 406, 125, 54
67, 283, 125, 99
67, 29, 125, 40
67, 160, 125, 32
67, 544, 125, 69
67, 551, 125, 52
67, 296, 125, 87
67, 190, 125, 50
67, 333, 125, 2
67, 589, 125, 79
67, 208, 125, 74
67, 467, 125, 46
67, 469, 125, 4
67, 87, 125, 33
67, 100, 125, 41
67, 126, 125, 9
67, 258, 126, 46
67, 357, 126, 46
67, 454, 126, 54
67, 383, 126, 34
67, 168, 126, 43
67, 231, 126, 97
67, 138, 126, 92
67, 523, 126, 87
67, 69, 126, 55
67, 496, 126, 45
67, 498, 126, 48
67, 533, 126, 3
67, 87, 126, 33
67, 218, 126, 75
67, 59, 126, 100
67, 255, 126, 50
67, 353, 127, 90
67, 357, 127, 46
67, 7, 127, 52
67, 234, 127, 59
67, 74, 127, 84
67, 426, 127, 27
67, 526, 127, 60
67, 462, 127, 85
67, 177, 127, 100
67, 434, 127, 10
67, 594, 127, 13
67, 244, 127, 81
67, 60, 127, 36
67, 544, 128, 69
67, 261, 128, 11
67, 582, 128, 88
67, 423, 128, 57
67, 409, 128, 22
67, 171, 128, 80
67, 300, 128, 100
67, 303, 128, 39
67, 304, 128, 36
67, 593, 128, 84
67, 81, 128, 36
67, 406, 128, 54
67, 441, 128, 45
67, 190, 128, 50
67, 512, 129, 60
67, 548, 129, 10
67, 197, 129, 71
67, 230, 129, 30
67, 40, 129, 40
67, 12, 129, 9
67, 45, 129, 50
67, 333, 129, 2
67, 305, 129, 50
67, 54, 129, 90
67, 279, 129, 63
67, 120, 129, 65
67, 0, 130, 19
67, 131, 130, 40
67, 388, 130, 80
67, 522, 130, 96
67, 282, 130, 82
67, 546, 130, 89
67, 301, 130, 90
67, 54, 130, 90
67, 323, 130, 43
67, 68, 130, 78
67, 198, 130, 93
67, 203, 130, 71
67, 218, 130, 75
67, 93, 130, 85
67, 233, 130, 73
67, 106, 130, 11
67, 364, 130, 64
67, 243, 130, 49
67, 116, 130, 21
67, 120, 130, 65
67, 381, 130, 7
67, 510, 130, 2
67, 454, 131, 54
67, 264, 131, 20
67, 73, 131, 23
67, 48, 131, 3
67, 465, 131, 86
67, 178, 131, 84
67, 369, 131, 67
67, 60, 131, 36
67, 256, 132, 56
67, 454, 132, 54
67, 455, 132, 16
67, 102, 132, 48
67, 301, 132, 90
67, 206, 132, 24
67, 463, 132, 38
67, 208, 132, 74
67, 597, 132, 74
67, 248, 132, 20
67, 121, 132, 25
67, 251, 132, 19
67, 349, 132, 4
67, 415, 132, 12
67, 547, 133, 58
67, 323, 133, 43
67, 583, 133, 58
67, 542, 133, 32
67, 266, 133, 17
67, 235, 133, 46
67, 141, 133, 3
67, 110, 133, 94
67, 47, 133, 71
67, 496, 133, 45
67, 530, 133, 43
67, 114, 133, 9
67, 152, 133, 90
67, 122, 133, 46
67, 476, 133, 24
67, 286, 133, 69
67, 478, 133, 51
67, 383, 133, 34
67, 544, 134, 69
67, 417, 134, 89
67, 384, 134, 85
67, 376, 134, 27
67, 582, 134, 88
67, 583, 134, 58
67, 177, 134, 100
67, 595, 134, 13
67, 379, 134, 64
67, 87, 134, 33
67, 24, 134, 16
67, 251, 134, 19
67, 476, 134, 24
67, 259, 135, 9
67, 517, 135, 21
67, 147, 135, 60
67, 22, 135, 38
67, 412, 135, 42
67, 285, 135, 85
67, 542, 135, 32
67, 555, 135, 56
67, 300, 135, 100
67, 571, 135, 12
67, 317, 135, 88
67, 447, 135, 100
67, 321, 135, 45
67, 196, 135, 44
67, 461, 135, 73
67, 211, 135, 43
67, 358, 135, 73
67, 108, 135, 18
67, 248, 135, 20
67, 129, 136, 90
67, 417, 136, 89
67, 457, 136, 73
67, 106, 136, 11
67, 333, 136, 2
67, 175, 136, 42
67, 465, 136, 86
67, 148, 136, 42
67, 468, 136, 46
67, 505, 136, 41
67, 57, 136, 72
67, 257, 137, 55
67, 423, 137, 57
67, 460, 137, 10
67, 364, 137, 64
67, 176, 137, 40
67, 273, 137, 43
67, 435, 137, 25
67, 268, 138, 92
67, 270, 138, 56
67, 399, 138, 77
67, 148, 138, 42
67, 543, 138, 70
67, 33, 138, 73
67, 163, 138, 82
67, 302, 138, 84
67, 436, 138, 12
67, 60, 138, 36
67, 316, 138, 29
67, 195, 138, 36
67, 453, 138, 96
67, 332, 138, 10
67, 87, 138, 33
67, 346, 138, 83
67, 232, 138, 64
67, 361, 138, 85
67, 105, 138, 74
67, 235, 138, 46
67, 170, 139, 72
67, 270, 139, 56
67, 113, 139, 31
67, 564, 139, 74
67, 184, 139, 85
67, 379, 139, 64
67, 545, 140, 32
67, 482, 140, 62
67, 261, 140, 11
67, 486, 140, 92
67, 327, 140, 64
67, 485, 140, 28
67, 424, 140, 86
67, 526, 140, 60
67, 20, 140, 73
67, 53, 140, 36
67, 116, 140, 21
67, 382, 140, 93
67, 514, 141, 21
67, 130, 141, 24
67, 573, 141, 79
67, 78, 141, 16
67, 17, 141, 55
67, 310, 141, 48
67, 470, 141, 56
67, 282, 141, 82
67, 283, 141, 99
67, 252, 141, 37
67, 285, 141, 85
67, 584, 142, 1
67, 75, 142, 58
67, 203, 142, 71
67, 206, 142, 24
67, 80, 142, 72
67, 336, 142, 25
67, 177, 142, 100
67, 594, 142, 13
67, 210, 142, 20
67, 117, 142, 100
67, 534, 142, 55
67, 278, 142, 15
67, 316, 142, 29
67, 26, 142, 44
67, 444, 142, 49
67, 352, 143, 10
67, 322, 143, 77
67, 547, 143, 58
67, 132, 143, 66
67, 133, 143, 31
67, 297, 143, 61
67, 491, 143, 26
67, 48, 143, 3
67, 435, 143, 25
67, 116, 143, 21
67, 26, 143, 44
67, 411, 143, 93
67, 60, 143, 36
67, 287, 143, 21
67, 527, 144, 32
67, 154, 144, 8
67, 540, 144, 87
67, 36, 144, 5
67, 292, 144, 48
67, 424, 144, 86
67, 172, 144, 16
67, 309, 144, 47
67, 442, 144, 51
67, 572, 144, 57
67, 61, 144, 61
67, 65, 144, 33
67, 324, 144, 86
67, 463, 144, 38
67, 472, 144, 34
67, 482, 144, 62
67, 229, 144, 89
67, 362, 144, 92
67, 493, 144, 33
67, 241, 144, 91
67, 117, 144, 100
67, 125, 144, 19
67, 510, 144, 2
67, 255, 144, 50
67, 265, 145, 9
67, 268, 145, 92
67, 527, 145, 32
67, 528, 145, 15
67, 406, 145, 54
67, 407, 145, 77
67, 540, 145, 87
67, 31, 145, 26
67, 428, 145, 16
67, 301, 145, 90
67, 48, 145, 3
67, 58, 145, 47
67, 318, 145, 11
67, 331, 145, 36
67, 460, 145, 10
67, 469, 145, 4
67, 475, 145, 24
67, 95, 145, 90
67, 229, 145, 89
67, 507, 145, 94
67, 137, 146, 46
67, 527, 146, 32
67, 145, 146, 36
67, 277, 146, 65
67, 412, 146, 42
67, 549, 146, 46
67, 422, 146, 64
67, 43, 146, 40
67, 437, 146, 74
67, 444, 146, 49
67, 332, 146, 10
67, 212, 146, 94
67, 218, 146, 75
67, 346, 146, 83
67, 495, 146, 21
67, 112, 146, 76
67, 239, 146, 62
67, 369, 146, 67
67, 504, 146, 11
67, 507, 146, 94
67, 125, 146, 19
67, 417, 147, 89
67, 162, 147, 74
67, 66, 147, 70
67, 578, 147, 63
67, 2, 147, 51
67, 519, 147, 98
67, 104, 147, 2
67, 554, 147, 75
67, 588, 147, 5
67, 569, 147, 99
67, 495, 147, 21
67, 18, 147, 82
67, 243, 147, 49
67, 244, 147, 81
67, 25, 147, 94
67, 539, 147, 86
67, 348, 147, 97
67, 157, 147, 25
67, 129, 148, 90
67, 262, 148, 5
67, 272, 148, 21
67, 149, 148, 81
67, 405, 148, 90
67, 538, 148, 13
67, 28, 148, 13
67, 46, 148, 15
67, 434, 148, 10
67, 435, 148, 25
67, 576, 148, 2
67, 70, 148, 9
67, 332, 148, 10
67, 589, 148, 79
67, 590, 148, 11
67, 77, 148, 67
67, 465, 148, 86
67, 596, 148, 92
67, 480, 148, 34
67, 357, 148, 46
67, 366, 148, 77
67, 371, 148, 18
67, 122, 148, 46
67, 124, 148, 27
67, 131, 149, 40
67, 388, 149, 80
67, 272, 149, 21
67, 148, 149, 42
67, 32, 149, 26
67, 429, 149, 37
67, 431, 149, 78
67, 307, 149, 61
67, 308, 149, 54
67, 186, 149, 28
67, 318, 149, 11
67, 319, 149, 53
67, 320, 149, 35
67, 599, 149, 54
67, 87, 149, 33
67, 344, 149, 8
67, 487, 149, 34
67, 492, 149, 69
67, 239, 149, 62
67, 448, 150, 51
67, 66, 150, 70
67, 357, 150, 46
67, 485, 150, 28
67, 550, 150, 7
67, 456, 150, 64
67, 361, 150, 85
67, 202, 150, 28
67, 208, 150, 74
67, 306, 150, 42
67, 501, 150, 58
67, 150, 150, 18
67, 85, 150, 94
67, 505, 150, 41
67, 154, 150, 8
67, 444, 150, 49
67, 93, 150, 85
67, 256, 151, 56
67, 268, 151, 92
67, 147, 151, 60
67, 19, 151, 52
67, 22, 151, 38
67, 414, 151, 42
67, 423, 151, 57
67, 309, 151, 47
67, 311, 151, 89
67, 575, 151, 55
67, 450, 151, 87
67, 210, 151, 20
67, 598, 151, 93
67, 474, 151, 32
67, 218, 151, 75
67, 349, 151, 4
67, 352, 151, 10
67, 231, 151, 97
67, 365, 151, 85
67, 496, 151, 45
67, 512, 152, 60
67, 97, 152, 77
67, 353, 152, 90
67, 2, 152, 51
67, 227, 152, 52
67, 290, 152, 18
67, 267, 152, 97
67, 139, 152, 97
67, 238, 152, 37
67, 271, 152, 52
67, 591, 152, 22
67, 340, 152, 54
67, 151, 152, 73
67, 408, 152, 6
67, 473, 152, 89
67, 58, 152, 47
67, 188, 152, 97
67, 543, 152, 70
67, 26, 153, 44
67, 7, 153, 52
67, 583, 153, 58
67, 555, 153, 56
67, 314, 153, 57
67, 430, 153, 29
67, 379, 153, 64
67, 342, 153, 11
67, 88, 153, 70
67, 313, 153, 93
67, 378, 153, 11
67, 187, 153, 28
67, 65, 154, 33
67, 37, 154, 54
67, 7, 154, 52
67, 41, 154, 4
67, 299, 154, 22
67, 402, 154, 93
67, 86, 154, 91
67, 247, 154, 79
67, 129, 155, 90
67, 139, 155, 97
67, 12, 155, 9
67, 14, 155, 28
67, 144, 155, 15
67, 529, 155, 67
67, 20, 155, 73
67, 533, 155, 3
67, 151, 155, 73
67, 538, 155, 13
67, 422, 155, 64
67, 550, 155, 7
67, 167, 155, 45
67, 434, 155, 10
67, 180, 155, 29
67, 440, 155, 9
67, 320, 155, 35
67, 79, 155, 8
67, 338, 155, 86
67, 501, 155, 58
67, 123, 155, 52
67, 255, 155, 50
67, 137, 156, 46
67, 332, 156, 10
67, 108, 156, 18
67, 500, 156, 90
67, 501, 156, 58
67, 567, 156, 85
67, 158, 156, 8
67, 544, 157, 69
67, 484, 157, 28
67, 136, 157, 98
67, 76, 157, 31
67, 111, 157, 64
67, 145, 157, 36
67, 282, 157, 82
67, 542, 157, 32
67, 66, 158, 70
67, 90, 158, 95
67, 326, 158, 75
67, 39, 158, 56
67, 415, 158, 12
67, 171, 158, 80
67, 334, 158, 8
67, 176, 158, 40
67, 561, 158, 71
67, 16, 158, 5
67, 307, 158, 61
67, 499, 158, 96
67, 151, 158, 73
67, 570, 158, 98
67, 188, 158, 97
67, 93, 158, 85
67, 95, 158, 90
67, 255, 158, 50
67, 193, 159, 30
67, 161, 159, 9
67, 485, 159, 28
67, 584, 159, 1
67, 268, 159, 92
67, 13, 159, 10
67, 270, 159, 56
67, 304, 159, 36
67, 113, 159, 31
67, 466, 159, 77
67, 593, 159, 84
67, 502, 159, 89
67, 535, 159, 60
67, 417, 160, 89
67, 259, 160, 9
67, 357, 160, 46
67, 552, 160, 20
67, 460, 160, 10
67, 302, 160, 84
67, 303, 160, 39
67, 16, 160, 5
67, 402, 160, 93
67, 339, 160, 61
67, 22, 160, 38
67, 26, 160, 44
67, 411, 160, 93
67, 157, 160, 25
67, 254, 160, 92
67, 1, 161, 28
67, 481, 161, 37
67, 517, 161, 21
67, 122, 161, 46
67, 218, 161, 75
67, 237, 161, 99
67, 371, 161, 18
67, 341, 161, 57
67, 567, 161, 85
67, 26, 161, 44
67, 409, 162, 22
67, 156, 162, 14
67, 301, 162, 90
67, 429, 162, 37
67, 53, 162, 36
67, 438, 162, 73
67, 440, 162, 9
67, 444, 162, 49
67, 318, 162, 11
67, 195, 162, 36
67, 80, 162, 72
67, 468, 162, 46
67, 84, 162, 80
67, 226, 162, 94
67, 488, 162, 62
67, 233, 162, 73
67, 362, 162, 92
67, 238, 162, 37
67, 111, 162, 64
67, 256, 163, 56
67, 545, 163, 32
67, 393, 163, 30
67, 238, 163, 37
67, 46, 163, 15
67, 304, 163, 36
67, 174, 163, 26
67, 340, 163, 54
67, 382, 163, 93
67, 547, 164, 58
67, 6, 164, 69
67, 331, 164, 36
67, 468, 164, 46
67, 438, 164, 73
67, 346, 164, 83
67, 571, 164, 12
67, 223, 164, 42
67, 513, 165, 17
67, 3, 165, 29
67, 132, 165, 66
67, 259, 165, 9
67, 515, 165, 33
67, 264, 165, 20
67, 274, 165, 30
67, 26, 165, 44
67, 541, 165, 80
67, 545, 165, 32
67, 419, 165, 14
67, 431, 165, 78
67, 184, 165, 85
67, 443, 165, 92
67, 317, 165, 88
67, 198, 165, 93
67, 476, 165, 24
67, 360, 165, 6
67, 107, 165, 26
67, 108, 165, 18
67, 248, 165, 20
67, 509, 165, 77
67, 512, 166, 60
67, 0, 166, 19
67, 12, 166, 9
67, 270, 166, 56
67, 403, 166, 71
67, 534, 166, 55
67, 23, 166, 49
67, 300, 166, 100
67, 44, 166, 7
67, 558, 166, 99
67, 442, 166, 51
67, 323, 166, 43
67, 196, 166, 44
67, 328, 166, 47
67, 461, 166, 73
67, 337, 166, 37
67, 217, 166, 26
67, 91, 166, 16
67, 349, 166, 4
67, 110, 166, 94
67, 368, 166, 57
67, 251, 166, 19
67, 513, 167, 17
67, 2, 167, 51
67, 390, 167, 33
67, 397, 167, 90
67, 15, 167, 12
67, 149, 167, 81
67, 158, 167, 8
67, 553, 167, 9
67, 312, 167, 67
67, 571, 167, 12
67, 444, 167, 49
67, 448, 167, 51
67, 587, 167, 71
67, 464, 167, 84
67, 211, 167, 43
67, 108, 167, 18
67, 365, 167, 85
67, 495, 167, 21
67, 241, 167, 91
67, 248, 167, 20
67, 98, 168, 85
67, 133, 168, 31
67, 357, 168, 46
67, 585, 168, 32
67, 47, 168, 71
67, 81, 168, 36
67, 183, 168, 69
67, 570, 168, 98
67, 571, 168, 12
67, 510, 168, 2
67, 384, 169, 85
67, 520, 169, 25
67, 526, 169, 60
67, 16, 169, 5
67, 147, 169, 60
67, 534, 169, 55
67, 283, 169, 99
67, 291, 169, 3
67, 167, 169, 45
67, 556, 169, 84
67, 434, 169, 10
67, 436, 169, 12
67, 185, 169, 17
67, 569, 169, 99
67, 63, 169, 6
67, 595, 169, 13
67, 213, 169, 39
67, 214, 169, 32
67, 89, 169, 77
67, 347, 169, 24
67, 477, 169, 1
67, 95, 169, 90
67, 362, 169, 92
67, 503, 169, 72
67, 515, 170, 33
67, 264, 170, 20
67, 276, 170, 86
67, 152, 170, 90
67, 542, 170, 32
67, 549, 170, 46
67, 559, 170, 75
67, 303, 170, 39
67, 52, 170, 77
67, 313, 170, 93
67, 61, 170, 61
67, 193, 170, 30
67, 71, 170, 21
67, 586, 170, 36
67, 588, 170, 5
67, 339, 170, 61
67, 84, 170, 80
67, 477, 170, 1
67, 480, 170, 34
67, 489, 170, 69
67, 366, 170, 77
67, 497, 170, 71
67, 376, 170, 27
67, 254, 170, 92
67, 6, 171, 69
67, 13, 171, 10
67, 14, 171, 28
67, 527, 171, 32
67, 147, 171, 60
67, 150, 171, 18
67, 278, 171, 15
67, 538, 171, 13
67, 548, 171, 10
67, 300, 171, 100
67, 308, 171, 54
67, 181, 171, 9
67, 59, 171, 100
67, 576, 171, 2
67, 581, 171, 71
67, 206, 171, 24
67, 465, 171, 86
67, 97, 171, 77
67, 485, 171, 28
67, 0, 172, 19
67, 514, 172, 21
67, 390, 172, 33
67, 265, 172, 9
67, 138, 172, 92
67, 267, 172, 97
67, 15, 172, 12
67, 404, 172, 69
67, 289, 172, 62
67, 547, 172, 58
67, 551, 172, 52
67, 429, 172, 37
67, 52, 172, 77
67, 572, 172, 57
67, 64, 172, 30
67, 70, 172, 9
67, 75, 172, 58
67, 76, 172, 31
67, 341, 172, 57
67, 357, 172, 46
67, 105, 172, 74
67, 490, 172, 57
67, 492, 172, 69
67, 241, 172, 91
67, 126, 172, 9
67, 385, 173, 46
67, 354, 173, 96
67, 68, 173, 78
67, 408, 173, 6
67, 421, 173, 87
67, 331, 173, 36
67, 142, 173, 68
67, 593, 173, 84
67, 242, 173, 23
67, 533, 173, 3
67, 536, 173, 73
67, 56, 173, 98
67, 571, 173, 12
67, 387, 174, 92
67, 197, 174, 71
67, 390, 174, 33
67, 485, 174, 28
67, 456, 174, 64
67, 79, 174, 8
67, 304, 174, 36
67, 274, 174, 30
67, 341, 174, 57
67, 439, 174, 37
67, 185, 174, 17
67, 414, 174, 42
67, 488, 175, 62
67, 233, 175, 73
67, 139, 175, 97
67, 491, 175, 26
67, 80, 175, 72
67, 369, 175, 67
67, 466, 175, 77
67, 530, 175, 43
67, 242, 175, 23
67, 434, 175, 10
67, 467, 175, 46
67, 183, 175, 69
67, 24, 175, 16
67, 506, 175, 75
67, 258, 176, 46
67, 227, 176, 52
67, 450, 176, 87
67, 510, 176, 2
67, 40, 176, 40
67, 552, 176, 20
67, 523, 176, 87
67, 524, 176, 58
67, 175, 176, 42
67, 499, 176, 96
67, 56, 176, 98
67, 94, 176, 74
67, 486, 177, 92
67, 107, 177, 26
67, 493, 177, 33
67, 397, 177, 90
67, 557, 177, 14
67, 20, 177, 73
67, 120, 177, 65
67, 507, 177, 94
67, 392, 178, 3
67, 474, 178, 32
67, 594, 178, 13
67, 115, 178, 75
67, 87, 178, 33
67, 89, 178, 77
67, 410, 178, 66
67, 28, 178, 13
67, 350, 178, 67
67, 543, 178, 70
67, 544, 179, 69
67, 165, 179, 43
67, 237, 179, 99
67, 464, 179, 84
67, 183, 179, 69
67, 379, 179, 64
67, 257, 180, 55
67, 131, 180, 40
67, 3, 180, 29
67, 14, 180, 28
67, 274, 180, 30
67, 533, 180, 3
67, 34, 180, 37
67, 550, 180, 7
67, 173, 180, 11
67, 442, 180, 51
67, 447, 180, 100
67, 576, 180, 2
67, 578, 180, 63
67, 80, 180, 72
67, 594, 180, 13
67, 466, 180, 77
67, 85, 180, 94
67, 91, 180, 16
67, 92, 180, 22
67, 227, 180, 52
67, 105, 180, 74
67, 368, 180, 57
67, 246, 180, 12
67, 509, 180, 77
67, 382, 180, 93
67, 416, 181, 42
67, 69, 181, 55
67, 326, 181, 75
67, 588, 181, 5
67, 525, 181, 58
67, 463, 181, 38
67, 592, 181, 2
67, 474, 181, 32
67, 570, 181, 98
67, 342, 181, 11
67, 58, 181, 47
67, 571, 181, 12
67, 447, 181, 100
67, 1, 182, 28
67, 421, 182, 87
67, 351, 182, 72
67, 327, 182, 64
67, 106, 182, 11
67, 459, 182, 9
67, 236, 182, 98
67, 47, 182, 71
67, 146, 182, 23
67, 370, 182, 27
67, 150, 182, 18
67, 572, 182, 57
67, 474, 182, 32
67, 476, 182, 24
67, 92, 182, 22
67, 446, 182, 92
67, 479, 182, 77
67, 576, 183, 2
67, 322, 183, 77
67, 226, 183, 94
67, 164, 183, 71
67, 230, 183, 30
67, 72, 183, 68
67, 104, 183, 2
67, 493, 183, 33
67, 494, 183, 78
67, 241, 183, 91
67, 563, 183, 31
67, 373, 183, 57
67, 189, 183, 27
67, 59, 183, 100
67, 284, 183, 94
67, 93, 183, 85
67, 414, 183, 42
67, 383, 183, 34
67, 547, 184, 58
67, 355, 184, 99
67, 261, 184, 11
67, 582, 184, 88
67, 297, 184, 61
67, 521, 184, 54
67, 299, 184, 22
67, 457, 184, 73
67, 361, 184, 85
67, 494, 184, 78
67, 156, 184, 14
67, 307, 184, 61
67, 436, 184, 12
67, 342, 184, 11
67, 30, 184, 52
67, 316, 184, 29
67, 94, 184, 74
67, 225, 185, 37
67, 104, 185, 2
67, 297, 185, 61
67, 238, 185, 37
67, 54, 185, 90
67, 185, 185, 17
67, 474, 185, 32
67, 123, 185, 52
67, 222, 185, 10
67, 384, 186, 85
67, 11, 186, 48
67, 18, 186, 82
67, 531, 186, 12
67, 278, 186, 15
67, 22, 186, 38
67, 29, 186, 40
67, 170, 186, 72
67, 43, 186, 40
67, 439, 186, 37
67, 312, 186, 67
67, 59, 186, 100
67, 444, 186, 49
67, 448, 186, 51
67, 580, 186, 7
67, 455, 186, 16
67, 459, 186, 9
67, 589, 186, 79
67, 591, 186, 22
67, 338, 186, 86
67, 595, 186, 13
67, 596, 186, 92
67, 99, 186, 29
67, 126, 187, 9
67, 297, 187, 61
67, 363, 187, 12
67, 239, 187, 62
67, 52, 187, 77
67, 405, 187, 90
67, 213, 187, 39
67, 378, 187, 11
67, 317, 187, 88
67, 477, 187, 1
67, 254, 187, 92
67, 513, 188, 17
67, 387, 188, 92
67, 397, 188, 90
67, 532, 188, 95
67, 408, 188, 6
67, 290, 188, 18
67, 164, 188, 71
67, 301, 188, 90
67, 54, 188, 90
67, 450, 188, 87
67, 70, 188, 9
67, 329, 188, 32
67, 586, 188, 36
67, 206, 188, 24
67, 596, 188, 92
67, 85, 188, 94
67, 212, 188, 94
67, 353, 188, 90
67, 355, 188, 99
67, 123, 188, 52
67, 237, 188, 99
67, 243, 188, 49
67, 372, 188, 45
67, 507, 188, 94
67, 128, 189, 1
67, 355, 189, 99
67, 228, 189, 3
67, 328, 189, 47
67, 169, 189, 10
67, 250, 189, 53
67, 139, 189, 97
67, 78, 189, 16
67, 272, 189, 21
67, 341, 189, 57
67, 377, 189, 59
67, 570, 189, 98
67, 573, 189, 79
67, 542, 189, 32
67, 513, 190, 17
67, 385, 190, 46
67, 388, 190, 80
67, 8, 190, 26
67, 233, 190, 73
67, 522, 190, 96
67, 395, 190, 14
67, 460, 190, 10
67, 301, 190, 90
67, 529, 190, 67
67, 115, 190, 75
67, 309, 190, 47
67, 502, 190, 89
67, 567, 190, 85
67, 186, 190, 28
67, 92, 190, 22
67, 285, 190, 85
67, 190, 190, 50
67, 344, 191, 8
67, 363, 191, 12
67, 428, 191, 16
67, 575, 191, 55
67, 528, 191, 15
67, 51, 191, 68
67, 119, 191, 86
67, 407, 191, 77
67, 280, 191, 8
67, 349, 191, 4
67, 445, 191, 66
67, 545, 192, 32
67, 449, 192, 77
67, 130, 192, 24
67, 393, 192, 30
67, 76, 192, 31
67, 77, 192, 67
67, 204, 192, 91
67, 496, 192, 45
67, 337, 192, 37
67, 384, 193, 85
67, 162, 193, 74
67, 194, 193, 51
67, 10, 193, 56
67, 204, 193, 91
67, 109, 193, 4
67, 560, 193, 84
67, 183, 193, 69
67, 153, 193, 79
67, 285, 193, 85
67, 127, 193, 96
67, 229, 194, 89
67, 106, 194, 11
67, 395, 194, 14
67, 364, 194, 64
67, 526, 194, 60
67, 529, 194, 67
67, 278, 194, 15
67, 284, 194, 94
67, 191, 194, 77
67, 387, 195, 92
67, 143, 195, 21
67, 400, 195, 39
67, 24, 195, 16
67, 409, 195, 22
67, 539, 195, 86
67, 288, 195, 8
67, 548, 195, 10
67, 558, 195, 99
67, 49, 195, 96
67, 561, 195, 71
67, 183, 195, 69
67, 578, 195, 63
67, 457, 195, 73
67, 73, 195, 23
67, 464, 195, 84
67, 344, 195, 8
67, 217, 195, 26
67, 476, 195, 24
67, 483, 195, 57
67, 363, 195, 12
67, 507, 195, 94
67, 257, 196, 55
67, 389, 196, 24
67, 14, 196, 28
67, 144, 196, 15
67, 409, 196, 22
67, 287, 196, 21
67, 50, 196, 48
67, 576, 196, 2
67, 65, 196, 33
67, 450, 196, 87
67, 197, 196, 71
67, 460, 196, 10
67, 589, 196, 79
67, 83, 196, 43
67, 344, 196, 8
67, 350, 196, 67
67, 95, 196, 90
67, 354, 196, 96
67, 493, 196, 33
67, 237, 196, 99
67, 248, 196, 20
67, 378, 196, 11
67, 545, 197, 32
67, 354, 197, 96
67, 1, 197, 28
67, 515, 197, 33
67, 65, 197, 33
67, 456, 197, 64
67, 265, 197, 9
67, 201, 197, 21
67, 392, 197, 3
67, 398, 197, 28
67, 432, 197, 23
67, 243, 197, 49
67, 83, 197, 43
67, 501, 197, 58
67, 341, 197, 57
67, 307, 197, 61
67, 221, 197, 54
67, 319, 197, 53
67, 193, 198, 30
67, 451, 198, 14
67, 70, 198, 9
67, 470, 198, 56
67, 251, 198, 19
67, 191, 198, 77
67, 448, 199, 51
67, 423, 199, 57
67, 78, 199, 16
67, 238, 199, 37
67, 112, 199, 76
67, 110, 199, 94
67, 369, 199, 67
67, 533, 199, 3
67, 150, 199, 18
67, 30, 199, 52
67, 289, 200, 62
67, 66, 200, 70
67, 98, 200, 85
67, 134, 200, 49
67, 296, 200, 87
67, 104, 200, 2
67, 181, 200, 9
67, 251, 200, 19
67, 31, 200, 26
67, 386, 201, 66
67, 262, 201, 5
67, 397, 201, 90
67, 269, 201, 7
67, 147, 201, 60
67, 286, 201, 69
67, 417, 201, 89
67, 558, 201, 99
67, 317, 201, 88
67, 454, 201, 54
67, 79, 201, 8
67, 347, 201, 24
67, 100, 201, 41
67, 103, 201, 80
67, 363, 201, 12
67, 108, 201, 18
67, 120, 201, 65
67, 122, 201, 46
67, 126, 201, 9
67, 119, 202, 86
67, 247, 202, 79
67, 154, 202, 8
67, 126, 202, 9
67, 319, 202, 53
67, 516, 203, 80
67, 395, 203, 14
67, 14, 203, 28
67, 274, 203, 30
67, 275, 203, 83
67, 159, 203, 88
67, 34, 203, 37
67, 555, 203, 56
67, 176, 203, 40
67, 59, 203, 100
67, 576, 203, 2
67, 581, 203, 71
67, 351, 203, 72
67, 493, 203, 33
67, 369, 203, 67
67, 371, 203, 18
67, 244, 203, 81
67, 500, 203, 90
67, 504, 203, 11
67, 249, 203, 62
67, 509, 203, 77
67, 353, 204, 90
67, 578, 204, 63
67, 165, 204, 43
67, 511, 204, 43
67, 141, 204, 3
67, 368, 204, 57
67, 496, 204, 45
67, 82, 204, 7
67, 340, 204, 54
67, 117, 204, 100
67, 25, 204, 94
67, 506, 204, 75
67, 381, 204, 7
67, 543, 204, 70
67, 352, 205, 10
67, 34, 205, 37
67, 233, 205, 73
67, 302, 205, 84
67, 593, 205, 84
67, 113, 205, 31
67, 245, 205, 52
67, 311, 205, 89
67, 572, 205, 57
67, 191, 205, 77
67, 450, 206, 87
67, 386, 206, 66
67, 580, 206, 7
67, 136, 206, 98
67, 306, 206, 42
67, 275, 206, 83
67, 571, 206, 12
67, 447, 206, 100
67, 131, 207, 40
67, 230, 207, 30
67, 518, 207, 72
67, 328, 207, 47
67, 361, 207, 85
67, 488, 207, 62
67, 237, 207, 99
67, 430, 207, 29
67, 528, 207, 15
67, 146, 207, 23
67, 403, 207, 71
67, 564, 207, 74
67, 82, 207, 7
67, 249, 207, 62
67, 154, 207, 8
67, 411, 207, 93
67, 348, 207, 97
67, 575, 207, 55
67, 418, 208, 43
67, 232, 208, 64
67, 107, 208, 26
67, 82, 208, 7
67, 567, 208, 85
67, 514, 209, 21
67, 517, 209, 21
67, 530, 209, 43
67, 537, 209, 70
67, 29, 209, 40
67, 40, 209, 40
67, 430, 209, 29
67, 559, 209, 75
67, 444, 209, 49
67, 192, 209, 15
67, 457, 209, 73
67, 336, 209, 25
67, 80, 209, 72
67, 208, 209, 74
67, 595, 209, 13
67, 85, 209, 94
67, 213, 209, 39
67, 346, 209, 83
67, 222, 209, 10
67, 231, 209, 97
67, 493, 209, 33
67, 115, 209, 75
67, 256, 210, 56
67, 289, 210, 62
67, 514, 210, 21
67, 98, 210, 85
67, 482, 210, 62
67, 357, 210, 46
67, 455, 210, 16
67, 584, 210, 1
67, 523, 210, 87
67, 107, 210, 26
67, 144, 210, 15
67, 466, 210, 77
67, 51, 210, 68
67, 211, 210, 43
67, 470, 210, 56
67, 378, 210, 11
67, 188, 210, 97
67, 447, 210, 100
67, 451, 211, 14
67, 548, 211, 10
67, 69, 211, 55
67, 104, 211, 2
67, 106, 211, 11
67, 172, 211, 16
67, 366, 211, 77
67, 112, 211, 76
67, 468, 211, 46
67, 276, 211, 86
67, 52, 211, 77
67, 344, 211, 8
67, 128, 212, 1
67, 33, 212, 73
67, 449, 212, 77
67, 485, 212, 28
67, 550, 212, 7
67, 105, 212, 74
67, 266, 212, 17
67, 589, 212, 79
67, 79, 212, 8
67, 336, 212, 25
67, 305, 212, 50
67, 338, 212, 86
67, 212, 212, 94
67, 279, 212, 63
67, 184, 212, 85
67, 511, 212, 43
67, 512, 213, 60
67, 163, 213, 82
67, 132, 213, 66
67, 582, 213, 88
67, 7, 213, 52
67, 488, 213, 62
67, 178, 213, 84
67, 210, 213, 20
67, 563, 213, 31
67, 437, 213, 74
67, 566, 213, 11
67, 343, 213, 43
67, 56, 213, 98
67, 475, 213, 24
67, 596, 213, 92
67, 91, 213, 16
67, 94, 213, 74
67, 288, 214, 8
67, 318, 214, 11
67, 128, 214, 1
67, 581, 214, 71
67, 459, 214, 9
67, 111, 214, 64
67, 115, 214, 75
67, 437, 214, 74
67, 374, 214, 80
67, 22, 214, 38
67, 316, 214, 29
67, 542, 214, 32
67, 448, 215, 51
67, 587, 215, 71
67, 401, 215, 50
67, 565, 215, 64
67, 568, 215, 58
67, 64, 216, 30
67, 132, 216, 66
67, 42, 216, 36
67, 332, 216, 10
67, 557, 216, 14
67, 237, 216, 99
67, 175, 216, 42
67, 592, 216, 2
67, 593, 216, 84
67, 340, 216, 54
67, 84, 216, 80
67, 569, 216, 99
67, 26, 216, 44
67, 156, 216, 14
67, 574, 216, 14
67, 196, 217, 44
67, 101, 217, 49
67, 421, 217, 87
67, 197, 217, 71
67, 71, 217, 21
67, 299, 217, 22
67, 524, 217, 58
67, 108, 217, 18
67, 494, 217, 78
67, 364, 217, 64
67, 112, 217, 76
67, 242, 217, 23
67, 435, 217, 25
67, 84, 217, 80
67, 151, 217, 73
67, 536, 217, 73
67, 154, 217, 8
67, 413, 217, 11
67, 100, 218, 41
67, 267, 218, 97
67, 139, 218, 97
67, 186, 218, 28
67, 123, 218, 52
67, 482, 219, 62
67, 354, 219, 96
67, 421, 219, 87
67, 230, 219, 30
67, 488, 219, 62
67, 73, 219, 23
67, 266, 219, 17
67, 43, 219, 40
67, 107, 219, 26
67, 429, 219, 37
67, 314, 219, 57
67, 242, 219, 23
67, 466, 219, 77
67, 182, 219, 9
67, 26, 219, 44
67, 513, 220, 17
67, 484, 220, 28
67, 295, 220, 19
67, 8, 220, 26
67, 472, 220, 34
67, 524, 220, 58
67, 270, 220, 56
67, 176, 220, 40
67, 466, 220, 77
67, 598, 220, 93
67, 503, 220, 72
67, 86, 220, 91
67, 281, 220, 22
67, 120, 220, 65
67, 445, 220, 66
67, 446, 220, 92
67, 481, 221, 37
67, 292, 221, 48
67, 166, 221, 16
67, 519, 221, 98
67, 574, 221, 14
67, 265, 221, 9
67, 426, 221, 27
67, 336, 221, 25
67, 49, 221, 96
67, 114, 221, 9
67, 274, 221, 30
67, 306, 221, 42
67, 120, 221, 65
67, 220, 221, 83
67, 62, 221, 27
67, 483, 222, 57
67, 523, 222, 87
67, 364, 222, 64
67, 205, 222, 5
67, 12, 222, 9
67, 302, 222, 84
67, 277, 222, 65
67, 406, 222, 54
67, 56, 222, 98
67, 379, 222, 64
67, 412, 222, 42
67, 125, 222, 19
67, 158, 222, 8
67, 351, 222, 72
67, 320, 223, 35
67, 135, 223, 21
67, 232, 223, 64
67, 554, 223, 75
67, 395, 223, 14
67, 109, 223, 4
67, 462, 223, 85
67, 302, 223, 84
67, 112, 223, 76
67, 494, 223, 78
67, 80, 223, 72
67, 212, 223, 94
67, 309, 223, 47
67, 373, 223, 57
67, 439, 223, 37
67, 536, 223, 73
67, 153, 223, 79
67, 279, 223, 63
67, 416, 224, 42
67, 6, 224, 69
67, 264, 224, 20
67, 461, 224, 73
67, 49, 224, 96
67, 533, 224, 3
67, 475, 224, 24
67, 453, 225, 96
67, 490, 225, 57
67, 428, 225, 16
67, 108, 225, 18
67, 15, 225, 12
67, 64, 226, 30
67, 65, 226, 33
67, 163, 226, 82
67, 420, 226, 56
67, 451, 226, 14
67, 455, 226, 16
67, 487, 226, 34
67, 104, 226, 2
67, 400, 226, 39
67, 177, 226, 100
67, 20, 226, 73
67, 245, 226, 52
67, 441, 226, 45
67, 572, 226, 57
67, 286, 226, 69
67, 328, 227, 47
67, 233, 227, 73
67, 10, 227, 56
67, 79, 227, 8
67, 177, 227, 100
67, 338, 227, 86
67, 339, 227, 61
67, 309, 227, 47
67, 187, 227, 28
67, 252, 227, 37
67, 129, 228, 90
67, 521, 228, 54
67, 142, 228, 68
67, 23, 228, 49
67, 156, 228, 14
67, 32, 228, 26
67, 299, 228, 22
67, 429, 228, 37
67, 50, 228, 48
67, 437, 228, 74
67, 318, 228, 11
67, 319, 228, 53
67, 582, 228, 88
67, 335, 228, 64
67, 85, 228, 94
67, 348, 228, 97
67, 96, 228, 88
67, 484, 228, 28
67, 229, 228, 89
67, 375, 228, 58
67, 125, 228, 19
67, 352, 229, 10
67, 96, 229, 88
67, 98, 229, 85
67, 483, 229, 57
67, 262, 229, 5
67, 457, 229, 73
67, 522, 229, 96
67, 42, 229, 36
67, 560, 229, 84
67, 209, 229, 59
67, 18, 229, 82
67, 371, 229, 18
67, 497, 229, 71
67, 81, 229, 36
67, 502, 229, 89
67, 438, 229, 73
67, 27, 229, 53
67, 287, 229, 21
67, 354, 230, 96
67, 100, 230, 41
67, 105, 230, 74
67, 271, 230, 52
67, 434, 230, 10
67, 470, 230, 56
67, 253, 230, 48
67, 187, 230, 28
67, 573, 230, 79
67, 318, 230, 11
67, 256, 231, 56
67, 270, 231, 56
67, 148, 231, 42
67, 416, 231, 42
67, 168, 231, 43
67, 301, 231, 90
67, 45, 231, 50
67, 565, 231, 64
67, 183, 231, 69
67, 575, 231, 55
67, 193, 231, 30
67, 66, 231, 70
67, 68, 231, 78
67, 196, 231, 44
67, 326, 231, 75
67, 76, 231, 31
67, 79, 231, 8
67, 80, 231, 72
67, 105, 231, 74
67, 241, 231, 91
67, 395, 232, 14
67, 18, 232, 82
67, 149, 232, 81
67, 550, 232, 7
67, 301, 232, 90
67, 182, 232, 9
67, 313, 232, 93
67, 66, 232, 70
67, 70, 232, 9
67, 463, 232, 38
67, 337, 232, 37
67, 343, 232, 43
67, 87, 232, 33
67, 221, 232, 54
67, 376, 232, 27
67, 234, 232, 59
67, 367, 232, 96
67, 118, 232, 59
67, 504, 232, 11
67, 377, 232, 59
67, 379, 232, 64
67, 130, 233, 24
67, 387, 233, 92
67, 388, 233, 80
67, 135, 233, 21
67, 12, 233, 9
67, 15, 233, 12
67, 276, 233, 86
67, 32, 233, 26
67, 289, 233, 62
67, 419, 233, 14
67, 563, 233, 31
67, 575, 233, 55
67, 584, 233, 1
67, 209, 233, 59
67, 597, 233, 74
67, 344, 233, 8
67, 347, 233, 24
67, 349, 233, 4
67, 95, 233, 90
67, 99, 233, 29
67, 382, 233, 93
67, 127, 233, 96
67, 131, 234, 40
67, 17, 234, 55
67, 22, 234, 38
67, 407, 234, 77
67, 284, 234, 94
67, 414, 234, 42
67, 159, 234, 88
67, 32, 234, 26
67, 166, 234, 16
67, 299, 234, 22
67, 171, 234, 80
67, 174, 234, 26
67, 51, 234, 68
67, 566, 234, 11
67, 444, 234, 49
67, 454, 234, 54
67, 329, 234, 32
67, 208, 234, 74
67, 85, 234, 94
67, 474, 234, 32
67, 224, 234, 67
67, 355, 234, 99
67, 494, 234, 78
67, 368, 234, 57
67, 0, 235, 19
67, 129, 235, 90
67, 390, 235, 33
67, 8, 235, 26
67, 521, 235, 54
67, 12, 235, 9
67, 270, 235, 56
67, 535, 235, 60
67, 542, 235, 32
67, 551, 235, 52
67, 440, 235, 9
67, 184, 235, 85
67, 452, 235, 28
67, 459, 235, 9
67, 335, 235, 64
67, 595, 235, 13
67, 479, 235, 77
67, 106, 235, 11
67, 362, 235, 92
67, 494, 235, 78
67, 111, 235, 64
67, 113, 235, 31
67, 373, 235, 57
67, 3, 236, 29
67, 265, 236, 9
67, 170, 236, 72
67, 558, 236, 99
67, 208, 236, 74
67, 19, 236, 52
67, 311, 236, 89
67, 27, 236, 53
67, 92, 236, 22
67, 573, 236, 79
67, 579, 237, 80
67, 358, 237, 73
67, 70, 237, 9
67, 184, 237, 85
67, 249, 237, 62
67, 58, 237, 47
67, 258, 238, 46
67, 12, 238, 9
67, 271, 238, 52
67, 273, 238, 43
67, 538, 238, 13
67, 289, 238, 62
67, 36, 238, 5
67, 305, 238, 50
67, 570, 238, 98
67, 571, 238, 12
67, 445, 238, 66
67, 450, 238, 87
67, 587, 238, 71
67, 595, 238, 13
67, 85, 238, 94
67, 216, 238, 34
67, 89, 238, 77
67, 223, 238, 42
67, 101, 238, 49
67, 104, 238, 2
67, 109, 238, 4
67, 124, 238, 27
67, 258, 239, 46
67, 269, 239, 7
67, 14, 239, 28
67, 542, 239, 32
67, 415, 239, 12
67, 36, 239, 5
67, 304, 239, 36
67, 61, 239, 61
67, 595, 239, 13
67, 596, 239, 92
67, 470, 239, 56
67, 216, 239, 34
67, 346, 239, 83
67, 224, 239, 67
67, 481, 239, 37
67, 96, 239, 88
67, 485, 239, 28
67, 234, 239, 59
67, 502, 239, 89
67, 381, 239, 7
67, 32, 240, 26
67, 578, 240, 63
67, 101, 240, 49
67, 134, 240, 49
67, 421, 240, 87
67, 359, 240, 79
67, 138, 240, 92
67, 236, 240, 98
67, 239, 240, 62
67, 79, 240, 8
67, 593, 240, 84
67, 80, 240, 72
67, 147, 240, 60
67, 116, 240, 21
67, 565, 240, 64
67, 530, 240, 43
67, 61, 240, 61
67, 514, 241, 21
67, 580, 241, 7
67, 329, 241, 32
67, 361, 241, 85
67, 106, 241, 11
67, 271, 241, 52
67, 498, 241, 48
67, 531, 241, 12
67, 51, 241, 68
67, 132, 242, 66
67, 197, 242, 71
67, 520, 242, 25
67, 73, 242, 23
67, 268, 242, 92
67, 120, 242, 65
67, 60, 242, 36
67, 81, 242, 36
67, 499, 242, 96
67, 311, 242, 89
67, 440, 242, 9
67, 215, 242, 5
67, 220, 242, 83
67, 317, 242, 88
67, 192, 243, 15
67, 547, 243, 58
67, 266, 243, 17
67, 109, 243, 4
67, 594, 243, 13
67, 86, 243, 91
67, 25, 243, 94
67, 418, 244, 43
67, 440, 244, 9
67, 458, 244, 41
67, 428, 244, 16
67, 110, 244, 94
67, 559, 244, 75
67, 592, 244, 2
67, 337, 244, 37
67, 470, 244, 56
67, 95, 244, 90
67, 120, 244, 65
67, 153, 244, 79
67, 90, 244, 95
67, 444, 244, 49
67, 93, 244, 85
67, 184, 244, 85
67, 223, 244, 42
67, 321, 245, 45
67, 290, 245, 18
67, 43, 245, 40
67, 268, 245, 92
67, 493, 245, 33
67, 143, 245, 21
67, 414, 245, 42
67, 33, 246, 73
67, 197, 246, 71
67, 7, 246, 52
67, 236, 246, 98
67, 80, 246, 72
67, 86, 246, 91
67, 311, 246, 89
67, 312, 246, 67
67, 537, 246, 70
67, 262, 247, 5
67, 525, 247, 58
67, 284, 247, 94
67, 287, 247, 21
67, 422, 247, 64
67, 298, 247, 44
67, 171, 247, 80
67, 186, 247, 28
67, 573, 247, 79
67, 328, 247, 47
67, 457, 247, 73
67, 203, 247, 71
67, 462, 247, 85
67, 464, 247, 84
67, 212, 247, 94
67, 477, 247, 1
67, 355, 247, 99
67, 229, 247, 89
67, 488, 247, 62
67, 380, 247, 59
67, 381, 247, 7
67, 524, 248, 58
67, 365, 248, 85
67, 301, 248, 90
67, 274, 248, 30
67, 435, 248, 25
67, 246, 248, 12
67, 569, 248, 99
67, 257, 249, 55
67, 34, 249, 37
67, 335, 249, 64
67, 431, 249, 78
67, 597, 249, 74
67, 377, 249, 59
67, 251, 249, 19
67, 571, 249, 12
67, 545, 250, 32
67, 34, 250, 37
67, 393, 250, 30
67, 536, 250, 73
67, 508, 250, 37
67, 417, 251, 89
67, 449, 251, 77
67, 103, 251, 80
67, 494, 251, 78
67, 336, 251, 25
67, 116, 251, 21
67, 343, 251, 43
67, 27, 251, 53
67, 575, 251, 55
67, 257, 252, 55
67, 141, 252, 3
67, 409, 252, 22
67, 544, 252, 69
67, 418, 252, 43
67, 547, 252, 58
67, 428, 252, 16
67, 303, 252, 39
67, 181, 252, 9
67, 442, 252, 51
67, 316, 252, 29
67, 319, 252, 53
67, 63, 252, 6
67, 580, 252, 7
67, 73, 252, 23
67, 330, 252, 44
67, 590, 252, 11
67, 336, 252, 25
67, 340, 252, 54
67, 473, 252, 89
67, 90, 252, 95
67, 104, 252, 2
67, 192, 253, 15
67, 321, 253, 45
67, 481, 253, 37
67, 193, 253, 30
67, 165, 253, 43
67, 486, 253, 92
67, 231, 253, 97
67, 137, 253, 46
67, 426, 253, 27
67, 396, 253, 74
67, 112, 253, 76
67, 530, 253, 43
67, 372, 253, 45
67, 567, 253, 85
67, 344, 253, 8
67, 445, 253, 66
67, 319, 254, 53
67, 6, 254, 69
67, 549, 254, 46
67, 8, 254, 26
67, 172, 254, 16
67, 364, 254, 64
67, 397, 254, 90
67, 402, 254, 93
67, 23, 254, 49
67, 566, 254, 11
67, 407, 254, 77
67, 120, 254, 65
67, 183, 254, 69
67, 511, 254, 43
67, 480, 255, 34
67, 69, 255, 55
67, 201, 255, 21
67, 19, 255, 52
67, 343, 255, 43
67, 539, 255, 86
67, 220, 255, 83
67, 413, 255, 11
67, 4, 256, 68
67, 264, 256, 20
67, 530, 256, 43
67, 534, 256, 55
67, 407, 256, 77
67, 412, 256, 42
67, 417, 256, 89
67, 37, 256, 54
67, 49, 256, 96
67, 177, 256, 100
67, 54, 256, 90
67, 184, 256, 85
67, 315, 256, 25
67, 198, 256, 93
67, 200, 256, 4
67, 331, 256, 36
67, 588, 256, 5
67, 590, 256, 11
67, 84, 256, 80
67, 468, 256, 46
67, 470, 256, 56
67, 485, 256, 28
67, 494, 256, 78
67, 240, 256, 7
67, 8, 257, 26
67, 401, 257, 50
67, 411, 257, 93
67, 289, 257, 62
67, 547, 257, 58
67, 165, 257, 43
67, 551, 257, 52
67, 45, 257, 50
67, 303, 257, 39
67, 175, 257, 42
67, 177, 257, 100
67, 56, 257, 98
67, 207, 257, 18
67, 593, 257, 84
67, 345, 257, 34
67, 228, 257, 3
67, 357, 257, 46
67, 361, 257, 85
67, 119, 257, 86
67, 392, 258, 3
67, 140, 258, 65
67, 269, 258, 7
67, 271, 258, 52
67, 403, 258, 71
67, 23, 258, 49
67, 281, 258, 22
67, 419, 258, 14
67, 570, 258, 98
67, 578, 258, 63
67, 461, 258, 73
67, 463, 258, 38
67, 83, 258, 43
67, 93, 258, 85
67, 226, 258, 94
67, 100, 258, 41
67, 101, 258, 49
67, 229, 258, 89
67, 235, 258, 46
67, 237, 258, 99
67, 378, 258, 11
67, 135, 259, 21
67, 267, 259, 97
67, 140, 259, 65
67, 273, 259, 43
67, 537, 259, 70
67, 283, 259, 99
67, 286, 259, 69
67, 171, 259, 80
67, 440, 259, 9
67, 200, 259, 4
67, 203, 259, 71
67, 460, 259, 10
67, 78, 259, 16
67, 81, 259, 36
67, 215, 259, 5
67, 349, 259, 4
67, 489, 259, 69
67, 113, 259, 31
67, 371, 259, 18
67, 581, 260, 71
67, 270, 260, 56
67, 243, 260, 49
67, 212, 260, 94
67, 214, 260, 32
67, 344, 260, 8
67, 412, 260, 42
67, 136, 261, 98
67, 203, 261, 71
67, 44, 261, 7
67, 45, 261, 50
67, 308, 261, 54
67, 61, 261, 61
67, 407, 262, 77
67, 449, 262, 77
67, 162, 262, 74
67, 541, 262, 80
67, 514, 262, 21
67, 153, 262, 79
67, 135, 262, 21
67, 39, 262, 56
67, 71, 262, 21
67, 494, 262, 78
67, 54, 262, 90
67, 566, 262, 11
67, 470, 262, 56
67, 505, 262, 41
67, 282, 262, 82
67, 284, 262, 94
67, 381, 262, 7
67, 63, 262, 6
67, 290, 263, 18
67, 451, 263, 14
67, 101, 263, 49
67, 135, 263, 21
67, 391, 263, 73
67, 554, 263, 75
67, 235, 263, 46
67, 460, 263, 10
67, 237, 263, 99
67, 82, 263, 7
67, 500, 263, 90
67, 374, 263, 80
67, 311, 263, 89
67, 534, 263, 55
67, 219, 263, 13
67, 125, 263, 19
67, 250, 264, 53
67, 363, 264, 12
67, 172, 264, 16
67, 45, 264, 50
67, 590, 264, 11
67, 399, 264, 77
67, 528, 264, 15
67, 174, 264, 26
67, 524, 264, 58
67, 81, 264, 36
67, 181, 264, 9
67, 117, 264, 100
67, 471, 264, 92
67, 474, 264, 32
67, 136, 265, 98
67, 10, 265, 56
67, 527, 265, 32
67, 17, 265, 55
67, 535, 265, 60
67, 23, 265, 49
67, 302, 265, 84
67, 176, 265, 40
67, 57, 265, 72
67, 573, 265, 79
67, 317, 265, 88
67, 574, 265, 14
67, 452, 265, 28
67, 74, 265, 84
67, 337, 265, 37
67, 223, 265, 42
67, 225, 265, 37
67, 481, 265, 37
67, 357, 265, 46
67, 358, 265, 73
67, 496, 265, 45
67, 244, 265, 81
67, 373, 265, 57
67, 123, 265, 52
67, 383, 265, 34
67, 352, 266, 10
67, 97, 266, 77
67, 226, 266, 94
67, 193, 266, 30
67, 102, 266, 48
67, 424, 266, 86
67, 9, 266, 61
67, 234, 266, 59
67, 73, 266, 23
67, 556, 266, 84
67, 117, 266, 100
67, 25, 266, 94
67, 123, 266, 52
67, 228, 267, 3
67, 421, 267, 87
67, 8, 267, 26
67, 460, 267, 10
67, 335, 267, 64
67, 495, 267, 21
67, 559, 267, 75
67, 468, 267, 46
67, 373, 267, 57
67, 287, 267, 21
67, 448, 268, 51
67, 482, 268, 62
67, 356, 268, 73
67, 38, 268, 68
67, 198, 268, 93
67, 489, 268, 69
67, 106, 268, 11
67, 235, 268, 46
67, 492, 268, 69
67, 333, 268, 2
67, 20, 268, 73
67, 372, 268, 45
67, 535, 268, 60
67, 184, 268, 85
67, 28, 268, 13
67, 61, 268, 61
67, 394, 269, 84
67, 272, 269, 21
67, 402, 269, 93
67, 153, 269, 79
67, 540, 269, 87
67, 541, 269, 80
67, 296, 269, 87
67, 562, 269, 68
67, 435, 269, 25
67, 564, 269, 74
67, 566, 269, 11
67, 443, 269, 92
67, 61, 269, 61
67, 452, 269, 28
67, 84, 269, 80
67, 476, 269, 24
67, 232, 269, 64
67, 106, 269, 11
67, 491, 269, 26
67, 238, 269, 37
67, 497, 269, 71
67, 224, 270, 67
67, 129, 270, 90
67, 550, 270, 7
67, 140, 270, 65
67, 303, 270, 39
67, 562, 270, 68
67, 21, 270, 57
67, 502, 270, 89
67, 215, 270, 5
67, 507, 270, 94
67, 316, 270, 29
67, 509, 270, 77
67, 478, 270, 51
67, 228, 271, 3
67, 551, 271, 52
67, 40, 271, 40
67, 201, 271, 21
67, 456, 271, 64
67, 491, 271, 26
67, 53, 271, 36
67, 405, 271, 90
67, 384, 272, 85
67, 421, 272, 87
67, 133, 272, 31
67, 101, 272, 49
67, 392, 272, 3
67, 555, 272, 56
67, 238, 272, 37
67, 111, 272, 64
67, 592, 272, 2
67, 529, 272, 67
67, 251, 272, 19
67, 567, 272, 85
67, 24, 272, 16
67, 347, 272, 24
67, 6, 273, 69
67, 136, 273, 98
67, 394, 273, 84
67, 79, 273, 8
67, 49, 273, 96
67, 18, 273, 82
67, 276, 273, 86
67, 278, 273, 15
67, 410, 273, 66
67, 28, 273, 13
67, 190, 273, 50
67, 383, 273, 34
67, 481, 274, 37
67, 227, 274, 52
67, 100, 274, 41
67, 35, 274, 21
67, 517, 274, 21
67, 264, 274, 20
67, 170, 274, 72
67, 270, 274, 56
67, 530, 274, 43
67, 403, 274, 71
67, 308, 274, 54
67, 405, 274, 90
67, 54, 274, 90
67, 23, 274, 49
67, 149, 274, 81
67, 442, 274, 51
67, 190, 274, 50
67, 198, 275, 93
67, 8, 275, 26
67, 447, 275, 100
67, 299, 275, 22
67, 336, 275, 25
67, 400, 275, 39
67, 468, 275, 46
67, 116, 275, 21
67, 254, 275, 92
67, 23, 275, 49
67, 280, 275, 8
67, 24, 275, 16
67, 155, 275, 35
67, 252, 275, 37
67, 286, 275, 69
67, 31, 275, 26
67, 131, 276, 40
67, 462, 276, 85
67, 401, 276, 50
67, 114, 276, 9
67, 406, 276, 54
67, 151, 276, 73
67, 190, 276, 50
67, 417, 277, 89
67, 579, 277, 80
67, 104, 277, 2
67, 76, 277, 31
67, 556, 277, 84
67, 339, 277, 61
67, 211, 277, 43
67, 83, 277, 43
67, 374, 277, 80
67, 23, 277, 49
67, 184, 277, 85
67, 91, 277, 16
67, 381, 277, 7
67, 222, 277, 10
67, 223, 277, 42
67, 352, 278, 10
67, 300, 278, 100
67, 594, 278, 13
67, 275, 278, 83
67, 343, 278, 43
67, 384, 279, 85
67, 271, 279, 52
67, 402, 279, 93
67, 147, 279, 60
67, 20, 279, 73
67, 24, 279, 16
67, 25, 279, 94
67, 284, 279, 94
67, 416, 279, 42
67, 294, 279, 19
67, 39, 279, 56
67, 428, 279, 16
67, 430, 279, 29
67, 433, 279, 44
67, 306, 279, 42
67, 563, 279, 31
67, 182, 279, 9
67, 312, 279, 67
67, 572, 279, 57
67, 71, 279, 21
67, 201, 279, 21
67, 330, 279, 44
67, 219, 279, 13
67, 249, 279, 62
67, 510, 279, 2
67, 261, 280, 11
67, 519, 280, 98
67, 393, 280, 30
67, 141, 280, 3
67, 20, 280, 73
67, 24, 280, 16
67, 164, 280, 71
67, 167, 280, 45
67, 41, 280, 4
67, 426, 280, 27
67, 555, 280, 56
67, 176, 280, 40
67, 439, 280, 37
67, 315, 280, 25
67, 60, 280, 36
67, 344, 280, 8
67, 345, 280, 34
67, 364, 280, 64
67, 367, 280, 96
67, 373, 280, 57
67, 251, 280, 19
67, 508, 280, 37
67, 383, 280, 34
67, 452, 281, 28
67, 201, 281, 21
67, 331, 281, 36
67, 240, 281, 7
67, 145, 281, 36
67, 337, 281, 37
67, 400, 282, 39
67, 401, 282, 50
67, 145, 282, 36
67, 403, 282, 71
67, 278, 282, 15
67, 22, 282, 38
67, 537, 282, 70
67, 153, 282, 79
67, 286, 282, 69
67, 32, 282, 26
67, 34, 282, 37
67, 549, 282, 46
67, 295, 282, 19
67, 58, 282, 47
67, 573, 282, 79
67, 580, 282, 7
67, 69, 282, 55
67, 583, 282, 58
67, 468, 282, 46
67, 95, 282, 90
67, 66, 283, 70
67, 38, 283, 68
67, 262, 283, 5
67, 265, 283, 9
67, 202, 283, 28
67, 235, 283, 46
67, 524, 283, 58
67, 106, 283, 11
67, 398, 283, 28
67, 559, 283, 75
67, 241, 283, 91
67, 83, 283, 43
67, 534, 283, 55
67, 377, 283, 59
67, 315, 283, 25
67, 383, 283, 34
67, 3, 284, 29
67, 11, 284, 48
67, 22, 284, 38
67, 152, 284, 90
67, 290, 284, 18
67, 546, 284, 89
67, 164, 284, 71
67, 550, 284, 7
67, 431, 284, 78
67, 561, 284, 71
67, 183, 284, 69
67, 314, 284, 57
67, 320, 284, 35
67, 65, 284, 33
67, 195, 284, 36
67, 205, 284, 5
67, 84, 284, 80
67, 341, 284, 57
67, 229, 284, 89
67, 115, 284, 75
67, 249, 284, 62
67, 507, 284, 94
67, 387, 285, 92
67, 356, 285, 73
67, 434, 285, 10
67, 250, 285, 53
67, 350, 285, 67
67, 293, 286, 4
67, 69, 286, 55
67, 423, 286, 57
67, 39, 286, 56
67, 295, 286, 19
67, 70, 286, 9
67, 236, 286, 98
67, 76, 286, 31
67, 208, 286, 74
67, 562, 286, 68
67, 342, 286, 11
67, 510, 286, 2
67, 544, 287, 69
67, 419, 287, 14
67, 262, 287, 5
67, 202, 287, 28
67, 343, 287, 43
67, 286, 287, 69
67, 31, 287, 26
67, 1, 288, 28
67, 388, 288, 80
67, 5, 288, 4
67, 389, 288, 24
67, 7, 288, 52
67, 269, 288, 7
67, 18, 288, 82
67, 543, 288, 70
67, 546, 288, 89
67, 548, 288, 10
67, 166, 288, 16
67, 432, 288, 23
67, 49, 288, 96
67, 184, 288, 85
67, 61, 288, 61
67, 581, 288, 71
67, 585, 288, 32
67, 462, 288, 85
67, 215, 288, 5
67, 346, 288, 83
67, 356, 288, 73
67, 485, 288, 28
67, 232, 288, 64
67, 236, 288, 98
67, 366, 288, 77
67, 352, 289, 10
67, 353, 289, 90
67, 547, 289, 58
67, 387, 289, 92
67, 357, 289, 46
67, 425, 289, 96
67, 139, 289, 97
67, 364, 289, 64
67, 173, 289, 11
67, 459, 289, 9
67, 49, 289, 96
67, 305, 289, 50
67, 536, 289, 73
67, 348, 289, 97
67, 510, 289, 2
67, 132, 290, 66
67, 4, 290, 68
67, 8, 290, 26
67, 266, 290, 17
67, 270, 290, 56
67, 15, 290, 12
67, 537, 290, 70
67, 154, 290, 8
67, 538, 290, 13
67, 541, 290, 80
67, 38, 290, 68
67, 171, 290, 80
67, 180, 290, 29
67, 53, 290, 36
67, 54, 290, 90
67, 576, 290, 2
67, 71, 290, 21
67, 335, 290, 64
67, 464, 290, 84
67, 345, 290, 34
67, 108, 290, 18
67, 254, 290, 92
67, 515, 291, 33
67, 74, 291, 84
67, 558, 291, 99
67, 499, 291, 96
67, 244, 291, 81
67, 279, 291, 63
67, 56, 291, 98
67, 3, 292, 29
67, 265, 292, 9
67, 524, 292, 58
67, 154, 292, 8
67, 415, 292, 12
67, 545, 292, 32
67, 166, 292, 16
67, 556, 292, 84
67, 307, 292, 61
67, 565, 292, 64
67, 183, 292, 69
67, 57, 292, 72
67, 571, 292, 12
67, 188, 292, 97
67, 578, 292, 63
67, 451, 292, 14
67, 198, 292, 93
67, 480, 292, 34
67, 231, 292, 97
67, 244, 292, 81
67, 193, 293, 30
67, 225, 293, 37
67, 227, 293, 52
67, 230, 293, 30
67, 422, 293, 64
67, 178, 293, 84
67, 474, 293, 32
67, 317, 293, 88
67, 543, 293, 70
67, 291, 294, 3
67, 101, 294, 49
67, 550, 294, 7
67, 71, 294, 21
67, 165, 294, 43
67, 77, 294, 67
67, 113, 294, 31
67, 306, 294, 42
67, 531, 294, 12
67, 281, 294, 22
67, 317, 294, 88
67, 6, 295, 69
67, 199, 295, 19
67, 240, 295, 7
67, 477, 295, 1
67, 286, 295, 69
67, 575, 295, 55
67, 384, 296, 85
67, 485, 296, 28
67, 135, 296, 21
67, 72, 296, 68
67, 490, 296, 57
67, 554, 296, 75
67, 555, 296, 56
67, 333, 296, 2
67, 366, 296, 77
67, 463, 296, 38
67, 336, 296, 25
67, 48, 296, 3
67, 46, 296, 15
67, 79, 296, 8
67, 368, 296, 57
67, 187, 296, 28
67, 511, 296, 43
67, 132, 297, 66
67, 522, 297, 96
67, 537, 297, 70
67, 28, 297, 13
67, 161, 297, 9
67, 297, 297, 61
67, 304, 297, 36
67, 62, 297, 27
67, 63, 297, 6
67, 326, 297, 75
67, 333, 297, 2
67, 207, 297, 18
67, 211, 297, 43
67, 471, 297, 92
67, 222, 297, 10
67, 479, 297, 77
67, 99, 297, 29
67, 357, 297, 46
67, 358, 297, 73
67, 243, 297, 49
67, 131, 298, 40
67, 261, 298, 11
67, 390, 298, 33
67, 9, 298, 61
67, 523, 298, 87
67, 148, 298, 42
67, 26, 298, 44
67, 28, 298, 13
67, 542, 298, 32
67, 288, 298, 8
67, 549, 298, 46
67, 39, 298, 56
67, 554, 298, 75
67, 434, 298, 10
67, 309, 298, 47
67, 568, 298, 58
67, 57, 298, 72
67, 188, 298, 97
67, 323, 298, 43
67, 595, 298, 13
67, 598, 298, 93
67, 476, 298, 24
67, 234, 298, 59
67, 375, 298, 58
67, 234, 299, 59
67, 107, 299, 26
67, 274, 299, 30
67, 338, 299, 86
67, 214, 299, 32
67, 375, 299, 58
67, 504, 299, 11
67, 223, 299, 42
