300, 600, 30
31, 390, 0, 68
31, 200, 0, 39
31, 111, 0, 7
31, 408, 0, 25
31, 153, 0, 31
31, 318, 0, 47
31, 192, 1, 95
31, 384, 1, 24
31, 420, 1, 61
31, 101, 1, 83
31, 249, 1, 35
31, 136, 1, 9
31, 145, 1, 67
31, 146, 1, 93
31, 534, 1, 26
31, 278, 1, 57
31, 150, 1, 6
31, 569, 1, 36
31, 507, 1, 22
31, 134, 2, 68
31, 396, 2, 17
31, 15, 2, 12
31, 530, 2, 65
31, 531, 2, 43
31, 532, 2, 59
31, 419, 2, 10
31, 41, 2, 46
31, 301, 2, 26
31, 309, 2, 34
31, 186, 2, 70
31, 454, 2, 55
31, 72, 2, 61
31, 586, 2, 80
31, 204, 2, 63
31, 465, 2, 81
31, 81, 2, 20
31, 350, 2, 27
31, 354, 2, 95
31, 519, 3, 50
31, 19, 3, 51
31, 407, 3, 64
31, 536, 3, 89
31, 39, 3, 28
31, 40, 3, 50
31, 425, 3, 42
31, 299, 3, 72
31, 430, 3, 89
31, 566, 3, 31
31, 55, 3, 16
31, 62, 3, 16
31, 447, 3, 49
31, 203, 3, 23
31, 81, 3, 20
31, 466, 3, 26
31, 476, 3, 65
31, 478, 3, 98
31, 482, 3, 44
31, 101, 3, 83
31, 232, 3, 18
31, 233, 3, 25
31, 496, 3, 54
31, 371, 3, 73
31, 125, 3, 67
31, 352, 4, 66
31, 324, 4, 96
31, 357, 4, 28
31, 582, 4, 39
31, 264, 4, 70
31, 8, 4, 23
31, 296, 4, 5
31, 45, 4, 72
31, 143, 4, 7
31, 496, 4, 54
31, 437, 4, 96
31, 214, 4, 19
31, 58, 4, 32
31, 221, 4, 49
31, 479, 4, 9
31, 227, 5, 64
31, 567, 5, 74
31, 586, 5, 80
31, 460, 5, 58
31, 365, 5, 83
31, 558, 5, 63
31, 527, 5, 71
31, 112, 5, 16
31, 403, 5, 8
31, 596, 5, 49
31, 373, 5, 48
31, 245, 5, 22
31, 407, 5, 64
31, 122, 5, 96
31, 540, 5, 45
31, 446, 5, 77
31, 514, 6, 67
31, 409, 6, 90
31, 157, 6, 7
31, 286, 6, 57
31, 545, 6, 99
31, 557, 6, 83
31, 306, 6, 59
31, 321, 6, 59
31, 327, 6, 15
31, 328, 6, 70
31, 457, 6, 85
31, 72, 6, 61
31, 588, 6, 28
31, 332, 6, 16
31, 206, 6, 95
31, 210, 6, 37
31, 340, 6, 73
31, 113, 6, 58
31, 371, 6, 73
31, 125, 6, 67
31, 577, 7, 45
31, 164, 7, 35
31, 6, 7, 31
31, 295, 7, 33
31, 428, 7, 75
31, 176, 7, 57
31, 594, 7, 77
31, 277, 7, 94
31, 377, 7, 14
31, 9, 8, 7
31, 140, 8, 31
31, 15, 8, 12
31, 144, 8, 19
31, 404, 8, 8
31, 410, 8, 10
31, 283, 8, 36
31, 538, 8, 92
31, 413, 8, 70
31, 428, 8, 75
31, 438, 8, 7
31, 58, 8, 32
31, 78, 8, 71
31, 344, 8, 10
31, 92, 8, 23
31, 477, 8, 6
31, 101, 8, 83
31, 245, 8, 22
31, 123, 8, 41
31, 381, 8, 78
31, 5, 9, 2
31, 398, 9, 53
31, 142, 9, 94
31, 533, 9, 100
31, 544, 9, 92
31, 417, 9, 3
31, 291, 9, 94
31, 296, 9, 5
31, 303, 9, 7
31, 314, 9, 15
31, 68, 9, 88
31, 71, 9, 6
31, 456, 9, 36
31, 348, 9, 23
31, 96, 9, 23
31, 225, 9, 83
31, 234, 9, 89
31, 490, 9, 44
31, 121, 9, 38
31, 385, 10, 61
31, 34, 10, 41
31, 546, 10, 53
31, 355, 10, 14
31, 199, 10, 80
31, 234, 10, 89
31, 588, 10, 28
31, 269, 10, 2
31, 337, 10, 35
31, 19, 10, 51
31, 565, 10, 10
31, 438, 10, 7
31, 439, 10, 58
31, 441, 10, 88
31, 282, 10, 79
31, 445, 10, 15
31, 447, 10, 49
31, 384, 11, 24
31, 417, 11, 3
31, 38, 11, 47
31, 455, 11, 76
31, 168, 11, 8
31, 393, 11, 30
31, 457, 11, 85
31, 171, 11, 1
31, 519, 11, 50
31, 590, 11, 29
31, 272, 11, 39
31, 371, 11, 73
31, 597, 11, 14
31, 409, 11, 90
31, 250, 11, 49
31, 126, 11, 5
31, 319, 11, 74
31, 100, 12, 52
31, 197, 12, 82
31, 421, 12, 8
31, 71, 12, 6
31, 27, 12, 80
31, 14, 12, 89
31, 595, 12, 24
31, 212, 12, 10
31, 566, 12, 31
31, 476, 12, 65
31, 220, 12, 62
31, 573, 12, 48
31, 127, 12, 5
31, 449, 13, 83
31, 553, 13, 5
31, 127, 13, 5
31, 28, 13, 49
31, 31, 13, 87
31, 161, 14, 25
31, 33, 14, 16
31, 453, 14, 71
31, 294, 14, 41
31, 331, 14, 43
31, 397, 14, 83
31, 369, 14, 78
31, 29, 14, 84
31, 437, 14, 96
31, 215, 14, 41
31, 186, 14, 70
31, 380, 14, 17
31, 93, 14, 92
31, 417, 15, 3
31, 38, 15, 47
31, 167, 15, 45
31, 201, 15, 14
31, 329, 15, 84
31, 363, 15, 33
31, 76, 15, 46
31, 237, 15, 70
31, 209, 15, 89
31, 593, 15, 89
31, 372, 15, 84
31, 533, 15, 100
31, 279, 15, 28
31, 344, 15, 10
31, 183, 15, 52
31, 446, 15, 77
31, 31, 15, 87
31, 263, 16, 20
31, 522, 16, 89
31, 12, 16, 55
31, 269, 16, 2
31, 413, 16, 70
31, 30, 16, 44
31, 288, 16, 97
31, 161, 16, 25
31, 296, 16, 5
31, 175, 16, 4
31, 563, 16, 44
31, 565, 16, 10
31, 451, 16, 70
31, 208, 16, 55
31, 225, 16, 83
31, 354, 16, 95
31, 483, 16, 16
31, 233, 16, 25
31, 240, 16, 71
31, 508, 16, 26
31, 585, 17, 6
31, 234, 17, 89
31, 173, 17, 32
31, 591, 17, 66
31, 144, 17, 19
31, 81, 17, 20
31, 82, 17, 13
31, 562, 17, 75
31, 432, 17, 27
31, 117, 17, 19
31, 310, 17, 56
31, 534, 17, 26
31, 56, 17, 83
31, 405, 17, 50
31, 538, 17, 92
31, 476, 17, 65
31, 413, 17, 70
31, 286, 17, 57
31, 448, 18, 26
31, 197, 18, 82
31, 102, 18, 65
31, 458, 18, 86
31, 299, 18, 72
31, 527, 18, 71
31, 33, 19, 16
31, 325, 19, 48
31, 198, 19, 67
31, 358, 19, 12
31, 555, 19, 27
31, 301, 19, 26
31, 210, 19, 37
31, 403, 19, 8
31, 55, 19, 16
31, 312, 19, 88
31, 282, 19, 79
31, 476, 19, 65
31, 189, 19, 54
31, 256, 20, 60
31, 131, 20, 71
31, 580, 20, 25
31, 395, 20, 74
31, 268, 20, 97
31, 174, 20, 79
31, 175, 20, 4
31, 337, 20, 35
31, 594, 20, 77
31, 113, 20, 58
31, 402, 20, 69
31, 465, 20, 81
31, 467, 20, 52
31, 274, 20, 62
31, 88, 20, 9
31, 466, 20, 26
31, 479, 20, 9
31, 290, 21, 41
31, 258, 21, 57
31, 550, 21, 91
31, 73, 21, 53
31, 341, 21, 45
31, 502, 21, 58
31, 440, 21, 23
31, 159, 22, 51
31, 204, 22, 63
31, 525, 22, 51
31, 13, 22, 94
31, 558, 22, 63
31, 466, 22, 26
31, 467, 22, 52
31, 533, 22, 100
31, 182, 22, 22
31, 283, 22, 36
31, 61, 22, 69
31, 511, 22, 13
31, 194, 23, 33
31, 483, 23, 16
31, 260, 23, 55
31, 517, 23, 14
31, 549, 23, 14
31, 518, 23, 42
31, 358, 23, 12
31, 41, 23, 46
31, 77, 23, 62
31, 533, 23, 100
31, 95, 23, 57
31, 121, 23, 38
31, 126, 23, 5
31, 127, 23, 5
31, 128, 24, 100
31, 490, 24, 44
31, 170, 24, 75
31, 492, 24, 9
31, 495, 24, 63
31, 241, 24, 16
31, 210, 24, 37
31, 341, 24, 45
31, 567, 24, 74
31, 287, 24, 72
31, 420, 25, 61
31, 549, 25, 14
31, 584, 25, 81
31, 41, 25, 46
31, 395, 25, 74
31, 139, 25, 89
31, 141, 25, 49
31, 110, 25, 51
31, 592, 25, 40
31, 118, 25, 88
31, 184, 25, 60
31, 446, 25, 77
31, 41, 26, 46
31, 587, 26, 77
31, 459, 26, 21
31, 18, 26, 67
31, 372, 26, 84
31, 277, 26, 94
31, 253, 26, 66
31, 156, 26, 54
31, 573, 26, 48
31, 512, 27, 45
31, 392, 27, 5
31, 138, 27, 78
31, 272, 27, 39
31, 17, 27, 29
31, 537, 27, 27
31, 422, 27, 1
31, 424, 27, 19
31, 439, 27, 58
31, 315, 27, 55
31, 320, 27, 20
31, 197, 27, 82
31, 338, 27, 31
31, 210, 27, 37
31, 215, 27, 41
31, 344, 27, 10
31, 343, 27, 65
31, 351, 27, 84
31, 97, 27, 94
31, 355, 27, 14
31, 364, 27, 82
31, 503, 27, 5
31, 379, 27, 78
31, 258, 28, 57
31, 5, 28, 2
31, 13, 28, 94
31, 142, 28, 94
31, 23, 28, 91
31, 409, 28, 90
31, 538, 28, 92
31, 158, 28, 33
31, 169, 28, 29
31, 553, 28, 5
31, 555, 28, 27
31, 309, 28, 34
31, 57, 28, 2
31, 443, 28, 8
31, 446, 28, 77
31, 196, 28, 7
31, 455, 28, 76
31, 202, 28, 46
31, 82, 28, 13
31, 339, 28, 84
31, 357, 28, 28
31, 358, 28, 12
31, 104, 28, 22
31, 235, 28, 100
31, 366, 28, 2
31, 531, 29, 43
31, 147, 29, 56
31, 21, 29, 22
31, 163, 29, 27
31, 422, 29, 1
31, 423, 29, 14
31, 51, 29, 41
31, 67, 29, 18
31, 592, 29, 40
31, 209, 29, 89
31, 467, 29, 52
31, 212, 29, 10
31, 342, 29, 48
31, 215, 29, 41
31, 227, 29, 64
31, 361, 29, 15
31, 116, 29, 42
31, 500, 29, 92
31, 120, 29, 100
31, 3, 30, 66
31, 264, 30, 70
31, 400, 30, 14
31, 161, 30, 25
31, 41, 30, 46
31, 297, 30, 15
31, 203, 30, 23
31, 588, 30, 28
31, 463, 30, 100
31, 208, 30, 55
31, 90, 30, 62
31, 479, 30, 9
31, 95, 30, 57
31, 104, 30, 22
31, 378, 30, 13
31, 374, 30, 18
31, 506, 30, 80
31, 124, 30, 2
31, 511, 30, 13
31, 257, 31, 91
31, 255, 31, 15
31, 36, 31, 85
31, 359, 31, 24
31, 135, 31, 96
31, 589, 31, 88
31, 398, 31, 53
31, 111, 31, 7
31, 48, 31, 10
31, 337, 31, 35
31, 308, 31, 13
31, 85, 31, 52
31, 437, 31, 96
31, 533, 31, 100
31, 376, 31, 19
31, 282, 31, 79
31, 478, 31, 98
31, 415, 31, 35
31, 512, 32, 45
31, 6, 32, 31
31, 530, 32, 65
31, 23, 32, 91
31, 27, 32, 80
31, 158, 32, 33
31, 544, 32, 92
31, 36, 32, 85
31, 167, 32, 45
31, 433, 32, 72
31, 181, 32, 73
31, 309, 32, 34
31, 59, 32, 42
31, 318, 32, 47
31, 63, 32, 28
31, 579, 32, 10
31, 208, 32, 55
31, 594, 32, 77
31, 471, 32, 100
31, 215, 32, 41
31, 93, 32, 92
31, 237, 32, 70
31, 110, 32, 51
31, 371, 32, 73
31, 322, 33, 32
31, 454, 33, 55
31, 13, 33, 94
31, 397, 33, 83
31, 306, 33, 59
31, 439, 33, 58
31, 514, 34, 67
31, 548, 34, 32
31, 102, 34, 65
31, 7, 34, 89
31, 201, 34, 14
31, 361, 34, 15
31, 427, 34, 12
31, 441, 34, 88
31, 237, 34, 70
31, 77, 34, 62
31, 368, 34, 18
31, 402, 34, 69
31, 51, 34, 41
31, 502, 34, 58
31, 247, 34, 34
31, 217, 34, 82
31, 251, 34, 7
31, 479, 34, 9
31, 512, 35, 45
31, 514, 35, 67
31, 395, 35, 74
31, 271, 35, 27
31, 402, 35, 69
31, 405, 35, 50
31, 535, 35, 45
31, 284, 35, 7
31, 422, 35, 1
31, 42, 35, 7
31, 173, 35, 32
31, 433, 35, 72
31, 434, 35, 61
31, 180, 35, 25
31, 330, 35, 80
31, 467, 35, 52
31, 343, 35, 65
31, 220, 35, 62
31, 221, 35, 49
31, 496, 35, 54
31, 376, 35, 19
31, 137, 36, 14
31, 396, 36, 17
31, 301, 36, 26
31, 592, 36, 40
31, 310, 36, 56
31, 536, 36, 89
31, 315, 36, 55
31, 517, 37, 14
31, 262, 37, 52
31, 15, 37, 12
31, 272, 37, 39
31, 533, 37, 100
31, 151, 37, 8
31, 536, 37, 89
31, 282, 37, 79
31, 156, 37, 54
31, 290, 37, 41
31, 553, 37, 5
31, 426, 37, 80
31, 554, 37, 82
31, 300, 37, 53
31, 555, 37, 27
31, 46, 37, 96
31, 430, 37, 89
31, 316, 37, 86
31, 207, 37, 63
31, 358, 37, 12
31, 103, 37, 87
31, 493, 37, 36
31, 110, 37, 51
31, 238, 37, 45
31, 382, 37, 72
31, 488, 38, 45
31, 264, 38, 70
31, 584, 38, 81
31, 459, 38, 21
31, 328, 38, 70
31, 108, 38, 90
31, 524, 38, 94
31, 368, 38, 18
31, 401, 38, 82
31, 593, 38, 89
31, 337, 38, 35
31, 532, 38, 59
31, 54, 38, 29
31, 414, 38, 59
31, 128, 39, 100
31, 11, 39, 50
31, 396, 39, 17
31, 16, 39, 67
31, 280, 39, 38
31, 152, 39, 75
31, 542, 39, 49
31, 159, 39, 51
31, 176, 39, 57
31, 572, 39, 6
31, 573, 39, 48
31, 194, 39, 33
31, 330, 39, 80
31, 597, 39, 14
31, 96, 39, 23
31, 106, 39, 51
31, 123, 39, 41
31, 364, 39, 82
31, 495, 39, 63
31, 376, 39, 19
31, 251, 39, 7
31, 125, 39, 67
31, 450, 40, 15
31, 259, 40, 14
31, 58, 40, 32
31, 134, 40, 68
31, 586, 40, 80
31, 462, 40, 9
31, 143, 40, 7
31, 124, 40, 2
31, 80, 40, 75
31, 21, 40, 22
31, 278, 40, 57
31, 502, 40, 58
31, 314, 40, 15
31, 411, 40, 2
31, 540, 40, 45
31, 255, 40, 15
31, 134, 41, 68
31, 521, 41, 72
31, 140, 41, 31
31, 143, 41, 7
31, 16, 41, 67
31, 405, 41, 50
31, 149, 41, 30
31, 280, 41, 38
31, 26, 41, 90
31, 424, 41, 19
31, 172, 41, 97
31, 173, 41, 32
31, 429, 41, 38
31, 177, 41, 92
31, 178, 41, 16
31, 442, 41, 76
31, 319, 41, 74
31, 332, 41, 16
31, 340, 41, 73
31, 87, 41, 14
31, 97, 41, 94
31, 376, 41, 19
31, 448, 42, 26
31, 36, 42, 85
31, 261, 42, 80
31, 454, 42, 55
31, 38, 42, 47
31, 103, 42, 87
31, 45, 42, 72
31, 366, 42, 2
31, 176, 42, 57
31, 534, 42, 26
31, 375, 42, 48
31, 472, 42, 69
31, 442, 42, 76
31, 190, 42, 81
31, 574, 42, 68
31, 130, 43, 87
31, 26, 43, 90
31, 293, 43, 40
31, 144, 43, 19
31, 561, 43, 34
31, 113, 43, 58
31, 595, 43, 24
31, 20, 43, 90
31, 341, 43, 45
31, 538, 43, 92
31, 60, 43, 42
31, 159, 43, 51
31, 66, 44, 16
31, 478, 44, 98
31, 359, 44, 24
31, 73, 44, 53
31, 41, 44, 46
31, 587, 44, 77
31, 399, 44, 96
31, 337, 44, 35
31, 338, 44, 31
31, 531, 44, 43
31, 52, 44, 49
31, 564, 44, 13
31, 181, 44, 73
31, 83, 44, 48
31, 444, 44, 51
31, 445, 44, 15
31, 572, 44, 6
31, 375, 44, 48
31, 130, 45, 87
31, 67, 45, 18
31, 133, 45, 56
31, 422, 45, 1
31, 457, 45, 85
31, 363, 45, 33
31, 45, 45, 72
31, 528, 45, 38
31, 434, 45, 61
31, 210, 45, 37
31, 19, 45, 51
31, 246, 45, 56
31, 408, 45, 25
31, 251, 45, 7
31, 286, 45, 57
31, 575, 45, 31
31, 448, 46, 26
31, 1, 46, 92
31, 35, 46, 52
31, 523, 46, 61
31, 12, 46, 55
31, 492, 46, 9
31, 301, 46, 26
31, 14, 46, 89
31, 464, 46, 61
31, 82, 46, 13
31, 307, 46, 5
31, 84, 46, 66
31, 341, 46, 45
31, 344, 46, 10
31, 481, 47, 39
31, 289, 47, 58
31, 5, 47, 2
31, 101, 47, 83
31, 39, 47, 28
31, 456, 47, 36
31, 297, 47, 15
31, 171, 47, 1
31, 371, 47, 73
31, 20, 47, 90
31, 471, 47, 100
31, 345, 47, 100
31, 572, 47, 6
31, 317, 47, 73
31, 319, 47, 74
31, 515, 48, 21
31, 388, 48, 49
31, 357, 48, 28
31, 298, 48, 33
31, 427, 48, 12
31, 13, 48, 94
31, 598, 48, 56
31, 505, 48, 92
31, 92, 48, 23
31, 445, 48, 15
31, 545, 49, 99
31, 67, 49, 18
31, 387, 49, 12
31, 485, 49, 69
31, 229, 49, 82
31, 517, 49, 14
31, 335, 49, 59
31, 0, 50, 54
31, 321, 50, 59
31, 290, 50, 41
31, 291, 50, 94
31, 165, 50, 4
31, 455, 50, 76
31, 8, 50, 23
31, 519, 50, 50
31, 74, 50, 55
31, 428, 50, 75
31, 575, 50, 31
31, 594, 50, 77
31, 180, 50, 25
31, 116, 50, 42
31, 534, 50, 26
31, 27, 50, 80
31, 351, 50, 84
31, 517, 51, 14
31, 403, 51, 8
31, 157, 51, 7
31, 289, 51, 58
31, 290, 51, 41
31, 162, 51, 76
31, 167, 51, 45
31, 296, 51, 5
31, 431, 51, 99
31, 432, 51, 27
31, 305, 51, 17
31, 312, 51, 88
31, 184, 51, 60
31, 447, 51, 49
31, 451, 51, 70
31, 337, 51, 35
31, 88, 51, 9
31, 217, 51, 82
31, 103, 51, 87
31, 238, 51, 45
31, 290, 52, 41
31, 66, 52, 16
31, 518, 52, 42
31, 203, 52, 23
31, 428, 52, 75
31, 396, 52, 17
31, 303, 52, 7
31, 432, 52, 27
31, 592, 52, 40
31, 144, 52, 19
31, 381, 52, 78
31, 148, 52, 22
31, 116, 52, 42
31, 469, 52, 39
31, 437, 52, 96
31, 495, 52, 63
31, 123, 52, 41
31, 29, 52, 84
31, 256, 53, 60
31, 38, 53, 47
31, 9, 53, 7
31, 298, 53, 33
31, 558, 53, 63
31, 537, 53, 27
31, 190, 53, 81
31, 31, 53, 87
31, 386, 54, 74
31, 4, 54, 94
31, 261, 54, 80
31, 262, 54, 52
31, 522, 54, 89
31, 20, 54, 90
31, 407, 54, 64
31, 285, 54, 27
31, 157, 54, 7
31, 422, 54, 1
31, 551, 54, 40
31, 563, 54, 44
31, 65, 54, 77
31, 66, 54, 16
31, 199, 54, 80
31, 84, 54, 66
31, 90, 54, 62
31, 93, 54, 92
31, 350, 54, 27
31, 357, 54, 28
31, 490, 54, 44
31, 237, 54, 70
31, 378, 54, 13
31, 358, 55, 12
31, 455, 55, 76
31, 595, 55, 24
31, 307, 55, 5
31, 534, 55, 26
31, 446, 55, 77
31, 223, 55, 49
31, 143, 56, 7
31, 275, 56, 84
31, 21, 56, 22
31, 537, 56, 27
31, 187, 56, 4
31, 64, 56, 75
31, 322, 56, 32
31, 71, 56, 6
31, 328, 56, 70
31, 203, 56, 23
31, 204, 56, 63
31, 470, 56, 75
31, 473, 56, 50
31, 352, 56, 66
31, 237, 56, 70
31, 111, 56, 7
31, 112, 56, 16
31, 113, 56, 58
31, 114, 56, 99
31, 371, 56, 73
31, 244, 56, 21
31, 503, 56, 5
31, 378, 56, 13
31, 225, 57, 83
31, 34, 57, 41
31, 322, 57, 32
31, 357, 57, 28
31, 390, 57, 68
31, 103, 57, 87
31, 122, 57, 96
31, 396, 57, 17
31, 432, 57, 27
31, 529, 57, 87
31, 210, 57, 37
31, 275, 57, 84
31, 52, 57, 49
31, 341, 57, 45
31, 568, 57, 84
31, 57, 57, 2
31, 90, 57, 62
31, 251, 57, 7
31, 160, 58, 49
31, 546, 58, 53
31, 549, 58, 14
31, 391, 58, 88
31, 73, 58, 53
31, 107, 58, 46
31, 240, 58, 71
31, 87, 58, 14
31, 186, 58, 70
31, 347, 58, 65
31, 252, 58, 45
31, 359, 59, 24
31, 426, 59, 80
31, 74, 59, 55
31, 527, 59, 71
31, 144, 59, 19
31, 593, 59, 89
31, 344, 59, 10
31, 512, 60, 45
31, 2, 60, 90
31, 261, 60, 80
31, 262, 60, 52
31, 520, 60, 16
31, 20, 60, 90
31, 149, 60, 30
31, 409, 60, 90
31, 543, 60, 99
31, 163, 60, 27
31, 549, 60, 14
31, 44, 60, 83
31, 430, 60, 89
31, 180, 60, 25
31, 312, 60, 88
31, 441, 60, 88
31, 318, 60, 47
31, 78, 60, 71
31, 462, 60, 9
31, 592, 60, 40
31, 216, 60, 80
31, 232, 60, 18
31, 239, 60, 40
31, 242, 60, 96
31, 248, 60, 73
31, 352, 61, 66
31, 99, 61, 73
31, 228, 61, 85
31, 456, 61, 36
31, 328, 61, 70
31, 138, 61, 78
31, 362, 61, 81
31, 462, 61, 9
31, 463, 61, 100
31, 304, 61, 34
31, 433, 61, 72
31, 527, 61, 71
31, 16, 61, 67
31, 308, 61, 13
31, 309, 61, 34
31, 598, 61, 56
31, 312, 61, 88
31, 379, 61, 78
31, 3, 62, 66
31, 583, 62, 82
31, 504, 62, 15
31, 455, 62, 76
31, 339, 62, 84
31, 119, 62, 40
31, 246, 62, 56
31, 311, 62, 16
31, 406, 62, 36
31, 157, 62, 7
31, 350, 62, 27
31, 159, 62, 51
31, 416, 63, 63
31, 514, 63, 67
31, 322, 63, 32
31, 573, 63, 48
31, 293, 63, 40
31, 326, 63, 6
31, 580, 63, 25
31, 200, 63, 39
31, 202, 63, 46
31, 267, 63, 43
31, 111, 63, 7
31, 370, 63, 17
31, 565, 63, 10
31, 311, 63, 16
31, 538, 63, 92
31, 381, 63, 78
31, 222, 63, 65
31, 127, 63, 5
31, 453, 64, 71
31, 6, 64, 31
31, 584, 64, 81
31, 298, 64, 33
31, 266, 64, 89
31, 78, 64, 71
31, 82, 64, 13
31, 467, 64, 52
31, 276, 64, 86
31, 149, 64, 30
31, 468, 64, 49
31, 412, 64, 58
31, 250, 64, 49
31, 316, 64, 86
31, 479, 64, 9
31, 129, 65, 86
31, 134, 65, 68
31, 10, 65, 13
31, 18, 65, 67
31, 544, 65, 92
31, 559, 65, 52
31, 303, 65, 7
31, 563, 65, 44
31, 567, 65, 74
31, 59, 65, 42
31, 320, 65, 20
31, 68, 65, 88
31, 69, 65, 59
31, 458, 65, 86
31, 589, 65, 88
31, 88, 65, 9
31, 482, 65, 44
31, 105, 65, 95
31, 248, 65, 73
31, 382, 65, 72
31, 482, 66, 44
31, 344, 66, 10
31, 328, 66, 70
31, 201, 66, 14
31, 175, 66, 4
31, 82, 66, 13
31, 179, 66, 70
31, 213, 66, 74
31, 88, 66, 9
31, 143, 67, 7
31, 527, 67, 71
31, 273, 67, 62
31, 21, 67, 22
31, 540, 67, 45
31, 31, 67, 87
31, 549, 67, 14
31, 42, 67, 7
31, 44, 67, 83
31, 557, 67, 83
31, 49, 67, 40
31, 178, 67, 16
31, 57, 67, 2
31, 318, 67, 47
31, 64, 67, 75
31, 320, 67, 20
31, 577, 67, 45
31, 330, 67, 80
31, 594, 67, 77
31, 89, 67, 5
31, 481, 67, 39
31, 227, 67, 64
31, 485, 67, 69
31, 489, 67, 95
31, 239, 67, 40
31, 232, 68, 18
31, 537, 68, 27
31, 243, 68, 42
31, 53, 68, 42
31, 437, 68, 96
31, 248, 68, 73
31, 313, 68, 26
31, 481, 69, 39
31, 514, 69, 67
31, 453, 69, 71
31, 166, 69, 87
31, 296, 69, 5
31, 266, 69, 89
31, 460, 69, 58
31, 364, 69, 82
31, 110, 69, 51
31, 556, 69, 39
31, 368, 69, 18
31, 428, 69, 75
31, 179, 69, 70
31, 88, 69, 9
31, 571, 69, 65
31, 216, 69, 80
31, 35, 70, 52
31, 163, 70, 27
31, 599, 70, 46
31, 102, 70, 65
31, 585, 70, 6
31, 491, 70, 51
31, 492, 70, 9
31, 590, 70, 29
31, 591, 70, 66
31, 278, 70, 57
31, 343, 70, 65
31, 246, 70, 56
31, 412, 70, 58
31, 541, 70, 87
31, 385, 71, 61
31, 261, 71, 80
31, 263, 71, 20
31, 456, 71, 36
31, 231, 71, 6
31, 599, 71, 46
31, 155, 71, 74
31, 348, 71, 23
31, 577, 72, 45
31, 323, 72, 73
31, 580, 72, 25
31, 390, 72, 68
31, 427, 72, 12
31, 492, 72, 9
31, 305, 72, 17
31, 180, 72, 25
31, 341, 72, 45
31, 532, 72, 59
31, 215, 72, 41
31, 24, 72, 41
31, 254, 72, 33
31, 513, 73, 45
31, 324, 73, 96
31, 72, 73, 61
31, 425, 73, 42
31, 168, 73, 8
31, 40, 73, 50
31, 235, 73, 100
31, 553, 73, 5
31, 302, 73, 65
31, 175, 73, 4
31, 12, 73, 55
31, 113, 73, 58
31, 530, 73, 65
31, 276, 73, 86
31, 569, 73, 36
31, 510, 73, 73
31, 257, 74, 91
31, 262, 74, 52
31, 522, 74, 89
31, 526, 74, 17
31, 529, 74, 87
31, 148, 74, 22
31, 538, 74, 92
31, 27, 74, 80
31, 285, 74, 27
31, 288, 74, 97
31, 555, 74, 27
31, 565, 74, 10
31, 576, 74, 70
31, 585, 74, 6
31, 332, 74, 16
31, 596, 74, 49
31, 363, 74, 33
31, 240, 74, 71
31, 241, 74, 16
31, 117, 74, 19
31, 119, 74, 40
31, 121, 74, 38
31, 388, 75, 49
31, 392, 75, 5
31, 527, 75, 71
31, 272, 75, 39
31, 401, 75, 82
31, 542, 75, 49
31, 161, 75, 25
31, 54, 75, 29
31, 316, 75, 86
31, 445, 75, 15
31, 585, 75, 6
31, 76, 75, 46
31, 211, 75, 21
31, 356, 75, 86
31, 498, 75, 95
31, 375, 75, 48
31, 508, 75, 26
31, 126, 75, 5
31, 511, 75, 13
31, 550, 76, 91
31, 122, 76, 96
31, 424, 76, 19
31, 458, 76, 86
31, 530, 76, 65
31, 185, 76, 87
31, 90, 76, 62
31, 63, 76, 28
31, 64, 77, 75
31, 130, 77, 87
31, 419, 77, 10
31, 90, 77, 62
31, 38, 77, 47
31, 455, 77, 76
31, 383, 77, 84
31, 105, 77, 95
31, 110, 77, 51
31, 341, 77, 45
31, 439, 77, 58
31, 217, 77, 82
31, 250, 77, 49
31, 155, 77, 74
31, 127, 77, 5
31, 63, 77, 28
31, 287, 77, 72
31, 256, 78, 60
31, 131, 78, 71
31, 424, 78, 19
31, 298, 78, 33
31, 107, 78, 46
31, 13, 78, 94
31, 269, 78, 2
31, 143, 78, 7
31, 144, 78, 19
31, 113, 78, 58
31, 146, 78, 93
31, 85, 78, 52
31, 54, 78, 29
31, 346, 78, 90
31, 286, 78, 57
31, 351, 78, 84
31, 1, 79, 92
31, 388, 79, 49
31, 133, 79, 56
31, 141, 79, 49
31, 530, 79, 65
31, 533, 79, 100
31, 285, 79, 27
31, 551, 79, 40
31, 428, 79, 75
31, 302, 79, 65
31, 436, 79, 99
31, 188, 79, 17
31, 196, 79, 7
31, 76, 79, 46
31, 88, 79, 9
31, 92, 79, 23
31, 230, 79, 77
31, 487, 79, 14
31, 233, 79, 25
31, 247, 79, 34
31, 386, 80, 74
31, 486, 80, 43
31, 250, 80, 49
31, 431, 80, 99
31, 80, 80, 75
31, 561, 80, 34
31, 220, 80, 62
31, 309, 80, 34
31, 438, 80, 7
31, 316, 80, 86
31, 505, 80, 92
31, 154, 80, 76
31, 572, 80, 6
31, 2, 81, 90
31, 383, 81, 84
31, 264, 81, 70
31, 23, 81, 91
31, 283, 81, 36
31, 159, 81, 51
31, 31, 81, 87
31, 292, 81, 42
31, 293, 81, 40
31, 43, 81, 3
31, 433, 81, 72
31, 563, 81, 44
31, 569, 81, 36
31, 586, 81, 80
31, 74, 81, 55
31, 336, 81, 70
31, 210, 81, 37
31, 83, 81, 48
31, 345, 81, 100
31, 477, 81, 6
31, 498, 81, 95
31, 117, 81, 19
31, 247, 81, 34
31, 508, 81, 26
31, 255, 81, 15
31, 387, 82, 12
31, 134, 82, 68
31, 136, 82, 9
31, 392, 82, 5
31, 143, 82, 7
31, 403, 82, 8
31, 535, 82, 45
31, 414, 82, 59
31, 34, 82, 41
31, 425, 82, 42
31, 302, 82, 65
31, 306, 82, 59
31, 180, 82, 25
31, 568, 82, 84
31, 443, 82, 8
31, 199, 82, 80
31, 340, 82, 73
31, 214, 82, 19
31, 345, 82, 100
31, 355, 82, 14
31, 249, 82, 35
31, 369, 82, 78
31, 247, 82, 34
31, 121, 82, 38
31, 128, 83, 100
31, 480, 83, 13
31, 578, 83, 48
31, 551, 83, 40
31, 328, 83, 70
31, 42, 83, 7
31, 362, 83, 81
31, 10, 83, 13
31, 557, 83, 83
31, 110, 83, 51
31, 335, 83, 59
31, 525, 83, 51
31, 76, 83, 46
31, 406, 83, 36
31, 313, 83, 26
31, 93, 83, 92
31, 127, 83, 5
31, 3, 84, 66
31, 389, 84, 43
31, 278, 84, 57
31, 25, 84, 61
31, 537, 84, 27
31, 541, 84, 87
31, 162, 84, 76
31, 548, 84, 32
31, 425, 84, 42
31, 558, 84, 63
31, 431, 84, 99
31, 305, 84, 17
31, 49, 84, 40
31, 564, 84, 13
31, 436, 84, 99
31, 308, 84, 13
31, 567, 84, 74
31, 57, 84, 2
31, 314, 84, 15
31, 327, 84, 15
31, 199, 84, 80
31, 341, 84, 45
31, 352, 84, 66
31, 490, 84, 44
31, 377, 84, 14
31, 121, 85, 38
31, 514, 85, 67
31, 387, 85, 12
31, 421, 85, 8
31, 582, 85, 39
31, 167, 85, 45
31, 587, 85, 77
31, 301, 85, 26
31, 597, 85, 14
31, 310, 85, 56
31, 24, 85, 41
31, 505, 85, 92
31, 315, 85, 55
31, 6, 86, 31
31, 524, 86, 94
31, 399, 86, 96
31, 16, 86, 67
31, 31, 86, 87
31, 552, 86, 4
31, 430, 86, 89
31, 566, 86, 31
31, 567, 86, 74
31, 444, 86, 51
31, 318, 86, 47
31, 77, 86, 62
31, 78, 86, 71
31, 336, 86, 70
31, 465, 86, 81
31, 468, 86, 49
31, 473, 86, 50
31, 228, 86, 85
31, 112, 86, 16
31, 502, 86, 58
31, 374, 86, 18
31, 136, 87, 9
31, 555, 87, 27
31, 107, 87, 46
31, 346, 87, 90
31, 285, 87, 27
31, 400, 88, 14
31, 405, 88, 50
31, 406, 88, 36
31, 282, 88, 79
31, 411, 88, 2
31, 32, 88, 89
31, 171, 88, 1
31, 174, 88, 79
31, 303, 88, 7
31, 180, 88, 25
31, 318, 88, 47
31, 447, 88, 49
31, 195, 88, 36
31, 74, 88, 55
31, 469, 88, 39
31, 87, 88, 14
31, 117, 88, 19
31, 504, 88, 15
31, 254, 88, 33
31, 321, 89, 59
31, 133, 89, 56
31, 519, 89, 50
31, 201, 89, 14
31, 365, 89, 83
31, 495, 89, 63
31, 207, 89, 63
31, 309, 89, 34
31, 376, 89, 19
31, 569, 89, 36
31, 189, 89, 54
31, 63, 89, 28
31, 161, 90, 25
31, 514, 90, 67
31, 581, 90, 9
31, 5, 90, 2
31, 326, 90, 6
31, 261, 90, 80
31, 233, 90, 25
31, 395, 90, 74
31, 46, 90, 96
31, 273, 90, 62
31, 531, 90, 43
31, 501, 90, 35
31, 246, 90, 56
31, 598, 90, 56
31, 408, 90, 25
31, 151, 90, 8
31, 156, 90, 54
31, 255, 90, 15
31, 385, 91, 61
31, 260, 91, 55
31, 165, 91, 4
31, 553, 91, 5
31, 363, 91, 33
31, 431, 91, 99
31, 207, 91, 63
31, 342, 91, 48
31, 254, 91, 33
31, 374, 91, 18
31, 478, 91, 98
31, 226, 92, 54
31, 100, 92, 52
31, 486, 92, 43
31, 266, 92, 89
31, 240, 92, 71
31, 49, 92, 40
31, 503, 92, 5
31, 568, 92, 84
31, 250, 92, 49
31, 388, 93, 49
31, 196, 93, 7
31, 198, 93, 67
31, 360, 93, 88
31, 15, 93, 12
31, 217, 93, 82
31, 30, 93, 44
31, 387, 94, 12
31, 515, 94, 21
31, 390, 94, 68
31, 526, 94, 17
31, 534, 94, 26
31, 152, 94, 75
31, 410, 94, 10
31, 163, 94, 27
31, 166, 94, 87
31, 435, 94, 34
31, 52, 94, 49
31, 53, 94, 42
31, 566, 94, 31
31, 310, 94, 56
31, 69, 94, 59
31, 585, 94, 6
31, 358, 94, 12
31, 111, 94, 7
31, 381, 94, 78
31, 510, 94, 73
31, 4, 95, 94
31, 143, 95, 7
31, 144, 95, 19
31, 410, 95, 10
31, 539, 95, 69
31, 540, 95, 45
31, 414, 95, 59
31, 419, 95, 10
31, 296, 95, 5
31, 427, 95, 12
31, 569, 95, 36
31, 58, 95, 32
31, 187, 95, 4
31, 65, 95, 77
31, 452, 95, 35
31, 582, 95, 39
31, 588, 95, 28
31, 77, 95, 62
31, 591, 95, 66
31, 469, 95, 39
31, 362, 95, 81
31, 493, 95, 36
31, 240, 95, 71
31, 505, 95, 92
31, 385, 96, 61
31, 227, 96, 64
31, 134, 96, 68
31, 198, 96, 67
31, 553, 96, 5
31, 11, 96, 50
31, 236, 96, 96
31, 139, 96, 89
31, 460, 96, 58
31, 15, 96, 12
31, 307, 96, 5
31, 373, 96, 48
31, 26, 96, 90
31, 223, 96, 49
31, 354, 97, 95
31, 197, 97, 82
31, 518, 97, 42
31, 135, 97, 96
31, 200, 97, 39
31, 490, 97, 44
31, 111, 97, 7
31, 369, 97, 78
31, 370, 97, 17
31, 211, 97, 21
31, 402, 97, 69
31, 277, 97, 94
31, 150, 97, 6
31, 55, 97, 16
31, 153, 97, 31
31, 538, 97, 92
31, 412, 97, 58
31, 388, 98, 49
31, 581, 98, 9
31, 164, 98, 35
31, 132, 98, 74
31, 230, 98, 77
31, 425, 98, 42
31, 458, 98, 86
31, 234, 98, 89
31, 108, 98, 90
31, 174, 98, 79
31, 598, 98, 56
31, 183, 98, 52
31, 282, 98, 79
31, 29, 98, 84
31, 512, 99, 45
31, 516, 99, 17
31, 17, 99, 29
31, 530, 99, 65
31, 537, 99, 27
31, 32, 99, 89
31, 47, 99, 14
31, 48, 99, 10
31, 177, 99, 92
31, 178, 99, 16
31, 180, 99, 25
31, 316, 99, 86
31, 575, 99, 31
31, 65, 99, 77
31, 330, 99, 80
31, 339, 99, 84
31, 346, 99, 90
31, 351, 99, 84
31, 97, 99, 94
31, 500, 99, 92
31, 372, 99, 84
31, 381, 99, 78
31, 586, 100, 80
31, 331, 100, 43
31, 592, 100, 40
31, 498, 100, 95
31, 180, 100, 25
31, 568, 100, 84
31, 506, 100, 80
31, 353, 101, 23
31, 418, 101, 34
31, 3, 101, 66
31, 324, 101, 96
31, 573, 101, 48
31, 550, 101, 91
31, 395, 101, 74
31, 462, 101, 9
31, 336, 101, 70
31, 564, 101, 13
31, 58, 101, 32
31, 253, 101, 66
31, 223, 101, 49
31, 290, 102, 41
31, 471, 102, 100
31, 487, 102, 14
31, 73, 102, 53
31, 11, 102, 50
31, 60, 102, 42
31, 244, 102, 21
31, 149, 102, 30
31, 55, 102, 16
31, 25, 102, 61
31, 540, 102, 45
31, 222, 102, 65
31, 352, 103, 66
31, 259, 103, 14
31, 262, 103, 52
31, 393, 103, 30
31, 586, 103, 80
31, 396, 103, 17
31, 524, 103, 94
31, 16, 103, 67
31, 435, 103, 34
31, 371, 103, 73
31, 280, 103, 38
31, 258, 104, 57
31, 520, 104, 16
31, 527, 104, 71
31, 405, 104, 50
31, 293, 104, 40
31, 421, 104, 8
31, 553, 104, 5
31, 427, 104, 12
31, 556, 104, 39
31, 301, 104, 26
31, 302, 104, 65
31, 567, 104, 74
31, 64, 104, 75
31, 76, 104, 46
31, 77, 104, 62
31, 591, 104, 66
31, 84, 104, 66
31, 345, 104, 100
31, 352, 104, 66
31, 481, 104, 39
31, 100, 104, 52
31, 363, 104, 33
31, 112, 104, 16
31, 249, 104, 35
31, 290, 105, 41
31, 547, 105, 27
31, 542, 105, 49
31, 443, 105, 8
31, 508, 105, 26
31, 158, 105, 33
31, 1, 106, 92
31, 458, 106, 86
31, 267, 106, 43
31, 108, 106, 90
31, 508, 106, 26
31, 366, 106, 2
31, 111, 106, 7
31, 144, 106, 19
31, 460, 106, 58
31, 18, 106, 67
31, 52, 106, 49
31, 118, 106, 88
31, 440, 106, 23
31, 572, 106, 6
31, 158, 106, 33
31, 1, 107, 92
31, 391, 107, 88
31, 10, 107, 13
31, 530, 107, 65
31, 146, 107, 93
31, 152, 107, 75
31, 158, 107, 33
31, 294, 107, 41
31, 39, 107, 28
31, 309, 107, 34
31, 55, 107, 16
31, 445, 107, 15
31, 576, 107, 70
31, 64, 107, 75
31, 66, 107, 16
31, 195, 107, 36
31, 198, 107, 67
31, 586, 107, 80
31, 87, 107, 14
31, 220, 107, 62
31, 500, 107, 92
31, 372, 107, 84
31, 122, 107, 96
31, 321, 108, 59
31, 4, 108, 94
31, 281, 108, 75
31, 550, 108, 91
31, 457, 108, 85
31, 170, 108, 75
31, 239, 108, 40
31, 240, 108, 71
31, 273, 108, 62
31, 19, 108, 51
31, 52, 108, 49
31, 247, 108, 34
31, 89, 108, 5
31, 62, 108, 16
31, 447, 108, 49
31, 519, 109, 50
31, 521, 109, 72
31, 10, 109, 13
31, 528, 109, 38
31, 148, 109, 22
31, 411, 109, 2
31, 288, 109, 97
31, 544, 109, 92
31, 290, 109, 41
31, 292, 109, 42
31, 322, 109, 32
31, 207, 109, 63
31, 346, 109, 90
31, 476, 109, 65
31, 98, 109, 7
31, 101, 109, 83
31, 230, 109, 77
31, 105, 109, 95
31, 234, 109, 89
31, 492, 109, 9
31, 369, 109, 78
31, 114, 109, 99
31, 251, 109, 7
31, 170, 110, 75
31, 465, 110, 81
31, 594, 110, 77
31, 470, 110, 75
31, 248, 110, 73
31, 413, 110, 70
31, 480, 111, 13
31, 481, 111, 39
31, 225, 111, 83
31, 544, 111, 92
31, 37, 111, 28
31, 229, 111, 82
31, 553, 111, 5
31, 234, 111, 89
31, 427, 111, 12
31, 431, 111, 99
31, 208, 111, 55
31, 145, 111, 67
31, 242, 111, 96
31, 498, 111, 95
31, 405, 111, 50
31, 253, 111, 66
31, 446, 111, 77
31, 520, 112, 16
31, 266, 112, 89
31, 529, 112, 87
31, 150, 112, 6
31, 536, 112, 89
31, 162, 112, 76
31, 164, 112, 35
31, 424, 112, 19
31, 426, 112, 80
31, 561, 112, 34
31, 306, 112, 59
31, 566, 112, 31
31, 444, 112, 51
31, 317, 112, 73
31, 448, 112, 26
31, 449, 112, 83
31, 334, 112, 14
31, 84, 112, 66
31, 469, 112, 39
31, 106, 112, 51
31, 109, 112, 4
31, 373, 112, 48
31, 501, 112, 35
31, 192, 113, 95
31, 577, 113, 45
31, 483, 113, 16
31, 99, 113, 73
31, 582, 113, 39
31, 397, 113, 83
31, 399, 113, 96
31, 272, 113, 39
31, 81, 113, 20
31, 51, 113, 41
31, 406, 113, 36
31, 439, 113, 58
31, 124, 113, 2
31, 311, 113, 16
31, 94, 113, 97
31, 321, 114, 59
31, 483, 114, 16
31, 452, 114, 35
31, 579, 114, 10
31, 555, 114, 27
31, 493, 114, 36
31, 465, 114, 81
31, 19, 114, 51
31, 342, 114, 48
31, 183, 114, 52
31, 88, 114, 9
31, 60, 114, 42
31, 573, 114, 48
31, 575, 114, 31
31, 599, 115, 46
31, 263, 115, 20
31, 424, 115, 19
31, 393, 115, 30
31, 106, 115, 51
31, 428, 115, 75
31, 525, 115, 51
31, 334, 115, 14
31, 432, 115, 27
31, 528, 115, 38
31, 87, 115, 14
31, 312, 115, 88
31, 318, 115, 47
31, 291, 116, 94
31, 260, 116, 55
31, 357, 116, 28
31, 397, 116, 83
31, 177, 116, 92
31, 244, 116, 21
31, 533, 116, 100
31, 308, 116, 13
31, 570, 116, 65
31, 372, 116, 84
31, 154, 116, 76
31, 577, 117, 45
31, 135, 117, 96
31, 552, 117, 4
31, 363, 117, 33
31, 184, 117, 60
31, 88, 117, 9
31, 121, 118, 38
31, 484, 118, 95
31, 549, 118, 14
31, 326, 118, 6
31, 263, 118, 20
31, 527, 118, 71
31, 433, 118, 72
31, 306, 118, 59
31, 369, 118, 78
31, 19, 118, 51
31, 215, 118, 41
31, 569, 118, 36
31, 539, 118, 69
31, 319, 118, 74
31, 257, 119, 91
31, 9, 119, 7
31, 12, 119, 55
31, 156, 119, 54
31, 32, 119, 89
31, 162, 119, 76
31, 163, 119, 27
31, 35, 119, 52
31, 294, 119, 41
31, 551, 119, 40
31, 40, 119, 50
31, 186, 119, 70
31, 73, 119, 53
31, 206, 119, 95
31, 348, 119, 23
31, 497, 119, 91
31, 498, 119, 95
31, 242, 119, 96
31, 248, 119, 73
31, 506, 119, 80
31, 252, 119, 45
31, 416, 120, 63
31, 385, 120, 61
31, 259, 120, 14
31, 35, 120, 52
31, 261, 120, 80
31, 9, 120, 7
31, 330, 120, 80
31, 110, 120, 51
31, 530, 120, 65
31, 307, 120, 5
31, 596, 120, 49
31, 597, 120, 14
31, 20, 120, 90
31, 339, 120, 84
31, 537, 120, 27
31, 126, 120, 5
31, 31, 120, 87
31, 225, 121, 83
31, 579, 121, 10
31, 9, 121, 7
31, 398, 121, 53
31, 335, 121, 59
31, 593, 121, 89
31, 433, 121, 72
31, 569, 121, 36
31, 122, 121, 96
31, 38, 122, 47
31, 103, 122, 87
31, 313, 122, 26
31, 41, 122, 46
31, 114, 122, 99
31, 370, 122, 17
31, 306, 122, 59
31, 278, 122, 57
31, 215, 122, 41
31, 344, 122, 10
31, 217, 122, 82
31, 218, 122, 76
31, 124, 122, 2
31, 221, 122, 49
31, 7, 123, 89
31, 424, 123, 19
31, 51, 123, 41
31, 596, 123, 49
31, 217, 123, 82
31, 543, 123, 99
31, 128, 124, 100
31, 387, 124, 12
31, 522, 124, 89
31, 267, 124, 43
31, 21, 124, 22
31, 537, 124, 27
31, 538, 124, 92
31, 31, 124, 87
31, 416, 124, 63
31, 164, 124, 35
31, 424, 124, 19
31, 435, 124, 34
31, 52, 124, 49
31, 182, 124, 22
31, 566, 124, 31
31, 571, 124, 65
31, 325, 124, 48
31, 454, 124, 55
31, 458, 124, 86
31, 593, 124, 89
31, 352, 124, 66
31, 365, 124, 83
31, 246, 124, 56
31, 122, 124, 96
31, 454, 125, 55
31, 103, 125, 87
31, 266, 125, 89
31, 364, 125, 82
31, 111, 125, 7
31, 243, 125, 42
31, 505, 125, 92
31, 224, 126, 80
31, 480, 126, 13
31, 71, 126, 6
31, 171, 126, 1
31, 13, 126, 94
31, 430, 126, 89
31, 206, 126, 95
31, 175, 126, 4
31, 526, 126, 17
31, 18, 126, 67
31, 339, 126, 84
31, 403, 126, 8
31, 147, 126, 56
31, 312, 126, 88
31, 474, 126, 72
31, 191, 126, 22
31, 513, 127, 45
31, 519, 127, 50
31, 269, 127, 2
31, 141, 127, 49
31, 526, 127, 17
31, 401, 127, 82
31, 405, 127, 50
31, 279, 127, 28
31, 26, 127, 90
31, 415, 127, 35
31, 169, 127, 29
31, 176, 127, 57
31, 50, 127, 83
31, 51, 127, 41
31, 311, 127, 16
31, 59, 127, 42
31, 68, 127, 88
31, 331, 127, 43
31, 468, 127, 49
31, 221, 127, 49
31, 97, 127, 94
31, 357, 127, 28
31, 102, 127, 65
31, 498, 127, 95
31, 256, 128, 60
31, 387, 128, 12
31, 270, 128, 66
31, 533, 128, 100
31, 22, 128, 40
31, 162, 128, 76
31, 34, 128, 41
31, 39, 128, 28
31, 555, 128, 27
31, 46, 128, 96
31, 50, 128, 83
31, 309, 128, 34
31, 324, 128, 96
31, 330, 128, 80
31, 209, 128, 89
31, 599, 128, 46
31, 95, 128, 57
31, 484, 128, 95
31, 367, 128, 1
31, 369, 128, 78
31, 128, 129, 100
31, 68, 129, 88
31, 356, 129, 86
31, 584, 129, 81
31, 522, 129, 89
31, 143, 129, 7
31, 528, 129, 38
31, 529, 129, 87
31, 83, 129, 48
31, 85, 129, 52
31, 341, 129, 45
31, 183, 129, 52
31, 408, 129, 25
31, 93, 129, 92
31, 350, 129, 27
31, 260, 130, 55
31, 261, 130, 80
31, 274, 130, 62
31, 408, 130, 25
31, 29, 130, 84
31, 157, 130, 7
31, 543, 130, 99
31, 291, 130, 94
31, 36, 130, 85
31, 423, 130, 14
31, 429, 130, 38
31, 559, 130, 52
31, 63, 130, 28
31, 67, 130, 18
31, 204, 130, 63
31, 210, 130, 37
31, 472, 130, 69
31, 473, 130, 50
31, 110, 130, 51
31, 368, 130, 18
31, 121, 130, 38
31, 124, 130, 2
31, 127, 130, 5
31, 516, 131, 17
31, 265, 131, 47
31, 267, 131, 43
31, 396, 131, 17
31, 147, 131, 56
31, 23, 131, 91
31, 288, 131, 97
31, 416, 131, 63
31, 170, 131, 75
31, 555, 131, 27
31, 310, 131, 56
31, 463, 131, 100
31, 598, 131, 56
31, 215, 131, 41
31, 95, 131, 57
31, 98, 131, 7
31, 484, 131, 95
31, 104, 131, 22
31, 119, 131, 40
31, 507, 131, 22
31, 382, 131, 72
31, 511, 131, 13
31, 547, 132, 27
31, 68, 132, 88
31, 230, 132, 77
31, 393, 132, 30
31, 300, 132, 53
31, 368, 132, 18
31, 177, 132, 92
31, 82, 132, 13
31, 284, 132, 7
31, 22, 132, 40
31, 377, 132, 14
31, 219, 132, 92
31, 92, 132, 23
31, 126, 132, 5
31, 70, 133, 51
31, 108, 133, 90
31, 524, 133, 94
31, 337, 133, 35
31, 596, 133, 49
31, 23, 133, 91
31, 441, 133, 88
31, 123, 133, 41
31, 262, 134, 52
31, 146, 134, 93
31, 149, 134, 30
31, 556, 134, 39
31, 179, 134, 70
31, 180, 134, 25
31, 568, 134, 84
31, 188, 134, 17
31, 445, 134, 15
31, 457, 134, 85
31, 78, 134, 71
31, 593, 134, 89
31, 594, 134, 77
31, 87, 134, 14
31, 345, 134, 100
31, 92, 134, 23
31, 233, 134, 25
31, 362, 134, 81
31, 118, 134, 88
31, 377, 134, 14
31, 257, 135, 91
31, 261, 135, 80
31, 6, 135, 31
31, 520, 135, 16
31, 285, 135, 27
31, 416, 135, 63
31, 288, 135, 97
31, 300, 135, 53
31, 428, 135, 75
31, 311, 135, 16
31, 183, 135, 52
31, 316, 135, 86
31, 317, 135, 73
31, 196, 135, 7
31, 587, 135, 77
31, 589, 135, 88
31, 594, 135, 77
31, 485, 135, 69
31, 102, 135, 65
31, 232, 135, 18
31, 370, 135, 17
31, 507, 135, 22
31, 521, 136, 72
31, 138, 136, 78
31, 404, 136, 8
31, 276, 136, 86
31, 408, 136, 25
31, 413, 136, 70
31, 39, 136, 28
31, 44, 136, 83
31, 573, 136, 48
31, 61, 136, 69
31, 576, 136, 70
31, 579, 136, 10
31, 580, 136, 25
31, 196, 136, 7
31, 329, 136, 84
31, 460, 136, 58
31, 463, 136, 100
31, 85, 136, 52
31, 90, 136, 62
31, 222, 136, 65
31, 495, 136, 63
31, 499, 136, 48
31, 118, 136, 88
31, 376, 136, 19
31, 32, 137, 89
31, 290, 137, 41
31, 195, 137, 36
31, 59, 137, 42
31, 41, 137, 46
31, 204, 137, 63
31, 142, 137, 94
31, 143, 137, 7
31, 144, 137, 19
31, 147, 137, 56
31, 85, 137, 52
31, 279, 137, 28
31, 409, 137, 90
31, 538, 137, 92
31, 539, 137, 69
31, 511, 137, 13
31, 322, 138, 32
31, 550, 138, 91
31, 336, 138, 70
31, 53, 138, 42
31, 213, 138, 74
31, 445, 138, 15
31, 322, 139, 32
31, 99, 139, 73
31, 517, 139, 14
31, 489, 139, 95
31, 205, 139, 22
31, 431, 139, 99
31, 241, 139, 16
31, 497, 139, 91
31, 406, 139, 36
31, 507, 139, 22
31, 473, 139, 50
31, 506, 139, 80
31, 443, 139, 8
31, 220, 139, 62
31, 62, 139, 16
31, 0, 140, 54
31, 7, 140, 89
31, 392, 140, 5
31, 276, 140, 86
31, 408, 140, 25
31, 281, 140, 75
31, 169, 140, 29
31, 431, 140, 99
31, 434, 140, 61
31, 312, 140, 88
31, 186, 140, 70
31, 192, 140, 95
31, 67, 140, 18
31, 579, 140, 10
31, 72, 140, 61
31, 93, 140, 92
31, 488, 140, 45
31, 498, 140, 95
31, 249, 140, 35
31, 508, 140, 26
31, 509, 140, 18
31, 544, 141, 92
31, 256, 141, 60
31, 451, 141, 70
31, 292, 141, 42
31, 581, 141, 9
31, 323, 141, 73
31, 542, 141, 49
31, 393, 141, 30
31, 173, 141, 32
31, 367, 141, 1
31, 528, 141, 38
31, 592, 141, 40
31, 468, 141, 49
31, 25, 141, 61
31, 122, 141, 96
31, 509, 141, 18
31, 286, 141, 57
31, 386, 142, 74
31, 260, 142, 55
31, 458, 142, 86
31, 587, 142, 77
31, 555, 142, 27
31, 172, 142, 97
31, 223, 142, 49
31, 35, 143, 52
31, 295, 143, 33
31, 398, 143, 53
31, 279, 143, 28
31, 312, 143, 88
31, 384, 144, 24
31, 520, 144, 16
31, 138, 144, 78
31, 538, 144, 92
31, 283, 144, 36
31, 180, 144, 25
31, 565, 144, 10
31, 55, 144, 16
31, 442, 144, 76
31, 446, 144, 77
31, 580, 144, 25
31, 198, 144, 67
31, 332, 144, 16
31, 212, 144, 10
31, 470, 144, 75
31, 348, 144, 23
31, 229, 144, 82
31, 487, 144, 14
31, 110, 144, 51
31, 240, 144, 71
31, 369, 144, 78
31, 376, 144, 19
31, 377, 144, 14
31, 265, 145, 47
31, 522, 145, 89
31, 589, 145, 88
31, 467, 145, 52
31, 148, 145, 22
31, 312, 145, 88
31, 216, 145, 80
31, 457, 146, 85
31, 233, 146, 25
31, 368, 146, 18
31, 340, 146, 73
31, 501, 146, 35
31, 509, 146, 18
31, 354, 147, 95
31, 483, 147, 16
31, 200, 147, 39
31, 585, 147, 6
31, 136, 147, 9
31, 363, 147, 33
31, 109, 147, 4
31, 238, 147, 45
31, 338, 147, 31
31, 532, 147, 59
31, 439, 147, 58
31, 316, 147, 86
31, 157, 147, 7
31, 512, 148, 45
31, 7, 148, 89
31, 141, 148, 49
31, 276, 148, 86
31, 277, 148, 94
31, 26, 148, 90
31, 157, 148, 7
31, 286, 148, 57
31, 168, 148, 8
31, 440, 148, 23
31, 56, 148, 83
31, 186, 148, 70
31, 193, 148, 46
31, 450, 148, 15
31, 459, 148, 21
31, 331, 148, 43
31, 87, 148, 14
31, 344, 148, 10
31, 89, 148, 5
31, 98, 148, 7
31, 105, 148, 95
31, 233, 148, 25
31, 492, 148, 9
31, 380, 148, 17
31, 225, 149, 83
31, 2, 149, 90
31, 263, 149, 20
31, 103, 149, 87
31, 10, 149, 13
31, 300, 149, 53
31, 524, 149, 94
31, 271, 149, 27
31, 15, 149, 12
31, 273, 149, 62
31, 433, 149, 72
31, 83, 149, 48
31, 506, 149, 80
31, 318, 149, 47
31, 127, 149, 5
31, 34, 150, 41
31, 163, 150, 27
31, 485, 150, 69
31, 293, 150, 40
31, 90, 150, 62
31, 229, 150, 82
31, 108, 150, 90
31, 496, 150, 54
31, 594, 150, 77
31, 85, 150, 52
31, 342, 150, 48
31, 214, 150, 19
31, 248, 150, 73
31, 249, 150, 35
31, 186, 150, 70
31, 379, 150, 78
31, 352, 151, 66
31, 387, 151, 12
31, 516, 151, 17
31, 299, 151, 72
31, 235, 151, 100
31, 461, 151, 38
31, 365, 151, 83
31, 368, 151, 18
31, 145, 151, 67
31, 176, 151, 57
31, 221, 151, 49
31, 3, 152, 66
31, 478, 152, 98
31, 231, 152, 6
31, 520, 152, 16
31, 41, 152, 46
31, 76, 152, 46
31, 398, 152, 53
31, 79, 152, 11
31, 50, 152, 83
31, 402, 152, 69
31, 148, 152, 22
31, 277, 152, 94
31, 534, 152, 26
31, 542, 152, 49
31, 160, 153, 49
31, 385, 153, 61
31, 3, 153, 66
31, 459, 153, 21
31, 205, 153, 22
31, 142, 153, 94
31, 558, 153, 63
31, 496, 153, 54
31, 589, 153, 88
31, 466, 153, 26
31, 83, 153, 48
31, 373, 153, 48
31, 22, 153, 40
31, 213, 153, 74
31, 221, 153, 49
31, 97, 154, 94
31, 292, 154, 42
31, 168, 154, 8
31, 555, 154, 27
31, 528, 154, 38
31, 284, 154, 7
31, 152, 154, 75
31, 444, 154, 51
31, 386, 155, 74
31, 258, 155, 57
31, 131, 155, 71
31, 278, 155, 57
31, 536, 155, 89
31, 414, 155, 59
31, 286, 155, 57
31, 51, 155, 41
31, 565, 155, 10
31, 55, 155, 16
31, 444, 155, 51
31, 61, 155, 69
31, 445, 155, 15
31, 575, 155, 31
31, 330, 155, 80
31, 74, 155, 55
31, 337, 155, 35
31, 596, 155, 49
31, 217, 155, 82
31, 90, 155, 62
31, 99, 155, 73
31, 484, 155, 95
31, 112, 155, 16
31, 113, 155, 58
31, 375, 155, 48
31, 576, 156, 70
31, 34, 156, 41
31, 391, 156, 88
31, 76, 156, 46
31, 493, 156, 36
31, 558, 156, 63
31, 398, 156, 53
31, 219, 156, 92
31, 337, 156, 35
31, 303, 156, 7
31, 237, 156, 70
31, 84, 156, 66
31, 247, 156, 34
31, 539, 156, 69
31, 347, 156, 65
31, 252, 156, 45
31, 520, 157, 16
31, 138, 157, 78
31, 500, 157, 92
31, 471, 157, 100
31, 317, 157, 73
31, 223, 157, 49
31, 194, 158, 33
31, 323, 158, 73
31, 6, 158, 31
31, 105, 158, 95
31, 362, 158, 81
31, 330, 158, 80
31, 364, 158, 82
31, 461, 158, 38
31, 429, 158, 38
31, 43, 158, 3
31, 526, 158, 17
31, 179, 158, 70
31, 468, 158, 49
31, 276, 158, 86
31, 343, 158, 65
31, 215, 158, 41
31, 219, 158, 92
31, 350, 158, 27
31, 248, 159, 73
31, 386, 159, 74
31, 291, 159, 94
31, 137, 159, 14
31, 266, 159, 89
31, 106, 159, 51
31, 108, 159, 90
31, 301, 159, 26
31, 205, 159, 22
31, 239, 159, 40
31, 440, 159, 23
31, 510, 159, 73
31, 287, 159, 72
31, 514, 160, 67
31, 486, 160, 43
31, 458, 160, 86
31, 561, 160, 34
31, 562, 160, 75
31, 465, 160, 81
31, 468, 160, 49
31, 27, 160, 80
31, 388, 161, 49
31, 15, 161, 12
31, 417, 161, 3
31, 547, 161, 27
31, 46, 161, 96
31, 431, 161, 99
31, 561, 161, 34
31, 178, 161, 16
31, 54, 161, 29
31, 320, 161, 20
31, 217, 161, 82
31, 348, 161, 23
31, 351, 161, 84
31, 250, 161, 49
31, 235, 161, 100
31, 493, 161, 36
31, 237, 161, 70
31, 243, 161, 42
31, 122, 161, 96
31, 448, 162, 26
31, 192, 162, 95
31, 548, 162, 32
31, 551, 162, 40
31, 169, 162, 29
31, 171, 162, 1
31, 13, 162, 94
31, 15, 162, 12
31, 337, 162, 35
31, 305, 162, 17
31, 87, 162, 14
31, 535, 162, 45
31, 520, 163, 16
31, 396, 163, 17
31, 528, 163, 38
31, 535, 163, 45
31, 410, 163, 10
31, 30, 163, 44
31, 423, 163, 14
31, 559, 163, 52
31, 307, 163, 5
31, 309, 163, 34
31, 319, 163, 74
31, 202, 163, 46
31, 459, 163, 21
31, 465, 163, 81
31, 338, 163, 31
31, 213, 163, 74
31, 481, 163, 39
31, 362, 163, 81
31, 112, 163, 16
31, 510, 163, 73
31, 407, 164, 64
31, 599, 164, 46
31, 489, 164, 95
31, 458, 164, 86
31, 171, 164, 1
31, 267, 164, 43
31, 41, 164, 46
31, 74, 164, 55
31, 559, 164, 52
31, 83, 164, 48
31, 147, 164, 56
31, 19, 164, 51
31, 471, 164, 100
31, 217, 164, 82
31, 571, 164, 65
31, 348, 164, 23
31, 350, 164, 27
31, 287, 164, 72
31, 547, 165, 27
31, 260, 165, 55
31, 580, 165, 25
31, 4, 165, 94
31, 7, 165, 89
31, 297, 165, 15
31, 426, 165, 80
31, 28, 165, 49
31, 302, 165, 65
31, 563, 165, 44
31, 312, 165, 88
31, 444, 165, 51
31, 445, 165, 15
31, 485, 166, 69
31, 102, 166, 65
31, 302, 166, 65
31, 274, 166, 62
31, 50, 166, 83
31, 29, 166, 84
31, 511, 166, 13
31, 0, 167, 54
31, 129, 167, 86
31, 324, 167, 96
31, 217, 167, 82
31, 486, 167, 43
31, 551, 167, 40
31, 298, 167, 33
31, 75, 167, 14
31, 76, 167, 46
31, 238, 167, 45
31, 22, 167, 40
31, 475, 167, 13
31, 440, 167, 23
31, 441, 167, 88
31, 87, 167, 14
31, 155, 167, 74
31, 127, 167, 5
31, 295, 168, 33
31, 524, 168, 94
31, 44, 168, 83
31, 178, 168, 16
31, 370, 168, 17
31, 277, 168, 94
31, 344, 168, 10
31, 156, 168, 54
31, 384, 169, 24
31, 103, 169, 87
31, 328, 169, 70
31, 393, 169, 30
31, 554, 169, 82
31, 555, 169, 27
31, 75, 169, 14
31, 174, 169, 79
31, 559, 169, 52
31, 434, 169, 61
31, 404, 169, 8
31, 277, 169, 94
31, 246, 169, 56
31, 567, 169, 74
31, 348, 169, 23
31, 181, 169, 73
31, 476, 169, 65
31, 30, 169, 44
31, 223, 170, 49
31, 548, 170, 32
31, 293, 170, 40
31, 325, 170, 48
31, 262, 170, 52
31, 360, 170, 88
31, 457, 170, 85
31, 427, 170, 12
31, 45, 170, 72
31, 304, 170, 34
31, 595, 170, 24
31, 277, 170, 94
31, 317, 170, 73
31, 318, 170, 47
31, 255, 170, 15
31, 1, 171, 92
31, 259, 171, 14
31, 69, 171, 59
31, 102, 171, 65
31, 234, 171, 89
31, 45, 171, 72
31, 533, 171, 100
31, 541, 171, 87
31, 190, 171, 81
31, 445, 171, 15
31, 98, 172, 7
31, 265, 172, 47
31, 202, 172, 46
31, 10, 172, 13
31, 268, 172, 97
31, 133, 173, 56
31, 276, 173, 86
31, 407, 173, 64
31, 281, 173, 75
31, 28, 173, 49
31, 550, 173, 91
31, 302, 173, 65
31, 179, 173, 70
31, 54, 173, 29
31, 569, 173, 36
31, 571, 173, 65
31, 191, 173, 22
31, 596, 173, 49
31, 599, 173, 46
31, 476, 173, 65
31, 480, 173, 13
31, 358, 173, 12
31, 103, 173, 87
31, 489, 173, 95
31, 371, 173, 73
31, 500, 173, 92
31, 246, 173, 56
31, 375, 173, 48
31, 124, 173, 2
31, 320, 174, 20
31, 384, 174, 24
31, 546, 174, 53
31, 554, 174, 82
31, 107, 174, 46
31, 333, 174, 54
31, 78, 174, 71
31, 273, 174, 62
31, 146, 174, 93
31, 373, 174, 48
31, 214, 174, 19
31, 280, 174, 38
31, 124, 174, 2
31, 222, 174, 65
31, 351, 174, 84
31, 482, 175, 44
31, 483, 175, 16
31, 98, 175, 7
31, 581, 175, 9
31, 68, 175, 88
31, 264, 175, 70
31, 553, 175, 5
31, 331, 175, 43
31, 269, 175, 2
31, 206, 175, 95
31, 303, 175, 7
31, 559, 175, 52
31, 209, 175, 89
31, 438, 175, 7
31, 157, 175, 7
31, 62, 175, 16
31, 543, 175, 99
31, 392, 176, 5
31, 457, 176, 85
31, 426, 176, 80
31, 79, 176, 11
31, 178, 176, 16
31, 573, 176, 48
31, 446, 176, 77
31, 451, 177, 70
31, 357, 177, 28
31, 298, 177, 33
31, 587, 177, 77
31, 494, 177, 78
31, 368, 177, 18
31, 401, 177, 82
31, 467, 177, 52
31, 52, 177, 49
31, 477, 177, 6
31, 384, 178, 24
31, 269, 178, 2
31, 147, 178, 56
31, 406, 178, 36
31, 536, 178, 89
31, 282, 178, 79
31, 31, 178, 87
31, 546, 178, 53
31, 557, 178, 83
31, 57, 178, 2
31, 314, 178, 15
31, 185, 178, 87
31, 572, 178, 6
31, 450, 178, 15
31, 208, 178, 55
31, 465, 178, 81
31, 95, 178, 57
31, 113, 178, 58
31, 242, 178, 96
31, 371, 178, 73
31, 502, 178, 58
31, 120, 178, 100
31, 122, 178, 96
31, 508, 178, 26
31, 0, 179, 54
31, 66, 179, 16
31, 291, 179, 94
31, 515, 179, 21
31, 261, 179, 80
31, 8, 179, 23
31, 459, 179, 21
31, 12, 179, 55
31, 301, 179, 26
31, 175, 179, 4
31, 497, 179, 91
31, 499, 179, 48
31, 438, 179, 7
31, 475, 179, 13
31, 509, 179, 18
31, 384, 180, 24
31, 4, 180, 94
31, 516, 180, 17
31, 519, 180, 50
31, 152, 180, 75
31, 168, 180, 8
31, 297, 180, 15
31, 564, 180, 13
31, 566, 180, 31
31, 183, 180, 52
31, 61, 180, 69
31, 581, 180, 9
31, 325, 180, 48
31, 208, 180, 55
31, 337, 180, 35
31, 483, 180, 16
31, 249, 180, 35
31, 375, 180, 48
31, 505, 180, 92
31, 217, 181, 82
31, 325, 181, 48
31, 361, 181, 15
31, 558, 181, 63
31, 179, 181, 70
31, 148, 181, 22
31, 62, 181, 16
31, 57, 181, 2
31, 283, 181, 36
31, 222, 181, 65
31, 70, 182, 51
31, 399, 182, 96
31, 496, 182, 54
31, 306, 182, 59
31, 504, 182, 15
31, 505, 182, 92
31, 58, 182, 32
31, 511, 182, 13
31, 259, 183, 14
31, 7, 183, 89
31, 528, 183, 38
31, 274, 183, 62
31, 147, 183, 56
31, 167, 183, 45
31, 171, 183, 1
31, 428, 183, 75
31, 46, 183, 96
31, 306, 183, 59
31, 179, 183, 70
31, 438, 183, 7
31, 444, 183, 51
31, 578, 183, 48
31, 580, 183, 25
31, 70, 183, 51
31, 328, 183, 70
31, 76, 183, 46
31, 209, 183, 89
31, 476, 183, 65
31, 358, 183, 12
31, 378, 183, 13
31, 250, 183, 49
31, 255, 183, 15
31, 291, 184, 94
31, 454, 184, 55
31, 518, 184, 42
31, 584, 184, 81
31, 202, 184, 46
31, 495, 184, 63
31, 468, 184, 49
31, 503, 184, 5
31, 376, 184, 19
31, 123, 184, 41
31, 512, 185, 45
31, 481, 185, 39
31, 289, 185, 58
31, 12, 185, 55
31, 109, 185, 4
31, 239, 185, 40
31, 208, 185, 55
31, 79, 185, 11
31, 51, 185, 41
31, 83, 185, 48
31, 566, 185, 31
31, 279, 185, 28
31, 472, 185, 69
31, 505, 185, 92
31, 315, 185, 55
31, 189, 185, 54
31, 579, 186, 10
31, 355, 186, 14
31, 429, 186, 38
31, 47, 186, 14
31, 535, 186, 45
31, 382, 187, 72
31, 17, 187, 29
31, 148, 187, 22
31, 156, 187, 54
31, 30, 187, 44
31, 286, 187, 57
31, 167, 187, 45
31, 428, 187, 75
31, 172, 187, 97
31, 50, 187, 83
31, 307, 187, 5
31, 440, 187, 23
31, 579, 187, 10
31, 206, 187, 95
31, 478, 187, 98
31, 226, 187, 54
31, 495, 187, 63
31, 245, 187, 22
31, 510, 187, 73
31, 259, 188, 14
31, 6, 188, 31
31, 8, 188, 23
31, 396, 188, 17
31, 17, 188, 29
31, 21, 188, 22
31, 536, 188, 89
31, 154, 188, 76
31, 540, 188, 45
31, 162, 188, 76
31, 34, 188, 41
31, 171, 188, 1
31, 435, 188, 34
31, 215, 188, 41
31, 476, 188, 65
31, 98, 188, 7
31, 108, 188, 90
31, 366, 188, 2
31, 507, 188, 22
31, 9, 189, 7
31, 394, 189, 95
31, 267, 189, 43
31, 276, 189, 86
31, 25, 189, 61
31, 155, 189, 74
31, 550, 189, 91
31, 554, 189, 82
31, 428, 189, 75
31, 176, 189, 57
31, 52, 189, 49
31, 437, 189, 96
31, 572, 189, 6
31, 192, 189, 95
31, 82, 189, 13
31, 340, 189, 73
31, 476, 189, 65
31, 482, 189, 44
31, 236, 189, 96
31, 371, 189, 73
31, 117, 189, 19
31, 127, 189, 5
31, 483, 190, 16
31, 261, 190, 80
31, 264, 190, 70
31, 169, 190, 29
31, 585, 190, 6
31, 428, 190, 75
31, 493, 190, 36
31, 334, 190, 14
31, 401, 190, 82
31, 306, 190, 59
31, 305, 190, 17
31, 340, 190, 73
31, 22, 190, 40
31, 86, 190, 13
31, 26, 190, 90
31, 285, 190, 27
31, 512, 191, 45
31, 99, 191, 73
31, 100, 191, 52
31, 581, 191, 9
31, 518, 191, 42
31, 293, 191, 40
31, 332, 191, 16
31, 175, 191, 4
31, 432, 191, 27
31, 433, 191, 72
31, 402, 191, 69
31, 86, 191, 13
31, 504, 191, 15
31, 24, 191, 41
31, 58, 191, 32
31, 25, 191, 61
31, 223, 191, 49
31, 192, 192, 95
31, 547, 192, 27
31, 7, 192, 89
31, 425, 192, 42
31, 169, 192, 29
31, 555, 192, 27
31, 17, 192, 29
31, 118, 192, 88
31, 29, 192, 84
31, 389, 193, 43
31, 411, 193, 2
31, 33, 193, 16
31, 35, 193, 52
31, 551, 193, 40
31, 174, 193, 79
31, 560, 193, 24
31, 561, 193, 34
31, 178, 193, 16
31, 440, 193, 23
31, 185, 193, 87
31, 579, 193, 10
31, 460, 193, 58
31, 593, 193, 89
31, 345, 193, 100
31, 346, 193, 90
31, 228, 193, 85
31, 239, 193, 40
31, 116, 193, 42
31, 509, 193, 18
31, 5, 194, 2
31, 7, 194, 89
31, 521, 194, 72
31, 411, 194, 2
31, 289, 194, 58
31, 549, 194, 14
31, 295, 194, 33
31, 177, 194, 92
31, 564, 194, 13
31, 190, 194, 81
31, 191, 194, 22
31, 324, 194, 96
31, 453, 194, 71
31, 198, 194, 67
31, 470, 194, 75
31, 348, 194, 23
31, 492, 194, 9
31, 499, 194, 48
31, 126, 194, 5
31, 254, 194, 33
31, 495, 195, 63
31, 368, 195, 18
31, 338, 195, 31
31, 274, 195, 62
31, 284, 195, 7
31, 94, 195, 97
31, 2, 196, 90
31, 361, 196, 15
31, 522, 196, 89
31, 393, 196, 30
31, 332, 196, 16
31, 334, 196, 14
31, 240, 196, 71
31, 400, 196, 14
31, 434, 196, 61
31, 86, 196, 13
31, 375, 196, 48
31, 440, 196, 23
31, 444, 196, 51
31, 125, 196, 67
31, 510, 196, 73
31, 383, 196, 84
31, 384, 197, 24
31, 353, 197, 23
31, 0, 197, 54
31, 514, 197, 67
31, 320, 197, 20
31, 72, 197, 61
31, 458, 197, 86
31, 234, 197, 89
31, 524, 197, 94
31, 48, 197, 10
31, 20, 197, 90
31, 376, 197, 19
31, 249, 197, 35
31, 388, 198, 49
31, 527, 198, 71
31, 272, 198, 39
31, 148, 198, 22
31, 407, 198, 64
31, 284, 198, 7
31, 547, 198, 27
31, 296, 198, 5
31, 552, 198, 4
31, 47, 198, 14
31, 431, 198, 99
31, 181, 198, 73
31, 315, 198, 55
31, 452, 198, 35
31, 198, 198, 67
31, 587, 198, 77
31, 459, 198, 21
31, 90, 198, 62
31, 476, 198, 65
31, 481, 198, 39
31, 230, 198, 77
31, 360, 198, 88
31, 372, 198, 84
31, 481, 199, 39
31, 68, 199, 88
31, 103, 199, 87
31, 201, 199, 14
31, 522, 199, 89
31, 139, 199, 89
31, 393, 199, 30
31, 428, 199, 75
31, 335, 199, 59
31, 240, 199, 71
31, 47, 199, 14
31, 211, 199, 21
31, 468, 199, 49
31, 565, 199, 10
31, 475, 199, 13
31, 383, 199, 84
31, 2, 200, 90
31, 387, 200, 12
31, 356, 200, 86
31, 520, 200, 16
31, 74, 200, 55
31, 493, 200, 36
31, 114, 200, 99
31, 308, 200, 13
31, 255, 200, 15
31, 99, 201, 73
31, 262, 201, 52
31, 440, 201, 23
31, 555, 201, 27
31, 144, 201, 19
31, 241, 201, 16
31, 188, 201, 17
31, 563, 201, 44
31, 404, 201, 8
31, 535, 201, 45
31, 568, 201, 84
31, 507, 201, 22
31, 476, 201, 65
31, 125, 201, 67
31, 350, 201, 27
31, 63, 201, 28
31, 483, 202, 16
31, 103, 202, 87
31, 106, 202, 51
31, 203, 202, 23
31, 238, 202, 45
31, 462, 202, 9
31, 16, 202, 67
31, 369, 202, 78
31, 465, 202, 81
31, 371, 202, 73
31, 147, 202, 56
31, 214, 202, 19
31, 344, 202, 10
31, 160, 203, 49
31, 514, 203, 67
31, 355, 203, 14
31, 421, 203, 8
31, 422, 203, 1
31, 591, 203, 66
31, 496, 203, 54
31, 145, 203, 67
31, 404, 203, 8
31, 21, 203, 22
31, 472, 203, 69
31, 92, 203, 23
31, 29, 203, 84
31, 31, 203, 87
31, 140, 204, 31
31, 527, 204, 71
31, 538, 204, 92
31, 26, 204, 90
31, 543, 204, 99
31, 165, 204, 4
31, 166, 204, 87
31, 549, 204, 14
31, 173, 204, 32
31, 303, 204, 7
31, 310, 204, 56
31, 441, 204, 88
31, 444, 204, 51
31, 62, 204, 16
31, 453, 204, 71
31, 70, 204, 51
31, 594, 204, 77
31, 476, 204, 65
31, 96, 204, 23
31, 371, 204, 73
31, 502, 204, 58
31, 124, 204, 2
31, 1, 205, 92
31, 513, 205, 45
31, 388, 205, 49
31, 68, 205, 88
31, 169, 205, 29
31, 333, 205, 54
31, 206, 205, 95
31, 143, 205, 7
31, 465, 205, 81
31, 339, 205, 84
31, 470, 205, 75
31, 214, 205, 19
31, 216, 205, 80
31, 186, 205, 70
31, 573, 205, 48
31, 415, 205, 35
31, 159, 206, 51
31, 417, 206, 3
31, 98, 206, 7
31, 36, 206, 85
31, 329, 206, 84
31, 458, 206, 86
31, 331, 206, 43
31, 524, 206, 94
31, 301, 206, 26
31, 361, 206, 15
31, 207, 206, 63
31, 587, 206, 77
31, 467, 206, 52
31, 596, 206, 49
31, 346, 206, 90
31, 222, 206, 65
31, 62, 206, 16
31, 445, 206, 15
31, 355, 207, 14
31, 490, 207, 44
31, 143, 207, 7
31, 180, 207, 25
31, 62, 207, 16
31, 511, 207, 13
31, 448, 208, 26
31, 385, 208, 61
31, 450, 208, 15
31, 291, 208, 94
31, 67, 208, 18
31, 8, 208, 23
31, 232, 208, 18
31, 270, 208, 66
31, 337, 208, 35
31, 149, 208, 30
31, 151, 208, 8
31, 344, 208, 10
31, 444, 208, 51
31, 28, 208, 49
31, 63, 208, 28
31, 399, 209, 96
31, 287, 209, 72
31, 291, 209, 94
31, 421, 209, 8
31, 551, 209, 40
31, 168, 209, 8
31, 44, 209, 83
31, 174, 209, 79
31, 47, 209, 14
31, 183, 209, 52
31, 569, 209, 36
31, 319, 209, 74
31, 583, 209, 82
31, 463, 209, 100
31, 344, 209, 10
31, 348, 209, 23
31, 482, 209, 44
31, 99, 209, 73
31, 229, 209, 82
31, 231, 209, 6
31, 374, 209, 18
31, 126, 209, 5
31, 69, 210, 59
31, 357, 210, 28
31, 370, 210, 17
31, 278, 210, 57
31, 151, 210, 8
31, 504, 210, 15
31, 413, 210, 70
31, 291, 211, 94
31, 265, 211, 47
31, 298, 211, 33
31, 110, 211, 51
31, 368, 211, 18
31, 401, 211, 82
31, 210, 211, 37
31, 179, 211, 70
31, 113, 211, 58
31, 112, 211, 16
31, 538, 211, 92
31, 444, 211, 51
31, 3, 212, 66
31, 5, 212, 2
31, 517, 212, 14
31, 133, 212, 56
31, 396, 212, 17
31, 14, 212, 89
31, 534, 212, 26
31, 539, 212, 69
31, 287, 212, 72
31, 419, 212, 10
31, 548, 212, 32
31, 555, 212, 27
31, 444, 212, 51
31, 193, 212, 46
31, 325, 212, 48
31, 455, 212, 76
31, 471, 212, 100
31, 231, 212, 6
31, 233, 212, 25
31, 362, 212, 81
31, 112, 212, 16
31, 244, 212, 21
31, 254, 212, 33
31, 252, 212, 45
31, 382, 212, 72
31, 420, 213, 61
31, 583, 213, 82
31, 333, 213, 54
31, 307, 213, 5
31, 180, 213, 25
31, 28, 213, 49
31, 225, 214, 83
31, 43, 214, 3
31, 173, 214, 32
31, 528, 214, 38
31, 561, 214, 34
31, 242, 214, 96
31, 208, 214, 55
31, 114, 214, 99
31, 215, 214, 41
31, 280, 214, 38
31, 157, 214, 7
31, 63, 214, 28
31, 34, 215, 41
31, 580, 215, 25
31, 307, 215, 5
31, 147, 215, 56
31, 564, 215, 13
31, 438, 215, 7
31, 539, 215, 69
31, 483, 216, 16
31, 261, 216, 80
31, 333, 216, 54
31, 269, 216, 2
31, 375, 216, 48
31, 537, 216, 27
31, 90, 216, 62
31, 219, 216, 92
31, 168, 217, 8
31, 268, 217, 97
31, 498, 217, 95
31, 373, 217, 48
31, 184, 217, 60
31, 90, 217, 62
31, 91, 217, 39
31, 385, 218, 61
31, 3, 218, 66
31, 10, 218, 13
31, 534, 218, 26
31, 422, 218, 1
31, 39, 218, 28
31, 48, 218, 10
31, 579, 218, 10
31, 582, 218, 39
31, 583, 218, 82
31, 330, 218, 80
31, 458, 218, 86
31, 460, 218, 58
31, 209, 218, 89
31, 596, 218, 49
31, 95, 218, 57
31, 96, 218, 23
31, 481, 218, 39
31, 365, 218, 83
31, 371, 218, 73
31, 499, 218, 48
31, 117, 218, 19
31, 247, 218, 34
31, 122, 218, 96
31, 43, 219, 3
31, 463, 219, 100
31, 411, 219, 2
31, 309, 219, 34
31, 342, 219, 48
31, 536, 219, 89
31, 187, 219, 4
31, 380, 219, 17
31, 253, 219, 66
31, 0, 220, 54
31, 384, 220, 24
31, 581, 220, 9
31, 490, 220, 44
31, 149, 220, 30
31, 450, 221, 15
31, 578, 221, 48
31, 420, 221, 61
31, 364, 221, 82
31, 12, 221, 55
31, 240, 221, 71
31, 86, 221, 13
31, 89, 221, 5
31, 444, 221, 51
31, 513, 222, 45
31, 111, 222, 7
31, 304, 222, 34
31, 306, 222, 59
31, 148, 222, 22
31, 53, 222, 42
31, 534, 222, 26
31, 122, 222, 96
31, 476, 222, 65
31, 540, 222, 45
31, 190, 222, 81
31, 167, 223, 45
31, 202, 223, 46
31, 106, 223, 51
31, 238, 223, 45
31, 174, 223, 79
31, 411, 223, 2
31, 91, 223, 39
31, 158, 223, 33
31, 482, 224, 44
31, 547, 224, 27
31, 358, 224, 12
31, 455, 224, 76
31, 361, 224, 15
31, 587, 224, 77
31, 590, 224, 29
31, 145, 224, 67
31, 306, 224, 59
31, 538, 224, 92
31, 276, 224, 86
31, 121, 224, 38
31, 26, 224, 90
31, 126, 224, 5
31, 97, 225, 94
31, 2, 225, 90
31, 103, 225, 87
31, 526, 225, 17
31, 178, 225, 16
31, 599, 225, 46
31, 321, 226, 59
31, 259, 226, 14
31, 231, 226, 6
31, 43, 226, 3
31, 557, 226, 83
31, 437, 226, 96
31, 566, 226, 31
31, 150, 226, 6
31, 410, 226, 10
31, 283, 226, 36
31, 382, 226, 72
31, 132, 227, 74
31, 260, 227, 55
31, 391, 227, 88
31, 522, 227, 89
31, 403, 227, 8
31, 407, 227, 64
31, 542, 227, 49
31, 169, 227, 29
31, 59, 227, 42
31, 66, 227, 16
31, 581, 227, 9
31, 326, 227, 6
31, 336, 227, 70
31, 210, 227, 37
31, 339, 227, 84
31, 596, 227, 49
31, 219, 227, 92
31, 99, 227, 73
31, 495, 227, 63
31, 113, 227, 58
31, 499, 227, 48
31, 379, 227, 78
31, 507, 227, 22
31, 126, 227, 5
31, 164, 228, 35
31, 228, 228, 85
31, 230, 228, 77
31, 135, 228, 96
31, 363, 228, 33
31, 209, 228, 89
31, 118, 228, 88
31, 119, 228, 40
31, 345, 228, 100
31, 97, 229, 94
31, 258, 229, 57
31, 515, 229, 21
31, 129, 229, 86
31, 485, 229, 69
31, 35, 229, 52
31, 482, 229, 44
31, 204, 229, 63
31, 303, 229, 7
31, 144, 229, 19
31, 81, 229, 20
31, 594, 229, 77
31, 467, 229, 52
31, 311, 229, 16
31, 123, 229, 41
31, 124, 229, 2
31, 159, 229, 51
31, 356, 230, 86
31, 112, 230, 16
31, 467, 230, 52
31, 278, 230, 57
31, 575, 230, 31
31, 99, 231, 73
31, 487, 231, 14
31, 267, 231, 43
31, 44, 231, 83
31, 532, 231, 59
31, 3, 232, 66
31, 356, 232, 86
31, 4, 232, 94
31, 242, 232, 96
31, 571, 232, 65
31, 60, 232, 42
31, 65, 233, 77
31, 354, 233, 95
31, 483, 233, 16
31, 194, 233, 33
31, 484, 233, 95
31, 70, 233, 51
31, 232, 233, 18
31, 141, 233, 49
31, 590, 233, 29
31, 537, 233, 27
31, 16, 233, 67
31, 209, 233, 89
31, 216, 233, 80
31, 89, 233, 5
31, 91, 233, 39
31, 29, 233, 84
31, 127, 233, 5
31, 131, 234, 71
31, 132, 234, 74
31, 391, 234, 88
31, 19, 234, 51
31, 408, 234, 25
31, 543, 234, 99
31, 32, 234, 89
31, 292, 234, 42
31, 293, 234, 40
31, 40, 234, 50
31, 173, 234, 32
31, 562, 234, 75
31, 439, 234, 58
31, 185, 234, 87
31, 449, 234, 83
31, 451, 234, 70
31, 473, 234, 50
31, 107, 234, 46
31, 497, 234, 91
31, 506, 234, 80
31, 6, 235, 31
31, 264, 235, 70
31, 268, 235, 97
31, 19, 235, 51
31, 31, 235, 87
31, 33, 235, 16
31, 299, 235, 72
31, 172, 235, 97
31, 180, 235, 25
31, 311, 235, 16
31, 440, 235, 23
31, 59, 235, 42
31, 192, 235, 95
31, 449, 235, 83
31, 451, 235, 70
31, 454, 235, 55
31, 353, 235, 23
31, 482, 235, 44
31, 357, 235, 28
31, 115, 235, 29
31, 383, 235, 84
31, 32, 236, 89
31, 2, 236, 90
31, 581, 236, 9
31, 122, 236, 96
31, 330, 236, 80
31, 11, 236, 50
31, 334, 236, 14
31, 142, 236, 94
31, 367, 236, 1
31, 177, 236, 92
31, 274, 236, 62
31, 538, 236, 92
31, 149, 236, 30
31, 121, 236, 38
31, 58, 236, 32
31, 507, 236, 22
31, 31, 236, 87
31, 355, 237, 14
31, 399, 237, 96
31, 434, 237, 61
31, 500, 237, 92
31, 117, 237, 19
31, 312, 237, 88
31, 25, 237, 61
31, 541, 237, 87
31, 63, 237, 28
31, 416, 238, 63
31, 358, 238, 12
31, 71, 238, 6
31, 8, 238, 23
31, 45, 238, 72
31, 142, 238, 94
31, 174, 238, 79
31, 272, 238, 39
31, 48, 238, 10
31, 434, 238, 61
31, 467, 238, 52
31, 84, 238, 66
31, 370, 238, 17
31, 560, 238, 24
31, 593, 238, 89
31, 527, 238, 71
31, 348, 238, 23
31, 480, 239, 13
31, 419, 239, 10
31, 360, 239, 88
31, 278, 239, 57
31, 509, 239, 18
31, 94, 239, 97
31, 520, 240, 16
31, 136, 240, 9
31, 522, 240, 89
31, 12, 240, 55
31, 146, 240, 93
31, 277, 240, 94
31, 163, 240, 27
31, 424, 240, 19
31, 297, 240, 15
31, 556, 240, 39
31, 49, 240, 40
31, 179, 240, 70
31, 437, 240, 96
31, 576, 240, 70
31, 585, 240, 6
31, 78, 240, 71
31, 84, 240, 66
31, 598, 240, 56
31, 95, 240, 57
31, 97, 240, 94
31, 116, 240, 42
31, 248, 240, 73
31, 489, 241, 95
31, 297, 241, 15
31, 204, 241, 63
31, 366, 241, 2
31, 305, 241, 17
31, 338, 241, 31
31, 466, 241, 26
31, 274, 241, 62
31, 502, 241, 58
31, 185, 241, 87
31, 250, 241, 49
31, 221, 241, 49
31, 574, 241, 68
31, 9, 242, 7
31, 521, 242, 72
31, 523, 242, 61
31, 147, 242, 56
31, 531, 242, 43
31, 535, 242, 45
31, 547, 242, 27
31, 39, 242, 28
31, 303, 242, 7
31, 305, 242, 17
31, 50, 242, 83
31, 446, 242, 77
31, 448, 242, 26
31, 192, 242, 95
31, 206, 242, 95
31, 595, 242, 24
31, 219, 242, 92
31, 357, 242, 28
31, 236, 242, 96
31, 120, 242, 100
31, 249, 242, 35
31, 289, 243, 58
31, 68, 243, 88
31, 485, 243, 69
31, 488, 243, 45
31, 297, 243, 15
31, 234, 243, 89
31, 428, 243, 75
31, 402, 243, 69
31, 50, 243, 83
31, 214, 243, 19
31, 535, 243, 45
31, 89, 243, 5
31, 349, 243, 70
31, 254, 243, 33
31, 100, 244, 52
31, 491, 244, 51
31, 364, 244, 82
31, 589, 244, 88
31, 399, 244, 96
31, 293, 245, 40
31, 326, 245, 6
31, 136, 245, 9
31, 424, 245, 19
31, 72, 245, 61
31, 210, 245, 37
31, 474, 245, 72
31, 255, 245, 15
31, 449, 246, 83
31, 71, 246, 6
31, 296, 246, 5
31, 587, 246, 77
31, 301, 246, 26
31, 209, 246, 89
31, 152, 246, 75
31, 565, 246, 10
31, 150, 246, 6
31, 342, 246, 48
31, 248, 246, 73
31, 374, 246, 18
31, 442, 246, 76
31, 118, 246, 88
31, 156, 246, 54
31, 381, 246, 78
31, 446, 246, 77
31, 448, 247, 26
31, 576, 247, 70
31, 162, 247, 76
31, 226, 247, 54
31, 580, 247, 25
31, 490, 247, 44
31, 364, 247, 82
31, 301, 247, 26
31, 558, 247, 63
31, 271, 247, 27
31, 432, 247, 27
31, 464, 247, 61
31, 529, 247, 87
31, 370, 247, 17
31, 123, 247, 41
31, 252, 247, 45
31, 383, 247, 84
31, 583, 248, 82
31, 297, 248, 15
31, 367, 248, 1
31, 55, 248, 16
31, 350, 248, 27
31, 265, 249, 47
31, 10, 249, 13
31, 523, 249, 61
31, 24, 249, 41
31, 413, 249, 70
31, 287, 249, 72
31, 163, 249, 27
31, 423, 249, 14
31, 424, 249, 19
31, 169, 249, 29
31, 301, 249, 26
31, 189, 249, 54
31, 191, 249, 22
31, 67, 249, 18
31, 196, 249, 7
31, 70, 249, 51
31, 198, 249, 67
31, 469, 249, 39
31, 95, 249, 57
31, 481, 249, 39
31, 355, 249, 14
31, 488, 249, 45
31, 242, 249, 96
31, 121, 249, 38
31, 123, 249, 41
31, 160, 250, 49
31, 481, 250, 39
31, 557, 250, 83
31, 61, 250, 69
31, 308, 250, 13
31, 117, 250, 19
31, 183, 250, 52
31, 187, 250, 4
31, 541, 250, 87
31, 260, 251, 55
31, 5, 251, 2
31, 102, 251, 65
31, 327, 251, 15
31, 299, 251, 72
31, 270, 251, 66
31, 239, 251, 40
31, 16, 251, 67
31, 206, 251, 95
31, 594, 251, 77
31, 211, 251, 21
31, 533, 251, 100
31, 344, 251, 10
31, 185, 251, 87
31, 285, 251, 27
31, 541, 251, 87
31, 155, 252, 74
31, 33, 252, 16
31, 34, 252, 41
31, 163, 252, 27
31, 291, 252, 94
31, 166, 252, 87
31, 296, 252, 5
31, 566, 252, 31
31, 574, 252, 68
31, 190, 252, 81
31, 192, 252, 95
31, 72, 252, 61
31, 75, 252, 14
31, 593, 252, 89
31, 82, 252, 13
31, 478, 252, 98
31, 481, 252, 39
31, 109, 252, 4
31, 240, 252, 71
31, 117, 252, 19
31, 253, 252, 66
31, 510, 252, 73
31, 226, 253, 54
31, 390, 253, 68
31, 8, 253, 23
31, 171, 253, 1
31, 11, 253, 50
31, 45, 253, 72
31, 78, 253, 71
31, 238, 253, 45
31, 531, 253, 43
31, 474, 253, 72
31, 477, 253, 6
31, 128, 254, 100
31, 518, 254, 42
31, 6, 254, 31
31, 398, 254, 53
31, 157, 254, 7
31, 430, 254, 89
31, 305, 254, 17
31, 564, 254, 13
31, 52, 254, 49
31, 569, 254, 36
31, 446, 254, 77
31, 65, 254, 77
31, 76, 254, 46
31, 336, 254, 70
31, 345, 254, 100
31, 349, 254, 70
31, 370, 254, 17
31, 249, 254, 35
31, 252, 254, 45
31, 126, 254, 5
31, 328, 255, 70
31, 42, 255, 7
31, 491, 255, 51
31, 44, 255, 83
31, 402, 255, 69
31, 404, 255, 8
31, 502, 255, 58
31, 215, 255, 41
31, 314, 255, 15
31, 509, 255, 18
31, 256, 256, 60
31, 519, 256, 50
31, 21, 256, 22
31, 406, 256, 36
31, 23, 256, 91
31, 22, 256, 40
31, 25, 256, 61
31, 156, 256, 54
31, 549, 256, 14
31, 424, 256, 19
31, 430, 256, 89
31, 315, 256, 55
31, 61, 256, 69
31, 202, 256, 46
31, 75, 256, 14
31, 77, 256, 62
31, 210, 256, 37
31, 83, 256, 48
31, 375, 256, 48
31, 97, 256, 94
31, 103, 256, 87
31, 108, 256, 90
31, 368, 256, 18
31, 119, 256, 40
31, 122, 256, 96
31, 480, 257, 13
31, 325, 257, 48
31, 487, 257, 14
31, 426, 257, 80
31, 112, 257, 16
31, 83, 257, 48
31, 435, 257, 34
31, 315, 257, 55
31, 383, 257, 84
31, 387, 258, 12
31, 237, 258, 70
31, 342, 258, 48
31, 568, 258, 84
31, 381, 258, 78
31, 576, 259, 70
31, 483, 259, 16
31, 195, 259, 36
31, 266, 259, 89
31, 495, 259, 63
31, 469, 259, 39
31, 503, 259, 5
31, 570, 259, 65
31, 320, 260, 20
31, 258, 260, 57
31, 420, 260, 61
31, 550, 260, 91
31, 71, 260, 6
31, 104, 260, 22
31, 70, 260, 51
31, 458, 260, 86
31, 462, 260, 9
31, 273, 260, 62
31, 18, 260, 67
31, 87, 260, 14
31, 58, 260, 32
31, 573, 260, 48
31, 574, 260, 68
31, 479, 260, 9
31, 280, 261, 38
31, 514, 261, 67
31, 519, 261, 50
31, 424, 261, 19
31, 23, 261, 91
31, 568, 261, 84
31, 574, 261, 68
31, 31, 261, 87
31, 134, 262, 68
31, 523, 262, 61
31, 144, 262, 19
31, 402, 262, 69
31, 541, 262, 87
31, 158, 262, 33
31, 159, 262, 51
31, 31, 262, 87
31, 292, 262, 42
31, 167, 262, 45
31, 296, 262, 5
31, 429, 262, 38
31, 51, 262, 41
31, 435, 262, 34
31, 181, 262, 73
31, 307, 262, 5
31, 569, 262, 36
31, 574, 262, 68
31, 598, 262, 56
31, 343, 262, 65
31, 355, 262, 14
31, 243, 262, 42
31, 116, 262, 42
31, 244, 262, 21
31, 381, 262, 78
31, 3, 263, 66
31, 552, 263, 4
31, 298, 263, 33
31, 108, 263, 90
31, 172, 263, 97
31, 429, 263, 38
31, 370, 263, 17
31, 380, 263, 17
31, 157, 263, 7
31, 382, 263, 72
31, 265, 264, 47
31, 161, 264, 25
31, 421, 264, 8
31, 296, 264, 5
31, 425, 264, 42
31, 429, 264, 38
31, 303, 264, 7
31, 176, 264, 57
31, 566, 264, 31
31, 183, 264, 52
31, 67, 264, 18
31, 72, 264, 61
31, 594, 264, 77
31, 473, 264, 50
31, 474, 264, 72
31, 228, 264, 85
31, 107, 264, 46
31, 499, 264, 48
31, 248, 264, 73
31, 381, 264, 78
31, 515, 265, 21
31, 523, 265, 61
31, 404, 265, 8
31, 148, 265, 22
31, 155, 265, 74
31, 27, 265, 80
31, 38, 265, 47
31, 296, 265, 5
31, 312, 265, 88
31, 447, 265, 49
31, 582, 265, 39
31, 330, 265, 80
31, 210, 265, 37
31, 466, 265, 26
31, 598, 265, 56
31, 344, 265, 10
31, 217, 265, 82
31, 346, 265, 90
31, 219, 265, 92
31, 98, 265, 7
31, 236, 265, 96
31, 117, 265, 19
31, 119, 265, 40
31, 504, 265, 15
31, 414, 266, 59
31, 486, 266, 43
31, 6, 266, 31
31, 41, 266, 46
31, 109, 266, 4
31, 309, 266, 34
31, 53, 266, 42
31, 120, 266, 100
31, 542, 266, 49
31, 194, 267, 33
31, 131, 267, 71
31, 210, 267, 37
31, 565, 267, 10
31, 217, 267, 82
31, 578, 268, 48
31, 550, 268, 91
31, 468, 268, 49
31, 92, 268, 23
31, 414, 268, 59
31, 261, 269, 80
31, 402, 269, 69
31, 148, 269, 22
31, 278, 269, 57
31, 281, 269, 75
31, 539, 269, 69
31, 30, 269, 44
31, 32, 269, 89
31, 418, 269, 34
31, 39, 269, 28
31, 171, 269, 1
31, 50, 269, 83
31, 189, 269, 54
31, 190, 269, 81
31, 66, 269, 16
31, 83, 269, 48
31, 222, 269, 65
31, 98, 269, 7
31, 105, 269, 95
31, 492, 269, 9
31, 114, 269, 99
31, 248, 269, 73
31, 322, 270, 32
31, 514, 270, 67
31, 273, 270, 62
31, 466, 270, 26
31, 83, 270, 48
31, 244, 270, 21
31, 465, 270, 81
31, 183, 270, 52
31, 569, 270, 36
31, 218, 270, 76
31, 31, 270, 87
31, 266, 271, 89
31, 405, 271, 50
31, 153, 271, 31
31, 156, 271, 54
31, 414, 271, 59
31, 551, 271, 40
31, 42, 271, 7
31, 305, 271, 17
31, 563, 271, 44
31, 180, 271, 25
31, 444, 271, 51
31, 320, 271, 20
31, 323, 271, 73
31, 594, 271, 77
31, 344, 271, 10
31, 89, 271, 5
31, 490, 271, 44
31, 370, 271, 17
31, 250, 271, 49
31, 471, 272, 100
31, 579, 272, 10
31, 197, 272, 82
31, 230, 272, 77
31, 521, 272, 72
31, 394, 272, 95
31, 428, 272, 75
31, 432, 272, 27
31, 373, 272, 48
31, 503, 272, 5
31, 504, 272, 15
31, 473, 272, 50
31, 539, 272, 69
31, 444, 272, 51
31, 311, 272, 16
31, 483, 273, 16
31, 69, 273, 59
31, 455, 273, 76
31, 492, 273, 9
31, 269, 273, 2
31, 238, 273, 45
31, 270, 273, 66
31, 366, 273, 2
31, 305, 273, 17
31, 19, 273, 51
31, 56, 273, 83
31, 126, 273, 5
31, 226, 274, 54
31, 418, 274, 34
31, 293, 274, 40
31, 133, 274, 56
31, 264, 274, 70
31, 42, 274, 7
31, 300, 274, 53
31, 495, 274, 63
31, 241, 274, 16
31, 369, 274, 78
31, 404, 274, 8
31, 121, 274, 38
31, 30, 274, 44
31, 128, 275, 100
31, 2, 275, 90
31, 137, 275, 14
31, 285, 275, 27
31, 290, 275, 41
31, 174, 275, 79
31, 176, 275, 57
31, 49, 275, 40
31, 320, 275, 20
31, 200, 275, 39
31, 333, 275, 54
31, 474, 275, 72
31, 219, 275, 92
31, 222, 275, 65
31, 350, 275, 27
31, 230, 275, 77
31, 102, 275, 65
31, 362, 275, 81
31, 121, 275, 38
31, 4, 276, 94
31, 262, 276, 52
31, 20, 276, 90
31, 411, 276, 2
31, 159, 276, 51
31, 557, 276, 83
31, 562, 276, 75
31, 439, 276, 58
31, 59, 276, 42
31, 575, 276, 31
31, 454, 276, 55
31, 326, 276, 6
31, 207, 276, 63
31, 592, 276, 40
31, 591, 276, 66
31, 215, 276, 41
31, 216, 276, 80
31, 103, 276, 87
31, 238, 276, 45
31, 497, 276, 91
31, 113, 276, 58
31, 255, 276, 15
31, 257, 277, 91
31, 5, 277, 2
31, 553, 277, 5
31, 365, 277, 83
31, 533, 277, 100
31, 437, 277, 96
31, 570, 277, 65
31, 155, 277, 74
31, 257, 278, 91
31, 132, 278, 74
31, 260, 278, 55
31, 521, 278, 72
31, 523, 278, 61
31, 139, 278, 89
31, 403, 278, 8
31, 279, 278, 28
31, 412, 278, 58
31, 32, 278, 89
31, 54, 278, 29
31, 322, 278, 32
31, 195, 278, 36
31, 330, 278, 80
31, 461, 278, 38
31, 344, 278, 10
31, 476, 278, 65
31, 485, 278, 69
31, 372, 278, 84
31, 9, 279, 7
31, 528, 279, 38
31, 529, 279, 87
31, 548, 279, 32
31, 572, 279, 6
31, 445, 279, 15
31, 329, 279, 84
31, 587, 279, 77
31, 465, 279, 81
31, 210, 279, 37
31, 338, 279, 31
31, 89, 279, 5
31, 219, 279, 92
31, 350, 279, 27
31, 356, 279, 86
31, 232, 279, 18
31, 108, 279, 90
31, 494, 279, 78
31, 370, 279, 17
31, 508, 279, 26
31, 383, 279, 84
31, 0, 280, 54
31, 384, 280, 24
31, 143, 280, 7
31, 16, 280, 67
31, 278, 280, 57
31, 292, 280, 42
31, 424, 280, 19
31, 45, 280, 72
31, 318, 280, 47
31, 64, 280, 75
31, 451, 280, 70
31, 69, 280, 59
31, 200, 280, 39
31, 464, 280, 61
31, 93, 280, 92
31, 231, 280, 6
31, 360, 280, 88
31, 499, 280, 48
31, 502, 280, 58
31, 507, 280, 22
31, 510, 280, 73
31, 320, 281, 20
31, 259, 281, 14
31, 196, 281, 7
31, 198, 281, 67
31, 328, 281, 70
31, 138, 281, 78
31, 110, 281, 51
31, 78, 281, 71
31, 305, 281, 17
31, 84, 281, 66
31, 568, 281, 84
31, 282, 281, 79
31, 157, 281, 7
31, 512, 282, 45
31, 385, 282, 61
31, 258, 282, 57
31, 261, 282, 80
31, 17, 282, 29
31, 530, 282, 65
31, 531, 282, 43
31, 147, 282, 56
31, 34, 282, 41
31, 293, 282, 40
31, 425, 282, 42
31, 299, 282, 72
31, 44, 282, 83
31, 435, 282, 34
31, 568, 282, 84
31, 312, 282, 88
31, 464, 282, 61
31, 354, 282, 95
31, 102, 282, 65
31, 240, 282, 71
31, 250, 282, 49
31, 481, 283, 39
31, 453, 283, 71
31, 454, 283, 55
31, 489, 283, 95
31, 142, 283, 94
31, 79, 283, 11
31, 559, 283, 52
31, 512, 284, 45
31, 256, 284, 60
31, 388, 284, 49
31, 409, 284, 90
31, 289, 284, 58
31, 292, 284, 42
31, 166, 284, 87
31, 42, 284, 7
31, 312, 284, 88
31, 313, 284, 26
31, 56, 284, 83
31, 63, 284, 28
31, 194, 284, 33
31, 67, 284, 18
31, 69, 284, 59
31, 80, 284, 75
31, 210, 284, 37
31, 351, 284, 84
31, 354, 284, 95
31, 99, 284, 73
31, 100, 284, 52
31, 236, 284, 96
31, 501, 284, 35
31, 261, 285, 80
31, 19, 285, 51
31, 276, 285, 86
31, 417, 285, 3
31, 424, 285, 19
31, 49, 285, 40
31, 52, 285, 49
31, 565, 285, 10
31, 310, 285, 56
31, 311, 285, 16
31, 568, 285, 84
31, 189, 285, 54
31, 576, 285, 70
31, 451, 285, 70
31, 333, 285, 54
31, 591, 285, 66
31, 101, 285, 83
31, 241, 285, 16
31, 371, 285, 73
31, 512, 286, 45
31, 513, 286, 45
31, 257, 286, 91
31, 18, 286, 67
31, 531, 286, 43
31, 405, 286, 50
31, 533, 286, 100
31, 282, 286, 79
31, 156, 286, 54
31, 157, 286, 7
31, 415, 286, 35
31, 193, 286, 46
31, 326, 286, 6
31, 582, 286, 39
31, 205, 286, 22
31, 592, 286, 40
31, 593, 286, 89
31, 471, 286, 100
31, 99, 286, 73
31, 358, 286, 12
31, 496, 286, 54
31, 117, 286, 19
31, 507, 286, 22
31, 0, 287, 54
31, 439, 287, 58
31, 515, 287, 21
31, 197, 287, 82
31, 521, 287, 72
31, 430, 287, 89
31, 176, 287, 57
31, 599, 287, 46
31, 27, 287, 80
31, 60, 287, 42
31, 343, 287, 65
31, 385, 288, 61
31, 398, 288, 53
31, 144, 288, 19
31, 531, 288, 43
31, 410, 288, 10
31, 26, 288, 90
31, 166, 288, 87
31, 555, 288, 27
31, 429, 288, 38
31, 47, 288, 14
31, 178, 288, 16
31, 438, 288, 7
31, 60, 288, 42
31, 196, 288, 7
31, 69, 288, 59
31, 583, 288, 82
31, 328, 288, 70
31, 219, 288, 92
31, 478, 288, 98
31, 231, 288, 6
31, 371, 288, 73
31, 117, 288, 19
31, 128, 289, 100
31, 540, 289, 45
31, 157, 289, 7
31, 419, 289, 10
31, 422, 289, 1
31, 296, 289, 5
31, 171, 289, 1
31, 172, 289, 97
31, 437, 289, 96
31, 182, 289, 22
31, 183, 289, 52
31, 440, 289, 23
31, 194, 289, 33
31, 337, 289, 35
31, 473, 289, 50
31, 364, 289, 82
31, 110, 289, 51
31, 250, 289, 49
31, 126, 289, 5
31, 513, 290, 45
31, 393, 290, 30
31, 265, 290, 47
31, 138, 290, 78
31, 398, 290, 53
31, 18, 290, 67
31, 154, 290, 76
31, 289, 290, 58
31, 418, 290, 34
31, 162, 290, 76
31, 302, 290, 65
31, 575, 290, 31
31, 578, 290, 48
31, 328, 290, 70
31, 329, 290, 84
31, 346, 290, 90
31, 476, 290, 65
31, 355, 290, 14
31, 227, 290, 64
31, 358, 290, 12
31, 105, 290, 95
31, 239, 290, 40
31, 372, 290, 84
31, 377, 290, 14
31, 480, 291, 13
31, 1, 291, 92
31, 386, 291, 74
31, 323, 291, 73
31, 516, 291, 17
31, 225, 291, 83
31, 132, 291, 74
31, 419, 291, 10
31, 552, 291, 4
31, 586, 291, 80
31, 111, 291, 7
31, 114, 291, 99
31, 18, 291, 67
31, 22, 291, 40
31, 439, 291, 58
31, 347, 291, 65
31, 95, 291, 57
31, 37, 292, 28
31, 236, 292, 96
31, 78, 292, 71
31, 341, 292, 45
31, 248, 292, 73
31, 129, 293, 86
31, 520, 293, 16
31, 268, 293, 97
31, 397, 293, 83
31, 527, 293, 71
31, 153, 293, 31
31, 160, 293, 49
31, 32, 293, 89
31, 555, 293, 27
31, 188, 293, 17
31, 66, 293, 16
31, 452, 293, 35
31, 209, 293, 89
31, 83, 293, 48
31, 86, 293, 13
31, 472, 293, 69
31, 88, 293, 9
31, 96, 293, 23
31, 103, 293, 87
31, 104, 293, 22
31, 377, 293, 14
31, 251, 293, 7
31, 383, 293, 84
31, 131, 294, 71
31, 260, 294, 55
31, 10, 294, 13
31, 407, 294, 64
31, 420, 294, 61
31, 296, 294, 5
31, 172, 294, 97
31, 302, 294, 65
31, 562, 294, 75
31, 437, 294, 96
31, 182, 294, 22
31, 316, 294, 86
31, 447, 294, 49
31, 585, 294, 6
31, 330, 294, 80
31, 86, 294, 13
31, 220, 294, 62
31, 227, 294, 64
31, 357, 294, 28
31, 507, 294, 22
31, 259, 295, 14
31, 293, 295, 40
31, 166, 295, 87
31, 103, 295, 87
31, 328, 295, 70
31, 584, 295, 81
31, 106, 295, 51
31, 6, 295, 31
31, 7, 295, 89
31, 101, 295, 83
31, 167, 295, 45
31, 175, 295, 4
31, 368, 295, 18
31, 565, 295, 10
31, 90, 295, 62
31, 195, 296, 36
31, 169, 296, 29
31, 172, 296, 97
31, 12, 296, 55
31, 81, 296, 20
31, 122, 296, 96
31, 544, 297, 92
31, 38, 297, 47
31, 326, 297, 6
31, 583, 297, 82
31, 263, 297, 20
31, 491, 297, 51
31, 237, 297, 70
31, 365, 297, 83
31, 527, 297, 71
31, 15, 297, 12
31, 341, 297, 45
31, 54, 297, 29
31, 311, 297, 16
31, 285, 297, 27
31, 349, 297, 70
31, 413, 297, 70
31, 383, 297, 84
31, 577, 298, 45
31, 3, 298, 66
31, 196, 298, 7
31, 453, 298, 71
31, 265, 298, 47
31, 586, 298, 80
31, 557, 298, 83
31, 493, 298, 36
31, 78, 298, 71
31, 17, 298, 29
31, 341, 298, 45
31, 505, 298, 92
31, 219, 298, 92
31, 380, 298, 17
31, 512, 299, 45
31, 43, 299, 3
31, 526, 299, 17
31, 531, 299, 43
31, 52, 299, 49
31, 86, 299, 13
31, 470, 299, 75
31, 377, 299, 14
31, 90, 299, 62
31, 287, 299, 72
