300, 600, 30
66, 11, 0, 62
66, 528, 0, 5
66, 156, 0, 41
66, 37, 0, 2
66, 425, 0, 77
66, 173, 0, 47
66, 55, 0, 56
66, 56, 0, 18
66, 313, 0, 39
66, 447, 0, 79
66, 450, 0, 4
66, 70, 0, 14
66, 584, 0, 37
66, 460, 0, 97
66, 334, 0, 39
66, 598, 0, 13
66, 87, 0, 4
66, 485, 0, 37
66, 376, 0, 43
66, 421, 1, 71
66, 166, 1, 97
66, 200, 1, 79
66, 297, 1, 73
66, 490, 1, 85
66, 528, 1, 5
66, 52, 1, 31
66, 187, 1, 69
66, 256, 2, 5
66, 130, 2, 74
66, 100, 2, 64
66, 391, 2, 45
66, 458, 2, 58
66, 270, 2, 43
66, 511, 2, 10
66, 17, 3, 40
66, 403, 3, 91
66, 412, 3, 40
66, 285, 3, 76
66, 543, 3, 56
66, 544, 3, 90
66, 548, 3, 88
66, 295, 3, 36
66, 169, 3, 10
66, 44, 3, 91
66, 178, 3, 83
66, 436, 3, 59
66, 188, 3, 60
66, 199, 3, 64
66, 585, 3, 27
66, 202, 3, 61
66, 461, 3, 19
66, 593, 3, 93
66, 87, 3, 4
66, 358, 3, 33
66, 491, 3, 24
66, 250, 3, 2
66, 252, 3, 73
66, 140, 4, 78
66, 273, 4, 41
66, 275, 4, 77
66, 407, 4, 1
66, 286, 4, 96
66, 421, 4, 71
66, 166, 4, 97
66, 182, 4, 32
66, 57, 4, 19
66, 193, 4, 14
66, 583, 4, 54
66, 584, 4, 37
66, 72, 4, 82
66, 331, 4, 56
66, 587, 4, 70
66, 333, 4, 67
66, 334, 4, 39
66, 466, 4, 15
66, 599, 4, 34
66, 88, 4, 42
66, 230, 4, 93
66, 109, 4, 63
66, 494, 4, 57
66, 378, 4, 23
66, 160, 5, 61
66, 514, 5, 85
66, 260, 5, 94
66, 261, 5, 60
66, 166, 5, 97
66, 70, 5, 14
66, 516, 5, 88
66, 41, 5, 42
66, 426, 5, 42
66, 458, 5, 58
66, 45, 5, 13
66, 433, 5, 2
66, 408, 5, 25
66, 443, 5, 50
66, 572, 5, 88
66, 221, 5, 90
66, 64, 6, 67
66, 546, 6, 36
66, 223, 6, 47
66, 99, 6, 32
66, 357, 6, 18
66, 551, 6, 56
66, 266, 6, 49
66, 397, 6, 63
66, 430, 6, 33
66, 271, 6, 93
66, 272, 6, 19
66, 114, 6, 74
66, 50, 6, 22
66, 500, 6, 48
66, 413, 6, 44
66, 95, 6, 59
66, 162, 7, 32
66, 484, 7, 81
66, 101, 7, 45
66, 550, 7, 8
66, 428, 7, 27
66, 366, 7, 79
66, 462, 7, 50
66, 437, 7, 23
66, 536, 7, 62
66, 155, 7, 5
66, 285, 7, 76
66, 319, 7, 24
66, 130, 8, 74
66, 3, 8, 34
66, 23, 8, 97
66, 410, 8, 94
66, 31, 8, 82
66, 44, 8, 91
66, 174, 8, 74
66, 434, 8, 47
66, 578, 8, 84
66, 72, 8, 82
66, 458, 8, 58
66, 83, 8, 86
66, 214, 8, 48
66, 472, 8, 29
66, 90, 8, 65
66, 222, 8, 65
66, 352, 8, 9
66, 355, 8, 74
66, 364, 8, 99
66, 240, 8, 29
66, 501, 8, 27
66, 503, 8, 31
66, 380, 8, 33
66, 257, 9, 1
66, 386, 9, 16
66, 6, 9, 41
66, 10, 9, 29
66, 522, 9, 20
66, 11, 9, 62
66, 19, 9, 22
66, 561, 9, 34
66, 51, 9, 58
66, 443, 9, 50
66, 315, 9, 95
66, 190, 9, 79
66, 448, 9, 7
66, 577, 9, 95
66, 584, 9, 37
66, 78, 9, 50
66, 352, 9, 9
66, 483, 9, 76
66, 103, 9, 45
66, 360, 9, 20
66, 246, 9, 99
66, 119, 9, 89
66, 505, 9, 64
66, 131, 10, 75
66, 135, 10, 22
66, 8, 10, 74
66, 271, 10, 93
66, 400, 10, 91
66, 19, 10, 22
66, 156, 10, 41
66, 159, 10, 27
66, 164, 10, 41
66, 36, 10, 33
66, 165, 10, 46
66, 428, 10, 27
66, 45, 10, 13
66, 177, 10, 47
66, 307, 10, 68
66, 572, 10, 88
66, 65, 10, 92
66, 83, 10, 86
66, 476, 10, 93
66, 105, 10, 37
66, 234, 10, 85
66, 491, 10, 24
66, 238, 10, 87
66, 370, 10, 26
66, 504, 10, 6
66, 262, 11, 8
66, 27, 11, 5
66, 332, 11, 9
66, 333, 11, 67
66, 276, 11, 68
66, 598, 11, 13
66, 56, 11, 18
66, 474, 11, 14
66, 347, 11, 44
66, 60, 11, 76
66, 540, 11, 74
66, 322, 12, 49
66, 227, 12, 12
66, 388, 12, 70
66, 383, 12, 62
66, 552, 12, 85
66, 297, 12, 73
66, 461, 12, 19
66, 206, 12, 88
66, 142, 12, 81
66, 240, 12, 29
66, 339, 12, 94
66, 502, 12, 65
66, 312, 12, 25
66, 249, 12, 27
66, 346, 12, 89
66, 219, 12, 9
66, 284, 12, 59
66, 351, 12, 14
66, 8, 13, 74
66, 268, 13, 49
66, 274, 13, 41
66, 282, 13, 5
66, 411, 13, 58
66, 194, 13, 91
66, 580, 13, 34
66, 197, 13, 26
66, 198, 13, 18
66, 73, 13, 27
66, 457, 13, 83
66, 76, 13, 65
66, 461, 13, 19
66, 462, 13, 50
66, 460, 13, 97
66, 340, 13, 51
66, 215, 13, 91
66, 104, 13, 49
66, 236, 13, 76
66, 376, 13, 43
66, 505, 13, 64
66, 514, 14, 85
66, 131, 14, 75
66, 139, 14, 68
66, 17, 14, 40
66, 539, 14, 77
66, 283, 14, 79
66, 551, 14, 56
66, 39, 14, 55
66, 298, 14, 72
66, 171, 14, 27
66, 555, 14, 68
66, 303, 14, 27
66, 434, 14, 47
66, 569, 14, 11
66, 444, 14, 49
66, 574, 14, 15
66, 192, 14, 35
66, 66, 14, 12
66, 71, 14, 79
66, 76, 14, 65
66, 233, 14, 8
66, 239, 14, 23
66, 375, 14, 38
66, 252, 14, 73
66, 513, 15, 3
66, 8, 15, 74
66, 268, 15, 49
66, 404, 15, 26
66, 20, 15, 82
66, 287, 15, 51
66, 33, 15, 33
66, 546, 15, 36
66, 297, 15, 73
66, 43, 15, 17
66, 302, 15, 2
66, 177, 15, 47
66, 319, 15, 24
66, 452, 15, 3
66, 87, 15, 4
66, 226, 15, 25
66, 227, 15, 12
66, 231, 15, 80
66, 488, 15, 51
66, 490, 15, 85
66, 376, 15, 43
66, 505, 15, 64
66, 133, 16, 75
66, 146, 16, 14
66, 154, 16, 67
66, 411, 16, 58
66, 415, 16, 81
66, 553, 16, 61
66, 429, 16, 50
66, 309, 16, 19
66, 315, 16, 95
66, 578, 16, 84
66, 579, 16, 15
66, 458, 16, 58
66, 206, 16, 88
66, 470, 16, 58
66, 220, 16, 15
66, 93, 16, 56
66, 96, 16, 76
66, 365, 16, 8
66, 496, 16, 64
66, 372, 16, 50
66, 2, 17, 75
66, 263, 17, 75
66, 142, 17, 81
66, 18, 17, 79
66, 276, 17, 68
66, 156, 17, 41
66, 290, 17, 29
66, 297, 17, 73
66, 553, 17, 61
66, 302, 17, 2
66, 47, 17, 82
66, 559, 17, 80
66, 49, 17, 77
66, 53, 17, 52
66, 190, 17, 79
66, 326, 17, 20
66, 331, 17, 56
66, 599, 17, 34
66, 94, 17, 24
66, 163, 18, 90
66, 550, 18, 8
66, 390, 18, 28
66, 464, 18, 63
66, 148, 18, 64
66, 470, 18, 58
66, 599, 18, 34
66, 598, 18, 13
66, 255, 18, 52
66, 457, 19, 83
66, 266, 19, 49
66, 494, 19, 57
66, 175, 19, 40
66, 50, 19, 22
66, 564, 19, 10
66, 374, 19, 99
66, 214, 19, 48
66, 233, 20, 8
66, 107, 20, 84
66, 332, 20, 9
66, 561, 20, 34
66, 438, 20, 19
66, 382, 20, 34
66, 15, 21, 10
66, 272, 21, 19
66, 145, 21, 32
66, 274, 21, 41
66, 404, 21, 26
66, 281, 21, 30
66, 154, 21, 67
66, 549, 21, 49
66, 556, 21, 58
66, 44, 21, 91
66, 57, 21, 19
66, 465, 21, 61
66, 83, 21, 86
66, 477, 21, 52
66, 501, 21, 27
66, 374, 21, 99
66, 117, 21, 53
66, 120, 21, 93
66, 383, 21, 62
66, 320, 22, 84
66, 450, 22, 4
66, 259, 22, 70
66, 164, 22, 41
66, 454, 22, 40
66, 391, 22, 45
66, 552, 22, 85
66, 6, 22, 41
66, 266, 22, 49
66, 363, 22, 18
66, 495, 22, 69
66, 402, 22, 51
66, 372, 22, 50
66, 85, 22, 6
66, 342, 22, 69
66, 87, 22, 4
66, 247, 22, 78
66, 383, 22, 62
66, 160, 23, 61
66, 164, 23, 41
66, 229, 23, 8
66, 262, 23, 8
66, 296, 23, 52
66, 457, 23, 83
66, 491, 23, 24
66, 364, 23, 99
66, 140, 23, 78
66, 336, 23, 22
66, 48, 23, 32
66, 18, 23, 79
66, 83, 23, 86
66, 30, 23, 15
66, 509, 23, 19
66, 254, 23, 83
66, 383, 23, 62
66, 83, 24, 86
66, 471, 24, 44
66, 216, 24, 26
66, 474, 24, 14
66, 28, 24, 64
66, 390, 25, 28
66, 394, 25, 63
66, 524, 25, 11
66, 270, 25, 43
66, 23, 25, 97
66, 411, 25, 58
66, 161, 25, 47
66, 37, 25, 2
66, 165, 25, 46
66, 295, 25, 36
66, 426, 25, 42
66, 174, 25, 74
66, 46, 25, 42
66, 441, 25, 28
66, 448, 25, 7
66, 579, 25, 15
66, 198, 25, 18
66, 208, 25, 31
66, 94, 25, 24
66, 98, 25, 55
66, 482, 25, 84
66, 228, 25, 60
66, 500, 25, 48
66, 121, 25, 25
66, 259, 26, 70
66, 388, 26, 70
66, 6, 26, 41
66, 138, 26, 59
66, 142, 26, 81
66, 20, 26, 82
66, 553, 26, 61
66, 564, 26, 10
66, 439, 26, 78
66, 311, 26, 98
66, 194, 26, 91
66, 216, 26, 26
66, 348, 26, 84
66, 101, 26, 45
66, 358, 26, 33
66, 105, 26, 37
66, 364, 26, 99
66, 377, 26, 80
66, 380, 26, 33
66, 512, 27, 69
66, 129, 27, 42
66, 265, 27, 76
66, 272, 27, 19
66, 20, 27, 82
66, 534, 27, 83
66, 546, 27, 36
66, 431, 27, 30
66, 306, 27, 25
66, 51, 27, 58
66, 570, 27, 77
66, 454, 27, 40
66, 332, 27, 9
66, 78, 27, 50
66, 465, 27, 61
66, 223, 27, 47
66, 482, 27, 84
66, 364, 27, 99
66, 241, 27, 95
66, 373, 27, 13
66, 247, 27, 78
66, 504, 27, 6
66, 378, 27, 23
66, 510, 27, 35
66, 8, 28, 74
66, 402, 28, 51
66, 151, 28, 21
66, 156, 28, 41
66, 542, 28, 74
66, 30, 28, 15
66, 292, 28, 62
66, 295, 28, 36
66, 43, 28, 17
66, 302, 28, 2
66, 571, 28, 14
66, 59, 28, 22
66, 67, 28, 4
66, 332, 28, 9
66, 590, 28, 74
66, 86, 28, 23
66, 215, 28, 91
66, 346, 28, 89
66, 475, 28, 60
66, 483, 28, 76
66, 228, 28, 60
66, 486, 28, 23
66, 232, 28, 7
66, 375, 28, 38
66, 125, 28, 7
66, 129, 29, 42
66, 134, 29, 31
66, 520, 29, 14
66, 527, 29, 31
66, 407, 29, 1
66, 408, 29, 25
66, 547, 29, 63
66, 39, 29, 55
66, 40, 29, 37
66, 173, 29, 47
66, 46, 29, 42
66, 559, 29, 80
66, 565, 29, 6
66, 442, 29, 51
66, 449, 29, 50
66, 464, 29, 63
66, 482, 29, 84
66, 106, 29, 82
66, 239, 29, 23
66, 496, 29, 64
66, 249, 29, 27
66, 288, 30, 65
66, 407, 30, 1
66, 450, 30, 4
66, 291, 30, 86
66, 258, 30, 33
66, 38, 30, 36
66, 331, 30, 56
66, 300, 30, 3
66, 269, 30, 92
66, 237, 30, 84
66, 575, 30, 90
66, 433, 30, 2
66, 343, 30, 14
66, 186, 30, 64
66, 475, 30, 60
66, 223, 30, 47
66, 546, 31, 36
66, 196, 31, 24
66, 487, 31, 15
66, 560, 31, 11
66, 403, 31, 91
66, 53, 31, 52
66, 181, 31, 98
66, 511, 31, 10
66, 192, 32, 35
66, 450, 32, 4
66, 455, 32, 37
66, 42, 32, 95
66, 171, 32, 27
66, 78, 32, 50
66, 560, 32, 11
66, 306, 32, 25
66, 51, 32, 58
66, 375, 32, 38
66, 285, 32, 76
66, 257, 33, 1
66, 296, 33, 52
66, 40, 33, 37
66, 394, 33, 63
66, 331, 33, 56
66, 16, 33, 37
66, 570, 33, 77
66, 90, 33, 65
66, 411, 33, 58
66, 509, 33, 19
66, 4, 34, 70
66, 392, 34, 79
66, 456, 34, 59
66, 205, 34, 37
66, 270, 34, 43
66, 60, 34, 76
66, 429, 34, 50
66, 29, 34, 44
66, 596, 34, 61
66, 244, 34, 63
66, 280, 34, 11
66, 26, 34, 29
66, 283, 34, 79
66, 380, 34, 33
66, 349, 34, 2
66, 482, 35, 84
66, 387, 35, 59
66, 49, 35, 77
66, 183, 35, 16
66, 381, 35, 62
66, 515, 36, 49
66, 388, 36, 70
66, 393, 36, 38
66, 39, 36, 55
66, 40, 36, 37
66, 429, 36, 50
66, 184, 36, 18
66, 570, 36, 77
66, 72, 36, 82
66, 462, 36, 50
66, 597, 36, 71
66, 218, 36, 17
66, 97, 36, 31
66, 98, 36, 55
66, 226, 36, 25
66, 233, 36, 8
66, 236, 36, 76
66, 365, 36, 8
66, 367, 36, 80
66, 375, 36, 38
66, 505, 36, 64
66, 255, 36, 52
66, 352, 37, 9
66, 1, 37, 56
66, 68, 37, 33
66, 582, 37, 88
66, 167, 37, 100
66, 254, 37, 83
66, 572, 37, 88
66, 382, 37, 34
66, 1, 38, 56
66, 515, 38, 49
66, 131, 38, 75
66, 518, 38, 24
66, 391, 38, 45
66, 17, 38, 40
66, 154, 38, 67
66, 33, 38, 33
66, 162, 38, 32
66, 165, 38, 46
66, 175, 38, 40
66, 55, 38, 56
66, 445, 38, 60
66, 448, 38, 7
66, 66, 38, 12
66, 579, 38, 15
66, 459, 38, 6
66, 592, 38, 74
66, 210, 38, 12
66, 220, 38, 15
66, 350, 38, 81
66, 107, 38, 84
66, 369, 38, 11
66, 241, 38, 95
66, 452, 39, 3
66, 357, 39, 18
66, 40, 39, 37
66, 106, 39, 82
66, 107, 39, 84
66, 335, 39, 87
66, 80, 39, 50
66, 497, 39, 69
66, 240, 39, 29
66, 115, 39, 86
66, 471, 39, 44
66, 442, 39, 51
66, 268, 40, 49
66, 398, 40, 38
66, 17, 40, 40
66, 149, 40, 1
66, 407, 40, 1
66, 158, 40, 65
66, 37, 40, 2
66, 43, 40, 17
66, 429, 40, 50
66, 445, 40, 60
66, 62, 40, 21
66, 329, 40, 75
66, 462, 40, 50
66, 334, 40, 39
66, 84, 40, 49
66, 86, 40, 23
66, 472, 40, 29
66, 222, 40, 65
66, 355, 40, 74
66, 108, 40, 66
66, 250, 40, 2
66, 511, 40, 10
66, 248, 41, 12
66, 449, 41, 50
66, 132, 41, 80
66, 230, 41, 93
66, 455, 41, 37
66, 490, 41, 85
66, 473, 41, 84
66, 175, 41, 40
66, 561, 41, 34
66, 180, 41, 26
66, 182, 41, 32
66, 407, 41, 1
66, 216, 41, 26
66, 151, 41, 21
66, 188, 41, 60
66, 3, 42, 34
66, 264, 42, 75
66, 395, 42, 10
66, 536, 42, 62
66, 539, 42, 77
66, 540, 42, 74
66, 541, 42, 3
66, 31, 42, 82
66, 288, 42, 65
66, 161, 42, 47
66, 291, 42, 86
66, 35, 42, 12
66, 553, 42, 61
66, 174, 42, 74
66, 438, 42, 19
66, 199, 42, 64
66, 201, 42, 58
66, 330, 42, 9
66, 205, 42, 37
66, 83, 42, 86
66, 350, 42, 81
66, 353, 42, 79
66, 227, 42, 12
66, 124, 42, 39
66, 255, 42, 52
66, 322, 43, 49
66, 451, 43, 56
66, 258, 43, 33
66, 200, 43, 79
66, 457, 43, 83
66, 74, 43, 98
66, 169, 43, 10
66, 142, 43, 81
66, 14, 43, 1
66, 80, 43, 50
66, 370, 43, 26
66, 83, 43, 86
66, 341, 43, 58
66, 373, 43, 13
66, 312, 43, 25
66, 253, 43, 56
66, 64, 44, 67
66, 513, 44, 3
66, 450, 44, 4
66, 323, 44, 56
66, 357, 44, 18
66, 5, 44, 86
66, 186, 44, 64
66, 362, 44, 57
66, 459, 44, 6
66, 366, 44, 79
66, 433, 44, 2
66, 530, 44, 78
66, 563, 44, 71
66, 469, 44, 36
66, 86, 44, 23
66, 538, 44, 65
66, 319, 44, 24
66, 134, 45, 31
66, 266, 45, 49
66, 14, 45, 1
66, 402, 45, 51
66, 276, 45, 68
66, 33, 45, 33
66, 37, 45, 2
66, 563, 45, 71
66, 313, 45, 39
66, 443, 45, 50
66, 317, 45, 51
66, 189, 45, 25
66, 447, 45, 79
66, 576, 45, 51
66, 64, 45, 67
66, 580, 45, 34
66, 452, 45, 3
66, 198, 45, 18
66, 206, 45, 88
66, 339, 45, 94
66, 218, 45, 17
66, 95, 45, 59
66, 127, 45, 23
66, 160, 46, 61
66, 37, 46, 2
66, 9, 46, 73
66, 266, 46, 49
66, 42, 46, 95
66, 396, 46, 62
66, 589, 46, 84
66, 107, 46, 84
66, 15, 46, 10
66, 528, 46, 5
66, 145, 46, 32
66, 265, 46, 76
66, 115, 46, 86
66, 246, 46, 99
66, 23, 46, 97
66, 280, 46, 11
66, 26, 46, 29
66, 380, 46, 33
66, 226, 47, 25
66, 36, 47, 33
66, 230, 47, 93
66, 491, 47, 24
66, 235, 47, 58
66, 335, 47, 87
66, 275, 47, 77
66, 596, 47, 61
66, 531, 47, 42
66, 283, 47, 79
66, 284, 47, 59
66, 350, 47, 81
66, 575, 47, 90
66, 1, 48, 56
66, 388, 48, 70
66, 389, 48, 64
66, 262, 48, 8
66, 141, 48, 31
66, 535, 48, 48
66, 282, 48, 5
66, 410, 48, 94
66, 35, 48, 12
66, 60, 48, 76
66, 448, 48, 7
66, 577, 48, 95
66, 69, 48, 19
66, 201, 48, 58
66, 588, 48, 92
66, 77, 48, 78
66, 590, 48, 74
66, 344, 48, 41
66, 474, 48, 14
66, 488, 48, 51
66, 491, 48, 24
66, 108, 48, 66
66, 503, 48, 31
66, 122, 48, 66
66, 13, 49, 62
66, 399, 49, 59
66, 277, 49, 79
66, 535, 49, 48
66, 541, 49, 3
66, 294, 49, 94
66, 550, 49, 8
66, 176, 49, 23
66, 308, 49, 15
66, 567, 49, 79
66, 312, 49, 25
66, 318, 49, 45
66, 320, 49, 84
66, 76, 49, 65
66, 205, 49, 37
66, 591, 49, 4
66, 466, 49, 15
66, 250, 49, 2
66, 252, 49, 73
66, 255, 49, 52
66, 129, 50, 42
66, 229, 50, 8
66, 69, 50, 19
66, 203, 50, 91
66, 526, 50, 56
66, 78, 50, 50
66, 432, 50, 95
66, 433, 50, 2
66, 466, 50, 15
66, 499, 50, 22
66, 220, 50, 15
66, 437, 50, 23
66, 503, 50, 31
66, 28, 50, 64
66, 253, 50, 56
66, 543, 50, 56
66, 1, 51, 56
66, 258, 51, 33
66, 39, 51, 55
66, 171, 51, 27
66, 301, 51, 22
66, 303, 51, 27
66, 179, 51, 17
66, 54, 51, 66
66, 55, 51, 56
66, 566, 51, 66
66, 320, 51, 84
66, 328, 51, 67
66, 586, 51, 54
66, 212, 51, 43
66, 341, 51, 58
66, 598, 51, 13
66, 219, 51, 9
66, 364, 51, 99
66, 365, 51, 8
66, 117, 51, 53
66, 509, 51, 19
66, 518, 52, 24
66, 275, 52, 77
66, 407, 52, 1
66, 165, 52, 46
66, 552, 52, 85
66, 427, 52, 4
66, 428, 52, 27
66, 301, 52, 22
66, 60, 52, 76
66, 317, 52, 51
66, 75, 52, 52
66, 338, 52, 73
66, 83, 52, 86
66, 597, 52, 71
66, 346, 52, 89
66, 98, 52, 55
66, 362, 52, 57
66, 115, 52, 86
66, 507, 52, 93
66, 97, 53, 31
66, 293, 53, 45
66, 326, 53, 20
66, 105, 53, 37
66, 522, 53, 20
66, 331, 53, 56
66, 428, 53, 27
66, 204, 53, 94
66, 555, 53, 68
66, 205, 53, 37
66, 497, 53, 69
66, 278, 53, 18
66, 343, 53, 14
66, 36, 54, 33
66, 102, 54, 1
66, 267, 54, 11
66, 110, 54, 52
66, 176, 54, 23
66, 81, 54, 90
66, 19, 54, 22
66, 467, 54, 12
66, 244, 54, 63
66, 275, 54, 77
66, 536, 54, 62
66, 130, 55, 74
66, 227, 55, 12
66, 75, 55, 52
66, 172, 55, 26
66, 112, 55, 31
66, 273, 55, 41
66, 247, 55, 78
66, 89, 55, 94
66, 220, 55, 15
66, 413, 55, 44
66, 384, 56, 34
66, 455, 56, 37
66, 39, 56, 55
66, 170, 56, 13
66, 523, 56, 49
66, 172, 56, 26
66, 589, 56, 84
66, 205, 56, 37
66, 568, 56, 11
66, 152, 56, 72
66, 28, 56, 64
66, 61, 56, 70
66, 322, 57, 49
66, 163, 57, 90
66, 357, 57, 18
66, 72, 57, 82
66, 597, 57, 71
66, 155, 57, 5
66, 1, 58, 56
66, 519, 58, 43
66, 136, 58, 64
66, 267, 58, 11
66, 400, 58, 91
66, 287, 58, 51
66, 294, 58, 94
66, 553, 58, 61
66, 430, 58, 33
66, 570, 58, 77
66, 314, 58, 82
66, 317, 58, 51
66, 64, 58, 67
66, 322, 58, 49
66, 204, 58, 94
66, 592, 58, 74
66, 336, 58, 22
66, 478, 58, 90
66, 230, 58, 93
66, 103, 58, 45
66, 486, 58, 23
66, 109, 58, 63
66, 245, 58, 48
66, 503, 58, 31
66, 509, 58, 19
66, 547, 59, 63
66, 260, 59, 94
66, 387, 59, 59
66, 390, 59, 28
66, 359, 59, 63
66, 453, 59, 38
66, 487, 59, 15
66, 202, 59, 61
66, 310, 59, 5
66, 409, 59, 42
66, 411, 59, 58
66, 577, 60, 95
66, 34, 60, 5
66, 255, 60, 52
66, 97, 60, 31
66, 426, 60, 42
66, 395, 60, 10
66, 78, 60, 50
66, 111, 60, 81
66, 500, 60, 48
66, 310, 60, 5
66, 441, 60, 28
66, 475, 60, 60
66, 189, 60, 25
66, 287, 60, 51
66, 577, 61, 95
66, 579, 61, 15
66, 261, 61, 60
66, 39, 61, 55
66, 296, 61, 52
66, 295, 61, 36
66, 555, 61, 68
66, 364, 61, 99
66, 47, 61, 82
66, 214, 61, 48
66, 440, 61, 15
66, 185, 61, 18
66, 506, 61, 55
66, 251, 61, 9
66, 188, 61, 60
66, 262, 62, 8
66, 135, 62, 22
66, 9, 62, 73
66, 399, 62, 59
66, 278, 62, 18
66, 408, 62, 25
66, 550, 62, 8
66, 552, 62, 85
66, 297, 62, 73
66, 303, 62, 27
66, 573, 62, 55
66, 445, 62, 60
66, 452, 62, 3
66, 329, 62, 75
66, 336, 62, 22
66, 216, 62, 26
66, 476, 62, 93
66, 95, 62, 59
66, 486, 62, 23
66, 494, 62, 57
66, 111, 62, 81
66, 366, 62, 79
66, 503, 62, 31
66, 504, 62, 6
66, 407, 63, 1
66, 1, 63, 56
66, 451, 63, 56
66, 260, 63, 94
66, 331, 63, 56
66, 592, 63, 74
66, 177, 63, 47
66, 17, 63, 40
66, 181, 63, 98
66, 215, 63, 91
66, 89, 63, 94
66, 159, 63, 27
66, 193, 64, 14
66, 449, 64, 50
66, 99, 64, 32
66, 481, 64, 2
66, 360, 64, 20
66, 168, 64, 36
66, 105, 64, 37
66, 363, 64, 18
66, 364, 64, 99
66, 434, 64, 47
66, 82, 64, 32
66, 407, 64, 1
66, 184, 64, 18
66, 249, 64, 27
66, 507, 64, 93
66, 4, 65, 70
66, 261, 65, 60
66, 262, 65, 8
66, 135, 65, 22
66, 7, 65, 36
66, 405, 65, 38
66, 158, 65, 65
66, 546, 65, 36
66, 293, 65, 45
66, 39, 65, 55
66, 65, 65, 92
66, 324, 65, 9
66, 75, 65, 52
66, 78, 65, 50
66, 208, 65, 31
66, 596, 65, 61
66, 474, 65, 14
66, 354, 65, 100
66, 105, 65, 37
66, 369, 65, 11
66, 507, 65, 93
66, 382, 65, 34
66, 96, 66, 76
66, 546, 66, 36
66, 547, 66, 63
66, 313, 66, 39
66, 103, 66, 45
66, 397, 66, 63
66, 207, 66, 82
66, 592, 66, 74
66, 243, 66, 49
66, 403, 66, 91
66, 499, 66, 22
66, 247, 66, 78
66, 217, 66, 43
66, 29, 66, 44
66, 382, 66, 34
66, 288, 67, 65
66, 1, 67, 56
66, 323, 67, 56
66, 420, 67, 7
66, 134, 67, 31
66, 361, 67, 89
66, 265, 67, 76
66, 297, 67, 73
66, 236, 67, 76
66, 492, 67, 84
66, 174, 67, 74
66, 495, 67, 69
66, 565, 67, 6
66, 535, 67, 48
66, 441, 67, 28
66, 540, 67, 74
66, 477, 67, 52
66, 159, 67, 27
66, 516, 68, 88
66, 391, 68, 45
66, 529, 68, 92
66, 278, 68, 18
66, 150, 68, 84
66, 279, 68, 78
66, 34, 68, 5
66, 291, 68, 86
66, 166, 68, 97
66, 171, 68, 27
66, 562, 68, 1
66, 563, 68, 71
66, 181, 68, 98
66, 570, 68, 77
66, 189, 68, 25
66, 73, 68, 27
66, 460, 68, 97
66, 337, 68, 79
66, 82, 68, 32
66, 596, 68, 61
66, 597, 68, 71
66, 471, 68, 44
66, 346, 68, 89
66, 479, 68, 2
66, 118, 68, 96
66, 35, 69, 12
66, 75, 69, 52
66, 557, 69, 76
66, 17, 69, 40
66, 434, 69, 47
66, 284, 69, 59
66, 128, 70, 97
66, 137, 70, 8
66, 141, 70, 31
66, 15, 70, 10
66, 528, 70, 5
66, 538, 70, 65
66, 285, 70, 76
66, 541, 70, 3
66, 37, 70, 2
66, 561, 70, 34
66, 181, 70, 98
66, 442, 70, 51
66, 192, 70, 35
66, 201, 70, 58
66, 219, 70, 9
66, 348, 70, 84
66, 94, 70, 24
66, 109, 70, 63
66, 240, 70, 29
66, 241, 70, 95
66, 370, 70, 26
66, 192, 71, 35
66, 225, 71, 26
66, 386, 71, 16
66, 503, 71, 31
66, 420, 71, 7
66, 217, 71, 43
66, 42, 71, 95
66, 588, 71, 92
66, 403, 71, 91
66, 308, 71, 15
66, 54, 71, 66
66, 439, 71, 78
66, 183, 71, 16
66, 443, 71, 50
66, 64, 72, 67
66, 256, 72, 5
66, 386, 72, 16
66, 547, 72, 63
66, 418, 72, 47
66, 451, 72, 56
66, 32, 72, 79
66, 455, 72, 37
66, 449, 72, 50
66, 107, 72, 84
66, 236, 72, 76
66, 179, 72, 17
66, 284, 72, 59
66, 149, 72, 1
66, 85, 72, 6
66, 187, 72, 69
66, 220, 72, 15
66, 31, 72, 82
66, 128, 73, 97
66, 386, 73, 16
66, 262, 73, 8
66, 277, 73, 79
66, 410, 73, 94
66, 425, 73, 77
66, 303, 73, 27
66, 49, 73, 77
66, 179, 73, 17
66, 435, 73, 71
66, 318, 73, 45
66, 575, 73, 90
66, 587, 73, 70
66, 592, 73, 74
66, 474, 73, 14
66, 476, 73, 93
66, 486, 73, 23
66, 359, 73, 63
66, 107, 73, 84
66, 249, 73, 27
66, 253, 73, 56
66, 545, 74, 11
66, 225, 74, 26
66, 259, 74, 70
66, 228, 74, 60
66, 281, 74, 30
66, 454, 74, 40
66, 262, 74, 8
66, 137, 74, 8
66, 199, 74, 64
66, 300, 74, 3
66, 268, 74, 49
66, 13, 74, 62
66, 113, 74, 83
66, 404, 74, 26
66, 505, 74, 64
66, 506, 74, 55
66, 476, 74, 93
66, 575, 74, 90
66, 1, 75, 56
66, 263, 75, 75
66, 265, 75, 76
66, 267, 75, 11
66, 268, 75, 49
66, 141, 75, 31
66, 542, 75, 74
66, 425, 75, 77
66, 170, 75, 13
66, 430, 75, 33
66, 178, 75, 83
66, 565, 75, 6
66, 55, 75, 56
66, 344, 75, 41
66, 479, 75, 2
66, 483, 75, 76
66, 240, 75, 29
66, 371, 75, 74
66, 506, 75, 55
66, 510, 75, 35
66, 3, 76, 34
66, 103, 76, 45
66, 202, 76, 61
66, 42, 76, 95
66, 108, 76, 66
66, 559, 76, 80
66, 349, 76, 2
66, 4, 77, 70
66, 5, 77, 86
66, 140, 77, 78
66, 527, 77, 31
66, 404, 77, 26
66, 36, 77, 33
66, 553, 77, 61
66, 559, 77, 80
66, 65, 77, 92
66, 337, 77, 79
66, 465, 77, 61
66, 87, 77, 4
66, 227, 77, 12
66, 229, 77, 8
66, 357, 77, 18
66, 360, 77, 20
66, 363, 77, 18
66, 368, 77, 21
66, 496, 77, 64
66, 248, 77, 12
66, 249, 77, 27
66, 125, 77, 7
66, 132, 78, 80
66, 138, 78, 59
66, 18, 78, 79
66, 533, 78, 60
66, 535, 78, 48
66, 412, 78, 40
66, 541, 78, 3
66, 544, 78, 90
66, 164, 78, 41
66, 170, 78, 13
66, 561, 78, 34
66, 181, 78, 98
66, 568, 78, 11
66, 61, 78, 70
66, 71, 78, 79
66, 72, 78, 82
66, 463, 78, 26
66, 85, 78, 6
66, 346, 78, 89
66, 93, 78, 56
66, 481, 78, 2
66, 239, 78, 23
66, 112, 78, 31
66, 416, 79, 41
66, 35, 79, 12
66, 366, 79, 79
66, 469, 79, 36
66, 407, 79, 1
66, 257, 80, 1
66, 161, 80, 47
66, 322, 80, 49
66, 299, 80, 4
66, 370, 80, 26
66, 214, 80, 48
66, 375, 80, 38
66, 473, 80, 84
66, 96, 81, 76
66, 65, 81, 92
66, 582, 81, 88
66, 422, 81, 65
66, 262, 81, 8
66, 106, 81, 82
66, 525, 81, 75
66, 48, 81, 32
66, 243, 81, 49
66, 119, 81, 89
66, 310, 81, 5
66, 279, 81, 78
66, 345, 81, 47
66, 25, 81, 17
66, 160, 82, 61
66, 577, 82, 95
66, 162, 82, 32
66, 419, 82, 44
66, 517, 82, 45
66, 71, 82, 79
66, 392, 82, 79
66, 551, 82, 56
66, 13, 82, 62
66, 334, 82, 39
66, 401, 82, 80
66, 467, 82, 12
66, 186, 82, 64
66, 62, 82, 21
66, 294, 83, 94
66, 38, 83, 36
66, 393, 83, 38
66, 42, 83, 95
66, 186, 83, 64
66, 543, 83, 56
66, 32, 84, 79
66, 578, 84, 84
66, 58, 84, 99
66, 38, 84, 36
66, 391, 84, 45
66, 168, 84, 36
66, 139, 84, 68
66, 251, 84, 9
66, 592, 84, 74
66, 379, 84, 85
66, 211, 84, 98
66, 53, 84, 52
66, 118, 84, 96
66, 504, 84, 6
66, 474, 84, 14
66, 539, 84, 77
66, 508, 84, 74
66, 447, 84, 79
66, 384, 85, 34
66, 547, 85, 63
66, 580, 85, 34
66, 12, 85, 74
66, 303, 85, 27
66, 80, 85, 50
66, 405, 85, 38
66, 118, 85, 96
66, 570, 85, 77
66, 284, 85, 59
66, 7, 86, 36
66, 267, 86, 11
66, 524, 86, 11
66, 11, 86, 62
66, 145, 86, 32
66, 530, 86, 78
66, 26, 86, 29
66, 416, 86, 41
66, 167, 86, 100
66, 168, 86, 36
66, 436, 86, 59
66, 452, 86, 3
66, 74, 86, 98
66, 206, 86, 88
66, 226, 86, 25
66, 102, 86, 1
66, 234, 86, 85
66, 106, 86, 82
66, 236, 86, 76
66, 243, 86, 49
66, 373, 86, 13
66, 249, 86, 27
66, 135, 87, 22
66, 522, 87, 20
66, 532, 87, 5
66, 406, 87, 98
66, 152, 87, 72
66, 28, 87, 64
66, 159, 87, 27
66, 163, 87, 90
66, 293, 87, 45
66, 428, 87, 27
66, 308, 87, 15
66, 67, 87, 4
66, 325, 87, 97
66, 72, 87, 82
66, 329, 87, 75
66, 330, 87, 9
66, 459, 87, 6
66, 469, 87, 36
66, 123, 87, 59
66, 124, 87, 39
66, 510, 87, 35
66, 256, 88, 5
66, 290, 88, 29
66, 484, 88, 81
66, 69, 88, 19
66, 519, 88, 43
66, 200, 88, 79
66, 458, 88, 58
66, 333, 88, 67
66, 590, 88, 74
66, 335, 88, 87
66, 47, 88, 82
66, 397, 88, 63
66, 434, 88, 47
66, 372, 88, 50
66, 376, 88, 43
66, 378, 88, 23
66, 219, 88, 9
66, 573, 88, 55
66, 416, 89, 41
66, 559, 89, 80
66, 213, 89, 84
66, 503, 89, 31
66, 413, 89, 44
66, 1, 90, 56
66, 354, 90, 100
66, 323, 90, 56
66, 482, 90, 84
66, 353, 90, 79
66, 454, 90, 40
66, 385, 90, 9
66, 585, 90, 27
66, 107, 90, 84
66, 301, 90, 22
66, 303, 90, 27
66, 144, 90, 5
66, 498, 90, 94
66, 55, 90, 56
66, 505, 90, 64
66, 26, 90, 29
66, 411, 90, 58
66, 319, 90, 24
66, 159, 91, 27
66, 255, 91, 52
66, 101, 91, 45
66, 230, 91, 93
66, 7, 91, 36
66, 456, 91, 59
66, 394, 91, 63
66, 238, 91, 87
66, 305, 91, 27
66, 594, 91, 17
66, 471, 91, 44
66, 376, 91, 43
66, 572, 91, 88
66, 542, 91, 74
66, 415, 91, 81
66, 192, 92, 35
66, 552, 92, 85
66, 459, 92, 6
66, 208, 92, 31
66, 49, 92, 77
66, 124, 92, 39
66, 117, 92, 53
66, 217, 92, 43
66, 412, 92, 40
66, 285, 92, 76
66, 576, 93, 51
66, 290, 93, 29
66, 484, 93, 81
66, 325, 93, 97
66, 519, 93, 43
66, 360, 93, 20
66, 40, 93, 37
66, 12, 93, 74
66, 79, 93, 84
66, 415, 93, 81
66, 129, 94, 42
66, 14, 94, 1
66, 277, 94, 79
66, 413, 94, 44
66, 158, 94, 65
66, 160, 94, 61
66, 52, 94, 31
66, 198, 94, 18
66, 201, 94, 58
66, 73, 94, 27
66, 209, 94, 41
66, 343, 94, 14
66, 96, 94, 76
66, 480, 94, 86
66, 358, 94, 33
66, 487, 94, 15
66, 236, 94, 76
66, 243, 94, 49
66, 380, 94, 33
66, 9, 95, 73
66, 13, 95, 62
66, 526, 95, 56
66, 146, 95, 14
66, 150, 95, 84
66, 285, 95, 76
66, 543, 95, 56
66, 439, 95, 78
66, 57, 95, 19
66, 571, 95, 14
66, 450, 95, 4
66, 451, 95, 56
66, 331, 95, 56
66, 468, 95, 93
66, 350, 95, 81
66, 486, 95, 23
66, 109, 95, 63
66, 110, 95, 52
66, 498, 95, 94
66, 119, 95, 89
66, 254, 95, 83
66, 512, 96, 69
66, 422, 96, 65
66, 329, 96, 75
66, 493, 96, 84
66, 495, 96, 69
66, 28, 96, 64
66, 126, 96, 92
66, 223, 96, 47
66, 2, 97, 75
66, 39, 97, 55
66, 329, 97, 75
66, 105, 97, 37
66, 208, 97, 31
66, 484, 98, 81
66, 358, 98, 33
66, 265, 98, 76
66, 586, 98, 54
66, 236, 98, 76
66, 12, 98, 74
66, 430, 98, 33
66, 465, 98, 61
66, 370, 98, 26
66, 467, 98, 12
66, 179, 98, 17
66, 309, 98, 19
66, 246, 98, 99
66, 501, 98, 27
66, 88, 98, 42
66, 566, 98, 66
66, 284, 98, 59
66, 350, 98, 81
66, 385, 99, 9
66, 10, 99, 29
66, 403, 99, 91
66, 22, 99, 9
66, 34, 99, 5
66, 301, 99, 22
66, 178, 99, 83
66, 308, 99, 15
66, 315, 99, 95
66, 62, 99, 21
66, 574, 99, 15
66, 583, 99, 54
66, 331, 99, 56
66, 213, 99, 84
66, 219, 99, 9
66, 223, 99, 47
66, 228, 99, 60
66, 103, 99, 45
66, 109, 99, 63
66, 237, 99, 84
66, 503, 99, 31
66, 504, 99, 6
66, 121, 99, 25
66, 129, 100, 42
66, 402, 100, 51
66, 153, 100, 91
66, 411, 100, 58
66, 540, 100, 74
66, 554, 100, 22
66, 173, 100, 47
66, 433, 100, 2
66, 442, 100, 51
66, 458, 100, 58
66, 224, 100, 32
66, 485, 100, 37
66, 102, 100, 1
66, 490, 100, 85
66, 367, 100, 80
66, 243, 100, 49
66, 375, 100, 38
66, 248, 100, 12
66, 506, 100, 55
66, 262, 101, 8
66, 7, 101, 36
66, 383, 101, 62
66, 396, 101, 62
66, 524, 101, 11
66, 535, 101, 48
66, 536, 101, 62
66, 159, 101, 27
66, 424, 101, 7
66, 43, 101, 17
66, 180, 101, 26
66, 311, 101, 98
66, 198, 101, 18
66, 457, 101, 83
66, 593, 101, 93
66, 337, 101, 79
66, 99, 101, 32
66, 485, 101, 37
66, 358, 101, 33
66, 239, 101, 23
66, 113, 101, 83
66, 121, 101, 25
66, 255, 101, 52
66, 2, 102, 75
66, 323, 102, 56
66, 419, 102, 44
66, 484, 102, 81
66, 298, 102, 72
66, 362, 102, 57
66, 235, 102, 58
66, 108, 102, 66
66, 336, 102, 22
66, 285, 102, 76
66, 318, 102, 45
66, 261, 103, 60
66, 392, 103, 79
66, 266, 103, 49
66, 532, 103, 5
66, 411, 103, 58
66, 541, 103, 3
66, 303, 103, 27
66, 568, 103, 11
66, 57, 103, 19
66, 67, 103, 4
66, 197, 103, 26
66, 201, 103, 58
66, 82, 103, 32
66, 353, 103, 79
66, 487, 103, 15
66, 103, 103, 45
66, 365, 103, 8
66, 116, 103, 10
66, 379, 103, 85
66, 162, 104, 32
66, 263, 104, 75
66, 106, 104, 82
66, 432, 104, 95
66, 278, 104, 18
66, 344, 104, 41
66, 441, 104, 28
66, 572, 104, 88
66, 12, 105, 74
66, 524, 105, 11
66, 403, 105, 91
66, 286, 105, 96
66, 159, 105, 27
66, 417, 105, 14
66, 35, 105, 12
66, 559, 105, 80
66, 434, 105, 47
66, 56, 105, 18
66, 188, 105, 60
66, 75, 105, 52
66, 462, 105, 50
66, 465, 105, 61
66, 477, 105, 52
66, 225, 105, 26
66, 492, 105, 84
66, 112, 105, 31
66, 253, 105, 56
66, 528, 106, 5
66, 403, 106, 91
66, 531, 106, 42
66, 278, 106, 18
66, 544, 106, 90
66, 38, 106, 36
66, 169, 106, 10
66, 560, 106, 11
66, 437, 106, 23
66, 54, 106, 66
66, 57, 106, 19
66, 449, 106, 50
66, 327, 106, 48
66, 216, 106, 26
66, 93, 106, 56
66, 102, 106, 1
66, 377, 106, 80
66, 253, 106, 56
66, 510, 106, 35
66, 579, 107, 15
66, 103, 107, 45
66, 394, 107, 63
66, 494, 107, 57
66, 560, 107, 11
66, 402, 107, 51
66, 597, 107, 71
66, 183, 107, 16
66, 25, 107, 17
66, 539, 107, 77
66, 445, 107, 60
66, 527, 108, 31
66, 275, 108, 77
66, 536, 108, 62
66, 159, 108, 27
66, 545, 108, 11
66, 426, 108, 42
66, 434, 108, 47
66, 180, 108, 26
66, 309, 108, 19
66, 438, 108, 19
66, 573, 108, 55
66, 193, 108, 14
66, 450, 108, 4
66, 67, 108, 4
66, 322, 108, 49
66, 581, 108, 65
66, 203, 108, 91
66, 335, 108, 87
66, 85, 108, 6
66, 218, 108, 17
66, 347, 108, 44
66, 229, 108, 8
66, 491, 108, 24
66, 372, 108, 50
66, 254, 108, 83
66, 194, 109, 91
66, 324, 109, 9
66, 420, 109, 7
66, 488, 109, 51
66, 441, 109, 28
66, 428, 109, 27
66, 365, 109, 8
66, 76, 109, 65
66, 240, 109, 29
66, 593, 109, 93
66, 211, 109, 98
66, 278, 109, 18
66, 88, 109, 42
66, 409, 109, 42
66, 386, 110, 16
66, 3, 110, 34
66, 548, 110, 88
66, 514, 110, 85
66, 558, 110, 36
66, 46, 110, 42
66, 369, 110, 11
66, 243, 110, 49
66, 468, 110, 93
66, 245, 110, 48
66, 87, 110, 4
66, 352, 111, 9
66, 227, 111, 12
66, 196, 111, 24
66, 456, 111, 59
66, 424, 111, 7
66, 41, 111, 42
66, 108, 111, 66
66, 176, 111, 23
66, 273, 111, 41
66, 565, 111, 6
66, 472, 111, 29
66, 346, 111, 89
66, 187, 111, 69
66, 414, 111, 35
66, 127, 111, 23
66, 581, 112, 65
66, 488, 112, 51
66, 490, 112, 85
66, 398, 112, 38
66, 276, 112, 68
66, 54, 112, 66
66, 343, 112, 14
66, 502, 112, 65
66, 345, 112, 47
66, 538, 112, 65
66, 99, 113, 32
66, 489, 113, 97
66, 10, 113, 29
66, 461, 113, 19
66, 429, 113, 50
66, 340, 113, 51
66, 278, 113, 18
66, 380, 113, 33
66, 256, 114, 5
66, 354, 114, 100
66, 484, 114, 81
66, 68, 114, 33
66, 261, 114, 60
66, 36, 114, 33
66, 233, 114, 8
66, 553, 114, 61
66, 42, 114, 95
66, 269, 114, 92
66, 60, 114, 76
66, 303, 114, 27
66, 241, 114, 95
66, 22, 114, 9
66, 344, 114, 41
66, 508, 114, 74
66, 193, 115, 14
66, 513, 115, 3
66, 260, 115, 94
66, 581, 115, 65
66, 389, 115, 64
66, 7, 115, 36
66, 580, 115, 34
66, 105, 115, 37
66, 38, 115, 36
66, 337, 115, 79
66, 402, 115, 51
66, 404, 115, 26
66, 213, 115, 84
66, 277, 115, 79
66, 244, 115, 63
66, 153, 115, 91
66, 292, 116, 62
66, 12, 116, 74
66, 428, 116, 27
66, 309, 116, 19
66, 598, 116, 13
66, 216, 116, 26
66, 315, 116, 95
66, 289, 117, 67
66, 131, 117, 75
66, 423, 117, 37
66, 459, 117, 6
66, 491, 117, 24
66, 141, 117, 31
66, 302, 117, 2
66, 463, 117, 26
66, 112, 117, 31
66, 147, 117, 69
66, 404, 117, 26
66, 596, 117, 61
66, 214, 117, 48
66, 508, 117, 74
66, 1, 118, 56
66, 386, 118, 16
66, 142, 118, 81
66, 399, 118, 59
66, 26, 118, 29
66, 283, 118, 79
66, 158, 118, 65
66, 159, 118, 27
66, 174, 118, 74
66, 438, 118, 19
66, 448, 118, 7
66, 324, 118, 9
66, 326, 118, 20
66, 456, 118, 59
66, 584, 118, 37
66, 74, 118, 98
66, 482, 118, 84
66, 489, 118, 97
66, 105, 118, 37
66, 107, 118, 84
66, 499, 118, 22
66, 117, 118, 53
66, 384, 119, 34
66, 166, 119, 97
66, 455, 119, 37
66, 396, 119, 62
66, 140, 119, 78
66, 510, 119, 35
66, 416, 120, 41
66, 578, 120, 84
66, 422, 120, 65
66, 377, 120, 80
66, 363, 120, 18
66, 460, 120, 97
66, 108, 120, 66
66, 439, 120, 78
66, 376, 120, 43
66, 537, 120, 59
66, 124, 120, 39
66, 151, 120, 21
66, 216, 120, 26
66, 576, 121, 51
66, 128, 121, 97
66, 385, 121, 9
66, 129, 121, 42
66, 482, 121, 84
66, 293, 121, 45
66, 449, 121, 50
66, 200, 121, 79
66, 330, 121, 9
66, 10, 121, 29
66, 14, 121, 1
66, 209, 121, 41
66, 274, 121, 41
66, 244, 121, 63
66, 533, 121, 60
66, 407, 121, 1
66, 57, 121, 19
66, 29, 121, 44
66, 160, 122, 61
66, 121, 122, 25
66, 66, 122, 12
66, 421, 122, 71
66, 325, 122, 97
66, 550, 122, 8
66, 40, 122, 37
66, 299, 122, 4
66, 371, 122, 74
66, 244, 122, 63
66, 276, 122, 68
66, 536, 122, 62
66, 89, 122, 94
66, 222, 122, 65
66, 161, 123, 47
66, 2, 123, 75
66, 420, 123, 7
66, 228, 123, 60
66, 580, 123, 34
66, 137, 123, 8
66, 108, 123, 66
66, 557, 123, 76
66, 271, 123, 93
66, 465, 123, 61
66, 179, 123, 17
66, 89, 123, 94
66, 61, 123, 70
66, 320, 124, 84
66, 449, 124, 50
66, 250, 124, 2
66, 268, 124, 49
66, 173, 124, 47
66, 15, 124, 10
66, 530, 124, 78
66, 372, 124, 50
66, 247, 124, 78
66, 153, 124, 91
66, 538, 124, 65
66, 412, 124, 40
66, 286, 124, 96
66, 293, 125, 45
66, 357, 125, 18
66, 327, 125, 48
66, 105, 125, 37
66, 42, 125, 95
66, 590, 125, 74
66, 46, 125, 42
66, 568, 125, 11
66, 61, 125, 70
66, 574, 125, 15
66, 64, 126, 67
66, 270, 126, 43
66, 528, 126, 5
66, 212, 126, 43
66, 532, 126, 5
66, 516, 127, 88
66, 149, 127, 1
66, 410, 127, 94
66, 284, 127, 59
66, 542, 127, 74
66, 33, 127, 33
66, 162, 127, 32
66, 295, 127, 36
66, 424, 127, 7
66, 171, 127, 27
66, 566, 127, 66
66, 450, 127, 4
66, 205, 127, 37
66, 590, 127, 74
66, 592, 127, 74
66, 468, 127, 93
66, 87, 127, 4
66, 347, 127, 44
66, 220, 127, 15
66, 477, 127, 52
66, 105, 127, 37
66, 364, 127, 99
66, 501, 127, 27
66, 420, 128, 7
66, 202, 128, 61
66, 81, 128, 90
66, 344, 128, 41
66, 253, 128, 56
66, 132, 129, 80
66, 265, 129, 76
66, 269, 129, 92
66, 15, 129, 10
66, 147, 129, 69
66, 534, 129, 83
66, 546, 129, 36
66, 166, 129, 97
66, 422, 129, 65
66, 553, 129, 61
66, 172, 129, 26
66, 303, 129, 27
66, 178, 129, 83
66, 308, 129, 15
66, 572, 129, 88
66, 448, 129, 7
66, 323, 129, 56
66, 584, 129, 37
66, 598, 129, 13
66, 217, 129, 43
66, 351, 129, 14
66, 100, 129, 64
66, 492, 129, 84
66, 505, 129, 64
66, 512, 130, 69
66, 64, 130, 67
66, 417, 130, 14
66, 419, 130, 44
66, 439, 130, 78
66, 485, 130, 37
66, 554, 130, 22
66, 338, 130, 73
66, 309, 130, 19
66, 567, 130, 79
66, 186, 130, 64
66, 513, 131, 3
66, 162, 131, 32
66, 264, 131, 75
66, 456, 131, 59
66, 333, 131, 67
66, 337, 131, 79
66, 273, 131, 41
66, 469, 131, 36
66, 597, 131, 71
66, 154, 131, 67
66, 479, 131, 2
66, 257, 132, 1
66, 265, 132, 76
66, 267, 132, 11
66, 275, 132, 77
66, 148, 132, 64
66, 284, 132, 59
66, 31, 132, 82
66, 42, 132, 95
66, 173, 132, 47
66, 59, 132, 22
66, 574, 132, 15
66, 67, 132, 4
66, 73, 132, 27
66, 592, 132, 74
66, 88, 132, 42
66, 90, 132, 65
66, 220, 132, 15
66, 93, 132, 56
66, 104, 132, 49
66, 225, 133, 26
66, 353, 133, 79
66, 393, 133, 38
66, 234, 133, 85
66, 522, 133, 20
66, 396, 133, 62
66, 329, 133, 75
66, 79, 133, 84
66, 336, 133, 22
66, 340, 133, 51
66, 276, 133, 68
66, 343, 133, 14
66, 376, 133, 43
66, 251, 133, 9
66, 224, 134, 32
66, 290, 134, 29
66, 162, 134, 32
66, 579, 134, 15
66, 261, 134, 60
66, 79, 134, 84
66, 559, 134, 80
66, 273, 134, 41
66, 531, 134, 42
66, 307, 134, 68
66, 278, 134, 18
66, 279, 134, 78
66, 183, 134, 16
66, 251, 134, 9
66, 60, 134, 76
66, 574, 134, 15
66, 447, 134, 79
66, 132, 135, 80
66, 266, 135, 49
66, 399, 135, 59
66, 146, 135, 14
66, 151, 135, 21
66, 162, 135, 32
66, 421, 135, 71
66, 553, 135, 61
66, 179, 135, 17
66, 317, 135, 51
66, 63, 135, 2
66, 329, 135, 75
66, 83, 135, 86
66, 212, 135, 43
66, 477, 135, 52
66, 479, 135, 2
66, 224, 135, 32
66, 493, 135, 84
66, 113, 135, 83
66, 508, 135, 74
66, 140, 136, 78
66, 397, 136, 63
66, 413, 136, 44
66, 157, 136, 81
66, 158, 136, 65
66, 33, 136, 33
66, 549, 136, 49
66, 40, 136, 37
66, 173, 136, 47
66, 312, 136, 25
66, 61, 136, 70
66, 319, 136, 24
66, 457, 136, 83
66, 207, 136, 82
66, 218, 136, 17
66, 486, 136, 23
66, 363, 136, 18
66, 107, 136, 84
66, 237, 136, 84
66, 111, 136, 81
66, 243, 136, 49
66, 142, 137, 81
66, 527, 137, 31
66, 398, 137, 38
66, 408, 137, 25
66, 412, 137, 40
66, 290, 137, 29
66, 553, 137, 61
66, 43, 137, 17
66, 561, 137, 34
66, 180, 137, 26
66, 439, 137, 78
66, 571, 137, 14
66, 193, 137, 14
66, 578, 137, 84
66, 199, 137, 64
66, 456, 137, 59
66, 208, 137, 31
66, 466, 137, 15
66, 471, 137, 44
66, 484, 137, 81
66, 372, 137, 50
66, 121, 137, 25
66, 383, 137, 62
66, 226, 138, 25
66, 260, 138, 94
66, 423, 138, 37
66, 584, 138, 37
66, 587, 138, 70
66, 171, 138, 27
66, 523, 138, 49
66, 343, 138, 14
66, 215, 138, 91
66, 219, 138, 9
66, 479, 138, 2
66, 96, 139, 76
66, 292, 139, 62
66, 165, 139, 46
66, 361, 139, 89
66, 299, 139, 4
66, 12, 139, 74
66, 432, 139, 95
66, 56, 139, 18
66, 574, 139, 15
66, 32, 140, 79
66, 449, 140, 50
66, 99, 140, 32
66, 516, 140, 88
66, 166, 140, 97
66, 542, 140, 74
66, 231, 140, 80
66, 73, 140, 27
66, 394, 140, 63
66, 555, 140, 68
66, 139, 140, 68
66, 590, 140, 74
66, 16, 140, 37
66, 349, 140, 2
66, 94, 140, 24
66, 483, 141, 76
66, 10, 141, 29
66, 78, 141, 50
66, 274, 141, 41
66, 243, 141, 49
66, 532, 141, 5
66, 575, 141, 90
66, 224, 142, 32
66, 545, 142, 11
66, 291, 142, 86
66, 3, 142, 34
66, 70, 142, 14
66, 441, 142, 28
66, 573, 142, 55
66, 287, 142, 51
66, 133, 143, 75
66, 8, 143, 74
66, 522, 143, 20
66, 267, 143, 11
66, 276, 143, 68
66, 409, 143, 42
66, 169, 143, 10
66, 302, 143, 2
66, 180, 143, 26
66, 57, 143, 19
66, 444, 143, 49
66, 574, 143, 15
66, 203, 143, 91
66, 461, 143, 19
66, 468, 143, 93
66, 213, 143, 84
66, 86, 143, 23
66, 597, 143, 71
66, 227, 143, 12
66, 358, 143, 33
66, 232, 143, 7
66, 515, 144, 49
66, 293, 144, 45
66, 41, 144, 42
66, 10, 144, 29
66, 203, 144, 91
66, 523, 144, 49
66, 247, 144, 78
66, 281, 144, 30
66, 224, 145, 32
66, 227, 145, 12
66, 281, 145, 30
66, 234, 145, 85
66, 441, 145, 28
66, 236, 145, 76
66, 241, 145, 95
66, 340, 145, 51
66, 373, 145, 13
66, 278, 145, 18
66, 153, 145, 91
66, 220, 145, 15
66, 221, 145, 90
66, 385, 146, 9
66, 518, 146, 24
66, 20, 146, 82
66, 408, 146, 25
66, 160, 146, 61
66, 425, 146, 77
66, 426, 146, 42
66, 558, 146, 36
66, 180, 146, 26
66, 316, 146, 36
66, 62, 146, 21
66, 190, 146, 79
66, 196, 146, 24
66, 582, 146, 88
66, 330, 146, 9
66, 586, 146, 54
66, 332, 146, 9
66, 589, 146, 84
66, 469, 146, 36
66, 346, 146, 89
66, 362, 146, 57
66, 496, 146, 64
66, 230, 147, 93
66, 551, 147, 56
66, 527, 147, 31
66, 538, 147, 65
66, 63, 147, 2
66, 512, 148, 69
66, 160, 148, 61
66, 226, 148, 25
66, 69, 148, 19
66, 581, 148, 65
66, 43, 148, 17
66, 173, 148, 47
66, 429, 148, 50
66, 207, 148, 82
66, 48, 148, 32
66, 466, 148, 15
66, 570, 148, 77
66, 88, 148, 42
66, 62, 148, 21
66, 250, 148, 2
66, 445, 148, 60
66, 126, 148, 92
66, 0, 149, 9
66, 265, 149, 76
66, 266, 149, 49
66, 11, 149, 62
66, 152, 149, 72
66, 546, 149, 36
66, 419, 149, 44
66, 549, 149, 49
66, 170, 149, 13
66, 42, 149, 95
66, 51, 149, 58
66, 187, 149, 69
66, 317, 149, 51
66, 318, 149, 45
66, 78, 149, 50
66, 471, 149, 44
66, 350, 149, 81
66, 103, 149, 45
66, 499, 149, 22
66, 118, 149, 96
66, 503, 149, 31
66, 249, 149, 27
66, 380, 149, 33
66, 8, 150, 74
66, 286, 150, 96
66, 292, 150, 62
66, 423, 150, 37
66, 556, 150, 58
66, 431, 150, 30
66, 432, 150, 95
66, 312, 150, 25
66, 442, 150, 51
66, 314, 150, 82
66, 453, 150, 38
66, 210, 150, 12
66, 467, 150, 12
66, 344, 150, 41
66, 247, 150, 78
66, 355, 150, 74
66, 495, 150, 69
66, 368, 150, 21
66, 119, 150, 89
66, 505, 150, 64
66, 257, 151, 1
66, 391, 151, 45
66, 271, 151, 93
66, 288, 151, 65
66, 162, 151, 32
66, 163, 151, 90
66, 293, 151, 45
66, 552, 151, 85
66, 306, 151, 25
66, 51, 151, 58
66, 437, 151, 23
66, 185, 151, 18
66, 444, 151, 49
66, 62, 151, 21
66, 71, 151, 79
66, 76, 151, 65
66, 207, 151, 82
66, 341, 151, 58
66, 473, 151, 84
66, 373, 151, 13
66, 505, 151, 64
66, 320, 152, 84
66, 161, 152, 47
66, 130, 152, 74
66, 26, 152, 29
66, 198, 152, 18
66, 487, 152, 15
66, 250, 152, 2
66, 427, 152, 4
66, 114, 152, 74
66, 407, 152, 1
66, 25, 152, 17
66, 154, 152, 67
66, 145, 153, 32
66, 403, 153, 91
66, 281, 153, 30
66, 539, 153, 77
66, 419, 153, 44
66, 51, 153, 58
66, 435, 153, 71
66, 309, 153, 19
66, 437, 153, 23
66, 320, 153, 84
66, 340, 153, 51
66, 85, 153, 6
66, 342, 153, 69
66, 344, 153, 41
66, 88, 153, 42
66, 220, 153, 15
66, 493, 153, 84
66, 373, 153, 13
66, 503, 153, 31
66, 96, 154, 76
66, 134, 154, 31
66, 510, 154, 35
66, 108, 154, 66
66, 430, 154, 33
66, 370, 154, 26
66, 244, 154, 63
66, 54, 154, 66
66, 343, 154, 14
66, 379, 154, 85
66, 542, 154, 74
66, 356, 155, 89
66, 580, 155, 34
66, 38, 155, 36
66, 487, 155, 15
66, 458, 155, 58
66, 398, 155, 38
66, 529, 155, 92
66, 372, 155, 50
66, 277, 155, 79
66, 469, 155, 36
66, 343, 155, 14
66, 90, 155, 65
66, 475, 155, 60
66, 317, 155, 51
66, 132, 156, 80
66, 37, 156, 2
66, 71, 156, 79
66, 330, 156, 9
66, 596, 156, 61
66, 573, 156, 55
66, 144, 157, 5
66, 529, 157, 92
66, 146, 157, 14
66, 272, 157, 19
66, 410, 157, 94
66, 154, 157, 67
66, 547, 157, 63
66, 294, 157, 94
66, 170, 157, 13
66, 431, 157, 30
66, 440, 157, 15
66, 569, 157, 11
66, 314, 157, 82
66, 576, 157, 51
66, 194, 157, 91
66, 69, 157, 19
66, 462, 157, 50
66, 84, 157, 49
66, 598, 157, 13
66, 244, 157, 63
66, 251, 157, 9
66, 390, 158, 28
66, 7, 158, 36
66, 520, 158, 14
66, 137, 158, 8
66, 235, 158, 58
66, 524, 158, 11
66, 525, 158, 75
66, 238, 158, 87
66, 399, 158, 59
66, 78, 158, 50
66, 246, 158, 99
66, 25, 158, 17
66, 26, 158, 29
66, 508, 158, 74
66, 576, 159, 51
66, 97, 159, 31
66, 231, 159, 80
66, 9, 159, 73
66, 459, 159, 6
66, 145, 159, 32
66, 81, 159, 90
66, 210, 159, 12
66, 178, 159, 83
66, 54, 159, 66
66, 161, 160, 47
66, 290, 160, 29
66, 163, 160, 90
66, 291, 160, 86
66, 421, 160, 71
66, 293, 160, 45
66, 423, 160, 37
66, 485, 160, 37
66, 361, 160, 89
66, 301, 160, 22
66, 558, 160, 36
66, 559, 160, 80
66, 271, 160, 93
66, 18, 160, 79
66, 338, 160, 73
66, 312, 160, 25
66, 537, 160, 59
66, 91, 161, 18
66, 209, 161, 41
66, 466, 161, 15
66, 347, 161, 44
66, 287, 161, 51
66, 195, 162, 60
66, 228, 162, 60
66, 13, 162, 62
66, 335, 162, 87
66, 592, 162, 74
66, 369, 162, 11
66, 210, 162, 12
66, 51, 162, 58
66, 307, 162, 68
66, 564, 162, 10
66, 566, 162, 66
66, 118, 162, 96
66, 408, 162, 25
66, 57, 162, 19
66, 90, 162, 65
66, 597, 162, 71
66, 349, 162, 2
66, 189, 162, 25
66, 513, 163, 3
66, 578, 163, 84
66, 356, 163, 89
66, 331, 163, 56
66, 525, 163, 75
66, 81, 163, 90
66, 436, 163, 59
66, 57, 163, 19
66, 284, 163, 59
66, 567, 164, 79
66, 554, 164, 22
66, 237, 164, 84
66, 109, 164, 63
66, 50, 164, 22
66, 306, 164, 25
66, 53, 164, 52
66, 245, 164, 48
66, 183, 164, 16
66, 312, 164, 25
66, 121, 164, 25
66, 120, 164, 93
66, 381, 164, 62
66, 286, 164, 96
66, 13, 165, 62
66, 398, 165, 38
66, 407, 165, 1
66, 155, 165, 5
66, 28, 165, 64
66, 424, 165, 7
66, 558, 165, 36
66, 434, 165, 47
66, 566, 165, 66
66, 65, 165, 92
66, 70, 165, 14
66, 211, 165, 98
66, 214, 165, 48
66, 473, 165, 84
66, 477, 165, 52
66, 107, 165, 84
66, 364, 165, 99
66, 241, 165, 95
66, 118, 165, 96
66, 247, 165, 78
66, 416, 166, 41
66, 226, 166, 25
66, 132, 166, 80
66, 155, 166, 5
66, 45, 166, 13
66, 173, 166, 47
66, 54, 166, 66
66, 59, 166, 22
66, 89, 167, 94
66, 4, 167, 70
66, 232, 167, 7
66, 489, 167, 97
66, 111, 167, 81
66, 179, 167, 17
66, 571, 167, 14
66, 283, 167, 79
66, 381, 167, 62
66, 516, 168, 88
66, 266, 168, 49
66, 140, 168, 78
66, 15, 168, 10
66, 271, 168, 93
66, 280, 168, 11
66, 536, 168, 62
66, 539, 168, 77
66, 543, 168, 56
66, 164, 168, 41
66, 548, 168, 88
66, 428, 168, 27
66, 444, 168, 49
66, 193, 168, 14
66, 578, 168, 84
66, 82, 168, 32
66, 86, 168, 23
66, 217, 168, 43
66, 105, 168, 37
66, 363, 168, 18
66, 365, 168, 8
66, 253, 168, 56
66, 515, 169, 49
66, 326, 169, 20
66, 585, 169, 27
66, 494, 169, 57
66, 463, 169, 26
66, 531, 169, 42
66, 309, 169, 19
66, 246, 169, 99
66, 471, 169, 44
66, 57, 169, 19
66, 543, 169, 56
66, 137, 170, 8
66, 268, 170, 49
66, 13, 170, 62
66, 402, 170, 51
66, 21, 170, 43
66, 278, 170, 18
66, 281, 170, 30
66, 167, 170, 100
66, 554, 170, 22
66, 306, 170, 25
66, 318, 170, 45
66, 321, 170, 37
66, 196, 170, 24
66, 324, 170, 9
66, 581, 170, 65
66, 205, 170, 37
66, 341, 170, 58
66, 85, 170, 6
66, 88, 170, 42
66, 223, 170, 47
66, 229, 170, 8
66, 493, 170, 84
66, 367, 170, 80
66, 118, 170, 96
66, 503, 170, 31
66, 9, 171, 73
66, 396, 171, 62
66, 528, 171, 5
66, 530, 171, 78
66, 542, 171, 74
66, 425, 171, 77
66, 300, 171, 3
66, 559, 171, 80
66, 323, 171, 56
66, 71, 171, 79
66, 327, 171, 48
66, 335, 171, 87
66, 217, 171, 43
66, 475, 171, 60
66, 353, 171, 79
66, 104, 171, 49
66, 365, 171, 8
66, 495, 171, 69
66, 368, 171, 21
66, 111, 171, 81
66, 378, 171, 23
66, 507, 171, 93
66, 252, 171, 73
66, 253, 171, 56
66, 288, 172, 65
66, 289, 172, 67
66, 290, 172, 29
66, 516, 172, 88
66, 362, 172, 57
66, 510, 172, 35
66, 514, 173, 85
66, 14, 173, 1
66, 33, 173, 33
66, 161, 173, 47
66, 550, 173, 8
66, 39, 173, 55
66, 296, 173, 52
66, 49, 173, 77
66, 183, 173, 16
66, 571, 173, 14
66, 572, 173, 88
66, 573, 173, 55
66, 449, 173, 50
66, 200, 173, 79
66, 74, 173, 98
66, 332, 173, 9
66, 588, 173, 92
66, 461, 173, 19
66, 471, 173, 44
66, 353, 173, 79
66, 100, 173, 64
66, 230, 173, 93
66, 372, 173, 50
66, 388, 174, 70
66, 70, 174, 14
66, 390, 174, 28
66, 78, 174, 50
66, 207, 174, 82
66, 272, 174, 19
66, 210, 174, 12
66, 309, 174, 19
66, 186, 174, 64
66, 512, 175, 69
66, 129, 175, 42
66, 6, 175, 41
66, 397, 175, 63
66, 15, 175, 10
66, 143, 175, 10
66, 23, 175, 97
66, 414, 175, 35
66, 547, 175, 63
66, 165, 175, 46
66, 45, 175, 13
66, 562, 175, 1
66, 443, 175, 50
66, 574, 175, 15
66, 580, 175, 34
66, 196, 175, 24
66, 331, 175, 56
66, 340, 175, 51
66, 597, 175, 71
66, 375, 175, 38
66, 357, 175, 18
66, 230, 175, 93
66, 360, 175, 20
66, 363, 175, 18
66, 503, 175, 31
66, 503, 176, 31
66, 549, 176, 49
66, 521, 176, 18
66, 42, 176, 95
66, 511, 176, 10
66, 397, 176, 63
66, 399, 176, 59
66, 176, 176, 23
66, 369, 176, 11
66, 338, 176, 73
66, 464, 176, 63
66, 52, 176, 31
66, 181, 176, 98
66, 463, 176, 26
66, 599, 176, 34
66, 344, 176, 41
66, 112, 176, 31
66, 95, 176, 59
66, 516, 177, 88
66, 294, 177, 94
66, 327, 177, 48
66, 362, 177, 57
66, 202, 177, 61
66, 430, 177, 33
66, 369, 177, 11
66, 182, 177, 32
66, 535, 177, 48
66, 63, 177, 2
66, 3, 178, 34
66, 355, 178, 74
66, 196, 178, 24
66, 390, 178, 28
66, 40, 178, 37
66, 328, 178, 67
66, 215, 178, 91
66, 283, 178, 79
66, 450, 179, 4
66, 547, 179, 63
66, 296, 179, 52
66, 141, 179, 31
66, 305, 179, 27
66, 370, 179, 26
66, 49, 179, 77
66, 500, 179, 48
66, 83, 179, 86
66, 401, 179, 80
66, 572, 179, 88
66, 221, 179, 90
66, 387, 180, 59
66, 397, 180, 63
66, 534, 180, 83
66, 409, 180, 42
66, 541, 180, 3
66, 543, 180, 56
66, 415, 180, 81
66, 293, 180, 45
66, 551, 180, 56
66, 295, 180, 36
66, 553, 180, 61
66, 441, 180, 28
66, 206, 180, 88
66, 91, 180, 18
66, 226, 180, 25
66, 238, 180, 87
66, 497, 180, 69
66, 246, 180, 99
66, 250, 180, 2
66, 380, 180, 33
66, 260, 181, 94
66, 101, 181, 45
66, 329, 181, 75
66, 337, 181, 79
66, 241, 181, 95
66, 503, 181, 31
66, 348, 181, 84
66, 351, 181, 14
66, 322, 182, 49
66, 302, 182, 2
66, 78, 182, 50
66, 113, 182, 83
66, 340, 182, 51
66, 0, 183, 9
66, 388, 183, 70
66, 232, 183, 7
66, 113, 183, 83
66, 242, 183, 46
66, 52, 183, 31
66, 443, 183, 50
66, 504, 183, 6
66, 218, 183, 17
66, 571, 183, 14
66, 477, 183, 52
66, 576, 184, 51
66, 359, 184, 63
66, 368, 184, 21
66, 308, 184, 15
66, 408, 184, 25
66, 381, 184, 62
66, 289, 185, 67
66, 549, 185, 49
66, 202, 185, 61
66, 587, 185, 70
66, 148, 185, 64
66, 190, 185, 79
66, 31, 185, 82
66, 417, 186, 14
66, 33, 186, 33
66, 418, 186, 47
66, 484, 186, 81
66, 325, 186, 97
66, 166, 186, 97
66, 39, 186, 55
66, 478, 186, 90
66, 329, 186, 75
66, 76, 186, 65
66, 589, 186, 84
66, 369, 186, 11
66, 179, 186, 17
66, 435, 186, 71
66, 439, 186, 78
66, 540, 186, 74
66, 30, 186, 15
66, 161, 187, 47
66, 290, 187, 29
66, 130, 187, 74
66, 535, 187, 48
66, 259, 187, 70
66, 516, 187, 88
66, 167, 187, 100
66, 488, 187, 51
66, 361, 187, 89
66, 583, 187, 54
66, 396, 187, 62
66, 468, 187, 93
66, 597, 187, 71
66, 406, 187, 98
66, 599, 187, 34
66, 409, 187, 42
66, 284, 187, 59
66, 137, 188, 8
66, 273, 188, 41
66, 145, 188, 32
66, 530, 188, 78
66, 413, 188, 44
66, 286, 188, 96
66, 419, 188, 44
66, 44, 188, 91
66, 563, 188, 71
66, 185, 188, 18
66, 61, 188, 70
66, 319, 188, 24
66, 582, 188, 88
66, 328, 188, 67
66, 460, 188, 97
66, 466, 188, 15
66, 211, 188, 98
66, 484, 188, 81
66, 236, 188, 76
66, 254, 188, 83
66, 527, 189, 31
66, 153, 189, 91
66, 158, 189, 65
66, 550, 189, 8
66, 441, 189, 28
66, 442, 189, 51
66, 64, 189, 67
66, 449, 189, 50
66, 325, 189, 97
66, 330, 189, 9
66, 331, 189, 56
66, 466, 189, 15
66, 89, 189, 94
66, 230, 189, 93
66, 233, 189, 8
66, 491, 189, 24
66, 492, 189, 84
66, 110, 189, 52
66, 238, 189, 87
66, 370, 189, 26
66, 246, 189, 99
66, 378, 189, 23
66, 129, 190, 42
66, 225, 190, 26
66, 420, 190, 7
66, 137, 190, 8
66, 108, 190, 66
66, 557, 190, 76
66, 49, 190, 77
66, 18, 190, 79
66, 433, 190, 2
66, 564, 190, 10
66, 507, 190, 93
66, 313, 190, 39
66, 315, 190, 95
66, 511, 190, 10
66, 131, 191, 75
66, 134, 191, 31
66, 521, 191, 18
66, 139, 191, 68
66, 13, 191, 62
66, 398, 191, 38
66, 279, 191, 78
66, 545, 191, 11
66, 420, 191, 7
66, 169, 191, 10
66, 304, 191, 65
66, 54, 191, 66
66, 61, 191, 70
66, 318, 191, 45
66, 326, 191, 20
66, 585, 191, 27
66, 469, 191, 36
66, 93, 191, 56
66, 351, 191, 14
66, 483, 191, 76
66, 228, 191, 60
66, 502, 191, 65
66, 123, 191, 59
66, 66, 192, 12
66, 227, 192, 12
66, 130, 192, 74
66, 69, 192, 19
66, 198, 192, 18
66, 34, 192, 5
66, 40, 192, 37
66, 360, 192, 20
66, 265, 192, 76
66, 427, 192, 4
66, 269, 192, 92
66, 560, 192, 11
66, 179, 192, 17
66, 403, 192, 91
66, 437, 192, 23
66, 470, 192, 58
66, 148, 192, 64
66, 510, 192, 35
66, 1, 193, 56
66, 259, 193, 70
66, 70, 193, 14
66, 338, 193, 73
66, 436, 193, 59
66, 569, 193, 11
66, 349, 193, 2
66, 577, 194, 95
66, 132, 194, 80
66, 351, 194, 14
66, 393, 194, 38
66, 138, 194, 59
66, 201, 194, 58
66, 525, 194, 75
66, 79, 194, 84
66, 431, 194, 30
66, 497, 194, 69
66, 84, 194, 49
66, 532, 194, 5
66, 408, 194, 25
66, 59, 194, 22
66, 511, 194, 10
66, 352, 195, 9
66, 549, 195, 49
66, 555, 195, 68
66, 334, 195, 39
66, 335, 195, 87
66, 379, 195, 85
66, 412, 195, 40
66, 128, 196, 97
66, 544, 196, 90
66, 194, 196, 91
66, 130, 196, 74
66, 143, 196, 10
66, 593, 196, 93
66, 20, 196, 82
66, 152, 196, 72
66, 572, 196, 88
66, 97, 197, 31
66, 290, 197, 29
66, 485, 197, 37
66, 230, 197, 93
66, 422, 197, 65
66, 360, 197, 20
66, 329, 197, 75
66, 558, 197, 36
66, 463, 197, 26
66, 370, 197, 26
66, 181, 197, 98
66, 119, 197, 89
66, 409, 197, 42
66, 474, 197, 14
66, 571, 197, 14
66, 222, 197, 65
66, 318, 197, 45
66, 101, 198, 45
66, 138, 198, 59
66, 235, 198, 58
66, 561, 198, 34
66, 29, 198, 44
66, 6, 199, 41
66, 262, 199, 8
66, 9, 199, 73
66, 522, 199, 20
66, 268, 199, 49
66, 16, 199, 37
66, 17, 199, 40
66, 152, 199, 72
66, 164, 199, 41
66, 428, 199, 27
66, 433, 199, 2
66, 435, 199, 71
66, 180, 199, 26
66, 65, 199, 92
66, 580, 199, 34
66, 198, 199, 18
66, 331, 199, 56
66, 82, 199, 32
66, 97, 199, 31
66, 509, 199, 19
66, 256, 200, 5
66, 259, 200, 70
66, 197, 200, 26
66, 233, 200, 8
66, 522, 200, 20
66, 555, 200, 68
66, 47, 200, 82
66, 529, 200, 92
66, 369, 200, 11
66, 19, 200, 22
66, 22, 200, 9
66, 247, 200, 78
66, 246, 200, 99
66, 29, 200, 44
66, 318, 200, 45
66, 511, 200, 10
66, 8, 201, 74
66, 137, 201, 8
66, 266, 201, 49
66, 525, 201, 75
66, 405, 201, 38
66, 153, 201, 91
66, 281, 201, 30
66, 158, 201, 65
66, 35, 201, 12
66, 166, 201, 97
66, 168, 201, 36
66, 169, 201, 10
66, 51, 201, 58
66, 322, 201, 49
66, 451, 201, 56
66, 325, 201, 97
66, 239, 201, 23
66, 242, 201, 46
66, 123, 201, 59
66, 125, 201, 7
66, 2, 202, 75
66, 264, 202, 75
66, 392, 202, 79
66, 399, 202, 59
66, 145, 202, 32
66, 276, 202, 68
66, 408, 202, 25
66, 286, 202, 96
66, 546, 202, 36
66, 165, 202, 46
66, 571, 202, 14
66, 62, 202, 21
66, 64, 202, 67
66, 322, 202, 49
66, 325, 202, 97
66, 336, 202, 22
66, 472, 202, 29
66, 218, 202, 17
66, 476, 202, 93
66, 101, 202, 45
66, 229, 202, 8
66, 231, 202, 80
66, 120, 202, 93
66, 125, 202, 7
66, 513, 203, 3
66, 397, 203, 63
66, 399, 203, 59
66, 21, 203, 43
66, 408, 203, 25
66, 292, 203, 62
66, 38, 203, 36
66, 553, 203, 61
66, 172, 203, 26
66, 306, 203, 25
66, 571, 203, 14
66, 453, 203, 38
66, 86, 203, 23
66, 486, 203, 23
66, 487, 203, 15
66, 488, 203, 51
66, 489, 203, 97
66, 493, 203, 84
66, 237, 203, 84
66, 497, 203, 69
66, 118, 203, 96
66, 480, 204, 86
66, 193, 204, 14
66, 351, 204, 14
66, 550, 204, 8
66, 393, 204, 38
66, 462, 204, 50
66, 277, 204, 79
66, 374, 204, 99
66, 55, 204, 56
66, 59, 204, 22
66, 125, 204, 7
66, 413, 204, 44
66, 63, 204, 2
66, 480, 205, 86
66, 160, 205, 61
66, 513, 205, 3
66, 358, 205, 33
66, 551, 205, 56
66, 79, 205, 84
66, 371, 205, 74
66, 148, 205, 64
66, 19, 205, 22
66, 412, 205, 40
66, 156, 205, 41
66, 191, 205, 20
66, 515, 206, 49
66, 452, 206, 3
66, 551, 206, 56
66, 363, 206, 18
66, 141, 206, 31
66, 502, 206, 65
66, 416, 207, 41
66, 0, 207, 9
66, 353, 207, 79
66, 582, 207, 88
66, 103, 207, 45
66, 392, 207, 79
66, 555, 207, 68
66, 556, 207, 58
66, 237, 207, 84
66, 431, 207, 30
66, 368, 207, 21
66, 499, 207, 22
66, 23, 207, 97
66, 439, 207, 78
66, 440, 207, 15
66, 185, 207, 18
66, 283, 207, 79
66, 286, 207, 96
66, 551, 208, 56
66, 301, 208, 22
66, 52, 208, 31
66, 279, 208, 78
66, 507, 208, 93
66, 409, 209, 42
66, 363, 209, 18
66, 491, 209, 24
66, 181, 209, 98
66, 310, 209, 5
66, 377, 209, 80
66, 506, 209, 55
66, 381, 209, 62
66, 62, 209, 21
66, 193, 210, 14
66, 226, 210, 25
66, 259, 210, 70
66, 581, 210, 65
66, 73, 210, 27
66, 536, 210, 62
66, 588, 210, 92
66, 560, 210, 11
66, 273, 210, 41
66, 244, 210, 63
66, 181, 210, 98
66, 372, 210, 50
66, 375, 210, 38
66, 180, 210, 26
66, 389, 211, 64
66, 328, 211, 67
66, 137, 211, 8
66, 138, 211, 59
66, 172, 211, 26
66, 237, 211, 84
66, 429, 211, 50
66, 111, 211, 81
66, 370, 211, 26
66, 212, 211, 43
66, 444, 211, 49
66, 384, 212, 34
66, 478, 212, 90
66, 519, 212, 43
66, 264, 212, 75
66, 423, 212, 37
66, 586, 212, 54
66, 363, 212, 18
66, 396, 212, 62
66, 493, 212, 84
66, 238, 212, 87
66, 47, 212, 82
66, 534, 212, 83
66, 310, 212, 5
66, 278, 212, 18
66, 218, 212, 17
66, 411, 212, 58
66, 222, 212, 65
66, 576, 213, 51
66, 517, 213, 45
66, 262, 213, 8
66, 357, 213, 18
66, 7, 213, 36
66, 165, 213, 46
66, 313, 213, 39
66, 426, 213, 42
66, 463, 213, 26
66, 17, 213, 40
66, 530, 213, 78
66, 273, 213, 41
66, 115, 213, 86
66, 374, 213, 99
66, 440, 213, 15
66, 473, 213, 84
66, 415, 213, 81
66, 327, 214, 48
66, 296, 214, 52
66, 42, 214, 95
66, 13, 214, 62
66, 142, 214, 81
66, 462, 214, 50
66, 209, 214, 41
66, 242, 214, 46
66, 598, 214, 13
66, 120, 214, 93
66, 506, 214, 55
66, 348, 214, 84
66, 227, 215, 12
66, 4, 215, 70
66, 43, 215, 17
66, 51, 215, 58
66, 117, 215, 53
66, 282, 215, 5
66, 475, 215, 60
66, 132, 216, 80
66, 7, 216, 36
66, 263, 216, 75
66, 143, 216, 10
66, 401, 216, 80
66, 29, 216, 44
66, 543, 216, 56
66, 546, 216, 36
66, 35, 216, 12
66, 291, 216, 86
66, 167, 216, 100
66, 553, 216, 61
66, 48, 216, 32
66, 435, 216, 71
66, 449, 216, 50
66, 202, 216, 61
66, 350, 216, 81
66, 96, 216, 76
66, 97, 216, 31
66, 225, 216, 26
66, 492, 216, 84
66, 493, 216, 84
66, 161, 217, 47
66, 164, 217, 41
66, 139, 217, 68
66, 268, 217, 49
66, 18, 217, 79
66, 280, 217, 11
66, 505, 217, 64
66, 314, 217, 82
66, 3, 218, 34
66, 521, 218, 18
66, 275, 218, 77
66, 19, 218, 22
66, 163, 218, 90
66, 548, 218, 88
66, 38, 218, 36
66, 552, 218, 85
66, 45, 218, 13
66, 432, 218, 95
66, 563, 218, 71
66, 53, 218, 52
66, 439, 218, 78
66, 66, 218, 12
66, 452, 218, 3
66, 326, 218, 20
66, 348, 218, 84
66, 97, 218, 31
66, 358, 218, 33
66, 489, 218, 97
66, 490, 218, 85
66, 494, 218, 57
66, 114, 218, 74
66, 251, 218, 9
66, 380, 218, 33
66, 160, 219, 61
66, 352, 219, 9
66, 545, 219, 11
66, 132, 219, 80
66, 4, 219, 70
66, 581, 219, 65
66, 456, 219, 59
66, 462, 219, 50
66, 209, 219, 41
66, 82, 219, 32
66, 117, 219, 53
66, 250, 219, 2
66, 157, 219, 81
66, 99, 220, 32
66, 457, 220, 83
66, 107, 220, 84
66, 173, 220, 47
66, 525, 220, 75
66, 526, 220, 56
66, 80, 220, 50
66, 557, 220, 76
66, 437, 220, 23
66, 281, 220, 30
66, 314, 220, 82
66, 92, 220, 78
66, 479, 220, 2
66, 2, 221, 75
66, 546, 221, 36
66, 36, 221, 33
66, 5, 221, 86
66, 102, 221, 1
66, 454, 221, 40
66, 199, 221, 64
66, 585, 221, 27
66, 536, 221, 62
66, 107, 221, 84
66, 171, 221, 27
66, 523, 221, 49
66, 18, 221, 79
66, 82, 221, 32
66, 408, 221, 25
66, 220, 221, 15
66, 286, 221, 96
66, 134, 222, 31
66, 147, 222, 69
66, 532, 222, 5
66, 539, 222, 77
66, 289, 222, 67
66, 417, 222, 14
66, 554, 222, 22
66, 300, 222, 3
66, 45, 222, 13
66, 433, 222, 2
66, 182, 222, 32
66, 442, 222, 51
66, 63, 222, 2
66, 320, 222, 84
66, 211, 222, 98
66, 97, 222, 31
66, 365, 222, 8
66, 494, 222, 57
66, 368, 222, 21
66, 502, 222, 65
66, 375, 222, 38
66, 248, 222, 12
66, 381, 222, 62
66, 1, 223, 56
66, 449, 223, 50
66, 387, 223, 59
66, 5, 223, 86
66, 453, 223, 38
66, 430, 223, 33
66, 403, 223, 91
66, 28, 223, 64
66, 286, 223, 96
66, 1, 224, 56
66, 578, 224, 84
66, 223, 224, 47
66, 583, 224, 54
66, 329, 224, 75
66, 75, 224, 52
66, 142, 224, 81
66, 175, 224, 40
66, 468, 224, 93
66, 474, 224, 14
66, 252, 224, 73
66, 31, 224, 82
66, 128, 225, 97
66, 516, 225, 88
66, 229, 225, 8
66, 328, 225, 67
66, 521, 225, 18
66, 8, 225, 74
66, 77, 225, 78
66, 21, 225, 43
66, 548, 226, 88
66, 71, 226, 79
66, 392, 226, 79
66, 139, 226, 68
66, 57, 226, 19
66, 124, 226, 39
66, 259, 227, 70
66, 277, 227, 79
66, 406, 227, 98
66, 149, 227, 1
66, 28, 227, 64
66, 554, 227, 22
66, 441, 227, 28
66, 571, 227, 14
66, 319, 227, 24
66, 192, 227, 35
66, 65, 227, 92
66, 66, 227, 12
66, 583, 227, 54
66, 333, 227, 67
66, 468, 227, 93
66, 345, 227, 47
66, 355, 227, 74
66, 362, 227, 57
66, 370, 227, 26
66, 401, 228, 80
66, 530, 228, 78
66, 21, 228, 43
66, 411, 228, 58
66, 32, 228, 79
66, 44, 228, 91
66, 174, 228, 74
66, 53, 228, 52
66, 449, 228, 50
66, 453, 228, 38
66, 197, 228, 26
66, 75, 228, 52
66, 589, 228, 84
66, 336, 228, 22
66, 465, 228, 61
66, 344, 228, 41
66, 220, 228, 15
66, 351, 228, 14
66, 111, 228, 81
66, 500, 228, 48
66, 576, 229, 51
66, 545, 229, 11
66, 451, 229, 56
66, 387, 229, 59
66, 425, 229, 77
66, 171, 229, 27
66, 76, 229, 65
66, 493, 229, 84
66, 299, 229, 4
66, 498, 229, 94
66, 434, 229, 47
66, 501, 229, 27
66, 380, 229, 33
66, 221, 229, 90
66, 286, 229, 96
66, 264, 230, 75
66, 138, 230, 59
66, 339, 230, 94
66, 86, 230, 23
66, 121, 230, 25
66, 58, 230, 99
66, 413, 230, 44
66, 515, 231, 49
66, 173, 231, 47
66, 174, 231, 74
66, 282, 231, 5
66, 540, 231, 74
66, 130, 232, 74
66, 259, 232, 70
66, 134, 232, 31
66, 520, 232, 14
66, 265, 232, 76
66, 15, 232, 10
66, 149, 232, 1
66, 32, 232, 79
66, 420, 232, 7
66, 294, 232, 94
66, 185, 232, 18
66, 445, 232, 60
66, 320, 232, 84
66, 193, 232, 14
66, 324, 232, 9
66, 204, 232, 94
66, 593, 232, 93
66, 226, 232, 25
66, 99, 232, 32
66, 357, 232, 18
66, 104, 232, 49
66, 238, 232, 87
66, 116, 232, 10
66, 501, 232, 27
66, 374, 232, 99
66, 297, 233, 73
66, 556, 233, 58
66, 528, 233, 5
66, 371, 233, 74
66, 565, 233, 6
66, 443, 233, 50
66, 67, 234, 4
66, 456, 234, 59
66, 296, 234, 52
66, 207, 234, 82
66, 15, 234, 10
66, 148, 234, 64
66, 60, 234, 76
66, 477, 234, 52
66, 578, 235, 84
66, 418, 235, 47
66, 132, 235, 80
66, 99, 235, 32
66, 391, 235, 45
66, 266, 235, 49
66, 491, 235, 24
66, 234, 235, 85
66, 525, 235, 75
66, 141, 235, 31
66, 557, 235, 76
66, 462, 235, 50
66, 44, 235, 91
66, 370, 235, 26
66, 368, 235, 21
66, 217, 235, 43
66, 128, 236, 97
66, 26, 236, 29
66, 166, 236, 97
66, 105, 236, 37
66, 271, 236, 93
66, 529, 236, 92
66, 474, 236, 14
66, 373, 236, 13
66, 566, 236, 66
66, 470, 236, 58
66, 598, 236, 13
66, 310, 236, 5
66, 154, 236, 67
66, 315, 236, 95
66, 286, 236, 96
66, 12, 237, 74
66, 305, 237, 27
66, 500, 237, 48
66, 536, 237, 62
66, 217, 237, 43
66, 452, 238, 3
66, 117, 238, 53
66, 150, 238, 84
66, 540, 238, 74
66, 189, 238, 25
66, 34, 239, 5
66, 8, 239, 74
66, 332, 239, 9
66, 399, 239, 59
66, 305, 239, 27
66, 50, 239, 22
66, 436, 239, 59
66, 469, 239, 36
66, 88, 239, 42
66, 450, 240, 4
66, 322, 240, 49
66, 202, 240, 61
66, 554, 240, 22
66, 598, 240, 13
66, 150, 240, 84
66, 474, 240, 14
66, 316, 240, 36
66, 349, 240, 2
66, 196, 241, 24
66, 232, 241, 7
66, 267, 241, 11
66, 590, 241, 74
66, 574, 241, 15
66, 544, 242, 90
66, 453, 242, 38
66, 465, 242, 61
66, 466, 242, 15
66, 561, 242, 34
66, 115, 242, 86
66, 247, 242, 78
66, 580, 243, 34
66, 239, 243, 23
66, 463, 243, 26
66, 434, 243, 47
66, 125, 243, 7
66, 511, 243, 10
66, 161, 244, 47
66, 131, 244, 75
66, 281, 244, 30
66, 525, 244, 75
66, 333, 244, 67
66, 16, 244, 37
66, 599, 244, 34
66, 24, 244, 18
66, 505, 244, 64
66, 157, 244, 81
66, 386, 245, 16
66, 418, 245, 47
66, 133, 245, 75
66, 9, 245, 73
66, 142, 245, 81
66, 271, 245, 93
66, 563, 245, 71
66, 85, 245, 6
66, 246, 245, 99
66, 599, 245, 34
66, 315, 245, 95
66, 444, 245, 49
66, 29, 245, 44
66, 95, 245, 59
66, 544, 246, 90
66, 352, 246, 9
66, 162, 246, 32
66, 456, 246, 59
66, 47, 246, 82
66, 83, 246, 86
66, 85, 246, 6
66, 247, 246, 78
66, 120, 246, 93
66, 319, 246, 24
66, 139, 247, 68
66, 140, 247, 78
66, 154, 247, 67
66, 539, 247, 77
66, 289, 247, 67
66, 422, 247, 65
66, 171, 247, 27
66, 564, 247, 10
66, 312, 247, 25
66, 188, 247, 60
66, 189, 247, 25
66, 62, 247, 21
66, 203, 247, 91
66, 204, 247, 94
66, 594, 247, 17
66, 219, 247, 9
66, 350, 247, 81
66, 222, 247, 65
66, 483, 247, 76
66, 356, 247, 89
66, 106, 247, 82
66, 114, 247, 74
66, 166, 248, 97
66, 171, 248, 27
66, 119, 248, 89
66, 373, 248, 13
66, 567, 248, 79
66, 224, 249, 32
66, 65, 249, 92
66, 514, 249, 85
66, 289, 249, 67
66, 196, 249, 24
66, 198, 249, 18
66, 232, 249, 7
66, 265, 249, 76
66, 329, 249, 75
66, 106, 249, 82
66, 203, 249, 91
66, 431, 249, 30
66, 211, 249, 98
66, 317, 249, 51
66, 30, 249, 15
66, 4, 250, 70
66, 518, 250, 24
66, 519, 250, 43
66, 137, 250, 8
66, 396, 250, 62
66, 144, 250, 5
66, 17, 250, 40
66, 408, 250, 25
66, 32, 250, 79
66, 417, 250, 14
66, 161, 250, 47
66, 45, 250, 13
66, 181, 250, 98
66, 576, 250, 51
66, 578, 250, 84
66, 456, 250, 59
66, 464, 250, 63
66, 344, 250, 41
66, 491, 250, 24
66, 493, 250, 84
66, 500, 250, 48
66, 118, 250, 96
66, 246, 250, 99
66, 502, 250, 65
66, 510, 250, 35
66, 322, 251, 49
66, 452, 251, 3
66, 455, 251, 37
66, 361, 251, 89
66, 31, 251, 82
66, 156, 251, 41
66, 568, 251, 11
66, 26, 251, 29
66, 124, 251, 39
66, 573, 251, 55
66, 191, 251, 20
66, 195, 252, 60
66, 584, 252, 37
66, 588, 252, 92
66, 557, 252, 76
66, 334, 252, 39
66, 499, 252, 22
66, 147, 252, 69
66, 566, 252, 66
66, 183, 252, 16
66, 59, 252, 22
66, 426, 253, 42
66, 42, 253, 95
66, 403, 253, 91
66, 116, 253, 10
66, 536, 253, 62
66, 223, 253, 47
66, 68, 254, 33
66, 107, 254, 84
66, 172, 254, 26
66, 13, 254, 62
66, 301, 254, 22
66, 491, 254, 24
66, 594, 254, 17
66, 403, 254, 91
66, 310, 254, 5
66, 342, 254, 69
66, 87, 254, 4
66, 57, 254, 19
66, 474, 254, 14
66, 151, 254, 21
66, 194, 255, 91
66, 312, 255, 25
66, 581, 255, 65
66, 358, 255, 33
66, 487, 255, 15
66, 510, 255, 35
66, 421, 255, 71
66, 521, 255, 18
66, 299, 255, 4
66, 6, 255, 41
66, 336, 255, 22
66, 145, 255, 32
66, 16, 255, 37
66, 147, 255, 69
66, 216, 255, 26
66, 409, 255, 42
66, 538, 255, 65
66, 30, 255, 15
66, 131, 256, 75
66, 264, 256, 75
66, 393, 256, 38
66, 44, 256, 91
66, 15, 256, 10
66, 148, 256, 64
66, 55, 256, 56
66, 216, 256, 26
66, 412, 256, 40
66, 380, 256, 33
66, 479, 256, 2
66, 578, 257, 84
66, 546, 257, 36
66, 43, 257, 17
66, 79, 257, 84
66, 305, 257, 27
66, 563, 257, 71
66, 59, 257, 22
66, 126, 257, 92
66, 69, 258, 19
66, 137, 258, 8
66, 44, 258, 91
66, 17, 258, 40
66, 274, 258, 41
66, 530, 258, 78
66, 411, 258, 58
66, 21, 258, 43
66, 278, 258, 18
66, 55, 258, 56
66, 474, 258, 14
66, 27, 258, 5
66, 515, 259, 49
66, 524, 259, 11
66, 17, 259, 40
66, 405, 259, 38
66, 406, 259, 98
66, 288, 259, 65
66, 422, 259, 65
66, 556, 259, 58
66, 304, 259, 65
66, 52, 259, 31
66, 56, 259, 18
66, 315, 259, 95
66, 574, 259, 15
66, 191, 259, 20
66, 322, 259, 49
66, 330, 259, 9
66, 587, 259, 70
66, 342, 259, 69
66, 355, 259, 74
66, 486, 259, 23
66, 108, 259, 66
66, 365, 259, 8
66, 117, 259, 53
66, 247, 259, 78
66, 251, 259, 9
66, 6, 260, 41
66, 268, 260, 49
66, 532, 260, 5
66, 153, 260, 91
66, 419, 260, 44
66, 297, 260, 73
66, 557, 260, 76
66, 437, 260, 23
66, 184, 260, 18
66, 314, 260, 82
66, 59, 260, 22
66, 572, 260, 88
66, 196, 260, 24
66, 70, 260, 14
66, 599, 260, 34
66, 473, 260, 84
66, 474, 260, 14
66, 347, 260, 44
66, 355, 260, 74
66, 229, 260, 8
66, 498, 260, 94
66, 380, 260, 33
66, 513, 261, 3
66, 6, 261, 41
66, 395, 261, 10
66, 12, 261, 74
66, 142, 261, 81
66, 410, 261, 94
66, 289, 261, 67
66, 161, 261, 47
66, 421, 261, 71
66, 170, 261, 13
66, 309, 261, 19
66, 182, 261, 32
66, 183, 261, 16
66, 314, 261, 82
66, 571, 261, 14
66, 318, 261, 45
66, 578, 261, 84
66, 198, 261, 18
66, 470, 261, 58
66, 114, 261, 74
66, 371, 261, 74
66, 373, 261, 13
66, 120, 261, 93
66, 250, 261, 2
66, 380, 261, 33
66, 355, 262, 74
66, 360, 262, 20
66, 170, 262, 13
66, 208, 262, 31
66, 209, 262, 41
66, 439, 262, 78
66, 412, 262, 40
66, 318, 262, 45
66, 255, 262, 52
66, 173, 263, 47
66, 523, 263, 49
66, 556, 263, 58
66, 237, 263, 84
66, 206, 263, 88
66, 303, 263, 27
66, 207, 263, 82
66, 209, 263, 41
66, 242, 263, 46
66, 563, 263, 71
66, 77, 263, 78
66, 181, 263, 98
66, 566, 263, 66
66, 123, 263, 59
66, 316, 263, 36
66, 190, 263, 79
66, 480, 264, 86
66, 97, 264, 31
66, 417, 264, 14
66, 547, 264, 63
66, 548, 264, 88
66, 355, 264, 74
66, 230, 264, 93
66, 518, 264, 24
66, 141, 264, 31
66, 367, 264, 80
66, 273, 264, 41
66, 306, 264, 25
66, 595, 264, 87
66, 276, 264, 68
66, 441, 264, 28
66, 284, 264, 59
66, 477, 264, 52
66, 545, 265, 11
66, 66, 265, 12
66, 549, 265, 49
66, 294, 265, 94
66, 200, 265, 79
66, 585, 265, 27
66, 496, 265, 64
66, 272, 265, 19
66, 595, 265, 87
66, 245, 265, 48
66, 535, 265, 48
66, 221, 265, 90
66, 381, 265, 62
66, 259, 266, 70
66, 394, 266, 63
66, 401, 266, 80
66, 535, 266, 48
66, 414, 266, 35
66, 162, 266, 32
66, 559, 266, 80
66, 176, 266, 23
66, 434, 266, 47
66, 307, 266, 68
66, 566, 266, 66
66, 190, 266, 79
66, 191, 266, 20
66, 322, 266, 49
66, 197, 266, 26
66, 583, 266, 54
66, 333, 266, 67
66, 335, 266, 87
66, 595, 266, 87
66, 344, 266, 41
66, 102, 266, 1
66, 111, 266, 81
66, 239, 266, 23
66, 251, 266, 9
66, 32, 267, 79
66, 451, 267, 56
66, 292, 267, 62
66, 167, 267, 100
66, 585, 267, 27
66, 235, 267, 58
66, 333, 267, 67
66, 431, 267, 30
66, 468, 267, 93
66, 533, 267, 60
66, 183, 267, 16
66, 449, 268, 50
66, 389, 268, 64
66, 199, 268, 64
66, 362, 268, 57
66, 43, 268, 17
66, 239, 268, 23
66, 16, 268, 37
66, 82, 268, 32
66, 116, 268, 10
66, 245, 268, 48
66, 308, 268, 15
66, 412, 268, 40
66, 445, 268, 60
66, 129, 269, 42
66, 135, 269, 22
66, 521, 269, 18
66, 15, 269, 10
66, 531, 269, 42
66, 418, 269, 47
66, 39, 269, 55
66, 555, 269, 68
66, 54, 269, 66
66, 311, 269, 98
66, 185, 269, 18
66, 66, 269, 12
66, 195, 269, 60
66, 196, 269, 24
66, 450, 269, 4
66, 74, 269, 98
66, 75, 269, 52
66, 214, 269, 48
66, 219, 269, 9
66, 225, 269, 26
66, 105, 269, 37
66, 106, 269, 82
66, 492, 269, 84
66, 500, 269, 48
66, 271, 270, 93
66, 144, 270, 5
66, 531, 270, 42
66, 287, 270, 51
66, 550, 270, 8
66, 424, 270, 7
66, 554, 270, 22
66, 558, 270, 36
66, 447, 270, 79
66, 320, 270, 84
66, 195, 270, 60
66, 196, 270, 24
66, 339, 270, 94
66, 217, 270, 43
66, 473, 270, 84
66, 227, 270, 12
66, 368, 270, 21
66, 497, 270, 69
66, 498, 270, 94
66, 500, 270, 48
66, 121, 270, 25
66, 506, 270, 55
66, 382, 270, 34
66, 0, 271, 9
66, 394, 271, 63
66, 139, 271, 68
66, 147, 271, 69
66, 533, 271, 60
66, 150, 271, 84
66, 154, 271, 67
66, 548, 271, 88
66, 165, 271, 46
66, 168, 271, 36
66, 40, 271, 37
66, 560, 271, 11
66, 53, 271, 52
66, 567, 271, 79
66, 187, 271, 69
66, 193, 271, 14
66, 67, 271, 4
66, 197, 271, 26
66, 81, 271, 90
66, 210, 271, 12
66, 466, 271, 15
66, 212, 271, 43
66, 239, 271, 23
66, 224, 272, 32
66, 161, 272, 47
66, 450, 272, 4
66, 134, 272, 31
66, 362, 272, 57
66, 203, 272, 91
66, 77, 272, 78
66, 175, 272, 40
66, 15, 272, 10
66, 16, 272, 37
66, 271, 272, 93
66, 211, 272, 98
66, 280, 272, 11
66, 251, 272, 9
66, 31, 272, 82
66, 515, 273, 49
66, 271, 273, 93
66, 143, 273, 10
66, 149, 273, 1
66, 277, 273, 79
66, 31, 273, 82
66, 544, 273, 90
66, 37, 273, 2
66, 167, 273, 100
66, 296, 273, 52
66, 551, 273, 56
66, 295, 273, 36
66, 46, 273, 42
66, 53, 273, 52
66, 316, 273, 36
66, 205, 273, 37
66, 334, 273, 39
66, 238, 273, 87
66, 120, 273, 93
66, 508, 273, 74
66, 2, 274, 75
66, 228, 274, 60
66, 521, 274, 18
66, 301, 274, 22
66, 399, 274, 59
66, 529, 274, 92
66, 565, 274, 6
66, 504, 274, 6
66, 382, 274, 34
66, 517, 275, 45
66, 6, 275, 41
66, 8, 275, 74
66, 41, 275, 42
66, 85, 275, 6
66, 345, 275, 47
66, 267, 276, 11
66, 526, 276, 56
66, 527, 276, 31
66, 401, 276, 80
66, 529, 276, 92
66, 277, 276, 79
66, 280, 276, 11
66, 158, 276, 65
66, 164, 276, 41
66, 50, 276, 22
66, 442, 276, 51
66, 584, 276, 37
66, 77, 276, 78
66, 463, 276, 26
66, 208, 276, 31
66, 83, 276, 86
66, 216, 276, 26
66, 217, 276, 43
66, 225, 276, 26
66, 232, 276, 7
66, 501, 276, 27
66, 388, 277, 70
66, 452, 277, 3
66, 567, 277, 79
66, 541, 277, 3
66, 223, 277, 47
66, 129, 278, 42
66, 394, 278, 63
66, 16, 278, 37
66, 533, 278, 60
66, 33, 278, 33
66, 420, 278, 7
66, 550, 278, 8
66, 551, 278, 56
66, 430, 278, 33
66, 48, 278, 32
66, 54, 278, 66
66, 573, 278, 55
66, 62, 278, 21
66, 325, 278, 97
66, 585, 278, 27
66, 586, 278, 54
66, 330, 278, 9
66, 462, 278, 50
66, 336, 278, 22
66, 214, 278, 48
66, 476, 278, 93
66, 360, 278, 20
66, 250, 278, 2
66, 100, 279, 64
66, 132, 279, 80
66, 518, 279, 24
66, 553, 279, 61
66, 492, 279, 84
66, 45, 279, 13
66, 595, 279, 87
66, 534, 279, 83
66, 317, 279, 51
66, 381, 279, 62
66, 190, 279, 79
66, 132, 280, 80
66, 134, 280, 31
66, 140, 280, 78
66, 148, 280, 64
66, 41, 280, 42
66, 432, 280, 95
66, 438, 280, 19
66, 312, 280, 25
66, 568, 280, 11
66, 462, 280, 50
66, 209, 280, 41
66, 338, 280, 73
66, 595, 280, 87
66, 84, 280, 49
66, 215, 280, 91
66, 88, 280, 42
66, 219, 280, 9
66, 360, 280, 20
66, 234, 280, 85
66, 107, 280, 84
66, 370, 280, 26
66, 381, 280, 62
66, 127, 280, 23
66, 352, 281, 9
66, 503, 281, 31
66, 260, 281, 94
66, 519, 281, 43
66, 584, 281, 37
66, 487, 281, 15
66, 155, 281, 5
66, 236, 281, 76
66, 237, 281, 84
66, 241, 281, 95
66, 83, 281, 86
66, 214, 281, 48
66, 247, 281, 78
66, 280, 281, 11
66, 474, 281, 14
66, 123, 281, 59
66, 62, 281, 21
66, 354, 282, 100
66, 419, 282, 44
66, 325, 282, 97
66, 166, 282, 97
66, 542, 282, 74
66, 200, 282, 79
66, 133, 282, 75
66, 421, 282, 71
66, 75, 282, 52
66, 373, 282, 13
66, 153, 282, 91
66, 155, 282, 5
66, 126, 282, 92
66, 543, 282, 56
66, 128, 283, 97
66, 137, 283, 8
66, 268, 283, 49
66, 15, 283, 10
66, 154, 283, 67
66, 425, 283, 77
66, 48, 283, 32
66, 178, 283, 83
66, 310, 283, 5
66, 187, 283, 69
66, 321, 283, 37
66, 201, 283, 58
66, 74, 283, 98
66, 87, 283, 4
66, 222, 283, 65
66, 485, 283, 37
66, 488, 283, 51
66, 364, 283, 99
66, 112, 283, 31
66, 498, 283, 94
66, 567, 284, 79
66, 39, 284, 55
66, 72, 284, 82
66, 395, 284, 10
66, 237, 284, 84
66, 279, 284, 78
66, 445, 284, 60
66, 420, 285, 7
66, 557, 285, 76
66, 593, 285, 93
66, 242, 285, 46
66, 342, 285, 69
66, 502, 285, 65
66, 58, 285, 99
66, 479, 285, 2
66, 388, 286, 70
66, 491, 286, 24
66, 75, 286, 52
66, 430, 286, 33
66, 240, 286, 29
66, 179, 286, 17
66, 20, 286, 82
66, 563, 286, 71
66, 157, 286, 81
66, 384, 287, 34
66, 259, 287, 70
66, 134, 287, 31
66, 7, 287, 36
66, 140, 287, 78
66, 280, 287, 11
66, 408, 287, 25
66, 538, 287, 65
66, 156, 287, 41
66, 285, 287, 76
66, 290, 287, 29
66, 551, 287, 56
66, 305, 287, 27
66, 51, 287, 58
66, 197, 287, 26
66, 200, 287, 79
66, 475, 287, 60
66, 104, 287, 49
66, 232, 287, 7
66, 239, 287, 23
66, 242, 287, 46
66, 371, 287, 74
66, 377, 287, 80
66, 506, 287, 55
66, 254, 287, 83
66, 509, 288, 19
66, 291, 288, 86
66, 447, 288, 79
66, 79, 288, 84
66, 176, 288, 23
66, 561, 288, 34
66, 114, 288, 74
66, 563, 288, 71
66, 116, 288, 10
66, 86, 288, 23
66, 535, 288, 48
66, 93, 288, 56
66, 415, 288, 81
66, 35, 289, 12
66, 516, 289, 88
66, 580, 289, 34
66, 548, 289, 88
66, 267, 289, 11
66, 491, 289, 24
66, 173, 289, 47
66, 459, 289, 6
66, 14, 289, 1
66, 240, 289, 29
66, 465, 289, 61
66, 212, 289, 43
66, 438, 289, 19
66, 409, 289, 42
66, 318, 289, 45
66, 482, 290, 84
66, 550, 290, 8
66, 104, 290, 49
66, 73, 290, 27
66, 591, 290, 4
66, 463, 290, 26
66, 180, 290, 26
66, 533, 290, 60
66, 342, 290, 69
66, 55, 290, 56
66, 348, 290, 84
66, 286, 290, 96
66, 511, 290, 10
66, 32, 291, 79
66, 547, 291, 63
66, 324, 291, 9
66, 103, 291, 45
66, 11, 291, 62
66, 143, 291, 10
66, 53, 291, 52
66, 182, 291, 32
66, 185, 291, 18
66, 26, 291, 29
66, 384, 292, 34
66, 544, 292, 90
66, 1, 292, 56
66, 153, 292, 91
66, 580, 292, 34
66, 133, 292, 75
66, 454, 292, 40
66, 228, 292, 60
66, 0, 292, 9
66, 43, 292, 17
66, 108, 292, 66
66, 173, 292, 47
66, 48, 292, 32
66, 339, 292, 94
66, 468, 292, 93
66, 249, 292, 27
66, 541, 292, 3
66, 511, 292, 10
66, 384, 293, 34
66, 6, 293, 41
66, 524, 293, 11
66, 397, 293, 63
66, 533, 293, 60
66, 417, 293, 14
66, 427, 293, 4
66, 171, 293, 27
66, 176, 293, 23
66, 308, 293, 15
66, 181, 293, 98
66, 183, 293, 16
66, 584, 293, 37
66, 331, 293, 56
66, 204, 293, 94
66, 591, 293, 4
66, 84, 293, 49
66, 345, 293, 47
66, 97, 293, 31
66, 235, 293, 58
66, 493, 293, 84
66, 240, 293, 29
66, 373, 293, 13
66, 122, 293, 66
66, 449, 294, 50
66, 34, 294, 5
66, 133, 294, 75
66, 230, 294, 93
66, 169, 294, 10
66, 330, 294, 9
66, 489, 294, 97
66, 443, 294, 50
66, 515, 295, 49
66, 164, 295, 41
66, 582, 295, 88
66, 360, 295, 20
66, 74, 295, 98
66, 203, 295, 91
66, 79, 295, 84
66, 15, 295, 10
66, 241, 295, 95
66, 177, 295, 47
66, 532, 295, 5
66, 29, 295, 44
66, 382, 295, 34
66, 223, 295, 47
66, 163, 296, 90
66, 27, 296, 5
66, 489, 296, 97
66, 426, 296, 42
66, 331, 296, 56
66, 520, 296, 14
66, 340, 296, 51
66, 475, 296, 60
66, 247, 296, 78
66, 379, 296, 85
66, 351, 296, 14
66, 64, 297, 67
66, 545, 297, 11
66, 35, 297, 12
66, 132, 297, 80
66, 69, 297, 19
66, 134, 297, 31
66, 488, 297, 51
66, 106, 297, 82
66, 269, 297, 92
66, 558, 297, 36
66, 47, 297, 82
66, 241, 297, 95
66, 403, 297, 91
66, 181, 297, 98
66, 30, 297, 15
66, 88, 297, 42
66, 89, 297, 94
66, 222, 297, 65
66, 257, 298, 1
66, 134, 298, 31
66, 264, 298, 75
66, 270, 298, 43
66, 274, 298, 41
66, 409, 298, 42
66, 410, 298, 94
66, 543, 298, 56
66, 546, 298, 36
66, 424, 298, 7
66, 558, 298, 36
66, 180, 298, 26
66, 442, 298, 51
66, 574, 298, 15
66, 319, 298, 24
66, 576, 298, 51
66, 321, 298, 37
66, 199, 298, 64
66, 330, 298, 9
66, 332, 298, 9
66, 351, 298, 14
66, 360, 298, 20
66, 114, 298, 74
66, 245, 298, 48
66, 417, 299, 14
66, 226, 299, 25
66, 344, 299, 41
66, 5, 299, 86
66, 78, 299, 50
66, 79, 299, 84
66, 240, 299, 29
66, 560, 299, 11
66, 47, 299, 82
66, 84, 299, 49
66, 340, 299, 51
66, 246, 299, 99
66, 500, 299, 48
66, 440, 299, 15
66, 473, 299, 84
66, 412, 299, 40
66, 380, 299, 33
