300, 600, 30
30, 419, 0, 45
30, 196, 0, 50
30, 206, 0, 56
30, 344, 0, 13
30, 62, 0, 35
30, 388, 1, 72
30, 270, 1, 36
30, 15, 1, 82
30, 528, 1, 48
30, 420, 1, 9
30, 169, 1, 25
30, 433, 1, 69
30, 565, 1, 15
30, 322, 1, 73
30, 451, 1, 76
30, 456, 1, 72
30, 585, 1, 43
30, 331, 1, 28
30, 598, 1, 34
30, 89, 1, 1
30, 476, 1, 11
30, 353, 1, 99
30, 495, 1, 52
30, 380, 1, 45
30, 126, 1, 40
30, 354, 2, 69
30, 163, 2, 60
30, 389, 2, 10
30, 105, 2, 34
30, 401, 2, 38
30, 115, 2, 53
30, 436, 2, 96
30, 252, 2, 95
30, 97, 3, 19
30, 102, 3, 66
30, 328, 3, 40
30, 234, 3, 45
30, 140, 3, 60
30, 528, 3, 48
30, 156, 3, 12
30, 466, 3, 57
30, 48, 3, 45
30, 183, 3, 20
30, 181, 3, 85
30, 470, 3, 31
30, 405, 3, 60
30, 280, 3, 64
30, 377, 3, 97
30, 314, 3, 96
30, 188, 3, 93
30, 318, 3, 53
30, 263, 4, 90
30, 521, 4, 86
30, 334, 4, 73
30, 113, 4, 26
30, 275, 4, 36
30, 69, 5, 46
30, 360, 5, 39
30, 266, 5, 97
30, 107, 5, 37
30, 522, 5, 43
30, 346, 5, 95
30, 474, 5, 25
30, 412, 5, 54
30, 191, 5, 60
30, 452, 6, 56
30, 165, 6, 64
30, 426, 6, 98
30, 395, 6, 11
30, 267, 6, 43
30, 77, 6, 9
30, 495, 6, 52
30, 560, 6, 49
30, 593, 6, 31
30, 17, 6, 73
30, 148, 6, 92
30, 280, 6, 64
30, 59, 6, 28
30, 544, 7, 89
30, 418, 7, 81
30, 358, 7, 55
30, 392, 7, 3
30, 233, 7, 66
30, 425, 7, 99
30, 115, 7, 53
30, 179, 7, 95
30, 566, 7, 97
30, 353, 8, 99
30, 260, 8, 90
30, 293, 8, 52
30, 230, 8, 67
30, 489, 8, 33
30, 586, 8, 69
30, 267, 8, 43
30, 82, 8, 36
30, 178, 8, 66
30, 470, 8, 31
30, 310, 8, 82
30, 59, 8, 28
30, 540, 8, 57
30, 286, 8, 15
30, 389, 9, 10
30, 38, 9, 65
30, 233, 9, 66
30, 10, 9, 60
30, 586, 9, 69
30, 300, 9, 21
30, 174, 9, 93
30, 469, 9, 35
30, 568, 9, 31
30, 412, 9, 54
30, 383, 9, 62
30, 140, 10, 60
30, 31, 10, 45
30, 32, 10, 85
30, 35, 10, 62
30, 423, 10, 89
30, 295, 10, 30
30, 563, 10, 75
30, 182, 10, 44
30, 314, 10, 96
30, 578, 10, 5
30, 70, 10, 84
30, 585, 10, 43
30, 470, 10, 31
30, 88, 10, 88
30, 360, 10, 39
30, 489, 10, 33
30, 111, 10, 65
30, 241, 10, 43
30, 497, 10, 98
30, 248, 10, 27
30, 251, 10, 99
30, 321, 11, 97
30, 257, 11, 19
30, 515, 11, 67
30, 130, 11, 56
30, 7, 11, 47
30, 298, 11, 50
30, 234, 11, 45
30, 187, 11, 76
30, 557, 11, 49
30, 15, 11, 82
30, 339, 11, 52
30, 254, 11, 34
30, 310, 11, 82
30, 375, 11, 45
30, 376, 11, 33
30, 442, 11, 65
30, 379, 11, 53
30, 222, 11, 81
30, 544, 12, 89
30, 450, 12, 73
30, 419, 12, 45
30, 590, 12, 5
30, 213, 12, 59
30, 475, 12, 50
30, 515, 13, 67
30, 452, 13, 56
30, 389, 13, 10
30, 530, 13, 2
30, 313, 13, 95
30, 5, 14, 64
30, 11, 14, 84
30, 524, 14, 88
30, 396, 14, 37
30, 23, 14, 28
30, 283, 14, 21
30, 416, 14, 43
30, 422, 14, 70
30, 300, 14, 21
30, 437, 14, 23
30, 441, 14, 38
30, 445, 14, 11
30, 69, 14, 46
30, 586, 14, 69
30, 464, 14, 68
30, 339, 14, 52
30, 98, 14, 56
30, 110, 14, 48
30, 121, 14, 88
30, 250, 14, 53
30, 353, 15, 99
30, 579, 15, 60
30, 3, 15, 87
30, 485, 15, 96
30, 170, 15, 46
30, 44, 15, 49
30, 346, 15, 95
30, 142, 15, 98
30, 178, 15, 66
30, 115, 15, 53
30, 566, 15, 97
30, 439, 15, 89
30, 312, 15, 37
30, 345, 15, 19
30, 282, 15, 22
30, 507, 15, 58
30, 95, 15, 42
30, 481, 16, 55
30, 389, 16, 10
30, 440, 16, 8
30, 462, 16, 2
30, 599, 16, 55
30, 24, 16, 24
30, 157, 16, 21
30, 160, 17, 7
30, 35, 17, 62
30, 67, 17, 56
30, 8, 17, 87
30, 267, 17, 43
30, 78, 17, 79
30, 527, 17, 40
30, 174, 17, 93
30, 273, 17, 63
30, 178, 17, 66
30, 146, 17, 6
30, 58, 17, 71
30, 412, 17, 54
30, 254, 17, 34
30, 514, 18, 26
30, 271, 18, 23
30, 406, 18, 35
30, 155, 18, 31
30, 162, 18, 40
30, 35, 18, 62
30, 420, 18, 9
30, 424, 18, 46
30, 428, 18, 27
30, 557, 18, 49
30, 302, 18, 7
30, 563, 18, 75
30, 309, 18, 61
30, 70, 18, 84
30, 329, 18, 72
30, 207, 18, 70
30, 84, 18, 23
30, 100, 18, 66
30, 231, 18, 67
30, 108, 18, 19
30, 111, 18, 65
30, 496, 18, 17
30, 368, 18, 71
30, 119, 18, 39
30, 258, 19, 4
30, 293, 19, 52
30, 10, 19, 60
30, 269, 19, 3
30, 186, 19, 65
30, 67, 20, 56
30, 36, 20, 56
30, 452, 20, 56
30, 4, 20, 99
30, 167, 20, 72
30, 519, 20, 22
30, 202, 20, 27
30, 427, 20, 48
30, 78, 20, 79
30, 495, 20, 52
30, 124, 20, 61
30, 17, 20, 73
30, 433, 20, 69
30, 83, 20, 47
30, 563, 20, 75
30, 399, 20, 37
30, 92, 20, 99
30, 285, 20, 80
30, 385, 21, 58
30, 548, 21, 22
30, 492, 21, 34
30, 23, 21, 28
30, 252, 21, 95
30, 64, 22, 23
30, 513, 22, 83
30, 144, 22, 55
30, 402, 22, 99
30, 180, 22, 29
30, 540, 22, 57
30, 223, 23, 20
30, 234, 23, 45
30, 172, 23, 12
30, 364, 23, 24
30, 498, 23, 17
30, 148, 23, 92
30, 21, 23, 93
30, 245, 23, 50
30, 342, 23, 94
30, 536, 23, 46
30, 60, 23, 90
30, 318, 23, 53
30, 575, 23, 59
30, 361, 24, 25
30, 522, 24, 43
30, 587, 24, 34
30, 332, 24, 2
30, 524, 24, 88
30, 431, 24, 47
30, 240, 24, 76
30, 147, 24, 66
30, 500, 24, 100
30, 280, 24, 64
30, 25, 24, 74
30, 346, 24, 95
30, 192, 25, 45
30, 481, 25, 55
30, 260, 25, 90
30, 293, 25, 52
30, 420, 25, 9
30, 487, 25, 61
30, 263, 25, 90
30, 137, 25, 15
30, 517, 25, 24
30, 267, 25, 43
30, 298, 25, 50
30, 208, 25, 43
30, 466, 25, 57
30, 86, 25, 6
30, 378, 25, 62
30, 251, 25, 99
30, 126, 25, 40
30, 4, 26, 99
30, 103, 26, 58
30, 360, 26, 39
30, 41, 26, 63
30, 335, 26, 60
30, 401, 26, 38
30, 53, 26, 36
30, 183, 26, 20
30, 89, 26, 1
30, 507, 26, 58
30, 284, 26, 72
30, 349, 26, 44
30, 63, 26, 98
30, 128, 27, 27
30, 440, 27, 8
30, 486, 27, 67
30, 591, 27, 76
30, 307, 27, 93
30, 275, 27, 36
30, 152, 27, 41
30, 313, 27, 95
30, 513, 28, 83
30, 457, 28, 14
30, 521, 28, 86
30, 426, 28, 98
30, 44, 28, 49
30, 461, 28, 20
30, 302, 28, 7
30, 593, 28, 31
30, 113, 28, 26
30, 115, 28, 53
30, 183, 28, 20
30, 151, 28, 87
30, 184, 28, 1
30, 569, 28, 51
30, 539, 28, 38
30, 157, 28, 21
30, 126, 28, 40
30, 192, 29, 45
30, 257, 29, 19
30, 194, 29, 35
30, 355, 29, 18
30, 354, 29, 69
30, 228, 29, 5
30, 14, 29, 25
30, 431, 29, 47
30, 110, 29, 48
30, 561, 29, 94
30, 403, 29, 46
30, 340, 29, 49
30, 309, 29, 61
30, 500, 29, 100
30, 567, 29, 55
30, 56, 29, 12
30, 215, 29, 96
30, 287, 29, 87
30, 322, 30, 73
30, 458, 30, 72
30, 461, 30, 20
30, 270, 30, 36
30, 401, 30, 38
30, 177, 30, 18
30, 372, 30, 79
30, 506, 30, 85
30, 347, 30, 25
30, 124, 30, 61
30, 63, 30, 98
30, 67, 31, 56
30, 68, 31, 25
30, 231, 31, 67
30, 265, 31, 16
30, 522, 31, 43
30, 333, 31, 68
30, 144, 31, 55
30, 401, 31, 38
30, 402, 31, 99
30, 22, 31, 96
30, 374, 31, 27
30, 120, 31, 50
30, 187, 31, 76
30, 129, 32, 59
30, 257, 32, 19
30, 131, 32, 37
30, 388, 32, 72
30, 454, 32, 33
30, 262, 32, 50
30, 40, 32, 6
30, 270, 32, 36
30, 174, 32, 93
30, 528, 32, 48
30, 402, 32, 99
30, 308, 32, 81
30, 85, 32, 1
30, 244, 32, 41
30, 503, 32, 4
30, 280, 32, 64
30, 116, 32, 85
30, 187, 32, 76
30, 577, 33, 32
30, 482, 33, 72
30, 199, 33, 91
30, 200, 33, 26
30, 40, 33, 6
30, 521, 33, 86
30, 340, 33, 49
30, 217, 33, 82
30, 517, 34, 24
30, 548, 34, 22
30, 164, 34, 79
30, 167, 34, 72
30, 424, 34, 46
30, 555, 34, 51
30, 303, 34, 93
30, 48, 34, 45
30, 304, 34, 4
30, 184, 34, 1
30, 198, 34, 77
30, 97, 34, 19
30, 227, 34, 41
30, 486, 34, 67
30, 104, 34, 93
30, 373, 34, 23
30, 502, 34, 82
30, 248, 34, 27
30, 127, 34, 64
30, 226, 35, 63
30, 162, 35, 40
30, 356, 35, 13
30, 101, 35, 66
30, 418, 35, 81
30, 7, 35, 47
30, 519, 35, 22
30, 265, 35, 16
30, 298, 35, 50
30, 456, 35, 72
30, 123, 35, 5
30, 143, 35, 47
30, 592, 35, 11
30, 47, 35, 36
30, 82, 35, 36
30, 91, 35, 54
30, 542, 35, 80
30, 481, 36, 55
30, 483, 36, 45
30, 323, 36, 86
30, 422, 36, 70
30, 39, 36, 57
30, 267, 36, 43
30, 151, 36, 87
30, 281, 36, 47
30, 61, 36, 52
30, 30, 36, 65
30, 452, 37, 56
30, 490, 37, 23
30, 234, 37, 45
30, 187, 37, 76
30, 206, 37, 56
30, 495, 37, 52
30, 528, 37, 48
30, 13, 37, 52
30, 173, 37, 96
30, 207, 37, 70
30, 278, 37, 68
30, 254, 37, 34
30, 90, 37, 31
30, 59, 37, 28
30, 30, 37, 65
30, 135, 38, 89
30, 30, 38, 65
30, 546, 38, 14
30, 175, 38, 96
30, 49, 38, 92
30, 308, 38, 81
30, 181, 38, 85
30, 186, 38, 65
30, 65, 38, 68
30, 451, 38, 76
30, 326, 38, 27
30, 585, 38, 43
30, 588, 38, 14
30, 77, 38, 9
30, 79, 38, 54
30, 341, 38, 42
30, 98, 38, 56
30, 485, 38, 96
30, 359, 38, 42
30, 231, 38, 67
30, 237, 38, 63
30, 111, 38, 65
30, 496, 38, 17
30, 380, 38, 45
30, 509, 38, 87
30, 81, 39, 58
30, 50, 39, 88
30, 372, 39, 79
30, 118, 39, 73
30, 503, 39, 4
30, 537, 39, 25
30, 348, 39, 6
30, 193, 40, 65
30, 289, 40, 23
30, 36, 40, 56
30, 101, 40, 66
30, 527, 40, 40
30, 309, 40, 61
30, 62, 40, 35
30, 282, 40, 22
30, 443, 40, 38
30, 126, 40, 40
30, 407, 41, 77
30, 128, 41, 27
30, 160, 41, 7
30, 259, 41, 41
30, 132, 41, 94
30, 389, 41, 10
30, 394, 41, 95
30, 560, 41, 49
30, 433, 41, 69
30, 83, 41, 47
30, 307, 41, 93
30, 375, 41, 45
30, 88, 41, 88
30, 121, 41, 88
30, 27, 41, 63
30, 446, 41, 25
30, 513, 42, 83
30, 193, 42, 65
30, 547, 42, 69
30, 40, 42, 6
30, 233, 42, 66
30, 427, 42, 48
30, 284, 42, 72
30, 269, 43, 3
30, 272, 43, 14
30, 540, 43, 57
30, 549, 43, 36
30, 38, 43, 65
30, 305, 43, 43
30, 307, 43, 93
30, 437, 43, 23
30, 311, 43, 39
30, 315, 43, 59
30, 575, 43, 59
30, 66, 43, 27
30, 72, 43, 22
30, 331, 43, 28
30, 588, 43, 14
30, 79, 43, 54
30, 214, 43, 97
30, 473, 43, 28
30, 346, 43, 95
30, 105, 43, 34
30, 235, 43, 93
30, 372, 43, 79
30, 246, 43, 14
30, 247, 43, 85
30, 504, 43, 93
30, 133, 44, 9
30, 262, 44, 50
30, 265, 44, 16
30, 11, 44, 84
30, 399, 44, 37
30, 400, 44, 3
30, 545, 44, 100
30, 172, 44, 12
30, 174, 44, 93
30, 312, 44, 37
30, 59, 44, 28
30, 446, 44, 25
30, 318, 44, 53
30, 339, 44, 52
30, 598, 44, 34
30, 476, 44, 11
30, 222, 44, 81
30, 355, 44, 18
30, 367, 44, 87
30, 244, 44, 41
30, 382, 44, 59
30, 511, 44, 7
30, 357, 45, 43
30, 108, 45, 19
30, 558, 45, 24
30, 113, 45, 26
30, 245, 45, 50
30, 319, 45, 99
30, 385, 46, 58
30, 515, 46, 67
30, 554, 46, 10
30, 271, 46, 23
30, 465, 46, 38
30, 149, 46, 17
30, 405, 46, 60
30, 515, 47, 67
30, 27, 47, 63
30, 265, 47, 16
30, 300, 47, 21
30, 429, 47, 26
30, 79, 47, 54
30, 495, 47, 52
30, 241, 47, 43
30, 562, 47, 97
30, 531, 47, 31
30, 467, 47, 29
30, 405, 47, 60
30, 568, 47, 31
30, 123, 47, 5
30, 216, 47, 50
30, 248, 48, 27
30, 482, 48, 72
30, 2, 48, 65
30, 4, 48, 99
30, 486, 48, 67
30, 203, 48, 79
30, 557, 48, 49
30, 92, 48, 99
30, 113, 48, 26
30, 252, 48, 95
30, 284, 48, 72
30, 438, 48, 70
30, 247, 48, 85
30, 536, 48, 46
30, 378, 48, 62
30, 156, 48, 12
30, 291, 49, 13
30, 518, 49, 42
30, 142, 49, 98
30, 207, 49, 70
30, 464, 49, 68
30, 436, 49, 96
30, 505, 49, 2
30, 575, 49, 59
30, 228, 50, 5
30, 174, 50, 93
30, 564, 50, 10
30, 533, 50, 40
30, 219, 50, 74
30, 92, 50, 99
30, 481, 51, 55
30, 1, 51, 13
30, 227, 51, 41
30, 451, 51, 76
30, 585, 51, 43
30, 346, 51, 95
30, 175, 51, 96
30, 593, 51, 31
30, 563, 51, 75
30, 116, 51, 85
30, 245, 51, 50
30, 310, 51, 82
30, 57, 51, 74
30, 154, 51, 59
30, 253, 51, 67
30, 575, 51, 59
30, 517, 52, 24
30, 390, 52, 43
30, 7, 52, 47
30, 9, 52, 36
30, 522, 52, 43
30, 10, 52, 60
30, 269, 52, 3
30, 399, 52, 37
30, 400, 52, 3
30, 33, 52, 15
30, 165, 52, 64
30, 47, 52, 36
30, 438, 52, 70
30, 55, 52, 94
30, 577, 52, 32
30, 70, 52, 84
30, 72, 52, 22
30, 588, 52, 14
30, 484, 52, 54
30, 101, 52, 66
30, 362, 52, 38
30, 109, 52, 5
30, 499, 52, 49
30, 1, 53, 13
30, 516, 53, 37
30, 519, 53, 22
30, 265, 53, 16
30, 526, 53, 77
30, 150, 53, 73
30, 280, 53, 64
30, 152, 53, 41
30, 539, 53, 38
30, 161, 53, 74
30, 37, 53, 94
30, 294, 53, 28
30, 563, 53, 75
30, 186, 53, 65
30, 447, 53, 67
30, 463, 53, 30
30, 91, 53, 54
30, 222, 53, 81
30, 112, 53, 29
30, 114, 53, 10
30, 127, 53, 64
30, 321, 54, 97
30, 358, 54, 55
30, 200, 54, 26
30, 424, 54, 46
30, 593, 54, 31
30, 339, 54, 52
30, 117, 54, 31
30, 31, 54, 45
30, 289, 55, 23
30, 99, 55, 53
30, 164, 55, 79
30, 71, 55, 50
30, 329, 55, 72
30, 203, 55, 79
30, 434, 55, 89
30, 19, 55, 40
30, 532, 55, 13
30, 501, 55, 7
30, 275, 55, 36
30, 503, 55, 4
30, 213, 55, 59
30, 161, 56, 74
30, 163, 56, 60
30, 171, 56, 28
30, 495, 56, 52
30, 371, 56, 69
30, 87, 56, 92
30, 444, 56, 8
30, 157, 56, 21
30, 385, 57, 58
30, 518, 57, 42
30, 18, 57, 2
30, 277, 57, 35
30, 540, 57, 57
30, 543, 57, 39
30, 545, 57, 100
30, 48, 57, 45
30, 306, 57, 3
30, 566, 57, 97
30, 317, 57, 73
30, 319, 57, 99
30, 65, 57, 68
30, 324, 57, 28
30, 81, 57, 58
30, 341, 57, 42
30, 222, 57, 81
30, 479, 57, 35
30, 227, 57, 41
30, 369, 57, 57
30, 3, 58, 87
30, 521, 58, 86
30, 266, 58, 97
30, 526, 58, 77
30, 399, 58, 37
30, 273, 58, 63
30, 19, 58, 40
30, 276, 58, 66
30, 24, 58, 24
30, 412, 58, 54
30, 163, 58, 60
30, 37, 58, 94
30, 551, 58, 100
30, 181, 58, 85
30, 441, 58, 38
30, 64, 58, 23
30, 450, 58, 73
30, 196, 58, 50
30, 334, 58, 73
30, 464, 58, 68
30, 209, 58, 48
30, 83, 58, 47
30, 230, 58, 67
30, 369, 58, 57
30, 253, 58, 67
30, 161, 59, 74
30, 1, 59, 13
30, 227, 59, 41
30, 483, 59, 45
30, 99, 59, 53
30, 451, 59, 76
30, 332, 59, 2
30, 207, 59, 70
30, 305, 59, 43
30, 307, 59, 93
30, 84, 59, 23
30, 52, 59, 6
30, 503, 59, 4
30, 440, 59, 8
30, 185, 59, 16
30, 476, 59, 11
30, 188, 59, 93
30, 222, 59, 81
30, 262, 60, 50
30, 269, 60, 3
30, 279, 60, 30
30, 544, 60, 89
30, 420, 60, 9
30, 173, 60, 96
30, 562, 60, 97
30, 307, 60, 93
30, 55, 60, 94
30, 452, 60, 56
30, 199, 60, 91
30, 72, 60, 22
30, 584, 60, 72
30, 331, 60, 28
30, 461, 60, 20
30, 463, 60, 30
30, 595, 60, 91
30, 216, 60, 50
30, 345, 60, 19
30, 486, 60, 67
30, 231, 60, 67
30, 358, 60, 55
30, 111, 60, 65
30, 2, 61, 65
30, 388, 61, 72
30, 261, 61, 65
30, 263, 61, 90
30, 265, 61, 16
30, 143, 61, 47
30, 402, 61, 99
30, 531, 61, 31
30, 541, 61, 9
30, 158, 61, 82
30, 159, 61, 6
30, 157, 61, 21
30, 556, 61, 88
30, 307, 61, 93
30, 308, 61, 81
30, 570, 61, 62
30, 442, 61, 65
30, 320, 61, 92
30, 467, 61, 29
30, 471, 61, 96
30, 103, 61, 58
30, 106, 61, 54
30, 238, 61, 33
30, 117, 61, 31
30, 125, 61, 44
30, 323, 62, 86
30, 101, 62, 66
30, 421, 62, 72
30, 168, 62, 31
30, 527, 62, 40
30, 434, 62, 89
30, 370, 62, 74
30, 182, 62, 44
30, 536, 62, 46
30, 251, 62, 99
30, 192, 63, 45
30, 256, 63, 63
30, 482, 63, 72
30, 552, 63, 4
30, 426, 63, 98
30, 272, 63, 14
30, 241, 63, 43
30, 498, 63, 17
30, 131, 64, 37
30, 454, 64, 33
30, 138, 64, 89
30, 181, 64, 85
30, 572, 64, 22
30, 384, 65, 57
30, 386, 65, 88
30, 520, 65, 54
30, 395, 65, 11
30, 18, 65, 2
30, 537, 65, 25
30, 539, 65, 38
30, 289, 65, 23
30, 422, 65, 70
30, 50, 65, 88
30, 185, 65, 16
30, 449, 65, 60
30, 67, 65, 56
30, 77, 65, 9
30, 593, 65, 31
30, 355, 65, 18
30, 490, 65, 23
30, 244, 65, 41
30, 500, 65, 100
30, 502, 65, 82
30, 120, 65, 50
30, 352, 66, 16
30, 290, 66, 18
30, 194, 66, 35
30, 291, 66, 13
30, 376, 66, 33
30, 162, 66, 40
30, 423, 66, 89
30, 297, 66, 42
30, 169, 66, 25
30, 107, 66, 37
30, 461, 66, 20
30, 589, 66, 51
30, 594, 66, 62
30, 563, 66, 75
30, 341, 66, 42
30, 310, 66, 82
30, 471, 66, 96
30, 56, 66, 12
30, 512, 67, 79
30, 19, 67, 40
30, 279, 67, 30
30, 151, 67, 87
30, 160, 67, 7
30, 288, 67, 79
30, 546, 67, 14
30, 40, 67, 6
30, 298, 67, 50
30, 46, 67, 65
30, 569, 67, 51
30, 60, 67, 90
30, 444, 67, 8
30, 453, 67, 89
30, 83, 67, 47
30, 474, 67, 25
30, 220, 67, 45
30, 225, 67, 77
30, 485, 67, 96
30, 235, 67, 93
30, 367, 67, 87
30, 369, 67, 57
30, 116, 67, 85
30, 249, 67, 50
30, 253, 67, 67
30, 256, 68, 63
30, 514, 68, 26
30, 13, 68, 52
30, 145, 68, 41
30, 24, 68, 24
30, 294, 68, 28
30, 430, 68, 58
30, 51, 68, 2
30, 181, 68, 85
30, 58, 68, 71
30, 323, 68, 86
30, 453, 68, 89
30, 584, 68, 72
30, 207, 68, 70
30, 592, 68, 11
30, 468, 68, 6
30, 87, 68, 92
30, 599, 68, 55
30, 475, 68, 50
30, 92, 68, 99
30, 232, 68, 19
30, 369, 68, 57
30, 98, 69, 56
30, 3, 69, 87
30, 291, 69, 13
30, 292, 69, 81
30, 103, 69, 58
30, 521, 69, 86
30, 458, 69, 72
30, 491, 69, 39
30, 525, 69, 20
30, 467, 69, 29
30, 118, 69, 73
30, 249, 69, 50
30, 190, 69, 84
30, 415, 69, 61
30, 513, 70, 83
30, 514, 70, 26
30, 259, 70, 41
30, 144, 70, 55
30, 167, 70, 72
30, 554, 70, 10
30, 43, 70, 87
30, 304, 70, 4
30, 432, 70, 45
30, 436, 70, 96
30, 569, 70, 51
30, 60, 70, 90
30, 447, 70, 67
30, 65, 70, 68
30, 206, 70, 56
30, 350, 70, 32
30, 95, 70, 42
30, 101, 70, 66
30, 371, 70, 69
30, 247, 70, 85
30, 383, 70, 62
30, 290, 71, 18
30, 567, 71, 55
30, 429, 71, 26
30, 342, 71, 94
30, 183, 71, 20
30, 505, 71, 2
30, 514, 72, 26
30, 6, 72, 25
30, 522, 72, 43
30, 144, 72, 55
30, 24, 72, 24
30, 281, 72, 47
30, 546, 72, 14
30, 562, 72, 97
30, 576, 72, 97
30, 332, 72, 2
30, 463, 72, 30
30, 338, 72, 26
30, 213, 72, 59
30, 348, 72, 6
30, 101, 72, 66
30, 106, 72, 54
30, 239, 72, 15
30, 241, 72, 43
30, 247, 72, 85
30, 452, 73, 56
30, 454, 73, 33
30, 263, 73, 90
30, 135, 73, 89
30, 136, 73, 27
30, 362, 73, 38
30, 331, 73, 28
30, 76, 73, 10
30, 107, 73, 37
30, 462, 73, 2
30, 49, 73, 92
30, 340, 73, 49
30, 533, 73, 40
30, 374, 73, 27
30, 87, 73, 92
30, 93, 73, 88
30, 158, 73, 82
30, 384, 74, 57
30, 198, 74, 77
30, 395, 74, 11
30, 268, 74, 99
30, 440, 74, 8
30, 383, 74, 62
30, 32, 75, 85
30, 9, 75, 36
30, 558, 75, 24
30, 377, 75, 97
30, 444, 75, 8
30, 62, 75, 35
30, 259, 76, 41
30, 140, 76, 60
30, 405, 76, 60
30, 21, 76, 93
30, 289, 76, 23
30, 417, 76, 5
30, 546, 76, 14
30, 301, 76, 78
30, 180, 76, 29
30, 182, 76, 44
30, 56, 76, 12
30, 574, 76, 93
30, 70, 76, 84
30, 199, 76, 91
30, 331, 76, 28
30, 588, 76, 14
30, 593, 76, 31
30, 337, 76, 79
30, 353, 76, 99
30, 483, 76, 45
30, 485, 76, 96
30, 230, 76, 67
30, 104, 76, 93
30, 490, 76, 23
30, 368, 76, 71
30, 236, 77, 34
30, 432, 77, 45
30, 342, 77, 94
30, 410, 77, 85
30, 572, 77, 22
30, 199, 78, 91
30, 442, 78, 65
30, 343, 78, 10
30, 57, 78, 74
30, 474, 78, 25
30, 188, 78, 93
30, 413, 78, 83
30, 449, 79, 60
30, 452, 79, 56
30, 485, 79, 96
30, 427, 79, 48
30, 182, 79, 44
30, 444, 79, 8
30, 445, 79, 11
30, 190, 79, 84
30, 579, 80, 60
30, 423, 80, 89
30, 11, 80, 84
30, 590, 80, 5
30, 210, 80, 66
30, 146, 80, 6
30, 180, 80, 29
30, 276, 80, 66
30, 22, 80, 96
30, 537, 80, 25
30, 411, 80, 36
30, 222, 80, 81
30, 414, 80, 2
30, 386, 81, 88
30, 387, 81, 9
30, 276, 81, 66
30, 25, 81, 74
30, 538, 81, 28
30, 541, 81, 9
30, 295, 81, 30
30, 168, 81, 31
30, 432, 81, 45
30, 438, 81, 70
30, 70, 81, 84
30, 585, 81, 43
30, 591, 81, 76
30, 207, 81, 70
30, 213, 81, 59
30, 344, 81, 13
30, 233, 81, 66
30, 237, 81, 63
30, 368, 81, 71
30, 372, 81, 79
30, 126, 81, 40
30, 96, 82, 27
30, 544, 82, 89
30, 449, 82, 60
30, 359, 82, 42
30, 362, 82, 38
30, 398, 82, 87
30, 462, 82, 2
30, 497, 82, 98
30, 279, 82, 30
30, 442, 82, 65
30, 446, 82, 25
30, 289, 83, 23
30, 418, 83, 81
30, 582, 83, 79
30, 390, 83, 43
30, 332, 83, 2
30, 79, 83, 54
30, 463, 83, 30
30, 15, 83, 82
30, 343, 83, 10
30, 572, 83, 22
30, 95, 83, 42
30, 393, 84, 30
30, 10, 84, 60
30, 138, 84, 89
30, 14, 84, 25
30, 404, 84, 14
30, 152, 84, 41
30, 159, 84, 6
30, 171, 84, 28
30, 181, 84, 85
30, 440, 84, 8
30, 60, 84, 90
30, 62, 84, 35
30, 196, 84, 50
30, 77, 84, 9
30, 340, 84, 49
30, 216, 84, 50
30, 348, 84, 6
30, 222, 84, 81
30, 105, 84, 34
30, 374, 84, 27
30, 290, 85, 18
30, 101, 85, 66
30, 490, 85, 23
30, 298, 85, 50
30, 27, 85, 63
30, 414, 85, 2
30, 447, 85, 67
30, 10, 86, 60
30, 395, 86, 11
30, 150, 86, 73
30, 29, 86, 45
30, 290, 86, 18
30, 419, 86, 45
30, 168, 86, 31
30, 42, 86, 59
30, 557, 86, 49
30, 48, 86, 45
30, 434, 86, 89
30, 180, 86, 29
30, 566, 86, 97
30, 202, 86, 27
30, 332, 86, 2
30, 335, 86, 60
30, 210, 86, 66
30, 342, 86, 94
30, 359, 86, 42
30, 109, 86, 5
30, 366, 86, 12
30, 369, 86, 57
30, 380, 86, 45
30, 161, 87, 74
30, 7, 87, 47
30, 585, 87, 43
30, 267, 87, 43
30, 236, 87, 34
30, 82, 87, 36
30, 339, 87, 52
30, 83, 87, 47
30, 51, 87, 2
30, 120, 87, 50
30, 2, 88, 65
30, 238, 88, 33
30, 20, 88, 94
30, 536, 88, 46
30, 191, 88, 60
30, 225, 89, 77
30, 66, 89, 27
30, 579, 89, 60
30, 351, 89, 97
30, 519, 89, 22
30, 366, 89, 12
30, 594, 89, 62
30, 242, 89, 35
30, 279, 89, 30
30, 312, 89, 37
30, 569, 89, 51
30, 319, 89, 99
30, 515, 90, 67
30, 277, 90, 35
30, 537, 90, 25
30, 541, 90, 9
30, 290, 90, 18
30, 49, 90, 92
30, 561, 90, 94
30, 563, 90, 75
30, 565, 90, 15
30, 64, 90, 23
30, 65, 90, 68
30, 196, 90, 50
30, 330, 90, 59
30, 77, 90, 9
30, 461, 90, 20
30, 96, 90, 27
30, 97, 90, 19
30, 493, 90, 7
30, 117, 90, 31
30, 505, 90, 2
30, 288, 91, 79
30, 385, 91, 58
30, 232, 91, 19
30, 589, 91, 51
30, 432, 91, 45
30, 508, 91, 1
30, 270, 92, 36
30, 401, 92, 38
30, 20, 92, 94
30, 152, 92, 41
30, 156, 92, 12
30, 415, 92, 61
30, 293, 92, 52
30, 558, 92, 24
30, 51, 92, 2
30, 575, 92, 59
30, 198, 92, 77
30, 74, 92, 89
30, 331, 92, 28
30, 209, 92, 48
30, 491, 92, 39
30, 498, 92, 17
30, 115, 92, 53
30, 376, 92, 33
30, 381, 92, 88
30, 385, 93, 58
30, 354, 93, 69
30, 73, 93, 68
30, 395, 93, 11
30, 204, 93, 100
30, 14, 93, 25
30, 572, 93, 22
30, 288, 94, 79
30, 132, 94, 94
30, 197, 94, 84
30, 201, 94, 18
30, 139, 94, 99
30, 429, 94, 26
30, 430, 94, 58
30, 365, 94, 33
30, 511, 94, 7
30, 386, 95, 88
30, 131, 95, 37
30, 546, 95, 14
30, 483, 95, 45
30, 451, 95, 76
30, 8, 95, 87
30, 299, 95, 9
30, 212, 95, 9
30, 134, 96, 86
30, 392, 96, 3
30, 10, 96, 60
30, 146, 96, 6
30, 535, 96, 71
30, 24, 96, 24
30, 284, 96, 72
30, 290, 96, 18
30, 422, 96, 70
30, 425, 96, 99
30, 170, 96, 46
30, 173, 96, 96
30, 431, 96, 47
30, 176, 96, 7
30, 442, 96, 65
30, 575, 96, 59
30, 451, 96, 76
30, 85, 96, 1
30, 351, 96, 97
30, 359, 96, 42
30, 496, 96, 17
30, 397, 97, 75
30, 283, 97, 21
30, 158, 97, 82
30, 30, 97, 65
30, 423, 97, 89
30, 431, 97, 47
30, 432, 97, 45
30, 436, 97, 96
30, 437, 97, 23
30, 568, 97, 31
30, 570, 97, 62
30, 445, 97, 11
30, 576, 97, 97
30, 580, 97, 76
30, 597, 97, 50
30, 214, 97, 97
30, 220, 97, 45
30, 231, 97, 67
30, 365, 97, 33
30, 494, 97, 22
30, 244, 97, 41
30, 252, 97, 95
30, 510, 97, 66
30, 129, 98, 59
30, 391, 98, 36
30, 10, 98, 60
30, 17, 98, 73
30, 402, 98, 99
30, 278, 98, 68
30, 411, 98, 36
30, 415, 98, 61
30, 33, 98, 15
30, 547, 98, 69
30, 573, 98, 4
30, 474, 98, 25
30, 92, 98, 99
30, 229, 98, 13
30, 105, 98, 34
30, 490, 98, 23
30, 237, 98, 63
30, 238, 98, 33
30, 510, 98, 66
30, 99, 99, 53
30, 8, 99, 87
30, 493, 99, 7
30, 145, 99, 41
30, 276, 99, 66
30, 86, 99, 6
30, 246, 99, 14
30, 280, 99, 64
30, 380, 99, 45
30, 349, 99, 44
30, 95, 99, 42
30, 512, 100, 79
30, 545, 100, 100
30, 281, 100, 47
30, 72, 100, 22
30, 238, 100, 33
30, 401, 100, 38
30, 242, 100, 35
30, 280, 100, 64
30, 185, 100, 16
30, 252, 100, 95
30, 480, 101, 60
30, 5, 101, 64
30, 392, 101, 3
30, 234, 101, 45
30, 212, 101, 9
30, 129, 102, 59
30, 482, 102, 72
30, 3, 102, 87
30, 217, 102, 82
30, 67, 102, 56
30, 582, 102, 79
30, 134, 102, 86
30, 137, 102, 15
30, 441, 102, 38
30, 473, 102, 28
30, 110, 102, 48
30, 366, 102, 12
30, 561, 102, 94
30, 146, 102, 6
30, 55, 102, 94
30, 599, 102, 55
30, 25, 102, 74
30, 415, 102, 61
30, 396, 103, 37
30, 12, 103, 55
30, 270, 103, 36
30, 21, 103, 93
30, 22, 103, 96
30, 279, 103, 30
30, 409, 103, 30
30, 30, 103, 65
30, 550, 103, 39
30, 39, 103, 57
30, 552, 103, 4
30, 425, 103, 99
30, 178, 103, 66
30, 566, 103, 97
30, 570, 103, 62
30, 187, 103, 76
30, 192, 103, 45
30, 201, 103, 18
30, 81, 103, 58
30, 346, 103, 95
30, 104, 103, 93
30, 490, 103, 23
30, 110, 103, 48
30, 243, 103, 5
30, 505, 103, 2
30, 576, 104, 97
30, 161, 104, 74
30, 386, 104, 88
30, 352, 104, 16
30, 424, 104, 46
30, 46, 104, 65
30, 336, 104, 24
30, 181, 104, 85
30, 152, 104, 41
30, 314, 104, 96
30, 189, 104, 5
30, 96, 105, 27
30, 452, 105, 56
30, 357, 105, 43
30, 294, 105, 28
30, 453, 105, 89
30, 472, 105, 44
30, 324, 105, 28
30, 479, 105, 35
30, 140, 105, 60
30, 272, 105, 14
30, 467, 105, 29
30, 216, 105, 50
30, 63, 105, 98
30, 352, 106, 16
30, 161, 106, 74
30, 96, 106, 27
30, 69, 106, 46
30, 391, 106, 36
30, 458, 106, 72
30, 266, 106, 97
30, 300, 106, 21
30, 558, 106, 24
30, 79, 106, 54
30, 528, 106, 48
30, 273, 106, 63
30, 339, 106, 52
30, 404, 106, 14
30, 22, 106, 96
30, 187, 106, 76
30, 543, 106, 39
30, 0, 107, 16
30, 132, 107, 94
30, 280, 107, 64
30, 153, 107, 8
30, 536, 107, 46
30, 25, 107, 74
30, 159, 107, 6
30, 43, 107, 87
30, 49, 107, 92
30, 566, 107, 97
30, 446, 107, 25
30, 450, 107, 73
30, 580, 107, 76
30, 72, 107, 22
30, 337, 107, 79
30, 338, 107, 26
30, 597, 107, 50
30, 345, 107, 19
30, 233, 107, 66
30, 369, 107, 57
30, 244, 107, 41
30, 502, 107, 82
30, 389, 108, 10
30, 263, 108, 90
30, 143, 108, 47
30, 15, 108, 82
30, 147, 108, 66
30, 21, 108, 93
30, 544, 108, 89
30, 168, 108, 31
30, 169, 108, 25
30, 172, 108, 12
30, 46, 108, 65
30, 303, 108, 93
30, 55, 108, 94
30, 66, 108, 27
30, 199, 108, 91
30, 584, 108, 72
30, 208, 108, 43
30, 474, 108, 25
30, 92, 108, 99
30, 100, 108, 66
30, 103, 108, 58
30, 109, 108, 5
30, 366, 108, 12
30, 495, 108, 52
30, 505, 108, 2
30, 192, 109, 45
30, 161, 109, 74
30, 321, 109, 97
30, 3, 109, 87
30, 409, 109, 30
30, 108, 109, 19
30, 590, 109, 5
30, 241, 109, 43
30, 434, 109, 89
30, 594, 109, 62
30, 596, 109, 30
30, 87, 109, 92
30, 439, 109, 89
30, 185, 109, 16
30, 247, 109, 85
30, 28, 109, 29
30, 253, 109, 67
30, 543, 109, 39
30, 544, 110, 89
30, 268, 110, 99
30, 144, 110, 55
30, 370, 110, 74
30, 84, 110, 23
30, 564, 110, 10
30, 57, 110, 74
30, 287, 110, 87
30, 287, 111, 87
30, 9, 111, 36
30, 75, 111, 21
30, 172, 111, 12
30, 140, 111, 60
30, 236, 111, 34
30, 143, 111, 47
30, 77, 111, 9
30, 527, 111, 40
30, 403, 111, 46
30, 214, 111, 97
30, 248, 111, 27
30, 349, 111, 44
30, 127, 111, 64
30, 384, 112, 57
30, 129, 112, 59
30, 485, 112, 96
30, 422, 112, 70
30, 391, 112, 36
30, 166, 112, 57
30, 425, 112, 99
30, 11, 112, 84
30, 187, 112, 76
30, 593, 112, 31
30, 534, 112, 45
30, 24, 112, 24
30, 313, 112, 95
30, 570, 112, 62
30, 475, 112, 50
30, 29, 112, 45
30, 510, 112, 66
30, 577, 113, 32
30, 26, 113, 78
30, 228, 113, 5
30, 488, 113, 51
30, 362, 113, 38
30, 171, 113, 28
30, 558, 113, 24
30, 595, 113, 91
30, 276, 113, 66
30, 374, 113, 27
30, 343, 113, 10
30, 441, 113, 38
30, 186, 113, 65
30, 30, 113, 65
30, 4, 114, 99
30, 388, 114, 72
30, 394, 114, 95
30, 523, 114, 55
30, 138, 114, 89
30, 527, 114, 40
30, 26, 114, 78
30, 539, 114, 38
30, 418, 114, 81
30, 38, 114, 65
30, 557, 114, 49
30, 558, 114, 24
30, 429, 114, 26
30, 564, 114, 10
30, 311, 114, 39
30, 55, 114, 94
30, 68, 114, 25
30, 197, 114, 84
30, 455, 114, 92
30, 599, 114, 55
30, 215, 114, 96
30, 355, 114, 18
30, 358, 114, 55
30, 492, 114, 34
30, 111, 114, 65
30, 195, 115, 51
30, 196, 115, 50
30, 261, 115, 65
30, 6, 115, 25
30, 326, 115, 27
30, 105, 115, 34
30, 460, 115, 43
30, 537, 115, 25
30, 144, 115, 55
30, 433, 115, 69
30, 146, 115, 6
30, 403, 115, 46
30, 209, 115, 48
30, 117, 115, 31
30, 214, 115, 97
30, 377, 115, 97
30, 476, 115, 11
30, 125, 115, 44
30, 483, 116, 45
30, 554, 116, 10
30, 203, 116, 79
30, 364, 116, 24
30, 300, 116, 21
30, 15, 116, 82
30, 118, 116, 73
30, 183, 116, 20
30, 88, 116, 88
30, 508, 116, 1
30, 62, 116, 35
30, 261, 117, 65
30, 389, 117, 10
30, 391, 117, 36
30, 518, 117, 42
30, 394, 117, 95
30, 269, 117, 3
30, 535, 117, 71
30, 536, 117, 46
30, 412, 117, 54
30, 157, 117, 21
30, 47, 117, 36
30, 182, 117, 44
30, 441, 117, 38
30, 449, 117, 60
30, 66, 117, 27
30, 328, 117, 40
30, 586, 117, 69
30, 205, 117, 4
30, 228, 117, 5
30, 485, 117, 96
30, 486, 117, 67
30, 233, 117, 66
30, 106, 117, 54
30, 247, 117, 85
30, 104, 118, 93
30, 9, 118, 36
30, 232, 118, 19
30, 173, 118, 96
30, 113, 118, 26
30, 565, 118, 15
30, 249, 118, 50
30, 413, 118, 83
30, 222, 118, 81
30, 223, 118, 20
30, 355, 119, 18
30, 518, 119, 42
30, 230, 119, 67
30, 13, 119, 52
30, 557, 119, 49
30, 399, 119, 37
30, 401, 119, 38
30, 115, 119, 53
30, 568, 119, 31
30, 346, 119, 95
30, 59, 119, 28
30, 96, 120, 27
30, 130, 120, 56
30, 261, 120, 65
30, 552, 120, 4
30, 139, 120, 99
30, 332, 120, 2
30, 14, 120, 25
30, 177, 120, 18
30, 566, 120, 97
30, 55, 120, 94
30, 539, 120, 38
30, 64, 121, 23
30, 290, 121, 18
30, 163, 121, 60
30, 262, 121, 50
30, 423, 121, 89
30, 170, 121, 46
30, 299, 121, 9
30, 108, 121, 19
30, 173, 121, 96
30, 271, 121, 23
30, 175, 121, 96
30, 559, 121, 25
30, 18, 121, 2
30, 188, 121, 93
30, 409, 121, 30
30, 410, 121, 85
30, 124, 121, 61
30, 478, 121, 29
30, 163, 122, 60
30, 164, 122, 79
30, 324, 122, 28
30, 69, 122, 46
30, 360, 122, 39
30, 392, 122, 3
30, 107, 122, 37
30, 44, 122, 49
30, 305, 122, 43
30, 306, 122, 3
30, 156, 122, 12
30, 276, 122, 66
30, 25, 122, 74
30, 474, 122, 25
30, 188, 122, 93
30, 259, 123, 41
30, 6, 123, 25
30, 139, 123, 99
30, 528, 123, 48
30, 24, 123, 24
30, 536, 123, 46
30, 153, 123, 8
30, 411, 123, 36
30, 157, 123, 21
30, 32, 123, 85
30, 298, 123, 50
30, 308, 123, 81
30, 565, 123, 15
30, 54, 123, 47
30, 573, 123, 4
30, 318, 123, 53
30, 574, 123, 93
30, 101, 123, 66
30, 108, 123, 19
30, 495, 123, 52
30, 498, 123, 17
30, 123, 123, 5
30, 254, 123, 34
30, 516, 124, 37
30, 4, 124, 99
30, 533, 124, 40
30, 410, 124, 85
30, 348, 124, 6
30, 8, 125, 87
30, 269, 125, 3
30, 526, 125, 77
30, 17, 125, 73
30, 540, 125, 57
30, 413, 125, 83
30, 414, 125, 2
30, 543, 125, 39
30, 34, 125, 4
30, 38, 125, 65
30, 440, 125, 8
30, 582, 125, 79
30, 198, 125, 77
30, 83, 125, 47
30, 84, 125, 23
30, 217, 125, 82
30, 218, 125, 18
30, 489, 125, 33
30, 235, 125, 93
30, 545, 126, 100
30, 104, 126, 93
30, 520, 126, 54
30, 138, 126, 89
30, 267, 126, 43
30, 350, 126, 32
30, 322, 127, 73
30, 354, 127, 69
30, 517, 127, 24
30, 187, 127, 76
30, 14, 127, 25
30, 335, 127, 60
30, 309, 127, 61
30, 347, 127, 25
30, 30, 127, 65
30, 320, 128, 92
30, 195, 128, 51
30, 263, 128, 90
30, 524, 128, 88
30, 18, 128, 2
30, 434, 128, 89
30, 276, 128, 66
30, 377, 128, 97
30, 506, 128, 85
30, 92, 128, 99
30, 573, 128, 4
30, 97, 129, 19
30, 162, 129, 40
30, 290, 129, 18
30, 4, 129, 99
30, 582, 129, 79
30, 137, 129, 15
30, 587, 129, 34
30, 78, 129, 79
30, 369, 129, 57
30, 18, 129, 2
30, 307, 129, 93
30, 149, 129, 17
30, 565, 129, 15
30, 312, 129, 37
30, 226, 130, 63
30, 325, 130, 13
30, 486, 130, 67
30, 489, 130, 33
30, 18, 130, 2
30, 211, 130, 79
30, 214, 130, 97
30, 285, 130, 80
30, 458, 131, 72
30, 110, 131, 48
30, 532, 131, 13
30, 149, 131, 17
30, 313, 131, 95
30, 476, 131, 11
30, 65, 132, 68
30, 70, 132, 84
30, 553, 132, 21
30, 298, 132, 50
30, 303, 132, 93
30, 48, 132, 45
30, 560, 132, 49
30, 20, 132, 94
30, 24, 132, 24
30, 538, 132, 28
30, 321, 133, 97
30, 548, 133, 22
30, 27, 133, 63
30, 202, 133, 27
30, 330, 133, 59
30, 558, 133, 24
30, 271, 133, 23
30, 532, 133, 13
30, 404, 133, 14
30, 309, 133, 61
30, 599, 133, 55
30, 187, 133, 76
30, 284, 133, 72
30, 161, 134, 74
30, 2, 134, 65
30, 484, 134, 54
30, 166, 134, 57
30, 12, 134, 55
30, 493, 134, 7
30, 502, 134, 82
30, 395, 135, 11
30, 142, 135, 98
30, 148, 135, 92
30, 155, 135, 31
30, 305, 135, 43
30, 177, 135, 18
30, 562, 135, 97
30, 565, 135, 15
30, 182, 135, 44
30, 56, 135, 12
30, 447, 135, 67
30, 581, 135, 65
30, 198, 135, 77
30, 453, 135, 89
30, 332, 135, 2
30, 76, 135, 10
30, 463, 135, 30
30, 338, 135, 26
30, 341, 135, 42
30, 216, 135, 50
30, 477, 135, 80
30, 349, 135, 44
30, 117, 135, 31
30, 326, 136, 27
30, 296, 136, 94
30, 10, 136, 60
30, 459, 136, 63
30, 395, 136, 11
30, 237, 136, 63
30, 558, 136, 24
30, 399, 136, 37
30, 272, 136, 14
30, 561, 136, 94
30, 463, 136, 30
30, 307, 136, 93
30, 599, 136, 55
30, 25, 136, 74
30, 215, 136, 96
30, 443, 136, 38
30, 380, 136, 45
30, 319, 136, 99
30, 35, 137, 62
30, 99, 137, 53
30, 37, 137, 94
30, 101, 137, 66
30, 486, 137, 67
30, 521, 137, 86
30, 206, 137, 56
30, 464, 137, 68
30, 86, 137, 6
30, 218, 137, 18
30, 348, 137, 6
30, 157, 137, 21
30, 512, 138, 79
30, 577, 138, 32
30, 322, 138, 73
30, 196, 138, 50
30, 72, 138, 22
30, 459, 138, 63
30, 13, 138, 52
30, 431, 138, 47
30, 377, 138, 97
30, 59, 138, 28
30, 63, 138, 98
30, 259, 139, 41
30, 388, 139, 72
30, 11, 139, 84
30, 140, 139, 60
30, 398, 139, 87
30, 425, 139, 99
30, 42, 139, 59
30, 171, 139, 28
30, 559, 139, 25
30, 563, 139, 75
30, 55, 139, 94
30, 442, 139, 65
30, 452, 139, 56
30, 339, 139, 52
30, 341, 139, 42
30, 598, 139, 34
30, 89, 139, 1
30, 477, 139, 80
30, 478, 139, 29
30, 94, 139, 97
30, 93, 139, 88
30, 483, 139, 45
30, 357, 139, 43
30, 380, 139, 45
30, 550, 140, 39
30, 40, 140, 6
30, 556, 140, 88
30, 270, 140, 36
30, 271, 140, 23
30, 209, 140, 48
30, 420, 141, 9
30, 106, 141, 54
30, 459, 141, 63
30, 176, 141, 7
30, 402, 141, 99
30, 211, 141, 79
30, 534, 141, 45
30, 215, 141, 96
30, 408, 141, 24
30, 537, 141, 25
30, 346, 141, 95
30, 285, 141, 80
30, 126, 141, 40
30, 223, 141, 20
30, 96, 142, 27
30, 259, 142, 41
30, 420, 142, 9
30, 134, 142, 86
30, 360, 142, 39
30, 491, 142, 39
30, 524, 142, 88
30, 591, 142, 76
30, 87, 142, 92
30, 311, 142, 39
30, 502, 142, 82
30, 539, 142, 38
30, 92, 142, 99
30, 290, 143, 18
30, 297, 143, 42
30, 171, 143, 28
30, 213, 143, 59
30, 471, 143, 96
30, 248, 144, 27
30, 322, 144, 73
30, 37, 144, 94
30, 390, 144, 43
30, 424, 144, 46
30, 456, 144, 72
30, 490, 144, 23
30, 392, 144, 3
30, 108, 144, 19
30, 302, 144, 7
30, 435, 144, 66
30, 308, 144, 81
30, 117, 144, 31
30, 316, 144, 37
30, 152, 144, 41
30, 442, 144, 65
30, 540, 144, 57
30, 445, 144, 11
30, 391, 145, 36
30, 392, 145, 3
30, 410, 145, 85
30, 539, 145, 38
30, 32, 145, 85
30, 424, 145, 46
30, 171, 145, 28
30, 179, 145, 95
30, 437, 145, 23
30, 61, 145, 52
30, 581, 145, 65
30, 75, 145, 21
30, 204, 145, 100
30, 461, 145, 20
30, 215, 145, 96
30, 89, 145, 1
30, 98, 145, 56
30, 355, 145, 18
30, 231, 145, 67
30, 499, 145, 49
30, 119, 145, 39
30, 376, 145, 33
30, 252, 145, 95
30, 385, 146, 58
30, 261, 146, 65
30, 7, 146, 47
30, 10, 146, 60
30, 396, 146, 37
30, 273, 146, 63
30, 538, 146, 28
30, 29, 146, 45
30, 290, 146, 18
30, 163, 146, 60
30, 297, 146, 42
30, 325, 146, 13
30, 72, 146, 22
30, 330, 146, 59
30, 203, 146, 79
30, 590, 146, 5
30, 492, 146, 34
30, 238, 146, 33
30, 245, 146, 50
30, 97, 147, 19
30, 418, 147, 81
30, 291, 147, 13
30, 489, 147, 33
30, 428, 147, 27
30, 429, 147, 26
30, 108, 147, 19
30, 300, 147, 21
30, 562, 147, 97
30, 595, 147, 91
30, 372, 147, 79
30, 373, 147, 23
30, 599, 147, 55
30, 121, 147, 88
30, 219, 147, 74
30, 124, 147, 61
30, 350, 147, 32
30, 544, 148, 89
30, 300, 148, 21
30, 206, 148, 56
30, 527, 148, 40
30, 47, 148, 36
30, 593, 148, 31
30, 142, 148, 98
30, 251, 148, 99
30, 165, 149, 64
30, 7, 149, 47
30, 551, 149, 100
30, 76, 149, 10
30, 466, 149, 57
30, 563, 149, 75
30, 53, 149, 36
30, 22, 149, 96
30, 310, 149, 82
30, 409, 149, 30
30, 285, 149, 80
30, 383, 149, 62
30, 0, 150, 16
30, 577, 150, 32
30, 544, 150, 89
30, 384, 150, 57
30, 165, 150, 64
30, 229, 150, 13
30, 9, 150, 36
30, 364, 150, 24
30, 141, 150, 88
30, 591, 150, 76
30, 303, 150, 93
30, 434, 150, 89
30, 84, 150, 23
30, 350, 150, 32
30, 514, 151, 26
30, 389, 151, 10
30, 393, 151, 30
30, 266, 151, 97
30, 401, 151, 38
30, 62, 151, 35
30, 194, 151, 35
30, 198, 151, 77
30, 456, 151, 72
30, 75, 151, 21
30, 588, 151, 14
30, 592, 151, 11
30, 347, 151, 25
30, 221, 151, 24
30, 483, 151, 45
30, 231, 151, 67
30, 361, 151, 25
30, 493, 151, 7
30, 253, 151, 67
30, 255, 151, 79
30, 2, 152, 65
30, 139, 152, 99
30, 268, 152, 99
30, 150, 152, 73
30, 413, 152, 83
30, 288, 152, 79
30, 422, 152, 70
30, 172, 152, 12
30, 300, 152, 21
30, 174, 152, 93
30, 303, 152, 93
30, 179, 152, 95
30, 565, 152, 15
30, 441, 152, 38
30, 187, 152, 76
30, 593, 152, 31
30, 466, 152, 57
30, 354, 152, 69
30, 498, 152, 17
30, 242, 152, 35
30, 380, 152, 45
30, 378, 152, 62
30, 508, 152, 1
30, 5, 153, 64
30, 400, 153, 3
30, 147, 153, 66
30, 276, 153, 66
30, 19, 153, 40
30, 283, 153, 21
30, 540, 153, 57
30, 29, 153, 45
30, 158, 153, 82
30, 297, 153, 42
30, 175, 153, 96
30, 432, 153, 45
30, 305, 153, 43
30, 563, 153, 75
30, 64, 153, 23
30, 193, 153, 65
30, 583, 153, 60
30, 78, 153, 79
30, 100, 153, 66
30, 237, 153, 63
30, 238, 153, 33
30, 493, 153, 7
30, 112, 153, 29
30, 126, 153, 40
30, 480, 154, 60
30, 32, 154, 85
30, 2, 154, 65
30, 37, 154, 94
30, 167, 154, 72
30, 110, 154, 48
30, 85, 154, 1
30, 122, 154, 10
30, 351, 154, 97
30, 224, 155, 96
30, 481, 155, 55
30, 515, 155, 67
30, 516, 155, 37
30, 424, 155, 46
30, 397, 155, 75
30, 237, 155, 63
30, 368, 155, 71
30, 528, 155, 48
30, 19, 155, 40
30, 439, 155, 89
30, 506, 155, 85
30, 518, 156, 42
30, 144, 156, 55
30, 530, 156, 2
30, 402, 156, 99
30, 158, 156, 82
30, 422, 156, 70
30, 44, 156, 49
30, 173, 156, 96
30, 570, 156, 62
30, 61, 156, 52
30, 322, 156, 73
30, 579, 156, 60
30, 453, 156, 89
30, 327, 156, 28
30, 204, 156, 100
30, 348, 156, 6
30, 98, 156, 56
30, 372, 156, 79
30, 247, 156, 85
30, 290, 157, 18
30, 163, 157, 60
30, 455, 157, 92
30, 491, 157, 39
30, 43, 157, 87
30, 397, 157, 75
30, 270, 157, 36
30, 109, 157, 5
30, 402, 157, 99
30, 210, 157, 66
30, 343, 157, 10
30, 537, 157, 25
30, 155, 157, 31
30, 95, 157, 42
30, 224, 158, 96
30, 141, 158, 88
30, 369, 158, 57
30, 276, 158, 66
30, 372, 158, 79
30, 66, 159, 27
30, 255, 159, 79
30, 163, 159, 60
30, 197, 159, 84
30, 293, 159, 52
30, 455, 159, 92
30, 264, 159, 20
30, 329, 159, 72
30, 367, 159, 87
30, 562, 159, 97
30, 275, 159, 36
30, 469, 159, 35
30, 438, 159, 70
30, 214, 159, 97
30, 154, 159, 59
30, 221, 159, 24
30, 191, 159, 60
30, 448, 160, 84
30, 129, 160, 59
30, 472, 160, 44
30, 90, 160, 31
30, 219, 160, 74
30, 288, 161, 79
30, 416, 161, 43
30, 578, 161, 5
30, 263, 161, 90
30, 394, 161, 95
30, 171, 161, 28
30, 13, 161, 52
30, 207, 161, 70
30, 409, 161, 30
30, 506, 161, 85
30, 481, 162, 55
30, 227, 162, 41
30, 135, 162, 89
30, 182, 162, 44
30, 120, 162, 50
30, 256, 163, 63
30, 96, 163, 27
30, 194, 163, 35
30, 545, 163, 100
30, 133, 163, 9
30, 229, 163, 13
30, 425, 163, 99
30, 28, 163, 29
30, 18, 163, 2
30, 596, 163, 30
30, 180, 163, 29
30, 182, 163, 44
30, 215, 163, 96
30, 508, 163, 1
30, 255, 163, 79
30, 121, 164, 88
30, 217, 164, 82
30, 518, 164, 42
30, 491, 164, 39
30, 46, 164, 65
30, 562, 164, 97
30, 53, 164, 36
30, 246, 164, 14
30, 247, 164, 85
30, 536, 164, 46
30, 25, 164, 74
30, 502, 164, 82
30, 54, 164, 47
30, 182, 164, 44
30, 332, 165, 2
30, 12, 165, 55
30, 273, 165, 63
30, 178, 165, 66
30, 243, 165, 5
30, 275, 165, 36
30, 284, 165, 72
30, 215, 165, 96
30, 349, 165, 44
30, 381, 165, 88
30, 582, 166, 79
30, 554, 166, 10
30, 111, 166, 65
30, 178, 166, 66
30, 595, 166, 91
30, 243, 166, 5
30, 472, 166, 44
30, 188, 166, 93
30, 18, 167, 2
30, 19, 167, 40
30, 275, 167, 36
30, 402, 167, 99
30, 533, 167, 40
30, 543, 167, 39
30, 427, 167, 48
30, 440, 167, 8
30, 448, 167, 84
30, 71, 167, 50
30, 457, 167, 14
30, 588, 167, 14
30, 592, 167, 11
30, 211, 167, 79
30, 596, 167, 30
30, 212, 167, 9
30, 215, 167, 96
30, 94, 167, 97
30, 101, 167, 66
30, 103, 167, 58
30, 491, 167, 39
30, 107, 167, 37
30, 239, 167, 15
30, 504, 167, 93
30, 511, 167, 7
30, 384, 168, 57
30, 274, 168, 18
30, 21, 168, 93
30, 157, 168, 21
30, 415, 168, 61
30, 41, 168, 63
30, 298, 168, 50
30, 299, 168, 9
30, 59, 168, 28
30, 447, 168, 67
30, 580, 168, 76
30, 582, 168, 79
30, 459, 168, 63
30, 82, 168, 36
30, 348, 168, 6
30, 110, 168, 48
30, 497, 168, 98
30, 116, 168, 85
30, 124, 168, 61
30, 254, 168, 34
30, 4, 169, 99
30, 519, 169, 22
30, 9, 169, 36
30, 272, 169, 14
30, 536, 169, 46
30, 154, 169, 59
30, 288, 169, 79
30, 419, 169, 45
30, 165, 169, 64
30, 41, 169, 63
30, 555, 169, 51
30, 172, 169, 12
30, 171, 169, 28
30, 430, 169, 58
30, 43, 169, 87
30, 583, 169, 60
30, 331, 169, 28
30, 588, 169, 14
30, 207, 169, 70
30, 343, 169, 10
30, 219, 169, 74
30, 120, 169, 50
30, 94, 169, 97
30, 97, 169, 19
30, 248, 169, 27
30, 32, 170, 85
30, 580, 170, 76
30, 233, 170, 66
30, 91, 170, 54
30, 363, 170, 24
30, 495, 170, 52
30, 48, 170, 45
30, 178, 170, 66
30, 339, 170, 52
30, 82, 170, 36
30, 343, 170, 10
30, 344, 170, 13
30, 378, 170, 62
30, 347, 170, 25
30, 540, 170, 57
30, 191, 170, 60
30, 68, 171, 25
30, 122, 171, 10
30, 429, 171, 26
30, 591, 171, 76
30, 402, 171, 99
30, 150, 171, 73
30, 472, 171, 44
30, 90, 171, 31
30, 349, 171, 44
30, 576, 172, 97
30, 545, 172, 100
30, 482, 172, 72
30, 67, 172, 56
30, 32, 172, 85
30, 134, 172, 86
30, 39, 172, 57
30, 232, 172, 19
30, 454, 172, 33
30, 202, 172, 27
30, 139, 172, 99
30, 109, 172, 5
30, 173, 172, 96
30, 16, 172, 50
30, 176, 172, 7
30, 336, 172, 24
30, 217, 172, 82
30, 511, 172, 7
30, 226, 173, 63
30, 36, 173, 56
30, 425, 173, 99
30, 490, 173, 23
30, 174, 173, 93
30, 399, 173, 37
30, 494, 173, 22
30, 466, 173, 57
30, 211, 173, 79
30, 246, 173, 14
30, 215, 173, 96
30, 280, 173, 64
30, 253, 173, 67
30, 443, 173, 38
30, 413, 173, 83
30, 318, 173, 53
30, 287, 173, 87
30, 288, 174, 79
30, 293, 174, 52
30, 574, 174, 93
30, 44, 174, 49
30, 398, 174, 87
30, 431, 174, 47
30, 208, 174, 43
30, 529, 174, 27
30, 436, 174, 96
30, 53, 174, 36
30, 413, 174, 83
30, 536, 174, 46
30, 283, 174, 21
30, 156, 174, 12
30, 152, 174, 41
30, 446, 174, 25
30, 255, 174, 79
30, 96, 175, 27
30, 224, 175, 96
30, 98, 175, 56
30, 388, 175, 72
30, 517, 175, 24
30, 201, 175, 18
30, 426, 175, 98
30, 282, 175, 22
30, 45, 175, 89
30, 378, 175, 62
30, 538, 175, 28
30, 439, 175, 89
30, 90, 175, 31
30, 219, 175, 74
30, 254, 175, 34
30, 128, 176, 27
30, 33, 176, 15
30, 234, 176, 45
30, 586, 176, 69
30, 460, 176, 43
30, 366, 176, 12
30, 178, 176, 66
30, 595, 176, 91
30, 306, 176, 3
30, 343, 176, 10
30, 345, 176, 19
30, 474, 176, 25
30, 571, 176, 12
30, 124, 176, 61
30, 286, 176, 15
30, 577, 177, 32
30, 33, 177, 15
30, 457, 177, 14
30, 173, 177, 96
30, 144, 177, 55
30, 255, 177, 79
30, 224, 178, 96
30, 35, 178, 62
30, 548, 178, 22
30, 261, 178, 65
30, 39, 178, 57
30, 503, 178, 4
30, 443, 178, 38
30, 158, 178, 82
30, 128, 179, 27
30, 529, 179, 27
30, 286, 179, 15
30, 33, 179, 15
30, 34, 179, 4
30, 37, 179, 94
30, 422, 179, 70
30, 40, 179, 6
30, 559, 179, 25
30, 176, 179, 7
30, 56, 179, 12
30, 313, 179, 95
30, 314, 179, 96
30, 192, 179, 45
30, 451, 179, 76
30, 79, 179, 54
30, 225, 179, 77
30, 362, 179, 38
30, 239, 179, 15
30, 246, 179, 14
30, 376, 179, 33
30, 506, 179, 85
30, 509, 179, 87
30, 70, 180, 84
30, 552, 180, 4
30, 430, 180, 58
30, 78, 180, 79
30, 440, 180, 8
30, 390, 181, 43
30, 263, 181, 90
30, 360, 181, 39
30, 105, 181, 34
30, 234, 181, 45
30, 304, 181, 4
30, 240, 181, 76
30, 594, 181, 62
30, 114, 181, 10
30, 400, 181, 3
30, 279, 181, 30
30, 152, 181, 41
30, 569, 181, 51
30, 184, 181, 1
30, 261, 182, 65
30, 20, 182, 94
30, 278, 182, 68
30, 408, 182, 24
30, 284, 182, 72
30, 548, 182, 22
30, 171, 182, 28
30, 562, 182, 97
30, 310, 182, 82
30, 579, 182, 60
30, 76, 182, 10
30, 595, 182, 91
30, 216, 182, 50
30, 476, 182, 11
30, 349, 182, 44
30, 221, 182, 24
30, 104, 182, 93
30, 489, 182, 33
30, 110, 182, 48
30, 509, 182, 87
30, 383, 182, 62
30, 131, 183, 37
30, 274, 183, 18
30, 19, 183, 40
30, 404, 183, 14
30, 160, 183, 7
30, 417, 183, 5
30, 165, 183, 64
30, 39, 183, 57
30, 297, 183, 42
30, 425, 183, 99
30, 172, 183, 12
30, 561, 183, 94
30, 562, 183, 97
30, 53, 183, 36
30, 195, 183, 51
30, 581, 183, 65
30, 462, 183, 2
30, 335, 183, 60
30, 594, 183, 62
30, 495, 183, 52
30, 239, 183, 15
30, 243, 183, 5
30, 250, 183, 53
30, 321, 184, 97
30, 226, 184, 63
30, 323, 184, 86
30, 138, 184, 89
30, 171, 184, 28
30, 459, 184, 63
30, 461, 184, 20
30, 46, 184, 65
30, 499, 184, 49
30, 54, 184, 47
30, 374, 184, 27
30, 440, 184, 8
30, 473, 184, 28
30, 91, 184, 54
30, 188, 184, 93
30, 194, 185, 35
30, 551, 185, 100
30, 266, 185, 97
30, 42, 185, 59
30, 495, 185, 52
30, 180, 185, 29
30, 598, 185, 34
30, 220, 185, 45
30, 4, 186, 99
30, 134, 186, 86
30, 135, 186, 89
30, 391, 186, 36
30, 267, 186, 43
30, 155, 186, 31
30, 416, 186, 43
30, 288, 186, 79
30, 41, 186, 63
30, 557, 186, 49
30, 174, 186, 93
30, 563, 186, 75
30, 52, 186, 6
30, 567, 186, 55
30, 574, 186, 93
30, 324, 186, 28
30, 68, 186, 25
30, 333, 186, 68
30, 337, 186, 79
30, 475, 186, 50
30, 219, 186, 74
30, 230, 186, 67
30, 234, 186, 45
30, 107, 186, 37
30, 493, 186, 7
30, 514, 187, 26
30, 515, 187, 67
30, 263, 187, 90
30, 391, 187, 36
30, 264, 187, 20
30, 521, 187, 86
30, 527, 187, 40
30, 16, 187, 50
30, 273, 187, 63
30, 155, 187, 31
30, 418, 187, 81
30, 297, 187, 42
30, 44, 187, 49
30, 569, 187, 51
30, 579, 187, 60
30, 200, 187, 26
30, 457, 187, 14
30, 82, 187, 36
30, 339, 187, 52
30, 486, 187, 67
30, 488, 187, 51
30, 500, 187, 100
30, 246, 187, 14
30, 125, 187, 44
30, 255, 187, 79
30, 1, 188, 13
30, 290, 188, 18
30, 130, 188, 56
30, 327, 188, 28
30, 154, 188, 59
30, 72, 188, 22
30, 491, 188, 39
30, 268, 188, 99
30, 588, 188, 14
30, 111, 188, 65
30, 240, 188, 76
30, 178, 188, 66
30, 339, 188, 52
30, 565, 188, 15
30, 341, 188, 42
30, 152, 188, 41
30, 250, 188, 53
30, 159, 188, 6
30, 386, 189, 88
30, 516, 189, 37
30, 9, 189, 36
30, 524, 189, 88
30, 402, 189, 99
30, 23, 189, 28
30, 153, 189, 8
30, 158, 189, 82
30, 543, 189, 39
30, 419, 189, 45
30, 40, 189, 6
30, 42, 189, 59
30, 557, 189, 49
30, 182, 189, 44
30, 194, 189, 35
30, 75, 189, 21
30, 77, 189, 9
30, 208, 189, 43
30, 340, 189, 49
30, 85, 189, 1
30, 91, 189, 54
30, 347, 189, 25
30, 229, 189, 13
30, 237, 189, 63
30, 115, 189, 53
30, 5, 190, 64
30, 517, 190, 24
30, 7, 190, 47
30, 134, 190, 86
30, 10, 190, 60
30, 139, 190, 99
30, 533, 190, 40
30, 163, 190, 60
30, 175, 190, 96
30, 306, 190, 3
30, 309, 190, 61
30, 181, 190, 85
30, 444, 190, 8
30, 578, 190, 5
30, 328, 190, 40
30, 201, 190, 18
30, 585, 190, 43
30, 98, 190, 56
30, 226, 190, 63
30, 492, 190, 34
30, 494, 190, 22
30, 253, 190, 67
30, 352, 191, 16
30, 450, 191, 73
30, 420, 191, 9
30, 40, 191, 6
30, 171, 191, 28
30, 589, 191, 51
30, 206, 191, 56
30, 271, 191, 23
30, 590, 191, 5
30, 241, 191, 43
30, 335, 191, 60
30, 146, 191, 6
30, 401, 191, 38
30, 405, 191, 60
30, 374, 191, 27
30, 248, 191, 27
30, 507, 191, 58
30, 510, 191, 66
30, 9, 192, 36
30, 275, 192, 36
30, 276, 192, 66
30, 286, 192, 15
30, 547, 192, 69
30, 299, 192, 9
30, 178, 192, 66
30, 563, 192, 75
30, 562, 192, 97
30, 567, 192, 55
30, 316, 192, 37
30, 572, 192, 22
30, 319, 192, 99
30, 447, 192, 67
30, 453, 192, 89
30, 215, 192, 96
30, 218, 192, 18
30, 359, 192, 42
30, 234, 192, 45
30, 248, 192, 27
30, 586, 193, 69
30, 110, 193, 48
30, 207, 193, 70
30, 443, 193, 38
30, 445, 193, 11
30, 382, 193, 59
30, 193, 194, 65
30, 582, 194, 79
30, 301, 194, 78
30, 46, 194, 65
30, 13, 194, 52
30, 304, 194, 4
30, 401, 194, 38
30, 276, 194, 66
30, 216, 194, 50
30, 381, 194, 88
30, 95, 194, 42
30, 512, 195, 79
30, 417, 195, 5
30, 360, 195, 39
30, 396, 195, 37
30, 398, 195, 87
30, 84, 195, 23
30, 565, 195, 15
30, 180, 195, 29
30, 249, 195, 50
30, 411, 195, 36
30, 547, 196, 69
30, 485, 196, 96
30, 263, 196, 90
30, 74, 196, 89
30, 491, 196, 39
30, 335, 196, 60
30, 144, 196, 55
30, 373, 196, 23
30, 151, 196, 87
30, 95, 196, 42
30, 226, 197, 63
30, 263, 197, 90
30, 520, 197, 54
30, 138, 197, 89
30, 491, 197, 39
30, 588, 197, 14
30, 334, 197, 73
30, 569, 197, 51
30, 242, 197, 35
30, 51, 197, 2
30, 54, 197, 47
30, 89, 197, 1
30, 570, 197, 62
30, 445, 197, 11
30, 57, 197, 74
30, 226, 198, 63
30, 327, 198, 28
30, 104, 198, 93
30, 489, 198, 33
30, 42, 198, 59
30, 401, 198, 38
30, 19, 198, 40
30, 149, 198, 17
30, 246, 198, 14
30, 216, 198, 50
30, 377, 198, 97
30, 26, 198, 78
30, 57, 198, 74
30, 132, 199, 94
30, 5, 199, 64
30, 263, 199, 90
30, 391, 199, 36
30, 522, 199, 43
30, 402, 199, 99
30, 286, 199, 15
30, 33, 199, 15
30, 34, 199, 4
30, 552, 199, 4
30, 303, 199, 93
30, 560, 199, 49
30, 305, 199, 43
30, 568, 199, 31
30, 446, 199, 25
30, 319, 199, 99
30, 332, 199, 2
30, 79, 199, 54
30, 344, 199, 13
30, 349, 199, 44
30, 221, 199, 24
30, 377, 199, 97
30, 113, 199, 26
30, 500, 199, 100
30, 505, 199, 2
30, 257, 200, 19
30, 388, 200, 72
30, 59, 200, 28
30, 364, 200, 24
30, 410, 200, 85
30, 464, 200, 68
30, 54, 200, 47
30, 346, 200, 95
30, 155, 200, 31
30, 220, 200, 45
30, 480, 201, 60
30, 513, 201, 83
30, 166, 201, 57
30, 591, 201, 76
30, 433, 201, 69
30, 447, 201, 67
30, 138, 202, 89
30, 267, 202, 43
30, 12, 202, 55
30, 523, 202, 55
30, 18, 202, 2
30, 155, 202, 31
30, 547, 202, 69
30, 293, 202, 52
30, 38, 202, 65
30, 173, 202, 96
30, 303, 202, 93
30, 68, 202, 25
30, 329, 202, 72
30, 79, 202, 54
30, 468, 202, 6
30, 347, 202, 25
30, 352, 202, 16
30, 226, 202, 63
30, 231, 202, 67
30, 234, 202, 45
30, 509, 202, 87
30, 224, 203, 96
30, 45, 203, 89
30, 272, 203, 14
30, 593, 203, 31
30, 178, 203, 66
30, 402, 203, 99
30, 213, 203, 59
30, 501, 203, 7
30, 249, 203, 50
30, 317, 203, 73
30, 530, 204, 2
30, 278, 204, 68
30, 22, 204, 96
30, 534, 204, 45
30, 283, 204, 21
30, 416, 204, 43
30, 168, 204, 31
30, 428, 204, 27
30, 45, 204, 89
30, 180, 204, 29
30, 61, 204, 52
30, 576, 204, 97
30, 322, 204, 73
30, 457, 204, 14
30, 76, 204, 10
30, 209, 204, 48
30, 594, 204, 62
30, 214, 204, 97
30, 343, 204, 10
30, 348, 204, 6
30, 227, 204, 41
30, 369, 204, 57
30, 374, 204, 27
30, 383, 204, 62
30, 132, 205, 94
30, 16, 205, 50
30, 154, 205, 59
30, 412, 205, 54
30, 34, 205, 4
30, 423, 205, 89
30, 295, 205, 30
30, 39, 205, 57
30, 429, 205, 26
30, 45, 205, 89
30, 307, 205, 93
30, 54, 205, 47
30, 60, 205, 90
30, 64, 205, 23
30, 582, 205, 79
30, 454, 205, 33
30, 470, 205, 31
30, 472, 205, 44
30, 96, 205, 27
30, 225, 205, 77
30, 99, 205, 53
30, 101, 205, 66
30, 485, 205, 96
30, 109, 205, 5
30, 494, 205, 22
30, 578, 206, 5
30, 580, 206, 76
30, 581, 206, 65
30, 454, 206, 33
30, 231, 206, 67
30, 585, 206, 43
30, 9, 206, 36
30, 205, 206, 4
30, 366, 206, 12
30, 462, 206, 2
30, 156, 206, 12
30, 498, 206, 17
30, 596, 206, 30
30, 372, 206, 79
30, 219, 206, 74
30, 188, 206, 93
30, 130, 207, 56
30, 9, 207, 36
30, 400, 207, 3
30, 404, 207, 14
30, 288, 207, 79
30, 301, 207, 78
30, 174, 207, 93
30, 175, 207, 96
30, 304, 207, 4
30, 179, 207, 95
30, 441, 207, 38
30, 186, 207, 65
30, 193, 207, 65
30, 321, 207, 97
30, 324, 207, 28
30, 453, 207, 89
30, 325, 207, 13
30, 71, 207, 50
30, 331, 207, 28
30, 77, 207, 9
30, 83, 207, 47
30, 340, 207, 49
30, 489, 207, 33
30, 503, 207, 4
30, 379, 207, 53
30, 354, 208, 69
30, 503, 208, 4
30, 325, 208, 13
30, 231, 208, 67
30, 523, 208, 55
30, 47, 208, 36
30, 594, 208, 62
30, 148, 208, 92
30, 87, 208, 92
30, 375, 208, 45
30, 536, 208, 46
30, 409, 208, 30
30, 27, 208, 63
30, 541, 208, 9
30, 319, 208, 99
30, 321, 209, 97
30, 131, 209, 37
30, 356, 209, 13
30, 5, 209, 64
30, 326, 209, 27
30, 298, 209, 50
30, 460, 209, 43
30, 205, 209, 4
30, 212, 209, 9
30, 244, 209, 41
30, 87, 209, 92
30, 313, 209, 95
30, 442, 209, 65
30, 285, 209, 80
30, 414, 209, 2
30, 264, 210, 20
30, 12, 210, 55
30, 144, 210, 55
30, 26, 210, 78
30, 165, 210, 64
30, 47, 210, 36
30, 311, 210, 39
30, 568, 210, 31
30, 57, 210, 74
30, 444, 210, 8
30, 188, 210, 93
30, 319, 210, 99
30, 66, 210, 27
30, 75, 210, 21
30, 78, 210, 79
30, 80, 210, 15
30, 217, 210, 82
30, 351, 210, 97
30, 367, 210, 87
30, 511, 210, 7
30, 545, 211, 100
30, 99, 211, 53
30, 132, 211, 94
30, 328, 211, 40
30, 364, 211, 24
30, 589, 211, 51
30, 558, 211, 24
30, 540, 211, 57
30, 285, 211, 80
30, 251, 211, 99
30, 252, 211, 95
30, 189, 211, 5
30, 312, 212, 37
30, 553, 212, 21
30, 568, 212, 31
30, 587, 212, 34
30, 589, 212, 51
30, 592, 212, 11
30, 152, 212, 41
30, 396, 213, 37
30, 530, 213, 2
30, 412, 213, 54
30, 33, 213, 15
30, 548, 213, 22
30, 48, 213, 45
30, 564, 213, 10
30, 58, 213, 71
30, 572, 213, 22
30, 192, 213, 45
30, 327, 213, 28
30, 73, 213, 68
30, 589, 213, 51
30, 470, 213, 31
30, 354, 213, 69
30, 488, 213, 51
30, 499, 213, 49
30, 374, 213, 27
30, 249, 213, 50
30, 126, 213, 40
30, 511, 213, 7
30, 512, 214, 79
30, 132, 214, 94
30, 392, 214, 3
30, 532, 214, 13
30, 534, 214, 45
30, 152, 214, 41
30, 160, 214, 7
30, 294, 214, 28
30, 38, 214, 65
30, 303, 214, 93
30, 433, 214, 69
30, 562, 214, 97
30, 563, 214, 75
30, 439, 214, 89
30, 586, 214, 69
30, 587, 214, 34
30, 330, 214, 59
30, 346, 214, 95
30, 488, 214, 51
30, 106, 214, 54
30, 491, 214, 39
30, 364, 214, 24
30, 127, 214, 64
30, 258, 215, 4
30, 528, 215, 48
30, 145, 215, 41
30, 146, 215, 6
30, 534, 215, 45
30, 28, 215, 29
30, 160, 215, 7
30, 161, 215, 74
30, 33, 215, 15
30, 546, 215, 14
30, 426, 215, 98
30, 561, 215, 94
30, 184, 215, 1
30, 441, 215, 38
30, 56, 215, 12
30, 322, 215, 73
30, 452, 215, 56
30, 469, 215, 35
30, 348, 215, 6
30, 476, 215, 11
30, 225, 215, 77
30, 101, 215, 66
30, 123, 215, 5
30, 509, 215, 87
30, 482, 216, 72
30, 100, 216, 66
30, 495, 216, 52
30, 208, 216, 43
30, 308, 216, 81
30, 472, 216, 44
30, 543, 216, 39
30, 195, 217, 51
30, 356, 217, 13
30, 549, 217, 36
30, 326, 217, 27
30, 364, 217, 24
30, 334, 217, 73
30, 208, 217, 43
30, 276, 217, 66
30, 533, 217, 40
30, 596, 217, 30
30, 407, 217, 77
30, 505, 217, 2
30, 279, 217, 30
30, 490, 218, 23
30, 436, 218, 96
30, 152, 218, 41
30, 538, 218, 28
30, 220, 218, 45
30, 321, 219, 97
30, 291, 219, 13
30, 489, 219, 33
30, 300, 219, 21
30, 493, 219, 7
30, 93, 219, 88
30, 405, 219, 60
30, 500, 219, 100
30, 278, 219, 68
30, 152, 219, 41
30, 380, 219, 45
30, 477, 219, 80
30, 147, 220, 66
30, 22, 220, 96
30, 280, 220, 64
30, 537, 220, 25
30, 410, 220, 85
30, 409, 220, 30
30, 172, 220, 12
30, 51, 220, 2
30, 440, 220, 8
30, 198, 220, 77
30, 73, 220, 68
30, 208, 220, 43
30, 213, 220, 59
30, 487, 220, 61
30, 363, 220, 24
30, 235, 220, 93
30, 494, 220, 22
30, 239, 220, 15
30, 243, 220, 5
30, 502, 220, 82
30, 544, 221, 89
30, 8, 221, 87
30, 172, 221, 12
30, 365, 221, 33
30, 335, 221, 60
30, 272, 221, 14
30, 402, 221, 99
30, 277, 221, 35
30, 349, 221, 44
30, 254, 221, 34
30, 515, 222, 67
30, 323, 222, 86
30, 197, 222, 84
30, 549, 222, 36
30, 163, 222, 60
30, 202, 222, 27
30, 363, 222, 24
30, 141, 222, 88
30, 270, 222, 36
30, 17, 222, 73
30, 564, 222, 10
30, 501, 222, 7
30, 58, 222, 71
30, 508, 222, 1
30, 573, 222, 4
30, 290, 223, 18
30, 515, 223, 67
30, 201, 223, 18
30, 209, 223, 48
30, 30, 223, 65
30, 472, 223, 44
30, 185, 223, 16
30, 380, 223, 45
30, 29, 223, 45
30, 542, 223, 80
30, 129, 224, 59
30, 481, 224, 55
30, 581, 224, 65
30, 6, 224, 25
30, 585, 224, 43
30, 335, 224, 60
30, 432, 224, 45
30, 564, 224, 10
30, 415, 224, 61
30, 518, 225, 42
30, 593, 225, 31
30, 369, 225, 57
30, 533, 225, 40
30, 153, 225, 8
30, 26, 225, 78
30, 513, 226, 83
30, 228, 226, 5
30, 325, 226, 13
30, 198, 226, 77
30, 232, 226, 19
30, 271, 226, 23
30, 342, 226, 94
30, 534, 226, 45
30, 22, 226, 96
30, 573, 226, 4
30, 1, 227, 13
30, 229, 227, 13
30, 71, 227, 50
30, 136, 227, 27
30, 489, 227, 33
30, 137, 227, 15
30, 427, 227, 48
30, 47, 227, 36
30, 592, 227, 11
30, 597, 227, 50
30, 55, 227, 94
30, 440, 227, 8
30, 571, 227, 12
30, 28, 227, 29
30, 221, 227, 24
30, 446, 227, 25
30, 131, 228, 37
30, 165, 228, 64
30, 492, 228, 34
30, 336, 228, 24
30, 340, 228, 49
30, 504, 228, 93
30, 220, 228, 45
30, 544, 229, 89
30, 385, 229, 58
30, 96, 229, 27
30, 37, 229, 94
30, 230, 229, 67
30, 596, 229, 30
30, 54, 229, 47
30, 379, 229, 53
30, 574, 229, 93
30, 481, 230, 55
30, 578, 230, 5
30, 357, 230, 43
30, 265, 230, 16
30, 558, 230, 24
30, 463, 230, 30
30, 466, 230, 57
30, 210, 230, 66
30, 116, 230, 85
30, 117, 230, 31
30, 406, 230, 35
30, 535, 230, 71
30, 283, 230, 21
30, 511, 230, 7
30, 512, 231, 79
30, 9, 231, 36
30, 149, 231, 17
30, 245, 231, 50
30, 58, 231, 71
30, 512, 232, 79
30, 515, 232, 67
30, 231, 232, 67
30, 137, 232, 15
30, 329, 232, 72
30, 10, 232, 60
30, 336, 232, 24
30, 599, 232, 55
30, 347, 232, 25
30, 189, 232, 5
30, 576, 233, 97
30, 225, 233, 77
30, 450, 233, 73
30, 354, 233, 69
30, 458, 233, 72
30, 202, 233, 27
30, 362, 233, 38
30, 173, 233, 96
30, 463, 233, 30
30, 595, 233, 91
30, 179, 233, 95
30, 216, 233, 50
30, 154, 233, 59
30, 476, 233, 11
30, 382, 233, 59
30, 162, 234, 40
30, 547, 234, 69
30, 70, 234, 84
30, 281, 234, 47
30, 423, 234, 89
30, 425, 234, 99
30, 473, 234, 28
30, 528, 234, 48
30, 402, 234, 99
30, 309, 234, 61
30, 316, 234, 37
30, 536, 234, 46
30, 185, 234, 16
30, 251, 234, 99
30, 92, 234, 99
30, 157, 234, 21
30, 141, 235, 88
30, 142, 235, 98
30, 275, 235, 36
30, 23, 235, 28
30, 299, 235, 9
30, 429, 235, 26
30, 51, 235, 2
30, 440, 235, 8
30, 581, 235, 65
30, 72, 235, 22
30, 215, 235, 96
30, 481, 235, 55
30, 98, 235, 56
30, 483, 235, 45
30, 485, 235, 96
30, 101, 235, 66
30, 489, 235, 33
30, 112, 235, 29
30, 503, 235, 4
30, 193, 236, 65
30, 423, 236, 89
30, 200, 236, 26
30, 153, 236, 8
30, 538, 236, 28
30, 5, 237, 64
30, 531, 237, 31
30, 25, 237, 74
30, 282, 237, 22
30, 283, 237, 21
30, 409, 237, 30
30, 414, 237, 2
30, 41, 237, 63
30, 51, 237, 2
30, 571, 237, 12
30, 73, 237, 68
30, 459, 237, 63
30, 333, 237, 68
30, 336, 237, 24
30, 341, 237, 42
30, 474, 237, 25
30, 227, 237, 41
30, 358, 237, 55
30, 117, 237, 31
30, 376, 237, 33
30, 122, 237, 10
30, 66, 238, 27
30, 98, 238, 56
30, 100, 238, 66
30, 68, 238, 25
30, 37, 238, 94
30, 101, 238, 66
30, 137, 238, 15
30, 590, 238, 5
30, 110, 238, 48
30, 464, 238, 68
30, 176, 238, 7
30, 147, 238, 66
30, 23, 238, 28
30, 90, 238, 31
30, 91, 238, 54
30, 380, 238, 45
30, 68, 239, 25
30, 263, 239, 90
30, 264, 239, 20
30, 169, 239, 25
30, 171, 239, 28
30, 268, 239, 99
30, 112, 239, 29
30, 176, 239, 7
30, 29, 239, 45
30, 86, 239, 6
30, 23, 239, 28
30, 89, 239, 1
30, 187, 239, 76
30, 221, 239, 24
30, 257, 240, 19
30, 34, 240, 4
30, 482, 240, 72
30, 453, 240, 89
30, 357, 240, 43
30, 584, 240, 72
30, 396, 240, 37
30, 496, 240, 17
30, 500, 240, 100
30, 350, 240, 32
30, 513, 241, 83
30, 65, 241, 68
30, 67, 241, 56
30, 235, 241, 93
30, 556, 241, 88
30, 45, 241, 89
30, 301, 241, 78
30, 79, 241, 54
30, 240, 241, 76
30, 239, 241, 15
30, 595, 241, 91
30, 86, 241, 6
30, 246, 241, 14
30, 569, 241, 51
30, 445, 241, 11
30, 191, 241, 60
30, 192, 242, 45
30, 577, 242, 32
30, 194, 242, 35
30, 483, 242, 45
30, 132, 242, 94
30, 6, 242, 25
30, 359, 242, 42
30, 396, 242, 37
30, 205, 242, 4
30, 365, 242, 33
30, 367, 242, 87
30, 111, 242, 65
30, 275, 242, 36
30, 371, 242, 69
30, 148, 242, 92
30, 412, 242, 54
30, 509, 242, 87
30, 161, 243, 74
30, 226, 243, 63
30, 355, 243, 18
30, 99, 243, 53
30, 297, 243, 42
30, 301, 243, 78
30, 493, 243, 7
30, 239, 243, 15
30, 80, 243, 15
30, 208, 243, 43
30, 21, 243, 93
30, 342, 243, 94
30, 567, 243, 55
30, 24, 243, 24
30, 123, 243, 5
30, 152, 243, 41
30, 383, 243, 62
30, 357, 244, 43
30, 166, 244, 57
30, 231, 244, 67
30, 69, 244, 46
30, 233, 244, 66
30, 587, 244, 34
30, 45, 244, 89
30, 237, 244, 63
30, 80, 244, 15
30, 81, 244, 58
30, 215, 244, 96
30, 89, 244, 1
30, 443, 244, 38
30, 318, 244, 53
30, 130, 245, 56
30, 70, 245, 84
30, 313, 245, 95
30, 39, 245, 57
30, 234, 245, 45
30, 366, 245, 12
30, 495, 245, 52
30, 368, 245, 71
30, 273, 245, 63
30, 498, 245, 17
30, 246, 245, 14
30, 503, 245, 4
30, 217, 245, 82
30, 124, 245, 61
30, 259, 246, 41
30, 263, 246, 90
30, 272, 246, 14
30, 146, 246, 6
30, 274, 246, 18
30, 276, 246, 66
30, 38, 246, 65
30, 437, 246, 23
30, 196, 246, 50
30, 329, 246, 72
30, 216, 246, 50
30, 345, 246, 19
30, 94, 246, 97
30, 222, 246, 81
30, 96, 246, 27
30, 98, 246, 56
30, 231, 246, 67
30, 236, 246, 34
30, 505, 246, 2
30, 244, 246, 41
30, 377, 246, 97
30, 378, 246, 62
30, 509, 246, 87
30, 129, 247, 59
30, 263, 247, 90
30, 7, 247, 47
30, 523, 247, 55
30, 26, 247, 78
30, 542, 247, 80
30, 31, 247, 45
30, 549, 247, 36
30, 423, 247, 89
30, 300, 247, 21
30, 302, 247, 7
30, 442, 247, 65
30, 324, 247, 28
30, 333, 247, 68
30, 79, 247, 54
30, 80, 247, 15
30, 211, 247, 79
30, 342, 247, 94
30, 216, 247, 50
30, 89, 247, 1
30, 218, 247, 18
30, 349, 247, 44
30, 481, 247, 55
30, 232, 247, 19
30, 114, 247, 10
30, 68, 248, 25
30, 229, 248, 13
30, 299, 248, 9
30, 46, 248, 65
30, 175, 248, 96
30, 145, 248, 41
30, 53, 248, 36
30, 118, 248, 73
30, 279, 248, 30
30, 248, 248, 27
30, 121, 248, 88
30, 255, 248, 79
30, 2, 249, 65
30, 264, 249, 20
30, 585, 249, 43
30, 522, 249, 43
30, 493, 249, 7
30, 113, 249, 26
30, 210, 249, 66
30, 507, 249, 58
30, 285, 249, 80
30, 350, 249, 32
30, 224, 250, 96
30, 513, 250, 83
30, 197, 250, 84
30, 415, 250, 61
30, 233, 250, 66
30, 45, 250, 89
30, 79, 250, 54
30, 530, 250, 2
30, 211, 250, 79
30, 210, 250, 66
30, 21, 250, 93
30, 567, 250, 55
30, 348, 250, 6
30, 63, 250, 98
30, 32, 251, 85
30, 420, 251, 9
30, 205, 251, 4
30, 46, 251, 65
30, 343, 251, 10
30, 99, 252, 53
30, 101, 252, 66
30, 485, 252, 96
30, 169, 252, 25
30, 17, 252, 73
30, 402, 252, 99
30, 121, 252, 88
30, 475, 252, 50
30, 0, 253, 16
30, 259, 253, 41
30, 260, 253, 90
30, 390, 253, 43
30, 266, 253, 97
30, 148, 253, 92
30, 406, 253, 35
30, 293, 253, 52
30, 426, 253, 98
30, 175, 253, 96
30, 51, 253, 2
30, 59, 253, 28
30, 575, 253, 59
30, 322, 253, 73
30, 329, 253, 72
30, 591, 253, 76
30, 340, 253, 49
30, 220, 253, 45
30, 229, 253, 13
30, 103, 253, 58
30, 249, 253, 50
30, 252, 253, 95
30, 254, 253, 34
30, 192, 254, 45
30, 160, 254, 7
30, 323, 254, 86
30, 9, 254, 36
30, 174, 254, 93
30, 431, 254, 47
30, 433, 254, 69
30, 50, 254, 88
30, 148, 254, 92
30, 347, 254, 25
30, 543, 254, 39
30, 544, 255, 89
30, 354, 255, 69
30, 262, 255, 50
30, 107, 255, 37
30, 141, 255, 88
30, 398, 255, 87
30, 45, 255, 89
30, 336, 255, 24
30, 593, 255, 31
30, 381, 255, 88
30, 409, 255, 30
30, 93, 255, 88
30, 158, 255, 82
30, 578, 256, 5
30, 580, 256, 76
30, 46, 256, 65
30, 593, 256, 31
30, 403, 256, 46
30, 244, 256, 41
30, 158, 256, 82
30, 383, 257, 62
30, 522, 257, 43
30, 239, 257, 15
30, 21, 257, 93
30, 310, 257, 82
30, 88, 257, 88
30, 415, 257, 61
30, 194, 258, 35
30, 130, 258, 56
30, 134, 258, 86
30, 393, 258, 30
30, 556, 258, 88
30, 45, 258, 89
30, 46, 258, 65
30, 141, 258, 88
30, 239, 258, 15
30, 108, 258, 19
30, 339, 258, 52
30, 532, 258, 13
30, 213, 258, 59
30, 276, 258, 66
30, 215, 258, 96
30, 279, 258, 30
30, 285, 258, 80
30, 307, 259, 93
30, 220, 259, 45
30, 245, 259, 50
30, 252, 259, 95
30, 93, 259, 88
30, 254, 259, 34
30, 511, 259, 7
30, 288, 260, 79
30, 321, 260, 97
30, 512, 260, 79
30, 355, 260, 18
30, 70, 260, 84
30, 295, 260, 30
30, 40, 260, 6
30, 75, 260, 21
30, 363, 260, 24
30, 110, 260, 48
30, 239, 260, 15
30, 562, 260, 97
30, 252, 260, 95
30, 470, 260, 31
30, 313, 260, 95
30, 92, 260, 99
30, 63, 260, 98
30, 513, 261, 83
30, 258, 261, 4
30, 5, 261, 64
30, 261, 261, 65
30, 264, 261, 20
30, 106, 261, 54
30, 268, 261, 99
30, 332, 261, 2
30, 241, 261, 43
30, 530, 261, 2
30, 337, 261, 79
30, 22, 261, 96
30, 438, 261, 70
30, 376, 261, 33
30, 505, 261, 2
30, 250, 261, 53
30, 348, 261, 6
30, 544, 262, 89
30, 38, 262, 65
30, 41, 262, 63
30, 42, 262, 59
30, 364, 262, 24
30, 334, 262, 73
30, 431, 262, 47
30, 561, 262, 94
30, 274, 262, 18
30, 562, 262, 97
30, 372, 262, 79
30, 343, 262, 10
30, 346, 262, 95
30, 219, 262, 74
30, 540, 262, 57
30, 383, 262, 62
30, 386, 263, 88
30, 263, 263, 90
30, 521, 263, 86
30, 394, 263, 95
30, 12, 263, 55
30, 17, 263, 73
30, 19, 263, 40
30, 534, 263, 45
30, 24, 263, 24
30, 156, 263, 12
30, 419, 263, 45
30, 297, 263, 42
30, 180, 263, 29
30, 442, 263, 65
30, 188, 263, 93
30, 205, 263, 4
30, 92, 263, 99
30, 353, 263, 99
30, 248, 263, 27
30, 377, 263, 97
30, 253, 263, 67
30, 450, 264, 73
30, 548, 264, 22
30, 71, 264, 50
30, 552, 264, 4
30, 267, 264, 43
30, 555, 264, 51
30, 110, 264, 48
30, 494, 264, 22
30, 89, 264, 1
30, 96, 265, 27
30, 128, 265, 27
30, 515, 265, 67
30, 388, 265, 72
30, 580, 265, 76
30, 365, 265, 33
30, 560, 265, 49
30, 592, 265, 11
30, 243, 265, 5
30, 149, 265, 17
30, 183, 265, 20
30, 151, 265, 87
30, 410, 265, 85
30, 252, 265, 95
30, 512, 266, 79
30, 483, 266, 45
30, 230, 266, 67
30, 299, 266, 9
30, 171, 266, 28
30, 411, 266, 36
30, 224, 267, 96
30, 11, 267, 84
30, 108, 267, 19
30, 174, 267, 93
30, 242, 267, 35
30, 409, 267, 30
30, 410, 267, 85
30, 188, 267, 93
30, 0, 268, 16
30, 20, 268, 94
30, 281, 268, 47
30, 29, 268, 45
30, 440, 268, 8
30, 568, 268, 31
30, 314, 268, 96
30, 326, 268, 27
30, 330, 268, 59
30, 80, 268, 15
30, 465, 268, 38
30, 340, 268, 49
30, 88, 268, 88
30, 352, 268, 16
30, 226, 268, 63
30, 357, 268, 43
30, 492, 268, 34
30, 377, 268, 97
30, 125, 268, 44
30, 355, 269, 18
30, 165, 269, 64
30, 456, 269, 72
30, 393, 269, 30
30, 587, 269, 34
30, 395, 269, 11
30, 494, 269, 22
30, 84, 269, 23
30, 405, 269, 60
30, 534, 269, 45
30, 150, 269, 73
30, 413, 269, 83
30, 192, 270, 45
30, 225, 270, 77
30, 160, 270, 7
30, 580, 270, 76
30, 359, 270, 42
30, 393, 270, 30
30, 586, 270, 69
30, 203, 270, 79
30, 45, 270, 89
30, 209, 270, 48
30, 498, 270, 17
30, 86, 270, 6
30, 599, 270, 55
30, 183, 270, 20
30, 283, 270, 21
30, 279, 270, 30
30, 420, 271, 9
30, 7, 271, 47
30, 584, 271, 72
30, 137, 271, 15
30, 210, 271, 66
30, 372, 271, 79
30, 276, 271, 66
30, 599, 271, 55
30, 250, 271, 53
30, 311, 271, 39
30, 550, 272, 39
30, 267, 272, 43
30, 496, 272, 17
30, 433, 272, 69
30, 83, 272, 47
30, 93, 272, 88
30, 516, 273, 37
30, 111, 273, 65
30, 82, 273, 36
30, 498, 273, 17
30, 23, 273, 28
30, 276, 273, 66
30, 343, 273, 10
30, 317, 273, 73
30, 446, 273, 25
30, 280, 274, 64
30, 545, 274, 100
30, 547, 274, 69
30, 554, 274, 10
30, 432, 274, 45
30, 592, 274, 11
30, 596, 274, 30
30, 181, 274, 85
30, 374, 274, 27
30, 568, 274, 31
30, 190, 274, 84
30, 160, 275, 7
30, 382, 275, 59
30, 579, 275, 60
30, 270, 275, 36
30, 303, 275, 93
30, 145, 275, 41
30, 209, 275, 48
30, 307, 275, 93
30, 282, 275, 22
30, 475, 275, 50
30, 62, 275, 35
30, 389, 276, 10
30, 392, 276, 3
30, 269, 276, 3
30, 534, 276, 45
30, 407, 276, 77
30, 283, 276, 21
30, 27, 276, 63
30, 164, 276, 79
30, 43, 276, 87
30, 53, 276, 36
30, 185, 276, 16
30, 314, 276, 96
30, 194, 276, 35
30, 331, 276, 28
30, 334, 276, 73
30, 590, 276, 5
30, 341, 276, 42
30, 352, 276, 16
30, 239, 276, 15
30, 504, 276, 93
30, 121, 276, 88
30, 378, 276, 62
30, 96, 277, 27
30, 387, 277, 9
30, 133, 277, 9
30, 424, 277, 46
30, 297, 277, 42
30, 74, 277, 89
30, 425, 277, 99
30, 44, 277, 49
30, 109, 277, 5
30, 46, 277, 65
30, 494, 277, 22
30, 178, 277, 66
30, 469, 277, 35
30, 184, 277, 1
30, 411, 277, 36
30, 476, 277, 11
30, 5, 278, 64
30, 267, 278, 43
30, 411, 278, 36
30, 545, 278, 100
30, 291, 278, 13
30, 421, 278, 72
30, 299, 278, 9
30, 44, 278, 49
30, 180, 278, 29
30, 188, 278, 93
30, 317, 278, 73
30, 445, 278, 11
30, 590, 278, 5
30, 470, 278, 31
30, 231, 278, 67
30, 106, 278, 54
30, 118, 278, 73
30, 250, 278, 53
30, 251, 278, 99
30, 253, 278, 67
30, 318, 279, 53
30, 153, 279, 8
30, 292, 279, 81
30, 7, 279, 47
30, 521, 279, 86
30, 236, 279, 34
30, 270, 279, 36
30, 249, 279, 50
30, 222, 279, 81
30, 515, 280, 67
30, 421, 280, 72
30, 550, 280, 39
30, 294, 280, 28
30, 585, 280, 43
30, 298, 280, 50
30, 531, 280, 31
30, 22, 280, 96
30, 439, 280, 89
30, 440, 280, 8
30, 280, 281, 64
30, 263, 281, 90
30, 107, 281, 37
30, 235, 281, 93
30, 395, 281, 11
30, 398, 281, 87
30, 559, 281, 25
30, 80, 281, 15
30, 433, 281, 69
30, 176, 281, 7
30, 85, 281, 1
30, 88, 281, 88
30, 125, 281, 44
30, 351, 281, 97
30, 515, 282, 67
30, 424, 282, 46
30, 397, 282, 75
30, 366, 282, 12
30, 527, 282, 40
30, 206, 282, 56
30, 82, 282, 36
30, 243, 282, 5
30, 342, 282, 94
30, 122, 282, 10
30, 379, 282, 53
30, 382, 282, 59
30, 193, 283, 65
30, 226, 283, 63
30, 70, 283, 84
30, 362, 283, 38
30, 331, 283, 28
30, 205, 283, 4
30, 378, 283, 62
30, 306, 283, 3
30, 563, 283, 75
30, 471, 283, 96
30, 185, 283, 16
30, 186, 283, 65
30, 444, 283, 8
30, 318, 283, 53
30, 99, 284, 53
30, 292, 284, 81
30, 3, 284, 87
30, 134, 284, 86
30, 323, 284, 86
30, 521, 284, 86
30, 461, 284, 20
30, 206, 284, 56
30, 431, 284, 47
30, 464, 284, 68
30, 467, 284, 29
30, 532, 284, 13
30, 117, 284, 31
30, 568, 284, 31
30, 347, 284, 25
30, 220, 284, 45
30, 381, 284, 88
30, 415, 284, 61
30, 446, 285, 25
30, 582, 285, 79
30, 41, 285, 63
30, 557, 285, 49
30, 146, 285, 6
30, 29, 285, 45
30, 349, 285, 44
30, 382, 285, 59
30, 550, 286, 39
30, 71, 286, 50
30, 296, 286, 94
30, 305, 286, 43
30, 535, 286, 71
30, 254, 286, 34
30, 223, 286, 20
30, 32, 287, 85
30, 289, 287, 23
30, 195, 287, 51
30, 197, 287, 84
30, 360, 287, 39
30, 554, 287, 10
30, 589, 287, 51
30, 592, 287, 11
30, 497, 287, 98
30, 83, 287, 47
30, 212, 287, 9
30, 597, 287, 50
30, 499, 287, 49
30, 148, 287, 92
30, 436, 287, 96
30, 372, 287, 79
30, 219, 287, 74
30, 127, 287, 64
30, 67, 288, 56
30, 293, 288, 52
30, 326, 288, 27
30, 265, 288, 16
30, 250, 288, 53
30, 76, 288, 10
30, 590, 288, 5
30, 208, 288, 43
30, 437, 288, 23
30, 503, 288, 4
30, 58, 288, 71
30, 128, 289, 27
30, 33, 289, 15
30, 32, 289, 85
30, 132, 289, 94
30, 5, 289, 64
30, 230, 289, 67
30, 6, 289, 25
30, 59, 289, 28
30, 329, 289, 72
30, 13, 289, 52
30, 19, 289, 40
30, 21, 289, 93
30, 22, 289, 96
30, 537, 289, 25
30, 283, 289, 21
30, 478, 289, 29
30, 517, 290, 24
30, 134, 290, 86
30, 7, 290, 47
30, 11, 290, 84
30, 143, 290, 47
30, 152, 290, 41
30, 30, 290, 65
30, 542, 290, 80
30, 552, 290, 4
30, 425, 290, 99
30, 177, 290, 18
30, 51, 290, 2
30, 565, 290, 15
30, 187, 290, 76
30, 191, 290, 60
30, 450, 290, 73
30, 465, 290, 38
30, 82, 290, 36
30, 83, 290, 47
30, 220, 290, 45
30, 234, 290, 45
30, 363, 290, 24
30, 111, 290, 65
30, 368, 290, 71
30, 126, 290, 40
30, 193, 291, 65
30, 38, 291, 65
30, 588, 291, 14
30, 247, 291, 85
30, 345, 291, 19
30, 225, 292, 77
30, 385, 292, 58
30, 453, 292, 89
30, 40, 292, 6
30, 395, 292, 11
30, 46, 292, 65
30, 475, 292, 50
30, 124, 292, 61
30, 192, 293, 45
30, 5, 293, 64
30, 369, 293, 57
30, 154, 293, 59
30, 93, 293, 88
30, 193, 294, 65
30, 226, 294, 63
30, 422, 294, 70
30, 440, 294, 8
30, 233, 294, 66
30, 170, 294, 46
30, 333, 294, 68
30, 591, 294, 76
30, 19, 294, 40
30, 372, 294, 79
30, 152, 294, 41
30, 409, 294, 30
30, 220, 294, 45
30, 258, 295, 4
30, 297, 295, 42
30, 138, 295, 89
30, 267, 295, 43
30, 586, 295, 69
30, 398, 295, 87
30, 498, 295, 17
30, 531, 295, 31
30, 274, 295, 18
30, 275, 295, 36
30, 50, 295, 88
30, 118, 295, 73
30, 410, 295, 85
30, 91, 295, 54
30, 317, 295, 73
30, 385, 296, 58
30, 420, 296, 9
30, 133, 296, 9
30, 294, 296, 28
30, 71, 296, 50
30, 552, 296, 4
30, 265, 296, 16
30, 396, 296, 37
30, 493, 296, 7
30, 82, 296, 36
30, 277, 296, 35
30, 502, 296, 82
30, 408, 296, 24
30, 219, 296, 74
30, 61, 296, 52
30, 62, 296, 35
30, 63, 296, 98
30, 32, 297, 85
30, 577, 297, 32
30, 318, 297, 53
30, 163, 297, 60
30, 518, 297, 42
30, 519, 297, 22
30, 169, 297, 25
30, 458, 297, 72
30, 139, 297, 99
30, 9, 297, 36
30, 270, 297, 36
30, 530, 297, 2
30, 467, 297, 29
30, 498, 297, 17
30, 185, 297, 16
30, 347, 297, 25
30, 413, 297, 83
30, 158, 297, 82
30, 589, 298, 51
30, 591, 298, 76
30, 93, 298, 88
30, 157, 298, 21
30, 507, 298, 58
30, 317, 298, 73
30, 1, 299, 13
30, 137, 299, 15
30, 10, 299, 60
30, 139, 299, 99
30, 523, 299, 55
30, 19, 299, 40
30, 536, 299, 46
30, 288, 299, 79
30, 45, 299, 89
30, 557, 299, 49
30, 561, 299, 94
30, 435, 299, 66
30, 570, 299, 62
30, 62, 299, 35
30, 448, 299, 84
30, 75, 299, 21
30, 204, 299, 100
30, 80, 299, 15
30, 598, 299, 34
30, 354, 299, 69
30, 366, 299, 12
30, 254, 299, 34
30, 255, 299, 79
