300, 600, 30
21, 519, 0, 59
21, 13, 0, 37
21, 404, 0, 68
21, 277, 0, 100
21, 536, 0, 39
21, 414, 0, 22
21, 32, 0, 90
21, 545, 0, 38
21, 40, 0, 69
21, 172, 0, 99
21, 429, 0, 99
21, 176, 0, 84
21, 566, 0, 95
21, 64, 0, 46
21, 450, 0, 38
21, 327, 0, 23
21, 75, 0, 46
21, 348, 0, 95
21, 240, 0, 82
21, 498, 0, 69
21, 114, 0, 59
21, 116, 0, 71
21, 374, 0, 87
21, 375, 0, 98
21, 384, 1, 68
21, 388, 1, 41
21, 518, 1, 44
21, 407, 1, 64
21, 156, 1, 44
21, 420, 1, 96
21, 170, 1, 85
21, 299, 1, 78
21, 308, 1, 34
21, 182, 1, 66
21, 439, 1, 87
21, 183, 1, 27
21, 186, 1, 74
21, 319, 1, 28
21, 196, 1, 45
21, 340, 1, 33
21, 214, 1, 53
21, 346, 1, 31
21, 357, 1, 1
21, 231, 1, 57
21, 365, 1, 45
21, 380, 1, 98
21, 387, 2, 16
21, 263, 2, 81
21, 393, 2, 91
21, 144, 2, 24
21, 273, 2, 67
21, 411, 2, 56
21, 415, 2, 20
21, 423, 2, 38
21, 173, 2, 7
21, 432, 2, 67
21, 177, 2, 65
21, 51, 2, 21
21, 439, 2, 87
21, 442, 2, 6
21, 456, 2, 16
21, 588, 2, 58
21, 78, 2, 60
21, 334, 2, 77
21, 464, 2, 98
21, 465, 2, 69
21, 590, 2, 1
21, 479, 2, 100
21, 234, 2, 11
21, 242, 2, 26
21, 513, 3, 99
21, 527, 3, 66
21, 534, 3, 72
21, 280, 3, 4
21, 29, 3, 32
21, 33, 3, 60
21, 555, 3, 34
21, 172, 3, 99
21, 171, 3, 83
21, 177, 3, 65
21, 178, 3, 68
21, 436, 3, 77
21, 568, 3, 88
21, 184, 3, 12
21, 189, 3, 100
21, 203, 3, 90
21, 207, 3, 90
21, 212, 3, 58
21, 350, 3, 74
21, 352, 3, 4
21, 97, 3, 81
21, 227, 3, 12
21, 233, 3, 48
21, 116, 3, 71
21, 254, 3, 51
21, 392, 4, 50
21, 524, 4, 42
21, 399, 4, 30
21, 528, 4, 80
21, 150, 4, 3
21, 285, 4, 80
21, 300, 4, 77
21, 301, 4, 82
21, 433, 4, 17
21, 565, 4, 52
21, 571, 4, 82
21, 454, 4, 88
21, 199, 4, 41
21, 331, 4, 16
21, 590, 4, 1
21, 342, 4, 96
21, 472, 4, 78
21, 352, 4, 4
21, 495, 4, 57
21, 367, 4, 17
21, 376, 4, 72
21, 320, 5, 16
21, 449, 5, 96
21, 97, 5, 81
21, 101, 5, 91
21, 76, 5, 47
21, 398, 5, 58
21, 18, 5, 58
21, 468, 5, 1
21, 88, 5, 8
21, 293, 6, 2
21, 102, 6, 78
21, 71, 6, 91
21, 235, 6, 15
21, 459, 6, 67
21, 429, 6, 99
21, 401, 6, 56
21, 243, 6, 94
21, 181, 6, 72
21, 569, 6, 23
21, 61, 6, 25
21, 261, 7, 67
21, 22, 7, 31
21, 409, 7, 19
21, 153, 7, 27
21, 544, 7, 92
21, 301, 7, 82
21, 559, 7, 39
21, 435, 7, 77
21, 565, 7, 52
21, 311, 7, 32
21, 313, 7, 8
21, 577, 7, 63
21, 70, 7, 83
21, 205, 7, 76
21, 593, 7, 30
21, 215, 7, 29
21, 473, 7, 65
21, 221, 7, 40
21, 482, 7, 57
21, 360, 7, 73
21, 238, 7, 35
21, 113, 7, 1
21, 244, 7, 82
21, 249, 7, 36
21, 384, 8, 68
21, 4, 8, 18
21, 517, 8, 47
21, 262, 8, 8
21, 276, 8, 11
21, 153, 8, 27
21, 288, 8, 33
21, 290, 8, 43
21, 425, 8, 81
21, 432, 8, 67
21, 434, 8, 47
21, 179, 8, 31
21, 308, 8, 34
21, 571, 8, 82
21, 321, 8, 41
21, 197, 8, 60
21, 584, 8, 20
21, 335, 8, 94
21, 85, 8, 27
21, 96, 8, 20
21, 360, 8, 73
21, 116, 8, 71
21, 247, 8, 76
21, 376, 8, 72
21, 510, 8, 68
21, 172, 9, 99
21, 530, 9, 38
21, 563, 9, 33
21, 119, 9, 29
21, 125, 9, 58
21, 581, 10, 1
21, 203, 10, 90
21, 460, 10, 41
21, 14, 10, 87
21, 463, 10, 66
21, 80, 10, 74
21, 369, 10, 90
21, 306, 10, 49
21, 79, 10, 56
21, 275, 10, 68
21, 51, 10, 21
21, 536, 10, 39
21, 123, 10, 97
21, 60, 10, 99
21, 184, 10, 12
21, 97, 11, 81
21, 290, 11, 43
21, 204, 11, 25
21, 76, 11, 47
21, 525, 11, 55
21, 466, 11, 72
21, 341, 11, 13
21, 182, 11, 66
21, 24, 11, 20
21, 441, 11, 42
21, 195, 12, 89
21, 485, 12, 76
21, 390, 12, 48
21, 360, 12, 73
21, 13, 12, 37
21, 14, 12, 87
21, 175, 12, 70
21, 112, 12, 63
21, 176, 12, 84
21, 83, 12, 54
21, 52, 12, 76
21, 311, 12, 32
21, 26, 12, 42
21, 251, 12, 36
21, 94, 12, 54
21, 351, 12, 98
21, 513, 13, 99
21, 520, 13, 68
21, 396, 13, 94
21, 18, 13, 58
21, 408, 13, 4
21, 416, 13, 100
21, 38, 13, 53
21, 46, 13, 99
21, 432, 13, 67
21, 54, 13, 4
21, 439, 13, 87
21, 55, 13, 38
21, 183, 13, 27
21, 189, 13, 100
21, 81, 13, 59
21, 466, 13, 72
21, 481, 13, 57
21, 233, 13, 48
21, 241, 13, 26
21, 380, 13, 98
21, 130, 14, 29
21, 136, 14, 64
21, 392, 14, 50
21, 524, 14, 42
21, 142, 14, 55
21, 401, 14, 56
21, 410, 14, 13
21, 159, 14, 95
21, 170, 14, 85
21, 191, 14, 82
21, 449, 14, 96
21, 67, 14, 51
21, 458, 14, 8
21, 76, 14, 47
21, 205, 14, 76
21, 347, 14, 56
21, 226, 14, 85
21, 491, 14, 89
21, 245, 14, 35
21, 251, 14, 36
21, 125, 14, 58
21, 510, 14, 68
21, 386, 15, 12
21, 387, 15, 16
21, 8, 15, 63
21, 137, 15, 52
21, 529, 15, 84
21, 274, 15, 94
21, 284, 15, 63
21, 159, 15, 95
21, 37, 15, 100
21, 568, 15, 88
21, 313, 15, 8
21, 577, 15, 63
21, 195, 15, 89
21, 69, 15, 37
21, 471, 15, 28
21, 474, 15, 10
21, 219, 15, 82
21, 94, 15, 54
21, 353, 15, 42
21, 101, 15, 91
21, 485, 15, 76
21, 362, 15, 9
21, 491, 15, 89
21, 509, 15, 78
21, 134, 16, 34
21, 392, 16, 50
21, 394, 16, 2
21, 17, 16, 53
21, 531, 16, 46
21, 23, 16, 42
21, 154, 16, 2
21, 287, 16, 19
21, 551, 16, 99
21, 46, 16, 99
21, 434, 16, 47
21, 52, 16, 76
21, 191, 16, 82
21, 576, 16, 74
21, 67, 16, 51
21, 209, 16, 68
21, 212, 16, 58
21, 214, 16, 53
21, 218, 16, 97
21, 229, 16, 58
21, 231, 16, 57
21, 489, 16, 70
21, 369, 16, 90
21, 576, 17, 74
21, 34, 17, 19
21, 389, 17, 97
21, 550, 17, 20
21, 103, 17, 57
21, 137, 17, 52
21, 395, 17, 54
21, 556, 17, 96
21, 78, 17, 60
21, 273, 17, 67
21, 85, 17, 27
21, 277, 17, 100
21, 572, 17, 22
21, 127, 17, 48
21, 387, 18, 16
21, 15, 18, 24
21, 281, 18, 31
21, 538, 18, 64
21, 157, 18, 98
21, 36, 18, 86
21, 178, 18, 68
21, 565, 18, 52
21, 571, 18, 82
21, 68, 18, 36
21, 202, 18, 91
21, 330, 18, 73
21, 590, 18, 1
21, 469, 18, 73
21, 217, 18, 57
21, 228, 18, 49
21, 233, 18, 48
21, 250, 18, 90
21, 235, 18, 15
21, 365, 18, 45
21, 117, 18, 48
21, 249, 18, 36
21, 506, 18, 80
21, 256, 19, 14
21, 198, 19, 60
21, 454, 19, 88
21, 172, 19, 99
21, 403, 19, 39
21, 309, 19, 7
21, 214, 19, 53
21, 60, 19, 99
21, 259, 20, 43
21, 266, 20, 77
21, 395, 20, 54
21, 526, 20, 51
21, 413, 20, 85
21, 30, 20, 36
21, 292, 20, 93
21, 49, 20, 7
21, 440, 20, 16
21, 186, 20, 74
21, 333, 20, 22
21, 592, 20, 77
21, 82, 20, 40
21, 349, 20, 22
21, 351, 20, 98
21, 480, 20, 63
21, 226, 20, 85
21, 227, 20, 12
21, 487, 20, 79
21, 363, 20, 48
21, 116, 20, 71
21, 502, 20, 84
21, 124, 20, 76
21, 448, 21, 49
21, 294, 21, 28
21, 295, 21, 70
21, 351, 21, 98
21, 554, 21, 48
21, 172, 21, 99
21, 208, 21, 100
21, 563, 21, 33
21, 116, 21, 71
21, 348, 21, 95
21, 350, 21, 74
21, 383, 21, 24
21, 225, 22, 55
21, 321, 22, 41
21, 421, 22, 65
21, 208, 22, 100
21, 336, 22, 45
21, 371, 22, 59
21, 372, 22, 14
21, 147, 22, 91
21, 88, 22, 8
21, 381, 22, 58
21, 413, 22, 85
21, 516, 23, 72
21, 581, 23, 1
21, 109, 23, 52
21, 463, 23, 66
21, 560, 23, 82
21, 499, 23, 94
21, 411, 23, 56
21, 341, 23, 13
21, 53, 23, 37
21, 410, 23, 13
21, 251, 23, 36
21, 573, 23, 89
21, 159, 23, 95
21, 483, 24, 7
21, 67, 24, 51
21, 549, 24, 13
21, 390, 24, 48
21, 230, 24, 56
21, 424, 24, 88
21, 393, 24, 91
21, 427, 24, 73
21, 364, 24, 23
21, 79, 24, 56
21, 15, 24, 24
21, 156, 24, 44
21, 19, 24, 25
21, 502, 24, 84
21, 572, 24, 22
21, 123, 24, 97
21, 124, 24, 76
21, 542, 24, 99
21, 257, 25, 44
21, 1, 25, 59
21, 522, 25, 54
21, 274, 25, 94
21, 277, 25, 100
21, 291, 25, 36
21, 167, 25, 100
21, 296, 25, 91
21, 51, 25, 21
21, 307, 25, 63
21, 438, 25, 45
21, 55, 25, 38
21, 442, 25, 6
21, 443, 25, 89
21, 209, 25, 68
21, 212, 25, 58
21, 341, 25, 13
21, 344, 25, 71
21, 474, 25, 10
21, 224, 25, 13
21, 486, 25, 49
21, 108, 25, 75
21, 38, 26, 53
21, 490, 26, 35
21, 58, 26, 11
21, 123, 26, 97
21, 540, 26, 40
21, 96, 27, 20
21, 1, 27, 59
21, 97, 27, 81
21, 546, 27, 95
21, 421, 27, 65
21, 262, 27, 8
21, 583, 27, 14
21, 266, 27, 77
21, 463, 27, 66
21, 51, 27, 21
21, 149, 27, 22
21, 215, 27, 29
21, 101, 28, 91
21, 392, 28, 50
21, 494, 28, 32
21, 112, 28, 63
21, 337, 28, 64
21, 273, 28, 67
21, 222, 28, 97
21, 179, 28, 31
21, 341, 28, 13
21, 59, 28, 68
21, 349, 28, 22
21, 350, 28, 74
21, 519, 29, 59
21, 391, 29, 40
21, 11, 29, 18
21, 403, 29, 39
21, 404, 29, 68
21, 280, 29, 4
21, 163, 29, 28
21, 420, 29, 96
21, 177, 29, 65
21, 57, 29, 67
21, 574, 29, 62
21, 320, 29, 16
21, 198, 29, 60
21, 475, 29, 54
21, 484, 29, 15
21, 105, 29, 1
21, 361, 29, 87
21, 107, 29, 89
21, 364, 29, 23
21, 67, 30, 51
21, 3, 30, 97
21, 498, 30, 69
21, 187, 30, 12
21, 508, 30, 99
21, 97, 31, 81
21, 450, 31, 38
21, 100, 31, 59
21, 549, 31, 13
21, 8, 31, 63
21, 552, 31, 58
21, 522, 31, 54
21, 28, 31, 19
21, 60, 31, 99
21, 177, 31, 65
21, 247, 31, 76
21, 248, 31, 26
21, 538, 31, 64
21, 507, 31, 45
21, 348, 31, 95
21, 381, 31, 58
21, 382, 31, 53
21, 256, 32, 14
21, 547, 32, 15
21, 389, 32, 97
21, 394, 32, 2
21, 298, 32, 54
21, 556, 32, 96
21, 108, 32, 75
21, 81, 32, 59
21, 305, 32, 13
21, 401, 32, 56
21, 502, 32, 84
21, 343, 32, 39
21, 344, 32, 71
21, 60, 32, 99
21, 128, 33, 69
21, 258, 33, 57
21, 195, 33, 89
21, 166, 33, 32
21, 358, 33, 14
21, 8, 33, 63
21, 589, 33, 92
21, 271, 33, 56
21, 337, 33, 64
21, 211, 33, 19
21, 117, 33, 48
21, 119, 33, 29
21, 122, 33, 100
21, 97, 34, 81
21, 386, 34, 12
21, 454, 34, 88
21, 551, 34, 99
21, 263, 34, 81
21, 409, 34, 19
21, 298, 34, 54
21, 236, 34, 100
21, 589, 34, 92
21, 270, 34, 96
21, 401, 34, 56
21, 184, 34, 12
21, 377, 34, 12
21, 381, 34, 58
21, 454, 35, 88
21, 327, 35, 23
21, 335, 35, 94
21, 595, 35, 91
21, 443, 35, 89
21, 1, 36, 59
21, 484, 36, 15
21, 134, 36, 34
21, 550, 36, 20
21, 266, 36, 77
21, 12, 36, 33
21, 460, 36, 41
21, 533, 36, 64
21, 598, 36, 58
21, 151, 36, 55
21, 248, 36, 26
21, 185, 36, 57
21, 155, 36, 75
21, 412, 36, 11
21, 350, 36, 74
21, 224, 37, 13
21, 163, 37, 28
21, 228, 37, 49
21, 453, 37, 75
21, 143, 37, 92
21, 536, 37, 39
21, 185, 37, 57
21, 485, 38, 76
21, 6, 38, 79
21, 7, 38, 44
21, 491, 38, 89
21, 398, 38, 58
21, 271, 38, 56
21, 176, 38, 84
21, 402, 38, 33
21, 531, 38, 46
21, 220, 38, 12
21, 18, 38, 58
21, 474, 38, 10
21, 508, 38, 99
21, 519, 39, 59
21, 391, 39, 40
21, 530, 39, 38
21, 538, 39, 64
21, 286, 39, 41
21, 290, 39, 43
21, 418, 39, 43
21, 296, 39, 91
21, 555, 39, 34
21, 440, 39, 16
21, 59, 39, 68
21, 457, 39, 26
21, 587, 39, 66
21, 212, 39, 58
21, 219, 39, 82
21, 105, 39, 1
21, 108, 39, 75
21, 365, 39, 45
21, 510, 39, 68
21, 517, 40, 47
21, 402, 40, 33
21, 534, 40, 72
21, 151, 40, 55
21, 546, 40, 95
21, 38, 40, 53
21, 560, 40, 82
21, 562, 40, 15
21, 309, 40, 7
21, 438, 40, 45
21, 448, 40, 49
21, 73, 40, 70
21, 464, 40, 98
21, 336, 40, 45
21, 82, 40, 40
21, 351, 40, 98
21, 480, 40, 63
21, 250, 40, 90
21, 126, 40, 4
21, 1, 41, 59
21, 357, 41, 1
21, 134, 41, 34
21, 264, 41, 26
21, 332, 41, 14
21, 365, 41, 45
21, 206, 41, 80
21, 172, 41, 99
21, 179, 41, 31
21, 185, 41, 57
21, 506, 41, 80
21, 284, 41, 63
21, 61, 41, 25
21, 160, 42, 22
21, 37, 42, 100
21, 470, 42, 59
21, 439, 42, 87
21, 479, 42, 100
21, 64, 43, 46
21, 1, 43, 59
21, 257, 43, 44
21, 480, 43, 63
21, 134, 43, 34
21, 583, 43, 14
21, 455, 43, 53
21, 426, 43, 73
21, 238, 43, 35
21, 180, 43, 38
21, 437, 43, 16
21, 21, 43, 92
21, 537, 43, 24
21, 543, 43, 9
21, 384, 44, 68
21, 385, 44, 27
21, 388, 44, 41
21, 262, 44, 8
21, 520, 44, 68
21, 398, 44, 58
21, 147, 44, 91
21, 21, 44, 92
21, 151, 44, 55
21, 165, 44, 89
21, 172, 44, 99
21, 184, 44, 12
21, 56, 44, 14
21, 590, 44, 1
21, 208, 44, 100
21, 83, 44, 54
21, 227, 44, 12
21, 115, 44, 34
21, 507, 44, 45
21, 257, 45, 44
21, 135, 45, 43
21, 20, 45, 28
21, 151, 45, 55
21, 536, 45, 39
21, 413, 45, 85
21, 414, 45, 22
21, 30, 45, 36
21, 289, 45, 3
21, 35, 45, 5
21, 48, 45, 93
21, 178, 45, 68
21, 309, 45, 7
21, 319, 45, 28
21, 194, 45, 62
21, 328, 45, 18
21, 335, 45, 94
21, 353, 45, 42
21, 99, 45, 100
21, 105, 45, 1
21, 107, 45, 89
21, 363, 45, 48
21, 495, 45, 57
21, 511, 45, 62
21, 448, 46, 49
21, 258, 46, 57
21, 547, 46, 15
21, 163, 46, 28
21, 262, 46, 8
21, 296, 46, 91
21, 265, 46, 52
21, 432, 46, 67
21, 54, 46, 4
21, 252, 46, 78
21, 36, 47, 86
21, 453, 47, 75
21, 133, 47, 69
21, 103, 47, 57
21, 106, 47, 95
21, 139, 47, 75
21, 511, 47, 62
21, 335, 47, 94
21, 207, 47, 90
21, 465, 47, 69
21, 48, 47, 93
21, 411, 47, 56
21, 540, 47, 40
21, 383, 47, 24
21, 33, 48, 60
21, 37, 48, 100
21, 38, 48, 53
21, 105, 48, 1
21, 588, 48, 58
21, 398, 48, 58
21, 463, 48, 66
21, 176, 48, 84
21, 82, 48, 40
21, 406, 48, 5
21, 476, 48, 34
21, 257, 49, 44
21, 8, 49, 63
21, 402, 49, 33
21, 281, 49, 31
21, 40, 49, 69
21, 172, 49, 99
21, 304, 49, 69
21, 50, 49, 84
21, 310, 49, 85
21, 63, 49, 15
21, 324, 49, 58
21, 581, 49, 1
21, 457, 49, 26
21, 592, 49, 77
21, 595, 49, 91
21, 216, 49, 35
21, 348, 49, 95
21, 477, 49, 86
21, 352, 49, 4
21, 236, 49, 100
21, 367, 49, 17
21, 505, 49, 94
21, 132, 50, 17
21, 15, 50, 24
21, 528, 50, 80
21, 22, 50, 31
21, 409, 50, 19
21, 282, 50, 44
21, 411, 50, 56
21, 287, 50, 19
21, 166, 50, 32
21, 447, 50, 45
21, 64, 50, 46
21, 324, 50, 58
21, 461, 50, 55
21, 205, 50, 76
21, 337, 50, 64
21, 223, 50, 92
21, 235, 50, 15
21, 366, 50, 28
21, 371, 50, 59
21, 383, 50, 24
21, 352, 51, 4
21, 0, 51, 78
21, 121, 51, 1
21, 228, 51, 49
21, 478, 51, 22
21, 135, 51, 43
21, 487, 51, 79
21, 74, 51, 79
21, 366, 51, 28
21, 336, 51, 45
21, 531, 51, 46
21, 503, 51, 21
21, 345, 51, 48
21, 90, 51, 97
21, 189, 51, 100
21, 94, 51, 54
21, 543, 51, 9
21, 320, 52, 16
21, 194, 52, 62
21, 419, 52, 36
21, 262, 52, 8
21, 135, 52, 43
21, 136, 52, 64
21, 41, 52, 46
21, 267, 52, 75
21, 429, 52, 99
21, 270, 52, 96
21, 207, 52, 90
21, 13, 52, 37
21, 175, 52, 70
21, 464, 52, 98
21, 144, 52, 24
21, 437, 52, 16
21, 217, 52, 57
21, 541, 52, 93
21, 290, 53, 43
21, 131, 53, 68
21, 294, 53, 28
21, 561, 53, 29
21, 26, 53, 42
21, 261, 54, 67
21, 133, 54, 69
21, 9, 54, 31
21, 271, 54, 56
21, 537, 54, 24
21, 543, 54, 9
21, 39, 54, 66
21, 560, 54, 82
21, 569, 54, 23
21, 582, 54, 70
21, 455, 54, 53
21, 456, 54, 16
21, 202, 54, 91
21, 587, 54, 66
21, 484, 54, 15
21, 487, 54, 79
21, 492, 54, 34
21, 368, 54, 14
21, 115, 54, 34
21, 243, 54, 94
21, 124, 54, 76
21, 65, 55, 95
21, 162, 55, 48
21, 385, 55, 27
21, 164, 55, 77
21, 446, 55, 75
21, 510, 55, 68
21, 202, 55, 91
21, 460, 55, 41
21, 365, 55, 45
21, 142, 55, 55
21, 219, 55, 82
21, 592, 55, 77
21, 146, 55, 69
21, 309, 55, 7
21, 570, 55, 75
21, 59, 55, 68
21, 62, 55, 59
21, 31, 55, 100
21, 395, 56, 54
21, 406, 56, 5
21, 152, 56, 13
21, 27, 56, 1
21, 541, 56, 93
21, 542, 56, 99
21, 301, 56, 82
21, 302, 56, 99
21, 557, 56, 75
21, 319, 56, 28
21, 69, 56, 37
21, 197, 56, 60
21, 587, 56, 66
21, 76, 56, 47
21, 592, 56, 77
21, 82, 56, 40
21, 361, 56, 87
21, 495, 56, 57
21, 243, 56, 94
21, 471, 57, 28
21, 325, 57, 62
21, 550, 57, 20
21, 487, 57, 79
21, 6, 57, 79
21, 262, 57, 8
21, 518, 57, 44
21, 554, 57, 48
21, 140, 57, 35
21, 461, 57, 55
21, 271, 57, 56
21, 399, 57, 30
21, 177, 57, 65
21, 49, 57, 7
21, 597, 57, 43
21, 343, 57, 39
21, 441, 57, 42
21, 540, 57, 40
21, 167, 58, 100
21, 103, 58, 57
21, 362, 58, 9
21, 525, 58, 55
21, 526, 58, 51
21, 559, 58, 39
21, 273, 58, 67
21, 242, 58, 26
21, 561, 58, 29
21, 151, 58, 55
21, 252, 58, 78
21, 577, 59, 63
21, 382, 59, 53
21, 323, 59, 26
21, 332, 59, 14
21, 494, 59, 32
21, 526, 59, 51
21, 81, 59, 59
21, 369, 59, 90
21, 246, 59, 38
21, 569, 59, 23
21, 379, 59, 65
21, 508, 59, 99
21, 477, 59, 86
21, 571, 59, 82
21, 383, 59, 24
21, 385, 60, 27
21, 387, 60, 16
21, 389, 60, 97
21, 10, 60, 82
21, 14, 60, 87
21, 535, 60, 15
21, 279, 60, 42
21, 411, 60, 56
21, 29, 60, 32
21, 415, 60, 20
21, 42, 60, 95
21, 182, 60, 66
21, 318, 60, 53
21, 73, 60, 70
21, 74, 60, 79
21, 83, 60, 54
21, 214, 60, 53
21, 88, 60, 8
21, 361, 60, 87
21, 1, 61, 59
21, 4, 61, 18
21, 519, 61, 59
21, 141, 61, 43
21, 397, 61, 77
21, 404, 61, 68
21, 21, 61, 92
21, 535, 61, 15
21, 36, 61, 86
21, 554, 61, 48
21, 43, 61, 92
21, 186, 61, 74
21, 583, 61, 14
21, 342, 61, 96
21, 348, 61, 95
21, 352, 61, 4
21, 233, 61, 48
21, 238, 61, 35
21, 241, 61, 26
21, 115, 61, 34
21, 502, 61, 84
21, 131, 62, 68
21, 165, 62, 89
21, 166, 62, 32
21, 133, 62, 69
21, 487, 62, 79
21, 489, 62, 70
21, 208, 62, 100
21, 563, 62, 33
21, 565, 62, 52
21, 437, 62, 16
21, 153, 62, 27
21, 557, 63, 75
21, 147, 63, 91
21, 179, 63, 31
21, 505, 63, 94
21, 155, 63, 75
21, 33, 64, 60
21, 421, 64, 65
21, 167, 64, 100
21, 82, 64, 40
21, 51, 64, 21
21, 115, 64, 34
21, 530, 64, 38
21, 284, 64, 63
21, 414, 64, 22
21, 130, 65, 29
21, 6, 65, 79
21, 139, 65, 75
21, 534, 65, 72
21, 540, 65, 40
21, 545, 65, 38
21, 165, 65, 89
21, 169, 65, 34
21, 429, 65, 99
21, 431, 65, 85
21, 54, 65, 4
21, 63, 65, 15
21, 193, 65, 93
21, 452, 65, 92
21, 197, 65, 60
21, 585, 65, 9
21, 334, 65, 77
21, 479, 65, 100
21, 363, 65, 48
21, 374, 65, 87
21, 119, 65, 29
21, 380, 65, 98
21, 96, 66, 20
21, 452, 66, 92
21, 166, 66, 32
21, 326, 66, 98
21, 370, 66, 51
21, 342, 66, 96
21, 445, 66, 86
21, 478, 66, 22
21, 32, 67, 90
21, 165, 67, 89
21, 103, 67, 57
21, 584, 67, 20
21, 10, 67, 82
21, 557, 67, 75
21, 173, 67, 7
21, 271, 67, 56
21, 400, 67, 86
21, 593, 67, 30
21, 531, 67, 46
21, 598, 67, 58
21, 343, 67, 39
21, 346, 67, 31
21, 156, 67, 44
21, 287, 67, 19
21, 385, 68, 27
21, 546, 68, 95
21, 547, 68, 15
21, 516, 68, 72
21, 580, 68, 11
21, 391, 68, 40
21, 103, 68, 57
21, 75, 68, 46
21, 365, 68, 45
21, 238, 68, 35
21, 274, 68, 94
21, 540, 68, 40
21, 349, 68, 22
21, 95, 68, 1
21, 34, 69, 19
21, 567, 69, 52
21, 6, 69, 79
21, 525, 69, 55
21, 47, 69, 3
21, 534, 69, 72
21, 598, 69, 58
21, 473, 69, 65
21, 282, 69, 44
21, 251, 69, 36
21, 542, 69, 99
21, 98, 70, 73
21, 549, 70, 13
21, 202, 70, 91
21, 269, 70, 20
21, 335, 70, 94
21, 79, 70, 56
21, 466, 70, 72
21, 56, 70, 14
21, 377, 70, 12
21, 454, 71, 88
21, 135, 71, 43
21, 172, 71, 99
21, 249, 71, 36
21, 255, 71, 36
21, 129, 72, 48
21, 35, 72, 5
21, 165, 72, 89
21, 154, 72, 2
21, 46, 72, 99
21, 495, 72, 57
21, 303, 72, 28
21, 304, 72, 69
21, 372, 72, 14
21, 599, 72, 94
21, 505, 72, 94
21, 506, 72, 80
21, 155, 72, 75
21, 63, 72, 15
21, 383, 72, 24
21, 523, 73, 37
21, 14, 73, 87
21, 536, 73, 39
21, 408, 73, 4
21, 24, 73, 20
21, 160, 73, 22
21, 544, 73, 92
21, 168, 73, 32
21, 42, 73, 95
21, 43, 73, 92
21, 555, 73, 34
21, 431, 73, 85
21, 305, 73, 13
21, 317, 73, 38
21, 199, 73, 41
21, 460, 73, 41
21, 211, 73, 19
21, 213, 73, 15
21, 470, 73, 59
21, 111, 73, 31
21, 112, 73, 63
21, 253, 73, 40
21, 161, 74, 41
21, 37, 74, 100
21, 432, 74, 67
21, 372, 74, 14
21, 149, 74, 22
21, 566, 74, 95
21, 23, 74, 42
21, 152, 74, 13
21, 540, 74, 40
21, 14, 75, 87
21, 536, 75, 39
21, 412, 75, 11
21, 540, 75, 40
21, 286, 75, 41
21, 290, 75, 43
21, 425, 75, 81
21, 41, 75, 46
21, 553, 75, 14
21, 43, 75, 92
21, 173, 75, 7
21, 428, 75, 73
21, 304, 75, 69
21, 184, 75, 12
21, 81, 75, 59
21, 211, 75, 19
21, 83, 75, 54
21, 223, 75, 92
21, 494, 75, 32
21, 378, 75, 28
21, 65, 76, 95
21, 450, 76, 38
21, 387, 76, 16
21, 196, 76, 45
21, 8, 76, 63
21, 330, 76, 73
21, 78, 76, 60
21, 179, 76, 31
21, 317, 76, 38
21, 478, 76, 22
21, 108, 77, 75
21, 398, 77, 58
21, 243, 77, 94
21, 570, 77, 75
21, 250, 77, 90
21, 261, 78, 67
21, 262, 78, 8
21, 10, 78, 82
21, 396, 78, 94
21, 397, 78, 77
21, 273, 78, 67
21, 407, 78, 64
21, 25, 78, 64
21, 33, 78, 60
21, 554, 78, 48
21, 175, 78, 70
21, 436, 78, 77
21, 570, 78, 75
21, 449, 78, 96
21, 580, 78, 11
21, 69, 78, 37
21, 199, 78, 41
21, 588, 78, 58
21, 337, 78, 64
21, 99, 78, 100
21, 244, 78, 82
21, 509, 78, 78
21, 96, 79, 20
21, 352, 79, 4
21, 577, 79, 63
21, 324, 79, 58
21, 154, 79, 2
21, 302, 79, 99
21, 398, 79, 58
21, 79, 79, 56
21, 282, 79, 44
21, 125, 79, 58
21, 355, 80, 20
21, 132, 80, 17
21, 105, 80, 1
21, 461, 80, 55
21, 378, 80, 28
21, 333, 80, 22
21, 307, 80, 63
21, 276, 80, 11
21, 149, 80, 22
21, 435, 80, 77
21, 442, 80, 6
21, 31, 80, 100
21, 1, 81, 59
21, 419, 81, 36
21, 422, 81, 74
21, 199, 81, 41
21, 41, 81, 46
21, 298, 81, 54
21, 46, 81, 99
21, 495, 81, 57
21, 368, 81, 14
21, 434, 81, 47
21, 308, 81, 34
21, 85, 81, 27
21, 566, 81, 95
21, 185, 81, 57
21, 412, 81, 11
21, 414, 81, 22
21, 195, 82, 89
21, 3, 82, 97
21, 10, 82, 82
21, 74, 82, 79
21, 204, 82, 25
21, 141, 82, 43
21, 590, 82, 1
21, 495, 82, 57
21, 80, 82, 74
21, 177, 82, 65
21, 430, 82, 48
21, 79, 82, 56
21, 532, 82, 27
21, 473, 82, 65
21, 305, 82, 13
21, 312, 82, 23
21, 569, 82, 23
21, 315, 82, 82
21, 487, 83, 79
21, 551, 83, 99
21, 457, 83, 26
21, 329, 83, 45
21, 75, 83, 46
21, 559, 83, 39
21, 538, 83, 64
21, 571, 83, 82
21, 572, 83, 22
21, 545, 84, 38
21, 486, 84, 49
21, 330, 84, 73
21, 142, 84, 55
21, 497, 84, 20
21, 537, 84, 24
21, 319, 84, 28
21, 448, 85, 49
21, 1, 85, 59
21, 322, 85, 89
21, 320, 85, 16
21, 452, 85, 92
21, 390, 85, 48
21, 230, 85, 56
21, 364, 85, 23
21, 240, 85, 82
21, 403, 85, 39
21, 116, 85, 71
21, 278, 85, 61
21, 409, 85, 19
21, 186, 85, 74
21, 158, 85, 86
21, 31, 85, 100
21, 384, 86, 68
21, 515, 86, 13
21, 13, 86, 37
21, 528, 86, 80
21, 402, 86, 33
21, 150, 86, 3
21, 158, 86, 86
21, 417, 86, 35
21, 36, 86, 86
21, 549, 86, 13
21, 294, 86, 28
21, 569, 86, 23
21, 189, 86, 100
21, 191, 86, 82
21, 472, 86, 78
21, 348, 86, 95
21, 357, 86, 1
21, 487, 86, 79
21, 117, 86, 48
21, 97, 87, 81
21, 387, 87, 16
21, 451, 87, 51
21, 556, 87, 96
21, 237, 87, 72
21, 463, 87, 66
21, 431, 87, 85
21, 567, 87, 52
21, 505, 87, 94
21, 59, 87, 68
21, 286, 87, 41
21, 134, 88, 34
21, 139, 88, 75
21, 141, 88, 43
21, 21, 88, 92
21, 536, 88, 39
21, 26, 88, 42
21, 155, 88, 75
21, 161, 88, 41
21, 417, 88, 35
21, 549, 88, 13
21, 422, 88, 74
21, 40, 88, 69
21, 172, 88, 99
21, 308, 88, 34
21, 186, 88, 74
21, 326, 88, 98
21, 586, 88, 26
21, 461, 88, 55
21, 341, 88, 13
21, 216, 88, 35
21, 475, 88, 54
21, 358, 88, 14
21, 230, 88, 56
21, 247, 88, 76
21, 272, 89, 29
21, 21, 89, 92
21, 408, 89, 4
21, 537, 89, 24
21, 410, 89, 13
21, 155, 89, 75
21, 419, 89, 36
21, 297, 89, 2
21, 171, 89, 83
21, 52, 89, 76
21, 312, 89, 23
21, 190, 89, 88
21, 192, 89, 26
21, 448, 89, 49
21, 579, 89, 46
21, 325, 89, 62
21, 214, 89, 53
21, 221, 89, 40
21, 478, 89, 22
21, 238, 89, 35
21, 112, 89, 63
21, 243, 89, 94
21, 502, 89, 84
21, 379, 89, 65
21, 195, 90, 89
21, 323, 90, 26
21, 554, 90, 48
21, 396, 90, 94
21, 589, 90, 92
21, 597, 90, 43
21, 437, 90, 16
21, 56, 90, 14
21, 287, 90, 19
21, 390, 91, 48
21, 263, 91, 81
21, 137, 91, 52
21, 266, 91, 77
21, 267, 91, 75
21, 402, 91, 33
21, 274, 91, 94
21, 406, 91, 5
21, 159, 91, 95
21, 417, 91, 35
21, 427, 91, 73
21, 301, 91, 82
21, 177, 91, 65
21, 51, 91, 21
21, 310, 91, 85
21, 187, 91, 12
21, 577, 91, 63
21, 466, 91, 72
21, 599, 91, 94
21, 240, 91, 82
21, 244, 91, 82
21, 506, 91, 80
21, 252, 91, 78
21, 253, 91, 40
21, 526, 92, 51
21, 156, 92, 44
21, 541, 92, 93
21, 34, 92, 19
21, 40, 92, 69
21, 43, 92, 92
21, 433, 92, 17
21, 563, 92, 33
21, 438, 92, 45
21, 191, 92, 82
21, 193, 92, 93
21, 451, 92, 51
21, 70, 92, 83
21, 584, 92, 20
21, 201, 92, 64
21, 75, 92, 46
21, 80, 92, 74
21, 592, 92, 77
21, 340, 92, 33
21, 234, 92, 11
21, 547, 93, 15
21, 510, 93, 68
21, 363, 93, 48
21, 427, 93, 73
21, 142, 93, 55
21, 368, 93, 14
21, 242, 93, 26
21, 316, 93, 84
21, 247, 93, 76
21, 505, 93, 94
21, 279, 93, 42
21, 222, 93, 97
21, 95, 93, 1
21, 9, 94, 31
21, 271, 94, 56
21, 23, 94, 42
21, 27, 94, 1
21, 414, 94, 22
21, 158, 94, 86
21, 418, 94, 43
21, 163, 94, 28
21, 552, 94, 58
21, 298, 94, 54
21, 47, 94, 3
21, 320, 94, 16
21, 580, 94, 11
21, 198, 94, 60
21, 199, 94, 41
21, 201, 94, 64
21, 205, 94, 76
21, 213, 94, 15
21, 114, 94, 59
21, 504, 94, 34
21, 512, 95, 21
21, 289, 95, 3
21, 67, 95, 51
21, 458, 95, 8
21, 525, 95, 55
21, 305, 95, 13
21, 529, 95, 84
21, 341, 95, 13
21, 471, 95, 28
21, 376, 95, 72
21, 409, 95, 19
21, 317, 95, 38
21, 512, 96, 21
21, 514, 96, 36
21, 164, 96, 77
21, 453, 96, 75
21, 326, 96, 98
21, 168, 96, 32
21, 8, 96, 63
21, 299, 96, 78
21, 526, 96, 51
21, 242, 96, 26
21, 310, 96, 85
21, 187, 96, 12
21, 92, 96, 67
21, 4, 97, 18
21, 139, 97, 75
21, 279, 97, 42
21, 89, 97, 68
21, 28, 97, 19
21, 385, 98, 27
21, 99, 98, 100
21, 44, 98, 70
21, 301, 98, 82
21, 47, 98, 3
21, 563, 98, 33
21, 117, 98, 48
21, 247, 98, 76
21, 127, 98, 48
21, 1, 99, 59
21, 2, 99, 72
21, 515, 99, 13
21, 587, 99, 66
21, 523, 99, 37
21, 110, 99, 50
21, 48, 99, 93
21, 401, 99, 56
21, 595, 99, 91
21, 116, 99, 71
21, 85, 99, 27
21, 534, 99, 72
21, 312, 99, 23
21, 56, 99, 14
21, 88, 99, 8
21, 510, 99, 68
21, 447, 99, 45
21, 260, 100, 81
21, 390, 100, 48
21, 11, 100, 18
21, 13, 100, 37
21, 277, 100, 100
21, 301, 100, 82
21, 49, 100, 7
21, 62, 100, 59
21, 63, 100, 15
21, 69, 100, 37
21, 325, 100, 62
21, 77, 100, 51
21, 208, 100, 100
21, 337, 100, 64
21, 469, 100, 73
21, 86, 100, 21
21, 91, 100, 60
21, 222, 100, 97
21, 351, 100, 98
21, 100, 100, 59
21, 359, 100, 3
21, 107, 100, 89
21, 498, 100, 69
21, 384, 101, 68
21, 264, 101, 26
21, 526, 101, 51
21, 146, 101, 69
21, 407, 101, 64
21, 540, 101, 40
21, 285, 101, 80
21, 543, 101, 9
21, 34, 101, 19
21, 176, 101, 84
21, 310, 101, 85
21, 317, 101, 38
21, 578, 101, 57
21, 198, 101, 60
21, 591, 101, 17
21, 338, 101, 60
21, 469, 101, 73
21, 214, 101, 53
21, 346, 101, 31
21, 347, 101, 56
21, 224, 101, 13
21, 232, 101, 30
21, 495, 101, 57
21, 368, 101, 14
21, 576, 102, 74
21, 530, 102, 38
21, 469, 102, 73
21, 87, 102, 20
21, 94, 102, 54
21, 191, 102, 82
21, 96, 103, 20
21, 99, 103, 100
21, 587, 103, 66
21, 301, 103, 82
21, 141, 103, 43
21, 497, 103, 20
21, 242, 103, 26
21, 340, 103, 33
21, 182, 103, 66
21, 342, 103, 96
21, 374, 103, 87
21, 249, 103, 36
21, 346, 103, 31
21, 256, 104, 14
21, 583, 104, 14
21, 522, 104, 54
21, 203, 104, 90
21, 407, 104, 64
21, 315, 104, 82
21, 63, 104, 15
21, 544, 105, 92
21, 133, 105, 69
21, 11, 105, 18
21, 399, 105, 30
21, 145, 105, 59
21, 147, 105, 91
21, 245, 105, 35
21, 344, 105, 71
21, 26, 105, 42
21, 128, 106, 69
21, 256, 106, 14
21, 324, 106, 58
21, 173, 106, 7
21, 17, 106, 53
21, 20, 106, 28
21, 186, 106, 74
21, 191, 106, 82
21, 513, 107, 99
21, 121, 107, 1
21, 487, 107, 79
21, 72, 107, 87
21, 494, 107, 32
21, 78, 107, 60
21, 89, 107, 68
21, 228, 108, 49
21, 102, 108, 78
21, 520, 108, 68
21, 428, 108, 73
21, 204, 108, 25
21, 26, 108, 42
21, 416, 109, 100
21, 64, 109, 46
21, 578, 109, 57
21, 97, 109, 81
21, 37, 109, 100
21, 231, 109, 57
21, 487, 109, 79
21, 371, 109, 59
21, 246, 109, 38
21, 215, 109, 29
21, 58, 109, 11
21, 60, 109, 99
21, 285, 109, 80
21, 542, 109, 99
21, 447, 109, 45
21, 583, 110, 14
21, 521, 110, 71
21, 554, 110, 48
21, 138, 110, 65
21, 524, 110, 42
21, 48, 110, 93
21, 81, 110, 59
21, 562, 110, 15
21, 311, 110, 32
21, 127, 110, 48
21, 552, 111, 58
21, 42, 111, 95
21, 461, 111, 55
21, 110, 111, 50
21, 589, 111, 92
21, 80, 111, 74
21, 271, 111, 56
21, 212, 111, 58
21, 342, 111, 96
21, 90, 111, 97
21, 412, 111, 11
21, 385, 112, 27
21, 65, 112, 95
21, 35, 112, 5
21, 5, 112, 15
21, 459, 112, 67
21, 588, 112, 58
21, 493, 112, 61
21, 337, 112, 64
21, 529, 112, 84
21, 115, 112, 34
21, 340, 112, 33
21, 179, 112, 31
21, 319, 112, 28
21, 353, 113, 42
21, 546, 113, 95
21, 535, 113, 15
21, 230, 113, 56
21, 75, 113, 46
21, 559, 113, 39
21, 50, 113, 84
21, 23, 113, 42
21, 567, 113, 52
21, 25, 113, 64
21, 279, 113, 42
21, 381, 113, 58
21, 126, 113, 4
21, 415, 113, 20
21, 259, 114, 43
21, 132, 114, 17
21, 261, 114, 67
21, 390, 114, 48
21, 520, 114, 68
21, 268, 114, 24
21, 15, 114, 24
21, 146, 114, 69
21, 25, 114, 64
21, 33, 114, 60
21, 161, 114, 41
21, 425, 114, 81
21, 579, 114, 46
21, 327, 114, 23
21, 201, 114, 64
21, 586, 114, 26
21, 206, 114, 80
21, 596, 114, 98
21, 347, 114, 56
21, 351, 114, 98
21, 246, 114, 38
21, 192, 115, 26
21, 2, 115, 72
21, 197, 115, 60
21, 486, 115, 49
21, 317, 115, 38
21, 350, 115, 74
21, 162, 116, 48
21, 3, 116, 97
21, 356, 116, 74
21, 261, 116, 67
21, 422, 116, 74
21, 326, 116, 98
21, 158, 116, 86
21, 489, 116, 70
21, 138, 116, 65
21, 393, 116, 91
21, 595, 116, 91
21, 151, 116, 55
21, 472, 116, 78
21, 377, 116, 12
21, 251, 116, 36
21, 94, 116, 54
21, 255, 116, 36
21, 386, 117, 12
21, 388, 117, 41
21, 516, 117, 72
21, 147, 117, 91
21, 148, 117, 77
21, 279, 117, 42
21, 160, 117, 22
21, 175, 117, 70
21, 561, 117, 29
21, 185, 117, 57
21, 586, 117, 26
21, 74, 117, 79
21, 459, 117, 67
21, 469, 117, 73
21, 472, 117, 78
21, 92, 117, 67
21, 351, 117, 98
21, 99, 117, 100
21, 486, 117, 49
21, 372, 117, 14
21, 195, 118, 89
21, 453, 118, 75
21, 488, 118, 57
21, 116, 118, 71
21, 56, 118, 14
21, 161, 119, 41
21, 419, 119, 36
21, 262, 119, 8
21, 329, 119, 45
21, 330, 119, 73
21, 394, 119, 2
21, 398, 119, 58
21, 174, 119, 83
21, 79, 119, 56
21, 594, 119, 14
21, 466, 119, 72
21, 21, 119, 92
21, 24, 119, 20
21, 349, 119, 22
21, 510, 119, 68
21, 322, 120, 89
21, 100, 120, 59
21, 327, 120, 23
21, 106, 120, 95
21, 363, 120, 48
21, 554, 120, 48
21, 464, 120, 98
21, 537, 120, 24
21, 254, 120, 51
21, 288, 121, 33
21, 2, 121, 72
21, 37, 121, 100
21, 70, 121, 83
21, 298, 121, 54
21, 362, 121, 9
21, 493, 121, 61
21, 398, 121, 58
21, 589, 121, 92
21, 530, 121, 38
21, 146, 121, 69
21, 436, 121, 77
21, 22, 121, 31
21, 188, 121, 71
21, 224, 122, 13
21, 515, 122, 13
21, 133, 122, 69
21, 457, 122, 26
21, 458, 122, 8
21, 523, 122, 37
21, 78, 122, 60
21, 431, 122, 85
21, 339, 122, 67
21, 478, 122, 22
21, 121, 123, 1
21, 195, 123, 89
21, 452, 123, 92
21, 362, 123, 9
21, 330, 123, 73
21, 204, 123, 25
21, 237, 123, 72
21, 142, 123, 55
21, 79, 123, 56
21, 499, 123, 94
21, 211, 123, 19
21, 281, 123, 31
21, 570, 123, 75
21, 33, 124, 60
21, 578, 124, 57
21, 194, 124, 62
21, 139, 124, 75
21, 524, 124, 42
21, 172, 124, 99
21, 80, 124, 74
21, 432, 124, 67
21, 244, 124, 82
21, 117, 124, 48
21, 471, 124, 28
21, 409, 124, 19
21, 380, 124, 98
21, 479, 124, 100
21, 262, 125, 8
21, 240, 125, 82
21, 564, 125, 77
21, 535, 125, 15
21, 315, 125, 82
21, 385, 126, 27
21, 387, 126, 16
21, 548, 126, 82
21, 517, 126, 47
21, 454, 126, 88
21, 298, 126, 54
21, 10, 126, 82
21, 589, 126, 92
21, 404, 126, 68
21, 223, 126, 92
21, 132, 127, 17
21, 8, 127, 63
21, 141, 127, 43
21, 144, 127, 24
21, 532, 127, 27
21, 153, 127, 27
21, 28, 127, 19
21, 290, 127, 43
21, 423, 127, 38
21, 296, 127, 91
21, 167, 127, 100
21, 48, 127, 93
21, 434, 127, 47
21, 307, 127, 63
21, 567, 127, 52
21, 76, 127, 47
21, 336, 127, 45
21, 465, 127, 69
21, 339, 127, 67
21, 98, 127, 73
21, 356, 127, 74
21, 103, 127, 57
21, 495, 127, 57
21, 111, 127, 31
21, 246, 127, 38
21, 1, 128, 59
21, 131, 128, 68
21, 165, 128, 89
21, 425, 128, 81
21, 241, 128, 26
21, 338, 128, 60
21, 501, 128, 17
21, 469, 128, 73
21, 151, 128, 55
21, 91, 128, 60
21, 158, 128, 86
21, 513, 129, 99
21, 326, 129, 98
21, 267, 129, 75
21, 271, 129, 56
21, 401, 129, 56
21, 499, 129, 94
21, 501, 129, 17
21, 440, 129, 16
21, 441, 129, 42
21, 389, 130, 97
21, 390, 130, 48
21, 521, 130, 71
21, 20, 130, 28
21, 156, 130, 44
21, 157, 130, 98
21, 413, 130, 85
21, 560, 130, 82
21, 304, 130, 69
21, 566, 130, 95
21, 313, 130, 8
21, 452, 130, 92
21, 324, 130, 58
21, 199, 130, 41
21, 457, 130, 26
21, 587, 130, 66
21, 591, 130, 17
21, 475, 130, 54
21, 230, 130, 56
21, 363, 130, 48
21, 109, 130, 52
21, 367, 130, 17
21, 369, 130, 90
21, 114, 130, 59
21, 119, 130, 29
21, 512, 131, 21
21, 163, 131, 28
21, 229, 131, 58
21, 510, 131, 68
21, 583, 131, 14
21, 424, 131, 88
21, 586, 131, 26
21, 302, 131, 99
21, 207, 131, 90
21, 17, 131, 53
21, 145, 131, 59
21, 119, 131, 29
21, 183, 131, 27
21, 375, 131, 98
21, 350, 131, 74
21, 319, 131, 28
21, 384, 132, 68
21, 353, 132, 42
21, 291, 132, 36
21, 230, 132, 56
21, 6, 132, 79
21, 265, 132, 52
21, 333, 132, 22
21, 430, 132, 48
21, 591, 132, 17
21, 368, 132, 14
21, 304, 132, 69
21, 81, 132, 59
21, 499, 132, 94
21, 216, 132, 35
21, 441, 132, 42
21, 444, 132, 83
21, 447, 132, 45
21, 394, 133, 2
21, 400, 133, 86
21, 147, 133, 91
21, 403, 133, 39
21, 281, 133, 31
21, 26, 133, 42
21, 412, 133, 11
21, 176, 133, 84
21, 185, 133, 57
21, 60, 133, 99
21, 195, 133, 89
21, 330, 133, 73
21, 331, 133, 16
21, 345, 133, 48
21, 221, 133, 40
21, 358, 133, 14
21, 361, 133, 87
21, 235, 133, 15
21, 237, 133, 72
21, 123, 133, 97
21, 253, 133, 40
21, 64, 134, 46
21, 192, 134, 26
21, 424, 134, 88
21, 234, 134, 11
21, 586, 134, 26
21, 145, 134, 59
21, 29, 134, 32
21, 413, 134, 85
21, 223, 134, 92
21, 513, 135, 99
21, 4, 135, 18
21, 139, 135, 75
21, 395, 135, 54
21, 17, 135, 53
21, 403, 135, 39
21, 415, 135, 20
21, 289, 135, 3
21, 34, 135, 19
21, 293, 135, 2
21, 555, 135, 34
21, 305, 135, 13
21, 323, 135, 26
21, 582, 135, 70
21, 73, 135, 70
21, 202, 135, 91
21, 77, 135, 51
21, 80, 135, 74
21, 208, 135, 100
21, 599, 135, 94
21, 91, 135, 60
21, 225, 135, 55
21, 488, 135, 57
21, 501, 135, 17
21, 96, 136, 20
21, 32, 136, 90
21, 389, 136, 97
21, 358, 136, 14
21, 550, 136, 20
21, 203, 136, 90
21, 590, 136, 1
21, 401, 136, 56
21, 306, 136, 49
21, 594, 136, 14
21, 52, 136, 76
21, 277, 136, 100
21, 246, 136, 38
21, 537, 136, 24
21, 412, 136, 11
21, 572, 136, 22
21, 383, 136, 24
21, 6, 137, 79
21, 263, 137, 81
21, 167, 137, 100
21, 393, 137, 91
21, 298, 137, 54
21, 589, 137, 92
21, 311, 137, 32
21, 440, 137, 16
21, 154, 137, 2
21, 137, 138, 52
21, 145, 138, 59
21, 20, 138, 28
21, 149, 138, 22
21, 162, 138, 48
21, 558, 138, 34
21, 437, 138, 16
21, 181, 138, 72
21, 582, 138, 70
21, 329, 138, 45
21, 588, 138, 58
21, 342, 138, 96
21, 347, 138, 56
21, 477, 138, 86
21, 243, 138, 94
21, 115, 138, 34
21, 374, 138, 87
21, 251, 138, 36
21, 509, 138, 78
21, 418, 139, 43
21, 227, 139, 12
21, 548, 139, 82
21, 296, 139, 91
21, 173, 139, 7
21, 13, 139, 37
21, 335, 139, 94
21, 16, 139, 19
21, 156, 139, 44
21, 466, 139, 72
21, 242, 139, 26
21, 84, 139, 74
21, 404, 139, 68
21, 566, 139, 95
21, 597, 139, 43
21, 250, 139, 90
21, 508, 139, 99
21, 222, 139, 97
21, 5, 140, 15
21, 487, 140, 79
21, 587, 140, 66
21, 268, 140, 24
21, 301, 140, 82
21, 333, 140, 22
21, 496, 140, 61
21, 497, 140, 20
21, 144, 140, 24
21, 48, 140, 93
21, 275, 140, 68
21, 146, 140, 69
21, 311, 140, 32
21, 280, 140, 4
21, 409, 140, 19
21, 279, 140, 42
21, 545, 141, 38
21, 579, 141, 46
21, 229, 141, 58
21, 326, 141, 98
21, 135, 141, 43
21, 486, 141, 49
21, 364, 141, 23
21, 144, 141, 24
21, 401, 141, 56
21, 498, 141, 69
21, 497, 141, 20
21, 48, 141, 93
21, 344, 141, 71
21, 475, 141, 54
21, 380, 141, 98
21, 543, 141, 9
21, 418, 142, 43
21, 514, 142, 36
21, 259, 142, 43
21, 101, 142, 91
21, 103, 142, 57
21, 397, 142, 77
21, 591, 142, 17
21, 111, 142, 31
21, 434, 142, 47
21, 275, 142, 68
21, 343, 142, 39
21, 149, 142, 22
21, 151, 142, 55
21, 152, 142, 13
21, 442, 142, 6
21, 190, 142, 88
21, 513, 143, 99
21, 194, 143, 62
21, 418, 143, 43
21, 195, 143, 89
21, 261, 143, 67
21, 198, 143, 60
21, 552, 143, 58
21, 269, 143, 20
21, 431, 143, 85
21, 560, 143, 82
21, 432, 143, 67
21, 344, 143, 71
21, 92, 143, 67
21, 133, 144, 69
21, 526, 144, 51
21, 14, 144, 87
21, 281, 144, 31
21, 431, 144, 85
21, 432, 144, 67
21, 565, 144, 52
21, 54, 144, 4
21, 185, 144, 57
21, 58, 144, 11
21, 316, 144, 84
21, 207, 144, 90
21, 80, 144, 74
21, 464, 144, 98
21, 471, 144, 28
21, 229, 144, 58
21, 233, 144, 48
21, 490, 144, 35
21, 109, 144, 52
21, 114, 144, 59
21, 171, 145, 83
21, 492, 145, 34
21, 557, 145, 75
21, 562, 145, 15
21, 18, 145, 58
21, 184, 145, 12
21, 24, 145, 20
21, 475, 145, 54
21, 387, 146, 16
21, 260, 146, 81
21, 135, 146, 43
21, 12, 146, 33
21, 268, 146, 24
21, 534, 146, 72
21, 542, 146, 99
21, 287, 146, 19
21, 38, 146, 53
21, 40, 146, 69
21, 179, 146, 31
21, 572, 146, 22
21, 67, 146, 51
21, 76, 146, 47
21, 212, 146, 58
21, 469, 146, 73
21, 348, 146, 95
21, 478, 146, 22
21, 485, 146, 76
21, 120, 146, 41
21, 249, 146, 36
21, 125, 146, 58
21, 226, 147, 85
21, 131, 147, 68
21, 455, 147, 53
21, 327, 147, 23
21, 553, 147, 14
21, 107, 147, 89
21, 269, 147, 20
21, 251, 147, 36
21, 530, 147, 38
21, 532, 147, 27
21, 246, 147, 38
21, 566, 147, 95
21, 568, 147, 88
21, 121, 147, 1
21, 571, 147, 82
21, 480, 148, 63
21, 407, 148, 64
21, 168, 148, 32
21, 427, 148, 73
21, 241, 148, 26
21, 307, 148, 63
21, 531, 148, 46
21, 213, 148, 15
21, 535, 148, 15
21, 247, 148, 76
21, 385, 149, 27
21, 3, 149, 97
21, 132, 149, 17
21, 392, 149, 50
21, 523, 149, 37
21, 18, 149, 58
21, 280, 149, 4
21, 410, 149, 13
21, 543, 149, 9
21, 418, 149, 43
21, 307, 149, 63
21, 436, 149, 77
21, 312, 149, 23
21, 187, 149, 12
21, 71, 149, 91
21, 585, 149, 9
21, 74, 149, 79
21, 590, 149, 1
21, 85, 149, 27
21, 469, 149, 73
21, 366, 149, 28
21, 238, 149, 35
21, 250, 149, 90
21, 320, 150, 16
21, 482, 150, 57
21, 39, 150, 66
21, 583, 150, 14
21, 108, 150, 75
21, 122, 150, 100
21, 229, 151, 58
21, 137, 151, 52
21, 235, 151, 15
21, 461, 151, 55
21, 13, 151, 37
21, 367, 151, 17
21, 529, 151, 84
21, 81, 151, 59
21, 563, 151, 33
21, 532, 151, 27
21, 52, 151, 76
21, 535, 151, 15
21, 528, 152, 80
21, 274, 152, 94
21, 28, 152, 19
21, 161, 152, 41
21, 33, 152, 60
21, 551, 152, 99
21, 307, 152, 63
21, 564, 152, 77
21, 321, 152, 41
21, 68, 152, 36
21, 455, 152, 53
21, 202, 152, 91
21, 78, 152, 60
21, 207, 152, 90
21, 85, 152, 27
21, 90, 152, 97
21, 474, 152, 10
21, 97, 152, 81
21, 233, 152, 48
21, 491, 152, 89
21, 492, 152, 34
21, 372, 152, 14
21, 118, 152, 98
21, 506, 152, 80
21, 3, 153, 97
21, 133, 153, 69
21, 135, 153, 43
21, 403, 153, 39
21, 19, 153, 25
21, 25, 153, 64
21, 27, 153, 1
21, 539, 153, 53
21, 40, 153, 69
21, 303, 153, 28
21, 581, 153, 1
21, 199, 153, 41
21, 585, 153, 9
21, 205, 153, 76
21, 77, 153, 51
21, 88, 153, 8
21, 236, 153, 100
21, 246, 153, 38
21, 248, 153, 26
21, 249, 153, 36
21, 126, 153, 4
21, 546, 154, 95
21, 547, 154, 15
21, 131, 154, 68
21, 265, 154, 52
21, 426, 154, 73
21, 331, 154, 16
21, 172, 154, 99
21, 458, 154, 8
21, 174, 154, 83
21, 207, 154, 90
21, 117, 154, 48
21, 278, 154, 61
21, 217, 154, 57
21, 506, 154, 80
21, 576, 155, 74
21, 33, 155, 60
21, 2, 155, 72
21, 579, 155, 46
21, 388, 155, 41
21, 325, 155, 62
21, 504, 155, 34
21, 297, 155, 2
21, 490, 155, 35
21, 511, 155, 62
21, 497, 155, 20
21, 184, 155, 12
21, 190, 155, 88
21, 286, 155, 41
21, 159, 155, 95
21, 358, 156, 14
21, 263, 156, 81
21, 137, 156, 52
21, 491, 156, 89
21, 400, 156, 86
21, 210, 156, 39
21, 467, 156, 46
21, 342, 156, 96
21, 571, 156, 82
21, 322, 157, 89
21, 419, 157, 36
21, 197, 157, 60
21, 40, 157, 69
21, 447, 157, 45
21, 395, 157, 54
21, 530, 157, 38
21, 246, 157, 38
21, 55, 157, 38
21, 186, 157, 74
21, 476, 157, 34
21, 159, 157, 95
21, 259, 158, 43
21, 388, 158, 41
21, 134, 158, 34
21, 520, 158, 68
21, 265, 158, 52
21, 403, 158, 39
21, 532, 158, 27
21, 152, 158, 13
21, 158, 158, 86
21, 35, 158, 5
21, 550, 158, 20
21, 560, 158, 82
21, 51, 158, 21
21, 565, 158, 52
21, 210, 158, 39
21, 475, 158, 54
21, 97, 158, 81
21, 355, 158, 20
21, 103, 158, 57
21, 359, 158, 3
21, 106, 158, 95
21, 495, 158, 57
21, 496, 158, 61
21, 119, 158, 29
21, 251, 158, 36
21, 128, 159, 69
21, 353, 159, 42
21, 449, 159, 96
21, 516, 159, 72
21, 197, 159, 60
21, 232, 159, 30
21, 504, 159, 34
21, 233, 159, 48
21, 458, 159, 8
21, 238, 159, 35
21, 147, 159, 91
21, 277, 159, 100
21, 310, 159, 85
21, 88, 159, 8
21, 249, 159, 36
21, 347, 159, 56
21, 445, 159, 86
21, 578, 160, 57
21, 344, 160, 71
21, 40, 160, 69
21, 136, 160, 64
21, 331, 160, 16
21, 491, 160, 89
21, 462, 160, 81
21, 115, 160, 34
21, 21, 160, 92
21, 87, 160, 20
21, 248, 160, 26
21, 189, 160, 100
21, 446, 160, 75
21, 543, 160, 9
21, 131, 161, 68
21, 419, 161, 36
21, 249, 161, 36
21, 6, 161, 79
21, 327, 161, 23
21, 298, 161, 54
21, 47, 161, 3
21, 499, 161, 94
21, 52, 161, 76
21, 595, 161, 91
21, 57, 161, 67
21, 378, 161, 28
21, 125, 161, 58
21, 414, 161, 22
21, 407, 162, 64
21, 99, 162, 100
21, 487, 162, 79
21, 296, 162, 91
21, 457, 162, 26
21, 362, 162, 9
21, 233, 162, 48
21, 268, 162, 24
21, 396, 162, 94
21, 140, 162, 35
21, 530, 162, 38
21, 466, 162, 72
21, 338, 162, 60
21, 279, 162, 42
21, 251, 162, 36
21, 97, 163, 81
21, 556, 163, 96
21, 82, 163, 40
21, 407, 163, 64
21, 572, 163, 22
21, 478, 163, 22
21, 288, 164, 33
21, 417, 164, 35
21, 358, 164, 14
21, 327, 164, 23
21, 73, 164, 70
21, 267, 164, 75
21, 460, 164, 41
21, 17, 164, 53
21, 595, 164, 91
21, 244, 164, 82
21, 309, 164, 7
21, 534, 164, 72
21, 499, 164, 94
21, 468, 164, 1
21, 509, 164, 78
21, 319, 164, 28
21, 480, 165, 63
21, 322, 165, 89
21, 323, 165, 26
21, 38, 165, 53
21, 116, 165, 71
21, 314, 165, 90
21, 380, 165, 98
21, 445, 165, 86
21, 447, 165, 45
21, 64, 166, 46
21, 324, 166, 58
21, 294, 166, 28
21, 423, 166, 38
21, 335, 166, 94
21, 562, 166, 15
21, 306, 166, 49
21, 507, 166, 45
21, 151, 166, 55
21, 155, 166, 75
21, 63, 166, 15
21, 352, 167, 4
21, 322, 167, 89
21, 418, 167, 43
21, 167, 167, 100
21, 328, 167, 18
21, 393, 167, 91
21, 123, 167, 97
21, 1, 168, 59
21, 9, 168, 31
21, 414, 168, 22
21, 542, 168, 99
21, 419, 168, 36
21, 548, 168, 82
21, 170, 168, 85
21, 433, 168, 17
21, 57, 168, 67
21, 315, 168, 82
21, 572, 168, 22
21, 61, 168, 25
21, 575, 168, 85
21, 319, 168, 28
21, 449, 168, 96
21, 450, 168, 38
21, 68, 168, 36
21, 583, 168, 14
21, 456, 168, 16
21, 331, 168, 16
21, 86, 168, 21
21, 489, 168, 70
21, 497, 168, 20
21, 372, 168, 14
21, 504, 168, 34
21, 0, 169, 78
21, 512, 169, 21
21, 143, 169, 92
21, 272, 169, 29
21, 403, 169, 39
21, 150, 169, 3
21, 536, 169, 39
21, 281, 169, 31
21, 282, 169, 44
21, 290, 169, 43
21, 166, 169, 32
21, 46, 169, 99
21, 559, 169, 39
21, 308, 169, 34
21, 183, 169, 27
21, 576, 169, 74
21, 579, 169, 46
21, 453, 169, 75
21, 72, 169, 87
21, 77, 169, 51
21, 598, 169, 58
21, 115, 169, 34
21, 505, 169, 94
21, 381, 169, 58
21, 382, 169, 53
21, 258, 170, 57
21, 264, 170, 26
21, 10, 170, 82
21, 533, 170, 64
21, 278, 170, 61
21, 28, 170, 19
21, 296, 170, 91
21, 563, 170, 33
21, 180, 170, 38
21, 54, 170, 4
21, 187, 170, 12
21, 316, 170, 84
21, 580, 170, 11
21, 453, 170, 75
21, 74, 170, 79
21, 206, 170, 80
21, 343, 170, 39
21, 347, 170, 56
21, 350, 170, 74
21, 360, 170, 73
21, 249, 170, 36
21, 125, 170, 58
21, 254, 170, 51
21, 580, 171, 11
21, 261, 171, 67
21, 71, 171, 91
21, 424, 171, 88
21, 137, 171, 52
21, 426, 171, 73
21, 123, 171, 97
21, 155, 171, 75
21, 304, 171, 69
21, 434, 171, 47
21, 371, 171, 59
21, 316, 171, 84
21, 439, 171, 87
21, 570, 171, 75
21, 27, 171, 1
21, 60, 171, 99
21, 254, 171, 51
21, 515, 172, 13
21, 201, 172, 64
21, 234, 172, 11
21, 41, 172, 46
21, 212, 172, 58
21, 134, 173, 34
21, 395, 173, 54
21, 272, 173, 29
21, 276, 173, 11
21, 21, 173, 92
21, 150, 173, 3
21, 537, 173, 24
21, 542, 173, 99
21, 35, 173, 5
21, 420, 173, 96
21, 43, 173, 92
21, 177, 173, 65
21, 438, 173, 45
21, 568, 173, 88
21, 313, 173, 8
21, 451, 173, 51
21, 327, 173, 23
21, 349, 173, 22
21, 505, 173, 94
21, 250, 173, 90
21, 382, 173, 53
21, 583, 174, 14
21, 330, 174, 73
21, 400, 174, 86
21, 275, 174, 68
21, 309, 174, 7
21, 570, 174, 75
21, 573, 174, 89
21, 268, 175, 24
21, 527, 175, 66
21, 536, 175, 39
21, 546, 175, 95
21, 162, 175, 48
21, 421, 175, 65
21, 166, 175, 32
21, 430, 175, 48
21, 303, 175, 28
21, 178, 175, 68
21, 194, 175, 62
21, 322, 175, 89
21, 580, 175, 11
21, 453, 175, 75
21, 595, 175, 91
21, 467, 175, 46
21, 222, 175, 97
21, 352, 175, 4
21, 96, 175, 20
21, 375, 175, 98
21, 33, 176, 60
21, 449, 176, 96
21, 451, 176, 51
21, 423, 176, 38
21, 558, 176, 34
21, 339, 176, 67
21, 404, 176, 68
21, 504, 176, 34
21, 537, 176, 24
21, 139, 177, 75
21, 267, 177, 75
21, 529, 177, 84
21, 169, 177, 34
21, 178, 177, 68
21, 55, 177, 38
21, 452, 177, 92
21, 200, 177, 89
21, 585, 177, 9
21, 75, 177, 46
21, 81, 177, 59
21, 212, 177, 58
21, 341, 177, 13
21, 100, 177, 59
21, 360, 177, 73
21, 377, 177, 12
21, 237, 177, 72
21, 496, 177, 61
21, 113, 177, 1
21, 114, 177, 59
21, 501, 177, 17
21, 249, 177, 36
21, 544, 178, 92
21, 193, 178, 93
21, 68, 178, 36
21, 421, 178, 65
21, 136, 178, 64
21, 11, 178, 18
21, 429, 178, 99
21, 525, 178, 55
21, 82, 178, 40
21, 243, 178, 94
21, 445, 178, 86
21, 577, 179, 63
21, 545, 179, 38
21, 225, 179, 55
21, 452, 179, 92
21, 186, 179, 74
21, 106, 179, 95
21, 14, 179, 87
21, 16, 179, 19
21, 272, 179, 29
21, 146, 179, 69
21, 469, 179, 73
21, 215, 179, 29
21, 473, 179, 65
21, 314, 179, 90
21, 571, 179, 82
21, 29, 179, 32
21, 286, 179, 41
21, 159, 179, 95
21, 4, 180, 18
21, 267, 180, 75
21, 532, 180, 27
21, 278, 180, 61
21, 154, 180, 2
21, 411, 180, 56
21, 293, 180, 2
21, 426, 180, 73
21, 427, 180, 73
21, 428, 180, 73
21, 440, 180, 16
21, 574, 180, 62
21, 448, 180, 49
21, 450, 180, 38
21, 587, 180, 66
21, 90, 180, 97
21, 220, 180, 12
21, 349, 180, 22
21, 108, 180, 75
21, 495, 180, 57
21, 501, 180, 17
21, 506, 180, 80
21, 37, 181, 100
21, 200, 181, 89
21, 429, 181, 99
21, 240, 181, 82
21, 440, 181, 16
21, 187, 181, 12
21, 515, 182, 13
21, 271, 182, 56
21, 399, 182, 30
21, 529, 182, 84
21, 402, 182, 33
21, 147, 182, 91
21, 535, 182, 15
21, 158, 182, 86
21, 295, 182, 70
21, 59, 182, 68
21, 317, 182, 38
21, 196, 182, 45
21, 72, 182, 87
21, 587, 182, 66
21, 204, 182, 25
21, 207, 182, 90
21, 467, 182, 46
21, 598, 182, 58
21, 347, 182, 56
21, 229, 182, 58
21, 493, 182, 61
21, 199, 183, 41
21, 332, 183, 14
21, 398, 183, 58
21, 239, 183, 36
21, 437, 183, 16
21, 57, 183, 67
21, 571, 183, 82
21, 513, 184, 99
21, 387, 184, 16
21, 388, 184, 41
21, 392, 184, 50
21, 10, 184, 82
21, 397, 184, 77
21, 525, 184, 55
21, 531, 184, 46
21, 411, 184, 56
21, 554, 184, 48
21, 299, 184, 78
21, 173, 184, 7
21, 433, 184, 17
21, 441, 184, 42
21, 186, 184, 74
21, 572, 184, 22
21, 76, 184, 47
21, 588, 184, 58
21, 337, 184, 64
21, 595, 184, 91
21, 215, 184, 29
21, 375, 184, 98
21, 511, 184, 62
21, 290, 185, 43
21, 452, 185, 92
21, 7, 185, 44
21, 75, 185, 46
21, 431, 185, 85
21, 148, 185, 77
21, 569, 185, 23
21, 379, 185, 65
21, 381, 185, 58
21, 25, 185, 64
21, 449, 186, 96
21, 3, 186, 97
21, 40, 186, 69
21, 9, 186, 31
21, 168, 186, 32
21, 395, 186, 54
21, 282, 186, 44
21, 497, 186, 20
21, 402, 186, 33
21, 469, 186, 73
21, 565, 186, 52
21, 151, 186, 55
21, 186, 186, 74
21, 515, 187, 13
21, 390, 187, 48
21, 584, 187, 20
21, 424, 187, 88
21, 120, 187, 41
21, 282, 187, 44
21, 100, 188, 59
21, 203, 188, 90
21, 396, 188, 94
21, 140, 188, 35
21, 399, 188, 30
21, 497, 188, 20
21, 402, 188, 33
21, 275, 188, 68
21, 21, 188, 92
21, 87, 188, 20
21, 312, 188, 23
21, 284, 188, 63
21, 228, 189, 49
21, 39, 189, 66
21, 104, 189, 29
21, 393, 189, 91
21, 169, 189, 34
21, 79, 189, 56
21, 248, 189, 26
21, 218, 189, 97
21, 127, 189, 48
21, 30, 189, 36
21, 287, 189, 19
21, 6, 190, 79
21, 263, 190, 81
21, 531, 190, 46
21, 405, 190, 26
21, 279, 190, 42
21, 540, 190, 40
21, 163, 190, 28
21, 35, 190, 5
21, 547, 190, 15
21, 425, 190, 81
21, 51, 190, 21
21, 569, 190, 23
21, 63, 190, 15
21, 194, 190, 62
21, 196, 190, 45
21, 73, 190, 70
21, 74, 190, 79
21, 204, 190, 25
21, 463, 190, 66
21, 207, 190, 90
21, 596, 190, 98
21, 86, 190, 21
21, 355, 190, 20
21, 99, 190, 100
21, 501, 190, 17
21, 128, 191, 69
21, 509, 191, 78
21, 258, 191, 57
21, 388, 191, 41
21, 395, 191, 54
21, 408, 191, 4
21, 158, 191, 86
21, 548, 191, 82
21, 166, 191, 32
21, 40, 191, 69
21, 56, 191, 14
21, 58, 191, 11
21, 203, 191, 90
21, 587, 191, 66
21, 205, 191, 76
21, 339, 191, 67
21, 94, 191, 54
21, 359, 191, 3
21, 489, 191, 70
21, 361, 191, 87
21, 117, 191, 48
21, 378, 191, 28
21, 253, 191, 40
21, 136, 192, 64
21, 394, 192, 2
21, 411, 192, 56
21, 155, 192, 75
21, 164, 192, 77
21, 420, 192, 96
21, 297, 192, 2
21, 44, 192, 70
21, 305, 192, 13
21, 311, 192, 32
21, 574, 192, 62
21, 63, 192, 15
21, 62, 192, 59
21, 199, 192, 41
21, 331, 192, 16
21, 78, 192, 60
21, 465, 192, 69
21, 467, 192, 46
21, 345, 192, 48
21, 349, 192, 22
21, 364, 192, 23
21, 135, 193, 43
21, 520, 193, 68
21, 9, 193, 31
21, 529, 193, 84
21, 530, 193, 38
21, 276, 193, 11
21, 542, 193, 99
21, 30, 193, 36
21, 159, 193, 95
21, 427, 193, 73
21, 303, 193, 28
21, 570, 193, 75
21, 187, 193, 12
21, 190, 193, 88
21, 575, 193, 85
21, 322, 193, 89
21, 330, 193, 73
21, 81, 193, 59
21, 342, 193, 96
21, 237, 193, 72
21, 111, 193, 31
21, 6, 194, 79
21, 263, 194, 81
21, 137, 194, 52
21, 526, 194, 51
21, 527, 194, 66
21, 404, 194, 68
21, 409, 194, 19
21, 281, 194, 31
21, 154, 194, 2
21, 315, 194, 82
21, 59, 194, 68
21, 583, 194, 14
21, 78, 194, 60
21, 210, 194, 39
21, 214, 194, 53
21, 476, 194, 34
21, 492, 194, 34
21, 493, 194, 61
21, 108, 194, 75
21, 242, 194, 26
21, 257, 195, 44
21, 523, 195, 37
21, 276, 195, 11
21, 150, 195, 3
21, 414, 195, 22
21, 45, 195, 46
21, 429, 195, 99
21, 433, 195, 17
21, 310, 195, 85
21, 55, 195, 38
21, 322, 195, 89
21, 587, 195, 66
21, 76, 195, 47
21, 205, 195, 76
21, 593, 195, 30
21, 338, 195, 60
21, 215, 195, 29
21, 97, 195, 81
21, 226, 195, 85
21, 112, 195, 63
21, 133, 196, 69
21, 275, 196, 68
21, 148, 196, 77
21, 417, 196, 35
21, 421, 196, 65
21, 299, 196, 78
21, 301, 196, 82
21, 557, 196, 75
21, 437, 196, 16
21, 438, 196, 45
21, 62, 196, 59
21, 320, 196, 16
21, 196, 196, 45
21, 331, 196, 16
21, 587, 196, 66
21, 592, 196, 77
21, 595, 196, 91
21, 84, 196, 74
21, 219, 196, 82
21, 481, 196, 57
21, 486, 196, 49
21, 508, 196, 99
21, 105, 197, 1
21, 299, 197, 78
21, 273, 197, 67
21, 308, 197, 34
21, 316, 197, 84
21, 183, 197, 27
21, 188, 197, 71
21, 509, 197, 78
21, 227, 198, 12
21, 551, 198, 99
21, 72, 198, 87
21, 587, 198, 66
21, 505, 198, 94
21, 301, 198, 82
21, 369, 198, 90
21, 441, 198, 42
21, 410, 198, 13
21, 189, 198, 100
21, 414, 198, 22
21, 287, 198, 19
21, 0, 199, 78
21, 296, 199, 91
21, 428, 199, 73
21, 79, 199, 56
21, 271, 199, 56
21, 178, 199, 68
21, 562, 199, 15
21, 404, 199, 68
21, 276, 199, 11
21, 535, 199, 15
21, 61, 199, 25
21, 480, 200, 63
21, 345, 200, 48
21, 362, 200, 9
21, 204, 200, 25
21, 366, 200, 28
21, 176, 200, 84
21, 113, 200, 1
21, 529, 200, 84
21, 496, 200, 61
21, 50, 200, 84
21, 275, 200, 68
21, 25, 200, 64
21, 413, 200, 85
21, 222, 200, 97
21, 404, 201, 68
21, 413, 201, 85
21, 419, 201, 36
21, 38, 201, 53
21, 53, 201, 37
21, 189, 201, 100
21, 573, 201, 89
21, 202, 201, 91
21, 205, 201, 76
21, 78, 201, 60
21, 209, 201, 68
21, 119, 201, 29
21, 216, 201, 35
21, 218, 201, 97
21, 483, 201, 7
21, 102, 201, 78
21, 247, 201, 76
21, 248, 201, 26
21, 379, 201, 65
21, 512, 202, 21
21, 405, 202, 26
21, 25, 202, 64
21, 283, 202, 13
21, 416, 202, 100
21, 420, 202, 96
21, 37, 202, 100
21, 429, 202, 99
21, 309, 202, 7
21, 53, 202, 37
21, 185, 202, 57
21, 581, 202, 1
21, 198, 202, 60
21, 70, 202, 83
21, 199, 202, 41
21, 80, 202, 74
21, 339, 202, 67
21, 343, 202, 39
21, 222, 202, 97
21, 233, 202, 48
21, 491, 202, 89
21, 128, 203, 69
21, 513, 203, 99
21, 256, 203, 14
21, 391, 203, 40
21, 264, 203, 26
21, 142, 203, 55
21, 529, 203, 84
21, 534, 203, 72
21, 413, 203, 85
21, 551, 203, 99
21, 426, 203, 73
21, 558, 203, 34
21, 435, 203, 77
21, 445, 203, 86
21, 320, 203, 16
21, 589, 203, 92
21, 88, 203, 8
21, 474, 203, 10
21, 347, 203, 56
21, 106, 203, 95
21, 248, 203, 26
21, 416, 204, 100
21, 217, 204, 57
21, 102, 204, 78
21, 104, 204, 29
21, 441, 204, 42
21, 543, 204, 9
21, 468, 204, 1
21, 23, 204, 42
21, 407, 204, 64
21, 376, 204, 72
21, 505, 204, 94
21, 27, 204, 1
21, 62, 204, 59
21, 415, 204, 20
21, 2, 205, 72
21, 8, 205, 63
21, 393, 205, 91
21, 237, 205, 72
21, 494, 205, 32
21, 15, 205, 24
21, 336, 205, 45
21, 209, 205, 68
21, 211, 205, 19
21, 438, 205, 45
21, 510, 205, 68
21, 351, 205, 98
21, 5, 206, 15
21, 232, 206, 30
21, 331, 206, 16
21, 396, 206, 94
21, 395, 206, 54
21, 367, 206, 17
21, 145, 206, 59
21, 308, 206, 34
21, 117, 206, 48
21, 155, 206, 75
21, 477, 206, 86
21, 542, 206, 99
21, 513, 207, 99
21, 392, 207, 50
21, 396, 207, 94
21, 527, 207, 66
21, 401, 207, 56
21, 151, 207, 55
21, 289, 207, 3
21, 291, 207, 36
21, 38, 207, 53
21, 41, 207, 46
21, 176, 207, 84
21, 308, 207, 34
21, 191, 207, 82
21, 448, 207, 49
21, 200, 207, 89
21, 591, 207, 17
21, 342, 207, 96
21, 474, 207, 10
21, 91, 207, 60
21, 497, 207, 20
21, 252, 207, 78
21, 249, 207, 36
21, 380, 207, 98
21, 523, 208, 37
21, 527, 208, 66
21, 273, 208, 67
21, 531, 208, 46
21, 282, 208, 44
21, 32, 208, 90
21, 165, 208, 89
21, 561, 208, 29
21, 440, 208, 16
21, 452, 208, 92
21, 74, 208, 79
21, 464, 208, 98
21, 208, 208, 100
21, 595, 208, 91
21, 218, 208, 97
21, 219, 208, 82
21, 481, 208, 57
21, 486, 208, 49
21, 241, 208, 26
21, 124, 208, 76
21, 383, 208, 24
21, 227, 209, 12
21, 452, 209, 92
21, 581, 209, 1
21, 551, 209, 99
21, 436, 209, 77
21, 314, 209, 90
21, 2, 210, 72
21, 386, 210, 12
21, 11, 210, 18
21, 525, 210, 55
21, 271, 210, 56
21, 530, 210, 38
21, 158, 210, 86
21, 35, 210, 5
21, 548, 210, 82
21, 303, 210, 28
21, 52, 210, 76
21, 57, 210, 67
21, 314, 210, 90
21, 62, 210, 59
21, 193, 210, 93
21, 324, 210, 58
21, 81, 210, 59
21, 215, 210, 29
21, 347, 210, 56
21, 229, 210, 58
21, 361, 210, 87
21, 500, 210, 3
21, 381, 210, 58
21, 510, 210, 68
21, 577, 211, 63
21, 130, 211, 29
21, 325, 211, 62
21, 6, 211, 79
21, 391, 211, 40
21, 395, 211, 54
21, 525, 211, 55
21, 301, 211, 82
21, 397, 211, 77
21, 368, 211, 14
21, 401, 211, 56
21, 81, 211, 59
21, 272, 211, 29
21, 215, 211, 29
21, 25, 211, 64
21, 378, 211, 28
21, 247, 211, 76
21, 508, 211, 99
21, 514, 212, 36
21, 388, 212, 41
21, 534, 212, 72
21, 288, 212, 33
21, 441, 212, 42
21, 315, 212, 82
21, 575, 212, 85
21, 65, 212, 95
21, 194, 212, 62
21, 585, 212, 9
21, 333, 212, 22
21, 338, 212, 60
21, 471, 212, 28
21, 352, 212, 4
21, 481, 212, 57
21, 353, 212, 42
21, 98, 212, 73
21, 488, 212, 57
21, 233, 212, 48
21, 363, 212, 48
21, 367, 212, 17
21, 241, 212, 26
21, 546, 213, 95
21, 162, 213, 48
21, 521, 213, 71
21, 44, 213, 70
21, 525, 213, 55
21, 333, 213, 22
21, 368, 213, 14
21, 432, 213, 67
21, 281, 213, 31
21, 506, 213, 80
21, 415, 213, 20
21, 136, 214, 64
21, 395, 214, 54
21, 142, 214, 55
21, 292, 214, 93
21, 42, 214, 95
21, 173, 214, 7
21, 429, 214, 99
21, 436, 214, 77
21, 181, 214, 72
21, 182, 214, 66
21, 63, 214, 15
21, 328, 214, 18
21, 85, 214, 27
21, 238, 214, 35
21, 239, 214, 36
21, 245, 214, 35
21, 505, 214, 94
21, 252, 214, 78
21, 383, 214, 24
21, 128, 215, 69
21, 328, 215, 18
21, 489, 215, 70
21, 296, 215, 91
21, 331, 215, 16
21, 308, 215, 34
21, 442, 215, 6
21, 285, 215, 80
21, 95, 215, 1
21, 415, 215, 20
21, 577, 216, 63
21, 355, 216, 20
21, 358, 216, 14
21, 486, 216, 49
21, 8, 216, 63
21, 362, 216, 9
21, 492, 216, 34
21, 14, 216, 87
21, 175, 216, 70
21, 526, 216, 51
21, 48, 216, 93
21, 179, 216, 31
21, 213, 216, 15
21, 375, 216, 98
21, 536, 216, 39
21, 188, 216, 71
21, 93, 216, 97
21, 298, 217, 54
21, 171, 217, 83
21, 335, 217, 94
21, 528, 217, 80
21, 18, 217, 58
21, 501, 217, 17
21, 537, 217, 24
21, 314, 217, 90
21, 443, 217, 89
21, 322, 218, 89
21, 421, 218, 65
21, 424, 218, 88
21, 553, 218, 14
21, 434, 218, 47
21, 409, 218, 19
21, 506, 218, 80
21, 187, 218, 12
21, 380, 218, 98
21, 425, 219, 81
21, 362, 219, 9
21, 396, 219, 94
21, 141, 219, 43
21, 442, 219, 6
21, 315, 219, 82
21, 371, 219, 59
21, 436, 219, 77
21, 469, 219, 73
21, 566, 219, 95
21, 212, 219, 58
21, 373, 219, 96
21, 186, 219, 74
21, 411, 219, 56
21, 478, 219, 22
21, 1, 220, 59
21, 515, 220, 13
21, 13, 220, 37
21, 154, 220, 2
21, 156, 220, 44
21, 159, 220, 95
21, 552, 220, 58
21, 177, 220, 65
21, 50, 220, 84
21, 188, 220, 71
21, 323, 220, 26
21, 455, 220, 53
21, 585, 220, 9
21, 594, 220, 14
21, 214, 220, 53
21, 215, 220, 29
21, 473, 220, 65
21, 234, 220, 11
21, 364, 220, 23
21, 502, 220, 84
21, 503, 220, 21
21, 419, 221, 36
21, 68, 221, 36
21, 485, 221, 76
21, 399, 221, 30
21, 527, 221, 66
21, 113, 221, 1
21, 306, 221, 49
21, 560, 221, 82
21, 380, 221, 98
21, 577, 222, 63
21, 385, 222, 27
21, 73, 222, 70
21, 427, 222, 73
21, 556, 222, 96
21, 555, 222, 34
21, 76, 222, 47
21, 117, 222, 48
21, 536, 222, 39
21, 154, 222, 2
21, 259, 223, 43
21, 516, 223, 72
21, 9, 223, 31
21, 275, 223, 68
21, 533, 223, 64
21, 161, 223, 41
21, 429, 223, 99
21, 431, 223, 85
21, 183, 223, 27
21, 443, 223, 89
21, 320, 223, 16
21, 451, 223, 51
21, 200, 223, 89
21, 76, 223, 47
21, 334, 223, 77
21, 336, 223, 45
21, 468, 223, 1
21, 221, 223, 40
21, 356, 223, 74
21, 231, 223, 57
21, 234, 223, 11
21, 390, 224, 48
21, 393, 224, 91
21, 143, 224, 92
21, 410, 224, 13
21, 157, 224, 98
21, 285, 224, 80
21, 552, 224, 58
21, 560, 224, 82
21, 52, 224, 76
21, 326, 224, 98
21, 584, 224, 20
21, 73, 224, 70
21, 589, 224, 92
21, 205, 224, 76
21, 84, 224, 74
21, 121, 224, 1
21, 354, 224, 33
21, 361, 224, 87
21, 105, 224, 1
21, 239, 224, 36
21, 249, 224, 36
21, 253, 224, 40
21, 511, 224, 62
21, 450, 225, 38
21, 483, 225, 7
21, 420, 225, 96
21, 16, 225, 19
21, 55, 225, 38
21, 568, 225, 88
21, 154, 225, 2
21, 445, 225, 86
21, 319, 225, 28
21, 517, 226, 47
21, 11, 226, 18
21, 399, 226, 30
21, 275, 226, 68
21, 405, 226, 26
21, 290, 226, 43
21, 560, 226, 82
21, 305, 226, 13
21, 54, 226, 4
21, 62, 226, 59
21, 456, 226, 16
21, 79, 226, 56
21, 211, 226, 19
21, 342, 226, 96
21, 490, 226, 35
21, 237, 226, 72
21, 109, 226, 52
21, 373, 226, 96
21, 508, 226, 99
21, 254, 226, 51
21, 3, 227, 97
21, 538, 227, 64
21, 548, 227, 82
21, 426, 227, 73
21, 562, 227, 15
21, 51, 227, 21
21, 574, 227, 62
21, 319, 227, 28
21, 330, 227, 73
21, 598, 227, 58
21, 218, 227, 97
21, 91, 227, 60
21, 226, 227, 85
21, 484, 227, 15
21, 365, 227, 45
21, 493, 227, 61
21, 368, 227, 14
21, 373, 227, 96
21, 375, 227, 98
21, 33, 228, 60
21, 515, 228, 13
21, 486, 228, 49
21, 247, 228, 76
21, 553, 228, 14
21, 392, 228, 50
21, 399, 228, 30
21, 245, 228, 35
21, 502, 228, 84
21, 471, 228, 28
21, 88, 228, 8
21, 473, 228, 65
21, 26, 228, 42
21, 379, 228, 65
21, 412, 228, 11
21, 310, 228, 85
21, 30, 228, 36
21, 68, 229, 36
21, 102, 229, 78
21, 422, 229, 74
21, 359, 229, 3
21, 137, 229, 52
21, 527, 229, 66
21, 207, 229, 90
21, 111, 229, 31
21, 463, 229, 66
21, 307, 229, 63
21, 596, 229, 98
21, 571, 229, 82
21, 508, 229, 99
21, 540, 229, 40
21, 542, 229, 99
21, 63, 229, 15
21, 32, 230, 90
21, 4, 230, 18
21, 261, 230, 67
21, 582, 230, 70
21, 167, 230, 100
21, 520, 230, 68
21, 391, 230, 40
21, 269, 230, 20
21, 110, 230, 50
21, 146, 230, 69
21, 500, 230, 3
21, 373, 230, 96
21, 119, 230, 29
21, 426, 231, 73
21, 396, 231, 94
21, 20, 231, 28
21, 373, 231, 96
21, 374, 231, 87
21, 213, 231, 15
21, 475, 231, 54
21, 94, 231, 54
21, 223, 231, 92
21, 227, 232, 12
21, 41, 232, 46
21, 587, 232, 66
21, 395, 232, 54
21, 239, 232, 36
21, 17, 232, 53
21, 179, 232, 31
21, 213, 232, 15
21, 471, 232, 28
21, 451, 233, 51
21, 261, 233, 67
21, 453, 233, 75
21, 456, 233, 16
21, 138, 233, 65
21, 491, 233, 89
21, 433, 233, 17
21, 82, 233, 40
21, 247, 233, 76
21, 474, 233, 10
21, 315, 233, 82
21, 285, 233, 80
21, 514, 234, 36
21, 102, 234, 78
21, 202, 234, 91
21, 77, 234, 51
21, 239, 234, 36
21, 208, 234, 100
21, 22, 234, 31
21, 542, 234, 99
21, 31, 234, 100
21, 514, 235, 36
21, 12, 235, 33
21, 270, 235, 96
21, 272, 235, 29
21, 17, 235, 53
21, 146, 235, 69
21, 413, 235, 85
21, 46, 235, 99
21, 562, 235, 15
21, 194, 235, 62
21, 580, 235, 11
21, 324, 235, 58
21, 82, 235, 40
21, 83, 235, 54
21, 101, 235, 91
21, 491, 235, 89
21, 492, 235, 34
21, 122, 235, 100
21, 123, 235, 97
21, 381, 235, 58
21, 448, 236, 49
21, 355, 236, 20
21, 356, 236, 74
21, 201, 236, 64
21, 585, 236, 9
21, 45, 236, 46
21, 398, 236, 58
21, 303, 236, 28
21, 141, 236, 43
21, 500, 236, 3
21, 565, 236, 52
21, 566, 236, 95
21, 311, 236, 32
21, 345, 236, 48
21, 379, 236, 65
21, 546, 237, 95
21, 36, 237, 86
21, 516, 237, 72
21, 74, 237, 79
21, 366, 237, 28
21, 239, 237, 36
21, 592, 237, 77
21, 374, 237, 87
21, 89, 237, 68
21, 28, 237, 19
21, 253, 237, 40
21, 446, 237, 75
21, 415, 237, 20
21, 2, 238, 72
21, 130, 238, 29
21, 388, 238, 41
21, 396, 238, 94
21, 404, 238, 68
21, 559, 238, 39
21, 432, 238, 67
21, 313, 238, 8
21, 59, 238, 68
21, 322, 238, 89
21, 326, 238, 98
21, 76, 238, 47
21, 468, 238, 1
21, 87, 238, 20
21, 471, 238, 28
21, 345, 238, 48
21, 92, 238, 67
21, 483, 238, 7
21, 105, 238, 1
21, 504, 238, 34
21, 249, 238, 36
21, 128, 239, 69
21, 261, 239, 67
21, 552, 239, 58
21, 81, 239, 59
21, 405, 239, 26
21, 406, 239, 5
21, 418, 240, 43
21, 291, 240, 36
21, 196, 240, 45
21, 549, 240, 13
21, 141, 240, 43
21, 304, 240, 69
21, 53, 240, 37
21, 22, 240, 31
21, 189, 240, 100
21, 4, 241, 18
21, 78, 241, 60
21, 51, 241, 21
21, 539, 241, 53
21, 574, 241, 62
21, 324, 242, 58
21, 37, 242, 100
21, 166, 242, 32
21, 39, 242, 66
21, 138, 242, 65
21, 11, 242, 18
21, 172, 242, 99
21, 557, 242, 75
21, 307, 242, 63
21, 343, 242, 39
21, 216, 242, 35
21, 478, 242, 22
21, 481, 243, 57
21, 578, 243, 57
21, 72, 243, 87
21, 460, 243, 41
21, 405, 243, 26
21, 219, 243, 82
21, 132, 244, 17
21, 356, 244, 74
21, 138, 244, 65
21, 174, 244, 83
21, 207, 244, 90
21, 337, 244, 64
21, 126, 244, 4
21, 257, 245, 44
21, 153, 245, 27
21, 515, 245, 13
21, 503, 245, 21
21, 104, 245, 29
21, 425, 245, 81
21, 586, 245, 26
21, 238, 245, 35
21, 207, 245, 90
21, 112, 245, 63
21, 278, 245, 61
21, 407, 245, 64
21, 377, 245, 12
21, 511, 245, 62
21, 194, 246, 62
21, 35, 246, 5
21, 166, 246, 32
21, 137, 246, 52
21, 563, 246, 33
21, 54, 246, 4
21, 63, 246, 15
21, 96, 247, 20
21, 471, 247, 28
21, 197, 247, 60
21, 486, 247, 49
21, 457, 247, 26
21, 138, 247, 65
21, 141, 247, 43
21, 205, 247, 76
21, 466, 247, 72
21, 180, 247, 38
21, 535, 247, 15
21, 472, 247, 78
21, 124, 247, 76
21, 414, 247, 22
21, 137, 248, 52
21, 141, 248, 43
21, 532, 248, 27
21, 24, 248, 20
21, 416, 248, 100
21, 290, 248, 43
21, 171, 248, 83
21, 174, 248, 83
21, 560, 248, 82
21, 453, 248, 75
21, 459, 248, 67
21, 588, 248, 58
21, 76, 248, 47
21, 593, 248, 30
21, 475, 248, 54
21, 476, 248, 34
21, 93, 248, 97
21, 360, 248, 73
21, 361, 248, 87
21, 104, 248, 29
21, 225, 249, 55
21, 33, 249, 60
21, 259, 249, 43
21, 164, 249, 77
21, 265, 249, 52
21, 75, 249, 46
21, 459, 249, 67
21, 477, 249, 86
21, 255, 249, 36
21, 514, 250, 36
21, 354, 250, 33
21, 419, 250, 36
21, 382, 250, 53
21, 585, 250, 9
21, 460, 250, 41
21, 461, 250, 55
21, 47, 250, 3
21, 436, 250, 77
21, 126, 250, 4
21, 65, 251, 95
21, 259, 251, 43
21, 269, 251, 20
21, 304, 251, 69
21, 496, 251, 61
21, 434, 251, 47
21, 436, 251, 77
21, 502, 251, 84
21, 222, 251, 97
21, 65, 252, 95
21, 101, 252, 91
21, 74, 252, 79
21, 171, 252, 83
21, 155, 252, 75
21, 237, 252, 72
21, 307, 252, 63
21, 348, 252, 95
21, 186, 252, 74
21, 27, 252, 1
21, 412, 252, 11
21, 311, 252, 32
21, 32, 253, 90
21, 481, 253, 57
21, 2, 253, 72
21, 38, 253, 53
21, 582, 253, 70
21, 585, 253, 9
21, 276, 253, 11
21, 248, 253, 26
21, 313, 253, 8
21, 317, 253, 38
21, 552, 254, 58
21, 202, 254, 91
21, 140, 254, 35
21, 589, 254, 92
21, 112, 254, 63
21, 17, 254, 53
21, 566, 254, 95
21, 88, 254, 8
21, 442, 254, 6
21, 31, 254, 100
21, 129, 255, 48
21, 2, 255, 72
21, 408, 255, 4
21, 157, 255, 98
21, 416, 255, 100
21, 179, 255, 31
21, 438, 255, 45
21, 444, 255, 83
21, 193, 255, 93
21, 324, 255, 58
21, 197, 255, 60
21, 201, 255, 64
21, 459, 255, 67
21, 462, 255, 81
21, 344, 255, 71
21, 347, 255, 56
21, 476, 255, 34
21, 222, 255, 97
21, 496, 255, 61
21, 500, 255, 3
21, 252, 255, 78
21, 546, 256, 95
21, 488, 256, 57
21, 296, 256, 91
21, 145, 256, 59
21, 409, 256, 19
21, 254, 256, 51
21, 12, 257, 33
21, 148, 257, 77
21, 406, 257, 5
21, 279, 257, 42
21, 157, 257, 98
21, 545, 257, 38
21, 290, 257, 43
21, 40, 257, 69
21, 427, 257, 73
21, 171, 257, 83
21, 430, 257, 48
21, 446, 257, 75
21, 453, 257, 75
21, 204, 257, 25
21, 463, 257, 66
21, 228, 257, 49
21, 368, 257, 14
21, 242, 257, 26
21, 501, 257, 17
21, 376, 257, 72
21, 510, 257, 68
21, 512, 258, 21
21, 7, 258, 44
21, 136, 258, 64
21, 10, 258, 82
21, 532, 258, 27
21, 27, 258, 1
21, 35, 258, 5
21, 423, 258, 38
21, 300, 258, 77
21, 172, 258, 99
21, 54, 258, 4
21, 442, 258, 6
21, 68, 258, 36
21, 453, 258, 75
21, 70, 258, 83
21, 588, 258, 58
21, 91, 258, 60
21, 352, 258, 4
21, 356, 258, 74
21, 229, 258, 58
21, 490, 258, 35
21, 494, 258, 32
21, 369, 258, 90
21, 506, 258, 80
21, 508, 258, 99
21, 322, 259, 89
21, 11, 259, 18
21, 113, 259, 1
21, 243, 259, 94
21, 278, 259, 61
21, 574, 259, 62
21, 5, 260, 15
21, 7, 260, 44
21, 393, 260, 91
21, 274, 260, 94
21, 407, 260, 64
21, 296, 260, 91
21, 40, 260, 69
21, 297, 260, 2
21, 176, 260, 84
21, 307, 260, 63
21, 565, 260, 52
21, 573, 260, 89
21, 574, 260, 62
21, 452, 260, 92
21, 456, 260, 16
21, 328, 260, 18
21, 343, 260, 39
21, 90, 260, 97
21, 221, 260, 40
21, 95, 260, 1
21, 113, 260, 1
21, 505, 260, 94
21, 126, 260, 4
21, 257, 261, 44
21, 3, 261, 97
21, 525, 261, 55
21, 529, 261, 84
21, 146, 261, 69
21, 152, 261, 13
21, 29, 261, 32
21, 33, 261, 60
21, 423, 261, 38
21, 439, 261, 87
21, 578, 261, 57
21, 452, 261, 92
21, 69, 261, 37
21, 70, 261, 83
21, 196, 261, 45
21, 206, 261, 80
21, 211, 261, 19
21, 470, 261, 59
21, 347, 261, 56
21, 115, 261, 34
21, 372, 261, 14
21, 122, 261, 100
21, 379, 261, 65
21, 96, 262, 20
21, 164, 262, 77
21, 100, 262, 59
21, 134, 262, 34
21, 200, 262, 89
21, 589, 262, 92
21, 590, 262, 1
21, 594, 262, 14
21, 307, 262, 63
21, 469, 262, 73
21, 278, 262, 61
21, 119, 262, 29
21, 536, 262, 39
21, 249, 262, 36
21, 571, 262, 82
21, 284, 262, 63
21, 445, 262, 86
21, 511, 262, 62
21, 384, 263, 68
21, 402, 263, 33
21, 541, 263, 93
21, 417, 263, 35
21, 34, 263, 19
21, 420, 263, 96
21, 167, 263, 100
21, 552, 263, 58
21, 169, 263, 34
21, 431, 263, 85
21, 435, 263, 77
21, 192, 263, 26
21, 587, 263, 66
21, 79, 263, 56
21, 464, 263, 98
21, 212, 263, 58
21, 87, 263, 20
21, 351, 263, 98
21, 251, 263, 36
21, 370, 263, 51
21, 379, 263, 65
21, 255, 263, 36
21, 232, 264, 30
21, 523, 264, 37
21, 203, 264, 90
21, 333, 264, 22
21, 461, 264, 55
21, 177, 264, 65
21, 243, 264, 94
21, 278, 264, 61
21, 471, 264, 28
21, 88, 264, 8
21, 538, 264, 64
21, 164, 265, 77
21, 420, 265, 96
21, 390, 265, 48
21, 103, 265, 57
21, 485, 265, 76
21, 522, 265, 54
21, 12, 265, 33
21, 141, 265, 43
21, 431, 265, 85
21, 436, 265, 77
21, 345, 265, 48
21, 25, 265, 64
21, 385, 266, 27
21, 259, 266, 43
21, 387, 266, 16
21, 427, 266, 73
21, 115, 266, 34
21, 319, 266, 28
21, 194, 267, 62
21, 293, 267, 2
21, 69, 267, 37
21, 166, 267, 32
21, 523, 267, 37
21, 363, 267, 48
21, 141, 267, 43
21, 528, 267, 80
21, 497, 267, 20
21, 433, 267, 17
21, 435, 267, 77
21, 599, 267, 94
21, 216, 267, 35
21, 475, 267, 54
21, 287, 267, 19
21, 65, 268, 95
21, 386, 268, 12
21, 90, 268, 97
21, 486, 268, 49
21, 328, 268, 18
21, 170, 268, 85
21, 526, 268, 51
21, 463, 268, 66
21, 592, 268, 77
21, 506, 268, 80
21, 507, 268, 45
21, 381, 268, 58
21, 575, 268, 85
21, 417, 269, 35
21, 98, 269, 73
21, 132, 269, 17
21, 472, 269, 78
21, 299, 269, 78
21, 78, 269, 60
21, 304, 269, 69
21, 401, 269, 56
21, 498, 269, 69
21, 533, 269, 64
21, 597, 269, 43
21, 182, 269, 66
21, 376, 269, 72
21, 221, 269, 40
21, 419, 270, 36
21, 451, 270, 51
21, 134, 270, 34
21, 359, 270, 3
21, 584, 270, 20
21, 492, 270, 34
21, 144, 270, 24
21, 273, 270, 67
21, 405, 270, 26
21, 314, 270, 90
21, 1, 271, 59
21, 322, 271, 89
21, 355, 271, 20
21, 131, 271, 68
21, 584, 271, 20
21, 109, 271, 52
21, 563, 271, 33
21, 155, 271, 75
21, 284, 271, 63
21, 126, 271, 4
21, 257, 272, 44
21, 389, 272, 97
21, 10, 272, 82
21, 396, 272, 94
21, 15, 272, 24
21, 149, 272, 22
21, 405, 272, 26
21, 23, 272, 42
21, 418, 272, 43
21, 41, 272, 46
21, 425, 272, 81
21, 300, 272, 77
21, 58, 272, 11
21, 187, 272, 12
21, 62, 272, 59
21, 575, 272, 85
21, 69, 272, 37
21, 200, 272, 89
21, 329, 272, 45
21, 339, 272, 67
21, 488, 272, 57
21, 247, 272, 76
21, 248, 272, 26
21, 121, 272, 1
21, 8, 273, 63
21, 522, 273, 54
21, 139, 273, 75
21, 528, 273, 80
21, 534, 273, 72
21, 151, 273, 55
21, 281, 273, 31
21, 413, 273, 85
21, 561, 273, 29
21, 58, 273, 11
21, 196, 273, 45
21, 70, 273, 83
21, 209, 273, 68
21, 213, 273, 15
21, 344, 273, 71
21, 88, 273, 8
21, 476, 273, 34
21, 480, 273, 63
21, 232, 273, 30
21, 491, 273, 89
21, 497, 273, 20
21, 247, 273, 76
21, 100, 274, 59
21, 104, 274, 29
21, 524, 274, 42
21, 305, 274, 13
21, 27, 274, 1
21, 540, 274, 40
21, 481, 275, 57
21, 294, 275, 28
21, 519, 275, 59
21, 263, 275, 81
21, 265, 275, 52
21, 424, 275, 88
21, 78, 275, 60
21, 213, 275, 15
21, 311, 275, 32
21, 409, 275, 19
21, 190, 275, 88
21, 160, 276, 22
21, 99, 276, 100
21, 196, 276, 45
21, 69, 276, 37
21, 518, 276, 44
21, 72, 276, 87
21, 47, 276, 3
21, 83, 276, 54
21, 56, 276, 14
21, 260, 277, 81
21, 327, 277, 23
21, 9, 277, 31
21, 234, 277, 11
21, 76, 277, 47
21, 336, 277, 45
21, 530, 277, 38
21, 499, 277, 94
21, 312, 277, 23
21, 154, 277, 2
21, 188, 277, 71
21, 540, 277, 40
21, 222, 277, 97
21, 384, 278, 68
21, 257, 278, 44
21, 270, 278, 96
21, 528, 278, 80
21, 20, 278, 28
21, 422, 278, 74
21, 302, 278, 99
21, 562, 278, 15
21, 437, 278, 16
21, 575, 278, 85
21, 322, 278, 89
21, 451, 278, 51
21, 327, 278, 23
21, 73, 278, 70
21, 593, 278, 30
21, 216, 278, 35
21, 89, 278, 68
21, 218, 278, 97
21, 358, 278, 14
21, 113, 278, 1
21, 260, 279, 81
21, 453, 279, 75
21, 358, 279, 14
21, 263, 279, 81
21, 425, 279, 81
21, 500, 279, 3
21, 567, 279, 52
21, 252, 279, 78
21, 446, 279, 75
21, 95, 279, 1
21, 225, 280, 55
21, 97, 280, 81
21, 547, 280, 15
21, 90, 280, 97
21, 556, 280, 96
21, 44, 280, 70
21, 239, 280, 36
21, 592, 280, 77
21, 210, 280, 39
21, 276, 280, 11
21, 21, 280, 92
21, 442, 280, 6
21, 189, 280, 100
21, 548, 281, 82
21, 392, 281, 50
21, 106, 281, 95
21, 464, 281, 98
21, 209, 281, 68
21, 0, 282, 78
21, 549, 282, 13
21, 197, 282, 60
21, 72, 282, 87
21, 42, 282, 95
21, 79, 282, 56
21, 309, 282, 7
21, 277, 282, 100
21, 28, 282, 19
21, 510, 282, 68
21, 31, 282, 100
21, 290, 283, 43
21, 515, 283, 13
21, 122, 283, 100
21, 360, 283, 73
21, 333, 283, 22
21, 302, 283, 99
21, 525, 283, 55
21, 464, 283, 98
21, 81, 283, 59
21, 26, 283, 42
21, 222, 283, 97
21, 517, 284, 47
21, 6, 284, 79
21, 30, 284, 36
21, 288, 284, 33
21, 427, 284, 73
21, 300, 284, 77
21, 431, 284, 85
21, 307, 284, 63
21, 320, 284, 16
21, 579, 284, 46
21, 196, 284, 45
21, 336, 284, 45
21, 592, 284, 77
21, 344, 284, 71
21, 223, 284, 92
21, 226, 284, 85
21, 486, 284, 49
21, 106, 284, 95
21, 250, 284, 90
21, 418, 285, 43
21, 421, 285, 65
21, 265, 285, 52
21, 560, 285, 82
21, 273, 285, 67
21, 259, 286, 43
21, 520, 286, 68
21, 529, 286, 84
21, 151, 286, 55
21, 412, 286, 11
21, 158, 286, 86
21, 545, 286, 38
21, 419, 286, 36
21, 549, 286, 13
21, 432, 286, 67
21, 49, 286, 7
21, 562, 286, 15
21, 190, 286, 88
21, 197, 286, 60
21, 342, 286, 96
21, 92, 286, 67
21, 225, 286, 55
21, 495, 286, 57
21, 121, 286, 1
21, 379, 286, 65
21, 126, 286, 4
21, 386, 287, 12
21, 143, 287, 92
21, 145, 287, 59
21, 22, 287, 31
21, 23, 287, 42
21, 414, 287, 22
21, 418, 287, 43
21, 558, 287, 34
21, 567, 287, 52
21, 440, 287, 16
21, 573, 287, 89
21, 193, 287, 93
21, 327, 287, 23
21, 207, 287, 90
21, 338, 287, 60
21, 594, 287, 14
21, 217, 287, 57
21, 350, 287, 74
21, 480, 287, 63
21, 354, 287, 33
21, 109, 287, 52
21, 366, 287, 28
21, 239, 287, 36
21, 501, 287, 17
21, 352, 288, 4
21, 89, 288, 68
21, 130, 288, 29
21, 552, 288, 58
21, 232, 288, 30
21, 428, 288, 73
21, 45, 288, 46
21, 526, 288, 51
21, 269, 288, 20
21, 399, 288, 30
21, 534, 288, 72
21, 409, 288, 19
21, 572, 288, 22
21, 30, 288, 36
21, 439, 289, 87
21, 2, 289, 72
21, 323, 289, 26
21, 35, 289, 5
21, 229, 289, 58
21, 99, 289, 100
21, 138, 289, 65
21, 305, 289, 13
21, 242, 289, 26
21, 341, 289, 13
21, 566, 289, 95
21, 407, 289, 64
21, 504, 289, 34
21, 476, 289, 34
21, 414, 289, 22
21, 31, 289, 100
21, 162, 290, 48
21, 295, 290, 70
21, 7, 290, 44
21, 81, 290, 59
21, 113, 290, 1
21, 529, 290, 84
21, 180, 290, 38
21, 597, 290, 43
21, 309, 290, 7
21, 215, 290, 29
21, 380, 290, 98
21, 92, 290, 67
21, 157, 290, 98
21, 511, 290, 62
21, 137, 291, 52
21, 21, 291, 92
21, 26, 291, 42
21, 415, 291, 20
21, 417, 291, 35
21, 295, 291, 70
21, 304, 291, 69
21, 564, 291, 77
21, 309, 291, 7
21, 59, 291, 68
21, 317, 291, 38
21, 599, 291, 94
21, 89, 291, 68
21, 354, 291, 33
21, 226, 291, 85
21, 249, 291, 36
21, 103, 291, 57
21, 240, 291, 82
21, 373, 291, 96
21, 377, 291, 12
21, 510, 291, 68
21, 137, 292, 52
21, 269, 292, 20
21, 151, 292, 55
21, 152, 292, 13
21, 159, 292, 95
21, 292, 292, 93
21, 423, 292, 38
21, 297, 292, 2
21, 428, 292, 73
21, 442, 292, 6
21, 455, 292, 53
21, 74, 292, 79
21, 207, 292, 90
21, 464, 292, 98
21, 87, 292, 20
21, 89, 292, 68
21, 368, 292, 14
21, 249, 292, 36
21, 381, 292, 58
21, 510, 292, 68
21, 386, 293, 12
21, 263, 293, 81
21, 328, 293, 18
21, 298, 293, 54
21, 203, 293, 90
21, 400, 293, 86
21, 186, 293, 74
21, 349, 293, 22
21, 389, 294, 97
21, 519, 294, 59
21, 521, 294, 71
21, 411, 294, 56
21, 160, 294, 22
21, 162, 294, 48
21, 293, 294, 2
21, 304, 294, 69
21, 561, 294, 29
21, 177, 294, 65
21, 51, 294, 21
21, 59, 294, 68
21, 325, 294, 62
21, 76, 294, 47
21, 83, 294, 54
21, 213, 294, 15
21, 218, 294, 97
21, 224, 294, 13
21, 485, 294, 76
21, 488, 294, 57
21, 491, 294, 89
21, 493, 294, 61
21, 367, 294, 17
21, 371, 294, 59
21, 378, 294, 28
21, 228, 295, 49
21, 421, 295, 65
21, 422, 295, 74
21, 330, 295, 73
21, 107, 295, 89
21, 123, 295, 97
21, 11, 295, 18
21, 432, 295, 67
21, 179, 295, 31
21, 339, 295, 67
21, 181, 295, 72
21, 84, 295, 74
21, 279, 295, 42
21, 340, 295, 33
21, 249, 295, 36
21, 571, 295, 82
21, 319, 295, 28
21, 522, 296, 54
21, 11, 296, 18
21, 405, 296, 26
21, 541, 296, 93
21, 415, 296, 20
21, 288, 296, 33
21, 427, 296, 73
21, 558, 296, 34
21, 310, 296, 85
21, 192, 296, 26
21, 582, 296, 70
21, 201, 296, 64
21, 459, 296, 67
21, 593, 296, 30
21, 341, 296, 13
21, 344, 296, 71
21, 226, 296, 85
21, 229, 296, 58
21, 235, 296, 15
21, 364, 296, 23
21, 511, 296, 62
21, 36, 297, 86
21, 358, 297, 14
21, 75, 297, 46
21, 203, 297, 90
21, 366, 297, 28
21, 526, 297, 51
21, 206, 297, 80
21, 496, 297, 61
21, 433, 297, 17
21, 339, 297, 67
21, 21, 297, 92
21, 280, 297, 4
21, 284, 297, 63
21, 93, 297, 97
21, 414, 297, 22
21, 260, 298, 81
21, 4, 298, 18
21, 134, 298, 34
21, 10, 298, 82
21, 395, 298, 54
21, 275, 298, 68
21, 534, 298, 72
21, 32, 298, 90
21, 35, 298, 5
21, 38, 298, 53
21, 41, 298, 46
21, 298, 298, 54
21, 428, 298, 73
21, 208, 298, 100
21, 340, 298, 33
21, 596, 298, 98
21, 352, 298, 4
21, 102, 298, 78
21, 499, 298, 94
21, 118, 298, 98
21, 121, 298, 1
21, 321, 299, 41
21, 3, 299, 97
21, 548, 299, 82
21, 485, 299, 76
21, 421, 299, 65
21, 551, 299, 99
21, 360, 299, 73
21, 137, 299, 52
21, 7, 299, 44
21, 472, 299, 78
21, 282, 299, 44
21, 372, 299, 14
21, 504, 299, 34
21, 218, 299, 97
21, 284, 299, 63
21, 62, 299, 59
