300, 600, 30
53, 514, 0, 32
53, 451, 0, 60
53, 35, 0, 35
53, 386, 0, 9
53, 39, 0, 85
53, 168, 0, 45
53, 71, 0, 73
53, 75, 0, 17
53, 12, 0, 22
53, 141, 0, 79
53, 464, 0, 1
53, 341, 0, 89
53, 118, 0, 28
53, 26, 0, 4
53, 384, 1, 73
53, 385, 1, 27
53, 1, 1, 3
53, 8, 1, 87
53, 10, 1, 41
53, 395, 1, 93
53, 266, 1, 5
53, 18, 1, 43
53, 282, 1, 53
53, 156, 1, 86
53, 297, 1, 45
53, 171, 1, 58
53, 172, 1, 23
53, 429, 1, 62
53, 450, 1, 36
53, 451, 1, 60
53, 591, 1, 63
53, 213, 1, 36
53, 470, 1, 1
53, 226, 1, 50
53, 362, 1, 95
53, 507, 1, 73
53, 381, 1, 20
53, 382, 1, 71
53, 576, 2, 53
53, 485, 2, 19
53, 518, 2, 6
53, 39, 2, 85
53, 523, 2, 38
53, 396, 2, 62
53, 589, 2, 13
53, 237, 2, 22
53, 527, 2, 6
53, 433, 2, 42
53, 113, 2, 42
53, 595, 2, 42
53, 594, 2, 13
53, 309, 2, 9
53, 310, 2, 40
53, 218, 2, 48
53, 259, 3, 37
53, 150, 3, 71
53, 536, 3, 25
53, 24, 3, 32
53, 156, 3, 86
53, 545, 3, 82
53, 420, 3, 11
53, 549, 3, 58
53, 421, 3, 26
53, 293, 3, 15
53, 176, 3, 67
53, 566, 3, 50
53, 56, 3, 56
53, 443, 3, 70
53, 575, 3, 99
53, 67, 3, 70
53, 580, 3, 88
53, 457, 3, 63
53, 219, 3, 18
53, 224, 3, 65
53, 98, 3, 58
53, 232, 3, 86
53, 113, 3, 42
53, 373, 3, 88
53, 322, 4, 63
53, 394, 4, 33
53, 558, 4, 90
53, 113, 4, 42
53, 242, 4, 70
53, 211, 4, 9
53, 534, 4, 93
53, 216, 4, 80
53, 256, 5, 74
53, 390, 5, 30
53, 262, 5, 11
53, 552, 5, 61
53, 174, 5, 82
53, 304, 5, 32
53, 434, 5, 15
53, 53, 5, 29
53, 62, 5, 4
53, 330, 5, 23
53, 588, 5, 69
53, 80, 5, 40
53, 82, 5, 27
53, 83, 5, 92
53, 597, 5, 42
53, 87, 5, 61
53, 88, 5, 21
53, 474, 5, 96
53, 480, 5, 28
53, 370, 5, 80
53, 243, 5, 20
53, 247, 5, 7
53, 201, 6, 100
53, 396, 6, 62
53, 111, 6, 49
53, 272, 6, 31
53, 538, 6, 52
53, 130, 7, 80
53, 516, 7, 78
53, 518, 7, 6
53, 263, 7, 52
53, 138, 7, 4
53, 139, 7, 33
53, 271, 7, 22
53, 31, 7, 31
53, 416, 7, 90
53, 167, 7, 35
53, 45, 7, 83
53, 434, 7, 15
53, 190, 7, 12
53, 588, 7, 69
53, 79, 7, 10
53, 595, 7, 42
53, 219, 7, 18
53, 349, 7, 48
53, 101, 7, 29
53, 234, 7, 35
53, 491, 7, 34
53, 368, 7, 41
53, 499, 7, 54
53, 380, 7, 41
53, 255, 7, 28
53, 163, 8, 83
53, 68, 8, 55
53, 296, 8, 66
53, 108, 8, 93
53, 461, 8, 30
53, 78, 8, 54
53, 595, 8, 42
53, 27, 8, 83
53, 542, 8, 47
53, 545, 9, 82
53, 259, 9, 37
53, 521, 9, 54
53, 43, 9, 23
53, 302, 9, 62
53, 110, 9, 75
53, 591, 9, 63
53, 145, 9, 71
53, 16, 9, 1
53, 251, 9, 75
53, 436, 9, 87
53, 272, 9, 31
53, 595, 9, 42
53, 473, 9, 1
53, 379, 9, 62
53, 253, 9, 50
53, 414, 9, 73
53, 393, 10, 82
53, 11, 10, 69
53, 146, 10, 5
53, 150, 10, 71
53, 151, 10, 29
53, 408, 10, 95
53, 282, 10, 53
53, 303, 10, 69
53, 190, 10, 12
53, 319, 10, 31
53, 451, 10, 60
53, 591, 10, 63
53, 468, 10, 89
53, 95, 10, 28
53, 227, 10, 85
53, 104, 10, 100
53, 110, 10, 75
53, 497, 10, 73
53, 370, 10, 80
53, 249, 10, 50
53, 322, 11, 63
53, 162, 11, 86
53, 35, 11, 35
53, 229, 11, 79
53, 422, 11, 87
53, 423, 11, 76
53, 39, 11, 85
53, 2, 11, 39
53, 554, 11, 91
53, 363, 11, 87
53, 527, 11, 6
53, 367, 11, 11
53, 80, 11, 40
53, 370, 11, 80
53, 242, 11, 70
53, 532, 11, 98
53, 343, 11, 34
53, 215, 11, 68
53, 135, 12, 34
53, 138, 12, 4
53, 270, 12, 12
53, 20, 12, 96
53, 534, 12, 93
53, 409, 12, 72
53, 537, 12, 35
53, 162, 12, 86
53, 547, 12, 8
53, 550, 12, 40
53, 555, 12, 97
53, 557, 12, 35
53, 444, 12, 4
53, 83, 12, 92
53, 469, 12, 38
53, 215, 12, 68
53, 358, 12, 98
53, 363, 12, 87
53, 241, 12, 83
53, 288, 13, 34
53, 289, 13, 72
53, 103, 13, 3
53, 40, 13, 45
53, 169, 13, 80
53, 456, 13, 28
53, 136, 13, 86
53, 47, 13, 31
53, 304, 13, 32
53, 305, 13, 42
53, 88, 13, 21
53, 505, 13, 51
53, 59, 13, 3
53, 252, 13, 50
53, 385, 14, 27
53, 136, 14, 86
53, 138, 14, 4
53, 523, 14, 38
53, 16, 14, 1
53, 148, 14, 9
53, 411, 14, 50
53, 161, 14, 15
53, 38, 14, 99
53, 428, 14, 19
53, 178, 14, 28
53, 194, 14, 88
53, 324, 14, 55
53, 458, 14, 4
53, 202, 14, 70
53, 334, 14, 77
53, 210, 14, 76
53, 221, 14, 75
53, 488, 14, 91
53, 360, 14, 33
53, 362, 14, 95
53, 369, 14, 15
53, 251, 14, 75
53, 128, 15, 39
53, 394, 15, 33
53, 28, 15, 17
53, 160, 15, 31
53, 43, 15, 23
53, 558, 15, 90
53, 302, 15, 62
53, 561, 15, 1
53, 308, 15, 85
53, 437, 15, 1
53, 318, 15, 66
53, 194, 15, 88
53, 459, 15, 47
53, 76, 15, 76
53, 79, 15, 10
53, 595, 15, 42
53, 480, 15, 28
53, 233, 15, 17
53, 498, 15, 56
53, 378, 15, 39
53, 125, 15, 5
53, 511, 15, 15
53, 129, 16, 81
53, 264, 16, 100
53, 393, 16, 82
53, 268, 16, 97
53, 528, 16, 77
53, 22, 16, 63
53, 305, 16, 42
53, 52, 16, 36
53, 54, 16, 64
53, 443, 16, 70
53, 62, 16, 4
53, 449, 16, 18
53, 456, 16, 28
53, 202, 16, 70
53, 472, 16, 85
53, 345, 16, 26
53, 221, 16, 75
53, 93, 16, 33
53, 351, 16, 60
53, 99, 16, 46
53, 111, 16, 49
53, 504, 16, 72
53, 249, 16, 50
53, 0, 17, 57
53, 512, 17, 61
53, 521, 17, 54
53, 397, 17, 70
53, 270, 17, 12
53, 26, 17, 4
53, 542, 17, 47
53, 419, 17, 65
53, 550, 17, 40
53, 424, 17, 69
53, 40, 17, 45
53, 42, 17, 45
53, 184, 17, 12
53, 57, 17, 68
53, 314, 17, 71
53, 63, 17, 92
53, 205, 17, 43
53, 211, 17, 9
53, 339, 17, 69
53, 599, 17, 26
53, 481, 17, 68
53, 485, 17, 19
53, 109, 17, 38
53, 367, 17, 11
53, 121, 17, 5
53, 225, 18, 97
53, 323, 18, 64
53, 326, 18, 98
53, 360, 18, 33
53, 138, 18, 4
53, 495, 18, 94
53, 273, 18, 81
53, 337, 18, 27
53, 52, 18, 36
53, 538, 18, 52
53, 318, 18, 66
53, 448, 19, 82
53, 390, 19, 30
53, 264, 19, 100
53, 364, 19, 67
53, 434, 19, 15
53, 371, 19, 46
53, 84, 19, 78
53, 82, 19, 27
53, 342, 19, 52
53, 568, 19, 82
53, 473, 19, 1
53, 219, 19, 18
53, 444, 19, 4
53, 194, 20, 88
53, 163, 20, 83
53, 135, 20, 34
53, 456, 20, 28
53, 507, 20, 73
53, 342, 20, 52
53, 471, 20, 13
53, 571, 20, 23
53, 394, 21, 33
53, 16, 21, 1
53, 31, 21, 31
53, 551, 21, 43
53, 300, 21, 47
53, 432, 21, 61
53, 435, 21, 43
53, 59, 21, 3
53, 62, 21, 4
53, 577, 21, 45
53, 450, 21, 36
53, 585, 21, 71
53, 334, 21, 77
53, 208, 21, 55
53, 338, 21, 73
53, 342, 21, 52
53, 484, 21, 53
53, 230, 21, 65
53, 104, 21, 100
53, 240, 21, 1
53, 242, 21, 70
53, 244, 21, 31
53, 161, 22, 15
53, 354, 22, 60
53, 238, 22, 72
53, 81, 22, 41
53, 371, 22, 46
53, 563, 22, 79
53, 376, 22, 91
53, 314, 22, 71
53, 158, 22, 69
53, 161, 23, 15
53, 131, 23, 74
53, 260, 23, 39
53, 421, 23, 26
53, 68, 23, 55
53, 515, 23, 90
53, 522, 23, 27
53, 304, 23, 32
53, 401, 23, 20
53, 376, 23, 91
53, 377, 23, 67
53, 133, 24, 44
53, 262, 24, 11
53, 529, 24, 59
53, 145, 24, 71
53, 404, 24, 59
53, 534, 24, 93
53, 408, 24, 95
53, 538, 24, 52
53, 171, 24, 58
53, 299, 24, 79
53, 558, 24, 90
53, 305, 24, 42
53, 311, 24, 56
53, 58, 24, 18
53, 59, 24, 3
53, 190, 24, 12
53, 456, 24, 28
53, 585, 24, 71
53, 79, 24, 10
53, 339, 24, 69
53, 469, 24, 38
53, 344, 24, 76
53, 91, 24, 35
53, 117, 24, 85
53, 97, 25, 44
53, 354, 25, 60
53, 200, 25, 38
53, 233, 25, 17
53, 10, 25, 41
53, 461, 25, 30
53, 245, 25, 53
53, 437, 25, 1
53, 87, 25, 61
53, 377, 25, 67
53, 250, 25, 23
53, 540, 25, 73
53, 157, 25, 67
53, 134, 26, 97
53, 262, 26, 11
53, 287, 26, 54
53, 31, 26, 31
53, 429, 26, 62
53, 47, 26, 31
53, 181, 26, 50
53, 319, 26, 31
53, 72, 26, 66
53, 201, 26, 100
53, 460, 26, 60
53, 465, 26, 29
53, 347, 26, 77
53, 354, 26, 60
53, 227, 26, 85
53, 492, 26, 3
53, 237, 26, 22
53, 238, 26, 72
53, 120, 26, 39
53, 577, 27, 45
53, 439, 27, 44
53, 292, 27, 90
53, 549, 27, 58
53, 486, 27, 92
53, 518, 27, 6
53, 75, 27, 17
53, 12, 27, 22
53, 300, 27, 47
53, 432, 27, 61
53, 593, 27, 16
53, 341, 27, 89
53, 438, 27, 80
53, 310, 27, 40
53, 317, 27, 24
53, 255, 27, 28
53, 194, 28, 88
53, 551, 28, 43
53, 168, 28, 45
53, 58, 28, 18
53, 380, 28, 41
53, 383, 28, 24
53, 65, 29, 8
53, 386, 29, 9
53, 455, 29, 99
53, 296, 29, 66
53, 107, 29, 18
53, 460, 29, 60
53, 13, 29, 64
53, 590, 29, 88
53, 47, 29, 31
53, 176, 29, 67
53, 466, 29, 20
53, 595, 29, 42
53, 564, 29, 85
53, 282, 29, 53
53, 511, 29, 15
53, 256, 30, 74
53, 518, 30, 6
53, 263, 30, 52
53, 393, 30, 82
53, 399, 30, 40
53, 412, 30, 37
53, 289, 30, 72
53, 418, 30, 12
53, 291, 30, 59
53, 167, 30, 35
53, 43, 30, 23
53, 575, 30, 99
53, 65, 30, 8
53, 584, 30, 69
53, 457, 30, 63
53, 459, 30, 47
53, 231, 30, 100
53, 373, 30, 88
53, 383, 30, 24
53, 481, 31, 68
53, 578, 31, 81
53, 419, 31, 65
53, 4, 31, 40
53, 261, 31, 99
53, 165, 31, 38
53, 7, 31, 58
53, 162, 31, 86
53, 11, 31, 69
53, 304, 31, 32
53, 144, 31, 40
53, 307, 31, 36
53, 343, 31, 34
53, 409, 31, 72
53, 250, 31, 23
53, 123, 31, 89
53, 540, 31, 73
53, 413, 31, 56
53, 5, 32, 13
53, 135, 32, 34
53, 402, 32, 32
53, 275, 32, 18
53, 534, 32, 93
53, 284, 32, 35
53, 159, 32, 68
53, 420, 32, 11
53, 46, 32, 30
53, 47, 32, 31
53, 433, 32, 42
53, 306, 32, 36
53, 305, 32, 42
53, 52, 32, 36
53, 64, 32, 3
53, 451, 32, 60
53, 586, 32, 31
53, 75, 32, 17
53, 205, 32, 43
53, 465, 32, 29
53, 83, 32, 92
53, 238, 32, 72
53, 112, 32, 68
53, 247, 32, 7
53, 511, 32, 15
53, 0, 33, 57
53, 258, 33, 6
53, 515, 33, 90
53, 388, 33, 74
53, 529, 33, 59
53, 19, 33, 21
53, 149, 33, 72
53, 24, 33, 32
53, 155, 33, 83
53, 425, 33, 40
53, 171, 33, 58
53, 54, 33, 64
53, 184, 33, 12
53, 195, 33, 73
53, 69, 33, 47
53, 78, 33, 54
53, 591, 33, 63
53, 593, 33, 16
53, 594, 33, 13
53, 598, 33, 6
53, 95, 33, 28
53, 226, 33, 50
53, 114, 33, 78
53, 244, 33, 31
53, 121, 33, 5
53, 449, 34, 18
53, 363, 34, 87
53, 236, 34, 78
53, 13, 34, 64
53, 172, 34, 23
53, 16, 34, 1
53, 179, 34, 76
53, 148, 34, 9
53, 276, 34, 55
53, 246, 34, 44
53, 122, 34, 54
53, 541, 35, 62
53, 323, 35, 64
53, 5, 35, 13
53, 103, 35, 3
53, 300, 35, 47
53, 559, 35, 58
53, 434, 35, 15
53, 84, 35, 78
53, 150, 35, 71
53, 87, 35, 61
53, 152, 35, 50
53, 377, 35, 67
53, 93, 35, 33
53, 385, 36, 27
53, 10, 36, 41
53, 271, 36, 22
53, 145, 36, 71
53, 534, 36, 93
53, 156, 36, 86
53, 164, 36, 66
53, 423, 36, 76
53, 298, 36, 93
53, 558, 36, 90
53, 431, 36, 85
53, 564, 36, 85
53, 309, 36, 9
53, 470, 36, 1
53, 342, 36, 52
53, 88, 36, 21
53, 598, 36, 6
53, 347, 36, 77
53, 363, 36, 87
53, 376, 36, 91
53, 385, 37, 27
53, 2, 37, 39
53, 265, 37, 60
53, 404, 37, 59
53, 539, 37, 72
53, 166, 37, 7
53, 295, 37, 69
53, 550, 37, 40
53, 558, 37, 90
53, 176, 37, 67
53, 304, 37, 32
53, 180, 37, 96
53, 64, 37, 3
53, 200, 37, 38
53, 204, 37, 27
53, 335, 37, 28
53, 342, 37, 52
53, 344, 37, 76
53, 348, 37, 72
53, 487, 37, 97
53, 109, 37, 38
53, 241, 37, 83
53, 168, 38, 45
53, 523, 38, 38
53, 556, 38, 76
53, 109, 38, 38
53, 407, 38, 78
53, 69, 39, 47
53, 166, 39, 7
53, 167, 39, 35
53, 424, 39, 69
53, 202, 39, 70
53, 427, 39, 83
53, 10, 39, 41
53, 590, 39, 88
53, 307, 39, 36
53, 154, 39, 24
53, 135, 40, 34
53, 511, 40, 15
53, 274, 40, 44
53, 407, 40, 78
53, 152, 40, 50
53, 545, 40, 82
53, 166, 40, 7
53, 306, 40, 36
53, 308, 40, 85
53, 438, 40, 80
53, 56, 40, 56
53, 64, 40, 3
53, 65, 40, 8
53, 576, 40, 53
53, 327, 40, 12
53, 205, 40, 43
53, 468, 40, 89
53, 363, 40, 87
53, 246, 40, 44
53, 255, 40, 28
53, 136, 41, 86
53, 522, 41, 27
53, 401, 41, 20
53, 537, 41, 35
53, 419, 41, 65
53, 425, 41, 40
53, 428, 41, 19
53, 436, 41, 87
53, 566, 41, 50
53, 568, 41, 82
53, 571, 41, 23
53, 189, 41, 91
53, 70, 41, 4
53, 71, 41, 73
53, 73, 41, 77
53, 82, 41, 27
53, 466, 41, 20
53, 212, 41, 79
53, 220, 41, 11
53, 99, 41, 46
53, 103, 41, 3
53, 104, 41, 100
53, 497, 41, 73
53, 380, 41, 41
53, 381, 41, 20
53, 544, 42, 55
53, 33, 42, 77
53, 547, 42, 8
53, 6, 42, 92
53, 422, 42, 87
53, 72, 42, 66
53, 297, 42, 45
53, 586, 42, 31
53, 235, 42, 50
53, 236, 42, 78
53, 393, 42, 82
53, 48, 42, 34
53, 344, 42, 76
53, 57, 42, 68
53, 122, 42, 54
53, 123, 42, 89
53, 508, 42, 30
53, 415, 42, 21
53, 577, 43, 45
53, 515, 43, 90
53, 584, 43, 69
53, 363, 43, 87
53, 78, 43, 54
53, 125, 43, 5
53, 257, 44, 66
53, 550, 44, 40
53, 198, 44, 8
53, 116, 44, 25
53, 55, 44, 32
53, 412, 44, 37
53, 510, 44, 63
53, 546, 45, 58
53, 426, 45, 51
53, 250, 45, 23
53, 490, 45, 66
53, 272, 45, 31
53, 594, 45, 13
53, 19, 45, 21
53, 538, 45, 52
53, 380, 45, 41
53, 2, 46, 39
53, 199, 46, 67
53, 557, 46, 35
53, 178, 46, 28
53, 532, 46, 98
53, 596, 46, 31
53, 221, 46, 75
53, 478, 46, 64
53, 128, 47, 39
53, 580, 47, 88
53, 549, 47, 58
53, 102, 47, 42
53, 261, 47, 99
53, 396, 47, 62
53, 269, 47, 27
53, 398, 47, 56
53, 113, 47, 42
53, 467, 47, 89
53, 243, 47, 20
53, 183, 47, 35
53, 505, 47, 51
53, 125, 47, 5
53, 127, 47, 95
53, 481, 48, 68
53, 290, 48, 2
53, 195, 48, 73
53, 446, 48, 29
53, 582, 48, 12
53, 243, 48, 20
53, 62, 48, 4
53, 287, 49, 54
53, 351, 49, 60
53, 169, 49, 80
53, 536, 49, 25
53, 394, 49, 33
53, 396, 49, 62
53, 508, 49, 30
53, 561, 49, 1
53, 595, 49, 42
53, 379, 49, 62
53, 501, 49, 46
53, 406, 49, 61
53, 248, 49, 48
53, 283, 49, 64
53, 286, 49, 41
53, 318, 49, 66
53, 447, 49, 97
53, 33, 50, 77
53, 203, 50, 30
53, 110, 50, 75
53, 340, 50, 67
53, 277, 50, 14
53, 570, 50, 3
53, 448, 51, 82
53, 257, 51, 66
53, 162, 51, 86
53, 159, 51, 68
53, 160, 51, 31
53, 134, 51, 97
53, 236, 51, 78
53, 301, 51, 41
53, 525, 51, 5
53, 399, 51, 40
53, 83, 51, 92
53, 307, 51, 36
53, 502, 51, 16
53, 315, 51, 72
53, 93, 51, 33
53, 287, 51, 54
53, 419, 52, 65
53, 518, 52, 6
53, 135, 52, 34
53, 494, 52, 96
53, 143, 52, 3
53, 178, 52, 28
53, 51, 52, 22
53, 472, 52, 85
53, 509, 52, 10
53, 255, 52, 28
53, 96, 53, 51
53, 329, 53, 39
53, 238, 53, 72
53, 143, 53, 3
53, 16, 53, 1
53, 146, 53, 5
53, 147, 53, 85
53, 468, 53, 89
53, 120, 53, 39
53, 122, 53, 54
53, 88, 53, 21
53, 383, 53, 24
53, 161, 54, 15
53, 451, 54, 60
53, 392, 54, 97
53, 169, 54, 80
53, 42, 54, 45
53, 105, 54, 22
53, 269, 54, 27
53, 495, 54, 94
53, 241, 54, 83
53, 242, 54, 70
53, 563, 54, 79
53, 595, 54, 42
53, 120, 54, 39
53, 153, 54, 97
53, 56, 54, 56
53, 219, 54, 18
53, 286, 54, 41
53, 129, 55, 81
53, 387, 55, 13
53, 293, 55, 15
53, 390, 55, 30
53, 74, 55, 85
53, 45, 55, 83
53, 142, 55, 72
53, 560, 55, 23
53, 433, 55, 42
53, 339, 55, 69
53, 437, 55, 1
53, 252, 55, 50
53, 61, 55, 84
53, 446, 55, 29
53, 256, 56, 74
53, 288, 56, 34
53, 480, 56, 28
53, 321, 56, 15
53, 261, 56, 99
53, 294, 56, 94
53, 137, 56, 17
53, 490, 56, 66
53, 78, 56, 54
53, 433, 56, 42
53, 339, 56, 69
53, 149, 56, 72
53, 341, 56, 89
53, 373, 56, 88
53, 26, 56, 4
53, 263, 57, 52
53, 391, 57, 48
53, 9, 57, 71
53, 532, 57, 98
53, 151, 57, 29
53, 280, 57, 3
53, 282, 57, 53
53, 178, 57, 28
53, 565, 57, 21
53, 55, 57, 32
53, 186, 57, 11
53, 443, 57, 70
53, 59, 57, 3
53, 62, 57, 4
53, 326, 57, 98
53, 457, 57, 63
53, 204, 57, 27
53, 479, 57, 47
53, 355, 57, 3
53, 487, 57, 97
53, 108, 57, 93
53, 245, 57, 53
53, 375, 57, 78
53, 506, 57, 46
53, 521, 58, 54
53, 460, 58, 60
53, 433, 58, 42
53, 83, 58, 92
53, 469, 58, 38
53, 88, 58, 21
53, 96, 59, 51
53, 352, 59, 4
53, 195, 59, 73
53, 292, 59, 90
53, 329, 59, 39
53, 233, 59, 17
53, 107, 59, 18
53, 575, 59, 99
53, 79, 59, 10
53, 433, 59, 42
53, 306, 59, 36
53, 280, 59, 3
53, 158, 59, 69
53, 286, 59, 41
53, 130, 60, 80
53, 515, 60, 90
53, 8, 60, 87
53, 585, 60, 71
53, 204, 60, 27
53, 557, 60, 35
53, 588, 60, 69
53, 430, 60, 100
53, 595, 60, 42
53, 597, 60, 42
53, 149, 60, 72
53, 90, 60, 30
53, 475, 60, 30
53, 316, 60, 63
53, 189, 60, 91
53, 2, 61, 39
53, 411, 61, 50
53, 286, 61, 41
53, 288, 61, 34
53, 171, 61, 58
53, 432, 61, 61
53, 188, 61, 48
53, 445, 61, 92
53, 449, 61, 18
53, 194, 61, 88
53, 451, 61, 60
53, 325, 61, 46
53, 457, 61, 63
53, 459, 61, 47
53, 597, 61, 42
53, 349, 61, 48
53, 223, 61, 47
53, 352, 61, 4
53, 102, 61, 42
53, 244, 61, 31
53, 376, 61, 91
53, 249, 61, 50
53, 576, 62, 53
53, 225, 62, 97
53, 197, 62, 76
53, 551, 62, 43
53, 136, 62, 86
53, 553, 62, 5
53, 396, 62, 62
53, 76, 62, 76
53, 306, 62, 36
53, 373, 62, 88
53, 247, 62, 7
53, 410, 62, 70
53, 379, 62, 62
53, 94, 62, 44
53, 383, 62, 24
53, 99, 63, 46
53, 291, 63, 59
53, 293, 63, 15
53, 3, 63, 31
53, 165, 63, 38
53, 168, 63, 45
53, 41, 63, 85
53, 488, 63, 91
53, 464, 63, 1
53, 182, 63, 2
53, 504, 63, 72
53, 217, 63, 5
53, 60, 63, 50
53, 221, 63, 75
53, 130, 64, 80
53, 517, 64, 42
53, 6, 64, 92
53, 262, 64, 11
53, 5, 64, 13
53, 10, 64, 41
53, 12, 64, 22
53, 283, 64, 64
53, 543, 64, 14
53, 292, 64, 90
53, 550, 64, 40
53, 172, 64, 23
53, 313, 64, 29
53, 449, 64, 18
53, 325, 64, 46
53, 588, 64, 69
53, 209, 64, 8
53, 93, 64, 33
53, 226, 64, 50
53, 362, 64, 95
53, 497, 64, 73
53, 499, 64, 54
53, 375, 64, 78
53, 124, 64, 57
53, 323, 65, 64
53, 359, 65, 48
53, 313, 65, 29
53, 399, 65, 40
53, 468, 65, 89
53, 21, 65, 66
53, 153, 65, 97
53, 479, 65, 47
53, 160, 66, 31
53, 229, 66, 79
53, 38, 66, 99
53, 519, 66, 6
53, 8, 66, 87
53, 42, 66, 45
53, 591, 66, 63
53, 337, 66, 27
53, 563, 66, 79
53, 51, 66, 22
53, 85, 66, 88
53, 598, 66, 6
53, 564, 66, 85
53, 150, 66, 71
53, 250, 66, 23
53, 311, 66, 56
53, 8, 67, 87
53, 269, 67, 27
53, 399, 67, 40
53, 18, 67, 43
53, 535, 67, 40
53, 411, 67, 50
53, 412, 67, 37
53, 47, 67, 31
53, 435, 67, 43
53, 310, 67, 40
53, 442, 67, 44
53, 576, 67, 53
53, 66, 67, 44
53, 451, 67, 60
53, 453, 67, 23
53, 74, 67, 85
53, 206, 67, 71
53, 341, 67, 89
53, 225, 67, 97
53, 482, 67, 38
53, 238, 67, 72
53, 243, 67, 20
53, 510, 67, 63
53, 135, 68, 34
53, 18, 68, 43
53, 288, 68, 34
53, 545, 68, 82
53, 546, 68, 58
53, 303, 68, 69
53, 177, 68, 24
53, 55, 68, 32
53, 440, 68, 70
53, 320, 68, 42
53, 71, 68, 73
53, 74, 68, 85
53, 333, 68, 31
53, 81, 68, 41
53, 476, 68, 35
53, 222, 68, 92
53, 480, 68, 28
53, 375, 68, 78
53, 380, 68, 41
53, 253, 68, 50
53, 352, 69, 4
53, 68, 69, 55
53, 102, 69, 42
53, 8, 69, 87
53, 265, 69, 60
53, 264, 69, 100
53, 498, 69, 56
53, 435, 69, 43
53, 179, 69, 76
53, 597, 69, 42
53, 536, 69, 25
53, 570, 69, 3
53, 316, 69, 63
53, 32, 70, 56
53, 291, 70, 59
53, 35, 70, 35
53, 134, 70, 97
53, 265, 70, 60
53, 141, 70, 79
53, 143, 70, 3
53, 177, 70, 24
53, 85, 70, 88
53, 413, 70, 56
53, 65, 71, 8
53, 484, 71, 53
53, 485, 71, 19
53, 103, 71, 3
53, 265, 71, 60
53, 170, 71, 85
53, 329, 71, 39
53, 524, 71, 45
53, 333, 71, 31
53, 207, 71, 73
53, 49, 71, 35
53, 371, 71, 46
53, 117, 71, 85
53, 248, 71, 48
53, 410, 71, 70
53, 283, 71, 64
53, 30, 71, 38
53, 96, 72, 51
53, 35, 72, 35
53, 167, 72, 35
53, 296, 72, 66
53, 299, 72, 79
53, 587, 72, 8
53, 272, 72, 31
53, 433, 72, 42
53, 146, 72, 5
53, 403, 72, 52
53, 244, 72, 31
53, 408, 72, 95
53, 574, 72, 90
53, 257, 73, 66
53, 579, 73, 73
53, 356, 73, 93
53, 169, 73, 80
53, 265, 73, 60
53, 523, 73, 38
53, 141, 73, 79
53, 142, 73, 72
53, 207, 73, 73
53, 173, 73, 10
53, 495, 73, 94
53, 270, 73, 12
53, 237, 73, 22
53, 214, 73, 73
53, 282, 73, 53
53, 73, 74, 77
53, 268, 74, 97
53, 399, 74, 40
53, 338, 74, 73
53, 249, 74, 50
53, 411, 74, 50
53, 541, 74, 62
53, 4, 75, 40
53, 9, 75, 71
53, 142, 75, 72
53, 526, 75, 58
53, 273, 75, 81
53, 148, 75, 9
53, 408, 75, 95
53, 545, 75, 82
53, 34, 75, 88
53, 302, 75, 62
53, 53, 75, 29
53, 181, 75, 50
53, 311, 75, 56
53, 442, 75, 44
53, 577, 75, 45
53, 200, 75, 38
53, 202, 75, 70
53, 205, 75, 43
53, 357, 75, 17
53, 233, 75, 17
53, 122, 75, 54
53, 225, 76, 97
53, 100, 76, 39
53, 138, 76, 4
53, 495, 76, 94
53, 501, 76, 46
53, 284, 76, 35
53, 445, 76, 92
53, 513, 77, 6
53, 516, 77, 78
53, 5, 77, 13
53, 7, 77, 58
53, 275, 77, 18
53, 292, 77, 90
53, 311, 77, 56
53, 440, 77, 70
53, 446, 77, 29
53, 447, 77, 97
53, 200, 77, 38
53, 587, 77, 8
53, 460, 77, 60
53, 590, 77, 88
53, 464, 77, 1
53, 356, 77, 93
53, 102, 77, 42
53, 232, 77, 86
53, 110, 77, 75
53, 367, 77, 11
53, 498, 77, 56
53, 377, 77, 67
53, 506, 77, 46
53, 577, 78, 45
53, 324, 78, 55
53, 357, 78, 17
53, 199, 78, 67
53, 364, 78, 67
53, 492, 78, 3
53, 141, 78, 79
53, 47, 78, 31
53, 17, 78, 18
53, 468, 78, 89
53, 439, 78, 44
53, 409, 78, 72
53, 573, 78, 80
53, 62, 78, 4
53, 134, 79, 97
53, 298, 79, 93
53, 141, 79, 79
53, 561, 79, 1
53, 244, 79, 31
53, 505, 79, 51
53, 347, 79, 77
53, 188, 79, 48
53, 32, 80, 56
53, 418, 80, 12
53, 517, 80, 42
53, 454, 80, 95
53, 582, 80, 12
53, 232, 80, 86
53, 423, 80, 76
53, 333, 80, 31
53, 527, 80, 6
53, 241, 80, 83
53, 594, 80, 13
53, 50, 80, 96
53, 53, 80, 29
53, 118, 80, 28
53, 375, 80, 78
53, 159, 80, 68
53, 193, 81, 2
53, 194, 81, 88
53, 289, 81, 72
53, 386, 81, 9
53, 133, 81, 44
53, 166, 81, 7
53, 323, 81, 64
53, 2, 81, 39
53, 459, 81, 47
53, 524, 81, 45
53, 44, 81, 48
53, 463, 81, 18
53, 532, 81, 98
53, 53, 81, 29
53, 148, 81, 9
53, 217, 81, 5
53, 187, 81, 90
53, 381, 81, 20
53, 192, 82, 71
53, 419, 82, 65
53, 143, 82, 3
53, 17, 82, 18
53, 81, 82, 41
53, 180, 82, 96
53, 309, 82, 9
53, 86, 82, 68
53, 377, 82, 67
53, 355, 83, 3
53, 548, 83, 17
53, 36, 83, 47
53, 550, 83, 40
53, 491, 83, 34
53, 110, 83, 75
53, 272, 83, 31
53, 435, 83, 43
53, 19, 83, 21
53, 148, 83, 9
53, 343, 83, 34
53, 315, 83, 72
53, 317, 83, 24
53, 8, 84, 87
53, 10, 84, 41
53, 528, 84, 77
53, 275, 84, 18
53, 538, 84, 52
53, 154, 84, 24
53, 284, 84, 35
53, 413, 84, 56
53, 282, 84, 53
53, 548, 84, 17
53, 43, 84, 23
53, 556, 84, 76
53, 307, 84, 36
53, 318, 84, 66
53, 578, 84, 81
53, 584, 84, 69
53, 459, 84, 47
53, 203, 84, 30
53, 587, 84, 8
53, 213, 84, 36
53, 228, 84, 32
53, 249, 84, 50
53, 507, 84, 73
53, 124, 84, 57
53, 515, 85, 90
53, 516, 85, 78
53, 266, 85, 5
53, 402, 85, 32
53, 21, 85, 66
53, 25, 85, 2
53, 542, 85, 47
53, 31, 85, 31
53, 161, 85, 15
53, 163, 85, 83
53, 164, 85, 66
53, 423, 85, 76
53, 430, 85, 100
53, 48, 85, 34
53, 304, 85, 32
53, 565, 85, 21
53, 310, 85, 40
53, 567, 85, 18
53, 63, 85, 92
53, 472, 85, 85
53, 493, 85, 63
53, 121, 85, 5
53, 387, 86, 13
53, 4, 86, 40
53, 259, 86, 37
53, 396, 86, 62
53, 402, 86, 32
53, 416, 86, 90
53, 34, 86, 88
53, 295, 86, 69
53, 298, 86, 93
53, 299, 86, 79
53, 556, 86, 76
53, 302, 86, 62
53, 189, 86, 91
53, 446, 86, 29
53, 575, 86, 99
53, 576, 86, 53
53, 580, 86, 88
53, 470, 86, 1
53, 473, 86, 1
53, 351, 86, 60
53, 479, 86, 47
53, 115, 86, 27
53, 372, 86, 41
53, 376, 86, 91
53, 1, 87, 3
53, 130, 87, 80
53, 291, 87, 59
53, 257, 87, 66
53, 8, 87, 87
53, 169, 87, 80
53, 363, 87, 87
53, 78, 87, 54
53, 399, 87, 40
53, 174, 87, 82
53, 465, 87, 29
53, 18, 87, 43
53, 179, 87, 76
53, 375, 87, 78
53, 312, 87, 28
53, 251, 87, 75
53, 92, 87, 6
53, 285, 87, 96
53, 1, 88, 3
53, 132, 88, 43
53, 4, 88, 40
53, 528, 88, 77
53, 148, 88, 9
53, 408, 88, 95
53, 300, 88, 47
53, 173, 88, 10
53, 180, 88, 96
53, 182, 88, 2
53, 183, 88, 35
53, 61, 88, 84
53, 446, 88, 29
53, 191, 88, 5
53, 455, 88, 99
53, 72, 88, 66
53, 334, 88, 77
53, 467, 88, 89
53, 219, 88, 18
53, 230, 88, 65
53, 233, 88, 17
53, 371, 88, 46
53, 372, 88, 41
53, 117, 88, 85
53, 377, 88, 67
53, 130, 89, 80
53, 228, 89, 32
53, 40, 89, 45
53, 74, 89, 85
53, 364, 89, 67
53, 397, 89, 70
53, 121, 89, 5
53, 510, 89, 63
53, 514, 90, 32
53, 482, 90, 38
53, 41, 90, 85
53, 523, 90, 38
53, 524, 90, 45
53, 399, 90, 40
53, 209, 90, 8
53, 114, 90, 78
53, 435, 90, 43
53, 566, 90, 50
53, 534, 90, 93
53, 88, 90, 21
53, 25, 90, 2
53, 283, 90, 64
53, 482, 91, 38
53, 3, 91, 31
53, 226, 91, 50
53, 197, 91, 76
53, 361, 91, 34
53, 273, 91, 81
53, 274, 91, 44
53, 179, 91, 76
53, 53, 91, 29
53, 183, 91, 35
53, 248, 91, 48
53, 313, 91, 29
53, 186, 91, 11
53, 156, 91, 86
53, 509, 91, 10
53, 126, 91, 39
53, 351, 91, 60
53, 386, 92, 9
53, 2, 92, 39
53, 132, 92, 43
53, 389, 92, 48
53, 6, 92, 92
53, 394, 92, 33
53, 409, 92, 72
53, 291, 92, 59
53, 36, 92, 47
53, 165, 92, 38
53, 295, 92, 69
53, 554, 92, 91
53, 565, 92, 21
53, 442, 92, 44
53, 450, 92, 36
53, 67, 92, 70
53, 581, 92, 10
53, 81, 92, 41
53, 211, 92, 9
53, 598, 92, 6
53, 220, 92, 11
53, 349, 92, 48
53, 226, 92, 50
53, 118, 92, 28
53, 422, 93, 87
53, 583, 93, 63
53, 459, 93, 47
53, 111, 93, 49
53, 240, 93, 1
53, 467, 93, 89
53, 212, 93, 79
53, 150, 93, 71
53, 56, 93, 56
53, 220, 93, 11
53, 287, 93, 54
53, 128, 94, 39
53, 353, 94, 74
53, 292, 94, 90
53, 554, 94, 91
53, 267, 94, 7
53, 367, 94, 11
53, 521, 95, 54
53, 396, 95, 62
53, 141, 95, 79
53, 20, 95, 96
53, 156, 95, 86
53, 160, 95, 31
53, 417, 95, 89
53, 162, 95, 86
53, 33, 95, 77
53, 548, 95, 17
53, 549, 95, 58
53, 294, 95, 94
53, 552, 95, 61
53, 181, 95, 50
53, 56, 95, 56
53, 442, 95, 44
53, 343, 95, 34
53, 89, 95, 67
53, 473, 95, 1
53, 224, 95, 65
53, 487, 95, 97
53, 491, 95, 34
53, 246, 95, 44
53, 133, 96, 44
53, 390, 96, 30
53, 10, 96, 41
53, 139, 96, 33
53, 524, 96, 45
53, 407, 96, 78
53, 411, 96, 50
53, 171, 96, 58
53, 176, 96, 67
53, 306, 96, 36
53, 314, 96, 71
53, 194, 96, 88
53, 347, 96, 77
53, 221, 96, 75
53, 353, 96, 74
53, 481, 96, 68
53, 240, 96, 1
53, 507, 96, 73
53, 124, 96, 57
53, 577, 97, 45
53, 280, 97, 3
53, 38, 97, 99
53, 200, 97, 38
53, 393, 97, 82
53, 394, 97, 33
53, 45, 97, 83
53, 173, 97, 10
53, 338, 97, 73
53, 570, 97, 3
53, 118, 97, 28
53, 374, 97, 31
53, 408, 97, 95
53, 57, 97, 68
53, 314, 97, 71
53, 508, 97, 30
53, 93, 97, 33
53, 287, 97, 54
53, 128, 98, 39
53, 58, 98, 18
53, 424, 98, 69
53, 169, 98, 80
53, 141, 98, 79
53, 432, 98, 61
53, 85, 98, 88
53, 375, 98, 78
53, 440, 98, 70
53, 346, 98, 28
53, 289, 99, 72
53, 579, 99, 73
53, 388, 99, 74
53, 295, 99, 69
53, 568, 99, 82
53, 459, 99, 47
53, 144, 99, 40
53, 338, 99, 73
53, 562, 99, 82
53, 564, 99, 85
53, 470, 99, 1
53, 24, 99, 32
53, 251, 99, 75
53, 152, 99, 50
53, 222, 99, 92
53, 3, 100, 31
53, 240, 100, 1
53, 595, 100, 42
53, 500, 100, 33
53, 475, 100, 30
53, 61, 100, 84
53, 0, 101, 57
53, 547, 101, 8
53, 324, 101, 55
53, 5, 101, 13
53, 549, 101, 58
53, 424, 101, 69
53, 48, 101, 34
53, 113, 101, 42
53, 146, 101, 5
53, 468, 101, 89
53, 503, 101, 25
53, 344, 101, 76
53, 59, 101, 3
53, 124, 101, 57
53, 222, 101, 92
53, 543, 101, 14
53, 131, 102, 74
53, 39, 102, 85
53, 168, 102, 45
53, 135, 102, 34
53, 586, 102, 31
53, 43, 102, 23
53, 268, 102, 97
53, 298, 102, 93
53, 76, 102, 76
53, 207, 102, 73
53, 47, 102, 31
53, 202, 102, 70
53, 243, 102, 20
53, 55, 102, 32
53, 248, 102, 48
53, 57, 102, 68
53, 253, 102, 50
53, 159, 102, 68
53, 128, 103, 39
53, 481, 103, 68
53, 66, 103, 44
53, 260, 103, 39
53, 169, 103, 80
53, 556, 103, 76
53, 45, 103, 83
53, 110, 103, 75
53, 367, 103, 11
53, 531, 103, 10
53, 436, 103, 87
53, 245, 103, 53
53, 598, 103, 6
53, 247, 103, 7
53, 505, 103, 51
53, 475, 103, 30
53, 196, 104, 67
53, 261, 104, 99
53, 388, 104, 74
53, 133, 104, 44
53, 392, 104, 97
53, 9, 104, 71
53, 267, 104, 7
53, 337, 104, 27
53, 596, 104, 31
53, 311, 104, 56
53, 506, 104, 46
53, 253, 104, 50
53, 478, 104, 64
53, 353, 105, 74
53, 548, 105, 17
53, 134, 105, 97
53, 360, 105, 33
53, 235, 105, 50
53, 343, 105, 34
53, 381, 105, 20
53, 96, 106, 51
53, 546, 106, 58
53, 483, 106, 25
53, 259, 106, 37
53, 69, 106, 47
53, 550, 106, 40
53, 423, 106, 76
53, 38, 106, 99
53, 471, 106, 13
53, 205, 106, 43
53, 144, 106, 40
53, 498, 106, 56
53, 339, 106, 69
53, 181, 106, 50
53, 277, 106, 14
53, 535, 106, 40
53, 316, 106, 63
53, 511, 106, 15
53, 353, 107, 74
53, 578, 107, 81
53, 69, 107, 47
53, 326, 107, 98
53, 200, 107, 38
53, 461, 107, 30
53, 590, 107, 88
53, 144, 107, 40
53, 213, 107, 36
53, 157, 107, 67
53, 396, 108, 62
53, 45, 108, 83
53, 497, 108, 73
53, 87, 108, 61
53, 344, 108, 76
53, 441, 108, 5
53, 91, 108, 35
53, 479, 108, 47
53, 503, 109, 25
53, 135, 109, 34
53, 462, 109, 17
53, 526, 109, 58
53, 142, 109, 72
53, 401, 109, 20
53, 597, 109, 42
53, 406, 109, 61
53, 438, 109, 80
53, 473, 109, 1
53, 125, 109, 5
53, 286, 109, 41
53, 514, 110, 32
53, 322, 110, 63
53, 71, 110, 73
53, 135, 110, 34
53, 521, 110, 54
53, 526, 110, 58
53, 367, 110, 11
53, 210, 110, 76
53, 371, 110, 46
53, 270, 111, 12
53, 287, 111, 54
53, 162, 111, 86
53, 550, 111, 40
53, 173, 111, 10
53, 48, 111, 34
53, 565, 111, 21
53, 440, 111, 70
53, 572, 111, 8
53, 76, 111, 76
53, 591, 111, 63
53, 464, 111, 1
53, 467, 111, 89
53, 343, 111, 34
53, 93, 111, 33
53, 229, 111, 79
53, 357, 111, 17
53, 113, 111, 42
53, 254, 111, 82
53, 386, 112, 9
53, 323, 112, 64
53, 164, 112, 66
53, 484, 112, 53
53, 166, 112, 7
53, 165, 112, 38
53, 136, 112, 86
53, 421, 112, 26
53, 516, 112, 78
53, 135, 112, 34
53, 556, 112, 76
53, 527, 112, 6
53, 242, 112, 70
53, 152, 112, 50
53, 91, 112, 35
53, 512, 113, 61
53, 193, 113, 2
53, 515, 113, 90
53, 520, 113, 13
53, 265, 113, 60
53, 456, 113, 28
53, 107, 113, 18
53, 270, 113, 12
53, 17, 113, 18
53, 89, 113, 67
53, 509, 113, 10
53, 0, 114, 57
53, 355, 114, 3
53, 357, 114, 17
53, 549, 114, 58
53, 359, 114, 48
53, 165, 114, 38
53, 585, 114, 71
53, 73, 114, 77
53, 364, 114, 67
53, 493, 114, 63
53, 239, 114, 76
53, 562, 114, 82
53, 403, 114, 52
53, 59, 114, 3
53, 28, 114, 17
53, 542, 114, 47
53, 224, 115, 65
53, 257, 115, 66
53, 162, 115, 86
53, 194, 115, 88
53, 332, 115, 36
53, 12, 115, 22
53, 378, 115, 39
53, 15, 115, 45
53, 180, 115, 96
53, 570, 115, 3
53, 134, 116, 97
53, 555, 116, 97
53, 172, 116, 23
53, 237, 116, 22
53, 478, 116, 64
53, 384, 117, 73
53, 99, 117, 46
53, 297, 117, 45
53, 234, 117, 35
53, 140, 117, 93
53, 114, 117, 78
53, 244, 117, 31
53, 570, 117, 3
53, 215, 117, 68
53, 506, 117, 46
53, 285, 117, 96
53, 160, 118, 31
53, 417, 118, 89
53, 230, 118, 65
53, 360, 118, 33
53, 586, 118, 31
53, 107, 118, 18
53, 78, 118, 54
53, 400, 118, 30
53, 376, 118, 91
53, 506, 118, 46
53, 187, 118, 90
53, 541, 118, 62
53, 515, 119, 90
53, 356, 119, 93
53, 198, 119, 8
53, 585, 119, 71
53, 330, 119, 23
53, 302, 119, 62
53, 431, 119, 85
53, 592, 119, 53
53, 560, 119, 23
53, 434, 119, 15
53, 211, 119, 9
53, 404, 119, 59
53, 54, 119, 64
53, 283, 119, 64
53, 3, 120, 31
53, 393, 120, 82
53, 11, 120, 69
53, 396, 120, 62
53, 529, 120, 59
53, 283, 120, 64
53, 419, 120, 65
53, 295, 120, 69
53, 302, 120, 62
53, 436, 120, 87
53, 319, 120, 31
53, 321, 120, 15
53, 473, 120, 1
53, 474, 120, 96
53, 120, 120, 39
53, 349, 120, 48
53, 483, 120, 25
53, 243, 120, 20
53, 507, 120, 73
53, 248, 120, 48
53, 251, 120, 75
53, 508, 120, 30
53, 229, 121, 79
53, 9, 121, 71
53, 458, 121, 4
53, 591, 121, 63
53, 400, 121, 30
53, 83, 121, 92
53, 438, 121, 80
53, 513, 122, 6
53, 161, 122, 15
53, 230, 122, 65
53, 425, 122, 40
53, 458, 122, 4
53, 397, 122, 70
53, 269, 122, 27
53, 338, 122, 73
53, 307, 122, 36
53, 23, 122, 50
53, 243, 122, 20
53, 22, 122, 63
53, 119, 122, 74
53, 440, 122, 70
53, 117, 122, 85
53, 186, 122, 11
53, 510, 122, 63
53, 95, 122, 28
53, 299, 123, 79
53, 396, 123, 62
53, 109, 123, 38
53, 19, 123, 21
53, 150, 123, 71
53, 504, 123, 72
53, 249, 123, 50
53, 282, 123, 53
53, 251, 123, 75
53, 572, 123, 8
53, 510, 123, 63
53, 3, 124, 31
53, 169, 124, 80
53, 206, 124, 71
53, 464, 124, 1
53, 113, 124, 42
53, 381, 124, 20
53, 89, 125, 67
53, 323, 125, 64
53, 172, 125, 23
53, 493, 125, 63
53, 463, 125, 18
53, 209, 125, 8
53, 500, 125, 33
53, 468, 125, 89
53, 535, 125, 40
53, 568, 125, 82
53, 537, 125, 35
53, 538, 125, 52
53, 446, 125, 29
53, 513, 126, 6
53, 387, 126, 13
53, 519, 126, 6
53, 136, 126, 86
53, 392, 126, 97
53, 397, 126, 70
53, 535, 126, 40
53, 543, 126, 14
53, 423, 126, 76
53, 561, 126, 1
53, 181, 126, 50
53, 195, 126, 73
53, 196, 126, 67
53, 597, 126, 42
53, 226, 126, 50
53, 229, 126, 79
53, 493, 126, 63
53, 377, 126, 67
53, 379, 126, 62
53, 255, 126, 28
53, 146, 127, 5
53, 533, 127, 22
53, 279, 127, 49
53, 152, 127, 50
53, 539, 127, 72
53, 420, 127, 11
53, 430, 127, 100
53, 559, 127, 58
53, 177, 127, 24
53, 184, 127, 12
53, 442, 127, 44
53, 192, 127, 71
53, 449, 127, 18
53, 452, 127, 38
53, 325, 127, 46
53, 336, 127, 74
53, 339, 127, 69
53, 97, 127, 44
53, 229, 127, 79
53, 369, 127, 15
53, 499, 127, 54
53, 378, 127, 39
53, 125, 127, 5
53, 548, 128, 17
53, 390, 128, 30
53, 91, 128, 35
53, 139, 128, 33
53, 331, 128, 7
53, 142, 128, 72
53, 590, 128, 88
53, 113, 128, 42
53, 281, 128, 25
53, 379, 128, 62
53, 94, 128, 44
53, 481, 129, 68
53, 291, 129, 59
53, 43, 129, 23
53, 108, 129, 93
53, 464, 129, 1
53, 466, 129, 20
53, 117, 129, 85
53, 255, 129, 28
53, 7, 130, 58
53, 136, 130, 86
53, 13, 130, 64
53, 141, 130, 79
53, 273, 130, 81
53, 276, 130, 55
53, 543, 130, 14
53, 31, 130, 31
53, 162, 130, 86
53, 295, 130, 69
53, 169, 130, 80
53, 298, 130, 93
53, 427, 130, 83
53, 50, 130, 96
53, 569, 130, 40
53, 77, 130, 33
53, 211, 130, 9
53, 348, 130, 72
53, 351, 130, 60
53, 480, 130, 28
53, 229, 130, 79
53, 112, 130, 68
53, 243, 130, 20
53, 119, 130, 74
53, 511, 130, 15
53, 129, 131, 81
53, 260, 131, 39
53, 132, 131, 43
53, 264, 131, 100
53, 12, 131, 22
53, 148, 131, 9
53, 533, 131, 22
53, 406, 131, 61
53, 280, 131, 3
53, 30, 131, 38
53, 163, 131, 83
53, 419, 131, 65
53, 38, 131, 99
53, 303, 131, 69
53, 306, 131, 36
53, 571, 131, 23
53, 319, 131, 31
53, 447, 131, 97
53, 69, 131, 47
53, 71, 131, 73
53, 462, 131, 17
53, 359, 131, 48
53, 108, 131, 93
53, 371, 131, 46
53, 32, 132, 56
53, 358, 132, 98
53, 556, 132, 76
53, 336, 132, 74
53, 530, 132, 31
53, 279, 132, 49
53, 313, 132, 29
53, 156, 132, 86
53, 447, 133, 97
53, 43, 133, 23
53, 78, 133, 54
53, 495, 133, 94
53, 83, 133, 92
53, 276, 133, 55
53, 115, 133, 27
53, 536, 133, 25
53, 476, 133, 35
53, 319, 133, 31
53, 353, 134, 74
53, 98, 134, 58
53, 289, 134, 72
53, 386, 134, 9
53, 39, 134, 85
53, 328, 134, 34
53, 169, 134, 80
53, 139, 134, 33
53, 300, 134, 47
53, 431, 134, 85
53, 176, 134, 67
53, 208, 134, 55
53, 112, 134, 68
53, 20, 134, 96
53, 309, 134, 9
53, 21, 134, 66
53, 29, 134, 55
53, 543, 134, 14
53, 3, 135, 31
53, 425, 135, 40
53, 523, 135, 38
53, 112, 135, 68
53, 373, 135, 88
53, 182, 135, 2
53, 280, 135, 3
53, 94, 135, 44
53, 92, 135, 6
53, 93, 135, 33
53, 158, 135, 69
53, 575, 135, 99
53, 0, 136, 57
53, 547, 136, 8
53, 535, 136, 40
53, 233, 136, 17
53, 525, 136, 5
53, 375, 136, 78
53, 312, 136, 28
53, 542, 136, 47
53, 415, 136, 21
53, 32, 137, 56
53, 226, 137, 50
53, 485, 137, 19
53, 453, 137, 23
53, 206, 137, 71
53, 430, 137, 100
53, 348, 137, 72
53, 262, 138, 11
53, 108, 138, 93
53, 12, 138, 22
53, 85, 138, 88
53, 598, 138, 6
53, 281, 138, 25
53, 284, 138, 35
53, 223, 138, 47
53, 4, 139, 40
53, 518, 139, 6
53, 395, 139, 93
53, 149, 139, 72
53, 160, 139, 31
53, 545, 139, 82
53, 34, 139, 88
53, 546, 139, 58
53, 559, 139, 58
53, 432, 139, 61
53, 306, 139, 36
53, 435, 139, 43
53, 181, 139, 50
53, 194, 139, 88
53, 580, 139, 88
53, 205, 139, 43
53, 334, 139, 77
53, 375, 139, 78
53, 238, 139, 72
53, 240, 139, 1
53, 502, 139, 16
53, 246, 139, 44
53, 144, 140, 40
53, 533, 140, 22
53, 277, 140, 14
53, 153, 140, 97
53, 412, 140, 37
53, 419, 140, 65
53, 36, 140, 47
53, 172, 140, 23
53, 69, 140, 47
53, 72, 140, 66
53, 202, 140, 70
53, 204, 140, 27
53, 463, 140, 18
53, 592, 140, 53
53, 212, 140, 79
53, 99, 140, 46
53, 101, 140, 29
53, 497, 140, 73
53, 372, 140, 41
53, 124, 140, 57
53, 480, 141, 28
53, 513, 141, 6
53, 322, 141, 63
53, 390, 141, 30
53, 70, 141, 4
53, 42, 141, 45
53, 540, 141, 73
53, 125, 141, 5
53, 158, 141, 69
53, 1, 142, 3
53, 516, 142, 78
53, 394, 142, 33
53, 143, 142, 3
53, 148, 142, 9
53, 533, 142, 22
53, 539, 142, 72
53, 190, 142, 12
53, 574, 142, 90
53, 459, 142, 47
53, 589, 142, 13
53, 339, 142, 69
53, 84, 142, 78
53, 598, 142, 6
53, 345, 142, 26
53, 91, 142, 35
53, 477, 142, 53
53, 356, 142, 93
53, 362, 142, 95
53, 234, 142, 35
53, 110, 142, 75
53, 508, 142, 30
53, 225, 143, 97
53, 5, 143, 13
53, 199, 143, 67
53, 424, 143, 69
53, 103, 143, 3
53, 436, 143, 87
53, 181, 143, 50
53, 407, 143, 78
53, 280, 143, 3
53, 122, 143, 54
53, 443, 143, 70
53, 152, 143, 50
53, 126, 143, 39
53, 163, 144, 83
53, 262, 144, 11
53, 589, 144, 13
53, 430, 144, 100
53, 462, 144, 17
53, 80, 144, 40
53, 436, 144, 87
53, 567, 144, 18
53, 60, 144, 50
53, 129, 145, 81
53, 258, 145, 6
53, 138, 145, 4
53, 141, 145, 79
53, 402, 145, 32
53, 23, 145, 50
53, 413, 145, 56
53, 415, 145, 21
53, 168, 145, 45
53, 297, 145, 45
53, 173, 145, 10
53, 560, 145, 23
53, 183, 145, 35
53, 64, 145, 3
53, 577, 145, 45
53, 198, 145, 8
53, 235, 145, 50
53, 498, 145, 56
53, 116, 145, 25
53, 502, 145, 16
53, 510, 145, 63
53, 4, 146, 40
53, 36, 146, 47
53, 327, 146, 12
53, 76, 146, 76
53, 567, 146, 18
53, 121, 146, 5
53, 311, 146, 56
53, 196, 147, 67
53, 389, 147, 48
53, 167, 147, 35
53, 488, 147, 91
53, 426, 147, 51
53, 268, 147, 97
53, 527, 147, 6
53, 435, 147, 43
53, 531, 147, 10
53, 566, 147, 50
53, 312, 147, 28
53, 26, 147, 4
53, 317, 147, 24
53, 353, 148, 74
53, 481, 148, 68
53, 74, 148, 85
53, 271, 148, 22
53, 498, 148, 56
53, 120, 148, 39
53, 158, 148, 69
53, 139, 149, 33
53, 399, 149, 40
53, 148, 149, 9
53, 411, 149, 50
53, 34, 149, 88
53, 424, 149, 69
53, 553, 149, 5
53, 303, 149, 69
53, 311, 149, 56
53, 186, 149, 11
53, 444, 149, 4
53, 445, 149, 92
53, 318, 149, 66
53, 198, 149, 8
53, 333, 149, 31
53, 336, 149, 74
53, 218, 149, 48
53, 349, 149, 48
53, 98, 149, 58
53, 372, 149, 41
53, 225, 150, 97
53, 423, 150, 76
53, 199, 150, 67
53, 200, 150, 38
53, 394, 150, 33
53, 268, 150, 97
53, 364, 150, 67
53, 143, 150, 3
53, 176, 150, 67
53, 155, 150, 83
53, 0, 151, 57
53, 261, 151, 99
53, 231, 151, 100
53, 171, 151, 58
53, 505, 151, 51
53, 111, 151, 49
53, 305, 151, 42
53, 498, 151, 56
53, 307, 151, 36
53, 377, 151, 67
53, 346, 151, 28
53, 157, 151, 67
53, 382, 151, 71
53, 225, 152, 97
53, 326, 152, 98
53, 331, 152, 7
53, 24, 152, 32
53, 377, 152, 67
53, 219, 152, 18
53, 571, 152, 23
53, 132, 153, 43
53, 271, 153, 22
53, 401, 153, 20
53, 276, 153, 55
53, 538, 153, 52
53, 155, 153, 83
53, 284, 153, 35
53, 26, 153, 4
53, 544, 153, 55
53, 38, 153, 99
53, 550, 153, 40
53, 555, 153, 97
53, 302, 153, 62
53, 563, 153, 79
53, 318, 153, 66
53, 191, 153, 5
53, 332, 153, 36
53, 471, 153, 13
53, 349, 153, 48
53, 357, 153, 17
53, 237, 153, 22
53, 499, 153, 54
53, 500, 153, 33
53, 374, 153, 31
53, 124, 153, 57
53, 192, 154, 71
53, 100, 154, 39
53, 292, 154, 90
53, 522, 154, 27
53, 14, 154, 38
53, 114, 154, 78
53, 569, 154, 40
53, 442, 154, 44
53, 92, 154, 6
53, 515, 155, 90
53, 264, 155, 100
53, 141, 155, 79
53, 400, 155, 30
53, 529, 155, 59
53, 277, 155, 14
53, 158, 155, 69
53, 160, 155, 31
53, 33, 155, 77
53, 555, 155, 97
53, 430, 155, 100
53, 177, 155, 24
53, 179, 155, 76
53, 327, 155, 12
53, 459, 155, 47
53, 464, 155, 1
53, 366, 155, 38
53, 242, 155, 70
53, 383, 155, 24
53, 3, 156, 31
53, 134, 156, 97
53, 520, 156, 13
53, 405, 156, 12
53, 536, 156, 25
53, 540, 156, 73
53, 418, 156, 12
53, 292, 156, 90
53, 165, 156, 38
53, 38, 156, 99
53, 300, 156, 47
53, 431, 156, 85
53, 180, 156, 96
53, 442, 156, 44
53, 583, 156, 63
53, 584, 156, 69
53, 457, 156, 63
53, 329, 156, 39
53, 207, 156, 73
53, 224, 156, 65
53, 227, 156, 85
53, 100, 156, 39
53, 244, 156, 31
53, 117, 156, 85
53, 246, 156, 44
53, 128, 157, 39
53, 391, 157, 48
53, 265, 157, 60
53, 140, 157, 93
53, 398, 157, 56
53, 18, 157, 43
53, 403, 157, 52
53, 28, 157, 17
53, 38, 157, 99
53, 555, 157, 97
53, 561, 157, 1
53, 567, 157, 18
53, 70, 157, 4
53, 76, 157, 76
53, 82, 157, 27
53, 345, 157, 26
53, 224, 157, 65
53, 232, 157, 86
53, 105, 157, 22
53, 492, 157, 3
53, 493, 157, 63
53, 367, 157, 11
53, 117, 157, 85
53, 253, 157, 50
53, 382, 157, 71
53, 2, 158, 39
53, 227, 158, 85
53, 131, 158, 74
53, 354, 158, 60
53, 393, 158, 82
53, 266, 158, 5
53, 396, 158, 62
53, 142, 158, 72
53, 462, 158, 17
53, 145, 158, 71
53, 118, 158, 28
53, 89, 158, 67
53, 96, 159, 51
53, 128, 159, 39
53, 40, 159, 45
53, 201, 159, 100
53, 138, 159, 4
53, 508, 159, 30
53, 436, 159, 87
53, 441, 159, 5
53, 538, 159, 52
53, 188, 159, 48
53, 547, 160, 8
53, 167, 160, 35
53, 364, 160, 67
53, 461, 160, 30
53, 110, 160, 75
53, 47, 160, 31
53, 249, 160, 50
53, 251, 160, 75
53, 382, 160, 71
53, 384, 161, 73
53, 358, 161, 98
53, 39, 161, 85
53, 584, 161, 69
53, 425, 161, 40
53, 74, 161, 85
53, 586, 161, 31
53, 12, 161, 22
53, 269, 161, 27
53, 426, 161, 51
53, 527, 161, 6
53, 400, 161, 30
53, 433, 161, 42
53, 119, 161, 74
53, 248, 161, 48
53, 60, 161, 50
53, 62, 161, 4
53, 31, 161, 31
53, 131, 162, 74
53, 403, 162, 52
53, 406, 162, 61
53, 281, 162, 25
53, 411, 162, 50
53, 552, 162, 61
53, 43, 162, 23
53, 185, 162, 62
53, 186, 162, 11
53, 461, 162, 30
53, 79, 162, 10
53, 464, 162, 1
53, 82, 162, 27
53, 594, 162, 13
53, 597, 162, 42
53, 475, 162, 30
53, 357, 162, 17
53, 230, 162, 65
53, 245, 162, 53
53, 581, 163, 10
53, 234, 163, 35
53, 303, 163, 69
53, 337, 163, 27
53, 18, 163, 43
53, 177, 163, 24
53, 468, 163, 89
53, 566, 163, 50
53, 536, 163, 25
53, 186, 163, 11
53, 348, 163, 72
53, 482, 164, 38
53, 162, 164, 86
53, 387, 164, 13
53, 37, 164, 84
53, 102, 164, 42
53, 262, 164, 11
53, 7, 164, 58
53, 294, 164, 94
53, 271, 164, 22
53, 207, 164, 73
53, 113, 164, 42
53, 594, 164, 13
53, 507, 164, 73
53, 407, 164, 78
53, 90, 164, 30
53, 158, 164, 69
53, 252, 164, 50
53, 126, 164, 39
53, 36, 165, 47
53, 136, 165, 86
53, 456, 165, 28
53, 155, 165, 83
53, 115, 165, 27
53, 411, 165, 50
53, 24, 165, 32
53, 570, 165, 3
53, 475, 165, 30
53, 384, 166, 73
53, 195, 166, 73
53, 573, 166, 80
53, 581, 166, 10
53, 422, 166, 87
53, 6, 166, 92
53, 520, 166, 13
53, 41, 166, 85
53, 298, 166, 93
53, 429, 166, 62
53, 432, 166, 61
53, 54, 166, 64
53, 311, 166, 56
53, 56, 166, 56
53, 506, 166, 46
53, 477, 166, 53
53, 513, 167, 6
53, 15, 167, 45
53, 532, 167, 98
53, 25, 167, 2
53, 539, 167, 72
53, 411, 167, 50
53, 418, 167, 12
53, 172, 167, 23
53, 45, 167, 83
53, 53, 167, 29
53, 54, 167, 64
53, 55, 167, 32
53, 572, 167, 8
53, 66, 167, 44
53, 451, 167, 60
53, 323, 167, 64
53, 591, 167, 63
53, 88, 167, 21
53, 485, 167, 19
53, 105, 167, 22
53, 366, 167, 38
53, 112, 167, 68
53, 114, 167, 78
53, 259, 168, 37
53, 132, 168, 43
53, 138, 168, 4
53, 13, 168, 64
53, 269, 168, 27
53, 410, 168, 70
53, 539, 168, 72
53, 434, 168, 15
53, 308, 168, 85
53, 571, 168, 23
53, 465, 168, 29
53, 471, 168, 13
53, 91, 168, 35
53, 222, 168, 92
53, 482, 168, 38
53, 108, 168, 93
53, 498, 168, 56
53, 504, 168, 72
53, 507, 168, 73
53, 356, 169, 93
53, 281, 169, 25
53, 79, 169, 10
53, 368, 169, 41
53, 595, 169, 42
53, 404, 169, 59
53, 537, 169, 35
53, 444, 169, 4
53, 541, 169, 62
53, 259, 170, 37
53, 262, 170, 11
53, 269, 170, 27
53, 18, 170, 43
53, 284, 170, 35
53, 544, 170, 55
53, 423, 170, 76
53, 432, 170, 61
53, 60, 170, 50
53, 576, 170, 53
53, 582, 170, 12
53, 458, 170, 4
53, 459, 170, 47
53, 460, 170, 60
53, 332, 170, 36
53, 334, 170, 77
53, 462, 170, 17
53, 479, 170, 47
53, 225, 170, 97
53, 357, 170, 17
53, 104, 170, 100
53, 370, 170, 80
53, 96, 171, 51
53, 481, 171, 68
53, 226, 171, 50
53, 583, 171, 63
53, 329, 171, 39
53, 266, 171, 5
53, 526, 171, 58
53, 15, 171, 45
53, 176, 171, 67
53, 465, 171, 29
53, 371, 171, 46
53, 499, 171, 54
53, 312, 171, 28
53, 57, 171, 68
53, 30, 171, 38
53, 191, 171, 5
53, 386, 172, 9
53, 515, 172, 90
53, 264, 172, 100
53, 524, 172, 45
53, 398, 172, 56
53, 400, 172, 30
53, 29, 172, 55
53, 161, 172, 15
53, 424, 172, 69
53, 172, 172, 23
53, 186, 172, 11
53, 316, 172, 63
53, 334, 172, 77
53, 222, 172, 92
53, 228, 172, 32
53, 372, 172, 41
53, 245, 172, 53
53, 373, 172, 88
53, 118, 172, 28
53, 506, 172, 46
53, 96, 173, 51
53, 257, 173, 66
53, 288, 173, 34
53, 420, 173, 11
53, 71, 173, 73
53, 137, 173, 17
53, 172, 173, 23
53, 397, 173, 70
53, 304, 173, 32
53, 401, 173, 20
53, 433, 173, 42
53, 115, 173, 27
53, 25, 173, 2
53, 374, 173, 31
53, 279, 173, 49
53, 89, 173, 67
53, 413, 173, 56
53, 510, 173, 63
53, 290, 174, 2
53, 227, 174, 85
53, 386, 174, 9
53, 296, 174, 66
53, 278, 174, 44
53, 349, 174, 48
53, 191, 174, 5
53, 448, 175, 82
53, 192, 175, 71
53, 439, 175, 44
53, 549, 175, 58
53, 293, 175, 15
53, 27, 175, 83
53, 41, 175, 85
53, 123, 175, 89
53, 398, 175, 56
53, 305, 175, 42
53, 245, 175, 53
53, 53, 175, 29
53, 215, 175, 68
53, 379, 175, 62
53, 60, 175, 50
53, 257, 176, 66
53, 259, 176, 37
53, 260, 176, 39
53, 517, 176, 42
53, 262, 176, 11
53, 43, 176, 23
53, 308, 176, 85
53, 53, 176, 29
53, 569, 176, 40
53, 60, 176, 50
53, 64, 176, 3
53, 449, 176, 18
53, 195, 176, 73
53, 587, 176, 8
53, 334, 176, 77
53, 206, 176, 71
53, 590, 176, 88
53, 466, 176, 20
53, 99, 176, 46
53, 233, 176, 17
53, 491, 176, 34
53, 365, 176, 65
53, 499, 176, 54
53, 243, 176, 20
53, 509, 176, 10
53, 480, 177, 28
53, 485, 177, 19
53, 135, 177, 34
53, 233, 177, 17
53, 463, 177, 18
53, 381, 177, 20
53, 346, 177, 28
53, 93, 177, 33
53, 107, 178, 18
53, 364, 178, 67
53, 335, 178, 28
53, 86, 178, 68
53, 252, 178, 50
53, 3, 179, 31
53, 4, 179, 40
53, 135, 179, 34
53, 13, 179, 64
53, 146, 179, 5
53, 404, 179, 59
53, 546, 179, 58
53, 43, 179, 23
53, 177, 179, 24
53, 305, 179, 42
53, 178, 179, 28
53, 181, 179, 50
53, 312, 179, 28
53, 317, 179, 24
53, 348, 179, 72
53, 353, 179, 74
53, 101, 179, 29
53, 232, 179, 86
53, 363, 179, 87
53, 107, 179, 18
53, 493, 179, 63
53, 121, 179, 5
53, 130, 180, 80
53, 579, 180, 73
53, 296, 180, 66
53, 586, 180, 31
53, 75, 180, 17
53, 236, 180, 78
53, 394, 180, 33
53, 78, 180, 54
53, 458, 180, 4
53, 21, 180, 66
53, 278, 180, 44
53, 118, 180, 28
53, 442, 180, 44
53, 251, 180, 75
53, 191, 180, 5
53, 530, 181, 31
53, 179, 181, 76
53, 180, 181, 96
53, 437, 181, 1
53, 566, 181, 50
53, 62, 181, 4
53, 576, 181, 53
53, 65, 181, 8
53, 587, 181, 8
53, 474, 181, 96
53, 218, 181, 48
53, 221, 181, 75
53, 354, 181, 60
53, 483, 181, 25
53, 101, 181, 29
53, 486, 181, 92
53, 245, 181, 53
53, 122, 181, 54
53, 254, 181, 82
53, 137, 182, 17
53, 522, 182, 27
53, 10, 182, 41
53, 12, 182, 22
53, 275, 182, 18
53, 405, 182, 12
53, 543, 182, 14
53, 546, 182, 58
53, 549, 182, 58
53, 171, 182, 58
53, 428, 182, 19
53, 560, 182, 23
53, 445, 182, 92
53, 333, 182, 31
53, 592, 182, 53
53, 477, 182, 53
53, 99, 182, 46
53, 230, 182, 65
53, 118, 182, 28
53, 503, 182, 25
53, 378, 182, 39
53, 321, 183, 15
53, 485, 183, 19
53, 262, 183, 11
53, 486, 183, 92
53, 326, 183, 98
53, 105, 183, 22
53, 427, 183, 83
53, 434, 183, 15
53, 563, 183, 79
53, 532, 183, 98
53, 189, 183, 91
53, 24, 183, 32
53, 346, 183, 28
53, 93, 183, 33
53, 63, 183, 92
53, 487, 184, 97
53, 554, 184, 91
53, 204, 184, 27
53, 78, 184, 54
53, 17, 184, 18
53, 118, 184, 28
53, 311, 184, 56
53, 571, 184, 23
53, 253, 184, 50
53, 293, 185, 15
53, 263, 185, 52
53, 362, 185, 95
53, 364, 185, 67
53, 13, 185, 64
53, 590, 185, 88
53, 335, 185, 28
53, 557, 185, 35
53, 210, 185, 76
53, 62, 185, 4
53, 443, 185, 70
53, 574, 185, 90
53, 351, 185, 60
53, 512, 186, 61
53, 121, 186, 5
53, 514, 186, 32
53, 417, 186, 89
53, 580, 186, 88
53, 263, 186, 52
53, 361, 186, 34
53, 490, 186, 66
53, 297, 186, 45
53, 12, 186, 22
53, 265, 186, 60
53, 79, 186, 10
53, 18, 186, 43
53, 402, 186, 32
53, 436, 186, 87
53, 185, 186, 62
53, 540, 186, 73
53, 478, 186, 64
53, 416, 187, 90
53, 0, 187, 57
53, 66, 187, 44
53, 289, 187, 72
53, 229, 187, 79
53, 6, 187, 92
53, 453, 187, 23
53, 392, 187, 97
53, 105, 187, 22
53, 108, 187, 93
53, 173, 187, 10
53, 559, 187, 58
53, 304, 187, 32
53, 209, 187, 8
53, 113, 187, 42
53, 400, 187, 30
53, 372, 187, 41
53, 530, 187, 31
53, 547, 188, 8
53, 295, 188, 69
53, 272, 188, 31
53, 178, 188, 28
53, 437, 188, 1
53, 219, 188, 18
53, 220, 188, 11
53, 385, 189, 27
53, 471, 189, 13
53, 257, 189, 66
53, 423, 189, 76
53, 282, 189, 53
53, 205, 189, 43
53, 206, 189, 71
53, 435, 189, 43
53, 55, 189, 32
53, 90, 189, 30
53, 413, 189, 56
53, 548, 190, 17
53, 133, 190, 44
53, 70, 190, 4
53, 552, 190, 61
53, 428, 190, 19
53, 573, 190, 80
53, 413, 190, 56
53, 95, 190, 28
53, 352, 191, 4
53, 194, 191, 88
53, 486, 191, 92
53, 103, 191, 3
53, 233, 191, 17
53, 107, 191, 18
53, 493, 191, 63
53, 19, 191, 21
53, 276, 191, 55
53, 151, 191, 29
53, 344, 191, 76
53, 24, 191, 32
53, 28, 191, 17
53, 255, 191, 28
53, 576, 192, 53
53, 224, 192, 65
53, 2, 192, 39
53, 419, 192, 65
53, 194, 192, 88
53, 9, 192, 71
53, 204, 192, 27
53, 333, 192, 31
53, 44, 192, 48
53, 527, 192, 6
53, 283, 192, 64
53, 567, 192, 18
53, 153, 192, 97
53, 59, 192, 3
53, 25, 192, 2
53, 70, 193, 4
53, 272, 193, 31
53, 336, 193, 74
53, 242, 193, 70
53, 467, 193, 89
53, 543, 193, 14
53, 96, 194, 51
53, 162, 194, 86
53, 34, 194, 88
53, 516, 194, 78
53, 70, 194, 4
53, 488, 194, 91
53, 9, 194, 71
53, 433, 194, 42
53, 402, 194, 32
53, 179, 194, 76
53, 277, 194, 14
53, 566, 194, 50
53, 343, 194, 34
53, 344, 194, 76
53, 537, 194, 35
53, 250, 194, 23
53, 286, 194, 41
53, 384, 195, 73
53, 257, 195, 66
53, 2, 195, 39
53, 393, 195, 82
53, 417, 195, 89
53, 40, 195, 45
53, 553, 195, 5
53, 427, 195, 83
53, 558, 195, 90
53, 185, 195, 62
53, 186, 195, 11
53, 321, 195, 15
53, 328, 195, 34
53, 74, 195, 85
53, 335, 195, 28
53, 208, 195, 55
53, 210, 195, 76
53, 470, 195, 1
53, 342, 195, 52
53, 350, 195, 34
53, 97, 195, 44
53, 482, 195, 38
53, 494, 195, 96
53, 122, 195, 54
53, 516, 196, 78
53, 263, 196, 52
53, 138, 196, 4
53, 276, 196, 55
53, 405, 196, 12
53, 414, 196, 73
53, 161, 196, 15
53, 562, 196, 82
53, 563, 196, 79
53, 182, 196, 2
53, 312, 196, 28
53, 443, 196, 70
53, 316, 196, 63
53, 196, 196, 67
53, 452, 196, 38
53, 71, 196, 73
53, 202, 196, 70
53, 469, 196, 38
53, 474, 196, 96
53, 95, 196, 28
53, 483, 196, 25
53, 240, 196, 1
53, 124, 196, 57
53, 414, 197, 73
53, 420, 197, 11
53, 344, 197, 76
53, 49, 197, 35
53, 438, 197, 80
53, 216, 197, 80
53, 185, 197, 62
53, 540, 197, 73
53, 25, 197, 2
53, 163, 198, 83
53, 195, 198, 73
53, 67, 198, 70
53, 550, 198, 40
53, 263, 198, 52
53, 457, 198, 63
53, 234, 198, 35
53, 553, 198, 5
53, 396, 198, 62
53, 78, 198, 54
53, 591, 198, 63
53, 116, 198, 25
53, 404, 198, 59
53, 154, 198, 24
53, 287, 198, 54
53, 142, 199, 72
53, 402, 199, 32
53, 25, 199, 2
53, 288, 199, 34
53, 40, 199, 45
53, 297, 199, 45
53, 553, 199, 5
53, 300, 199, 47
53, 303, 199, 69
53, 48, 199, 34
53, 181, 199, 50
53, 315, 199, 72
53, 188, 199, 48
53, 61, 199, 84
53, 189, 199, 91
53, 317, 199, 24
53, 446, 199, 29
53, 455, 199, 99
53, 586, 199, 31
53, 331, 199, 7
53, 84, 199, 78
53, 478, 199, 64
53, 482, 199, 38
53, 485, 199, 19
53, 494, 199, 96
53, 416, 200, 90
53, 321, 200, 15
53, 259, 200, 37
53, 420, 200, 11
53, 550, 200, 40
53, 9, 200, 71
53, 523, 200, 38
53, 43, 200, 23
53, 334, 200, 77
53, 211, 200, 9
53, 310, 200, 40
53, 170, 201, 85
53, 15, 201, 45
53, 20, 201, 96
53, 472, 201, 85
53, 414, 201, 73
53, 385, 202, 27
53, 227, 202, 85
53, 9, 202, 71
53, 333, 202, 31
53, 209, 202, 8
53, 23, 202, 50
53, 120, 202, 39
53, 187, 202, 90
53, 220, 202, 11
53, 573, 202, 80
53, 575, 202, 99
53, 451, 203, 60
53, 355, 203, 3
53, 490, 203, 66
53, 267, 203, 7
53, 433, 203, 42
53, 434, 203, 15
53, 308, 203, 85
53, 534, 203, 93
53, 86, 203, 68
53, 410, 203, 70
53, 123, 203, 89
53, 343, 203, 34
53, 198, 204, 8
53, 552, 204, 61
53, 330, 204, 23
53, 50, 204, 96
53, 115, 204, 27
53, 342, 204, 52
53, 439, 204, 44
53, 475, 204, 30
53, 484, 205, 53
53, 263, 205, 52
53, 296, 205, 66
53, 73, 205, 77
53, 395, 205, 93
53, 236, 205, 78
53, 459, 205, 47
53, 508, 205, 30
53, 303, 205, 69
53, 124, 205, 57
53, 505, 205, 51
53, 498, 205, 56
53, 595, 205, 42
53, 343, 205, 34
53, 313, 205, 29
53, 155, 205, 83
53, 28, 205, 17
53, 573, 205, 80
53, 352, 206, 4
53, 131, 206, 74
53, 518, 206, 6
53, 201, 206, 100
53, 366, 206, 38
53, 526, 206, 58
53, 413, 206, 56
53, 25, 206, 2
53, 538, 206, 52
53, 508, 206, 30
53, 349, 206, 48
53, 318, 206, 66
53, 547, 207, 8
53, 483, 207, 25
53, 358, 207, 98
53, 264, 207, 100
53, 11, 207, 69
53, 109, 207, 38
53, 81, 207, 41
53, 50, 207, 96
53, 449, 208, 18
53, 293, 208, 15
53, 233, 208, 17
53, 394, 208, 33
53, 146, 208, 5
53, 50, 208, 96
53, 30, 208, 38
53, 266, 209, 5
53, 270, 209, 12
53, 273, 209, 81
53, 146, 209, 5
53, 532, 209, 98
53, 416, 209, 90
53, 161, 209, 15
53, 550, 209, 40
53, 559, 209, 58
53, 440, 209, 70
53, 448, 209, 82
53, 71, 209, 73
53, 334, 209, 77
53, 208, 209, 55
53, 88, 209, 21
53, 472, 209, 85
53, 475, 209, 30
53, 220, 209, 11
53, 94, 209, 44
53, 107, 209, 18
53, 369, 209, 15
53, 293, 210, 15
53, 424, 210, 69
53, 490, 210, 66
53, 15, 210, 45
53, 563, 210, 79
53, 376, 210, 91
53, 380, 210, 41
53, 158, 210, 69
53, 191, 210, 5
53, 137, 211, 17
53, 511, 211, 15
53, 526, 211, 58
53, 403, 211, 52
53, 148, 211, 9
53, 413, 211, 56
53, 415, 211, 21
53, 43, 211, 23
53, 301, 211, 41
53, 566, 211, 50
53, 183, 211, 35
53, 319, 211, 31
53, 67, 211, 70
53, 451, 211, 60
53, 325, 211, 46
53, 87, 211, 61
53, 223, 211, 47
53, 107, 211, 18
53, 247, 211, 7
53, 255, 211, 28
53, 3, 212, 31
53, 515, 212, 90
53, 131, 212, 74
53, 391, 212, 48
53, 135, 212, 34
53, 138, 212, 4
53, 271, 212, 22
53, 17, 212, 18
53, 152, 212, 50
53, 555, 212, 97
53, 183, 212, 35
53, 443, 212, 70
53, 60, 212, 50
53, 315, 212, 72
53, 216, 212, 80
53, 90, 212, 30
53, 350, 212, 34
53, 224, 212, 65
53, 480, 212, 28
53, 246, 212, 44
53, 374, 212, 31
53, 380, 212, 41
53, 65, 213, 8
53, 99, 213, 46
53, 516, 213, 78
53, 302, 213, 62
53, 405, 213, 12
53, 22, 213, 63
53, 223, 213, 47
53, 32, 214, 56
53, 285, 214, 96
53, 35, 214, 35
53, 325, 214, 46
53, 261, 214, 99
53, 137, 214, 17
53, 524, 214, 45
53, 428, 214, 19
53, 397, 214, 70
53, 239, 214, 76
53, 435, 214, 43
53, 52, 214, 36
53, 372, 214, 41
53, 93, 214, 33
53, 55, 214, 32
53, 538, 214, 52
53, 91, 214, 35
53, 221, 214, 75
53, 289, 215, 72
53, 548, 215, 17
53, 296, 215, 66
53, 424, 215, 69
53, 40, 215, 45
53, 299, 215, 79
53, 235, 215, 50
53, 304, 215, 32
53, 146, 215, 5
53, 371, 215, 46
53, 210, 215, 76
53, 380, 215, 41
53, 186, 215, 11
53, 155, 215, 83
53, 124, 215, 57
53, 541, 215, 62
53, 132, 216, 43
53, 134, 216, 97
53, 139, 216, 33
53, 528, 216, 77
53, 25, 216, 2
53, 156, 216, 86
53, 545, 216, 82
53, 553, 216, 5
53, 554, 216, 91
53, 427, 216, 83
53, 51, 216, 22
53, 52, 216, 36
53, 54, 216, 64
53, 327, 216, 12
53, 351, 216, 60
53, 227, 216, 85
53, 364, 216, 67
53, 371, 216, 46
53, 500, 216, 33
53, 419, 217, 65
53, 581, 217, 10
53, 552, 217, 61
53, 488, 217, 91
53, 244, 217, 31
53, 181, 217, 50
53, 55, 217, 32
53, 153, 217, 97
53, 3, 218, 31
53, 292, 218, 90
53, 249, 218, 50
53, 518, 218, 6
53, 422, 218, 87
53, 392, 218, 97
53, 457, 218, 63
53, 492, 218, 3
53, 204, 218, 27
53, 563, 218, 79
53, 214, 218, 73
53, 473, 218, 1
53, 573, 218, 80
53, 223, 218, 47
53, 420, 219, 11
53, 15, 219, 45
53, 433, 219, 42
53, 114, 219, 78
53, 595, 219, 42
53, 180, 219, 96
53, 53, 219, 29
53, 406, 219, 61
53, 92, 219, 6
53, 261, 220, 99
53, 488, 220, 91
53, 329, 220, 39
53, 107, 220, 18
53, 267, 220, 7
53, 285, 220, 96
53, 573, 220, 80
53, 128, 221, 39
53, 391, 221, 48
53, 527, 221, 6
53, 409, 221, 72
53, 542, 221, 47
53, 158, 221, 69
53, 417, 221, 89
53, 553, 221, 5
53, 47, 221, 31
53, 180, 221, 96
53, 189, 221, 91
53, 62, 221, 4
53, 200, 221, 38
53, 202, 221, 70
53, 338, 221, 73
53, 353, 221, 74
53, 249, 221, 50
53, 124, 221, 57
53, 127, 221, 95
53, 96, 222, 51
53, 353, 222, 74
53, 452, 222, 38
53, 581, 222, 10
53, 70, 222, 4
53, 170, 222, 85
53, 46, 222, 30
53, 113, 222, 42
53, 371, 222, 46
53, 309, 222, 9
53, 54, 222, 64
53, 152, 222, 50
53, 153, 222, 97
53, 35, 223, 35
53, 197, 223, 76
53, 358, 223, 98
53, 261, 223, 99
53, 233, 223, 17
53, 250, 223, 23
53, 141, 223, 79
53, 502, 223, 16
53, 217, 223, 5
53, 122, 223, 54
53, 453, 224, 23
53, 201, 224, 100
53, 145, 224, 71
53, 374, 224, 31
53, 537, 224, 35
53, 389, 225, 48
53, 230, 225, 65
53, 10, 225, 41
53, 396, 225, 62
53, 76, 225, 76
53, 181, 225, 50
53, 256, 226, 74
53, 390, 226, 30
53, 391, 226, 48
53, 523, 226, 38
53, 395, 226, 93
53, 277, 226, 14
53, 536, 226, 25
53, 419, 226, 65
53, 165, 226, 38
53, 49, 226, 35
53, 577, 226, 45
53, 70, 226, 4
53, 584, 226, 69
53, 586, 226, 31
53, 216, 226, 80
53, 98, 226, 58
53, 492, 226, 3
53, 238, 226, 72
53, 507, 226, 73
53, 508, 226, 30
53, 253, 226, 50
53, 32, 227, 56
53, 5, 227, 13
53, 358, 227, 98
53, 232, 227, 86
53, 297, 227, 45
53, 300, 227, 47
53, 206, 227, 71
53, 79, 227, 10
53, 207, 227, 73
53, 304, 227, 32
53, 254, 227, 82
53, 127, 227, 95
53, 577, 228, 45
53, 68, 228, 55
53, 461, 228, 30
53, 209, 228, 8
53, 506, 228, 46
53, 2, 229, 39
53, 255, 229, 28
53, 260, 229, 39
53, 66, 229, 44
53, 302, 229, 62
53, 245, 229, 53
53, 216, 229, 80
53, 412, 229, 37
53, 381, 229, 20
53, 575, 229, 99
53, 73, 230, 77
53, 332, 230, 36
53, 208, 230, 55
53, 118, 230, 28
53, 407, 230, 78
53, 221, 230, 75
53, 6, 231, 92
53, 390, 231, 30
53, 136, 231, 86
53, 273, 231, 81
53, 533, 231, 22
53, 26, 231, 4
53, 545, 231, 82
53, 436, 231, 87
53, 443, 231, 70
53, 315, 231, 72
53, 587, 231, 8
53, 336, 231, 74
53, 593, 231, 16
53, 597, 231, 42
53, 89, 231, 67
53, 474, 231, 96
53, 93, 231, 33
53, 94, 231, 44
53, 352, 231, 4
53, 102, 231, 42
53, 105, 231, 22
53, 367, 231, 11
53, 194, 232, 88
53, 579, 232, 73
53, 35, 232, 35
53, 2, 232, 39
53, 166, 232, 7
53, 427, 232, 83
53, 378, 232, 39
53, 561, 232, 1
53, 466, 232, 20
53, 88, 232, 21
53, 153, 232, 97
53, 346, 232, 28
53, 123, 232, 89
53, 447, 232, 97
53, 325, 233, 46
53, 582, 233, 12
53, 110, 233, 75
53, 465, 233, 29
53, 318, 233, 66
53, 388, 234, 74
53, 7, 234, 58
53, 266, 234, 5
53, 144, 234, 40
53, 276, 234, 55
53, 164, 234, 66
53, 550, 234, 40
53, 423, 234, 76
53, 173, 234, 10
53, 572, 234, 8
53, 191, 234, 5
53, 577, 234, 45
53, 73, 234, 77
53, 587, 234, 8
53, 462, 234, 17
53, 335, 234, 28
53, 211, 234, 9
53, 217, 234, 5
53, 92, 234, 6
53, 476, 234, 35
53, 223, 234, 47
53, 353, 234, 74
53, 102, 234, 42
53, 506, 234, 46
53, 508, 234, 30
53, 537, 235, 35
53, 409, 235, 72
53, 37, 235, 84
53, 430, 235, 100
53, 174, 235, 82
53, 49, 235, 35
53, 306, 235, 36
53, 180, 235, 96
53, 311, 235, 56
53, 578, 235, 81
53, 68, 235, 55
53, 581, 235, 10
53, 330, 235, 23
53, 589, 235, 13
53, 334, 235, 77
53, 333, 235, 31
53, 592, 235, 53
53, 209, 235, 8
53, 337, 235, 27
53, 591, 235, 63
53, 338, 235, 73
53, 361, 235, 34
53, 247, 235, 7
53, 258, 236, 6
53, 198, 236, 8
53, 135, 236, 34
53, 425, 236, 40
53, 554, 236, 91
53, 273, 236, 81
53, 180, 236, 96
53, 85, 236, 88
53, 248, 236, 48
53, 317, 236, 24
53, 573, 236, 80
53, 511, 236, 15
53, 397, 237, 70
53, 402, 237, 32
53, 22, 237, 63
53, 411, 237, 50
53, 543, 237, 14
53, 418, 237, 12
53, 54, 237, 64
53, 442, 237, 44
53, 454, 237, 95
53, 201, 237, 100
53, 77, 237, 33
53, 462, 237, 17
53, 463, 237, 18
53, 89, 237, 67
53, 475, 237, 30
53, 476, 237, 35
53, 94, 237, 44
53, 234, 237, 35
53, 495, 237, 94
53, 544, 238, 55
53, 132, 238, 43
53, 228, 238, 32
53, 109, 238, 38
53, 270, 238, 12
53, 591, 238, 63
53, 335, 238, 28
53, 113, 238, 42
53, 302, 238, 62
53, 248, 238, 48
53, 317, 238, 24
53, 62, 238, 4
53, 64, 239, 3
53, 548, 239, 17
53, 351, 239, 60
53, 455, 239, 99
53, 297, 239, 45
53, 586, 239, 31
53, 378, 239, 39
53, 208, 239, 55
53, 114, 239, 78
53, 212, 239, 79
53, 87, 239, 61
53, 120, 239, 39
53, 26, 239, 4
53, 383, 239, 24
53, 70, 240, 4
53, 142, 240, 72
53, 82, 240, 27
53, 374, 240, 31
53, 344, 240, 76
53, 0, 241, 57
53, 321, 241, 15
53, 386, 241, 9
53, 400, 241, 30
53, 84, 241, 78
53, 437, 241, 1
53, 537, 241, 35
53, 412, 241, 37
53, 61, 241, 84
53, 33, 242, 77
53, 162, 242, 86
53, 2, 242, 39
53, 487, 242, 97
53, 200, 242, 38
53, 457, 242, 63
53, 75, 242, 17
53, 493, 242, 63
53, 526, 242, 58
53, 559, 242, 58
53, 240, 242, 1
53, 593, 242, 16
53, 436, 242, 87
53, 55, 242, 32
53, 183, 242, 35
53, 28, 242, 17
53, 32, 243, 56
53, 513, 243, 6
53, 259, 243, 37
53, 324, 243, 55
53, 363, 243, 87
53, 334, 243, 77
53, 538, 243, 52
53, 180, 243, 96
53, 243, 243, 20
53, 22, 243, 63
53, 54, 243, 64
53, 20, 243, 96
53, 122, 243, 54
53, 157, 243, 67
53, 415, 243, 21
53, 480, 244, 28
53, 520, 244, 13
53, 233, 244, 17
53, 333, 244, 31
53, 238, 244, 72
53, 145, 244, 71
53, 209, 244, 8
53, 467, 244, 89
53, 499, 244, 54
53, 373, 244, 88
53, 246, 244, 44
53, 474, 244, 96
53, 539, 244, 72
53, 63, 244, 92
53, 66, 245, 44
53, 3, 245, 31
53, 356, 245, 93
53, 229, 245, 79
53, 589, 245, 13
53, 176, 245, 67
53, 305, 245, 42
53, 276, 245, 55
53, 374, 245, 31
53, 56, 245, 56
53, 505, 245, 51
53, 64, 246, 3
53, 224, 246, 65
53, 518, 246, 6
53, 238, 246, 72
53, 111, 246, 49
53, 495, 246, 94
53, 18, 246, 43
53, 278, 246, 44
53, 407, 246, 78
53, 283, 246, 64
53, 93, 246, 33
53, 446, 246, 29
53, 543, 246, 14
53, 353, 247, 74
53, 72, 247, 66
53, 107, 247, 18
53, 491, 247, 34
53, 366, 247, 38
53, 19, 247, 21
53, 508, 247, 30
53, 225, 248, 97
53, 226, 248, 50
53, 99, 248, 46
53, 289, 248, 72
53, 5, 248, 13
53, 100, 248, 39
53, 359, 248, 48
53, 40, 248, 45
53, 328, 248, 34
53, 6, 248, 92
53, 133, 248, 44
53, 146, 248, 5
53, 19, 248, 21
53, 403, 248, 52
53, 23, 248, 50
53, 407, 248, 78
53, 568, 248, 82
53, 443, 248, 70
53, 11, 249, 69
53, 397, 249, 70
53, 402, 249, 32
53, 530, 249, 31
53, 150, 249, 71
53, 156, 249, 86
53, 540, 249, 73
53, 284, 249, 35
53, 545, 249, 82
53, 426, 249, 51
53, 181, 249, 50
53, 55, 249, 32
53, 313, 249, 29
53, 74, 249, 85
53, 204, 249, 27
53, 208, 249, 55
53, 467, 249, 89
53, 471, 249, 13
53, 344, 249, 76
53, 229, 249, 79
53, 488, 249, 91
53, 501, 249, 46
53, 379, 249, 62
53, 127, 249, 95
53, 522, 250, 27
53, 593, 250, 16
53, 210, 250, 76
53, 348, 250, 72
53, 286, 250, 41
53, 100, 251, 39
53, 454, 251, 95
53, 8, 251, 87
53, 362, 251, 95
53, 524, 251, 45
53, 301, 251, 41
53, 397, 251, 70
53, 431, 251, 85
53, 466, 251, 20
53, 342, 251, 52
53, 567, 251, 18
53, 187, 251, 90
53, 540, 251, 73
53, 29, 251, 55
53, 190, 251, 12
53, 484, 252, 53
53, 520, 252, 13
53, 238, 252, 72
53, 527, 252, 6
53, 176, 252, 67
53, 144, 252, 40
53, 18, 252, 43
53, 563, 252, 79
53, 340, 252, 67
53, 284, 252, 35
53, 271, 252, 22
53, 505, 252, 51
53, 570, 252, 3
53, 91, 252, 35
53, 124, 252, 57
53, 265, 253, 60
53, 13, 253, 64
53, 271, 253, 22
53, 413, 253, 56
53, 289, 253, 72
53, 37, 253, 84
53, 166, 253, 7
53, 423, 253, 76
53, 40, 253, 45
53, 43, 253, 23
53, 47, 253, 31
53, 560, 253, 23
53, 437, 253, 1
53, 55, 253, 32
53, 583, 253, 63
53, 584, 253, 69
53, 458, 253, 4
53, 599, 253, 26
53, 222, 253, 92
53, 105, 253, 22
53, 107, 253, 18
53, 251, 253, 75
53, 252, 253, 50
53, 578, 254, 81
53, 206, 254, 71
53, 144, 254, 40
53, 497, 254, 73
53, 246, 254, 44
53, 140, 255, 93
53, 141, 255, 79
53, 532, 255, 98
53, 278, 255, 44
53, 283, 255, 64
53, 293, 255, 15
53, 167, 255, 35
53, 426, 255, 51
53, 429, 255, 62
53, 177, 255, 24
53, 182, 255, 2
53, 456, 255, 28
53, 457, 255, 63
53, 469, 255, 38
53, 85, 255, 88
53, 96, 255, 51
53, 99, 255, 46
53, 492, 255, 3
53, 496, 255, 30
53, 242, 255, 70
53, 500, 255, 33
53, 253, 255, 50
53, 168, 256, 45
53, 395, 256, 93
53, 80, 256, 40
53, 404, 256, 59
53, 377, 256, 67
53, 101, 257, 29
53, 584, 257, 69
53, 552, 257, 61
53, 75, 257, 17
53, 173, 257, 10
53, 430, 257, 100
53, 594, 257, 13
53, 275, 257, 18
53, 347, 257, 77
53, 475, 257, 30
53, 382, 257, 71
53, 415, 257, 21
53, 138, 258, 4
53, 272, 258, 31
53, 274, 258, 44
53, 538, 258, 52
53, 290, 258, 2
53, 292, 258, 90
53, 423, 258, 76
53, 302, 258, 62
53, 309, 258, 9
53, 198, 258, 8
53, 458, 258, 4
53, 88, 258, 21
53, 358, 258, 98
53, 108, 258, 93
53, 240, 258, 1
53, 113, 258, 42
53, 373, 258, 88
53, 117, 258, 85
53, 507, 258, 73
53, 417, 259, 89
53, 509, 259, 10
53, 201, 259, 100
53, 74, 259, 85
53, 586, 259, 31
53, 147, 259, 85
53, 84, 259, 78
53, 411, 259, 50
53, 61, 259, 84
53, 385, 260, 27
53, 173, 260, 10
53, 462, 260, 17
53, 146, 260, 5
53, 595, 260, 42
53, 182, 260, 2
53, 283, 260, 64
53, 385, 261, 27
53, 1, 261, 3
53, 3, 261, 31
53, 4, 261, 40
53, 392, 261, 97
53, 269, 261, 27
53, 17, 261, 18
53, 414, 261, 73
53, 289, 261, 72
53, 547, 261, 8
53, 174, 261, 82
53, 572, 261, 8
53, 317, 261, 24
53, 188, 261, 48
53, 66, 261, 44
53, 326, 261, 98
53, 205, 261, 43
53, 335, 261, 28
53, 208, 261, 55
53, 338, 261, 73
53, 355, 261, 3
53, 237, 261, 22
53, 244, 261, 31
53, 381, 261, 20
53, 127, 261, 95
53, 1, 262, 3
53, 418, 262, 12
53, 515, 262, 90
53, 428, 262, 19
53, 496, 262, 30
53, 20, 262, 96
53, 286, 262, 41
53, 512, 263, 61
53, 262, 263, 11
53, 392, 263, 97
53, 398, 263, 56
53, 146, 263, 5
53, 147, 263, 85
53, 150, 263, 71
53, 412, 263, 37
53, 540, 263, 73
53, 418, 263, 12
53, 167, 263, 35
53, 43, 263, 23
53, 44, 263, 48
53, 427, 263, 83
53, 569, 263, 40
53, 69, 263, 47
53, 460, 263, 60
53, 466, 263, 20
53, 352, 263, 4
53, 98, 263, 58
53, 485, 263, 19
53, 360, 263, 33
53, 237, 263, 22
53, 379, 263, 62
53, 257, 264, 66
53, 393, 264, 82
53, 267, 264, 7
53, 269, 264, 27
53, 179, 264, 76
53, 536, 264, 25
53, 573, 264, 80
53, 512, 265, 61
53, 382, 265, 71
53, 450, 265, 36
53, 517, 265, 42
53, 328, 265, 34
53, 393, 265, 82
53, 426, 265, 51
53, 462, 265, 17
53, 46, 265, 30
53, 208, 265, 55
53, 398, 265, 56
53, 277, 265, 14
53, 278, 265, 44
53, 379, 265, 62
53, 414, 265, 73
53, 265, 266, 60
53, 16, 266, 1
53, 147, 266, 85
53, 287, 266, 54
53, 289, 266, 72
53, 557, 266, 35
53, 434, 266, 15
53, 308, 266, 85
53, 567, 266, 18
53, 570, 266, 3
53, 188, 266, 48
53, 450, 266, 36
53, 451, 266, 60
53, 584, 266, 69
53, 469, 266, 38
53, 348, 266, 72
53, 93, 266, 33
53, 107, 266, 18
53, 491, 266, 34
53, 112, 266, 68
53, 259, 267, 37
53, 393, 267, 82
53, 138, 267, 4
53, 139, 267, 33
53, 395, 267, 93
53, 9, 267, 71
53, 147, 267, 85
53, 21, 267, 66
53, 421, 267, 26
53, 38, 267, 99
53, 552, 267, 61
53, 46, 267, 30
53, 312, 267, 28
53, 67, 267, 70
53, 587, 267, 8
53, 460, 267, 60
53, 487, 267, 97
53, 488, 267, 91
53, 508, 267, 30
53, 0, 268, 57
53, 261, 268, 99
53, 521, 268, 54
53, 267, 268, 7
53, 397, 268, 70
53, 402, 268, 32
53, 540, 268, 73
53, 295, 268, 69
53, 41, 268, 85
53, 302, 268, 62
53, 190, 268, 12
53, 579, 268, 73
53, 68, 268, 55
53, 457, 268, 63
53, 470, 268, 1
53, 475, 268, 30
53, 350, 268, 34
53, 226, 268, 50
53, 99, 268, 46
53, 356, 268, 93
53, 488, 268, 91
53, 362, 268, 95
53, 365, 268, 65
53, 439, 269, 44
53, 292, 269, 90
53, 567, 269, 18
53, 133, 269, 44
53, 8, 269, 87
53, 10, 269, 41
53, 491, 269, 34
53, 46, 269, 30
53, 238, 269, 72
53, 399, 269, 40
53, 110, 269, 75
53, 149, 269, 72
53, 87, 269, 61
53, 408, 269, 95
53, 16, 270, 1
53, 148, 270, 9
53, 276, 270, 55
53, 278, 270, 44
53, 407, 270, 78
53, 418, 270, 12
53, 550, 270, 40
53, 174, 270, 82
53, 180, 270, 96
53, 59, 270, 3
53, 315, 270, 72
53, 578, 270, 81
53, 581, 270, 10
53, 330, 270, 23
53, 203, 270, 30
53, 590, 270, 88
53, 88, 270, 21
53, 347, 270, 77
53, 481, 270, 68
53, 501, 270, 46
53, 376, 270, 91
53, 377, 270, 67
53, 291, 271, 59
53, 294, 271, 94
53, 265, 271, 60
53, 266, 271, 5
53, 554, 271, 91
53, 460, 271, 60
53, 108, 271, 93
53, 459, 271, 47
53, 272, 271, 31
53, 433, 271, 42
53, 146, 271, 5
53, 598, 271, 6
53, 23, 271, 50
53, 314, 271, 71
53, 157, 271, 67
53, 65, 272, 8
53, 548, 272, 17
53, 201, 272, 100
53, 300, 272, 47
53, 496, 272, 30
53, 439, 272, 44
53, 285, 272, 96
53, 575, 272, 99
53, 426, 273, 51
53, 77, 273, 33
53, 561, 273, 1
53, 372, 273, 41
53, 58, 273, 18
53, 66, 274, 44
53, 514, 274, 32
53, 355, 274, 3
53, 549, 274, 58
53, 133, 274, 44
53, 454, 274, 95
53, 200, 274, 38
53, 554, 274, 91
53, 397, 274, 70
53, 589, 274, 13
53, 274, 274, 44
53, 339, 274, 69
53, 499, 274, 54
53, 19, 274, 21
53, 566, 274, 50
53, 54, 274, 64
53, 125, 274, 5
53, 190, 274, 12
53, 34, 275, 88
53, 3, 275, 31
53, 452, 275, 38
53, 5, 275, 13
53, 581, 275, 10
53, 295, 275, 69
53, 11, 275, 69
53, 187, 275, 90
53, 334, 275, 77
53, 303, 275, 69
53, 432, 275, 61
53, 241, 275, 83
53, 51, 275, 22
53, 55, 275, 32
53, 283, 275, 64
53, 445, 275, 92
53, 285, 275, 96
53, 383, 275, 24
53, 128, 276, 39
53, 4, 276, 40
53, 263, 276, 52
53, 268, 276, 97
53, 549, 276, 58
53, 429, 276, 62
53, 174, 276, 82
53, 56, 276, 56
53, 317, 276, 24
53, 576, 276, 53
53, 196, 276, 67
53, 591, 276, 63
53, 467, 276, 89
53, 597, 276, 42
53, 99, 276, 46
53, 227, 276, 85
53, 102, 276, 42
53, 374, 276, 31
53, 251, 276, 75
53, 98, 277, 58
53, 427, 277, 83
53, 560, 277, 23
53, 243, 277, 20
53, 276, 277, 55
53, 119, 277, 74
53, 471, 277, 13
53, 292, 278, 90
53, 520, 278, 13
53, 329, 278, 39
53, 589, 278, 13
53, 368, 278, 41
53, 465, 278, 29
53, 116, 278, 25
53, 54, 278, 64
53, 380, 278, 41
53, 125, 278, 5
53, 382, 278, 71
53, 193, 279, 2
53, 578, 279, 81
53, 419, 279, 65
53, 457, 279, 63
53, 106, 279, 30
53, 272, 279, 31
53, 315, 279, 72
53, 112, 279, 68
53, 240, 279, 1
53, 52, 279, 36
53, 437, 279, 1
53, 248, 279, 48
53, 187, 279, 90
53, 61, 279, 84
53, 523, 280, 38
53, 538, 280, 52
53, 412, 280, 37
53, 38, 280, 99
53, 431, 280, 85
53, 53, 280, 29
53, 59, 280, 3
53, 443, 280, 70
53, 193, 280, 2
53, 74, 280, 85
53, 81, 280, 41
53, 594, 280, 13
53, 211, 280, 9
53, 345, 280, 26
53, 91, 280, 35
53, 355, 280, 3
53, 488, 280, 91
53, 106, 280, 30
53, 492, 280, 3
53, 111, 280, 49
53, 241, 280, 83
53, 498, 280, 56
53, 503, 280, 25
53, 380, 280, 41
53, 576, 281, 53
53, 160, 281, 31
53, 509, 281, 10
53, 217, 281, 5
53, 165, 281, 38
53, 265, 281, 60
53, 235, 281, 50
53, 301, 281, 41
53, 370, 281, 80
53, 308, 281, 85
53, 309, 281, 9
53, 87, 281, 61
53, 503, 281, 25
53, 249, 281, 50
53, 314, 281, 71
53, 123, 281, 89
53, 221, 281, 75
53, 324, 282, 55
53, 298, 282, 93
53, 396, 282, 62
53, 591, 282, 63
53, 593, 282, 16
53, 149, 282, 72
53, 347, 282, 77
53, 189, 282, 91
53, 35, 283, 35
53, 228, 283, 32
53, 171, 283, 58
53, 11, 283, 69
53, 147, 283, 85
53, 598, 283, 6
53, 544, 284, 55
53, 490, 284, 66
53, 554, 284, 91
53, 365, 284, 65
53, 112, 284, 68
53, 242, 284, 70
53, 19, 284, 21
53, 595, 284, 42
53, 284, 284, 35
53, 410, 284, 70
53, 220, 284, 11
53, 446, 284, 29
53, 449, 285, 18
53, 386, 285, 9
53, 33, 285, 77
53, 462, 285, 17
53, 110, 285, 75
53, 338, 285, 73
53, 565, 285, 21
53, 54, 285, 64
53, 405, 285, 12
53, 245, 285, 53
53, 249, 285, 50
53, 26, 285, 4
53, 444, 285, 4
53, 446, 285, 29
53, 353, 286, 74
53, 451, 286, 60
53, 229, 286, 79
53, 549, 286, 58
53, 261, 286, 99
53, 396, 286, 62
53, 462, 286, 17
53, 501, 286, 46
53, 278, 286, 44
53, 344, 286, 76
53, 349, 286, 48
53, 62, 286, 4
53, 97, 287, 44
53, 38, 287, 99
53, 168, 287, 45
53, 498, 287, 56
53, 248, 287, 48
53, 416, 288, 90
53, 0, 288, 57
53, 292, 288, 90
53, 228, 288, 32
53, 294, 288, 94
53, 424, 288, 69
53, 41, 288, 85
53, 297, 288, 45
53, 173, 288, 10
53, 398, 288, 56
53, 302, 288, 62
53, 496, 288, 30
53, 177, 288, 24
53, 275, 288, 18
53, 539, 288, 72
53, 28, 288, 17
53, 575, 288, 99
53, 257, 289, 66
53, 388, 289, 74
53, 486, 289, 92
53, 364, 289, 67
53, 300, 289, 47
53, 238, 289, 72
53, 80, 289, 40
53, 337, 289, 27
53, 464, 289, 1
53, 117, 289, 85
53, 54, 289, 64
53, 281, 289, 25
53, 28, 289, 17
53, 478, 289, 64
53, 65, 290, 8
53, 299, 290, 79
53, 301, 290, 41
53, 251, 290, 75
53, 242, 290, 70
53, 52, 290, 36
53, 20, 290, 96
53, 284, 290, 35
53, 311, 290, 56
53, 152, 290, 50
53, 441, 290, 5
53, 538, 290, 52
53, 283, 290, 64
53, 348, 290, 72
53, 414, 290, 73
53, 95, 290, 28
53, 513, 291, 6
53, 514, 291, 32
53, 3, 291, 31
53, 402, 291, 32
53, 536, 291, 25
53, 545, 291, 82
53, 37, 291, 84
53, 43, 291, 23
53, 557, 291, 35
53, 52, 291, 36
53, 565, 291, 21
53, 181, 291, 50
53, 60, 291, 50
53, 576, 291, 53
53, 458, 291, 4
53, 204, 291, 27
53, 76, 291, 76
53, 340, 291, 67
53, 94, 291, 44
53, 478, 291, 64
53, 231, 291, 100
53, 121, 291, 5
53, 224, 292, 65
53, 449, 292, 18
53, 357, 292, 17
53, 230, 292, 65
53, 102, 292, 42
53, 136, 292, 86
53, 38, 292, 99
53, 362, 292, 95
53, 139, 292, 33
53, 304, 292, 32
53, 210, 292, 76
53, 214, 292, 73
53, 412, 292, 37
53, 347, 292, 77
53, 188, 292, 48
53, 95, 292, 28
53, 1, 293, 3
53, 519, 293, 6
53, 520, 293, 13
53, 392, 293, 97
53, 394, 293, 33
53, 286, 293, 41
53, 546, 293, 58
53, 418, 293, 12
53, 293, 293, 15
53, 170, 293, 85
53, 48, 293, 34
53, 176, 293, 67
53, 185, 293, 62
53, 575, 293, 99
53, 199, 293, 67
53, 331, 293, 7
53, 588, 293, 69
53, 463, 293, 18
53, 491, 293, 34
53, 581, 294, 10
53, 490, 294, 66
53, 12, 294, 22
53, 529, 294, 59
53, 406, 294, 61
53, 136, 295, 86
53, 400, 295, 30
53, 23, 295, 50
53, 151, 295, 29
53, 538, 295, 52
53, 28, 295, 17
53, 541, 295, 62
53, 542, 295, 47
53, 40, 295, 45
53, 63, 295, 92
53, 452, 295, 38
53, 326, 295, 98
53, 218, 295, 48
53, 482, 295, 38
53, 102, 295, 42
53, 360, 295, 33
53, 105, 295, 22
53, 236, 295, 78
53, 365, 295, 65
53, 241, 295, 83
53, 129, 296, 81
53, 98, 296, 58
53, 99, 296, 46
53, 388, 296, 74
53, 578, 296, 81
53, 454, 296, 95
53, 199, 296, 67
53, 168, 296, 45
53, 547, 296, 8
53, 522, 296, 27
53, 165, 296, 38
53, 359, 296, 48
53, 239, 296, 76
53, 112, 296, 68
53, 405, 296, 12
53, 218, 296, 48
53, 59, 296, 3
53, 125, 296, 5
53, 578, 297, 81
53, 333, 297, 31
53, 525, 297, 5
53, 176, 297, 67
53, 112, 297, 68
53, 541, 297, 62
53, 133, 298, 44
53, 141, 298, 79
53, 21, 298, 66
53, 283, 298, 64
53, 295, 298, 69
53, 423, 298, 76
53, 302, 298, 62
53, 560, 298, 23
53, 177, 298, 24
53, 182, 298, 2
53, 184, 298, 12
53, 62, 298, 4
53, 198, 298, 8
53, 200, 298, 38
53, 466, 298, 20
53, 470, 298, 1
53, 221, 298, 75
53, 101, 298, 29
53, 106, 298, 30
53, 366, 298, 38
53, 239, 298, 76
53, 372, 298, 41
53, 120, 298, 39
53, 0, 299, 57
53, 97, 299, 44
53, 161, 299, 15
53, 449, 299, 18
53, 387, 299, 13
53, 486, 299, 92
53, 360, 299, 33
53, 297, 299, 45
53, 76, 299, 76
53, 237, 299, 22
53, 591, 299, 63
53, 341, 299, 89
53, 501, 299, 46
53, 439, 299, 44
53, 184, 299, 12
53, 57, 299, 68
53, 245, 299, 53
53, 343, 299, 34
