300, 600, 30
3, 192, 0, 93
3, 355, 0, 25
3, 580, 0, 86
3, 106, 0, 87
3, 587, 0, 85
3, 410, 0, 82
3, 82, 0, 94
3, 403, 0, 45
3, 411, 0, 90
3, 343, 0, 25
3, 154, 0, 99
3, 155, 0, 95
3, 189, 0, 6
3, 417, 1, 31
3, 558, 1, 67
3, 496, 1, 38
3, 598, 1, 86
3, 120, 1, 42
3, 526, 2, 91
3, 399, 2, 19
3, 530, 2, 12
3, 280, 2, 5
3, 25, 2, 52
3, 408, 2, 62
3, 412, 2, 76
3, 413, 2, 28
3, 417, 2, 31
3, 425, 2, 30
3, 555, 2, 8
3, 303, 2, 73
3, 310, 2, 96
3, 566, 2, 58
3, 324, 2, 96
3, 325, 2, 75
3, 72, 2, 89
3, 590, 2, 4
3, 207, 2, 97
3, 217, 2, 32
3, 357, 2, 64
3, 360, 2, 29
3, 237, 2, 22
3, 370, 2, 100
3, 499, 2, 1
3, 582, 3, 93
3, 327, 3, 21
3, 186, 3, 38
3, 9, 3, 18
3, 429, 3, 50
3, 398, 3, 90
3, 463, 3, 15
3, 594, 3, 6
3, 373, 3, 89
3, 502, 3, 55
3, 215, 3, 56
3, 154, 3, 99
3, 507, 3, 10
3, 254, 3, 61
3, 103, 4, 62
3, 270, 4, 20
3, 179, 4, 29
3, 502, 4, 55
3, 154, 4, 99
3, 63, 4, 41
3, 8, 5, 41
3, 585, 5, 84
3, 45, 5, 59
3, 366, 5, 22
3, 494, 5, 15
3, 434, 5, 52
3, 115, 5, 29
3, 340, 5, 48
3, 420, 6, 86
3, 492, 6, 94
3, 431, 6, 9
3, 49, 6, 38
3, 63, 6, 41
3, 437, 6, 61
3, 309, 6, 94
3, 535, 6, 46
3, 56, 6, 45
3, 25, 6, 52
3, 88, 6, 56
3, 541, 6, 81
3, 191, 6, 22
3, 480, 7, 13
3, 417, 7, 31
3, 226, 7, 16
3, 541, 7, 81
3, 260, 7, 40
3, 64, 7, 40
3, 227, 7, 32
3, 71, 7, 76
3, 583, 7, 48
3, 488, 7, 21
3, 167, 7, 90
3, 299, 7, 73
3, 138, 7, 71
3, 83, 7, 15
3, 372, 7, 59
3, 310, 7, 96
3, 540, 7, 37
3, 125, 7, 58
3, 581, 8, 40
3, 424, 8, 16
3, 105, 8, 80
3, 499, 8, 1
3, 501, 8, 6
3, 540, 8, 37
3, 286, 8, 4
3, 480, 9, 13
3, 488, 9, 21
3, 553, 9, 67
3, 138, 9, 71
3, 425, 9, 30
3, 12, 9, 71
3, 142, 9, 54
3, 276, 9, 17
3, 213, 9, 3
3, 566, 9, 58
3, 153, 9, 97
3, 219, 9, 98
3, 352, 10, 59
3, 481, 10, 37
3, 471, 10, 61
3, 421, 10, 38
3, 551, 10, 44
3, 72, 10, 89
3, 169, 10, 73
3, 135, 10, 35
3, 12, 10, 71
3, 251, 10, 95
3, 596, 10, 25
3, 181, 10, 40
3, 278, 10, 21
3, 87, 10, 18
3, 56, 10, 45
3, 315, 10, 31
3, 120, 10, 42
3, 1, 11, 86
3, 391, 11, 43
3, 142, 11, 54
3, 17, 11, 3
3, 150, 11, 50
3, 407, 11, 82
3, 408, 11, 62
3, 283, 11, 84
3, 36, 11, 55
3, 41, 11, 95
3, 426, 11, 17
3, 178, 11, 63
3, 444, 11, 54
3, 317, 11, 61
3, 208, 11, 40
3, 467, 11, 8
3, 346, 11, 57
3, 95, 11, 73
3, 235, 11, 49
3, 121, 11, 90
3, 252, 11, 14
3, 323, 12, 77
3, 35, 12, 81
3, 122, 12, 23
3, 583, 12, 48
3, 73, 12, 51
3, 13, 12, 5
3, 142, 12, 54
3, 378, 12, 36
3, 506, 12, 72
3, 444, 12, 54
3, 574, 12, 66
3, 128, 13, 25
3, 1, 13, 86
3, 255, 13, 96
3, 6, 13, 6
3, 263, 13, 61
3, 143, 13, 91
3, 404, 13, 24
3, 414, 13, 35
3, 287, 13, 48
3, 552, 13, 97
3, 302, 13, 37
3, 177, 13, 17
3, 437, 13, 61
3, 186, 13, 38
3, 191, 13, 22
3, 578, 13, 69
3, 453, 13, 9
3, 589, 13, 40
3, 593, 13, 46
3, 215, 13, 56
3, 343, 13, 25
3, 475, 13, 21
3, 240, 13, 24
3, 498, 13, 99
3, 383, 13, 57
3, 577, 14, 86
3, 98, 14, 84
3, 5, 14, 60
3, 293, 14, 52
3, 40, 14, 92
3, 328, 14, 45
3, 589, 14, 40
3, 366, 14, 22
3, 142, 14, 54
3, 591, 14, 49
3, 367, 14, 22
3, 23, 14, 15
3, 92, 14, 35
3, 343, 14, 25
3, 191, 14, 22
3, 99, 15, 84
3, 196, 15, 89
3, 323, 15, 77
3, 326, 15, 16
3, 327, 15, 21
3, 35, 15, 81
3, 586, 15, 82
3, 234, 15, 96
3, 176, 15, 37
3, 177, 15, 17
3, 532, 15, 67
3, 408, 15, 62
3, 286, 15, 4
3, 96, 16, 79
3, 418, 16, 61
3, 518, 16, 96
3, 39, 16, 83
3, 107, 16, 43
3, 12, 16, 71
3, 77, 16, 43
3, 440, 16, 61
3, 249, 16, 48
3, 284, 16, 84
3, 481, 17, 37
3, 33, 17, 23
3, 579, 17, 7
3, 100, 17, 27
3, 1, 17, 86
3, 201, 17, 31
3, 588, 17, 76
3, 559, 17, 33
3, 337, 17, 68
3, 434, 17, 52
3, 49, 17, 38
3, 149, 17, 70
3, 536, 17, 31
3, 88, 17, 56
3, 380, 17, 19
3, 381, 17, 11
3, 575, 17, 2
3, 322, 18, 25
3, 36, 18, 55
3, 78, 18, 33
3, 559, 18, 33
3, 176, 18, 37
3, 462, 18, 68
3, 441, 18, 54
3, 382, 18, 82
3, 99, 19, 84
3, 456, 19, 46
3, 105, 19, 80
3, 298, 19, 5
3, 585, 19, 84
3, 365, 19, 76
3, 591, 19, 49
3, 336, 19, 42
3, 18, 19, 73
3, 19, 19, 79
3, 251, 19, 95
3, 156, 19, 85
3, 253, 19, 59
3, 265, 20, 44
3, 527, 20, 68
3, 529, 20, 5
3, 537, 20, 85
3, 415, 20, 67
3, 36, 20, 55
3, 554, 20, 14
3, 556, 20, 84
3, 432, 20, 3
3, 306, 20, 98
3, 564, 20, 15
3, 438, 20, 6
3, 54, 20, 88
3, 441, 20, 54
3, 573, 20, 72
3, 63, 20, 41
3, 319, 20, 5
3, 582, 20, 93
3, 78, 20, 33
3, 336, 20, 42
3, 339, 20, 64
3, 93, 20, 74
3, 367, 20, 22
3, 374, 20, 28
3, 545, 21, 72
3, 418, 21, 61
3, 330, 21, 28
3, 15, 21, 37
3, 150, 21, 50
3, 569, 21, 92
3, 321, 22, 28
3, 97, 22, 6
3, 488, 22, 21
3, 523, 22, 94
3, 300, 22, 29
3, 461, 22, 31
3, 47, 22, 56
3, 80, 22, 41
3, 273, 22, 48
3, 466, 22, 91
3, 244, 22, 59
3, 245, 22, 82
3, 221, 22, 46
3, 381, 22, 11
3, 62, 22, 3
3, 383, 22, 57
3, 132, 23, 6
3, 37, 23, 3
3, 6, 23, 6
3, 167, 23, 90
3, 46, 23, 97
3, 78, 23, 33
3, 494, 23, 15
3, 438, 23, 6
3, 185, 23, 90
3, 35, 24, 81
3, 67, 24, 100
3, 549, 24, 32
3, 164, 24, 91
3, 295, 24, 68
3, 557, 24, 51
3, 531, 24, 4
3, 121, 24, 90
3, 131, 25, 85
3, 402, 25, 8
3, 151, 25, 15
3, 541, 25, 81
3, 421, 25, 38
3, 554, 25, 14
3, 437, 25, 61
3, 182, 25, 16
3, 449, 25, 95
3, 327, 25, 21
3, 202, 25, 71
3, 76, 25, 59
3, 592, 25, 63
3, 342, 25, 66
3, 229, 25, 17
3, 102, 25, 93
3, 112, 25, 35
3, 373, 25, 89
3, 246, 25, 25
3, 252, 25, 14
3, 128, 26, 25
3, 387, 26, 79
3, 357, 26, 64
3, 568, 26, 2
3, 590, 26, 4
3, 335, 26, 31
3, 337, 26, 68
3, 274, 26, 43
3, 531, 26, 4
3, 373, 26, 89
3, 536, 26, 31
3, 5, 27, 60
3, 270, 27, 20
3, 402, 27, 8
3, 146, 27, 67
3, 538, 27, 16
3, 166, 27, 88
3, 426, 27, 17
3, 46, 27, 97
3, 322, 27, 25
3, 450, 27, 34
3, 344, 27, 97
3, 216, 27, 89
3, 223, 27, 70
3, 367, 27, 22
3, 120, 27, 42
3, 378, 27, 36
3, 252, 27, 14
3, 125, 27, 58
3, 511, 27, 37
3, 160, 28, 80
3, 32, 28, 29
3, 72, 28, 89
3, 266, 28, 88
3, 499, 28, 1
3, 21, 28, 63
3, 92, 28, 35
3, 194, 29, 84
3, 420, 29, 86
3, 133, 29, 91
3, 581, 29, 40
3, 8, 29, 41
3, 521, 29, 42
3, 264, 29, 88
3, 331, 29, 75
3, 397, 29, 16
3, 252, 29, 14
3, 85, 29, 69
3, 345, 29, 58
3, 155, 29, 95
3, 220, 29, 52
3, 349, 29, 81
3, 7, 30, 43
3, 396, 30, 52
3, 269, 30, 18
3, 409, 30, 55
3, 286, 30, 4
3, 167, 30, 90
3, 170, 30, 13
3, 177, 30, 17
3, 58, 30, 20
3, 444, 30, 54
3, 67, 30, 100
3, 330, 30, 28
3, 74, 30, 95
3, 460, 30, 12
3, 461, 30, 31
3, 353, 30, 2
3, 491, 30, 75
3, 110, 30, 4
3, 239, 30, 51
3, 494, 30, 15
3, 113, 30, 36
3, 290, 31, 69
3, 485, 31, 56
3, 238, 31, 27
3, 372, 31, 59
3, 532, 31, 67
3, 182, 31, 16
3, 88, 31, 56
3, 4, 32, 74
3, 518, 32, 96
3, 139, 32, 32
3, 13, 32, 5
3, 270, 32, 20
3, 276, 32, 17
3, 21, 32, 63
3, 537, 32, 85
3, 288, 32, 49
3, 545, 32, 72
3, 160, 32, 80
3, 162, 32, 53
3, 420, 32, 86
3, 441, 32, 54
3, 319, 32, 5
3, 577, 32, 86
3, 71, 32, 76
3, 463, 32, 15
3, 337, 32, 68
3, 351, 32, 40
3, 98, 32, 84
3, 492, 32, 94
3, 120, 32, 42
3, 121, 32, 90
3, 506, 32, 72
3, 514, 33, 4
3, 293, 33, 52
3, 582, 33, 93
3, 393, 33, 2
3, 12, 33, 71
3, 268, 33, 24
3, 496, 33, 38
3, 467, 33, 8
3, 532, 33, 67
3, 436, 33, 3
3, 411, 33, 90
3, 567, 33, 47
3, 248, 33, 4
3, 505, 33, 16
3, 283, 33, 84
3, 63, 33, 41
3, 478, 33, 2
3, 223, 33, 70
3, 262, 34, 13
3, 10, 34, 23
3, 205, 34, 88
3, 430, 34, 29
3, 560, 34, 33
3, 49, 34, 38
3, 179, 34, 29
3, 53, 34, 83
3, 91, 34, 78
3, 444, 34, 54
3, 125, 34, 58
3, 289, 35, 48
3, 259, 35, 36
3, 323, 35, 77
3, 131, 35, 85
3, 452, 35, 15
3, 423, 35, 7
3, 397, 35, 16
3, 366, 35, 22
3, 525, 35, 44
3, 208, 35, 40
3, 81, 35, 99
3, 562, 35, 13
3, 179, 35, 29
3, 272, 35, 70
3, 413, 35, 28
3, 511, 35, 37
3, 512, 36, 63
3, 165, 36, 3
3, 135, 36, 35
3, 359, 36, 5
3, 202, 36, 71
3, 207, 36, 97
3, 48, 36, 34
3, 111, 36, 82
3, 434, 36, 52
3, 309, 36, 94
3, 86, 36, 35
3, 151, 36, 15
3, 408, 36, 62
3, 443, 36, 25
3, 128, 37, 25
3, 199, 37, 66
3, 396, 37, 52
3, 85, 37, 69
3, 282, 37, 86
3, 123, 37, 34
3, 385, 38, 52
3, 4, 38, 74
3, 262, 38, 13
3, 263, 38, 61
3, 268, 38, 24
3, 526, 38, 91
3, 537, 38, 85
3, 47, 38, 56
3, 177, 38, 17
3, 562, 38, 13
3, 51, 38, 80
3, 576, 38, 45
3, 68, 38, 58
3, 457, 38, 98
3, 75, 38, 100
3, 466, 38, 91
3, 86, 38, 35
3, 230, 38, 28
3, 104, 38, 31
3, 117, 38, 17
3, 504, 38, 25
3, 0, 39, 75
3, 130, 39, 87
3, 514, 39, 4
3, 5, 39, 60
3, 136, 39, 19
3, 394, 39, 1
3, 148, 39, 40
3, 149, 39, 70
3, 534, 39, 100
3, 421, 39, 38
3, 566, 39, 58
3, 449, 39, 95
3, 74, 39, 95
3, 586, 39, 82
3, 207, 39, 97
3, 80, 39, 41
3, 467, 39, 8
3, 211, 39, 42
3, 483, 39, 36
3, 355, 39, 25
3, 231, 39, 26
3, 488, 39, 21
3, 380, 39, 19
3, 136, 40, 19
3, 84, 40, 5
3, 343, 40, 25
3, 121, 40, 90
3, 188, 40, 94
3, 253, 40, 59
3, 62, 40, 3
3, 259, 41, 36
3, 131, 41, 85
3, 525, 41, 44
3, 143, 41, 91
3, 272, 41, 70
3, 148, 41, 40
3, 539, 41, 6
3, 540, 41, 37
3, 291, 41, 87
3, 305, 41, 7
3, 54, 41, 88
3, 321, 41, 28
3, 323, 41, 77
3, 581, 41, 40
3, 69, 41, 42
3, 72, 41, 89
3, 456, 41, 46
3, 331, 41, 75
3, 336, 41, 42
3, 90, 41, 1
3, 225, 41, 22
3, 231, 41, 26
3, 498, 41, 99
3, 246, 41, 25
3, 379, 41, 56
3, 224, 42, 91
3, 449, 42, 95
3, 452, 42, 15
3, 422, 42, 69
3, 518, 42, 96
3, 491, 42, 75
3, 108, 42, 91
3, 141, 42, 60
3, 562, 42, 13
3, 594, 42, 6
3, 148, 42, 40
3, 115, 42, 29
3, 87, 42, 18
3, 504, 42, 25
3, 281, 42, 56
3, 476, 42, 4
3, 31, 42, 91
3, 512, 43, 63
3, 548, 43, 72
3, 69, 43, 42
3, 485, 43, 56
3, 39, 43, 83
3, 107, 43, 43
3, 140, 43, 46
3, 173, 43, 46
3, 125, 43, 58
3, 502, 43, 55
3, 55, 43, 31
3, 538, 43, 16
3, 93, 43, 74
3, 159, 43, 31
3, 385, 44, 52
3, 1, 44, 86
3, 542, 44, 79
3, 31, 44, 91
3, 37, 44, 3
3, 294, 44, 61
3, 556, 44, 84
3, 188, 44, 94
3, 448, 44, 68
3, 71, 44, 76
3, 462, 44, 68
3, 80, 44, 41
3, 214, 44, 21
3, 90, 44, 1
3, 95, 44, 73
3, 99, 44, 84
3, 362, 44, 64
3, 243, 44, 47
3, 505, 44, 16
3, 510, 44, 33
3, 481, 45, 37
3, 258, 45, 2
3, 232, 45, 58
3, 172, 45, 46
3, 108, 45, 91
3, 399, 45, 19
3, 274, 45, 43
3, 403, 45, 45
3, 276, 45, 17
3, 245, 45, 82
3, 58, 45, 20
3, 572, 45, 1
3, 61, 45, 31
3, 478, 45, 2
3, 32, 46, 29
3, 1, 46, 86
3, 98, 46, 84
3, 515, 46, 24
3, 166, 46, 88
3, 457, 46, 98
3, 202, 46, 71
3, 363, 46, 36
3, 270, 46, 20
3, 561, 46, 62
3, 402, 46, 8
3, 404, 46, 24
3, 566, 46, 58
3, 569, 46, 92
3, 154, 46, 99
3, 315, 46, 31
3, 140, 47, 46
3, 142, 47, 54
3, 273, 47, 48
3, 401, 47, 25
3, 276, 47, 17
3, 405, 47, 1
3, 533, 47, 19
3, 168, 47, 52
3, 554, 47, 14
3, 304, 47, 86
3, 178, 47, 63
3, 54, 47, 88
3, 327, 47, 21
3, 202, 47, 71
3, 348, 47, 78
3, 357, 47, 64
3, 488, 47, 21
3, 495, 47, 75
3, 376, 47, 70
3, 380, 47, 19
3, 578, 48, 69
3, 266, 48, 88
3, 368, 48, 10
3, 55, 48, 31
3, 377, 48, 58
3, 163, 49, 47
3, 454, 49, 83
3, 78, 49, 33
3, 590, 49, 4
3, 308, 49, 13
3, 566, 49, 58
3, 350, 49, 35
3, 351, 49, 40
3, 135, 50, 35
3, 307, 50, 49
3, 52, 50, 77
3, 405, 50, 1
3, 566, 50, 58
3, 147, 50, 12
3, 88, 50, 56
3, 537, 50, 85
3, 474, 50, 69
3, 220, 50, 52
3, 290, 51, 69
3, 2, 51, 67
3, 355, 51, 25
3, 357, 51, 64
3, 69, 51, 42
3, 392, 51, 26
3, 265, 51, 44
3, 41, 51, 95
3, 584, 51, 81
3, 150, 51, 50
3, 471, 51, 61
3, 120, 51, 42
3, 157, 51, 85
3, 571, 51, 82
3, 477, 51, 8
3, 478, 51, 2
3, 448, 52, 68
3, 321, 52, 28
3, 4, 52, 74
3, 69, 52, 42
3, 36, 52, 55
3, 327, 52, 21
3, 489, 52, 42
3, 525, 52, 44
3, 79, 52, 49
3, 530, 52, 12
3, 338, 52, 95
3, 277, 52, 4
3, 85, 52, 69
3, 543, 52, 86
3, 258, 53, 2
3, 355, 53, 25
3, 535, 53, 46
3, 168, 53, 52
3, 137, 53, 98
3, 586, 53, 82
3, 524, 53, 18
3, 239, 53, 51
3, 335, 53, 31
3, 437, 53, 61
3, 471, 53, 61
3, 509, 53, 46
3, 544, 54, 55
3, 323, 54, 77
3, 421, 54, 38
3, 264, 54, 88
3, 329, 54, 69
3, 9, 54, 18
3, 299, 54, 73
3, 273, 54, 48
3, 433, 54, 86
3, 211, 54, 42
3, 83, 54, 15
3, 244, 54, 59
3, 182, 54, 16
3, 541, 54, 81
3, 30, 54, 13
3, 519, 55, 26
3, 266, 55, 88
3, 10, 55, 23
3, 149, 55, 70
3, 281, 55, 56
3, 164, 55, 91
3, 304, 55, 86
3, 184, 55, 9
3, 442, 55, 75
3, 453, 55, 9
3, 199, 55, 66
3, 72, 55, 89
3, 202, 55, 71
3, 590, 55, 4
3, 207, 55, 97
3, 337, 55, 68
3, 465, 55, 64
3, 343, 55, 25
3, 105, 55, 80
3, 366, 55, 22
3, 253, 55, 59
3, 126, 55, 52
3, 484, 56, 22
3, 424, 56, 16
3, 137, 56, 98
3, 109, 56, 81
3, 431, 56, 9
3, 531, 56, 4
3, 248, 56, 4
3, 441, 56, 54
3, 410, 56, 82
3, 540, 56, 37
3, 351, 56, 40
3, 134, 57, 59
3, 9, 57, 18
3, 276, 57, 17
3, 405, 57, 1
3, 160, 57, 80
3, 288, 57, 49
3, 168, 57, 52
3, 562, 57, 13
3, 182, 57, 16
3, 439, 57, 47
3, 186, 57, 38
3, 317, 57, 61
3, 63, 57, 41
3, 82, 57, 94
3, 339, 57, 64
3, 217, 57, 32
3, 345, 57, 58
3, 485, 57, 56
3, 111, 57, 82
3, 377, 57, 58
3, 416, 58, 9
3, 513, 58, 48
3, 321, 58, 28
3, 325, 58, 75
3, 264, 58, 88
3, 75, 58, 100
3, 368, 58, 10
3, 49, 58, 38
3, 179, 58, 29
3, 115, 58, 29
3, 118, 58, 50
3, 215, 58, 56
3, 281, 58, 56
3, 222, 58, 21
3, 193, 59, 70
3, 292, 59, 63
3, 196, 59, 89
3, 393, 59, 2
3, 112, 59, 35
3, 406, 59, 32
3, 535, 59, 46
3, 280, 59, 5
3, 249, 59, 48
3, 58, 59, 20
3, 255, 59, 96
3, 260, 60, 40
3, 197, 60, 39
3, 168, 60, 52
3, 265, 60, 44
3, 523, 60, 94
3, 555, 60, 8
3, 594, 60, 6
3, 499, 60, 1
3, 21, 60, 63
3, 405, 60, 1
3, 473, 60, 32
3, 348, 60, 78
3, 221, 60, 46
3, 68, 61, 58
3, 102, 61, 93
3, 263, 61, 61
3, 298, 61, 5
3, 363, 61, 36
3, 174, 61, 55
3, 462, 61, 68
3, 560, 61, 33
3, 240, 61, 24
3, 61, 61, 31
3, 87, 61, 18
3, 344, 61, 97
3, 153, 61, 97
3, 539, 61, 6
3, 381, 61, 11
3, 575, 61, 2
3, 512, 62, 63
3, 424, 62, 16
3, 184, 62, 9
3, 187, 62, 96
3, 317, 62, 61
3, 225, 63, 22
3, 294, 63, 61
3, 71, 63, 76
3, 203, 63, 94
3, 236, 63, 56
3, 460, 63, 12
3, 239, 63, 51
3, 368, 63, 10
3, 113, 63, 36
3, 211, 63, 42
3, 147, 63, 12
3, 435, 63, 77
3, 475, 63, 21
3, 470, 63, 84
3, 505, 63, 16
3, 315, 63, 31
3, 375, 63, 75
3, 511, 63, 37
3, 513, 64, 48
3, 194, 64, 84
3, 234, 64, 96
3, 236, 64, 56
3, 46, 64, 97
3, 47, 64, 56
3, 244, 64, 59
3, 222, 64, 21
3, 138, 65, 71
3, 140, 65, 46
3, 397, 65, 16
3, 527, 65, 68
3, 277, 65, 4
3, 416, 65, 9
3, 166, 65, 88
3, 40, 65, 92
3, 55, 65, 31
3, 570, 65, 65
3, 187, 65, 96
3, 574, 65, 66
3, 67, 65, 100
3, 337, 65, 68
3, 354, 65, 32
3, 357, 65, 64
3, 487, 65, 12
3, 112, 65, 35
3, 119, 65, 96
3, 249, 65, 48
3, 255, 65, 96
3, 36, 66, 55
3, 389, 66, 63
3, 267, 66, 57
3, 13, 66, 5
3, 403, 66, 45
3, 436, 66, 3
3, 87, 66, 18
3, 26, 66, 17
3, 540, 66, 37
3, 575, 66, 2
3, 520, 67, 74
3, 528, 67, 4
3, 153, 67, 97
3, 158, 67, 31
3, 167, 67, 90
3, 553, 67, 67
3, 47, 67, 56
3, 432, 67, 3
3, 306, 67, 98
3, 567, 67, 47
3, 186, 67, 38
3, 444, 67, 54
3, 333, 67, 43
3, 463, 67, 15
3, 599, 67, 36
3, 225, 67, 22
3, 482, 67, 40
3, 102, 67, 93
3, 104, 67, 31
3, 65, 68, 84
3, 2, 68, 67
3, 131, 68, 85
3, 165, 68, 3
3, 197, 68, 39
3, 581, 68, 40
3, 390, 68, 8
3, 330, 68, 28
3, 203, 68, 94
3, 108, 68, 91
3, 267, 68, 57
3, 106, 68, 87
3, 47, 68, 56
3, 213, 68, 3
3, 184, 68, 9
3, 409, 68, 55
3, 478, 68, 2
3, 9, 69, 18
3, 297, 69, 86
3, 368, 69, 10
3, 339, 69, 64
3, 571, 69, 82
3, 321, 70, 28
3, 130, 70, 87
3, 581, 70, 40
3, 491, 70, 75
3, 332, 70, 24
3, 396, 70, 52
3, 110, 70, 4
3, 87, 70, 18
3, 574, 70, 66
3, 523, 71, 94
3, 15, 71, 37
3, 144, 71, 95
3, 404, 71, 24
3, 535, 71, 46
3, 541, 71, 81
3, 160, 71, 80
3, 291, 71, 87
3, 43, 71, 89
3, 555, 71, 8
3, 439, 71, 47
3, 320, 71, 59
3, 198, 71, 86
3, 210, 71, 90
3, 212, 71, 97
3, 473, 71, 32
3, 346, 71, 57
3, 482, 71, 40
3, 101, 71, 93
3, 234, 71, 96
3, 111, 71, 82
3, 245, 71, 82
3, 249, 71, 48
3, 12, 72, 71
3, 140, 72, 46
3, 275, 72, 51
3, 283, 72, 84
3, 158, 72, 31
3, 287, 72, 48
3, 291, 72, 87
3, 35, 72, 81
3, 165, 72, 3
3, 434, 72, 52
3, 183, 72, 18
3, 448, 72, 68
3, 192, 72, 93
3, 64, 72, 40
3, 195, 72, 89
3, 220, 72, 52
3, 99, 72, 84
3, 356, 72, 5
3, 483, 72, 36
3, 484, 72, 22
3, 103, 72, 62
3, 97, 73, 6
3, 324, 73, 96
3, 357, 73, 64
3, 70, 73, 72
3, 231, 73, 26
3, 421, 73, 38
3, 266, 73, 88
3, 172, 73, 46
3, 269, 73, 18
3, 241, 73, 57
3, 402, 73, 8
3, 184, 73, 9
3, 412, 73, 76
3, 125, 73, 58
3, 30, 73, 13
3, 3, 74, 99
3, 58, 74, 20
3, 453, 74, 9
3, 582, 74, 93
3, 8, 74, 41
3, 106, 74, 87
3, 305, 74, 7
3, 210, 74, 90
3, 116, 74, 69
3, 471, 74, 61
3, 410, 74, 82
3, 221, 74, 46
3, 287, 74, 48
3, 384, 75, 25
3, 132, 75, 6
3, 262, 75, 13
3, 39, 75, 83
3, 424, 75, 16
3, 47, 75, 56
3, 560, 75, 33
3, 559, 75, 33
3, 306, 75, 98
3, 307, 75, 49
3, 183, 75, 18
3, 186, 75, 38
3, 188, 75, 94
3, 448, 75, 68
3, 583, 75, 48
3, 79, 75, 49
3, 90, 75, 1
3, 92, 75, 35
3, 222, 75, 21
3, 102, 75, 93
3, 373, 75, 89
3, 501, 75, 6
3, 376, 75, 70
3, 65, 76, 84
3, 417, 76, 31
3, 196, 76, 89
3, 518, 76, 96
3, 489, 76, 42
3, 555, 76, 8
3, 541, 76, 81
3, 419, 77, 36
3, 133, 77, 91
3, 135, 77, 35
3, 265, 77, 44
3, 76, 77, 59
3, 398, 77, 90
3, 303, 77, 73
3, 592, 77, 63
3, 498, 77, 99
3, 6, 78, 6
3, 72, 78, 89
3, 304, 78, 86
3, 272, 78, 70
3, 274, 78, 43
3, 91, 78, 78
3, 350, 78, 35
3, 355, 79, 25
3, 295, 79, 68
3, 366, 79, 22
3, 528, 79, 4
3, 112, 79, 35
3, 289, 80, 48
3, 33, 80, 23
3, 65, 80, 84
3, 388, 80, 28
3, 198, 80, 86
3, 294, 80, 61
3, 104, 80, 31
3, 440, 80, 61
3, 333, 80, 43
3, 109, 80, 81
3, 590, 80, 4
3, 433, 80, 86
3, 21, 80, 63
3, 53, 80, 83
3, 472, 80, 40
3, 185, 80, 90
3, 26, 80, 17
3, 188, 80, 94
3, 1, 81, 86
3, 321, 81, 28
3, 97, 81, 6
3, 195, 81, 89
3, 581, 81, 40
3, 455, 81, 44
3, 40, 81, 92
3, 105, 81, 80
3, 168, 81, 52
3, 430, 81, 29
3, 208, 81, 40
3, 209, 81, 59
3, 51, 81, 80
3, 118, 81, 50
3, 503, 81, 6
3, 214, 81, 21
3, 444, 81, 54
3, 383, 81, 57
3, 98, 82, 84
3, 39, 82, 83
3, 586, 82, 82
3, 461, 82, 31
3, 333, 82, 43
3, 111, 82, 82
3, 80, 82, 41
3, 599, 82, 36
3, 380, 82, 19
3, 378, 82, 36
3, 252, 82, 14
3, 93, 82, 74
3, 128, 83, 25
3, 96, 83, 79
3, 544, 83, 55
3, 227, 83, 32
3, 518, 83, 96
3, 39, 83, 83
3, 12, 83, 71
3, 557, 83, 51
3, 46, 83, 97
3, 466, 83, 91
3, 563, 83, 19
3, 180, 83, 83
3, 343, 83, 25
3, 253, 83, 59
3, 31, 83, 91
3, 2, 84, 67
3, 387, 84, 79
3, 389, 84, 63
3, 231, 84, 26
3, 264, 84, 88
3, 269, 84, 18
3, 495, 84, 75
3, 207, 84, 97
3, 146, 84, 67
3, 181, 84, 40
3, 503, 84, 6
3, 123, 84, 34
3, 392, 85, 26
3, 168, 85, 52
3, 107, 85, 43
3, 268, 85, 24
3, 87, 85, 18
3, 215, 85, 56
3, 62, 85, 3
3, 25, 85, 52
3, 446, 85, 54
3, 256, 86, 44
3, 579, 86, 7
3, 200, 86, 3
3, 81, 86, 99
3, 209, 86, 59
3, 54, 86, 88
3, 247, 86, 18
3, 412, 86, 76
3, 348, 86, 78
3, 573, 86, 72
3, 318, 86, 38
3, 356, 87, 5
3, 517, 87, 29
3, 294, 87, 61
3, 394, 87, 1
3, 331, 87, 75
3, 588, 87, 76
3, 269, 87, 18
3, 399, 87, 19
3, 559, 87, 33
3, 15, 87, 37
3, 242, 87, 76
3, 306, 87, 98
3, 117, 87, 17
3, 470, 87, 84
3, 182, 87, 16
3, 282, 87, 86
3, 411, 87, 90
3, 102, 88, 93
3, 585, 88, 84
3, 556, 88, 84
3, 527, 88, 68
3, 61, 88, 31
3, 181, 88, 40
3, 285, 88, 41
3, 128, 89, 25
3, 3, 89, 99
3, 16, 89, 36
3, 272, 89, 70
3, 161, 89, 7
3, 34, 89, 43
3, 419, 89, 36
3, 290, 89, 69
3, 424, 89, 16
3, 553, 89, 67
3, 46, 89, 97
3, 47, 89, 56
3, 431, 89, 9
3, 60, 89, 87
3, 574, 89, 66
3, 321, 89, 28
3, 455, 89, 44
3, 459, 89, 11
3, 78, 89, 33
3, 337, 89, 68
3, 483, 89, 36
3, 498, 89, 99
3, 117, 89, 17
3, 250, 89, 67
3, 252, 89, 14
3, 322, 90, 25
3, 392, 90, 26
3, 494, 90, 15
3, 591, 90, 49
3, 241, 90, 57
3, 404, 90, 24
3, 437, 90, 61
3, 153, 90, 97
3, 257, 91, 9
3, 578, 91, 69
3, 420, 91, 86
3, 388, 91, 28
3, 358, 91, 21
3, 68, 91, 58
3, 377, 91, 58
3, 409, 91, 55
3, 144, 91, 95
3, 465, 91, 64
3, 305, 91, 7
3, 412, 91, 76
3, 186, 91, 38
3, 380, 91, 19
3, 510, 91, 33
3, 286, 91, 4
3, 386, 92, 39
3, 263, 92, 61
3, 522, 92, 45
3, 13, 92, 5
3, 152, 92, 3
3, 288, 92, 49
3, 423, 92, 7
3, 171, 92, 51
3, 46, 92, 97
3, 303, 92, 73
3, 564, 92, 15
3, 439, 92, 47
3, 576, 92, 45
3, 578, 92, 69
3, 451, 92, 37
3, 70, 92, 72
3, 326, 92, 16
3, 328, 92, 45
3, 78, 92, 33
3, 363, 92, 36
3, 118, 92, 50
3, 249, 92, 48
3, 511, 92, 37
3, 417, 93, 31
3, 8, 93, 41
3, 300, 93, 29
3, 81, 93, 99
3, 54, 93, 88
3, 121, 93, 90
3, 30, 93, 13
3, 397, 94, 16
3, 407, 94, 82
3, 410, 94, 82
3, 291, 94, 87
3, 39, 94, 83
3, 173, 94, 46
3, 175, 94, 89
3, 58, 94, 20
3, 573, 94, 72
3, 69, 94, 42
3, 201, 94, 31
3, 591, 94, 49
3, 466, 94, 91
3, 472, 94, 40
3, 473, 94, 32
3, 348, 94, 78
3, 488, 94, 21
3, 241, 94, 57
3, 497, 94, 20
3, 115, 94, 29
3, 119, 94, 96
3, 321, 95, 28
3, 290, 95, 69
3, 423, 95, 7
3, 200, 95, 3
3, 521, 95, 42
3, 587, 95, 85
3, 43, 95, 89
3, 397, 95, 16
3, 558, 95, 67
3, 495, 95, 75
3, 306, 95, 98
3, 498, 95, 99
3, 438, 95, 6
3, 406, 95, 32
3, 442, 95, 75
3, 444, 95, 54
3, 190, 95, 51
3, 511, 95, 37
3, 512, 96, 63
3, 32, 96, 29
3, 483, 96, 36
3, 485, 96, 56
3, 486, 96, 92
3, 263, 96, 61
3, 359, 96, 5
3, 489, 96, 42
3, 234, 96, 96
3, 298, 96, 5
3, 517, 96, 29
3, 425, 96, 30
3, 466, 96, 91
3, 308, 96, 13
3, 572, 96, 1
3, 127, 96, 43
3, 581, 97, 40
3, 133, 97, 91
3, 296, 97, 79
3, 456, 97, 46
3, 11, 97, 54
3, 306, 97, 98
3, 179, 97, 29
3, 468, 97, 29
3, 25, 97, 52
3, 442, 97, 75
3, 128, 98, 25
3, 258, 98, 2
3, 259, 98, 36
3, 8, 98, 41
3, 14, 98, 32
3, 530, 98, 12
3, 21, 98, 63
3, 162, 98, 53
3, 37, 98, 3
3, 39, 98, 83
3, 552, 98, 97
3, 170, 98, 13
3, 437, 98, 61
3, 438, 98, 6
3, 340, 98, 48
3, 480, 98, 13
3, 365, 98, 76
3, 381, 98, 11
3, 125, 98, 58
3, 256, 99, 44
3, 65, 99, 84
3, 289, 99, 48
3, 3, 99, 99
3, 451, 99, 37
3, 485, 99, 56
3, 70, 99, 72
3, 38, 99, 68
3, 552, 99, 97
3, 7, 99, 43
3, 138, 99, 71
3, 486, 99, 92
3, 19, 99, 79
3, 569, 99, 92
3, 218, 99, 71
3, 413, 99, 28
3, 382, 99, 82
3, 269, 100, 18
3, 334, 100, 94
3, 303, 100, 73
3, 400, 100, 36
3, 575, 100, 2
3, 481, 101, 37
3, 100, 101, 27
3, 133, 101, 91
3, 580, 101, 86
3, 111, 101, 82
3, 16, 101, 36
3, 437, 101, 61
3, 249, 101, 48
3, 380, 101, 19
3, 159, 101, 31
3, 393, 102, 2
3, 146, 102, 67
3, 280, 102, 5
3, 293, 102, 52
3, 430, 102, 29
3, 436, 102, 3
3, 189, 102, 6
3, 63, 102, 41
3, 200, 102, 3
3, 461, 102, 31
3, 205, 102, 88
3, 591, 102, 49
3, 335, 102, 31
3, 216, 102, 89
3, 92, 102, 35
3, 96, 102, 79
3, 481, 102, 37
3, 497, 102, 20
3, 242, 102, 76
3, 250, 102, 67
3, 123, 102, 34
3, 252, 102, 14
3, 195, 103, 89
3, 547, 103, 80
3, 5, 103, 60
3, 51, 103, 80
3, 54, 103, 88
3, 88, 103, 56
3, 217, 103, 32
3, 538, 103, 16
3, 482, 104, 40
3, 199, 104, 66
3, 391, 104, 43
3, 428, 104, 69
3, 429, 104, 50
3, 334, 104, 94
3, 240, 104, 24
3, 209, 104, 59
3, 274, 104, 43
3, 84, 104, 5
3, 85, 104, 69
3, 54, 104, 88
3, 246, 104, 25
3, 180, 104, 83
3, 183, 104, 18
3, 122, 104, 23
3, 347, 104, 61
3, 25, 104, 52
3, 302, 105, 37
3, 462, 105, 68
3, 467, 105, 8
3, 308, 105, 13
3, 309, 105, 94
3, 61, 105, 31
3, 287, 105, 48
3, 392, 106, 26
3, 142, 106, 54
3, 14, 106, 32
3, 530, 106, 12
3, 148, 106, 40
3, 153, 106, 97
3, 546, 106, 36
3, 419, 106, 36
3, 51, 106, 80
3, 438, 106, 6
3, 183, 106, 18
3, 312, 106, 77
3, 445, 106, 70
3, 62, 106, 3
3, 320, 106, 59
3, 202, 106, 71
3, 331, 106, 75
3, 596, 106, 25
3, 356, 106, 5
3, 231, 106, 26
3, 243, 106, 47
3, 245, 106, 82
3, 417, 107, 31
3, 102, 107, 93
3, 520, 107, 74
3, 399, 107, 19
3, 380, 107, 19
3, 381, 107, 11
3, 389, 108, 63
3, 8, 108, 41
3, 141, 108, 60
3, 541, 108, 81
3, 413, 108, 28
3, 543, 108, 86
3, 545, 108, 72
3, 168, 108, 52
3, 429, 108, 50
3, 572, 108, 1
3, 463, 108, 15
3, 208, 108, 40
3, 593, 108, 46
3, 470, 108, 84
3, 473, 108, 32
3, 474, 108, 69
3, 487, 108, 12
3, 109, 108, 81
3, 366, 108, 22
3, 496, 108, 38
3, 369, 108, 55
3, 498, 108, 99
3, 117, 108, 17
3, 506, 108, 72
3, 127, 108, 43
3, 512, 109, 63
3, 545, 109, 72
3, 577, 109, 86
3, 386, 109, 39
3, 263, 109, 61
3, 9, 109, 18
3, 106, 109, 87
3, 271, 109, 17
3, 431, 109, 9
3, 148, 109, 40
3, 53, 109, 83
3, 566, 109, 58
3, 215, 109, 56
3, 86, 109, 35
3, 281, 109, 56
3, 122, 109, 23
3, 444, 109, 54
3, 477, 109, 8
3, 256, 110, 44
3, 321, 110, 28
3, 131, 110, 85
3, 100, 110, 27
3, 166, 110, 88
3, 440, 110, 61
3, 200, 110, 3
3, 360, 110, 29
3, 556, 110, 84
3, 209, 110, 59
3, 342, 110, 66
3, 216, 110, 89
3, 58, 110, 20
3, 252, 110, 14
3, 62, 110, 3
3, 288, 111, 49
3, 385, 111, 52
3, 386, 111, 39
3, 89, 111, 93
3, 65, 111, 84
3, 320, 111, 59
3, 70, 111, 72
3, 263, 111, 61
3, 102, 111, 93
3, 488, 111, 21
3, 304, 111, 86
3, 433, 111, 86
3, 503, 111, 6
3, 569, 111, 92
3, 323, 112, 77
3, 131, 112, 85
3, 519, 112, 26
3, 138, 112, 71
3, 303, 112, 73
3, 56, 112, 45
3, 123, 112, 34
3, 509, 112, 46
3, 63, 112, 41
3, 354, 113, 32
3, 228, 113, 19
3, 362, 113, 64
3, 271, 113, 17
3, 435, 113, 77
3, 405, 113, 1
3, 160, 114, 80
3, 163, 114, 47
3, 324, 114, 96
3, 200, 114, 3
3, 13, 114, 5
3, 371, 114, 41
3, 181, 114, 40
3, 546, 115, 36
3, 259, 115, 36
3, 390, 115, 8
3, 455, 115, 44
3, 394, 115, 1
3, 332, 115, 24
3, 238, 115, 27
3, 239, 115, 51
3, 176, 115, 37
3, 559, 115, 33
3, 567, 115, 47
3, 90, 115, 1
3, 284, 115, 84
3, 223, 115, 70
3, 268, 116, 24
3, 334, 116, 94
3, 306, 116, 98
3, 371, 116, 41
3, 277, 116, 4
3, 2, 117, 67
3, 103, 117, 62
3, 234, 117, 96
3, 13, 117, 5
3, 301, 117, 82
3, 431, 117, 9
3, 516, 118, 4
3, 586, 118, 82
3, 331, 118, 75
3, 459, 118, 11
3, 78, 118, 33
3, 309, 118, 94
3, 55, 118, 31
3, 95, 118, 73
3, 194, 119, 84
3, 134, 119, 59
3, 41, 119, 95
3, 522, 119, 45
3, 268, 119, 24
3, 238, 119, 27
3, 468, 119, 29
3, 250, 119, 67
3, 233, 120, 87
3, 458, 120, 66
3, 107, 120, 43
3, 460, 120, 12
3, 237, 120, 22
3, 106, 120, 87
3, 114, 120, 53
3, 436, 120, 3
3, 534, 120, 100
3, 219, 120, 98
3, 380, 120, 19
3, 158, 120, 31
3, 223, 120, 70
3, 259, 121, 36
3, 419, 121, 36
3, 552, 121, 97
3, 556, 121, 84
3, 178, 121, 63
3, 179, 121, 29
3, 307, 121, 49
3, 310, 121, 96
3, 441, 121, 54
3, 578, 121, 69
3, 323, 121, 77
3, 197, 121, 39
3, 336, 121, 42
3, 468, 121, 29
3, 599, 121, 36
3, 474, 121, 69
3, 354, 121, 32
3, 491, 121, 75
3, 109, 121, 81
3, 498, 121, 99
3, 115, 121, 29
3, 374, 121, 28
3, 376, 121, 70
3, 378, 121, 36
3, 383, 121, 57
3, 460, 122, 12
3, 301, 122, 82
3, 589, 122, 40
3, 343, 122, 25
3, 120, 122, 42
3, 98, 123, 84
3, 195, 123, 89
3, 260, 123, 40
3, 231, 123, 26
3, 42, 123, 48
3, 426, 123, 17
3, 300, 123, 29
3, 529, 123, 5
3, 446, 123, 54
3, 581, 124, 40
3, 357, 124, 64
3, 524, 124, 18
3, 144, 124, 95
3, 370, 124, 100
3, 498, 124, 99
3, 243, 124, 47
3, 503, 124, 6
3, 24, 124, 59
3, 185, 124, 90
3, 285, 124, 41
3, 25, 124, 52
3, 57, 124, 49
3, 97, 125, 6
3, 385, 125, 52
3, 358, 125, 21
3, 391, 125, 43
3, 331, 125, 75
3, 17, 125, 3
3, 337, 125, 68
3, 117, 125, 17
3, 502, 125, 55
3, 58, 125, 20
3, 527, 126, 68
3, 273, 126, 48
3, 146, 126, 67
3, 545, 126, 72
3, 421, 126, 38
3, 426, 126, 17
3, 300, 126, 29
3, 46, 126, 97
3, 178, 126, 63
3, 441, 126, 54
3, 186, 126, 38
3, 571, 126, 82
3, 62, 126, 3
3, 190, 126, 51
3, 449, 126, 95
3, 74, 126, 95
3, 206, 126, 35
3, 590, 126, 4
3, 211, 126, 42
3, 216, 126, 89
3, 91, 126, 78
3, 118, 126, 50
3, 119, 126, 96
3, 377, 126, 58
3, 251, 126, 95
3, 387, 127, 79
3, 4, 127, 74
3, 6, 127, 6
3, 16, 127, 36
3, 530, 127, 12
3, 536, 127, 31
3, 280, 127, 5
3, 285, 127, 41
3, 291, 127, 87
3, 293, 127, 52
3, 551, 127, 44
3, 424, 127, 16
3, 564, 127, 15
3, 438, 127, 6
3, 54, 127, 88
3, 321, 127, 28
3, 68, 127, 58
3, 593, 127, 46
3, 221, 127, 46
3, 481, 127, 37
3, 486, 127, 92
3, 109, 127, 81
3, 248, 127, 4
3, 519, 128, 26
3, 280, 128, 5
3, 415, 128, 67
3, 416, 128, 9
3, 292, 128, 63
3, 549, 128, 32
3, 175, 128, 89
3, 560, 128, 33
3, 561, 128, 62
3, 48, 128, 34
3, 53, 128, 83
3, 571, 128, 82
3, 192, 128, 93
3, 585, 128, 84
3, 336, 128, 42
3, 596, 128, 25
3, 220, 128, 52
3, 94, 128, 54
3, 104, 128, 31
3, 368, 128, 10
3, 242, 128, 76
3, 243, 128, 47
3, 0, 129, 75
3, 521, 129, 42
3, 531, 129, 4
3, 158, 129, 31
3, 162, 129, 53
3, 35, 129, 81
3, 293, 129, 52
3, 570, 129, 65
3, 64, 129, 40
3, 193, 129, 70
3, 453, 129, 9
3, 328, 129, 45
3, 205, 129, 88
3, 592, 129, 63
3, 594, 129, 6
3, 89, 129, 93
3, 353, 129, 2
3, 100, 129, 27
3, 370, 129, 100
3, 377, 129, 58
3, 378, 129, 36
3, 512, 130, 63
3, 130, 130, 87
3, 292, 130, 63
3, 552, 130, 97
3, 458, 130, 66
3, 367, 130, 22
3, 598, 130, 86
3, 343, 130, 25
3, 22, 130, 31
3, 93, 130, 74
3, 222, 130, 21
3, 519, 131, 26
3, 264, 131, 88
3, 152, 131, 3
3, 30, 131, 13
3, 422, 131, 69
3, 40, 131, 92
3, 169, 131, 73
3, 172, 131, 46
3, 561, 131, 62
3, 178, 131, 63
3, 570, 131, 65
3, 573, 131, 72
3, 62, 131, 3
3, 328, 131, 45
3, 75, 131, 100
3, 78, 131, 33
3, 217, 131, 32
3, 473, 131, 32
3, 240, 131, 24
3, 241, 131, 57
3, 371, 131, 41
3, 509, 131, 46
3, 0, 132, 75
3, 390, 132, 8
3, 392, 132, 26
3, 9, 132, 18
3, 399, 132, 19
3, 16, 132, 36
3, 151, 132, 15
3, 152, 132, 3
3, 290, 132, 69
3, 35, 132, 81
3, 425, 132, 30
3, 173, 132, 46
3, 54, 132, 88
3, 577, 132, 86
3, 66, 132, 62
3, 195, 132, 89
3, 592, 132, 63
3, 345, 132, 58
3, 225, 132, 22
3, 228, 132, 19
3, 493, 132, 22
3, 240, 132, 24
3, 499, 132, 1
3, 246, 132, 25
3, 127, 132, 43
3, 326, 133, 16
3, 263, 133, 61
3, 168, 133, 52
3, 491, 133, 75
3, 181, 133, 40
3, 216, 133, 89
3, 287, 133, 48
3, 388, 134, 28
3, 262, 134, 13
3, 136, 134, 19
3, 521, 134, 42
3, 268, 134, 24
3, 271, 134, 17
3, 402, 134, 8
3, 279, 134, 14
3, 152, 134, 3
3, 154, 134, 99
3, 284, 134, 84
3, 162, 134, 53
3, 296, 134, 79
3, 48, 134, 34
3, 448, 134, 68
3, 200, 134, 3
3, 587, 134, 85
3, 332, 134, 24
3, 465, 134, 64
3, 230, 134, 28
3, 122, 134, 23
3, 228, 135, 19
3, 43, 135, 89
3, 203, 135, 94
3, 589, 135, 40
3, 174, 135, 55
3, 430, 135, 29
3, 395, 135, 74
3, 49, 135, 38
3, 242, 135, 76
3, 83, 135, 15
3, 340, 135, 48
3, 373, 135, 89
3, 369, 135, 55
3, 183, 135, 18
3, 56, 135, 45
3, 317, 135, 61
3, 383, 135, 57
3, 289, 136, 48
3, 481, 136, 37
3, 515, 136, 24
3, 551, 136, 44
3, 361, 136, 73
3, 479, 136, 58
3, 395, 136, 74
3, 170, 136, 13
3, 16, 136, 36
3, 113, 136, 36
3, 56, 136, 45
3, 25, 136, 52
3, 122, 136, 23
3, 253, 136, 59
3, 511, 136, 37
3, 389, 137, 63
3, 392, 137, 26
3, 520, 137, 74
3, 523, 137, 94
3, 524, 137, 18
3, 18, 137, 73
3, 155, 137, 95
3, 540, 137, 37
3, 37, 137, 3
3, 184, 137, 9
3, 442, 137, 75
3, 64, 137, 40
3, 69, 137, 42
3, 72, 137, 89
3, 331, 137, 75
3, 352, 137, 59
3, 99, 137, 84
3, 492, 137, 94
3, 110, 137, 4
3, 112, 137, 35
3, 500, 137, 84
3, 122, 137, 23
3, 379, 137, 56
3, 125, 137, 58
3, 484, 138, 22
3, 319, 138, 5
3, 583, 138, 48
3, 423, 138, 7
3, 522, 138, 45
3, 12, 138, 71
3, 110, 138, 4
3, 527, 138, 68
3, 272, 138, 70
3, 561, 138, 62
3, 526, 138, 91
3, 111, 138, 82
3, 20, 138, 30
3, 179, 138, 29
3, 412, 138, 76
3, 574, 138, 66
3, 63, 138, 41
3, 101, 139, 93
3, 139, 139, 32
3, 404, 139, 24
3, 344, 139, 97
3, 219, 139, 98
3, 385, 140, 52
3, 3, 140, 99
3, 9, 140, 18
3, 10, 140, 23
3, 141, 140, 60
3, 274, 140, 43
3, 417, 140, 31
3, 36, 140, 55
3, 298, 140, 5
3, 435, 140, 77
3, 564, 140, 15
3, 566, 140, 58
3, 63, 140, 41
3, 199, 140, 66
3, 207, 140, 97
3, 82, 140, 94
3, 469, 140, 76
3, 214, 140, 21
3, 475, 140, 21
3, 223, 140, 70
3, 229, 140, 17
3, 248, 140, 4
3, 124, 140, 21
3, 450, 141, 34
3, 132, 141, 6
3, 69, 141, 42
3, 325, 141, 75
3, 553, 141, 67
3, 330, 141, 28
3, 176, 141, 37
3, 112, 141, 35
3, 536, 141, 31
3, 26, 141, 17
3, 418, 142, 61
3, 422, 142, 69
3, 391, 142, 43
3, 202, 142, 71
3, 462, 142, 68
3, 15, 142, 37
3, 399, 142, 19
3, 146, 142, 67
3, 308, 142, 13
3, 116, 142, 69
3, 150, 142, 50
3, 471, 142, 61
3, 538, 142, 16
3, 222, 142, 21
3, 325, 143, 75
3, 198, 143, 86
3, 457, 143, 98
3, 394, 143, 1
3, 237, 143, 22
3, 558, 143, 67
3, 48, 143, 34
3, 81, 143, 99
3, 152, 143, 3
3, 115, 143, 29
3, 214, 143, 21
3, 471, 143, 61
3, 184, 143, 9
3, 443, 143, 25
3, 412, 143, 76
3, 93, 143, 74
3, 439, 144, 47
3, 129, 144, 28
3, 358, 144, 21
3, 359, 144, 5
3, 40, 144, 92
3, 105, 144, 80
3, 329, 144, 69
3, 168, 144, 52
3, 556, 144, 84
3, 431, 144, 9
3, 336, 144, 42
3, 432, 144, 3
3, 51, 144, 80
3, 468, 144, 29
3, 469, 144, 76
3, 215, 144, 56
3, 440, 144, 61
3, 59, 144, 34
3, 439, 145, 47
3, 452, 145, 15
3, 420, 145, 86
3, 388, 145, 28
3, 488, 145, 21
3, 204, 145, 77
3, 207, 145, 97
3, 240, 145, 24
3, 16, 145, 36
3, 468, 145, 29
3, 437, 145, 61
3, 599, 145, 36
3, 120, 145, 42
3, 345, 145, 58
3, 123, 145, 34
3, 190, 145, 51
3, 287, 145, 48
3, 384, 146, 25
3, 401, 146, 25
3, 281, 146, 56
3, 36, 146, 55
3, 548, 146, 72
3, 422, 146, 69
3, 425, 146, 30
3, 562, 146, 13
3, 446, 146, 54
3, 72, 146, 89
3, 463, 146, 15
3, 335, 146, 31
3, 593, 146, 46
3, 86, 146, 35
3, 482, 146, 40
3, 229, 146, 17
3, 357, 146, 64
3, 106, 146, 87
3, 107, 146, 43
3, 369, 146, 55
3, 249, 146, 48
3, 127, 146, 43
3, 4, 147, 74
3, 5, 147, 60
3, 532, 147, 67
3, 544, 147, 55
3, 548, 147, 72
3, 170, 147, 13
3, 555, 147, 8
3, 429, 147, 50
3, 562, 147, 13
3, 448, 147, 68
3, 200, 147, 3
3, 456, 147, 46
3, 77, 147, 43
3, 334, 147, 94
3, 464, 147, 90
3, 466, 147, 91
3, 341, 147, 54
3, 345, 147, 58
3, 220, 147, 52
3, 95, 147, 73
3, 223, 147, 70
3, 231, 147, 26
3, 113, 147, 36
3, 369, 147, 55
3, 161, 148, 7
3, 233, 148, 87
3, 585, 148, 84
3, 553, 148, 67
3, 493, 148, 22
3, 147, 148, 12
3, 437, 148, 61
3, 440, 148, 61
3, 442, 148, 75
3, 156, 148, 85
3, 158, 148, 31
3, 512, 149, 63
3, 11, 149, 54
3, 524, 149, 18
3, 13, 149, 5
3, 273, 149, 48
3, 20, 149, 30
3, 534, 149, 100
3, 29, 149, 21
3, 42, 149, 48
3, 436, 149, 3
3, 185, 149, 90
3, 573, 149, 72
3, 574, 149, 66
3, 457, 149, 98
3, 208, 149, 40
3, 471, 149, 61
3, 89, 149, 93
3, 355, 149, 25
3, 103, 149, 62
3, 117, 149, 17
3, 126, 149, 52
3, 129, 150, 28
3, 579, 150, 7
3, 204, 150, 77
3, 205, 150, 88
3, 525, 150, 44
3, 499, 150, 1
3, 116, 150, 69
3, 533, 150, 19
3, 243, 150, 47
3, 23, 150, 15
3, 122, 150, 23
3, 541, 150, 81
3, 512, 151, 63
3, 387, 151, 79
3, 164, 151, 91
3, 549, 151, 32
3, 583, 151, 48
3, 104, 151, 31
3, 491, 151, 75
3, 141, 151, 60
3, 241, 151, 57
3, 113, 151, 36
3, 434, 151, 52
3, 180, 151, 83
3, 564, 151, 15
3, 53, 151, 83
3, 245, 151, 82
3, 377, 151, 58
3, 13, 152, 5
3, 14, 152, 32
3, 15, 152, 37
3, 402, 152, 8
3, 281, 152, 56
3, 539, 152, 6
3, 543, 152, 86
3, 32, 152, 29
3, 548, 152, 72
3, 295, 152, 68
3, 201, 152, 31
3, 334, 152, 94
3, 467, 152, 8
3, 212, 152, 97
3, 597, 152, 40
3, 346, 152, 57
3, 481, 152, 37
3, 489, 152, 42
3, 365, 152, 76
3, 367, 152, 22
3, 113, 152, 36
3, 251, 152, 95
3, 382, 152, 82
3, 98, 153, 84
3, 386, 153, 39
3, 377, 153, 58
3, 265, 153, 44
3, 77, 153, 43
3, 119, 153, 96
3, 374, 153, 28
3, 23, 153, 15
3, 345, 153, 58
3, 390, 154, 8
3, 140, 154, 46
3, 529, 154, 5
3, 403, 154, 45
3, 149, 154, 70
3, 414, 154, 35
3, 543, 154, 86
3, 38, 154, 68
3, 428, 154, 69
3, 557, 154, 51
3, 430, 154, 29
3, 307, 154, 49
3, 186, 154, 38
3, 578, 154, 69
3, 581, 154, 40
3, 204, 154, 77
3, 208, 154, 40
3, 480, 154, 13
3, 237, 154, 22
3, 241, 154, 57
3, 504, 154, 25
3, 13, 155, 5
3, 274, 155, 43
3, 534, 155, 100
3, 150, 155, 50
3, 24, 155, 59
3, 158, 155, 31
3, 288, 155, 49
3, 294, 155, 61
3, 434, 155, 52
3, 52, 155, 77
3, 55, 155, 31
3, 68, 155, 58
3, 456, 155, 46
3, 462, 155, 68
3, 470, 155, 84
3, 214, 155, 21
3, 478, 155, 2
3, 101, 155, 93
3, 363, 155, 36
3, 113, 155, 36
3, 248, 155, 4
3, 320, 156, 59
3, 357, 156, 64
3, 40, 156, 92
3, 47, 156, 56
3, 80, 156, 41
3, 315, 156, 31
3, 210, 156, 90
3, 564, 156, 15
3, 437, 156, 61
3, 84, 156, 5
3, 347, 156, 61
3, 222, 156, 21
3, 286, 156, 4
3, 101, 157, 93
3, 137, 157, 98
3, 203, 157, 94
3, 205, 157, 88
3, 211, 157, 42
3, 597, 157, 40
3, 533, 157, 19
3, 408, 157, 62
3, 345, 157, 58
3, 220, 157, 52
3, 351, 157, 40
3, 130, 158, 87
3, 547, 158, 80
3, 133, 158, 91
3, 455, 158, 44
3, 555, 158, 8
3, 558, 158, 67
3, 60, 158, 87
3, 559, 158, 33
3, 405, 158, 1
3, 280, 158, 5
3, 347, 158, 61
3, 188, 158, 94
3, 130, 159, 87
3, 163, 159, 47
3, 392, 159, 26
3, 332, 159, 24
3, 208, 159, 40
3, 49, 159, 38
3, 436, 159, 3
3, 55, 159, 31
3, 125, 159, 58
3, 355, 160, 25
3, 358, 160, 21
3, 140, 160, 46
3, 560, 160, 33
3, 16, 160, 36
3, 381, 160, 11
3, 277, 160, 4
3, 533, 160, 19
3, 505, 160, 16
3, 93, 160, 74
3, 6, 161, 6
3, 295, 161, 68
3, 362, 161, 64
3, 396, 161, 52
3, 205, 161, 88
3, 575, 161, 2
3, 48, 161, 34
3, 81, 161, 99
3, 594, 161, 6
3, 188, 161, 94
3, 149, 161, 70
3, 470, 161, 84
3, 152, 161, 3
3, 442, 161, 75
3, 316, 161, 8
3, 573, 161, 72
3, 445, 161, 70
3, 140, 162, 46
3, 14, 162, 32
3, 148, 162, 40
3, 277, 162, 4
3, 22, 162, 31
3, 21, 162, 63
3, 24, 162, 59
3, 159, 162, 31
3, 162, 162, 53
3, 547, 162, 80
3, 291, 162, 87
3, 174, 162, 55
3, 304, 162, 86
3, 50, 162, 42
3, 442, 162, 75
3, 319, 162, 5
3, 66, 162, 62
3, 195, 162, 89
3, 203, 162, 94
3, 95, 162, 73
3, 488, 162, 21
3, 110, 162, 4
3, 496, 162, 38
3, 501, 162, 6
3, 121, 162, 90
3, 224, 163, 91
3, 581, 163, 40
3, 365, 163, 76
3, 207, 163, 97
3, 498, 163, 99
3, 372, 163, 59
3, 537, 163, 85
3, 447, 163, 72
3, 385, 164, 52
3, 270, 164, 20
3, 19, 164, 79
3, 276, 164, 17
3, 278, 164, 21
3, 534, 164, 100
3, 22, 164, 31
3, 25, 164, 52
3, 540, 164, 37
3, 428, 164, 69
3, 62, 164, 3
3, 190, 164, 51
3, 194, 164, 84
3, 451, 164, 37
3, 340, 164, 48
3, 343, 164, 25
3, 473, 164, 32
3, 349, 164, 81
3, 358, 164, 21
3, 360, 164, 29
3, 107, 164, 43
3, 505, 164, 16
3, 383, 164, 57
3, 385, 165, 52
3, 263, 165, 61
3, 279, 165, 14
3, 282, 165, 86
3, 286, 165, 4
3, 288, 165, 49
3, 36, 165, 55
3, 433, 165, 86
3, 440, 165, 61
3, 57, 165, 49
3, 188, 165, 94
3, 578, 165, 69
3, 69, 165, 42
3, 327, 165, 21
3, 459, 165, 11
3, 589, 165, 40
3, 207, 165, 97
3, 89, 165, 93
3, 347, 165, 61
3, 353, 165, 2
3, 234, 165, 96
3, 122, 165, 23
3, 251, 165, 95
3, 546, 166, 36
3, 452, 166, 15
3, 73, 166, 51
3, 106, 166, 87
3, 394, 166, 1
3, 586, 166, 82
3, 524, 166, 18
3, 42, 166, 48
3, 15, 166, 37
3, 144, 166, 95
3, 561, 166, 62
3, 401, 166, 25
3, 595, 166, 11
3, 20, 166, 30
3, 330, 166, 28
3, 114, 166, 53
3, 281, 166, 56
3, 29, 166, 21
3, 471, 167, 61
3, 503, 167, 6
3, 260, 167, 40
3, 519, 167, 26
3, 234, 167, 96
3, 298, 167, 5
3, 46, 167, 97
3, 559, 167, 33
3, 399, 167, 19
3, 370, 167, 100
3, 83, 167, 15
3, 468, 167, 29
3, 596, 167, 25
3, 310, 167, 96
3, 23, 167, 15
3, 56, 167, 45
3, 316, 167, 8
3, 394, 168, 1
3, 139, 168, 32
3, 14, 168, 32
3, 402, 168, 8
3, 408, 168, 62
3, 416, 168, 9
3, 550, 168, 87
3, 299, 168, 73
3, 44, 168, 39
3, 50, 168, 42
3, 312, 168, 77
3, 62, 168, 3
3, 199, 168, 66
3, 202, 168, 71
3, 587, 168, 85
3, 333, 168, 43
3, 590, 168, 4
3, 465, 168, 64
3, 87, 168, 18
3, 472, 168, 40
3, 476, 168, 4
3, 93, 168, 74
3, 367, 168, 22
3, 496, 168, 38
3, 513, 169, 48
3, 580, 169, 86
3, 454, 169, 83
3, 172, 169, 46
3, 237, 169, 22
3, 206, 169, 35
3, 366, 169, 22
3, 112, 169, 35
3, 242, 169, 76
3, 403, 169, 45
3, 276, 169, 17
3, 277, 169, 4
3, 501, 169, 6
3, 372, 169, 59
3, 214, 169, 21
3, 410, 169, 82
3, 28, 169, 62
3, 512, 170, 63
3, 550, 170, 87
3, 74, 170, 95
3, 589, 170, 40
3, 591, 170, 49
3, 17, 170, 3
3, 532, 170, 67
3, 121, 170, 90
3, 27, 170, 67
3, 257, 171, 9
3, 9, 171, 18
3, 394, 171, 1
3, 139, 171, 32
3, 269, 171, 18
3, 526, 171, 91
3, 14, 171, 32
3, 528, 171, 4
3, 143, 171, 91
3, 24, 171, 59
3, 36, 171, 55
3, 47, 171, 56
3, 181, 171, 40
3, 321, 171, 28
3, 193, 171, 70
3, 72, 171, 89
3, 456, 171, 46
3, 458, 171, 66
3, 462, 171, 68
3, 209, 171, 59
3, 225, 171, 22
3, 236, 171, 56
3, 238, 171, 27
3, 370, 171, 100
3, 448, 172, 68
3, 225, 172, 22
3, 5, 172, 60
3, 134, 172, 59
3, 169, 172, 73
3, 107, 172, 43
3, 303, 172, 73
3, 528, 172, 4
3, 307, 172, 49
3, 212, 172, 97
3, 437, 172, 61
3, 21, 172, 63
3, 243, 172, 47
3, 504, 172, 25
3, 154, 172, 99
3, 347, 172, 61
3, 190, 172, 51
3, 479, 172, 58
3, 321, 173, 28
3, 513, 173, 48
3, 326, 173, 16
3, 345, 173, 58
3, 250, 173, 67
3, 443, 173, 25
3, 385, 174, 52
3, 264, 174, 88
3, 586, 174, 82
3, 460, 174, 12
3, 560, 174, 33
3, 27, 174, 67
3, 190, 174, 51
3, 287, 174, 48
3, 449, 175, 95
3, 353, 175, 2
3, 291, 175, 87
3, 101, 175, 93
3, 77, 175, 43
3, 334, 175, 94
3, 253, 175, 59
3, 384, 176, 25
3, 137, 176, 98
3, 152, 176, 3
3, 539, 176, 6
3, 158, 176, 31
3, 416, 176, 9
3, 33, 176, 23
3, 545, 176, 72
3, 163, 176, 47
3, 184, 176, 9
3, 188, 176, 94
3, 455, 176, 44
3, 82, 176, 94
3, 219, 176, 98
3, 353, 176, 2
3, 487, 176, 12
3, 104, 176, 31
3, 377, 176, 58
3, 506, 176, 72
3, 123, 176, 34
3, 256, 177, 44
3, 544, 177, 55
3, 386, 177, 39
3, 4, 177, 74
3, 424, 177, 16
3, 303, 177, 73
3, 367, 177, 22
3, 593, 177, 46
3, 243, 177, 47
3, 500, 177, 84
3, 435, 177, 77
3, 534, 177, 100
3, 537, 177, 85
3, 285, 177, 41
3, 29, 177, 21
3, 254, 177, 61
3, 223, 177, 70
3, 35, 178, 81
3, 69, 178, 42
3, 390, 178, 8
3, 230, 178, 28
3, 584, 178, 81
3, 488, 178, 21
3, 134, 178, 59
3, 587, 178, 85
3, 172, 178, 46
3, 173, 178, 46
3, 511, 178, 37
3, 519, 178, 26
3, 117, 178, 17
3, 182, 178, 16
3, 253, 178, 59
3, 28, 178, 62
3, 157, 178, 85
3, 63, 178, 41
3, 518, 179, 96
3, 7, 179, 43
3, 141, 179, 60
3, 21, 179, 63
3, 24, 179, 59
3, 29, 179, 21
3, 543, 179, 86
3, 160, 179, 80
3, 40, 179, 92
3, 176, 179, 37
3, 309, 179, 94
3, 574, 179, 66
3, 454, 179, 83
3, 457, 179, 98
3, 593, 179, 46
3, 470, 179, 84
3, 218, 179, 71
3, 93, 179, 74
3, 493, 179, 22
3, 500, 179, 84
3, 580, 180, 86
3, 325, 180, 75
3, 532, 180, 67
3, 438, 180, 6
3, 23, 180, 15
3, 57, 180, 49
3, 443, 180, 25
3, 94, 180, 54
3, 257, 181, 9
3, 385, 181, 52
3, 451, 181, 37
3, 292, 181, 63
3, 417, 181, 31
3, 422, 181, 69
3, 103, 181, 62
3, 136, 181, 19
3, 361, 181, 73
3, 394, 181, 1
3, 169, 181, 73
3, 111, 181, 82
3, 242, 181, 76
3, 499, 181, 1
3, 597, 181, 40
3, 220, 181, 52
3, 221, 181, 46
3, 128, 182, 25
3, 581, 182, 40
3, 165, 182, 3
3, 415, 182, 67
3, 205, 182, 88
3, 342, 182, 66
3, 220, 182, 52
3, 414, 182, 35
3, 31, 182, 91
3, 390, 183, 8
3, 135, 183, 35
3, 263, 183, 61
3, 265, 183, 44
3, 266, 183, 88
3, 139, 183, 32
3, 530, 183, 12
3, 152, 183, 3
3, 25, 183, 52
3, 538, 183, 16
3, 33, 183, 23
3, 422, 183, 69
3, 39, 183, 83
3, 296, 183, 79
3, 553, 183, 67
3, 172, 183, 46
3, 558, 183, 67
3, 174, 183, 55
3, 441, 183, 54
3, 452, 183, 15
3, 332, 183, 24
3, 461, 183, 31
3, 355, 183, 25
3, 496, 183, 38
3, 120, 183, 42
3, 392, 184, 26
3, 266, 184, 88
3, 406, 184, 32
3, 285, 184, 41
3, 413, 184, 28
3, 544, 184, 55
3, 295, 184, 68
3, 51, 184, 80
3, 53, 184, 83
3, 181, 184, 40
3, 571, 184, 82
3, 205, 184, 88
3, 77, 184, 43
3, 594, 184, 6
3, 596, 184, 25
3, 344, 184, 97
3, 478, 184, 2
3, 366, 184, 22
3, 241, 184, 57
3, 371, 184, 41
3, 372, 184, 59
3, 385, 185, 52
3, 226, 185, 16
3, 358, 185, 21
3, 134, 185, 59
3, 301, 185, 82
3, 429, 185, 50
3, 525, 185, 44
3, 144, 185, 95
3, 594, 185, 6
3, 51, 185, 80
3, 570, 185, 65
3, 316, 185, 8
3, 263, 186, 61
3, 41, 186, 95
3, 304, 186, 86
3, 533, 186, 19
3, 278, 186, 21
3, 506, 186, 72
3, 384, 187, 25
3, 516, 187, 4
3, 392, 187, 26
3, 543, 187, 86
3, 288, 187, 49
3, 33, 187, 23
3, 293, 187, 52
3, 432, 187, 3
3, 306, 187, 98
3, 435, 187, 77
3, 179, 187, 29
3, 56, 187, 45
3, 190, 187, 51
3, 451, 187, 37
3, 587, 187, 85
3, 462, 187, 68
3, 80, 187, 41
3, 593, 187, 46
3, 86, 187, 35
3, 480, 187, 13
3, 226, 187, 16
3, 484, 187, 22
3, 117, 187, 17
3, 503, 187, 6
3, 418, 188, 61
3, 102, 188, 93
3, 134, 188, 59
3, 396, 188, 52
3, 45, 188, 59
3, 558, 188, 67
3, 176, 188, 37
3, 188, 188, 94
3, 307, 188, 49
3, 52, 188, 77
3, 375, 188, 75
3, 217, 188, 32
3, 90, 188, 1
3, 380, 188, 19
3, 136, 189, 19
3, 392, 189, 26
3, 266, 189, 88
3, 16, 189, 36
3, 531, 189, 4
3, 532, 189, 67
3, 534, 189, 100
3, 28, 189, 62
3, 412, 189, 76
3, 30, 189, 13
3, 550, 189, 87
3, 424, 189, 16
3, 425, 189, 30
3, 46, 189, 97
3, 567, 189, 47
3, 65, 189, 84
3, 71, 189, 76
3, 77, 189, 43
3, 593, 189, 46
3, 596, 189, 25
3, 88, 189, 56
3, 124, 189, 21
3, 263, 190, 61
3, 519, 190, 26
3, 137, 190, 98
3, 395, 190, 74
3, 531, 190, 4
3, 21, 190, 63
3, 535, 190, 46
3, 280, 190, 5
3, 282, 190, 86
3, 27, 190, 67
3, 424, 190, 16
3, 174, 190, 55
3, 180, 190, 83
3, 184, 190, 9
3, 64, 190, 40
3, 195, 190, 89
3, 85, 190, 69
3, 93, 190, 74
3, 496, 190, 38
3, 374, 190, 28
3, 379, 190, 56
3, 263, 191, 61
3, 138, 191, 71
3, 269, 191, 18
3, 527, 191, 68
3, 22, 191, 31
3, 151, 191, 15
3, 284, 191, 84
3, 541, 191, 81
3, 31, 191, 91
3, 553, 191, 67
3, 426, 191, 17
3, 427, 191, 55
3, 43, 191, 89
3, 42, 191, 48
3, 185, 191, 90
3, 445, 191, 70
3, 63, 191, 41
3, 64, 191, 40
3, 75, 191, 100
3, 459, 191, 11
3, 462, 191, 68
3, 591, 191, 49
3, 219, 191, 98
3, 359, 191, 5
3, 249, 191, 48
3, 165, 192, 3
3, 491, 192, 75
3, 396, 192, 52
3, 205, 192, 88
3, 337, 192, 68
3, 562, 192, 13
3, 209, 192, 59
3, 212, 192, 97
3, 598, 192, 86
3, 537, 192, 85
3, 259, 193, 36
3, 6, 193, 6
3, 20, 193, 30
3, 535, 193, 46
3, 537, 193, 85
3, 288, 193, 49
3, 289, 193, 48
3, 551, 193, 44
3, 172, 193, 46
3, 46, 193, 97
3, 47, 193, 56
3, 435, 193, 77
3, 62, 193, 3
3, 448, 193, 68
3, 580, 193, 86
3, 583, 193, 48
3, 477, 193, 8
3, 94, 193, 54
3, 369, 193, 55
3, 244, 193, 59
3, 384, 194, 25
3, 514, 194, 4
3, 386, 194, 39
3, 262, 194, 13
3, 6, 194, 6
3, 273, 194, 48
3, 403, 194, 45
3, 24, 194, 59
3, 413, 194, 28
3, 553, 194, 67
3, 567, 194, 47
3, 188, 194, 94
3, 573, 194, 72
3, 325, 194, 75
3, 76, 194, 59
3, 205, 194, 88
3, 81, 194, 99
3, 485, 194, 56
3, 360, 194, 29
3, 105, 194, 80
3, 245, 194, 82
3, 503, 194, 6
3, 384, 195, 25
3, 129, 195, 28
3, 34, 195, 43
3, 387, 195, 79
3, 65, 195, 84
3, 198, 195, 86
3, 330, 195, 28
3, 46, 195, 97
3, 469, 195, 76
3, 408, 195, 62
3, 442, 195, 75
3, 316, 195, 8
3, 478, 195, 2
3, 128, 196, 25
3, 160, 196, 80
3, 161, 196, 7
3, 163, 196, 47
3, 290, 196, 69
3, 37, 196, 3
3, 281, 196, 56
3, 547, 196, 80
3, 513, 196, 48
3, 423, 196, 7
3, 397, 196, 16
3, 562, 196, 13
3, 115, 196, 29
3, 437, 196, 61
3, 312, 196, 77
3, 313, 196, 81
3, 57, 196, 49
3, 323, 197, 77
3, 485, 197, 56
3, 337, 197, 68
3, 403, 197, 45
3, 279, 197, 14
3, 472, 197, 40
3, 346, 197, 57
3, 194, 198, 84
3, 515, 198, 24
3, 68, 198, 58
3, 69, 198, 42
3, 450, 198, 34
3, 460, 198, 12
3, 13, 198, 5
3, 142, 198, 54
3, 48, 198, 34
3, 370, 198, 100
3, 568, 198, 2
3, 58, 198, 20
3, 318, 199, 38
3, 160, 199, 80
3, 226, 199, 16
3, 236, 199, 56
3, 270, 199, 20
3, 528, 199, 4
3, 401, 199, 25
3, 180, 199, 83
3, 407, 199, 82
3, 186, 199, 38
3, 507, 199, 10
3, 311, 199, 18
3, 446, 199, 54
3, 168, 200, 52
3, 457, 200, 98
3, 392, 200, 26
3, 109, 200, 81
3, 567, 200, 47
3, 444, 200, 54
3, 482, 201, 40
3, 37, 201, 3
3, 200, 201, 3
3, 9, 201, 18
3, 232, 201, 58
3, 44, 201, 39
3, 557, 201, 51
3, 76, 201, 59
3, 177, 201, 17
3, 178, 201, 63
3, 84, 201, 5
3, 183, 201, 18
3, 62, 201, 3
3, 568, 201, 2
3, 57, 201, 49
3, 444, 201, 54
3, 190, 201, 51
3, 415, 201, 67
3, 256, 202, 44
3, 226, 202, 16
3, 36, 202, 55
3, 357, 202, 64
3, 454, 202, 83
3, 359, 202, 5
3, 7, 202, 43
3, 281, 202, 56
3, 586, 202, 82
3, 363, 202, 36
3, 111, 202, 82
3, 465, 202, 64
3, 85, 202, 69
3, 405, 202, 1
3, 153, 202, 97
3, 445, 202, 70
3, 414, 202, 35
3, 257, 203, 9
3, 258, 203, 2
3, 580, 203, 86
3, 168, 203, 52
3, 10, 203, 23
3, 139, 203, 32
3, 78, 203, 33
3, 179, 203, 29
3, 212, 203, 97
3, 53, 203, 83
3, 282, 203, 86
3, 446, 203, 54
3, 527, 204, 68
3, 289, 204, 48
3, 166, 204, 88
3, 551, 204, 44
3, 426, 204, 17
3, 176, 204, 37
3, 569, 204, 92
3, 315, 204, 31
3, 325, 204, 75
3, 70, 204, 72
3, 588, 204, 76
3, 589, 204, 40
3, 341, 204, 54
3, 471, 204, 61
3, 490, 204, 53
3, 109, 204, 81
3, 498, 204, 99
3, 371, 204, 41
3, 244, 204, 59
3, 502, 204, 55
3, 125, 204, 58
3, 384, 205, 25
3, 418, 205, 61
3, 452, 205, 15
3, 262, 205, 13
3, 168, 205, 52
3, 553, 205, 67
3, 42, 205, 48
3, 492, 205, 94
3, 209, 205, 59
3, 116, 205, 69
3, 214, 205, 21
3, 215, 205, 56
3, 408, 205, 62
3, 64, 206, 40
3, 481, 206, 37
3, 487, 206, 12
3, 393, 206, 2
3, 426, 206, 17
3, 235, 206, 49
3, 108, 206, 91
3, 526, 206, 91
3, 398, 206, 90
3, 496, 206, 38
3, 401, 206, 25
3, 277, 206, 4
3, 373, 206, 89
3, 536, 206, 31
3, 26, 206, 17
3, 253, 206, 59
3, 255, 206, 96
3, 321, 207, 28
3, 161, 207, 7
3, 515, 207, 24
3, 545, 207, 72
3, 234, 207, 96
3, 235, 207, 49
3, 492, 207, 94
3, 458, 207, 66
3, 268, 207, 24
3, 81, 207, 99
3, 466, 207, 91
3, 86, 207, 35
3, 88, 207, 56
3, 125, 207, 58
3, 318, 207, 38
3, 224, 208, 91
3, 2, 208, 67
3, 238, 208, 27
3, 569, 208, 92
3, 253, 208, 59
3, 256, 209, 44
3, 129, 209, 28
3, 128, 209, 25
3, 7, 209, 43
3, 402, 209, 8
3, 405, 209, 1
3, 156, 209, 85
3, 29, 209, 21
3, 30, 209, 13
3, 287, 209, 48
3, 36, 209, 55
3, 425, 209, 30
3, 429, 209, 50
3, 303, 209, 73
3, 305, 209, 7
3, 308, 209, 13
3, 442, 209, 75
3, 186, 209, 38
3, 595, 209, 11
3, 342, 209, 66
3, 487, 209, 12
3, 491, 209, 75
3, 114, 209, 53
3, 245, 209, 82
3, 125, 209, 58
3, 200, 210, 3
3, 73, 210, 51
3, 585, 210, 84
3, 42, 210, 48
3, 202, 210, 71
3, 105, 210, 80
3, 574, 210, 66
3, 209, 210, 59
3, 597, 210, 40
3, 119, 210, 96
3, 31, 210, 91
3, 254, 210, 61
3, 383, 210, 57
3, 128, 211, 25
3, 516, 211, 4
3, 390, 211, 8
3, 270, 211, 20
3, 407, 211, 82
3, 541, 211, 81
3, 419, 211, 36
3, 425, 211, 30
3, 45, 211, 59
3, 558, 211, 67
3, 50, 211, 42
3, 584, 211, 81
3, 72, 211, 89
3, 599, 211, 36
3, 480, 211, 13
3, 489, 211, 42
3, 238, 211, 27
3, 112, 211, 35
3, 241, 211, 57
3, 242, 211, 76
3, 376, 211, 70
3, 385, 212, 52
3, 515, 212, 24
3, 133, 212, 91
3, 263, 212, 61
3, 521, 212, 42
3, 11, 212, 54
3, 530, 212, 12
3, 276, 212, 17
3, 536, 212, 31
3, 408, 212, 62
3, 63, 212, 41
3, 322, 212, 25
3, 197, 212, 39
3, 326, 212, 16
3, 455, 212, 44
3, 584, 212, 81
3, 595, 212, 11
3, 83, 212, 15
3, 477, 212, 8
3, 103, 212, 62
3, 360, 212, 29
3, 236, 212, 56
3, 238, 212, 27
3, 239, 212, 51
3, 517, 213, 29
3, 9, 213, 18
3, 266, 213, 88
3, 397, 213, 16
3, 156, 213, 85
3, 419, 213, 36
3, 552, 213, 97
3, 432, 213, 3
3, 305, 213, 7
3, 180, 213, 83
3, 182, 213, 16
3, 183, 213, 18
3, 335, 213, 31
3, 464, 213, 90
3, 598, 213, 86
3, 87, 213, 18
3, 362, 213, 64
3, 374, 213, 28
3, 119, 213, 96
3, 120, 213, 42
3, 134, 214, 59
3, 137, 214, 98
3, 144, 214, 95
3, 19, 214, 79
3, 149, 214, 70
3, 415, 214, 67
3, 43, 214, 89
3, 557, 214, 51
3, 558, 214, 67
3, 305, 214, 7
3, 312, 214, 77
3, 319, 214, 5
3, 458, 214, 66
3, 207, 214, 97
3, 82, 214, 94
3, 85, 214, 69
3, 86, 214, 35
3, 362, 214, 64
3, 498, 214, 99
3, 500, 214, 84
3, 503, 214, 6
3, 123, 214, 34
3, 252, 214, 14
3, 509, 214, 46
3, 448, 215, 68
3, 193, 215, 70
3, 546, 215, 36
3, 452, 215, 15
3, 582, 215, 93
3, 456, 215, 46
3, 271, 215, 17
3, 177, 215, 17
3, 93, 215, 74
3, 213, 215, 3
3, 348, 215, 78
3, 413, 215, 28
3, 515, 216, 24
3, 550, 216, 87
3, 74, 216, 95
3, 527, 216, 68
3, 144, 216, 95
3, 530, 216, 12
3, 311, 216, 18
3, 572, 216, 1
3, 96, 217, 79
3, 34, 217, 43
3, 35, 217, 81
3, 262, 217, 13
3, 583, 217, 48
3, 496, 217, 38
3, 242, 217, 76
3, 148, 217, 40
3, 470, 217, 84
3, 22, 217, 31
3, 120, 217, 42
3, 278, 217, 21
3, 126, 217, 52
3, 321, 218, 28
3, 355, 218, 25
3, 516, 218, 4
3, 517, 218, 29
3, 483, 218, 36
3, 135, 218, 35
3, 429, 218, 50
3, 462, 218, 68
3, 494, 218, 15
3, 82, 218, 94
3, 342, 218, 66
3, 279, 218, 14
3, 184, 218, 9
3, 256, 219, 44
3, 518, 219, 96
3, 395, 219, 74
3, 37, 219, 3
3, 39, 219, 83
3, 297, 219, 86
3, 555, 219, 8
3, 558, 219, 67
3, 559, 219, 33
3, 183, 219, 18
3, 56, 219, 45
3, 60, 219, 87
3, 75, 219, 100
3, 333, 219, 43
3, 339, 219, 64
3, 216, 219, 89
3, 475, 219, 21
3, 94, 219, 54
3, 479, 219, 58
3, 494, 219, 15
3, 496, 219, 38
3, 243, 219, 47
3, 244, 219, 59
3, 377, 219, 58
3, 386, 220, 39
3, 325, 220, 75
3, 213, 220, 3
3, 214, 220, 21
3, 440, 220, 61
3, 65, 221, 84
3, 7, 221, 43
3, 457, 221, 98
3, 522, 221, 45
3, 76, 221, 59
3, 473, 221, 32
3, 562, 221, 13
3, 51, 221, 80
3, 500, 221, 84
3, 183, 221, 18
3, 313, 221, 81
3, 571, 221, 82
3, 93, 221, 74
3, 286, 221, 4
3, 31, 221, 91
3, 449, 222, 95
3, 484, 222, 22
3, 232, 222, 58
3, 109, 222, 81
3, 366, 222, 22
3, 370, 222, 100
3, 18, 222, 73
3, 245, 222, 82
3, 534, 222, 100
3, 502, 222, 55
3, 504, 222, 25
3, 93, 222, 74
3, 382, 222, 82
3, 288, 223, 49
3, 129, 223, 28
3, 177, 223, 17
3, 598, 223, 86
3, 55, 223, 31
3, 246, 223, 25
3, 510, 223, 33
3, 131, 224, 85
3, 547, 224, 80
3, 358, 224, 21
3, 426, 224, 17
3, 45, 224, 59
3, 16, 224, 36
3, 185, 224, 90
3, 540, 224, 37
3, 479, 224, 58
3, 451, 225, 37
3, 165, 225, 3
3, 293, 225, 52
3, 358, 225, 21
3, 425, 225, 30
3, 75, 225, 100
3, 172, 225, 46
3, 433, 225, 86
3, 307, 225, 49
3, 54, 225, 88
3, 408, 225, 62
3, 1, 226, 86
3, 521, 226, 42
3, 77, 226, 43
3, 210, 226, 90
3, 84, 226, 5
3, 501, 226, 6
3, 246, 226, 25
3, 342, 226, 66
3, 534, 226, 100
3, 313, 226, 81
3, 86, 226, 35
3, 27, 226, 67
3, 574, 226, 66
3, 1, 227, 86
3, 520, 227, 74
3, 265, 227, 44
3, 524, 227, 18
3, 526, 227, 91
3, 154, 227, 99
3, 412, 227, 76
3, 541, 227, 81
3, 556, 227, 84
3, 44, 227, 39
3, 304, 227, 86
3, 562, 227, 13
3, 53, 227, 83
3, 186, 227, 38
3, 572, 227, 1
3, 69, 227, 42
3, 325, 227, 75
3, 202, 227, 71
3, 211, 227, 42
3, 347, 227, 61
3, 233, 227, 87
3, 118, 227, 50
3, 248, 227, 4
3, 505, 227, 16
3, 507, 227, 10
3, 312, 228, 77
3, 201, 228, 31
3, 12, 228, 71
3, 237, 228, 22
3, 46, 228, 97
3, 80, 228, 41
3, 400, 228, 36
3, 533, 228, 19
3, 151, 228, 15
3, 440, 228, 61
3, 88, 228, 56
3, 574, 228, 66
3, 159, 228, 31
3, 161, 229, 7
3, 130, 229, 87
3, 261, 229, 100
3, 199, 229, 66
3, 360, 229, 29
3, 456, 229, 46
3, 40, 229, 92
3, 427, 229, 55
3, 332, 229, 24
3, 265, 229, 44
3, 231, 229, 26
3, 457, 229, 98
3, 242, 229, 76
3, 61, 229, 31
3, 373, 229, 89
3, 407, 229, 82
3, 282, 229, 86
3, 317, 229, 61
3, 448, 230, 68
3, 355, 230, 25
3, 326, 230, 16
3, 520, 230, 74
3, 205, 230, 88
3, 52, 230, 77
3, 120, 230, 42
3, 249, 230, 48
3, 283, 230, 84
3, 63, 230, 41
3, 131, 231, 85
3, 261, 231, 100
3, 148, 231, 40
3, 540, 231, 37
3, 545, 231, 72
3, 555, 231, 8
3, 175, 231, 89
3, 49, 231, 38
3, 440, 231, 61
3, 313, 231, 81
3, 448, 231, 68
3, 204, 231, 77
3, 88, 231, 56
3, 477, 231, 8
3, 359, 231, 5
3, 111, 231, 82
3, 240, 231, 24
3, 371, 231, 41
3, 116, 231, 69
3, 501, 231, 6
3, 117, 231, 17
3, 121, 231, 90
3, 381, 231, 11
3, 545, 232, 72
3, 387, 232, 79
3, 580, 232, 86
3, 390, 232, 8
3, 553, 232, 67
3, 524, 232, 18
3, 77, 232, 43
3, 147, 232, 12
3, 116, 232, 69
3, 85, 232, 69
3, 220, 232, 52
3, 161, 233, 7
3, 69, 233, 42
3, 71, 233, 76
3, 554, 233, 14
3, 235, 233, 49
3, 462, 233, 68
3, 213, 233, 3
3, 534, 233, 100
3, 55, 233, 31
3, 344, 233, 97
3, 56, 233, 45
3, 93, 233, 74
3, 478, 233, 2
3, 516, 234, 4
3, 525, 234, 44
3, 17, 234, 3
3, 530, 234, 12
3, 411, 234, 90
3, 156, 234, 85
3, 158, 234, 31
3, 159, 234, 31
3, 417, 234, 31
3, 305, 234, 7
3, 49, 234, 38
3, 564, 234, 15
3, 436, 234, 3
3, 439, 234, 47
3, 444, 234, 54
3, 190, 234, 51
3, 464, 234, 90
3, 467, 234, 8
3, 213, 234, 3
3, 473, 234, 32
3, 218, 234, 71
3, 476, 234, 4
3, 103, 234, 62
3, 128, 235, 25
3, 98, 235, 84
3, 547, 235, 80
3, 357, 235, 64
3, 230, 235, 28
3, 359, 235, 5
3, 456, 235, 46
3, 464, 235, 90
3, 432, 235, 3
3, 466, 235, 91
3, 535, 235, 46
3, 94, 235, 54
3, 474, 235, 69
3, 30, 235, 13
3, 319, 235, 5
3, 513, 236, 48
3, 1, 236, 86
3, 275, 236, 51
3, 148, 236, 40
3, 412, 236, 76
3, 160, 236, 80
3, 35, 236, 81
3, 298, 236, 5
3, 176, 236, 37
3, 314, 236, 21
3, 59, 236, 34
3, 579, 236, 7
3, 332, 236, 24
3, 207, 236, 97
3, 336, 236, 42
3, 592, 236, 63
3, 474, 236, 69
3, 91, 236, 78
3, 477, 236, 8
3, 223, 236, 70
3, 483, 236, 36
3, 486, 236, 92
3, 122, 236, 23
3, 508, 236, 25
3, 320, 237, 59
3, 322, 237, 25
3, 580, 237, 86
3, 359, 237, 5
3, 201, 237, 31
3, 427, 237, 55
3, 78, 237, 33
3, 462, 237, 68
3, 113, 237, 36
3, 434, 237, 52
3, 49, 237, 38
3, 20, 237, 30
3, 308, 237, 13
3, 275, 237, 51
3, 248, 237, 4
3, 507, 237, 10
3, 517, 238, 29
3, 12, 238, 71
3, 396, 238, 52
3, 273, 238, 48
3, 418, 238, 61
3, 291, 238, 87
3, 295, 238, 68
3, 551, 238, 44
3, 171, 238, 51
3, 302, 238, 37
3, 312, 238, 77
3, 328, 238, 45
3, 462, 238, 68
3, 81, 238, 99
3, 594, 238, 6
3, 484, 238, 22
3, 100, 238, 27
3, 357, 238, 64
3, 489, 238, 42
3, 369, 238, 55
3, 113, 238, 36
3, 500, 238, 84
3, 510, 238, 33
3, 386, 239, 39
3, 522, 239, 45
3, 19, 239, 79
3, 412, 239, 76
3, 30, 239, 13
3, 32, 239, 29
3, 290, 239, 69
3, 547, 239, 80
3, 35, 239, 81
3, 293, 239, 52
3, 178, 239, 63
3, 182, 239, 16
3, 568, 239, 2
3, 445, 239, 70
3, 460, 239, 12
3, 84, 239, 5
3, 352, 239, 59
3, 98, 239, 84
3, 104, 239, 31
3, 491, 239, 75
3, 127, 239, 43
3, 579, 240, 7
3, 500, 240, 84
3, 151, 240, 15
3, 27, 240, 67
3, 61, 240, 31
3, 512, 241, 63
3, 8, 241, 41
3, 530, 241, 12
3, 532, 241, 67
3, 26, 241, 17
3, 156, 241, 85
3, 434, 241, 52
3, 566, 241, 58
3, 573, 241, 72
3, 198, 241, 86
3, 70, 241, 72
3, 75, 241, 100
3, 77, 241, 43
3, 591, 241, 49
3, 466, 241, 91
3, 469, 241, 76
3, 475, 241, 21
3, 347, 241, 61
3, 239, 241, 51
3, 370, 241, 100
3, 115, 241, 29
3, 378, 241, 36
3, 511, 241, 37
3, 193, 242, 70
3, 35, 242, 81
3, 293, 242, 52
3, 262, 242, 13
3, 265, 242, 44
3, 332, 242, 24
3, 525, 242, 44
3, 207, 242, 97
3, 177, 242, 17
3, 370, 242, 100
3, 563, 242, 19
3, 119, 242, 96
3, 347, 242, 61
3, 257, 243, 9
3, 162, 243, 53
3, 2, 243, 67
3, 451, 243, 37
3, 11, 243, 54
3, 204, 243, 77
3, 558, 243, 67
3, 530, 243, 12
3, 282, 243, 86
3, 522, 244, 45
3, 15, 244, 37
3, 19, 244, 79
3, 28, 244, 62
3, 161, 244, 7
3, 164, 244, 91
3, 37, 244, 3
3, 426, 244, 17
3, 556, 244, 84
3, 48, 244, 34
3, 186, 244, 38
3, 191, 244, 22
3, 448, 244, 68
3, 198, 244, 86
3, 71, 244, 76
3, 594, 244, 6
3, 348, 244, 78
3, 356, 244, 5
3, 358, 244, 21
3, 361, 244, 73
3, 114, 244, 53
3, 499, 244, 1
3, 249, 244, 48
3, 508, 244, 25
3, 256, 245, 44
3, 514, 245, 4
3, 305, 245, 7
3, 85, 245, 69
3, 280, 245, 5
3, 281, 245, 56
3, 90, 245, 1
3, 91, 245, 78
3, 513, 246, 48
3, 312, 246, 77
3, 3, 246, 99
3, 101, 246, 93
3, 165, 246, 3
3, 41, 246, 95
3, 169, 246, 73
3, 268, 246, 24
3, 47, 246, 56
3, 465, 246, 64
3, 242, 246, 76
3, 340, 246, 48
3, 598, 246, 86
3, 375, 246, 75
3, 184, 246, 9
3, 214, 246, 21
3, 250, 246, 67
3, 386, 247, 39
3, 259, 247, 36
3, 260, 247, 40
3, 15, 247, 37
3, 280, 247, 5
3, 24, 247, 59
3, 156, 247, 85
3, 541, 247, 81
3, 289, 247, 48
3, 564, 247, 15
3, 444, 247, 54
3, 448, 247, 68
3, 452, 247, 15
3, 330, 247, 28
3, 76, 247, 59
3, 336, 247, 42
3, 595, 247, 11
3, 226, 247, 16
3, 363, 247, 36
3, 107, 247, 43
3, 110, 247, 4
3, 118, 247, 50
3, 122, 247, 23
3, 546, 248, 36
3, 165, 248, 3
3, 582, 248, 93
3, 263, 248, 61
3, 487, 248, 12
3, 104, 248, 31
3, 206, 248, 35
3, 339, 248, 64
3, 150, 248, 50
3, 486, 249, 92
3, 391, 249, 43
3, 424, 249, 16
3, 75, 249, 100
3, 44, 249, 39
3, 405, 249, 1
3, 153, 249, 97
3, 283, 249, 84
3, 61, 249, 31
3, 259, 250, 36
3, 516, 250, 4
3, 440, 250, 61
3, 40, 250, 92
3, 329, 250, 69
3, 73, 250, 51
3, 553, 250, 67
3, 585, 250, 84
3, 525, 250, 44
3, 174, 250, 55
3, 271, 250, 17
3, 360, 250, 29
3, 115, 250, 29
3, 472, 250, 40
3, 121, 250, 90
3, 124, 250, 21
3, 126, 250, 52
3, 451, 251, 37
3, 227, 251, 32
3, 106, 251, 87
3, 210, 251, 90
3, 598, 251, 86
3, 539, 251, 6
3, 347, 251, 61
3, 413, 251, 28
3, 94, 251, 54
3, 415, 251, 67
3, 320, 252, 59
3, 289, 252, 48
3, 357, 252, 64
3, 40, 252, 92
3, 105, 252, 80
3, 489, 252, 42
3, 460, 252, 12
3, 556, 252, 84
3, 430, 252, 29
3, 335, 252, 31
3, 114, 252, 53
3, 115, 252, 29
3, 243, 252, 47
3, 376, 252, 70
3, 349, 252, 81
3, 390, 253, 8
3, 527, 253, 68
3, 211, 253, 42
3, 374, 253, 28
3, 346, 253, 57
3, 96, 254, 79
3, 426, 254, 17
3, 427, 254, 55
3, 588, 254, 76
3, 461, 254, 31
3, 268, 254, 24
3, 145, 254, 80
3, 182, 254, 16
3, 314, 254, 21
3, 92, 254, 35
3, 389, 255, 63
3, 400, 255, 36
3, 401, 255, 25
3, 546, 255, 36
3, 291, 255, 87
3, 163, 255, 47
3, 549, 255, 32
3, 442, 255, 75
3, 61, 255, 31
3, 448, 255, 68
3, 321, 255, 28
3, 450, 255, 34
3, 589, 255, 40
3, 78, 255, 33
3, 80, 255, 41
3, 345, 255, 58
3, 105, 255, 80
3, 240, 255, 24
3, 242, 255, 76
3, 127, 255, 43
3, 509, 255, 46
3, 383, 255, 57
3, 259, 256, 36
3, 399, 256, 19
3, 530, 256, 12
3, 293, 256, 52
3, 423, 256, 7
3, 43, 256, 89
3, 427, 256, 55
3, 175, 256, 89
3, 448, 256, 68
3, 321, 256, 28
3, 203, 256, 94
3, 209, 256, 59
3, 594, 256, 6
3, 84, 256, 5
3, 223, 256, 70
3, 234, 256, 96
3, 109, 256, 81
3, 496, 256, 38
3, 118, 256, 50
3, 385, 257, 52
3, 140, 257, 46
3, 17, 257, 3
3, 274, 257, 43
3, 533, 257, 19
3, 281, 257, 56
3, 538, 257, 16
3, 412, 257, 76
3, 540, 257, 37
3, 36, 257, 55
3, 312, 257, 77
3, 441, 257, 54
3, 579, 257, 7
3, 202, 257, 71
3, 208, 257, 40
3, 597, 257, 40
3, 93, 257, 74
3, 225, 257, 22
3, 355, 257, 25
3, 243, 257, 47
3, 121, 257, 90
3, 510, 257, 33
3, 277, 258, 4
3, 25, 258, 52
3, 415, 258, 67
3, 417, 258, 31
3, 420, 258, 86
3, 168, 258, 52
3, 46, 258, 97
3, 432, 258, 3
3, 438, 258, 6
3, 447, 258, 72
3, 197, 258, 39
3, 201, 258, 31
3, 79, 258, 49
3, 84, 258, 5
3, 597, 258, 40
3, 88, 258, 56
3, 98, 258, 84
3, 485, 258, 56
3, 360, 258, 29
3, 364, 258, 34
3, 110, 258, 4
3, 506, 258, 72
3, 135, 259, 35
3, 138, 259, 71
3, 401, 259, 25
3, 160, 259, 80
3, 36, 259, 55
3, 38, 259, 68
3, 40, 259, 92
3, 171, 259, 51
3, 175, 259, 89
3, 561, 259, 62
3, 49, 259, 38
3, 314, 259, 21
3, 189, 259, 6
3, 323, 259, 77
3, 81, 259, 99
3, 224, 259, 91
3, 485, 259, 56
3, 236, 259, 56
3, 505, 259, 16
3, 576, 260, 45
3, 515, 260, 24
3, 326, 260, 16
3, 518, 260, 96
3, 266, 260, 88
3, 586, 260, 82
3, 142, 260, 54
3, 335, 260, 31
3, 592, 260, 63
3, 403, 260, 45
3, 179, 260, 29
3, 149, 260, 70
3, 597, 260, 40
3, 183, 260, 18
3, 186, 260, 38
3, 508, 260, 25
3, 253, 260, 59
3, 191, 260, 22
3, 99, 261, 84
3, 484, 261, 22
3, 581, 261, 40
3, 454, 261, 83
3, 229, 261, 17
3, 587, 261, 85
3, 172, 261, 46
3, 173, 261, 46
3, 395, 261, 74
3, 141, 261, 60
3, 402, 261, 8
3, 501, 261, 6
3, 117, 261, 17
3, 85, 261, 69
3, 537, 261, 85
3, 157, 261, 85
3, 287, 261, 48
3, 578, 262, 69
3, 227, 262, 32
3, 72, 262, 89
3, 397, 262, 16
3, 530, 262, 12
3, 373, 262, 89
3, 279, 262, 14
3, 249, 262, 48
3, 357, 263, 64
3, 583, 263, 48
3, 104, 263, 31
3, 362, 263, 64
3, 555, 263, 8
3, 427, 263, 55
3, 559, 263, 33
3, 538, 263, 16
3, 340, 263, 48
3, 25, 263, 52
3, 346, 263, 57
3, 7, 264, 43
3, 464, 264, 90
3, 505, 264, 16
3, 508, 264, 25
3, 253, 264, 59
3, 4, 265, 74
3, 11, 265, 54
3, 532, 265, 67
3, 21, 265, 63
3, 407, 265, 82
3, 285, 265, 41
3, 419, 265, 36
3, 558, 265, 67
3, 438, 265, 6
3, 60, 265, 87
3, 586, 265, 82
3, 331, 265, 75
3, 336, 265, 42
3, 212, 265, 97
3, 345, 265, 58
3, 474, 265, 69
3, 89, 265, 93
3, 349, 265, 81
3, 227, 265, 32
3, 496, 265, 38
3, 378, 265, 36
3, 383, 265, 57
3, 162, 266, 53
3, 98, 266, 84
3, 36, 266, 55
3, 517, 266, 29
3, 518, 266, 96
3, 486, 266, 92
3, 552, 266, 97
3, 393, 266, 2
3, 402, 266, 8
3, 374, 266, 28
3, 535, 266, 46
3, 408, 266, 62
3, 214, 266, 21
3, 92, 266, 35
3, 343, 266, 25
3, 575, 266, 2
3, 448, 267, 68
3, 481, 267, 37
3, 450, 267, 34
3, 578, 267, 69
3, 331, 267, 75
3, 113, 267, 36
3, 347, 267, 61
3, 20, 267, 30
3, 251, 267, 95
3, 330, 268, 28
3, 141, 268, 60
3, 335, 268, 31
3, 241, 268, 57
3, 49, 268, 38
3, 338, 268, 95
3, 437, 268, 61
3, 342, 268, 66
3, 344, 268, 97
3, 94, 268, 54
3, 157, 268, 85
3, 382, 268, 82
3, 98, 269, 84
3, 71, 269, 76
3, 489, 269, 42
3, 106, 269, 87
3, 332, 269, 24
3, 492, 269, 94
3, 140, 269, 46
3, 364, 269, 34
3, 494, 269, 15
3, 565, 269, 87
3, 346, 269, 57
3, 219, 269, 98
3, 188, 269, 94
3, 318, 269, 38
3, 259, 270, 36
3, 520, 270, 74
3, 140, 270, 46
3, 532, 270, 67
3, 278, 270, 21
3, 36, 270, 55
3, 300, 270, 29
3, 46, 270, 97
3, 562, 270, 13
3, 436, 270, 3
3, 565, 270, 87
3, 572, 270, 1
3, 63, 270, 41
3, 192, 270, 93
3, 449, 270, 95
3, 322, 270, 25
3, 75, 270, 100
3, 88, 270, 56
3, 226, 270, 16
3, 494, 270, 15
3, 244, 270, 59
3, 374, 270, 28
3, 129, 271, 28
3, 396, 271, 52
3, 524, 271, 18
3, 299, 271, 73
3, 300, 271, 29
3, 175, 271, 89
3, 189, 271, 6
3, 191, 271, 22
3, 585, 271, 84
3, 589, 271, 40
3, 465, 271, 64
3, 91, 271, 78
3, 349, 271, 81
3, 478, 271, 2
3, 479, 271, 58
3, 233, 271, 87
3, 234, 271, 96
3, 492, 271, 94
3, 126, 271, 52
3, 257, 272, 9
3, 10, 272, 23
3, 525, 272, 44
3, 270, 272, 20
3, 15, 272, 37
3, 276, 272, 17
3, 290, 272, 69
3, 419, 272, 36
3, 45, 272, 59
3, 51, 272, 80
3, 443, 272, 25
3, 316, 272, 8
3, 189, 272, 6
3, 576, 272, 45
3, 199, 272, 66
3, 589, 272, 40
3, 87, 272, 18
3, 348, 272, 78
3, 224, 272, 91
3, 231, 272, 26
3, 360, 272, 29
3, 241, 272, 57
3, 499, 272, 1
3, 371, 272, 41
3, 291, 273, 87
3, 549, 273, 32
3, 551, 273, 44
3, 140, 273, 46
3, 333, 273, 43
3, 80, 273, 41
3, 240, 273, 24
3, 81, 273, 99
3, 307, 273, 49
3, 304, 273, 86
3, 405, 273, 1
3, 278, 273, 21
3, 408, 273, 62
3, 155, 273, 95
3, 351, 273, 40
3, 512, 274, 63
3, 161, 274, 7
3, 418, 274, 61
3, 257, 274, 9
3, 194, 274, 84
3, 481, 274, 37
3, 102, 274, 93
3, 11, 274, 54
3, 14, 274, 32
3, 558, 274, 67
3, 528, 274, 4
3, 242, 274, 76
3, 594, 274, 6
3, 85, 274, 69
3, 216, 274, 89
3, 410, 274, 82
3, 411, 274, 90
3, 576, 275, 45
3, 455, 275, 44
3, 169, 275, 73
3, 279, 275, 14
3, 142, 275, 54
3, 239, 275, 51
3, 339, 275, 64
3, 532, 275, 67
3, 247, 275, 18
3, 540, 275, 37
3, 256, 276, 44
3, 321, 276, 28
3, 56, 276, 45
3, 100, 276, 27
3, 362, 276, 64
3, 46, 276, 97
3, 270, 276, 20
3, 430, 276, 29
3, 117, 276, 17
3, 470, 276, 84
3, 438, 276, 6
3, 216, 276, 89
3, 473, 276, 32
3, 378, 276, 36
3, 380, 276, 19
3, 127, 276, 43
3, 2, 277, 67
3, 261, 277, 100
3, 518, 277, 96
3, 267, 277, 57
3, 398, 277, 90
3, 406, 277, 32
3, 159, 277, 31
3, 549, 277, 32
3, 47, 277, 56
3, 179, 277, 29
3, 313, 277, 81
3, 570, 277, 65
3, 60, 277, 87
3, 579, 277, 7
3, 581, 277, 40
3, 326, 277, 16
3, 207, 277, 97
3, 212, 277, 97
3, 85, 277, 69
3, 342, 277, 66
3, 222, 277, 21
3, 228, 277, 19
3, 508, 277, 25
3, 253, 277, 59
3, 256, 278, 44
3, 66, 278, 62
3, 163, 278, 47
3, 134, 278, 59
3, 231, 278, 26
3, 72, 278, 89
3, 105, 278, 80
3, 203, 278, 94
3, 349, 278, 81
3, 525, 278, 44
3, 559, 278, 33
3, 243, 278, 47
3, 371, 278, 41
3, 437, 278, 61
3, 246, 278, 25
3, 120, 278, 42
3, 540, 278, 37
3, 253, 278, 59
3, 514, 279, 4
3, 135, 279, 35
3, 406, 279, 32
3, 283, 279, 84
3, 31, 279, 91
3, 545, 279, 72
3, 546, 279, 36
3, 289, 279, 48
3, 167, 279, 90
3, 300, 279, 29
3, 431, 279, 9
3, 178, 279, 63
3, 180, 279, 83
3, 566, 279, 58
3, 441, 279, 54
3, 194, 279, 84
3, 196, 279, 89
3, 72, 279, 89
3, 342, 279, 66
3, 215, 279, 56
3, 477, 279, 8
3, 223, 279, 70
3, 359, 279, 5
3, 233, 279, 87
3, 120, 279, 42
3, 133, 280, 91
3, 102, 280, 93
3, 359, 280, 5
3, 582, 280, 93
3, 265, 280, 44
3, 363, 280, 36
3, 17, 280, 3
3, 244, 280, 59
3, 469, 280, 76
3, 377, 280, 58
3, 187, 280, 96
3, 417, 281, 31
3, 98, 281, 84
3, 292, 281, 63
3, 133, 281, 91
3, 328, 281, 45
3, 202, 281, 71
3, 10, 281, 23
3, 428, 281, 69
3, 525, 281, 44
3, 464, 281, 90
3, 176, 281, 37
3, 305, 281, 7
3, 337, 281, 68
3, 275, 281, 51
3, 85, 281, 69
3, 157, 281, 85
3, 567, 281, 47
3, 29, 281, 21
3, 0, 282, 75
3, 131, 282, 85
3, 4, 282, 74
3, 11, 282, 54
3, 400, 282, 36
3, 534, 282, 100
3, 280, 282, 5
3, 152, 282, 3
3, 412, 282, 76
3, 285, 282, 41
3, 416, 282, 9
3, 418, 282, 61
3, 591, 282, 49
3, 337, 282, 68
3, 486, 282, 92
3, 493, 282, 22
3, 366, 282, 22
3, 111, 282, 82
3, 112, 282, 35
3, 243, 282, 47
3, 252, 282, 14
3, 254, 282, 61
3, 225, 283, 22
3, 66, 283, 62
3, 131, 283, 85
3, 517, 283, 29
3, 230, 283, 28
3, 393, 283, 2
3, 492, 283, 94
3, 76, 283, 59
3, 397, 283, 16
3, 530, 283, 12
3, 150, 283, 50
3, 599, 283, 36
3, 25, 283, 52
3, 507, 283, 10
3, 509, 283, 46
3, 382, 283, 82
3, 163, 284, 47
3, 236, 284, 56
3, 569, 284, 92
3, 209, 284, 59
3, 311, 284, 18
3, 376, 284, 70
3, 345, 284, 58
3, 570, 284, 65
3, 156, 284, 85
3, 189, 284, 6
3, 351, 284, 40
3, 97, 285, 6
3, 194, 285, 84
3, 196, 285, 89
3, 453, 285, 9
3, 72, 285, 89
3, 9, 285, 18
3, 176, 285, 37
3, 369, 285, 55
3, 112, 285, 35
3, 438, 285, 6
3, 377, 285, 58
3, 62, 285, 3
3, 57, 285, 49
3, 32, 286, 29
3, 323, 286, 77
3, 259, 286, 36
3, 455, 286, 44
3, 360, 286, 29
3, 201, 286, 31
3, 109, 286, 81
3, 78, 286, 33
3, 399, 286, 19
3, 462, 286, 68
3, 528, 286, 4
3, 213, 286, 3
3, 405, 286, 1
3, 505, 286, 16
3, 315, 286, 31
3, 479, 286, 58
3, 518, 287, 96
3, 431, 287, 9
3, 212, 287, 97
3, 571, 287, 82
3, 222, 287, 21
3, 382, 287, 82
3, 224, 288, 91
3, 355, 288, 25
3, 359, 288, 5
3, 8, 288, 41
3, 233, 288, 87
3, 489, 288, 42
3, 427, 288, 55
3, 556, 288, 84
3, 431, 288, 9
3, 464, 288, 90
3, 305, 288, 7
3, 467, 288, 8
3, 211, 288, 42
3, 119, 288, 96
3, 158, 288, 31
3, 380, 288, 19
3, 350, 288, 35
3, 280, 289, 5
3, 354, 289, 32
3, 420, 289, 86
3, 580, 289, 86
3, 36, 289, 55
3, 486, 289, 92
3, 426, 289, 17
3, 395, 289, 74
3, 495, 289, 75
3, 465, 289, 64
3, 562, 289, 13
3, 343, 289, 25
3, 376, 289, 70
3, 217, 289, 32
3, 379, 289, 56
3, 152, 289, 3
3, 479, 289, 58
3, 290, 290, 69
3, 452, 290, 15
3, 7, 290, 43
3, 28, 290, 62
3, 366, 290, 22
3, 110, 290, 4
3, 124, 290, 21
3, 49, 290, 38
3, 498, 290, 99
3, 590, 290, 4
3, 468, 290, 29
3, 470, 290, 84
3, 121, 290, 90
3, 474, 290, 69
3, 91, 290, 78
3, 572, 290, 1
3, 33, 291, 23
3, 550, 291, 87
3, 359, 291, 5
3, 396, 291, 52
3, 334, 291, 94
3, 560, 291, 33
3, 123, 291, 34
3, 94, 291, 54
3, 389, 292, 63
3, 27, 292, 67
3, 458, 292, 66
3, 364, 292, 34
3, 14, 292, 32
3, 208, 292, 40
3, 145, 292, 80
3, 211, 292, 42
3, 310, 292, 96
3, 342, 292, 66
3, 215, 292, 56
3, 155, 292, 95
3, 412, 292, 76
3, 30, 292, 13
3, 287, 292, 48
3, 97, 293, 6
3, 322, 293, 25
3, 3, 293, 99
3, 321, 293, 28
3, 330, 293, 28
3, 427, 293, 55
3, 13, 293, 5
3, 78, 293, 33
3, 333, 293, 43
3, 441, 293, 54
3, 314, 293, 21
3, 479, 293, 58
3, 128, 294, 25
3, 513, 294, 48
3, 389, 294, 63
3, 390, 294, 8
3, 393, 294, 2
3, 153, 294, 97
3, 163, 294, 47
3, 421, 294, 38
3, 167, 294, 90
3, 46, 294, 97
3, 458, 294, 66
3, 331, 294, 75
3, 78, 294, 33
3, 593, 294, 46
3, 213, 294, 3
3, 470, 294, 84
3, 599, 294, 36
3, 347, 294, 61
3, 97, 294, 6
3, 226, 294, 16
3, 236, 294, 56
3, 115, 294, 29
3, 380, 294, 19
3, 322, 295, 25
3, 132, 295, 6
3, 68, 295, 58
3, 516, 295, 4
3, 426, 295, 17
3, 139, 295, 32
3, 175, 295, 89
3, 47, 295, 56
3, 17, 295, 3
3, 373, 295, 89
3, 284, 295, 84
3, 569, 295, 92
3, 250, 295, 67
3, 316, 295, 8
3, 479, 295, 58
3, 482, 296, 40
3, 37, 296, 3
3, 199, 296, 66
3, 456, 296, 46
3, 521, 296, 42
3, 140, 296, 46
3, 493, 296, 22
3, 302, 296, 37
3, 335, 296, 31
3, 270, 296, 20
3, 467, 296, 8
3, 276, 296, 17
3, 403, 296, 45
3, 129, 297, 28
3, 7, 297, 43
3, 534, 297, 100
3, 278, 297, 21
3, 543, 297, 86
3, 164, 297, 91
3, 170, 297, 13
3, 556, 297, 84
3, 179, 297, 29
3, 71, 297, 76
3, 72, 297, 89
3, 464, 297, 90
3, 211, 297, 42
3, 351, 297, 40
3, 352, 297, 59
3, 355, 297, 25
3, 484, 297, 22
3, 493, 297, 22
3, 114, 297, 53
3, 371, 297, 41
3, 381, 297, 11
3, 504, 297, 25
3, 253, 297, 59
3, 482, 298, 40
3, 515, 298, 24
3, 389, 298, 63
3, 328, 298, 45
3, 589, 298, 40
3, 561, 298, 62
3, 146, 298, 67
3, 118, 298, 50
3, 541, 298, 81
3, 480, 299, 13
3, 193, 299, 70
3, 67, 299, 100
3, 454, 299, 83
3, 391, 299, 43
3, 297, 299, 86
3, 266, 299, 88
3, 43, 299, 89
3, 559, 299, 33
3, 144, 299, 95
3, 241, 299, 57
3, 400, 299, 36
3, 403, 299, 45
3, 87, 299, 18
3, 377, 299, 58
3, 28, 299, 62
3, 575, 299, 2
