300, 600, 30
32, 321, 0, 59
32, 195, 0, 86
32, 517, 0, 43
32, 326, 0, 37
32, 261, 0, 65
32, 72, 0, 3
32, 421, 0, 99
32, 459, 0, 25
32, 140, 0, 80
32, 79, 0, 18
32, 306, 0, 29
32, 403, 0, 8
32, 411, 0, 92
32, 470, 0, 12
32, 503, 0, 63
32, 122, 0, 25
32, 571, 0, 56
32, 510, 0, 52
32, 224, 1, 3
32, 448, 1, 13
32, 424, 1, 76
32, 204, 1, 15
32, 589, 1, 95
32, 110, 1, 29
32, 175, 1, 22
32, 16, 1, 75
32, 145, 1, 79
32, 44, 1, 64
32, 77, 1, 88
32, 439, 1, 95
32, 61, 1, 85
32, 413, 1, 93
32, 31, 1, 72
32, 292, 2, 86
32, 351, 2, 15
32, 327, 2, 99
32, 553, 2, 37
32, 394, 2, 59
32, 265, 2, 61
32, 335, 2, 46
32, 208, 2, 18
32, 434, 2, 44
32, 405, 2, 20
32, 598, 2, 38
32, 247, 2, 79
32, 341, 2, 22
32, 410, 2, 62
32, 479, 2, 70
32, 230, 3, 53
32, 455, 3, 55
32, 553, 3, 37
32, 587, 3, 30
32, 591, 3, 59
32, 469, 3, 14
32, 440, 3, 29
32, 88, 3, 2
32, 96, 4, 79
32, 482, 4, 75
32, 579, 4, 12
32, 199, 4, 91
32, 362, 4, 10
32, 332, 4, 44
32, 333, 4, 13
32, 366, 4, 54
32, 15, 4, 16
32, 400, 4, 81
32, 145, 4, 79
32, 497, 4, 11
32, 493, 4, 75
32, 208, 4, 18
32, 568, 4, 23
32, 99, 5, 60
32, 324, 5, 13
32, 520, 5, 40
32, 462, 5, 66
32, 495, 5, 57
32, 240, 5, 20
32, 561, 5, 2
32, 123, 5, 18
32, 129, 6, 31
32, 419, 6, 41
32, 260, 6, 63
32, 164, 6, 22
32, 39, 6, 42
32, 533, 6, 36
32, 214, 6, 41
32, 56, 6, 84
32, 26, 6, 64
32, 157, 6, 8
32, 478, 6, 9
32, 133, 7, 51
32, 520, 7, 40
32, 11, 7, 25
32, 14, 7, 73
32, 148, 7, 2
32, 31, 7, 72
32, 288, 7, 58
32, 34, 7, 57
32, 298, 7, 43
32, 299, 7, 11
32, 432, 7, 9
32, 438, 7, 36
32, 182, 7, 65
32, 576, 7, 59
32, 75, 7, 42
32, 471, 7, 4
32, 343, 7, 37
32, 89, 7, 86
32, 348, 7, 31
32, 93, 7, 23
32, 95, 7, 4
32, 103, 7, 80
32, 236, 7, 51
32, 507, 7, 20
32, 417, 8, 98
32, 323, 8, 62
32, 196, 8, 25
32, 515, 8, 74
32, 41, 8, 34
32, 297, 8, 39
32, 15, 8, 16
32, 208, 8, 18
32, 561, 8, 2
32, 209, 8, 42
32, 370, 8, 100
32, 464, 8, 8
32, 405, 8, 20
32, 566, 8, 19
32, 504, 8, 16
32, 570, 8, 30
32, 507, 8, 20
32, 509, 8, 18
32, 130, 9, 9
32, 386, 9, 60
32, 541, 9, 24
32, 101, 9, 33
32, 38, 9, 42
32, 582, 9, 75
32, 329, 9, 66
32, 41, 9, 34
32, 78, 9, 94
32, 238, 9, 48
32, 308, 9, 22
32, 500, 9, 81
32, 55, 9, 33
32, 156, 9, 59
32, 221, 9, 30
32, 222, 9, 50
32, 1, 10, 59
32, 516, 10, 82
32, 147, 10, 1
32, 403, 10, 8
32, 23, 10, 36
32, 25, 10, 46
32, 415, 10, 87
32, 38, 10, 42
32, 551, 10, 63
32, 168, 10, 44
32, 428, 10, 54
32, 435, 10, 9
32, 309, 10, 5
32, 60, 10, 36
32, 447, 10, 91
32, 321, 10, 59
32, 584, 10, 65
32, 208, 10, 18
32, 210, 10, 24
32, 479, 10, 70
32, 490, 10, 86
32, 244, 10, 29
32, 376, 10, 14
32, 260, 11, 63
32, 388, 11, 77
32, 265, 11, 61
32, 522, 11, 9
32, 409, 11, 12
32, 29, 11, 88
32, 159, 11, 89
32, 288, 11, 58
32, 543, 11, 48
32, 557, 11, 8
32, 179, 11, 55
32, 438, 11, 36
32, 457, 11, 25
32, 203, 11, 11
32, 81, 11, 56
32, 345, 11, 15
32, 90, 11, 45
32, 479, 11, 70
32, 247, 11, 79
32, 505, 11, 71
32, 129, 12, 31
32, 185, 12, 98
32, 549, 12, 81
32, 9, 12, 84
32, 75, 12, 42
32, 460, 12, 61
32, 172, 12, 32
32, 398, 12, 83
32, 47, 12, 95
32, 208, 12, 18
32, 401, 12, 63
32, 214, 12, 41
32, 568, 12, 23
32, 153, 12, 19
32, 29, 12, 88
32, 30, 12, 46
32, 575, 12, 59
32, 516, 13, 82
32, 519, 13, 11
32, 28, 13, 54
32, 541, 13, 24
32, 414, 13, 80
32, 415, 13, 87
32, 416, 13, 41
32, 171, 13, 12
32, 428, 13, 54
32, 572, 13, 9
32, 324, 13, 13
32, 593, 13, 86
32, 466, 13, 92
32, 211, 13, 15
32, 86, 13, 19
32, 344, 13, 47
32, 226, 13, 48
32, 104, 13, 40
32, 369, 13, 37
32, 373, 13, 70
32, 502, 13, 68
32, 448, 14, 13
32, 130, 14, 9
32, 516, 14, 82
32, 68, 14, 25
32, 260, 14, 63
32, 202, 14, 4
32, 76, 14, 44
32, 60, 14, 36
32, 303, 14, 13
32, 472, 14, 10
32, 347, 14, 63
32, 120, 14, 96
32, 542, 14, 62
32, 133, 15, 51
32, 521, 15, 69
32, 11, 15, 25
32, 402, 15, 10
32, 24, 15, 82
32, 153, 15, 19
32, 154, 15, 74
32, 412, 15, 54
32, 285, 15, 45
32, 545, 15, 63
32, 162, 15, 28
32, 419, 15, 41
32, 167, 15, 55
32, 554, 15, 2
32, 50, 15, 25
32, 61, 15, 85
32, 328, 15, 41
32, 585, 15, 26
32, 458, 15, 8
32, 76, 15, 44
32, 334, 15, 69
32, 232, 15, 74
32, 108, 15, 80
32, 124, 15, 32
32, 255, 15, 12
32, 225, 16, 91
32, 290, 16, 15
32, 456, 16, 100
32, 490, 16, 86
32, 556, 16, 82
32, 494, 16, 15
32, 498, 16, 47
32, 339, 16, 78
32, 53, 16, 21
32, 149, 16, 89
32, 567, 16, 49
32, 412, 16, 54
32, 218, 16, 42
32, 444, 16, 89
32, 285, 16, 45
32, 325, 17, 27
32, 230, 17, 53
32, 167, 17, 55
32, 268, 17, 88
32, 366, 17, 54
32, 431, 17, 97
32, 560, 17, 19
32, 561, 17, 2
32, 114, 17, 37
32, 188, 17, 55
32, 526, 17, 4
32, 501, 17, 100
32, 406, 17, 82
32, 282, 17, 4
32, 380, 17, 72
32, 575, 17, 59
32, 65, 18, 67
32, 382, 18, 66
32, 101, 18, 33
32, 42, 18, 55
32, 203, 18, 11
32, 268, 18, 88
32, 429, 18, 84
32, 213, 18, 24
32, 469, 18, 14
32, 216, 18, 40
32, 411, 18, 92
32, 284, 18, 9
32, 94, 18, 20
32, 64, 19, 59
32, 225, 19, 91
32, 516, 19, 82
32, 389, 19, 90
32, 74, 19, 43
32, 139, 19, 26
32, 170, 19, 18
32, 461, 19, 67
32, 144, 19, 91
32, 82, 19, 80
32, 54, 19, 84
32, 186, 19, 55
32, 398, 20, 83
32, 400, 20, 81
32, 411, 20, 92
32, 420, 20, 14
32, 168, 20, 44
32, 305, 20, 86
32, 49, 20, 86
32, 181, 20, 9
32, 186, 20, 55
32, 320, 20, 31
32, 66, 20, 14
32, 324, 20, 13
32, 585, 20, 26
32, 591, 20, 59
32, 336, 20, 72
32, 208, 20, 18
32, 468, 20, 93
32, 598, 20, 38
32, 485, 20, 98
32, 106, 20, 71
32, 234, 20, 42
32, 240, 20, 20
32, 115, 20, 93
32, 248, 20, 82
32, 255, 20, 12
32, 36, 21, 34
32, 389, 21, 90
32, 390, 21, 44
32, 105, 21, 36
32, 470, 21, 12
32, 215, 21, 69
32, 504, 21, 16
32, 118, 21, 16
32, 131, 22, 40
32, 359, 22, 32
32, 10, 22, 69
32, 268, 22, 88
32, 500, 22, 81
32, 282, 22, 4
32, 347, 22, 63
32, 220, 22, 59
32, 126, 22, 13
32, 135, 23, 70
32, 360, 23, 42
32, 11, 23, 25
32, 173, 23, 81
32, 373, 23, 70
32, 54, 23, 84
32, 125, 23, 67
32, 319, 23, 2
32, 576, 24, 59
32, 65, 24, 67
32, 486, 24, 73
32, 423, 24, 43
32, 266, 24, 17
32, 588, 24, 46
32, 368, 24, 11
32, 113, 24, 28
32, 51, 24, 40
32, 312, 24, 91
32, 24, 24, 82
32, 476, 24, 6
32, 444, 24, 89
32, 63, 24, 81
32, 413, 24, 93
32, 191, 24, 61
32, 227, 25, 10
32, 230, 25, 53
32, 75, 25, 42
32, 139, 25, 26
32, 190, 25, 73
32, 270, 25, 94
32, 145, 25, 79
32, 114, 25, 37
32, 371, 25, 79
32, 531, 25, 65
32, 501, 25, 100
32, 280, 25, 14
32, 220, 25, 59
32, 62, 25, 69
32, 481, 26, 98
32, 7, 26, 67
32, 425, 26, 28
32, 334, 26, 69
32, 500, 26, 81
32, 56, 26, 84
32, 378, 26, 65
32, 284, 26, 9
32, 2, 27, 91
32, 137, 27, 27
32, 397, 27, 70
32, 269, 27, 48
32, 274, 27, 95
32, 284, 27, 9
32, 291, 27, 45
32, 298, 27, 43
32, 571, 27, 56
32, 444, 27, 89
32, 199, 27, 91
32, 589, 27, 95
32, 209, 27, 42
32, 213, 27, 24
32, 86, 27, 19
32, 344, 27, 47
32, 352, 27, 28
32, 226, 27, 48
32, 485, 27, 98
32, 102, 27, 80
32, 112, 27, 35
32, 125, 27, 67
32, 133, 28, 51
32, 140, 28, 80
32, 277, 28, 61
32, 411, 28, 92
32, 540, 28, 15
32, 285, 28, 45
32, 288, 28, 58
32, 162, 28, 28
32, 290, 28, 15
32, 60, 28, 36
32, 572, 28, 9
32, 449, 28, 51
32, 194, 28, 62
32, 326, 28, 37
32, 466, 28, 92
32, 210, 28, 24
32, 471, 28, 4
32, 93, 28, 23
32, 479, 28, 70
32, 481, 28, 98
32, 492, 28, 98
32, 244, 28, 29
32, 377, 28, 85
32, 251, 28, 22
32, 381, 28, 59
32, 546, 29, 8
32, 163, 29, 86
32, 5, 29, 60
32, 584, 29, 65
32, 235, 29, 94
32, 364, 29, 9
32, 45, 29, 67
32, 430, 29, 53
32, 111, 29, 38
32, 465, 29, 5
32, 83, 29, 39
32, 563, 29, 32
32, 149, 29, 89
32, 24, 29, 82
32, 60, 29, 36
32, 29, 29, 88
32, 489, 30, 99
32, 15, 30, 16
32, 16, 30, 75
32, 79, 30, 18
32, 214, 30, 41
32, 470, 30, 12
32, 187, 30, 63
32, 418, 31, 13
32, 226, 31, 48
32, 139, 31, 26
32, 529, 31, 56
32, 89, 31, 86
32, 506, 31, 33
32, 386, 32, 60
32, 261, 32, 65
32, 15, 32, 16
32, 281, 32, 64
32, 164, 32, 22
32, 426, 32, 72
32, 555, 32, 56
32, 177, 32, 39
32, 180, 32, 20
32, 310, 32, 42
32, 439, 32, 95
32, 572, 32, 9
32, 61, 32, 85
32, 457, 32, 25
32, 588, 32, 46
32, 341, 32, 22
32, 352, 32, 28
32, 241, 32, 39
32, 113, 32, 28
32, 116, 32, 33
32, 373, 32, 70
32, 244, 32, 29
32, 381, 32, 59
32, 96, 33, 79
32, 353, 33, 33
32, 548, 33, 14
32, 484, 33, 23
32, 168, 33, 44
32, 446, 33, 95
32, 161, 34, 31
32, 482, 34, 75
32, 423, 34, 43
32, 521, 34, 69
32, 331, 34, 81
32, 364, 34, 9
32, 172, 34, 32
32, 143, 34, 15
32, 144, 34, 91
32, 442, 34, 64
32, 468, 34, 93
32, 21, 34, 67
32, 23, 34, 36
32, 567, 34, 49
32, 183, 34, 91
32, 218, 34, 42
32, 59, 34, 69
32, 255, 34, 12
32, 0, 35, 26
32, 513, 35, 92
32, 388, 35, 77
32, 262, 35, 80
32, 391, 35, 66
32, 407, 35, 6
32, 413, 35, 93
32, 544, 35, 79
32, 163, 35, 86
32, 551, 35, 63
32, 299, 35, 11
32, 45, 35, 67
32, 559, 35, 63
32, 179, 35, 55
32, 54, 35, 84
32, 440, 35, 29
32, 315, 35, 79
32, 328, 35, 41
32, 76, 35, 44
32, 472, 35, 10
32, 216, 35, 40
32, 360, 35, 42
32, 500, 35, 81
32, 512, 36, 64
32, 160, 36, 52
32, 547, 36, 50
32, 131, 36, 40
32, 582, 36, 75
32, 8, 36, 85
32, 363, 36, 50
32, 236, 36, 51
32, 187, 36, 63
32, 271, 36, 9
32, 410, 36, 62
32, 91, 36, 42
32, 15, 37, 16
32, 529, 37, 56
32, 409, 37, 12
32, 282, 37, 4
32, 28, 37, 54
32, 541, 37, 24
32, 295, 37, 53
32, 167, 37, 55
32, 298, 37, 43
32, 45, 37, 67
32, 307, 37, 68
32, 564, 37, 8
32, 441, 37, 12
32, 68, 37, 25
32, 580, 37, 89
32, 335, 37, 46
32, 338, 37, 3
32, 213, 37, 24
32, 102, 37, 80
32, 108, 37, 80
32, 371, 37, 79
32, 506, 37, 33
32, 379, 37, 74
32, 513, 38, 92
32, 395, 38, 82
32, 140, 38, 80
32, 404, 38, 18
32, 24, 38, 82
32, 153, 38, 19
32, 537, 38, 76
32, 159, 38, 89
32, 163, 38, 86
32, 553, 38, 37
32, 181, 38, 9
32, 184, 38, 64
32, 188, 38, 55
32, 581, 38, 88
32, 336, 38, 72
32, 340, 38, 58
32, 85, 38, 31
32, 477, 38, 15
32, 480, 38, 57
32, 102, 38, 80
32, 493, 38, 75
32, 121, 38, 56
32, 508, 38, 27
32, 127, 38, 69
32, 258, 39, 93
32, 483, 39, 57
32, 547, 39, 50
32, 424, 39, 76
32, 425, 39, 28
32, 202, 39, 4
32, 427, 39, 74
32, 155, 39, 53
32, 107, 39, 5
32, 497, 39, 11
32, 282, 39, 4
32, 475, 39, 32
32, 128, 40, 68
32, 449, 40, 51
32, 418, 40, 13
32, 420, 40, 14
32, 357, 40, 63
32, 408, 40, 17
32, 105, 40, 36
32, 268, 40, 88
32, 140, 40, 80
32, 336, 40, 72
32, 17, 40, 57
32, 563, 40, 32
32, 212, 40, 73
32, 376, 40, 14
32, 220, 40, 59
32, 415, 40, 87
32, 358, 41, 22
32, 136, 41, 72
32, 490, 41, 86
32, 491, 41, 60
32, 467, 41, 12
32, 250, 41, 27
32, 60, 41, 36
32, 386, 42, 60
32, 452, 42, 82
32, 37, 42, 89
32, 103, 42, 80
32, 464, 42, 8
32, 242, 42, 10
32, 475, 42, 32
32, 94, 42, 20
32, 291, 43, 45
32, 549, 43, 81
32, 494, 43, 15
32, 51, 43, 40
32, 501, 43, 100
32, 377, 43, 85
32, 164, 44, 22
32, 420, 44, 14
32, 38, 44, 42
32, 103, 44, 80
32, 359, 44, 32
32, 73, 44, 91
32, 234, 44, 42
32, 74, 44, 43
32, 268, 44, 88
32, 17, 44, 57
32, 305, 44, 86
32, 242, 44, 10
32, 439, 44, 95
32, 260, 45, 63
32, 8, 45, 85
32, 138, 45, 53
32, 291, 45, 45
32, 293, 45, 47
32, 38, 45, 42
32, 296, 45, 22
32, 169, 45, 76
32, 61, 45, 85
32, 456, 45, 100
32, 329, 45, 66
32, 205, 45, 11
32, 333, 45, 13
32, 476, 45, 6
32, 480, 45, 57
32, 483, 45, 57
32, 485, 45, 98
32, 237, 45, 90
32, 118, 45, 16
32, 545, 46, 63
32, 40, 46, 64
32, 554, 46, 2
32, 409, 46, 12
32, 523, 46, 46
32, 429, 46, 84
32, 267, 46, 7
32, 337, 46, 8
32, 435, 46, 9
32, 150, 46, 83
32, 537, 46, 76
32, 128, 47, 68
32, 268, 47, 88
32, 12, 47, 25
32, 272, 47, 83
32, 434, 47, 44
32, 563, 47, 32
32, 438, 47, 36
32, 183, 47, 91
32, 314, 47, 78
32, 453, 47, 72
32, 198, 47, 90
32, 333, 47, 13
32, 206, 47, 96
32, 208, 47, 18
32, 465, 47, 5
32, 337, 47, 8
32, 81, 47, 56
32, 347, 47, 63
32, 102, 47, 80
32, 231, 47, 39
32, 234, 47, 42
32, 354, 48, 5
32, 38, 48, 42
32, 456, 48, 100
32, 297, 48, 39
32, 396, 48, 25
32, 430, 48, 53
32, 209, 48, 42
32, 405, 48, 20
32, 284, 48, 9
32, 479, 48, 70
32, 576, 49, 59
32, 418, 49, 13
32, 297, 49, 39
32, 41, 49, 34
32, 18, 49, 46
32, 351, 49, 15
32, 133, 50, 51
32, 294, 50, 90
32, 393, 50, 57
32, 171, 50, 12
32, 339, 50, 78
32, 26, 50, 64
32, 439, 51, 95
32, 33, 51, 20
32, 325, 51, 27
32, 199, 51, 91
32, 554, 51, 2
32, 11, 51, 25
32, 588, 51, 46
32, 178, 51, 7
32, 19, 51, 46
32, 252, 51, 19
32, 118, 51, 16
32, 87, 51, 71
32, 156, 51, 59
32, 577, 52, 66
32, 166, 52, 37
32, 173, 52, 81
32, 279, 52, 61
32, 19, 52, 46
32, 52, 52, 22
32, 87, 52, 71
32, 508, 52, 27
32, 317, 52, 25
32, 190, 52, 73
32, 514, 53, 36
32, 3, 53, 55
32, 545, 53, 63
32, 424, 53, 76
32, 554, 53, 2
32, 434, 53, 44
32, 579, 53, 12
32, 73, 53, 91
32, 462, 53, 66
32, 206, 53, 96
32, 464, 53, 8
32, 216, 53, 40
32, 217, 53, 69
32, 93, 53, 23
32, 95, 53, 4
32, 353, 53, 33
32, 99, 53, 60
32, 360, 53, 42
32, 511, 53, 31
32, 193, 54, 50
32, 354, 54, 5
32, 293, 54, 47
32, 389, 54, 90
32, 263, 54, 38
32, 585, 54, 26
32, 587, 54, 30
32, 396, 54, 25
32, 140, 54, 80
32, 368, 54, 11
32, 530, 54, 16
32, 532, 54, 81
32, 212, 54, 73
32, 125, 54, 67
32, 254, 54, 10
32, 423, 55, 43
32, 199, 55, 91
32, 457, 55, 25
32, 104, 55, 40
32, 464, 55, 8
32, 436, 55, 81
32, 24, 55, 82
32, 285, 55, 45
32, 519, 56, 11
32, 139, 56, 26
32, 524, 56, 21
32, 143, 56, 15
32, 18, 56, 46
32, 542, 56, 62
32, 161, 56, 31
32, 168, 56, 44
32, 297, 56, 39
32, 48, 56, 14
32, 186, 56, 55
32, 574, 56, 44
32, 66, 56, 14
32, 583, 56, 51
32, 74, 56, 43
32, 590, 56, 80
32, 85, 56, 31
32, 472, 56, 10
32, 91, 56, 42
32, 477, 56, 15
32, 482, 56, 75
32, 99, 56, 60
32, 484, 56, 23
32, 493, 56, 75
32, 372, 56, 29
32, 296, 57, 22
32, 13, 57, 2
32, 246, 57, 94
32, 92, 57, 54
32, 285, 57, 45
32, 30, 57, 46
32, 293, 58, 47
32, 137, 58, 27
32, 43, 58, 38
32, 428, 58, 54
32, 499, 58, 47
32, 385, 59, 7
32, 34, 59, 57
32, 164, 59, 22
32, 165, 59, 11
32, 358, 59, 22
32, 9, 59, 84
32, 554, 59, 2
32, 331, 59, 81
32, 204, 59, 15
32, 460, 59, 61
32, 526, 59, 4
32, 172, 59, 32
32, 405, 59, 20
32, 471, 59, 4
32, 473, 59, 38
32, 475, 59, 32
32, 380, 59, 72
32, 540, 59, 15
32, 390, 60, 44
32, 279, 60, 61
32, 151, 60, 10
32, 541, 60, 24
32, 292, 60, 86
32, 549, 60, 81
32, 422, 60, 60
32, 295, 60, 53
32, 425, 60, 28
32, 428, 60, 54
32, 72, 60, 3
32, 206, 60, 96
32, 212, 60, 73
32, 84, 60, 81
32, 99, 60, 60
32, 488, 60, 90
32, 105, 60, 36
32, 235, 60, 94
32, 111, 60, 38
32, 499, 60, 47
32, 243, 60, 12
32, 373, 60, 70
32, 121, 60, 56
32, 385, 61, 7
32, 386, 61, 60
32, 579, 61, 12
32, 422, 61, 60
32, 231, 61, 39
32, 38, 61, 42
32, 41, 61, 34
32, 332, 61, 44
32, 140, 61, 80
32, 564, 61, 8
32, 509, 61, 18
32, 96, 62, 79
32, 97, 62, 10
32, 515, 62, 74
32, 291, 62, 45
32, 326, 62, 37
32, 206, 62, 96
32, 405, 62, 20
32, 247, 62, 79
32, 314, 62, 78
32, 59, 62, 69
32, 259, 63, 91
32, 356, 63, 29
32, 196, 63, 25
32, 324, 63, 13
32, 455, 63, 55
32, 8, 63, 85
32, 323, 63, 62
32, 326, 63, 37
32, 109, 63, 67
32, 80, 63, 64
32, 148, 63, 2
32, 536, 63, 99
32, 70, 64, 66
32, 271, 64, 9
32, 304, 64, 79
32, 433, 64, 76
32, 566, 64, 19
32, 250, 64, 27
32, 413, 64, 93
32, 514, 65, 36
32, 18, 65, 46
32, 533, 65, 36
32, 23, 65, 36
32, 543, 65, 48
32, 292, 65, 86
32, 169, 65, 76
32, 176, 65, 50
32, 561, 65, 2
32, 181, 65, 9
32, 59, 65, 69
32, 318, 65, 51
32, 67, 65, 85
32, 196, 65, 25
32, 71, 65, 43
32, 200, 65, 13
32, 73, 65, 91
32, 589, 65, 95
32, 473, 65, 38
32, 223, 65, 44
32, 360, 65, 42
32, 366, 65, 54
32, 117, 65, 65
32, 256, 66, 12
32, 387, 66, 94
32, 267, 66, 7
32, 18, 66, 46
32, 277, 66, 61
32, 152, 66, 68
32, 537, 66, 76
32, 555, 66, 56
32, 173, 66, 81
32, 307, 66, 68
32, 436, 66, 81
32, 446, 66, 95
32, 575, 66, 59
32, 451, 66, 24
32, 197, 66, 45
32, 326, 66, 37
32, 593, 66, 86
32, 84, 66, 81
32, 344, 66, 47
32, 216, 66, 40
32, 101, 66, 33
32, 376, 66, 14
32, 451, 67, 24
32, 489, 67, 99
32, 81, 67, 56
32, 154, 67, 74
32, 351, 67, 15
32, 70, 68, 66
32, 423, 68, 43
32, 361, 68, 99
32, 489, 68, 99
32, 363, 68, 50
32, 205, 68, 11
32, 525, 68, 31
32, 81, 68, 56
32, 148, 68, 2
32, 597, 68, 90
32, 214, 68, 41
32, 54, 68, 84
32, 154, 68, 74
32, 443, 68, 22
32, 188, 68, 55
32, 262, 69, 80
32, 526, 69, 4
32, 399, 69, 30
32, 537, 69, 76
32, 155, 69, 53
32, 158, 69, 90
32, 295, 69, 53
32, 42, 69, 55
32, 427, 69, 74
32, 432, 69, 9
32, 307, 69, 68
32, 566, 69, 19
32, 320, 69, 31
32, 65, 69, 67
32, 331, 69, 81
32, 460, 69, 61
32, 340, 69, 58
32, 470, 69, 12
32, 91, 69, 42
32, 476, 69, 6
32, 230, 69, 53
32, 112, 69, 35
32, 119, 69, 68
32, 98, 70, 8
32, 196, 70, 25
32, 105, 70, 36
32, 49, 70, 86
32, 403, 70, 8
32, 533, 70, 36
32, 380, 70, 72
32, 222, 70, 50
32, 126, 70, 13
32, 479, 70, 70
32, 2, 71, 91
32, 130, 71, 9
32, 6, 71, 74
32, 200, 71, 13
32, 488, 71, 90
32, 589, 71, 95
32, 143, 71, 15
32, 367, 71, 68
32, 305, 71, 86
32, 178, 71, 7
32, 565, 71, 60
32, 34, 72, 57
32, 451, 72, 24
32, 581, 72, 88
32, 134, 72, 99
32, 328, 72, 41
32, 425, 72, 28
32, 275, 72, 69
32, 148, 72, 2
32, 309, 72, 5
32, 596, 72, 80
32, 407, 72, 6
32, 441, 72, 12
32, 378, 72, 65
32, 574, 72, 44
32, 127, 72, 69
32, 576, 73, 59
32, 161, 73, 31
32, 228, 73, 11
32, 6, 73, 74
32, 40, 73, 64
32, 41, 73, 34
32, 235, 73, 94
32, 173, 73, 81
32, 174, 73, 80
32, 592, 73, 25
32, 593, 73, 86
32, 595, 73, 22
32, 596, 73, 80
32, 84, 73, 81
32, 56, 73, 84
32, 121, 73, 56
32, 506, 73, 33
32, 187, 73, 63
32, 135, 74, 70
32, 267, 74, 7
32, 408, 74, 17
32, 294, 74, 90
32, 555, 74, 56
32, 556, 74, 82
32, 58, 74, 79
32, 315, 74, 79
32, 65, 74, 67
32, 581, 74, 88
32, 332, 74, 44
32, 589, 74, 95
32, 216, 74, 40
32, 350, 74, 99
32, 351, 74, 15
32, 226, 74, 48
32, 483, 74, 57
32, 486, 74, 73
32, 506, 74, 33
32, 511, 74, 31
32, 138, 75, 53
32, 143, 75, 15
32, 403, 75, 8
32, 545, 75, 63
32, 547, 75, 50
32, 38, 75, 42
32, 424, 75, 76
32, 172, 75, 32
32, 174, 75, 80
32, 181, 75, 9
32, 437, 75, 45
32, 60, 75, 36
32, 316, 75, 11
32, 317, 75, 25
32, 320, 75, 31
32, 452, 75, 82
32, 457, 75, 25
32, 348, 75, 31
32, 482, 75, 75
32, 103, 75, 80
32, 499, 75, 47
32, 120, 75, 96
32, 511, 75, 31
32, 480, 76, 57
32, 416, 76, 41
32, 454, 76, 43
32, 345, 76, 15
32, 171, 76, 12
32, 205, 76, 11
32, 113, 76, 28
32, 308, 76, 22
32, 88, 76, 2
32, 281, 76, 64
32, 282, 76, 4
32, 478, 76, 9
32, 322, 77, 27
32, 546, 77, 8
32, 588, 77, 46
32, 300, 77, 63
32, 251, 77, 22
32, 17, 77, 57
32, 433, 77, 76
32, 502, 77, 68
32, 283, 77, 9
32, 94, 77, 20
32, 320, 78, 31
32, 259, 78, 91
32, 165, 78, 11
32, 37, 78, 89
32, 8, 78, 85
32, 40, 78, 64
32, 394, 78, 59
32, 587, 78, 30
32, 264, 78, 38
32, 202, 78, 4
32, 79, 78, 18
32, 188, 78, 55
32, 19, 78, 46
32, 405, 78, 20
32, 151, 78, 10
32, 380, 78, 72
32, 573, 78, 77
32, 5, 79, 60
32, 142, 79, 78
32, 280, 79, 14
32, 287, 79, 37
32, 45, 79, 67
32, 48, 79, 14
32, 305, 79, 86
32, 50, 79, 25
32, 66, 79, 14
32, 194, 79, 62
32, 196, 79, 25
32, 72, 79, 3
32, 206, 79, 96
32, 207, 79, 1
32, 464, 79, 8
32, 93, 79, 23
32, 98, 79, 8
32, 482, 79, 75
32, 229, 79, 90
32, 104, 79, 40
32, 501, 79, 100
32, 502, 79, 68
32, 248, 79, 82
32, 125, 79, 67
32, 133, 80, 51
32, 271, 80, 9
32, 537, 80, 76
32, 164, 80, 22
32, 551, 80, 63
32, 300, 80, 63
32, 431, 80, 97
32, 437, 80, 45
32, 438, 80, 36
32, 185, 80, 98
32, 451, 80, 24
32, 75, 80, 42
32, 332, 80, 44
32, 466, 80, 92
32, 215, 80, 69
32, 474, 80, 68
32, 101, 80, 33
32, 367, 80, 68
32, 117, 80, 65
32, 506, 80, 33
32, 128, 81, 68
32, 509, 81, 18
32, 418, 81, 13
32, 463, 81, 53
32, 495, 81, 57
32, 370, 81, 100
32, 92, 81, 54
32, 189, 81, 4
32, 287, 81, 37
32, 526, 82, 4
32, 148, 82, 2
32, 22, 82, 39
32, 154, 82, 74
32, 294, 82, 90
32, 166, 82, 37
32, 552, 82, 16
32, 43, 82, 38
32, 303, 82, 13
32, 48, 82, 14
32, 58, 82, 79
32, 454, 82, 43
32, 582, 82, 75
32, 462, 82, 66
32, 83, 82, 39
32, 213, 82, 24
32, 353, 82, 33
32, 232, 82, 74
32, 489, 82, 99
32, 129, 83, 31
32, 520, 83, 40
32, 268, 83, 88
32, 397, 83, 70
32, 141, 83, 58
32, 273, 83, 78
32, 404, 83, 18
32, 25, 83, 46
32, 154, 83, 74
32, 548, 83, 14
32, 169, 83, 76
32, 41, 83, 34
32, 303, 83, 13
32, 53, 83, 21
32, 567, 83, 49
32, 61, 83, 85
32, 194, 83, 62
32, 453, 83, 72
32, 481, 83, 98
32, 498, 83, 47
32, 382, 83, 66
32, 352, 84, 28
32, 579, 84, 12
32, 132, 84, 14
32, 7, 84, 67
32, 137, 84, 27
32, 458, 84, 8
32, 207, 84, 1
32, 339, 84, 78
32, 183, 84, 91
32, 444, 84, 89
32, 1, 85, 59
32, 517, 85, 43
32, 281, 85, 64
32, 161, 85, 31
32, 423, 85, 43
32, 299, 85, 11
32, 43, 85, 38
32, 565, 85, 60
32, 438, 85, 36
32, 60, 85, 36
32, 317, 85, 25
32, 446, 85, 95
32, 63, 85, 81
32, 67, 85, 85
32, 327, 85, 99
32, 584, 85, 65
32, 201, 85, 91
32, 331, 85, 81
32, 341, 85, 22
32, 474, 85, 68
32, 487, 85, 54
32, 109, 85, 67
32, 374, 85, 71
32, 121, 85, 56
32, 225, 86, 91
32, 129, 86, 31
32, 41, 86, 34
32, 75, 86, 42
32, 269, 86, 48
32, 501, 86, 100
32, 406, 86, 82
32, 247, 86, 79
32, 152, 86, 68
32, 538, 86, 87
32, 59, 86, 69
32, 509, 86, 18
32, 479, 86, 70
32, 513, 87, 92
32, 393, 87, 57
32, 147, 87, 1
32, 404, 87, 18
32, 379, 87, 74
32, 28, 87, 54
32, 384, 88, 77
32, 8, 88, 85
32, 413, 88, 93
32, 36, 88, 34
32, 430, 88, 53
32, 306, 88, 29
32, 567, 88, 49
32, 188, 88, 55
32, 320, 88, 31
32, 577, 88, 66
32, 324, 88, 13
32, 585, 88, 26
32, 334, 88, 69
32, 79, 88, 18
32, 208, 88, 18
32, 593, 88, 86
32, 82, 88, 80
32, 467, 88, 12
32, 95, 88, 4
32, 357, 88, 63
32, 232, 88, 74
32, 366, 88, 54
32, 380, 88, 72
32, 252, 88, 19
32, 416, 89, 41
32, 547, 89, 50
32, 421, 89, 99
32, 552, 89, 16
32, 234, 89, 42
32, 522, 89, 9
32, 240, 89, 20
32, 402, 89, 10
32, 276, 89, 52
32, 181, 89, 9
32, 439, 89, 95
32, 348, 89, 31
32, 522, 90, 9
32, 523, 90, 46
32, 270, 90, 94
32, 26, 90, 64
32, 162, 90, 28
32, 550, 90, 97
32, 554, 90, 2
32, 429, 90, 84
32, 302, 90, 13
32, 310, 90, 42
32, 566, 90, 19
32, 577, 90, 66
32, 195, 90, 86
32, 475, 90, 32
32, 92, 90, 54
32, 227, 90, 10
32, 485, 90, 98
32, 102, 90, 80
32, 369, 90, 37
32, 127, 90, 69
32, 388, 91, 77
32, 228, 91, 11
32, 294, 91, 90
32, 201, 91, 91
32, 172, 91, 32
32, 590, 91, 80
32, 114, 91, 37
32, 350, 91, 99
32, 67, 92, 85
32, 195, 92, 86
32, 425, 92, 28
32, 490, 92, 86
32, 330, 92, 63
32, 458, 92, 8
32, 331, 92, 81
32, 238, 92, 48
32, 271, 92, 9
32, 306, 92, 29
32, 147, 92, 1
32, 342, 92, 44
32, 374, 92, 71
32, 247, 92, 79
32, 33, 93, 20
32, 386, 93, 60
32, 162, 93, 28
32, 324, 93, 13
32, 490, 93, 86
32, 203, 93, 11
32, 525, 93, 31
32, 593, 93, 86
32, 151, 93, 10
32, 312, 93, 91
32, 89, 93, 86
32, 538, 93, 87
32, 34, 94, 57
32, 103, 94, 80
32, 333, 94, 13
32, 209, 94, 42
32, 19, 94, 46
32, 435, 94, 9
32, 192, 95, 31
32, 419, 95, 41
32, 294, 95, 90
32, 135, 95, 70
32, 582, 95, 75
32, 489, 95, 99
32, 298, 95, 43
32, 396, 95, 25
32, 563, 95, 32
32, 595, 95, 22
32, 508, 95, 27
32, 513, 96, 92
32, 130, 96, 9
32, 69, 96, 63
32, 552, 96, 16
32, 170, 96, 18
32, 108, 96, 80
32, 205, 96, 11
32, 528, 96, 32
32, 19, 96, 46
32, 436, 96, 81
32, 275, 96, 69
32, 534, 96, 53
32, 445, 96, 62
32, 511, 96, 31
32, 26, 97, 64
32, 324, 97, 13
32, 581, 97, 88
32, 37, 97, 89
32, 358, 97, 22
32, 392, 97, 88
32, 197, 97, 45
32, 19, 97, 46
32, 85, 97, 31
32, 22, 97, 39
32, 569, 97, 65
32, 570, 97, 30
32, 123, 97, 18
32, 159, 97, 89
32, 131, 98, 40
32, 14, 98, 73
32, 271, 98, 9
32, 273, 98, 78
32, 276, 98, 52
32, 150, 98, 83
32, 418, 98, 13
32, 308, 98, 22
32, 53, 98, 21
32, 311, 98, 91
32, 187, 98, 63
32, 444, 98, 89
32, 66, 98, 14
32, 67, 98, 85
32, 203, 98, 11
32, 463, 98, 53
32, 466, 98, 92
32, 83, 98, 39
32, 594, 98, 72
32, 96, 98, 79
32, 101, 98, 33
32, 110, 98, 29
32, 370, 98, 100
32, 123, 98, 18
32, 546, 99, 8
32, 131, 99, 40
32, 229, 99, 90
32, 358, 99, 22
32, 205, 99, 11
32, 58, 99, 79
32, 60, 99, 36
32, 381, 99, 59
32, 255, 99, 12
32, 5, 100, 60
32, 264, 100, 38
32, 297, 100, 39
32, 141, 100, 58
32, 239, 100, 75
32, 532, 100, 81
32, 597, 100, 90
32, 150, 100, 83
32, 278, 100, 11
32, 57, 100, 100
32, 158, 100, 90
32, 319, 100, 2
32, 256, 101, 12
32, 132, 101, 14
32, 156, 101, 59
32, 285, 101, 45
32, 157, 101, 8
32, 546, 101, 8
32, 556, 101, 82
32, 180, 101, 20
32, 312, 101, 91
32, 572, 101, 9
32, 204, 101, 15
32, 469, 101, 14
32, 476, 101, 6
32, 96, 101, 79
32, 237, 101, 90
32, 112, 101, 35
32, 381, 101, 59
32, 498, 101, 47
32, 506, 101, 33
32, 509, 101, 18
32, 128, 102, 68
32, 160, 102, 52
32, 384, 102, 77
32, 417, 102, 98
32, 580, 102, 89
32, 512, 102, 64
32, 456, 102, 100
32, 200, 102, 13
32, 458, 102, 8
32, 524, 102, 21
32, 270, 102, 94
32, 271, 102, 9
32, 400, 102, 81
32, 402, 102, 10
32, 244, 102, 29
32, 597, 102, 90
32, 540, 102, 15
32, 157, 102, 8
32, 267, 103, 7
32, 396, 103, 25
32, 15, 103, 16
32, 536, 103, 99
32, 414, 103, 80
32, 422, 103, 60
32, 558, 103, 99
32, 564, 103, 8
32, 53, 103, 21
32, 438, 103, 36
32, 309, 103, 5
32, 184, 103, 64
32, 442, 103, 64
32, 573, 103, 77
32, 196, 103, 25
32, 593, 103, 86
32, 469, 103, 14
32, 87, 103, 71
32, 350, 103, 99
32, 487, 103, 54
32, 363, 103, 50
32, 365, 103, 95
32, 482, 104, 75
32, 323, 104, 62
32, 547, 104, 50
32, 258, 104, 93
32, 394, 104, 59
32, 299, 104, 11
32, 470, 104, 12
32, 152, 104, 68
32, 379, 104, 74
32, 189, 104, 4
32, 417, 105, 98
32, 100, 105, 18
32, 37, 105, 89
32, 327, 105, 99
32, 455, 105, 55
32, 170, 105, 18
32, 140, 105, 80
32, 493, 105, 75
32, 238, 105, 48
32, 141, 105, 58
32, 474, 105, 68
32, 340, 105, 58
32, 566, 105, 19
32, 217, 105, 69
32, 218, 105, 42
32, 382, 105, 66
32, 352, 106, 28
32, 480, 106, 57
32, 292, 106, 86
32, 548, 106, 14
32, 201, 106, 91
32, 586, 106, 99
32, 334, 106, 69
32, 117, 106, 65
32, 246, 106, 94
32, 184, 106, 64
32, 345, 106, 15
32, 383, 106, 61
32, 132, 107, 14
32, 389, 107, 90
32, 534, 107, 53
32, 407, 107, 6
32, 409, 107, 12
32, 541, 107, 24
32, 563, 107, 32
32, 308, 107, 22
32, 565, 107, 60
32, 54, 107, 84
32, 59, 107, 69
32, 70, 107, 66
32, 584, 107, 65
32, 332, 107, 44
32, 337, 107, 8
32, 595, 107, 22
32, 216, 107, 40
32, 217, 107, 69
32, 478, 107, 9
32, 479, 107, 70
32, 98, 107, 8
32, 484, 107, 23
32, 362, 107, 10
32, 500, 107, 81
32, 126, 107, 13
32, 485, 108, 98
32, 326, 108, 37
32, 80, 108, 64
32, 534, 108, 53
32, 186, 108, 55
32, 29, 108, 88
32, 512, 109, 64
32, 546, 109, 8
32, 483, 109, 57
32, 35, 109, 95
32, 455, 109, 55
32, 135, 109, 70
32, 43, 109, 38
32, 44, 109, 64
32, 301, 109, 50
32, 50, 109, 25
32, 20, 109, 27
32, 189, 109, 4
32, 318, 109, 51
32, 543, 109, 48
32, 65, 110, 67
32, 546, 110, 8
32, 322, 110, 27
32, 3, 110, 55
32, 229, 110, 90
32, 359, 110, 32
32, 297, 110, 39
32, 430, 110, 53
32, 467, 110, 12
32, 84, 110, 81
32, 20, 110, 27
32, 504, 110, 16
32, 570, 110, 30
32, 252, 110, 19
32, 189, 110, 4
32, 128, 111, 68
32, 416, 111, 41
32, 195, 111, 86
32, 198, 111, 90
32, 455, 111, 55
32, 488, 111, 90
32, 200, 111, 13
32, 363, 111, 50
32, 239, 111, 75
32, 308, 111, 22
32, 58, 111, 79
32, 254, 111, 10
32, 288, 112, 58
32, 258, 112, 93
32, 389, 112, 90
32, 423, 112, 43
32, 11, 112, 25
32, 468, 112, 93
32, 470, 112, 12
32, 24, 112, 82
32, 250, 112, 27
32, 512, 113, 64
32, 142, 113, 78
32, 399, 113, 30
32, 17, 113, 57
32, 148, 113, 2
32, 26, 113, 64
32, 411, 113, 92
32, 159, 113, 89
32, 420, 113, 14
32, 176, 113, 50
32, 570, 113, 30
32, 317, 113, 25
32, 320, 113, 31
32, 588, 113, 46
32, 337, 113, 8
32, 343, 113, 37
32, 347, 113, 63
32, 489, 113, 99
32, 233, 113, 49
32, 107, 113, 5
32, 378, 113, 65
32, 253, 113, 63
32, 255, 113, 12
32, 100, 114, 18
32, 266, 114, 17
32, 106, 114, 71
32, 396, 114, 25
32, 11, 114, 25
32, 204, 114, 15
32, 47, 114, 95
32, 429, 114, 84
32, 342, 114, 44
32, 192, 115, 31
32, 3, 115, 55
32, 131, 115, 40
32, 485, 115, 98
32, 326, 115, 37
32, 360, 115, 42
32, 9, 115, 84
32, 265, 115, 61
32, 107, 115, 5
32, 104, 115, 40
32, 13, 115, 2
32, 78, 115, 94
32, 370, 115, 100
32, 147, 115, 1
32, 30, 115, 46
32, 24, 115, 82
32, 541, 115, 24
32, 126, 115, 13
32, 417, 116, 98
32, 225, 116, 91
32, 67, 116, 85
32, 325, 116, 27
32, 138, 116, 53
32, 436, 116, 81
32, 186, 116, 55
32, 285, 116, 45
32, 96, 117, 79
32, 449, 117, 51
32, 194, 117, 62
32, 164, 117, 22
32, 70, 117, 66
32, 559, 117, 63
32, 143, 117, 15
32, 177, 117, 39
32, 369, 117, 37
32, 179, 117, 55
32, 213, 117, 24
32, 568, 117, 23
32, 126, 117, 13
32, 387, 118, 94
32, 100, 118, 18
32, 72, 118, 3
32, 427, 118, 74
32, 267, 118, 7
32, 333, 118, 13
32, 302, 118, 13
32, 336, 118, 72
32, 433, 118, 76
32, 213, 118, 24
32, 503, 118, 63
32, 377, 118, 85
32, 575, 118, 59
32, 396, 119, 25
32, 418, 119, 13
32, 304, 119, 79
32, 313, 119, 4
32, 569, 119, 65
32, 577, 119, 66
32, 326, 119, 37
32, 199, 119, 91
32, 332, 119, 44
32, 335, 119, 46
32, 83, 119, 39
32, 211, 119, 15
32, 343, 119, 37
32, 218, 119, 42
32, 220, 119, 59
32, 348, 119, 31
32, 352, 119, 28
32, 232, 119, 74
32, 107, 119, 5
32, 365, 119, 95
32, 369, 119, 37
32, 114, 119, 37
32, 117, 119, 65
32, 248, 119, 82
32, 290, 120, 15
32, 484, 120, 23
32, 100, 120, 18
32, 101, 120, 33
32, 520, 120, 40
32, 202, 120, 4
32, 171, 120, 12
32, 141, 120, 58
32, 206, 120, 96
32, 589, 120, 95
32, 305, 120, 86
32, 178, 120, 7
32, 179, 120, 55
32, 381, 120, 59
32, 597, 120, 90
32, 285, 120, 45
32, 158, 120, 90
32, 515, 121, 74
32, 291, 121, 45
32, 132, 121, 14
32, 590, 121, 80
32, 110, 121, 29
32, 561, 121, 2
32, 468, 121, 93
32, 572, 121, 9
32, 4, 122, 66
32, 429, 122, 84
32, 559, 122, 63
32, 400, 122, 81
32, 111, 122, 38
32, 438, 122, 36
32, 56, 122, 84
32, 94, 122, 20
32, 160, 123, 52
32, 161, 123, 31
32, 510, 123, 52
32, 73, 123, 91
32, 298, 123, 43
32, 393, 123, 57
32, 522, 123, 9
32, 397, 123, 70
32, 590, 123, 80
32, 15, 123, 16
32, 175, 123, 22
32, 556, 123, 82
32, 118, 123, 16
32, 314, 123, 78
32, 379, 123, 74
32, 572, 123, 9
32, 62, 123, 69
32, 512, 124, 64
32, 513, 124, 92
32, 135, 124, 70
32, 300, 124, 63
32, 447, 124, 91
32, 192, 124, 31
32, 200, 124, 13
32, 74, 124, 43
32, 78, 124, 94
32, 463, 124, 53
32, 337, 124, 8
32, 213, 124, 24
32, 342, 124, 44
32, 351, 124, 15
32, 482, 124, 75
32, 358, 124, 22
32, 368, 124, 11
32, 501, 124, 100
32, 379, 124, 74
32, 127, 124, 69
32, 66, 125, 14
32, 578, 125, 25
32, 390, 125, 44
32, 135, 125, 70
32, 586, 125, 99
32, 141, 125, 58
32, 206, 125, 96
32, 367, 125, 68
32, 182, 125, 65
32, 320, 126, 31
32, 487, 126, 54
32, 9, 126, 84
32, 233, 126, 49
32, 171, 126, 12
32, 496, 126, 15
32, 531, 126, 65
32, 565, 126, 60
32, 21, 126, 67
32, 407, 126, 6
32, 187, 126, 63
32, 124, 126, 32
32, 18, 127, 46
32, 550, 127, 97
32, 552, 127, 16
32, 554, 127, 2
32, 171, 127, 12
32, 50, 127, 25
32, 307, 127, 68
32, 438, 127, 36
32, 58, 127, 79
32, 59, 127, 69
32, 317, 127, 25
32, 449, 127, 51
32, 333, 127, 13
32, 461, 127, 67
32, 211, 127, 15
32, 90, 127, 45
32, 223, 127, 44
32, 481, 127, 98
32, 230, 127, 53
32, 494, 127, 15
32, 111, 127, 38
32, 497, 127, 11
32, 375, 127, 15
32, 381, 127, 59
32, 4, 128, 66
32, 136, 128, 72
32, 264, 128, 38
32, 521, 128, 69
32, 407, 128, 6
32, 152, 128, 68
32, 27, 128, 83
32, 419, 128, 41
32, 48, 128, 14
32, 561, 128, 2
32, 439, 128, 95
32, 313, 128, 4
32, 190, 128, 73
32, 69, 128, 63
32, 329, 128, 66
32, 206, 128, 96
32, 590, 128, 80
32, 93, 128, 23
32, 358, 128, 22
32, 376, 128, 14
32, 546, 129, 8
32, 136, 129, 72
32, 201, 129, 91
32, 328, 129, 41
32, 169, 129, 76
32, 219, 129, 46
32, 335, 129, 46
32, 529, 129, 56
32, 241, 129, 39
32, 499, 129, 47
32, 222, 129, 50
32, 210, 129, 24
32, 598, 129, 38
32, 342, 129, 44
32, 59, 129, 69
32, 348, 129, 31
32, 445, 129, 62
32, 286, 129, 36
32, 384, 130, 77
32, 453, 130, 72
32, 263, 130, 38
32, 72, 130, 3
32, 591, 130, 59
32, 175, 130, 22
32, 243, 130, 12
32, 436, 130, 81
32, 245, 130, 15
32, 438, 130, 36
32, 278, 130, 11
32, 312, 130, 91
32, 416, 131, 41
32, 224, 131, 3
32, 66, 131, 14
32, 385, 131, 7
32, 100, 131, 18
32, 549, 131, 81
32, 485, 131, 98
32, 296, 131, 22
32, 585, 131, 26
32, 138, 131, 53
32, 110, 131, 29
32, 240, 131, 20
32, 433, 131, 76
32, 272, 131, 83
32, 119, 131, 68
32, 215, 131, 69
32, 513, 132, 92
32, 514, 132, 36
32, 67, 132, 85
32, 324, 132, 13
32, 581, 132, 88
32, 197, 132, 45
32, 186, 132, 55
32, 11, 132, 25
32, 558, 132, 99
32, 110, 132, 29
32, 347, 132, 63
32, 23, 132, 36
32, 88, 132, 2
32, 377, 132, 85
32, 90, 132, 45
32, 155, 132, 53
32, 4, 133, 66
32, 489, 133, 99
32, 13, 133, 2
32, 301, 133, 50
32, 495, 133, 57
32, 594, 133, 72
32, 507, 133, 20
32, 568, 133, 23
32, 25, 133, 46
32, 186, 133, 55
32, 123, 133, 18
32, 64, 134, 59
32, 324, 134, 13
32, 549, 134, 81
32, 298, 134, 43
32, 437, 134, 45
32, 65, 135, 67
32, 354, 135, 5
32, 196, 135, 25
32, 37, 135, 89
32, 586, 135, 99
32, 427, 135, 74
32, 334, 135, 69
32, 15, 135, 16
32, 92, 135, 54
32, 190, 135, 73
32, 449, 136, 51
32, 8, 136, 85
32, 458, 136, 8
32, 523, 136, 46
32, 524, 136, 21
32, 234, 136, 42
32, 305, 136, 86
32, 595, 136, 22
32, 85, 136, 31
32, 502, 136, 68
32, 181, 136, 9
32, 412, 136, 54
32, 348, 136, 31
32, 253, 136, 63
32, 97, 137, 10
32, 386, 137, 60
32, 394, 137, 59
32, 331, 137, 81
32, 183, 137, 91
32, 58, 137, 79
32, 283, 137, 9
32, 31, 137, 72
32, 258, 138, 93
32, 16, 138, 75
32, 529, 138, 56
32, 153, 138, 19
32, 282, 138, 4
32, 157, 138, 8
32, 34, 138, 57
32, 547, 138, 50
32, 181, 138, 9
32, 54, 138, 84
32, 319, 138, 2
32, 192, 138, 31
32, 320, 138, 31
32, 330, 138, 63
32, 464, 138, 8
32, 89, 138, 86
32, 94, 138, 20
32, 487, 138, 54
32, 495, 138, 57
32, 112, 138, 35
32, 503, 138, 63
32, 124, 138, 32
32, 381, 138, 59
32, 34, 139, 57
32, 194, 139, 62
32, 451, 139, 24
32, 107, 139, 5
32, 77, 139, 88
32, 558, 139, 99
32, 174, 139, 80
32, 402, 139, 10
32, 179, 139, 55
32, 307, 139, 68
32, 276, 139, 52
32, 406, 139, 82
32, 215, 139, 69
32, 502, 139, 68
32, 153, 139, 19
32, 154, 139, 74
32, 158, 139, 90
32, 333, 140, 13
32, 563, 140, 32
32, 438, 140, 36
32, 280, 140, 14
32, 285, 140, 45
32, 128, 141, 68
32, 130, 141, 9
32, 12, 141, 25
32, 526, 141, 4
32, 273, 141, 78
32, 274, 141, 95
32, 413, 141, 93
32, 417, 141, 98
32, 423, 141, 43
32, 45, 141, 67
32, 178, 141, 7
32, 179, 141, 55
32, 194, 141, 62
32, 69, 141, 63
32, 585, 141, 26
32, 458, 141, 8
32, 81, 141, 56
32, 228, 141, 11
32, 485, 141, 98
32, 486, 141, 73
32, 105, 141, 36
32, 362, 141, 10
32, 236, 141, 51
32, 369, 141, 37
32, 255, 141, 12
32, 173, 142, 81
32, 114, 142, 37
32, 341, 142, 22
32, 55, 142, 33
32, 184, 142, 64
32, 91, 142, 42
32, 255, 142, 12
32, 384, 143, 77
32, 3, 143, 55
32, 521, 143, 69
32, 15, 143, 16
32, 403, 143, 8
32, 405, 143, 20
32, 538, 143, 87
32, 304, 143, 79
32, 176, 143, 50
32, 54, 143, 84
32, 569, 143, 65
32, 442, 143, 64
32, 443, 143, 22
32, 449, 143, 51
32, 450, 143, 71
32, 323, 143, 62
32, 465, 143, 5
32, 82, 143, 80
32, 226, 143, 48
32, 228, 143, 11
32, 493, 143, 75
32, 370, 143, 100
32, 577, 144, 66
32, 3, 144, 55
32, 588, 144, 46
32, 55, 144, 33
32, 316, 144, 11
32, 127, 144, 69
32, 7, 145, 67
32, 519, 145, 11
32, 394, 145, 59
32, 142, 145, 78
32, 542, 145, 62
32, 289, 145, 19
32, 166, 145, 37
32, 167, 145, 55
32, 168, 145, 44
32, 298, 145, 43
32, 43, 145, 38
32, 433, 145, 76
32, 435, 145, 9
32, 317, 145, 25
32, 447, 145, 91
32, 578, 145, 25
32, 83, 145, 39
32, 598, 145, 38
32, 350, 145, 99
32, 479, 145, 70
32, 360, 145, 42
32, 254, 145, 10
32, 579, 146, 12
32, 90, 146, 45
32, 520, 146, 40
32, 393, 146, 57
32, 111, 146, 38
32, 348, 146, 31
32, 312, 146, 91
32, 473, 146, 38
32, 26, 146, 64
32, 411, 146, 92
32, 220, 146, 59
32, 351, 146, 15
32, 160, 147, 52
32, 226, 147, 48
32, 71, 147, 43
32, 360, 147, 42
32, 50, 147, 25
32, 573, 147, 77
32, 574, 147, 44
32, 128, 148, 68
32, 260, 148, 63
32, 4, 148, 66
32, 272, 148, 83
32, 290, 148, 15
32, 561, 148, 2
32, 434, 148, 44
32, 325, 148, 27
32, 73, 148, 91
32, 202, 148, 4
32, 204, 148, 15
32, 334, 148, 69
32, 80, 148, 64
32, 88, 148, 2
32, 346, 148, 11
32, 478, 148, 9
32, 481, 148, 98
32, 484, 148, 23
32, 370, 148, 100
32, 371, 148, 79
32, 501, 148, 100
32, 119, 148, 68
32, 517, 149, 43
32, 422, 149, 60
32, 584, 149, 65
32, 490, 149, 86
32, 555, 149, 56
32, 48, 149, 14
32, 435, 149, 9
32, 247, 149, 79
32, 345, 149, 15
32, 348, 149, 31
32, 447, 149, 91
32, 512, 150, 64
32, 291, 150, 45
32, 356, 150, 29
32, 40, 150, 64
32, 267, 150, 7
32, 366, 150, 54
32, 559, 150, 63
32, 273, 150, 78
32, 180, 150, 20
32, 213, 150, 24
32, 500, 150, 81
32, 53, 150, 21
32, 26, 150, 64
32, 220, 150, 59
32, 222, 150, 50
32, 32, 151, 76
32, 1, 151, 59
32, 419, 151, 41
32, 168, 151, 44
32, 330, 151, 63
32, 432, 151, 9
32, 114, 151, 37
32, 52, 151, 22
32, 566, 151, 19
32, 599, 151, 98
32, 377, 151, 85
32, 507, 151, 20
32, 514, 152, 36
32, 227, 152, 10
32, 199, 152, 91
32, 104, 152, 40
32, 396, 152, 25
32, 525, 152, 31
32, 205, 152, 11
32, 46, 152, 16
32, 238, 152, 48
32, 145, 152, 79
32, 530, 152, 16
32, 563, 152, 32
32, 436, 152, 81
32, 501, 152, 100
32, 82, 152, 80
32, 209, 152, 42
32, 317, 152, 25
32, 319, 152, 2
32, 2, 153, 91
32, 396, 153, 25
32, 409, 153, 12
32, 283, 153, 9
32, 541, 153, 24
32, 298, 153, 43
32, 47, 153, 95
32, 50, 153, 25
32, 54, 153, 84
32, 60, 153, 36
32, 579, 153, 12
32, 327, 153, 99
32, 74, 153, 43
32, 460, 153, 61
32, 473, 153, 38
32, 477, 153, 15
32, 357, 153, 63
32, 234, 153, 42
32, 497, 153, 11
32, 502, 153, 68
32, 378, 153, 65
32, 384, 154, 77
32, 256, 154, 12
32, 513, 154, 92
32, 387, 154, 94
32, 388, 154, 77
32, 526, 154, 4
32, 531, 154, 65
32, 412, 154, 54
32, 30, 154, 46
32, 544, 154, 79
32, 162, 154, 28
32, 548, 154, 14
32, 551, 154, 63
32, 310, 154, 42
32, 56, 154, 84
32, 185, 154, 98
32, 62, 154, 69
32, 329, 154, 66
32, 85, 154, 31
32, 471, 154, 4
32, 99, 154, 60
32, 229, 154, 90
32, 231, 154, 39
32, 105, 154, 36
32, 116, 154, 33
32, 513, 155, 92
32, 577, 155, 66
32, 33, 155, 20
32, 228, 155, 11
32, 518, 155, 96
32, 486, 155, 73
32, 72, 155, 3
32, 106, 155, 71
32, 523, 155, 46
32, 430, 155, 53
32, 54, 155, 84
32, 471, 155, 4
32, 280, 155, 14
32, 598, 155, 38
32, 126, 155, 13
32, 188, 155, 55
32, 478, 155, 9
32, 0, 156, 26
32, 224, 156, 3
32, 131, 156, 40
32, 548, 156, 14
32, 201, 156, 91
32, 79, 156, 18
32, 336, 156, 72
32, 245, 156, 15
32, 376, 156, 14
32, 346, 156, 11
32, 123, 156, 18
32, 34, 157, 57
32, 420, 157, 14
32, 37, 157, 89
32, 518, 157, 96
32, 136, 157, 72
32, 11, 157, 25
32, 492, 157, 98
32, 187, 157, 63
32, 430, 157, 53
32, 146, 157, 46
32, 531, 157, 65
32, 434, 157, 44
32, 475, 157, 32
32, 342, 157, 44
32, 280, 157, 14
32, 57, 157, 100
32, 59, 157, 69
32, 477, 157, 15
32, 386, 158, 60
32, 7, 158, 67
32, 142, 158, 78
32, 273, 158, 78
32, 530, 158, 16
32, 406, 158, 82
32, 27, 158, 83
32, 159, 158, 89
32, 290, 158, 15
32, 423, 158, 43
32, 40, 158, 64
32, 178, 158, 7
32, 54, 158, 84
32, 185, 158, 98
32, 583, 158, 51
32, 455, 158, 55
32, 585, 158, 26
32, 208, 158, 18
32, 84, 158, 81
32, 88, 158, 2
32, 345, 158, 15
32, 483, 158, 57
32, 364, 158, 9
32, 257, 159, 13
32, 131, 159, 40
32, 392, 159, 88
32, 268, 159, 88
32, 398, 159, 83
32, 23, 159, 36
32, 408, 159, 17
32, 537, 159, 76
32, 555, 159, 56
32, 300, 159, 63
32, 47, 159, 95
32, 567, 159, 49
32, 579, 159, 12
32, 209, 159, 42
32, 84, 159, 81
32, 216, 159, 40
32, 235, 159, 94
32, 369, 159, 37
32, 509, 159, 18
32, 160, 160, 52
32, 389, 160, 90
32, 104, 160, 40
32, 393, 160, 57
32, 522, 160, 9
32, 10, 160, 69
32, 331, 160, 81
32, 299, 160, 11
32, 494, 160, 15
32, 342, 160, 44
32, 317, 160, 25
32, 290, 161, 15
32, 227, 161, 10
32, 420, 161, 14
32, 324, 161, 13
32, 199, 161, 91
32, 136, 161, 72
32, 110, 161, 29
32, 270, 161, 94
32, 399, 161, 30
32, 305, 161, 86
32, 307, 161, 68
32, 568, 161, 23
32, 505, 161, 71
32, 125, 161, 67
32, 511, 161, 31
32, 578, 162, 25
32, 35, 162, 95
32, 229, 162, 90
32, 264, 162, 38
32, 553, 162, 37
32, 591, 162, 59
32, 400, 162, 81
32, 399, 162, 30
32, 593, 162, 86
32, 278, 162, 11
32, 599, 162, 98
32, 504, 162, 16
32, 445, 162, 62
32, 94, 162, 20
32, 1, 163, 59
32, 259, 163, 91
32, 395, 163, 82
32, 141, 163, 58
32, 150, 163, 83
32, 537, 163, 76
32, 428, 163, 54
32, 433, 163, 76
32, 181, 163, 9
32, 191, 163, 61
32, 576, 163, 59
32, 196, 163, 25
32, 204, 163, 15
32, 344, 163, 47
32, 224, 163, 3
32, 480, 163, 57
32, 357, 163, 63
32, 236, 163, 51
32, 366, 163, 54
32, 494, 163, 15
32, 508, 163, 27
32, 253, 163, 63
32, 160, 164, 52
32, 577, 164, 66
32, 105, 164, 36
32, 337, 164, 8
32, 211, 164, 15
32, 471, 164, 4
32, 252, 164, 19
32, 195, 165, 86
32, 324, 165, 13
32, 461, 165, 67
32, 557, 165, 8
32, 271, 165, 9
32, 210, 165, 24
32, 407, 165, 6
32, 578, 166, 25
32, 548, 166, 14
32, 133, 166, 51
32, 36, 166, 34
32, 262, 166, 80
32, 298, 166, 43
32, 175, 166, 22
32, 337, 166, 8
32, 341, 166, 22
32, 60, 166, 36
32, 540, 166, 15
32, 419, 167, 41
32, 293, 167, 47
32, 389, 167, 90
32, 295, 167, 53
32, 105, 167, 36
32, 238, 167, 48
32, 566, 167, 19
32, 24, 167, 82
32, 88, 167, 2
32, 415, 167, 87
32, 321, 168, 59
32, 457, 168, 25
32, 140, 168, 80
32, 529, 168, 56
32, 114, 168, 37
32, 315, 168, 79
32, 380, 168, 72
32, 447, 168, 91
32, 483, 169, 57
32, 217, 169, 69
32, 549, 169, 81
32, 456, 169, 100
32, 79, 169, 18
32, 440, 169, 29
32, 185, 169, 98
32, 93, 169, 23
32, 228, 170, 11
32, 202, 170, 4
32, 109, 170, 67
32, 461, 170, 67
32, 79, 170, 18
32, 566, 170, 19
32, 150, 170, 83
32, 544, 171, 79
32, 321, 171, 59
32, 163, 171, 86
32, 517, 171, 43
32, 550, 171, 97
32, 138, 171, 53
32, 337, 171, 8
32, 529, 171, 56
32, 307, 171, 68
32, 52, 171, 22
32, 149, 171, 89
32, 406, 171, 82
32, 498, 171, 47
32, 249, 171, 74
32, 90, 171, 45
32, 30, 171, 46
32, 351, 171, 15
32, 1, 172, 59
32, 385, 172, 7
32, 515, 172, 74
32, 68, 172, 25
32, 517, 172, 43
32, 487, 172, 54
32, 552, 172, 16
32, 296, 172, 22
32, 479, 172, 70
32, 107, 172, 5
32, 528, 172, 32
32, 209, 172, 42
32, 563, 172, 32
32, 472, 172, 10
32, 281, 172, 64
32, 508, 172, 27
32, 381, 172, 59
32, 415, 172, 87
32, 387, 173, 94
32, 263, 173, 38
32, 392, 173, 88
32, 15, 173, 16
32, 18, 173, 46
32, 276, 173, 52
32, 158, 173, 90
32, 555, 173, 56
32, 429, 173, 84
32, 308, 173, 22
32, 182, 173, 65
32, 445, 173, 62
32, 62, 173, 69
32, 193, 173, 50
32, 582, 173, 75
32, 459, 173, 25
32, 474, 173, 68
32, 221, 173, 30
32, 229, 173, 90
32, 498, 173, 47
32, 372, 173, 29
32, 119, 173, 68
32, 250, 173, 27
32, 162, 174, 28
32, 35, 174, 95
32, 4, 174, 66
32, 262, 174, 80
32, 104, 174, 40
32, 123, 174, 18
32, 399, 174, 30
32, 113, 174, 28
32, 211, 174, 15
32, 532, 174, 81
32, 507, 174, 20
32, 543, 174, 48
32, 292, 175, 86
32, 164, 175, 22
32, 360, 175, 42
32, 377, 175, 85
32, 266, 175, 17
32, 143, 175, 15
32, 271, 175, 9
32, 146, 175, 46
32, 247, 175, 79
32, 537, 175, 76
32, 447, 175, 91
32, 0, 176, 26
32, 260, 176, 63
32, 396, 176, 25
32, 12, 176, 25
32, 144, 176, 91
32, 414, 176, 80
32, 417, 176, 98
32, 38, 176, 42
32, 40, 176, 64
32, 41, 176, 34
32, 426, 176, 72
32, 46, 176, 16
32, 64, 176, 59
32, 193, 176, 50
32, 194, 176, 62
32, 452, 176, 82
32, 202, 176, 4
32, 77, 176, 88
32, 212, 176, 73
32, 96, 176, 79
32, 225, 176, 91
32, 102, 176, 80
32, 362, 176, 10
32, 112, 176, 35
32, 298, 177, 43
32, 75, 177, 42
32, 245, 177, 15
32, 504, 177, 16
32, 155, 177, 53
32, 216, 177, 40
32, 65, 178, 67
32, 548, 178, 14
32, 231, 178, 39
32, 329, 178, 66
32, 461, 178, 67
32, 334, 178, 69
32, 271, 178, 9
32, 116, 178, 33
32, 89, 178, 86
32, 59, 178, 69
32, 286, 178, 36
32, 138, 179, 53
32, 268, 179, 88
32, 397, 179, 70
32, 16, 179, 75
32, 424, 179, 76
32, 300, 179, 63
32, 304, 179, 79
32, 176, 179, 50
32, 441, 179, 12
32, 186, 179, 55
32, 335, 179, 46
32, 336, 179, 72
32, 466, 179, 92
32, 353, 179, 33
32, 483, 179, 57
32, 249, 179, 74
32, 107, 179, 5
32, 111, 179, 38
32, 499, 179, 47
32, 244, 179, 29
32, 505, 179, 71
32, 252, 179, 19
32, 452, 180, 82
32, 141, 180, 58
32, 272, 180, 83
32, 434, 180, 44
32, 242, 180, 10
32, 566, 180, 19
32, 55, 180, 33
32, 568, 180, 23
32, 184, 180, 64
32, 173, 181, 81
32, 301, 181, 50
32, 559, 181, 63
32, 144, 181, 91
32, 269, 181, 48
32, 535, 181, 12
32, 313, 181, 4
32, 264, 182, 38
32, 399, 182, 30
32, 532, 182, 81
32, 162, 182, 28
32, 39, 182, 42
32, 556, 182, 82
32, 49, 182, 86
32, 51, 182, 40
32, 181, 182, 9
32, 567, 182, 49
32, 58, 182, 79
32, 186, 182, 55
32, 67, 182, 85
32, 331, 182, 81
32, 76, 182, 44
32, 206, 182, 96
32, 347, 182, 63
32, 491, 182, 60
32, 236, 182, 51
32, 389, 183, 90
32, 7, 183, 67
32, 15, 183, 16
32, 145, 183, 79
32, 401, 183, 63
32, 153, 183, 19
32, 282, 183, 4
32, 422, 183, 60
32, 298, 183, 43
32, 554, 183, 2
32, 172, 183, 32
32, 556, 183, 82
32, 177, 183, 39
32, 319, 183, 2
32, 71, 183, 43
32, 202, 183, 4
32, 205, 183, 11
32, 221, 183, 30
32, 355, 183, 96
32, 486, 183, 73
32, 104, 183, 40
32, 105, 183, 36
32, 372, 183, 29
32, 373, 183, 70
32, 246, 183, 94
32, 2, 184, 91
32, 387, 184, 94
32, 518, 184, 96
32, 519, 184, 11
32, 520, 184, 40
32, 395, 184, 82
32, 271, 184, 9
32, 276, 184, 52
32, 539, 184, 42
32, 284, 184, 9
32, 158, 184, 90
32, 553, 184, 37
32, 49, 184, 86
32, 312, 184, 91
32, 57, 184, 100
32, 333, 184, 13
32, 464, 184, 8
32, 80, 184, 64
32, 481, 184, 98
32, 98, 184, 8
32, 356, 184, 29
32, 369, 184, 37
32, 243, 184, 12
32, 377, 184, 85
32, 131, 185, 40
32, 132, 185, 14
32, 8, 185, 85
32, 585, 185, 26
32, 170, 185, 18
32, 333, 185, 13
32, 334, 185, 69
32, 207, 185, 1
32, 464, 185, 8
32, 48, 185, 14
32, 81, 185, 56
32, 408, 185, 17
32, 25, 185, 46
32, 94, 185, 20
32, 479, 185, 70
32, 64, 186, 59
32, 481, 186, 98
32, 353, 186, 33
32, 195, 186, 86
32, 483, 186, 57
32, 171, 186, 12
32, 172, 186, 32
32, 17, 186, 57
32, 529, 186, 56
32, 307, 186, 68
32, 308, 186, 22
32, 246, 186, 94
32, 567, 186, 49
32, 350, 186, 99
32, 134, 187, 99
32, 8, 187, 85
32, 141, 187, 58
32, 273, 187, 78
32, 530, 187, 16
32, 406, 187, 82
32, 281, 187, 64
32, 541, 187, 24
32, 31, 187, 72
32, 35, 187, 95
32, 551, 187, 63
32, 201, 187, 91
32, 335, 187, 46
32, 592, 187, 25
32, 207, 187, 1
32, 598, 187, 38
32, 95, 187, 4
32, 227, 187, 10
32, 109, 187, 67
32, 367, 187, 68
32, 496, 187, 15
32, 117, 187, 65
32, 121, 187, 56
32, 224, 188, 3
32, 483, 188, 57
32, 388, 188, 77
32, 69, 188, 63
32, 230, 188, 53
32, 122, 188, 25
32, 58, 188, 79
32, 393, 188, 57
32, 364, 188, 9
32, 460, 188, 61
32, 556, 188, 82
32, 524, 188, 21
32, 499, 188, 47
32, 474, 188, 68
32, 542, 188, 62
32, 4, 189, 66
32, 136, 189, 72
32, 267, 189, 7
32, 528, 189, 32
32, 21, 189, 67
32, 414, 189, 80
32, 160, 189, 52
32, 544, 189, 79
32, 419, 189, 41
32, 38, 189, 42
32, 301, 189, 50
32, 432, 189, 9
32, 183, 189, 91
32, 440, 189, 29
32, 58, 189, 79
32, 444, 189, 89
32, 62, 189, 69
32, 446, 189, 95
32, 192, 189, 31
32, 80, 189, 64
32, 213, 189, 24
32, 89, 189, 86
32, 132, 190, 14
32, 263, 190, 38
32, 16, 190, 75
32, 147, 190, 1
32, 532, 190, 81
32, 22, 190, 39
32, 23, 190, 36
32, 412, 190, 54
32, 163, 190, 86
32, 293, 190, 47
32, 295, 190, 53
32, 559, 190, 63
32, 56, 190, 84
32, 202, 190, 4
32, 333, 190, 13
32, 345, 190, 15
32, 219, 190, 46
32, 347, 190, 63
32, 99, 190, 60
32, 487, 190, 54
32, 107, 190, 5
32, 367, 190, 68
32, 499, 190, 47
32, 96, 191, 79
32, 289, 191, 19
32, 229, 191, 90
32, 59, 191, 69
32, 298, 191, 43
32, 587, 191, 30
32, 557, 191, 8
32, 80, 191, 64
32, 402, 191, 10
32, 51, 191, 40
32, 20, 191, 27
32, 507, 191, 20
32, 407, 191, 6
32, 283, 191, 9
32, 416, 192, 41
32, 1, 192, 59
32, 576, 192, 59
32, 100, 192, 18
32, 422, 192, 60
32, 423, 192, 43
32, 298, 192, 43
32, 363, 192, 50
32, 307, 192, 68
32, 469, 192, 14
32, 502, 192, 68
32, 69, 193, 63
32, 454, 193, 43
32, 363, 193, 50
32, 398, 193, 83
32, 337, 193, 8
32, 434, 193, 44
32, 243, 193, 12
32, 306, 193, 29
32, 568, 193, 23
32, 153, 193, 19
32, 319, 193, 2
32, 544, 194, 79
32, 289, 194, 19
32, 2, 194, 91
32, 487, 194, 54
32, 553, 194, 37
32, 426, 194, 72
32, 11, 194, 25
32, 111, 194, 38
32, 177, 194, 39
32, 407, 194, 6
32, 121, 194, 56
32, 442, 194, 64
32, 262, 195, 80
32, 557, 195, 8
32, 560, 195, 19
32, 308, 195, 22
32, 375, 195, 15
32, 574, 195, 44
32, 422, 196, 60
32, 536, 196, 99
32, 267, 196, 7
32, 123, 196, 18
32, 14, 196, 73
32, 304, 196, 79
32, 50, 196, 25
32, 403, 196, 8
32, 245, 196, 15
32, 24, 196, 82
32, 537, 196, 76
32, 570, 196, 30
32, 443, 196, 22
32, 25, 196, 46
32, 447, 196, 91
32, 546, 197, 8
32, 100, 197, 18
32, 455, 197, 55
32, 394, 197, 59
32, 379, 197, 74
32, 158, 197, 90
32, 359, 198, 32
32, 377, 198, 85
32, 409, 198, 12
32, 105, 198, 36
32, 505, 198, 71
32, 495, 198, 57
32, 466, 198, 92
32, 371, 198, 79
32, 116, 198, 33
32, 21, 198, 67
32, 249, 198, 74
32, 129, 199, 31
32, 4, 199, 66
32, 400, 199, 81
32, 279, 199, 61
32, 410, 199, 62
32, 35, 199, 95
32, 38, 199, 42
32, 558, 199, 99
32, 186, 199, 55
32, 191, 199, 61
32, 451, 199, 24
32, 456, 199, 100
32, 78, 199, 94
32, 474, 199, 68
32, 350, 199, 99
32, 223, 199, 44
32, 487, 199, 54
32, 236, 199, 51
32, 370, 199, 100
32, 245, 199, 15
32, 124, 199, 32
32, 147, 200, 1
32, 149, 200, 89
32, 31, 200, 72
32, 417, 200, 98
32, 161, 200, 31
32, 547, 200, 50
32, 163, 200, 86
32, 168, 200, 44
32, 560, 200, 19
32, 444, 200, 89
32, 319, 200, 2
32, 454, 200, 43
32, 457, 200, 25
32, 202, 200, 4
32, 598, 200, 38
32, 345, 200, 15
32, 484, 200, 23
32, 492, 200, 98
32, 365, 200, 95
32, 241, 200, 39
32, 378, 200, 65
32, 224, 201, 3
32, 64, 201, 59
32, 546, 201, 8
32, 323, 201, 62
32, 68, 201, 25
32, 4, 201, 66
32, 515, 201, 74
32, 231, 201, 39
32, 104, 201, 40
32, 105, 201, 36
32, 186, 201, 55
32, 359, 201, 32
32, 503, 201, 63
32, 154, 201, 74
32, 383, 201, 61
32, 132, 202, 14
32, 7, 202, 67
32, 526, 202, 4
32, 279, 202, 61
32, 280, 202, 14
32, 539, 202, 42
32, 160, 202, 52
32, 421, 202, 99
32, 427, 202, 74
32, 556, 202, 82
32, 45, 202, 67
32, 582, 202, 75
32, 583, 202, 51
32, 468, 202, 93
32, 359, 202, 32
32, 360, 202, 42
32, 107, 202, 5
32, 245, 202, 15
32, 247, 202, 79
32, 379, 202, 74
32, 416, 203, 41
32, 421, 203, 99
32, 135, 203, 70
32, 456, 203, 100
32, 523, 203, 46
32, 267, 203, 7
32, 431, 203, 97
32, 176, 203, 50
32, 369, 203, 37
32, 402, 203, 10
32, 403, 203, 8
32, 597, 203, 90
32, 253, 203, 63
32, 285, 203, 45
32, 317, 203, 25
32, 453, 204, 72
32, 394, 204, 59
32, 367, 204, 68
32, 240, 204, 20
32, 49, 204, 86
32, 274, 204, 95
32, 405, 204, 20
32, 93, 204, 23
32, 353, 205, 33
32, 483, 205, 57
32, 324, 205, 13
32, 391, 205, 66
32, 199, 205, 91
32, 331, 205, 81
32, 273, 205, 78
32, 562, 205, 100
32, 594, 205, 72
32, 220, 205, 59
32, 373, 205, 70
32, 348, 205, 31
32, 540, 205, 15
32, 253, 205, 63
32, 572, 205, 9
32, 95, 205, 4
32, 353, 206, 33
32, 194, 206, 62
32, 131, 206, 40
32, 227, 206, 10
32, 232, 206, 74
32, 461, 206, 67
32, 308, 206, 22
32, 248, 206, 82
32, 314, 206, 78
32, 93, 206, 23
32, 351, 206, 15
32, 481, 207, 98
32, 578, 207, 25
32, 484, 207, 23
32, 40, 207, 64
32, 139, 207, 26
32, 19, 207, 46
32, 84, 207, 81
32, 245, 207, 15
32, 277, 207, 61
32, 599, 207, 98
32, 24, 207, 82
32, 217, 207, 69
32, 544, 208, 79
32, 104, 208, 40
32, 267, 208, 7
32, 236, 208, 51
32, 174, 208, 80
32, 60, 208, 36
32, 593, 208, 86
32, 114, 208, 37
32, 540, 208, 15
32, 192, 209, 31
32, 353, 209, 33
32, 64, 209, 59
32, 100, 209, 18
32, 293, 209, 47
32, 326, 209, 37
32, 587, 209, 30
32, 241, 209, 39
32, 307, 209, 68
32, 596, 209, 80
32, 349, 209, 51
32, 541, 209, 24
32, 416, 210, 41
32, 544, 210, 79
32, 577, 210, 66
32, 7, 210, 67
32, 40, 210, 64
32, 456, 210, 100
32, 300, 210, 63
32, 334, 210, 69
32, 303, 210, 13
32, 188, 210, 55
32, 157, 211, 8
32, 29, 211, 88
32, 413, 211, 93
32, 549, 211, 81
32, 296, 211, 22
32, 426, 211, 72
32, 176, 211, 50
32, 435, 211, 9
32, 436, 211, 81
32, 201, 211, 91
32, 334, 211, 69
32, 81, 211, 56
32, 466, 211, 92
32, 475, 211, 32
32, 480, 211, 57
32, 102, 211, 80
32, 488, 211, 90
32, 234, 211, 42
32, 363, 211, 50
32, 496, 211, 15
32, 245, 211, 15
32, 507, 211, 20
32, 383, 211, 61
32, 33, 212, 20
32, 517, 212, 43
32, 554, 212, 2
32, 426, 212, 72
32, 172, 212, 32
32, 299, 212, 11
32, 566, 212, 19
32, 251, 212, 22
32, 156, 212, 59
32, 0, 213, 26
32, 129, 213, 31
32, 135, 213, 70
32, 266, 213, 17
32, 523, 213, 46
32, 538, 213, 87
32, 411, 213, 92
32, 426, 213, 72
32, 428, 213, 54
32, 301, 213, 50
32, 173, 213, 81
32, 446, 213, 95
32, 67, 213, 85
32, 456, 213, 100
32, 587, 213, 30
32, 463, 213, 53
32, 338, 213, 3
32, 596, 213, 80
32, 220, 213, 59
32, 227, 213, 10
32, 370, 213, 100
32, 122, 213, 25
32, 299, 214, 11
32, 331, 214, 81
32, 77, 214, 88
32, 205, 214, 11
32, 239, 214, 75
32, 144, 214, 91
32, 181, 214, 9
32, 376, 214, 14
32, 446, 214, 95
32, 256, 215, 12
32, 1, 215, 59
32, 258, 215, 93
32, 525, 215, 31
32, 533, 215, 36
32, 160, 215, 52
32, 34, 215, 57
32, 290, 215, 15
32, 165, 215, 11
32, 550, 215, 97
32, 49, 215, 86
32, 309, 215, 5
32, 448, 215, 13
32, 193, 215, 50
32, 70, 215, 66
32, 201, 215, 91
32, 214, 215, 41
32, 87, 215, 71
32, 482, 215, 75
32, 484, 215, 23
32, 487, 215, 54
32, 108, 215, 80
32, 114, 215, 37
32, 373, 215, 70
32, 120, 215, 96
32, 97, 216, 10
32, 132, 216, 14
32, 299, 216, 11
32, 492, 216, 98
32, 438, 216, 36
32, 476, 216, 6
32, 253, 216, 63
32, 96, 217, 79
32, 292, 217, 86
32, 70, 217, 66
32, 199, 217, 91
32, 458, 217, 8
32, 397, 217, 70
32, 17, 217, 57
32, 564, 217, 8
32, 374, 217, 71
32, 407, 217, 6
32, 408, 217, 17
32, 377, 217, 85
32, 284, 217, 9
32, 126, 217, 13
32, 95, 217, 4
32, 416, 218, 41
32, 97, 218, 10
32, 519, 218, 11
32, 39, 218, 42
32, 237, 218, 90
32, 493, 218, 75
32, 557, 218, 8
32, 461, 218, 67
32, 219, 218, 46
32, 111, 218, 38
32, 180, 218, 20
32, 279, 218, 61
32, 315, 218, 79
32, 318, 218, 51
32, 575, 218, 59
32, 384, 219, 77
32, 1, 219, 59
32, 395, 219, 82
32, 14, 219, 73
32, 147, 219, 1
32, 26, 219, 64
32, 34, 219, 57
32, 435, 219, 9
32, 187, 219, 63
32, 317, 219, 25
32, 580, 219, 89
32, 68, 219, 25
32, 204, 219, 15
32, 80, 219, 64
32, 216, 219, 40
32, 102, 219, 80
32, 234, 219, 42
32, 240, 219, 20
32, 498, 219, 47
32, 501, 219, 100
32, 248, 219, 82
32, 163, 220, 86
32, 389, 220, 90
32, 426, 220, 72
32, 524, 220, 21
32, 149, 220, 89
32, 281, 220, 64
32, 26, 220, 64
32, 478, 220, 9
32, 1, 221, 59
32, 4, 221, 66
32, 517, 221, 43
32, 518, 221, 96
32, 519, 221, 11
32, 7, 221, 67
32, 299, 221, 11
32, 177, 221, 39
32, 50, 221, 25
32, 191, 221, 61
32, 192, 221, 31
32, 65, 221, 67
32, 196, 221, 25
32, 455, 221, 55
32, 201, 221, 91
32, 73, 221, 91
32, 460, 221, 61
32, 597, 221, 90
32, 474, 221, 68
32, 349, 221, 51
32, 104, 221, 40
32, 113, 221, 28
32, 544, 222, 79
32, 388, 222, 77
32, 261, 222, 65
32, 133, 222, 51
32, 287, 222, 37
32, 298, 222, 43
32, 364, 222, 9
32, 206, 222, 96
32, 176, 222, 50
32, 406, 222, 82
32, 375, 222, 15
32, 24, 222, 82
32, 223, 222, 44
32, 128, 223, 68
32, 138, 223, 53
32, 526, 223, 4
32, 275, 223, 69
32, 538, 223, 87
32, 539, 223, 42
32, 283, 223, 9
32, 38, 223, 42
32, 551, 223, 63
32, 428, 223, 54
32, 431, 223, 97
32, 437, 223, 45
32, 309, 223, 5
32, 442, 223, 64
32, 444, 223, 89
32, 572, 223, 9
32, 447, 223, 91
32, 78, 223, 94
32, 90, 223, 45
32, 372, 223, 29
32, 1, 224, 59
32, 4, 224, 66
32, 520, 224, 40
32, 535, 224, 12
32, 536, 224, 99
32, 287, 224, 37
32, 423, 224, 43
32, 169, 224, 76
32, 305, 224, 86
32, 177, 224, 39
32, 60, 224, 36
32, 449, 224, 51
32, 324, 224, 13
32, 582, 224, 75
32, 71, 224, 43
32, 466, 224, 92
32, 211, 224, 15
32, 218, 224, 42
32, 219, 224, 46
32, 488, 224, 90
32, 371, 224, 79
32, 116, 224, 33
32, 380, 224, 72
32, 255, 224, 12
32, 266, 225, 17
32, 272, 225, 83
32, 27, 225, 83
32, 542, 225, 62
32, 37, 225, 89
32, 423, 225, 43
32, 296, 225, 22
32, 49, 225, 86
32, 564, 225, 8
32, 565, 225, 60
32, 54, 225, 84
32, 309, 225, 5
32, 566, 225, 19
32, 72, 225, 3
32, 73, 225, 91
32, 74, 225, 43
32, 201, 225, 91
32, 336, 225, 72
32, 88, 225, 2
32, 479, 225, 70
32, 365, 225, 95
32, 499, 225, 47
32, 380, 225, 72
32, 254, 225, 10
32, 160, 226, 52
32, 45, 226, 67
32, 46, 226, 16
32, 23, 226, 36
32, 410, 226, 62
32, 385, 227, 7
32, 420, 227, 14
32, 36, 227, 34
32, 262, 227, 80
32, 525, 227, 31
32, 335, 227, 46
32, 240, 227, 20
32, 80, 227, 64
32, 496, 227, 15
32, 307, 227, 68
32, 242, 227, 10
32, 208, 227, 18
32, 511, 227, 31
32, 385, 228, 7
32, 483, 228, 57
32, 387, 228, 94
32, 200, 228, 13
32, 108, 228, 80
32, 561, 228, 2
32, 532, 228, 81
32, 117, 228, 65
32, 252, 228, 19
32, 383, 229, 61
32, 524, 229, 21
32, 397, 229, 70
32, 398, 229, 83
32, 146, 229, 46
32, 29, 229, 88
32, 290, 229, 15
32, 564, 229, 8
32, 185, 229, 98
32, 579, 229, 12
32, 198, 229, 90
32, 458, 229, 8
32, 334, 229, 69
32, 213, 229, 24
32, 88, 229, 2
32, 91, 229, 42
32, 224, 229, 3
32, 362, 229, 10
32, 236, 229, 51
32, 496, 229, 15
32, 242, 229, 10
32, 500, 229, 81
32, 120, 229, 96
32, 382, 229, 66
32, 127, 229, 69
32, 354, 230, 5
32, 34, 230, 57
32, 5, 230, 60
32, 264, 230, 38
32, 200, 230, 13
32, 555, 230, 56
32, 45, 230, 67
32, 269, 230, 48
32, 46, 230, 16
32, 493, 230, 75
32, 529, 230, 56
32, 530, 230, 16
32, 18, 230, 46
32, 212, 230, 73
32, 439, 230, 95
32, 441, 230, 12
32, 318, 230, 51
32, 97, 231, 10
32, 258, 231, 93
32, 486, 231, 73
32, 137, 231, 27
32, 457, 231, 25
32, 305, 231, 86
32, 338, 231, 3
32, 213, 231, 24
32, 214, 231, 41
32, 373, 231, 70
32, 540, 231, 15
32, 477, 231, 15
32, 391, 232, 66
32, 140, 232, 80
32, 13, 232, 2
32, 400, 232, 81
32, 145, 232, 79
32, 21, 232, 67
32, 152, 232, 68
32, 538, 232, 87
32, 156, 232, 59
32, 28, 232, 54
32, 172, 232, 32
32, 173, 232, 81
32, 54, 232, 84
32, 443, 232, 22
32, 454, 232, 43
32, 79, 232, 18
32, 209, 232, 42
32, 83, 232, 39
32, 469, 232, 14
32, 217, 232, 69
32, 474, 232, 68
32, 477, 232, 15
32, 222, 232, 50
32, 478, 232, 9
32, 494, 232, 15
32, 416, 233, 41
32, 33, 233, 20
32, 452, 233, 82
32, 38, 233, 42
32, 550, 233, 97
32, 551, 233, 63
32, 425, 233, 28
32, 460, 233, 61
32, 430, 233, 53
32, 49, 233, 86
32, 242, 233, 10
32, 210, 233, 24
32, 276, 233, 52
32, 305, 233, 86
32, 246, 233, 94
32, 249, 233, 74
32, 442, 233, 64
32, 126, 233, 13
32, 291, 234, 45
32, 229, 234, 90
32, 134, 234, 99
32, 455, 234, 55
32, 328, 234, 41
32, 231, 234, 39
32, 490, 234, 86
32, 42, 234, 55
32, 265, 234, 61
32, 168, 234, 44
32, 60, 234, 36
32, 43, 234, 38
32, 466, 234, 92
32, 84, 234, 81
32, 57, 234, 100
32, 507, 234, 20
32, 348, 234, 31
32, 29, 234, 88
32, 407, 235, 6
32, 521, 235, 69
32, 395, 235, 82
32, 491, 235, 60
32, 77, 235, 88
32, 462, 235, 66
32, 173, 235, 81
32, 177, 235, 39
32, 433, 235, 76
32, 53, 235, 21
32, 55, 235, 33
32, 419, 236, 41
32, 71, 236, 43
32, 542, 236, 62
32, 266, 236, 17
32, 141, 236, 58
32, 14, 236, 73
32, 190, 236, 73
32, 175, 236, 22
32, 176, 236, 50
32, 596, 236, 80
32, 373, 236, 70
32, 438, 236, 36
32, 503, 236, 63
32, 411, 236, 92
32, 220, 236, 59
32, 381, 236, 59
32, 414, 236, 80
32, 447, 236, 91
32, 2, 237, 91
32, 131, 237, 40
32, 19, 237, 46
32, 407, 237, 6
32, 157, 237, 8
32, 291, 237, 45
32, 557, 237, 8
32, 51, 237, 40
32, 58, 237, 79
32, 445, 237, 62
32, 64, 237, 59
32, 579, 237, 12
32, 585, 237, 26
32, 458, 237, 8
32, 76, 237, 44
32, 333, 237, 13
32, 91, 237, 42
32, 479, 237, 70
32, 483, 237, 57
32, 100, 237, 18
32, 106, 237, 71
32, 241, 237, 39
32, 116, 237, 33
32, 381, 237, 59
32, 193, 238, 50
32, 386, 238, 60
32, 291, 238, 45
32, 547, 238, 50
32, 131, 238, 40
32, 4, 238, 66
32, 545, 238, 63
32, 265, 238, 61
32, 554, 238, 2
32, 427, 238, 74
32, 364, 238, 9
32, 301, 238, 50
32, 209, 238, 42
32, 338, 238, 3
32, 596, 238, 80
32, 508, 238, 27
32, 2, 239, 91
32, 517, 239, 43
32, 395, 239, 82
32, 397, 239, 70
32, 143, 239, 15
32, 275, 239, 69
32, 20, 239, 27
32, 164, 239, 22
32, 422, 239, 60
32, 43, 239, 38
32, 172, 239, 32
32, 53, 239, 21
32, 186, 239, 55
32, 63, 239, 81
32, 578, 239, 25
32, 581, 239, 88
32, 455, 239, 55
32, 459, 239, 25
32, 338, 239, 3
32, 83, 239, 39
32, 597, 239, 90
32, 345, 239, 15
32, 231, 239, 39
32, 243, 239, 12
32, 120, 239, 96
32, 228, 240, 11
32, 136, 240, 72
32, 489, 240, 99
32, 429, 240, 84
32, 564, 240, 8
32, 216, 240, 40
32, 507, 240, 20
32, 252, 240, 19
32, 287, 240, 37
32, 382, 241, 66
32, 35, 241, 95
32, 164, 241, 22
32, 6, 241, 74
32, 550, 241, 97
32, 8, 241, 85
32, 553, 241, 37
32, 490, 241, 86
32, 455, 241, 55
32, 462, 241, 66
32, 80, 241, 64
32, 405, 241, 20
32, 86, 241, 19
32, 440, 241, 29
32, 155, 241, 53
32, 318, 241, 51
32, 543, 241, 48
32, 66, 242, 14
32, 227, 242, 10
32, 450, 242, 71
32, 40, 242, 64
32, 457, 242, 25
32, 301, 242, 50
32, 13, 242, 2
32, 336, 242, 72
32, 437, 242, 45
32, 55, 242, 33
32, 158, 242, 90
32, 224, 243, 3
32, 259, 243, 91
32, 331, 243, 81
32, 589, 243, 95
32, 432, 243, 9
32, 402, 243, 10
32, 51, 243, 40
32, 597, 243, 90
32, 533, 243, 36
32, 411, 243, 92
32, 60, 243, 36
32, 254, 243, 10
32, 256, 244, 12
32, 293, 244, 47
32, 391, 244, 66
32, 457, 244, 25
32, 525, 244, 31
32, 271, 244, 9
32, 112, 244, 35
32, 506, 244, 33
32, 538, 244, 87
32, 117, 244, 65
32, 568, 244, 23
32, 217, 244, 69
32, 218, 244, 42
32, 571, 244, 56
32, 574, 244, 44
32, 319, 244, 2
32, 512, 245, 64
32, 395, 245, 82
32, 527, 245, 67
32, 16, 245, 75
32, 285, 245, 45
32, 32, 245, 76
32, 575, 245, 59
32, 66, 245, 14
32, 458, 245, 8
32, 466, 245, 92
32, 595, 245, 22
32, 87, 245, 71
32, 343, 245, 37
32, 474, 245, 68
32, 478, 245, 9
32, 353, 245, 33
32, 98, 245, 8
32, 485, 245, 98
32, 361, 245, 99
32, 74, 246, 43
32, 427, 246, 74
32, 79, 246, 18
32, 369, 246, 37
32, 243, 246, 12
32, 244, 246, 29
32, 84, 246, 81
32, 531, 246, 65
32, 52, 246, 22
32, 283, 246, 9
32, 573, 246, 77
32, 286, 246, 36
32, 139, 247, 26
32, 396, 247, 25
32, 524, 247, 21
32, 141, 247, 58
32, 272, 247, 83
32, 406, 247, 82
32, 534, 247, 53
32, 160, 247, 52
32, 318, 247, 51
32, 70, 247, 66
32, 327, 247, 99
32, 457, 247, 25
32, 77, 247, 88
32, 78, 247, 94
32, 467, 247, 12
32, 86, 247, 19
32, 220, 247, 59
32, 485, 247, 98
32, 374, 247, 71
32, 28, 248, 54
32, 158, 248, 90
32, 163, 248, 86
32, 39, 248, 42
32, 168, 248, 44
32, 433, 248, 76
32, 51, 248, 40
32, 201, 248, 91
32, 202, 248, 4
32, 599, 248, 98
32, 218, 248, 42
32, 96, 248, 79
32, 228, 248, 11
32, 358, 248, 22
32, 360, 248, 42
32, 234, 248, 42
32, 119, 248, 68
32, 378, 248, 65
32, 124, 248, 32
32, 510, 248, 52
32, 522, 249, 9
32, 398, 249, 83
32, 271, 249, 9
32, 273, 249, 78
32, 145, 249, 79
32, 408, 249, 17
32, 24, 249, 82
32, 290, 249, 15
32, 164, 249, 22
32, 553, 249, 37
32, 41, 249, 34
32, 181, 249, 9
32, 441, 249, 12
32, 573, 249, 77
32, 325, 249, 27
32, 198, 249, 90
32, 455, 249, 55
32, 588, 249, 46
32, 594, 249, 72
32, 339, 249, 78
32, 86, 249, 19
32, 353, 249, 33
32, 111, 249, 38
32, 386, 250, 60
32, 516, 250, 82
32, 134, 250, 99
32, 230, 250, 53
32, 204, 250, 15
32, 272, 250, 83
32, 277, 250, 61
32, 479, 250, 70
32, 97, 251, 10
32, 516, 251, 82
32, 325, 251, 27
32, 293, 251, 47
32, 39, 251, 42
32, 140, 251, 80
32, 400, 251, 81
32, 402, 251, 10
32, 470, 251, 12
32, 246, 251, 94
32, 185, 251, 98
32, 90, 251, 45
32, 348, 251, 31
32, 29, 251, 88
32, 62, 251, 69
32, 516, 252, 82
32, 132, 252, 14
32, 137, 252, 27
32, 12, 252, 25
32, 143, 252, 15
32, 157, 252, 8
32, 159, 252, 89
32, 43, 252, 38
32, 58, 252, 79
32, 322, 252, 27
32, 330, 252, 63
32, 203, 252, 11
32, 460, 252, 61
32, 593, 252, 86
32, 85, 252, 31
32, 119, 252, 68
32, 355, 252, 96
32, 227, 252, 10
32, 487, 252, 54
32, 371, 252, 79
32, 503, 252, 63
32, 255, 252, 12
32, 259, 253, 91
32, 580, 253, 89
32, 229, 253, 90
32, 361, 253, 99
32, 399, 253, 30
32, 161, 254, 31
32, 292, 254, 86
32, 37, 254, 89
32, 597, 254, 90
32, 88, 254, 2
32, 192, 255, 31
32, 420, 255, 14
32, 325, 255, 27
32, 229, 255, 90
32, 327, 255, 99
32, 74, 255, 43
32, 427, 255, 74
32, 429, 255, 84
32, 239, 255, 75
32, 560, 255, 19
32, 401, 255, 63
32, 531, 255, 65
32, 372, 255, 29
32, 439, 255, 95
32, 59, 255, 69
32, 380, 255, 72
32, 157, 255, 8
32, 512, 256, 64
32, 66, 256, 14
32, 419, 256, 41
32, 7, 256, 67
32, 313, 256, 4
32, 43, 256, 38
32, 493, 256, 75
32, 142, 256, 78
32, 592, 256, 25
32, 506, 256, 33
32, 435, 256, 9
32, 342, 256, 44
32, 536, 256, 99
32, 89, 256, 86
32, 570, 256, 30
32, 95, 256, 4
32, 318, 257, 51
32, 387, 257, 94
32, 586, 257, 99
32, 91, 257, 42
32, 588, 257, 46
32, 589, 257, 95
32, 173, 257, 81
32, 174, 257, 80
32, 527, 257, 67
32, 468, 257, 93
32, 503, 257, 63
32, 442, 257, 64
32, 347, 257, 63
32, 189, 257, 4
32, 158, 257, 90
32, 129, 258, 31
32, 521, 258, 69
32, 137, 258, 27
32, 141, 258, 58
32, 401, 258, 63
32, 285, 258, 45
32, 420, 258, 14
32, 550, 258, 97
32, 424, 258, 76
32, 299, 258, 11
32, 174, 258, 80
32, 560, 258, 19
32, 177, 258, 39
32, 446, 258, 95
32, 68, 258, 25
32, 83, 258, 39
32, 472, 258, 10
32, 481, 258, 98
32, 496, 258, 15
32, 513, 259, 92
32, 484, 259, 23
32, 523, 259, 46
32, 395, 259, 82
32, 495, 259, 57
32, 220, 259, 59
32, 381, 259, 59
32, 352, 260, 28
32, 130, 260, 9
32, 584, 260, 65
32, 233, 260, 49
32, 42, 260, 55
32, 173, 260, 81
32, 113, 260, 28
32, 81, 260, 56
32, 533, 260, 36
32, 342, 260, 44
32, 312, 260, 91
32, 57, 260, 100
32, 160, 261, 52
32, 90, 261, 45
32, 262, 261, 80
32, 327, 261, 99
32, 172, 261, 32
32, 332, 261, 44
32, 113, 261, 28
32, 55, 261, 33
32, 570, 261, 30
32, 318, 261, 51
32, 257, 262, 13
32, 6, 262, 74
32, 8, 262, 85
32, 144, 262, 91
32, 277, 262, 61
32, 534, 262, 53
32, 150, 262, 83
32, 156, 262, 59
32, 164, 262, 22
32, 310, 262, 42
32, 185, 262, 98
32, 65, 262, 67
32, 454, 262, 43
32, 589, 262, 95
32, 213, 262, 24
32, 343, 262, 37
32, 504, 262, 16
32, 238, 262, 48
32, 501, 262, 100
32, 248, 262, 82
32, 266, 263, 17
32, 428, 263, 54
32, 173, 263, 81
32, 365, 263, 95
32, 76, 263, 44
32, 116, 263, 33
32, 150, 263, 83
32, 119, 263, 68
32, 447, 263, 91
32, 578, 264, 25
32, 295, 264, 53
32, 108, 264, 80
32, 79, 264, 18
32, 474, 264, 68
32, 82, 264, 80
32, 116, 264, 33
32, 55, 264, 33
32, 58, 264, 79
32, 188, 264, 55
32, 574, 264, 44
32, 419, 265, 41
32, 424, 265, 76
32, 584, 265, 65
32, 332, 265, 44
32, 364, 265, 9
32, 206, 265, 96
32, 335, 265, 46
32, 528, 265, 32
32, 595, 265, 22
32, 339, 265, 78
32, 504, 265, 16
32, 186, 265, 55
32, 91, 265, 42
32, 575, 265, 59
32, 289, 266, 19
32, 523, 266, 46
32, 398, 266, 83
32, 110, 266, 29
32, 284, 266, 9
32, 102, 267, 80
32, 231, 267, 39
32, 561, 267, 2
32, 342, 267, 44
32, 28, 267, 54
32, 101, 268, 33
32, 554, 268, 2
32, 110, 268, 29
32, 527, 268, 67
32, 317, 268, 25
32, 541, 268, 24
32, 542, 268, 62
32, 416, 269, 41
32, 576, 269, 59
32, 440, 269, 29
32, 40, 269, 64
32, 317, 269, 25
32, 42, 269, 55
32, 459, 269, 25
32, 206, 269, 96
32, 526, 269, 4
32, 272, 269, 83
32, 152, 269, 68
32, 374, 269, 71
32, 56, 269, 84
32, 253, 269, 63
32, 283, 269, 9
32, 285, 269, 45
32, 448, 270, 13
32, 321, 270, 59
32, 423, 270, 43
32, 585, 270, 26
32, 362, 270, 10
32, 237, 270, 90
32, 464, 270, 8
32, 49, 270, 86
32, 20, 270, 27
32, 405, 270, 20
32, 58, 270, 79
32, 219, 270, 46
32, 252, 270, 19
32, 383, 270, 61
32, 417, 271, 98
32, 481, 271, 98
32, 419, 271, 41
32, 420, 271, 14
32, 455, 271, 55
32, 203, 271, 11
32, 12, 271, 25
32, 302, 271, 13
32, 303, 271, 13
32, 305, 271, 86
32, 562, 271, 100
32, 436, 271, 81
32, 409, 271, 12
32, 92, 271, 54
32, 254, 271, 10
32, 319, 271, 2
32, 64, 272, 59
32, 350, 272, 99
32, 100, 272, 18
32, 39, 272, 42
32, 542, 272, 62
32, 11, 272, 25
32, 43, 272, 38
32, 410, 272, 62
32, 179, 272, 55
32, 563, 272, 32
32, 284, 272, 9
32, 254, 272, 10
32, 473, 272, 38
32, 26, 272, 64
32, 124, 272, 32
32, 318, 272, 51
32, 57, 272, 100
32, 385, 273, 7
32, 1, 273, 59
32, 259, 273, 91
32, 134, 273, 99
32, 8, 273, 85
32, 137, 273, 27
32, 269, 273, 48
32, 410, 273, 62
32, 28, 273, 54
32, 299, 273, 11
32, 177, 273, 39
32, 52, 273, 22
32, 444, 273, 89
32, 328, 273, 41
32, 330, 273, 63
32, 460, 273, 61
32, 205, 273, 11
32, 588, 273, 46
32, 597, 273, 90
32, 215, 273, 69
32, 599, 273, 98
32, 345, 273, 15
32, 94, 273, 20
32, 234, 273, 42
32, 118, 273, 16
32, 257, 274, 13
32, 514, 274, 36
32, 268, 274, 88
32, 13, 274, 2
32, 15, 274, 16
32, 19, 274, 46
32, 542, 274, 62
32, 34, 274, 57
32, 166, 274, 37
32, 551, 274, 63
32, 552, 274, 16
32, 563, 274, 32
32, 187, 274, 63
32, 446, 274, 95
32, 366, 274, 54
32, 113, 274, 28
32, 370, 274, 100
32, 374, 274, 71
32, 504, 274, 16
32, 6, 275, 74
32, 135, 275, 70
32, 400, 275, 81
32, 25, 275, 46
32, 539, 275, 42
32, 155, 275, 53
32, 163, 275, 86
32, 427, 275, 74
32, 175, 275, 22
32, 182, 275, 65
32, 56, 275, 84
32, 313, 275, 4
32, 191, 275, 61
32, 585, 275, 26
32, 331, 275, 81
32, 203, 275, 11
32, 482, 275, 75
32, 356, 275, 29
32, 488, 275, 90
32, 361, 275, 99
32, 106, 275, 71
32, 365, 275, 95
32, 242, 275, 10
32, 371, 275, 79
32, 126, 275, 13
32, 512, 276, 64
32, 352, 276, 28
32, 194, 276, 62
32, 96, 276, 79
32, 258, 276, 93
32, 229, 276, 90
32, 134, 276, 99
32, 6, 276, 74
32, 77, 276, 88
32, 526, 276, 4
32, 558, 276, 99
32, 560, 276, 19
32, 495, 276, 57
32, 340, 276, 58
32, 345, 276, 15
32, 538, 276, 87
32, 187, 276, 63
32, 388, 277, 77
32, 520, 277, 40
32, 264, 277, 38
32, 541, 277, 24
32, 551, 277, 63
32, 424, 277, 76
32, 303, 277, 13
32, 312, 277, 91
32, 441, 277, 12
32, 447, 277, 91
32, 63, 277, 81
32, 77, 277, 88
32, 215, 277, 69
32, 344, 277, 47
32, 476, 277, 6
32, 352, 277, 28
32, 481, 277, 98
32, 358, 277, 22
32, 113, 277, 28
32, 501, 277, 100
32, 251, 277, 22
32, 416, 278, 41
32, 481, 278, 98
32, 419, 278, 41
32, 292, 278, 86
32, 102, 278, 80
32, 104, 278, 40
32, 264, 278, 38
32, 424, 278, 76
32, 77, 278, 88
32, 80, 278, 64
32, 337, 278, 8
32, 473, 278, 38
32, 410, 278, 62
32, 380, 278, 72
32, 383, 278, 61
32, 512, 279, 64
32, 384, 279, 77
32, 515, 279, 74
32, 524, 279, 21
32, 146, 279, 46
32, 274, 279, 95
32, 407, 279, 6
32, 290, 279, 15
32, 38, 279, 42
32, 170, 279, 18
32, 430, 279, 53
32, 560, 279, 19
32, 561, 279, 2
32, 434, 279, 44
32, 565, 279, 60
32, 438, 279, 36
32, 183, 279, 91
32, 568, 279, 23
32, 575, 279, 59
32, 325, 279, 27
32, 82, 279, 80
32, 468, 279, 93
32, 91, 279, 42
32, 349, 279, 51
32, 255, 279, 12
32, 257, 280, 13
32, 276, 280, 52
32, 26, 280, 64
32, 288, 280, 58
32, 43, 280, 38
32, 430, 280, 53
32, 179, 280, 55
32, 573, 280, 77
32, 575, 280, 59
32, 455, 280, 55
32, 329, 280, 66
32, 202, 280, 4
32, 84, 280, 81
32, 468, 280, 93
32, 100, 280, 18
32, 492, 280, 98
32, 237, 280, 90
32, 499, 280, 47
32, 371, 280, 79
32, 509, 280, 18
32, 264, 281, 38
32, 138, 281, 53
32, 403, 281, 8
32, 532, 281, 81
32, 405, 281, 20
32, 155, 281, 53
32, 156, 281, 59
32, 429, 281, 84
32, 432, 281, 9
32, 65, 281, 67
32, 322, 281, 27
32, 582, 281, 75
32, 327, 281, 99
32, 462, 281, 66
32, 337, 281, 8
32, 599, 281, 98
32, 472, 281, 10
32, 481, 281, 98
32, 501, 281, 100
32, 120, 281, 96
32, 384, 282, 77
32, 354, 282, 5
32, 194, 282, 62
32, 251, 282, 22
32, 239, 282, 75
32, 539, 282, 42
32, 477, 282, 15
32, 520, 283, 40
32, 362, 283, 10
32, 11, 283, 25
32, 431, 283, 97
32, 336, 283, 72
32, 344, 283, 47
32, 253, 283, 63
32, 26, 283, 64
32, 411, 283, 92
32, 284, 283, 9
32, 509, 283, 18
32, 126, 283, 13
32, 545, 284, 63
32, 195, 284, 86
32, 163, 284, 86
32, 230, 284, 53
32, 295, 284, 53
32, 522, 284, 9
32, 365, 284, 95
32, 334, 284, 69
32, 558, 284, 99
32, 112, 284, 35
32, 335, 284, 46
32, 435, 284, 9
32, 54, 284, 84
32, 567, 284, 49
32, 472, 284, 10
32, 253, 284, 63
32, 542, 284, 62
32, 4, 285, 66
32, 15, 285, 16
32, 403, 285, 8
32, 20, 285, 27
32, 406, 285, 82
32, 280, 285, 14
32, 39, 285, 42
32, 173, 285, 81
32, 303, 285, 13
32, 572, 285, 9
32, 576, 285, 59
32, 456, 285, 100
32, 339, 285, 78
32, 342, 285, 44
32, 369, 285, 37
32, 370, 285, 100
32, 113, 285, 28
32, 379, 285, 74
32, 120, 285, 96
32, 250, 285, 27
32, 251, 285, 22
32, 290, 286, 15
32, 131, 286, 40
32, 130, 286, 9
32, 422, 286, 60
32, 423, 286, 43
32, 239, 286, 75
32, 89, 286, 86
32, 219, 286, 46
32, 385, 287, 7
32, 7, 287, 67
32, 20, 287, 27
32, 149, 287, 89
32, 417, 287, 98
32, 291, 287, 45
32, 47, 287, 95
32, 567, 287, 49
32, 444, 287, 89
32, 63, 287, 81
32, 76, 287, 44
32, 462, 287, 66
32, 210, 287, 24
32, 212, 287, 73
32, 340, 287, 58
32, 86, 287, 19
32, 484, 287, 23
32, 493, 287, 75
32, 117, 287, 65
32, 126, 287, 13
32, 259, 288, 91
32, 145, 288, 79
32, 535, 288, 12
32, 24, 288, 82
32, 153, 288, 19
32, 541, 288, 24
32, 158, 288, 90
32, 35, 288, 95
32, 298, 288, 43
32, 48, 288, 14
32, 182, 288, 65
32, 441, 288, 12
32, 188, 288, 55
32, 445, 288, 62
32, 449, 288, 51
32, 453, 288, 72
32, 70, 288, 66
32, 73, 288, 91
32, 213, 288, 24
32, 221, 288, 30
32, 106, 288, 71
32, 111, 288, 38
32, 122, 288, 25
32, 386, 289, 60
32, 258, 289, 93
32, 132, 289, 14
32, 140, 289, 80
32, 533, 289, 36
32, 280, 289, 14
32, 415, 289, 87
32, 163, 289, 86
32, 553, 289, 37
32, 428, 289, 54
32, 304, 289, 79
32, 305, 289, 86
32, 569, 289, 65
32, 574, 289, 44
32, 326, 289, 37
32, 335, 289, 46
32, 465, 289, 5
32, 467, 289, 12
32, 348, 289, 31
32, 477, 289, 15
32, 482, 289, 75
32, 247, 289, 79
32, 34, 290, 57
32, 483, 290, 57
32, 69, 290, 63
32, 103, 290, 80
32, 395, 290, 82
32, 397, 290, 70
32, 142, 290, 78
32, 401, 290, 63
32, 306, 290, 29
32, 19, 290, 46
32, 149, 290, 89
32, 246, 290, 94
32, 154, 290, 74
32, 220, 290, 59
32, 94, 290, 20
32, 415, 290, 87
32, 258, 291, 93
32, 519, 291, 11
32, 138, 291, 53
32, 270, 291, 94
32, 542, 291, 62
32, 417, 291, 98
32, 555, 291, 56
32, 45, 291, 67
32, 431, 291, 97
32, 308, 291, 22
32, 197, 291, 45
32, 454, 291, 43
32, 202, 291, 4
32, 209, 291, 42
32, 338, 291, 3
32, 226, 291, 48
32, 227, 291, 10
32, 231, 291, 39
32, 494, 291, 15
32, 112, 291, 35
32, 254, 291, 10
32, 288, 292, 58
32, 129, 292, 31
32, 99, 292, 60
32, 100, 292, 18
32, 229, 292, 90
32, 41, 292, 34
32, 361, 292, 99
32, 569, 292, 65
32, 80, 292, 64
32, 431, 292, 97
32, 310, 292, 42
32, 56, 292, 84
32, 25, 292, 46
32, 26, 292, 64
32, 380, 292, 72
32, 262, 293, 80
32, 271, 293, 9
32, 528, 293, 32
32, 530, 293, 16
32, 531, 293, 65
32, 536, 293, 99
32, 409, 293, 12
32, 45, 293, 67
32, 179, 293, 55
32, 438, 293, 36
32, 319, 293, 2
32, 578, 293, 25
32, 326, 293, 37
32, 599, 293, 98
32, 87, 293, 71
32, 215, 293, 69
32, 348, 293, 31
32, 354, 293, 5
32, 485, 293, 98
32, 229, 293, 90
32, 492, 293, 98
32, 111, 293, 38
32, 354, 294, 5
32, 323, 294, 62
32, 132, 294, 14
32, 133, 294, 51
32, 452, 294, 82
32, 130, 294, 9
32, 200, 294, 13
32, 139, 294, 26
32, 527, 294, 67
32, 496, 294, 15
32, 81, 294, 56
32, 593, 294, 86
32, 248, 294, 82
32, 505, 294, 71
32, 378, 294, 65
32, 124, 294, 32
32, 421, 295, 99
32, 198, 295, 90
32, 262, 295, 80
32, 389, 295, 90
32, 202, 295, 4
32, 236, 295, 51
32, 238, 295, 48
32, 465, 295, 5
32, 219, 295, 46
32, 19, 296, 46
32, 24, 296, 82
32, 538, 296, 87
32, 288, 296, 58
32, 417, 296, 98
32, 548, 296, 14
32, 426, 296, 72
32, 44, 296, 64
32, 177, 296, 39
32, 563, 296, 32
32, 187, 296, 63
32, 59, 296, 69
32, 317, 296, 25
32, 331, 296, 81
32, 592, 296, 25
32, 98, 296, 8
32, 232, 296, 74
32, 490, 296, 86
32, 125, 296, 67
32, 6, 297, 74
32, 8, 297, 85
32, 521, 297, 69
32, 136, 297, 72
32, 15, 297, 16
32, 143, 297, 15
32, 275, 297, 69
32, 534, 297, 53
32, 150, 297, 83
32, 288, 297, 58
32, 164, 297, 22
32, 166, 297, 37
32, 40, 297, 64
32, 310, 297, 42
32, 447, 297, 91
32, 579, 297, 12
32, 455, 297, 55
32, 83, 297, 39
32, 351, 297, 15
32, 479, 297, 70
32, 109, 297, 67
32, 242, 297, 10
32, 255, 297, 12
32, 130, 298, 9
32, 162, 298, 28
32, 333, 298, 13
32, 528, 298, 32
32, 561, 298, 2
32, 209, 298, 42
32, 244, 298, 29
32, 86, 298, 19
32, 280, 298, 14
32, 350, 298, 99
32, 418, 299, 13
32, 421, 299, 99
32, 510, 299, 52
32, 528, 299, 32
32, 273, 299, 78
32, 210, 299, 24
32, 241, 299, 39
32, 52, 299, 22
32, 437, 299, 45
32, 469, 299, 14
32, 377, 299, 85
32, 507, 299, 20
32, 509, 299, 18
32, 254, 299, 10
32, 286, 299, 36
