300, 600, 30
43, 192, 0, 90
43, 517, 0, 21
43, 293, 0, 94
43, 296, 0, 73
43, 74, 0, 76
43, 171, 0, 38
43, 557, 0, 40
43, 15, 0, 2
43, 341, 0, 93
43, 440, 0, 46
43, 185, 0, 98
43, 154, 0, 97
43, 285, 0, 31
43, 383, 0, 56
43, 7, 1, 62
43, 268, 1, 31
43, 270, 1, 70
43, 26, 1, 43
43, 285, 1, 31
43, 290, 1, 99
43, 564, 1, 86
43, 313, 1, 74
43, 572, 1, 62
43, 319, 1, 29
43, 449, 1, 82
43, 330, 1, 31
43, 88, 1, 11
43, 89, 1, 60
43, 345, 1, 33
43, 353, 1, 10
43, 370, 1, 62
43, 498, 1, 91
43, 116, 1, 72
43, 117, 1, 37
43, 245, 1, 89
43, 324, 2, 51
43, 326, 2, 76
43, 488, 2, 33
43, 394, 2, 63
43, 558, 2, 20
43, 367, 2, 60
43, 593, 2, 44
43, 18, 2, 63
43, 434, 2, 25
43, 81, 2, 16
43, 373, 2, 99
43, 90, 2, 56
43, 124, 2, 95
43, 445, 2, 30
43, 415, 2, 48
43, 6, 3, 10
43, 488, 3, 33
43, 525, 3, 32
43, 175, 3, 88
43, 241, 3, 69
43, 116, 3, 72
43, 53, 3, 86
43, 55, 3, 37
43, 571, 3, 81
43, 508, 3, 100
43, 541, 3, 20
43, 542, 3, 14
43, 31, 3, 80
43, 256, 4, 3
43, 135, 4, 65
43, 266, 4, 71
43, 11, 4, 37
43, 525, 4, 32
43, 533, 4, 82
43, 278, 4, 35
43, 281, 4, 99
43, 538, 4, 14
43, 412, 4, 15
43, 38, 4, 32
43, 40, 4, 53
43, 41, 4, 91
43, 173, 4, 38
43, 175, 4, 88
43, 57, 4, 65
43, 449, 4, 82
43, 206, 4, 7
43, 212, 4, 20
43, 86, 4, 7
43, 90, 4, 56
43, 352, 4, 3
43, 482, 5, 41
43, 393, 5, 73
43, 218, 5, 64
43, 441, 5, 58
43, 282, 5, 59
43, 384, 6, 56
43, 386, 6, 99
43, 133, 6, 98
43, 262, 6, 41
43, 139, 6, 22
43, 15, 6, 2
43, 401, 6, 24
43, 532, 6, 35
43, 536, 6, 2
43, 543, 6, 39
43, 53, 6, 86
43, 567, 6, 64
43, 189, 6, 19
43, 202, 6, 8
43, 333, 6, 96
43, 80, 6, 13
43, 339, 6, 83
43, 471, 6, 72
43, 219, 6, 59
43, 481, 6, 99
43, 232, 6, 89
43, 108, 6, 94
43, 365, 6, 81
43, 251, 6, 5
43, 133, 7, 98
43, 521, 7, 68
43, 12, 7, 85
43, 268, 7, 31
43, 148, 7, 67
43, 284, 7, 54
43, 556, 7, 52
43, 441, 7, 58
43, 62, 7, 30
43, 327, 7, 95
43, 331, 7, 26
43, 462, 7, 5
43, 83, 7, 76
43, 343, 7, 32
43, 89, 7, 60
43, 223, 7, 28
43, 224, 7, 39
43, 95, 7, 47
43, 371, 7, 23
43, 248, 7, 29
43, 122, 7, 87
43, 126, 7, 84
43, 480, 8, 33
43, 33, 8, 37
43, 66, 8, 59
43, 196, 8, 36
43, 122, 8, 87
43, 263, 8, 22
43, 200, 8, 59
43, 473, 8, 50
43, 570, 8, 54
43, 29, 8, 53
43, 161, 9, 58
43, 8, 9, 52
43, 334, 9, 52
43, 495, 9, 34
43, 111, 9, 54
43, 145, 9, 22
43, 244, 9, 78
43, 53, 9, 86
43, 405, 9, 10
43, 407, 9, 69
43, 248, 9, 29
43, 159, 9, 20
43, 164, 10, 22
43, 264, 10, 92
43, 394, 10, 63
43, 592, 10, 46
43, 593, 10, 44
43, 306, 10, 5
43, 563, 10, 78
43, 308, 10, 84
43, 470, 10, 21
43, 222, 10, 97
43, 0, 11, 79
43, 549, 11, 55
43, 389, 11, 50
43, 263, 11, 22
43, 102, 11, 99
43, 361, 11, 21
43, 427, 11, 58
43, 108, 11, 94
43, 13, 11, 23
43, 559, 11, 10
43, 240, 11, 94
43, 309, 11, 10
43, 344, 11, 29
43, 217, 11, 52
43, 538, 11, 14
43, 4, 12, 81
43, 138, 12, 10
43, 404, 12, 59
43, 277, 12, 8
43, 538, 12, 14
43, 540, 12, 76
43, 163, 12, 42
43, 438, 12, 99
43, 567, 12, 64
43, 571, 12, 81
43, 193, 12, 89
43, 67, 12, 90
43, 456, 12, 12
43, 586, 12, 3
43, 75, 12, 78
43, 337, 12, 91
43, 596, 12, 52
43, 341, 12, 93
43, 89, 12, 60
43, 240, 12, 94
43, 370, 12, 62
43, 502, 12, 4
43, 119, 12, 93
43, 248, 12, 29
43, 377, 12, 47
43, 261, 13, 42
43, 526, 13, 83
43, 270, 13, 70
43, 17, 13, 75
43, 154, 13, 97
43, 283, 13, 78
43, 285, 13, 31
43, 419, 13, 81
43, 167, 13, 2
43, 557, 13, 40
43, 47, 13, 70
43, 568, 13, 66
43, 184, 13, 93
43, 57, 13, 65
43, 191, 13, 15
43, 221, 13, 2
43, 94, 13, 38
43, 109, 13, 47
43, 113, 13, 84
43, 11, 14, 37
43, 398, 14, 71
43, 16, 14, 27
43, 154, 14, 97
43, 287, 14, 17
43, 163, 14, 42
43, 419, 14, 81
43, 421, 14, 96
43, 297, 14, 44
43, 170, 14, 80
43, 47, 14, 70
43, 316, 14, 42
43, 201, 14, 80
43, 210, 14, 90
43, 89, 14, 60
43, 217, 14, 52
43, 220, 14, 75
43, 226, 14, 2
43, 485, 14, 84
43, 498, 14, 91
43, 508, 14, 100
43, 257, 15, 84
43, 517, 15, 21
43, 23, 15, 76
43, 407, 15, 69
43, 31, 15, 80
43, 34, 15, 27
43, 292, 15, 38
43, 300, 15, 4
43, 557, 15, 40
43, 571, 15, 81
43, 583, 15, 8
43, 78, 15, 52
43, 591, 15, 51
43, 590, 15, 34
43, 209, 15, 2
43, 211, 15, 82
43, 214, 15, 66
43, 471, 15, 72
43, 348, 15, 58
43, 349, 15, 20
43, 352, 15, 3
43, 483, 15, 61
43, 241, 15, 69
43, 120, 15, 32
43, 391, 16, 17
43, 7, 16, 62
43, 274, 16, 60
43, 530, 16, 59
43, 275, 16, 72
43, 157, 16, 30
43, 30, 16, 72
43, 160, 16, 15
43, 421, 16, 96
43, 307, 16, 67
43, 52, 16, 13
43, 51, 16, 59
43, 60, 16, 52
43, 578, 16, 78
43, 580, 16, 56
43, 213, 16, 86
43, 599, 16, 39
43, 92, 16, 8
43, 477, 16, 85
43, 93, 16, 1
43, 356, 16, 84
43, 362, 16, 95
43, 365, 16, 81
43, 377, 16, 47
43, 252, 16, 26
43, 514, 17, 95
43, 3, 17, 38
43, 2, 17, 87
43, 270, 17, 70
43, 402, 17, 37
43, 282, 17, 59
43, 156, 17, 8
43, 433, 17, 58
43, 190, 17, 82
43, 574, 17, 70
43, 319, 17, 29
43, 193, 17, 89
43, 329, 17, 62
43, 332, 17, 80
43, 343, 17, 32
43, 219, 17, 59
43, 93, 17, 1
43, 489, 17, 12
43, 116, 17, 72
43, 249, 17, 50
43, 96, 18, 20
43, 481, 18, 99
43, 261, 18, 42
43, 107, 18, 65
43, 396, 18, 25
43, 442, 18, 84
43, 156, 18, 8
43, 211, 18, 82
43, 404, 18, 59
43, 56, 18, 5
43, 90, 18, 56
43, 412, 18, 15
43, 127, 18, 69
43, 576, 19, 71
43, 481, 19, 99
43, 544, 19, 78
43, 324, 19, 51
43, 389, 19, 50
43, 134, 19, 91
43, 231, 19, 100
43, 233, 19, 43
43, 425, 19, 38
43, 558, 19, 20
43, 340, 19, 51
43, 149, 19, 41
43, 342, 19, 54
43, 20, 19, 58
43, 58, 19, 63
43, 123, 19, 73
43, 317, 19, 3
43, 511, 19, 37
43, 1, 20, 22
43, 225, 20, 64
43, 292, 20, 38
43, 363, 20, 53
43, 459, 20, 18
43, 497, 20, 39
43, 146, 20, 54
43, 342, 20, 54
43, 473, 20, 50
43, 509, 20, 47
43, 486, 21, 26
43, 50, 21, 96
43, 341, 21, 93
43, 345, 21, 33
43, 157, 21, 30
43, 447, 21, 59
43, 581, 22, 65
43, 104, 22, 41
43, 456, 22, 12
43, 529, 22, 79
43, 219, 22, 59
43, 126, 22, 84
43, 384, 23, 56
43, 131, 23, 69
43, 7, 23, 62
43, 393, 23, 73
43, 403, 23, 40
43, 277, 23, 8
43, 533, 23, 82
43, 28, 23, 99
43, 284, 23, 54
43, 413, 23, 41
43, 30, 23, 72
43, 425, 23, 38
43, 319, 23, 29
43, 66, 23, 59
43, 323, 23, 53
43, 67, 23, 90
43, 325, 23, 13
43, 593, 23, 44
43, 212, 23, 20
43, 344, 23, 29
43, 359, 23, 95
43, 493, 23, 58
43, 246, 23, 80
43, 379, 23, 4
43, 384, 24, 56
43, 391, 24, 17
43, 392, 24, 10
43, 14, 24, 23
43, 145, 24, 22
43, 275, 24, 72
43, 407, 24, 69
43, 151, 24, 32
43, 36, 24, 65
43, 175, 24, 88
43, 574, 24, 70
43, 319, 24, 29
43, 457, 24, 2
43, 77, 24, 31
43, 598, 24, 5
43, 473, 24, 50
43, 477, 24, 85
43, 481, 24, 99
43, 227, 24, 87
43, 245, 24, 89
43, 502, 24, 4
43, 376, 24, 53
43, 259, 25, 23
43, 520, 25, 51
43, 270, 25, 70
43, 284, 25, 54
43, 414, 25, 83
43, 159, 25, 20
43, 170, 25, 80
43, 44, 25, 32
43, 308, 25, 84
43, 565, 25, 73
43, 441, 25, 58
43, 444, 25, 56
43, 446, 25, 54
43, 66, 25, 59
43, 330, 25, 31
43, 74, 25, 76
43, 76, 25, 86
43, 594, 25, 26
43, 342, 25, 54
43, 215, 25, 46
43, 105, 25, 39
43, 493, 25, 58
43, 500, 25, 11
43, 124, 25, 95
43, 509, 25, 47
43, 485, 26, 84
43, 294, 26, 47
43, 505, 26, 79
43, 77, 26, 31
43, 252, 26, 26
43, 246, 26, 80
43, 569, 26, 38
43, 380, 26, 25
43, 349, 26, 20
43, 416, 27, 98
43, 484, 27, 81
43, 6, 27, 10
43, 551, 27, 85
43, 392, 27, 10
43, 496, 27, 66
43, 18, 27, 63
43, 120, 27, 32
43, 321, 28, 53
43, 546, 28, 31
43, 38, 28, 32
43, 339, 28, 83
43, 275, 28, 72
43, 500, 28, 11
43, 413, 28, 41
43, 192, 29, 90
43, 416, 29, 98
43, 420, 29, 34
43, 389, 29, 50
43, 582, 29, 66
43, 230, 29, 81
43, 41, 29, 91
43, 176, 29, 78
43, 371, 29, 23
43, 245, 29, 89
43, 23, 29, 76
43, 346, 29, 3
43, 509, 29, 47
43, 126, 29, 84
43, 191, 29, 15
43, 586, 30, 3
43, 494, 30, 34
43, 277, 30, 8
43, 89, 30, 60
43, 315, 30, 1
43, 133, 31, 98
43, 520, 31, 51
43, 276, 31, 71
43, 26, 31, 43
43, 288, 31, 32
43, 421, 31, 96
43, 295, 31, 4
43, 552, 31, 84
43, 299, 31, 4
43, 173, 31, 38
43, 305, 31, 17
43, 318, 31, 29
43, 193, 31, 89
43, 577, 31, 2
43, 327, 31, 95
43, 208, 31, 79
43, 90, 31, 56
43, 347, 31, 22
43, 95, 31, 47
43, 479, 31, 97
43, 230, 31, 81
43, 372, 31, 98
43, 120, 31, 32
43, 510, 31, 63
43, 162, 32, 72
43, 166, 32, 25
43, 593, 32, 44
43, 181, 32, 96
43, 87, 32, 49
43, 321, 33, 53
43, 449, 33, 82
43, 551, 33, 85
43, 139, 33, 22
43, 76, 33, 86
43, 495, 33, 34
43, 335, 33, 52
43, 466, 33, 25
43, 438, 33, 99
43, 504, 33, 67
43, 539, 33, 90
43, 283, 33, 78
43, 447, 33, 59
43, 391, 34, 17
43, 9, 34, 8
43, 401, 34, 24
43, 409, 34, 99
43, 157, 34, 30
43, 543, 34, 39
43, 170, 34, 80
43, 432, 34, 9
43, 58, 34, 63
43, 189, 34, 19
43, 318, 34, 29
43, 322, 34, 47
43, 580, 34, 56
43, 332, 34, 80
43, 592, 34, 46
43, 467, 34, 20
43, 89, 34, 60
43, 91, 34, 2
43, 350, 34, 53
43, 360, 34, 14
43, 499, 34, 73
43, 501, 34, 88
43, 504, 34, 67
43, 2, 35, 87
43, 264, 35, 92
43, 395, 35, 49
43, 398, 35, 71
43, 271, 35, 9
43, 18, 35, 63
43, 43, 35, 22
43, 49, 35, 82
43, 308, 35, 84
43, 310, 35, 49
43, 566, 35, 42
43, 56, 35, 5
43, 441, 35, 58
43, 325, 35, 13
43, 337, 35, 91
43, 466, 35, 25
43, 595, 35, 40
43, 219, 35, 59
43, 348, 35, 58
43, 350, 35, 53
43, 362, 35, 95
43, 238, 35, 74
43, 69, 36, 80
43, 137, 36, 27
43, 173, 36, 38
43, 498, 36, 91
43, 93, 36, 1
43, 501, 36, 88
43, 148, 36, 67
43, 536, 36, 2
43, 29, 36, 53
43, 322, 37, 47
43, 580, 37, 56
43, 359, 37, 95
43, 210, 37, 90
43, 50, 37, 96
43, 408, 37, 55
43, 347, 37, 22
43, 60, 37, 52
43, 133, 38, 98
43, 521, 38, 68
43, 523, 38, 98
43, 526, 38, 83
43, 25, 38, 93
43, 538, 38, 14
43, 157, 38, 30
43, 414, 38, 83
43, 166, 38, 25
43, 295, 38, 4
43, 169, 38, 23
43, 568, 38, 66
43, 441, 38, 58
43, 573, 38, 48
43, 453, 38, 72
43, 199, 38, 5
43, 203, 38, 90
43, 461, 38, 45
43, 493, 38, 58
43, 372, 38, 98
43, 118, 38, 33
43, 122, 38, 87
43, 5, 39, 95
43, 524, 39, 26
43, 269, 39, 89
43, 525, 39, 32
43, 141, 39, 51
43, 284, 39, 54
43, 41, 39, 91
43, 176, 39, 78
43, 49, 39, 82
43, 52, 39, 13
43, 437, 39, 57
43, 568, 39, 66
43, 313, 39, 74
43, 575, 39, 58
43, 69, 39, 80
43, 200, 39, 59
43, 77, 39, 31
43, 336, 39, 49
43, 355, 39, 21
43, 486, 39, 26
43, 106, 39, 6
43, 494, 39, 34
43, 243, 39, 16
43, 378, 39, 38
43, 127, 39, 69
43, 256, 40, 3
43, 517, 40, 21
43, 391, 40, 17
43, 135, 40, 65
43, 265, 40, 10
43, 272, 40, 98
43, 24, 40, 44
43, 32, 40, 32
43, 416, 40, 98
43, 37, 40, 48
43, 316, 40, 42
43, 190, 40, 82
43, 578, 40, 78
43, 455, 40, 86
43, 456, 40, 12
43, 92, 40, 8
43, 478, 40, 95
43, 94, 40, 38
43, 482, 40, 41
43, 490, 40, 7
43, 497, 40, 39
43, 498, 40, 91
43, 246, 40, 80
43, 197, 41, 62
43, 38, 41, 32
43, 200, 41, 59
43, 521, 41, 68
43, 169, 41, 23
43, 266, 41, 71
43, 506, 41, 51
43, 224, 42, 39
43, 357, 42, 15
43, 493, 42, 58
43, 142, 42, 68
43, 397, 42, 60
43, 499, 42, 73
43, 278, 42, 35
43, 412, 42, 15
43, 540, 42, 76
43, 384, 43, 56
43, 226, 43, 2
43, 36, 43, 65
43, 582, 43, 66
43, 168, 43, 29
43, 105, 43, 39
43, 497, 43, 39
43, 178, 43, 3
43, 597, 43, 40
43, 24, 43, 44
43, 281, 43, 99
43, 282, 43, 59
43, 126, 43, 84
43, 127, 43, 69
43, 128, 44, 96
43, 463, 44, 56
43, 79, 44, 1
43, 151, 44, 32
43, 409, 44, 99
43, 5, 45, 95
43, 15, 45, 2
43, 273, 45, 21
43, 23, 45, 76
43, 560, 45, 98
43, 49, 45, 82
43, 327, 45, 95
43, 330, 45, 31
43, 334, 45, 52
43, 80, 45, 13
43, 593, 45, 44
43, 466, 45, 25
43, 592, 45, 46
43, 215, 45, 46
43, 477, 45, 85
43, 222, 45, 97
43, 479, 45, 97
43, 353, 45, 10
43, 229, 45, 32
43, 488, 45, 33
43, 372, 45, 98
43, 508, 45, 100
43, 255, 45, 15
43, 161, 46, 58
43, 554, 46, 88
43, 107, 46, 65
43, 394, 46, 63
43, 431, 46, 10
43, 561, 46, 6
43, 118, 46, 33
43, 374, 46, 9
43, 571, 46, 81
43, 157, 46, 30
43, 580, 47, 56
43, 262, 47, 41
43, 327, 47, 95
43, 520, 47, 51
43, 521, 47, 68
43, 45, 47, 39
43, 15, 47, 2
43, 244, 47, 78
43, 21, 47, 9
43, 569, 47, 38
43, 571, 47, 81
43, 382, 47, 90
43, 352, 48, 3
43, 576, 48, 71
43, 2, 48, 87
43, 195, 48, 40
43, 326, 48, 76
43, 542, 48, 14
43, 424, 48, 75
43, 585, 48, 45
43, 457, 48, 2
43, 235, 48, 13
43, 365, 48, 81
43, 398, 48, 71
43, 368, 48, 35
43, 185, 48, 98
43, 379, 48, 4
43, 444, 48, 56
43, 478, 48, 95
43, 543, 48, 39
43, 97, 49, 81
43, 58, 49, 63
43, 453, 49, 72
43, 426, 49, 44
43, 75, 49, 78
43, 432, 49, 9
43, 114, 49, 86
43, 567, 49, 64
43, 441, 49, 58
43, 506, 49, 51
43, 219, 49, 59
43, 375, 49, 73
43, 392, 50, 10
43, 574, 50, 70
43, 138, 50, 10
43, 520, 50, 51
43, 215, 50, 46
43, 312, 50, 65
43, 283, 50, 78
43, 508, 50, 100
43, 446, 50, 54
43, 256, 51, 3
43, 389, 51, 50
43, 393, 51, 73
43, 137, 51, 27
43, 395, 51, 49
43, 267, 51, 27
43, 16, 51, 27
43, 146, 51, 54
43, 285, 51, 31
43, 159, 51, 20
43, 290, 51, 99
43, 553, 51, 50
43, 557, 51, 40
43, 429, 51, 27
43, 180, 51, 79
43, 63, 51, 79
43, 201, 51, 80
43, 464, 51, 8
43, 340, 51, 51
43, 220, 51, 75
43, 253, 51, 80
43, 137, 52, 27
43, 399, 52, 4
43, 469, 52, 22
43, 439, 52, 18
43, 379, 52, 4
43, 124, 52, 95
43, 577, 53, 2
43, 579, 53, 87
43, 131, 53, 69
43, 425, 53, 38
43, 300, 53, 4
43, 504, 53, 67
43, 250, 53, 92
43, 481, 54, 99
43, 66, 54, 59
43, 229, 54, 32
43, 70, 54, 92
43, 231, 54, 100
43, 232, 54, 89
43, 168, 54, 29
43, 332, 54, 80
43, 109, 54, 47
43, 207, 54, 27
43, 276, 54, 71
43, 246, 54, 80
43, 121, 54, 67
43, 157, 54, 30
43, 520, 55, 51
43, 270, 55, 70
43, 17, 55, 75
43, 23, 55, 76
43, 542, 55, 14
43, 32, 55, 32
43, 428, 55, 34
43, 301, 55, 33
43, 432, 55, 9
43, 436, 55, 93
43, 451, 55, 55
43, 196, 55, 36
43, 452, 55, 63
43, 454, 55, 39
43, 457, 55, 2
43, 332, 55, 80
43, 342, 55, 54
43, 120, 55, 32
43, 221, 55, 2
43, 107, 55, 65
43, 117, 55, 37
43, 504, 55, 67
43, 260, 56, 64
43, 132, 56, 22
43, 393, 56, 73
43, 138, 56, 10
43, 137, 56, 27
43, 397, 56, 60
43, 277, 56, 8
43, 408, 56, 55
43, 540, 56, 76
43, 541, 56, 20
43, 420, 56, 34
43, 42, 56, 90
43, 561, 56, 6
43, 433, 56, 58
43, 311, 56, 5
43, 194, 56, 86
43, 375, 56, 73
43, 508, 56, 100
43, 382, 56, 90
43, 0, 57, 79
43, 121, 57, 67
43, 224, 57, 39
43, 579, 57, 87
43, 217, 57, 52
43, 166, 57, 25
43, 103, 57, 92
43, 74, 57, 76
43, 235, 57, 13
43, 140, 57, 82
43, 237, 57, 66
43, 13, 57, 23
43, 590, 57, 34
43, 275, 57, 72
43, 566, 57, 42
43, 473, 57, 50
43, 380, 57, 25
43, 222, 57, 97
43, 89, 58, 60
43, 66, 58, 59
43, 324, 58, 51
43, 133, 58, 98
43, 102, 58, 99
43, 519, 58, 9
43, 75, 58, 78
43, 331, 58, 26
43, 204, 58, 87
43, 563, 58, 78
43, 441, 58, 58
43, 122, 58, 87
43, 348, 58, 58
43, 161, 59, 58
43, 195, 59, 40
43, 35, 59, 97
43, 99, 59, 19
43, 281, 59, 99
43, 296, 59, 73
43, 139, 59, 22
43, 300, 59, 4
43, 496, 59, 66
43, 29, 59, 53
43, 435, 59, 70
43, 119, 59, 93
43, 21, 59, 9
43, 86, 59, 7
43, 279, 59, 71
43, 25, 59, 93
43, 90, 59, 56
43, 189, 59, 19
43, 513, 60, 38
43, 3, 60, 38
43, 133, 60, 98
43, 540, 60, 76
43, 31, 60, 80
43, 559, 60, 10
43, 175, 60, 88
43, 49, 60, 82
43, 50, 60, 96
43, 179, 60, 55
43, 54, 60, 68
43, 567, 60, 64
43, 444, 60, 56
43, 465, 60, 46
43, 84, 60, 43
43, 344, 60, 29
43, 220, 60, 75
43, 358, 60, 63
43, 114, 60, 86
43, 132, 61, 22
43, 510, 61, 63
43, 328, 61, 93
43, 137, 61, 27
43, 8, 61, 52
43, 491, 61, 64
43, 300, 61, 4
43, 587, 61, 5
43, 398, 61, 71
43, 208, 61, 79
43, 49, 61, 82
43, 434, 61, 25
43, 274, 61, 60
43, 20, 61, 58
43, 91, 61, 2
43, 62, 61, 30
43, 65, 62, 92
43, 547, 62, 87
43, 517, 62, 21
43, 365, 62, 81
43, 30, 62, 72
43, 220, 62, 75
43, 446, 62, 54
43, 319, 62, 29
43, 102, 63, 99
43, 10, 63, 27
43, 430, 63, 53
43, 433, 63, 58
43, 23, 63, 76
43, 541, 63, 20
43, 97, 64, 81
43, 66, 64, 59
43, 354, 64, 48
43, 73, 64, 53
43, 398, 64, 71
43, 430, 64, 53
43, 209, 64, 2
43, 178, 64, 3
43, 29, 64, 53
43, 116, 64, 72
43, 567, 64, 64
43, 285, 64, 31
43, 414, 64, 83
43, 67, 65, 90
43, 388, 65, 54
43, 292, 65, 38
43, 38, 65, 32
43, 573, 65, 48
43, 268, 65, 31
43, 204, 65, 87
43, 367, 65, 60
43, 530, 65, 59
43, 306, 65, 5
43, 116, 65, 72
43, 534, 65, 44
43, 566, 65, 42
43, 283, 65, 78
43, 124, 65, 95
43, 540, 65, 76
43, 66, 66, 59
43, 505, 66, 79
43, 558, 66, 20
43, 473, 66, 50
43, 477, 66, 85
43, 295, 67, 4
43, 301, 67, 33
43, 366, 67, 82
43, 48, 67, 82
43, 369, 67, 52
43, 20, 67, 58
43, 436, 67, 93
43, 26, 67, 43
43, 1, 68, 22
43, 162, 68, 72
43, 377, 68, 47
43, 396, 68, 25
43, 333, 68, 96
43, 275, 68, 72
43, 340, 68, 51
43, 375, 68, 73
43, 441, 68, 58
43, 538, 68, 14
43, 475, 68, 66
43, 513, 69, 38
43, 515, 69, 96
43, 132, 69, 22
43, 389, 69, 50
43, 295, 69, 4
43, 72, 69, 75
43, 369, 69, 52
43, 436, 69, 93
43, 410, 69, 84
43, 572, 69, 62
43, 2, 70, 87
43, 264, 70, 92
43, 272, 70, 98
43, 28, 70, 99
43, 545, 70, 15
43, 420, 70, 34
43, 422, 70, 100
43, 171, 70, 38
43, 182, 70, 90
43, 445, 70, 30
43, 321, 70, 53
43, 194, 70, 86
43, 581, 70, 65
43, 582, 70, 66
43, 456, 70, 12
43, 458, 70, 7
43, 472, 70, 69
43, 88, 70, 11
43, 236, 70, 67
43, 111, 70, 54
43, 242, 70, 70
43, 117, 70, 37
43, 374, 70, 9
43, 120, 70, 32
43, 253, 70, 80
43, 130, 71, 82
43, 134, 71, 91
43, 403, 71, 40
43, 540, 71, 76
43, 416, 71, 98
43, 162, 71, 72
43, 37, 71, 48
43, 41, 71, 91
43, 554, 71, 88
43, 50, 71, 96
43, 64, 71, 4
43, 192, 71, 90
43, 194, 71, 86
43, 201, 71, 80
43, 585, 71, 45
43, 330, 71, 31
43, 599, 71, 39
43, 95, 71, 47
43, 492, 71, 37
43, 32, 72, 32
43, 326, 72, 76
43, 424, 72, 75
43, 137, 72, 27
43, 302, 72, 98
43, 498, 72, 91
43, 436, 72, 93
43, 278, 72, 35
43, 568, 72, 66
43, 58, 72, 63
43, 216, 72, 20
43, 513, 73, 38
43, 259, 73, 23
43, 136, 73, 94
43, 18, 73, 63
43, 533, 73, 82
43, 409, 73, 99
43, 285, 73, 31
43, 414, 73, 83
43, 167, 73, 2
43, 55, 73, 37
43, 314, 73, 85
43, 318, 73, 29
43, 448, 73, 17
43, 66, 73, 59
43, 465, 73, 46
43, 468, 73, 73
43, 99, 73, 19
43, 228, 73, 91
43, 365, 73, 81
43, 116, 73, 72
43, 513, 74, 38
43, 258, 74, 25
43, 260, 74, 64
43, 523, 74, 98
43, 401, 74, 24
43, 412, 74, 15
43, 31, 74, 80
43, 38, 74, 32
43, 297, 74, 44
43, 178, 74, 3
43, 57, 74, 65
43, 58, 74, 63
43, 314, 74, 85
43, 67, 74, 90
43, 203, 74, 90
43, 596, 74, 52
43, 474, 74, 50
43, 97, 74, 81
43, 499, 74, 73
43, 576, 75, 71
43, 194, 75, 86
43, 227, 75, 87
43, 390, 75, 13
43, 112, 75, 87
43, 410, 75, 84
43, 63, 75, 79
43, 576, 76, 71
43, 577, 76, 2
43, 514, 76, 95
43, 291, 76, 57
43, 38, 76, 32
43, 231, 76, 100
43, 135, 76, 65
43, 172, 76, 32
43, 110, 76, 91
43, 211, 76, 82
43, 372, 76, 98
43, 19, 76, 13
43, 439, 76, 18
43, 570, 76, 54
43, 540, 76, 76
43, 256, 77, 3
43, 322, 77, 47
43, 34, 77, 27
43, 391, 77, 17
43, 265, 77, 10
43, 557, 77, 40
43, 15, 77, 2
43, 273, 77, 21
43, 401, 77, 24
43, 241, 77, 69
43, 177, 77, 58
43, 404, 77, 59
43, 22, 77, 55
43, 507, 77, 61
43, 566, 77, 42
43, 281, 77, 99
43, 565, 77, 73
43, 379, 77, 4
43, 1, 78, 22
43, 8, 78, 52
43, 24, 78, 44
43, 32, 78, 32
43, 560, 78, 98
43, 306, 78, 5
43, 439, 78, 18
43, 320, 78, 42
43, 321, 78, 53
43, 72, 78, 75
43, 334, 78, 52
43, 86, 78, 7
43, 599, 78, 39
43, 342, 78, 54
43, 90, 78, 56
43, 222, 78, 97
43, 237, 78, 66
43, 504, 78, 67
43, 126, 78, 84
43, 1, 79, 22
43, 578, 79, 78
43, 131, 79, 69
43, 485, 79, 84
43, 453, 79, 72
43, 487, 79, 100
43, 166, 79, 25
43, 140, 79, 82
43, 112, 79, 87
43, 337, 79, 91
43, 336, 79, 49
43, 23, 79, 76
43, 476, 79, 55
43, 513, 80, 38
43, 134, 80, 91
43, 135, 80, 65
43, 523, 80, 98
43, 397, 80, 60
43, 526, 80, 83
43, 19, 80, 13
43, 284, 80, 54
43, 294, 80, 47
43, 169, 80, 23
43, 42, 80, 90
43, 299, 80, 4
43, 556, 80, 52
43, 433, 80, 58
43, 193, 80, 89
43, 201, 80, 80
43, 211, 80, 82
43, 473, 80, 50
43, 99, 80, 19
43, 227, 80, 87
43, 230, 80, 81
43, 107, 80, 65
43, 246, 80, 80
43, 123, 80, 73
43, 131, 81, 69
43, 196, 81, 36
43, 590, 81, 34
43, 241, 81, 69
43, 113, 81, 84
43, 117, 81, 37
43, 375, 81, 73
43, 472, 81, 69
43, 347, 81, 22
43, 125, 81, 40
43, 480, 82, 33
43, 481, 82, 99
43, 257, 82, 84
43, 576, 82, 71
43, 162, 82, 72
43, 226, 82, 2
43, 439, 82, 18
43, 552, 82, 84
43, 585, 82, 45
43, 10, 82, 27
43, 138, 82, 10
43, 461, 82, 45
43, 16, 82, 27
43, 18, 82, 63
43, 246, 82, 80
43, 567, 82, 64
43, 91, 82, 2
43, 349, 82, 20
43, 290, 83, 99
43, 4, 83, 81
43, 199, 83, 5
43, 521, 83, 68
43, 173, 83, 38
43, 207, 83, 27
43, 16, 83, 27
43, 368, 83, 35
43, 179, 83, 55
43, 468, 83, 73
43, 56, 83, 5
43, 57, 83, 65
43, 540, 83, 76
43, 478, 83, 95
43, 227, 84, 87
43, 451, 84, 55
43, 419, 84, 81
43, 519, 84, 9
43, 295, 84, 4
43, 391, 84, 17
43, 554, 84, 88
43, 368, 84, 35
43, 369, 84, 52
43, 597, 84, 40
43, 503, 84, 83
43, 121, 84, 67
43, 343, 84, 32
43, 262, 85, 41
43, 296, 85, 73
43, 11, 85, 37
43, 525, 85, 32
43, 249, 85, 50
43, 284, 85, 54
43, 94, 85, 38
43, 419, 86, 81
43, 485, 86, 84
43, 327, 86, 95
43, 50, 86, 96
43, 531, 86, 8
43, 357, 87, 15
43, 171, 87, 38
43, 45, 87, 39
43, 46, 87, 11
43, 367, 87, 60
43, 176, 87, 78
43, 431, 87, 10
43, 468, 87, 73
43, 244, 87, 78
43, 22, 87, 55
43, 183, 87, 73
43, 89, 87, 60
43, 27, 87, 87
43, 348, 87, 58
43, 267, 88, 27
43, 525, 88, 32
43, 528, 88, 70
43, 279, 88, 71
43, 160, 88, 15
43, 424, 88, 75
43, 170, 88, 80
43, 173, 88, 38
43, 177, 88, 58
43, 563, 88, 78
43, 444, 88, 56
43, 445, 88, 30
43, 324, 88, 51
43, 583, 88, 8
43, 80, 88, 13
43, 210, 88, 90
43, 467, 88, 20
43, 469, 88, 22
43, 345, 88, 33
43, 89, 88, 60
43, 485, 88, 84
43, 101, 88, 9
43, 364, 88, 75
43, 509, 88, 47
43, 37, 89, 48
43, 231, 89, 100
43, 542, 89, 14
43, 105, 89, 39
43, 270, 89, 70
43, 15, 89, 2
43, 210, 89, 90
43, 83, 89, 76
43, 20, 89, 58
43, 437, 89, 57
43, 184, 89, 93
43, 27, 89, 87
43, 572, 89, 62
43, 222, 89, 97
43, 281, 90, 99
43, 360, 90, 14
43, 458, 90, 7
43, 298, 90, 37
43, 112, 90, 87
43, 241, 90, 69
43, 434, 90, 25
43, 115, 90, 15
43, 20, 90, 58
43, 180, 90, 79
43, 86, 90, 7
43, 119, 90, 93
43, 87, 90, 49
43, 153, 90, 81
43, 506, 90, 51
43, 93, 90, 1
43, 478, 90, 95
43, 416, 91, 98
43, 449, 91, 82
43, 354, 91, 48
43, 541, 91, 20
43, 228, 91, 91
43, 194, 91, 86
43, 199, 91, 5
43, 361, 91, 21
43, 536, 91, 2
43, 460, 91, 92
43, 594, 91, 26
43, 51, 91, 59
43, 54, 91, 68
43, 88, 91, 11
43, 90, 91, 56
43, 411, 91, 1
43, 92, 91, 8
43, 573, 91, 48
43, 291, 92, 57
43, 325, 92, 13
43, 43, 92, 22
43, 333, 92, 96
43, 568, 92, 66
43, 59, 92, 51
43, 516, 93, 37
43, 518, 93, 23
43, 143, 93, 41
43, 406, 93, 37
43, 287, 93, 17
43, 549, 93, 55
43, 427, 93, 58
43, 436, 93, 93
43, 308, 93, 84
43, 571, 93, 81
43, 572, 93, 62
43, 190, 93, 82
43, 322, 93, 47
43, 588, 93, 75
43, 82, 93, 8
43, 90, 93, 56
43, 480, 93, 33
43, 102, 93, 99
43, 366, 93, 82
43, 96, 94, 20
43, 257, 94, 84
43, 515, 94, 96
43, 356, 94, 84
43, 37, 94, 48
43, 453, 94, 72
43, 426, 94, 44
43, 364, 94, 75
43, 505, 94, 79
43, 268, 94, 31
43, 365, 94, 81
43, 16, 94, 27
43, 177, 94, 58
43, 209, 94, 2
43, 434, 94, 25
43, 87, 94, 49
43, 409, 94, 99
43, 257, 95, 84
43, 450, 95, 20
43, 551, 95, 85
43, 585, 95, 45
43, 589, 95, 20
43, 113, 95, 84
43, 150, 95, 72
43, 477, 95, 85
43, 94, 95, 38
43, 384, 96, 56
43, 2, 96, 87
43, 260, 96, 64
43, 17, 96, 75
43, 536, 96, 2
43, 416, 96, 98
43, 549, 96, 55
43, 424, 96, 75
43, 41, 96, 91
43, 309, 96, 10
43, 60, 96, 52
43, 66, 96, 59
43, 67, 96, 90
43, 590, 96, 34
43, 338, 96, 56
43, 210, 96, 90
43, 215, 96, 46
43, 348, 96, 58
43, 478, 96, 95
43, 352, 96, 3
43, 232, 96, 89
43, 238, 96, 74
43, 244, 96, 78
43, 246, 96, 80
43, 191, 97, 15
43, 323, 97, 53
43, 165, 97, 26
43, 70, 97, 92
43, 424, 97, 75
43, 141, 97, 51
43, 468, 97, 73
43, 375, 97, 73
43, 475, 97, 66
43, 446, 97, 54
43, 319, 97, 29
43, 96, 98, 20
43, 4, 98, 81
43, 261, 98, 42
43, 69, 98, 80
43, 491, 98, 64
43, 239, 98, 38
43, 530, 98, 59
43, 342, 98, 54
43, 119, 98, 93
43, 65, 99, 92
43, 450, 99, 20
43, 194, 99, 86
43, 485, 99, 84
43, 70, 99, 92
43, 266, 99, 71
43, 461, 99, 45
43, 273, 99, 21
43, 147, 99, 95
43, 148, 99, 67
43, 54, 99, 68
43, 379, 99, 4
43, 252, 99, 26
43, 222, 99, 97
43, 514, 100, 95
43, 515, 100, 96
43, 388, 100, 54
43, 7, 100, 62
43, 136, 100, 94
43, 137, 100, 27
43, 277, 100, 8
43, 406, 100, 37
43, 163, 100, 42
43, 426, 100, 44
43, 46, 100, 11
43, 431, 100, 10
43, 442, 100, 84
43, 462, 100, 5
43, 597, 100, 40
43, 217, 100, 52
43, 474, 100, 50
43, 475, 100, 66
43, 94, 100, 38
43, 351, 100, 10
43, 225, 100, 64
43, 502, 100, 4
43, 228, 101, 91
43, 390, 101, 13
43, 552, 101, 84
43, 74, 101, 76
43, 75, 101, 78
43, 365, 101, 81
43, 557, 101, 40
43, 369, 101, 52
43, 183, 101, 73
43, 215, 101, 46
43, 476, 101, 55
43, 572, 101, 62
43, 126, 101, 84
43, 479, 101, 97
43, 260, 102, 64
43, 396, 102, 25
43, 282, 102, 59
43, 27, 102, 87
43, 539, 102, 90
43, 37, 102, 48
43, 172, 102, 32
43, 559, 102, 10
43, 178, 102, 3
43, 435, 102, 70
43, 564, 102, 86
43, 61, 102, 61
43, 193, 102, 89
43, 67, 102, 90
43, 196, 102, 36
43, 457, 102, 2
43, 332, 102, 80
43, 589, 102, 20
43, 337, 102, 91
43, 217, 102, 52
43, 350, 102, 53
43, 352, 102, 3
43, 229, 102, 32
43, 108, 102, 94
43, 244, 102, 78
43, 320, 103, 42
43, 417, 103, 6
43, 514, 103, 95
43, 545, 103, 15
43, 548, 103, 76
43, 228, 103, 91
43, 102, 103, 99
43, 6, 103, 10
43, 105, 103, 39
43, 108, 103, 94
43, 505, 103, 79
43, 399, 103, 4
43, 16, 103, 27
43, 434, 103, 25
43, 21, 103, 9
43, 345, 103, 33
43, 158, 103, 25
43, 479, 103, 97
43, 260, 104, 64
43, 517, 104, 21
43, 134, 104, 91
43, 391, 104, 17
43, 40, 104, 53
43, 234, 104, 45
43, 237, 104, 66
43, 366, 104, 82
43, 208, 104, 79
43, 22, 104, 55
43, 599, 104, 39
43, 569, 104, 38
43, 155, 104, 19
43, 316, 104, 42
43, 61, 104, 61
43, 190, 104, 82
43, 225, 105, 64
43, 579, 105, 87
43, 19, 105, 13
43, 25, 105, 93
43, 122, 105, 87
43, 223, 105, 28
43, 420, 106, 34
43, 198, 106, 73
43, 205, 106, 75
43, 463, 106, 56
43, 534, 106, 44
43, 512, 107, 24
43, 329, 107, 62
43, 169, 107, 23
43, 49, 107, 82
43, 339, 107, 83
43, 57, 107, 65
43, 578, 108, 78
43, 420, 108, 34
43, 454, 108, 39
43, 200, 108, 59
43, 459, 108, 18
43, 559, 108, 10
43, 18, 108, 63
43, 178, 108, 3
43, 438, 108, 99
43, 25, 108, 93
43, 543, 108, 39
43, 419, 109, 81
43, 227, 109, 87
43, 391, 109, 17
43, 72, 109, 75
43, 76, 109, 86
43, 205, 109, 75
43, 369, 109, 52
43, 50, 109, 96
43, 84, 109, 43
43, 308, 109, 84
43, 340, 109, 51
43, 21, 109, 9
43, 280, 109, 35
43, 245, 109, 89
43, 404, 109, 59
43, 156, 109, 8
43, 96, 110, 20
43, 1, 110, 22
43, 580, 110, 56
43, 74, 110, 76
43, 496, 110, 66
43, 215, 110, 46
43, 159, 110, 20
43, 2, 111, 87
43, 98, 111, 65
43, 358, 111, 63
43, 392, 111, 10
43, 394, 111, 63
43, 205, 111, 75
43, 468, 111, 73
43, 565, 111, 73
43, 535, 111, 63
43, 89, 111, 60
43, 410, 111, 84
43, 571, 111, 81
43, 190, 111, 82
43, 191, 111, 15
43, 256, 112, 3
43, 38, 112, 32
43, 200, 112, 59
43, 105, 112, 39
43, 330, 112, 31
43, 109, 112, 47
43, 339, 112, 83
43, 474, 112, 50
43, 123, 112, 73
43, 476, 112, 55
43, 191, 112, 15
43, 258, 113, 25
43, 3, 113, 38
43, 263, 113, 22
43, 268, 113, 31
43, 142, 113, 68
43, 527, 113, 91
43, 528, 113, 70
43, 17, 113, 75
43, 271, 113, 9
43, 150, 113, 72
43, 294, 113, 47
43, 556, 113, 52
43, 47, 113, 70
43, 559, 113, 10
43, 175, 113, 88
43, 58, 113, 63
43, 442, 113, 84
43, 192, 113, 90
43, 453, 113, 72
43, 71, 113, 8
43, 203, 113, 90
43, 85, 113, 70
43, 94, 113, 38
43, 495, 113, 34
43, 515, 114, 96
43, 67, 114, 90
43, 466, 114, 25
43, 307, 114, 67
43, 276, 114, 71
43, 347, 114, 22
43, 6, 115, 10
43, 583, 115, 8
43, 72, 115, 75
43, 70, 115, 92
43, 106, 115, 6
43, 108, 115, 94
43, 529, 115, 79
43, 52, 115, 13
43, 566, 115, 42
43, 153, 115, 81
43, 475, 115, 66
43, 516, 116, 37
43, 262, 116, 41
43, 270, 116, 70
43, 14, 116, 23
43, 150, 116, 72
43, 153, 116, 81
43, 157, 116, 30
43, 544, 116, 78
43, 289, 116, 74
43, 551, 116, 85
43, 425, 116, 38
43, 570, 116, 54
43, 319, 116, 29
43, 335, 116, 52
43, 336, 116, 49
43, 80, 116, 13
43, 354, 116, 48
43, 355, 116, 21
43, 110, 116, 91
43, 115, 116, 15
43, 121, 116, 67
43, 487, 117, 100
43, 331, 117, 26
43, 590, 117, 34
43, 176, 117, 78
43, 209, 117, 2
43, 528, 117, 70
43, 411, 117, 1
43, 213, 117, 86
43, 341, 117, 93
43, 346, 117, 3
43, 219, 117, 59
43, 391, 118, 17
43, 267, 118, 27
43, 271, 118, 9
43, 151, 118, 32
43, 410, 118, 84
43, 538, 118, 14
43, 156, 118, 8
43, 158, 118, 25
43, 45, 118, 39
43, 176, 118, 78
43, 52, 118, 13
43, 310, 118, 49
43, 313, 118, 74
43, 573, 118, 48
43, 76, 118, 86
43, 467, 118, 20
43, 96, 118, 20
43, 227, 118, 87
43, 357, 118, 15
43, 234, 118, 45
43, 491, 118, 64
43, 110, 118, 91
43, 111, 118, 54
43, 117, 118, 37
43, 379, 118, 4
43, 293, 119, 94
43, 329, 119, 62
43, 169, 119, 23
43, 12, 119, 85
43, 205, 119, 75
43, 19, 119, 13
43, 532, 119, 35
43, 437, 119, 57
43, 286, 119, 95
43, 64, 120, 4
43, 322, 120, 47
43, 550, 120, 94
43, 522, 120, 76
43, 78, 120, 52
43, 532, 120, 35
43, 246, 120, 80
43, 471, 120, 72
43, 127, 120, 69
43, 136, 121, 94
43, 137, 121, 27
43, 402, 121, 37
43, 403, 121, 40
43, 288, 121, 32
43, 417, 121, 6
43, 169, 121, 23
43, 50, 121, 96
43, 179, 121, 55
43, 317, 121, 3
43, 446, 121, 54
43, 192, 121, 90
43, 195, 121, 40
43, 201, 121, 80
43, 589, 121, 20
43, 476, 121, 55
43, 94, 121, 38
43, 223, 121, 28
43, 224, 121, 39
43, 228, 121, 91
43, 233, 121, 43
43, 495, 121, 34
43, 243, 121, 16
43, 377, 121, 47
43, 0, 122, 79
43, 98, 122, 65
43, 418, 122, 63
43, 132, 122, 22
43, 233, 122, 43
43, 171, 122, 38
43, 304, 122, 93
43, 336, 122, 49
43, 209, 122, 2
43, 531, 122, 8
43, 596, 122, 52
43, 33, 123, 37
43, 102, 123, 99
43, 455, 123, 86
43, 523, 123, 98
43, 591, 123, 51
43, 336, 123, 49
43, 372, 123, 98
43, 249, 123, 50
43, 27, 123, 87
43, 159, 123, 20
43, 291, 124, 57
43, 323, 124, 53
43, 167, 124, 2
43, 296, 124, 73
43, 393, 124, 73
43, 265, 124, 10
43, 427, 124, 58
43, 155, 124, 19
43, 552, 124, 84
43, 304, 124, 93
43, 145, 124, 22
43, 18, 124, 63
43, 211, 124, 82
43, 315, 124, 1
43, 538, 124, 14
43, 411, 124, 1
43, 92, 124, 8
43, 524, 125, 26
43, 145, 125, 22
43, 19, 125, 13
43, 404, 125, 59
43, 531, 125, 8
43, 170, 125, 80
43, 559, 125, 10
43, 303, 125, 91
43, 434, 125, 25
43, 564, 125, 86
43, 569, 125, 38
43, 572, 125, 62
43, 67, 125, 90
43, 596, 125, 52
43, 89, 125, 60
43, 223, 125, 28
43, 228, 125, 91
43, 495, 125, 34
43, 502, 125, 4
43, 472, 126, 69
43, 297, 126, 44
43, 171, 126, 38
43, 555, 126, 1
43, 397, 126, 60
43, 272, 126, 98
43, 465, 126, 46
43, 19, 126, 13
43, 275, 126, 72
43, 565, 126, 73
43, 439, 126, 18
43, 184, 126, 93
43, 281, 126, 99
43, 410, 126, 84
43, 219, 126, 59
43, 510, 126, 63
43, 576, 127, 71
43, 545, 127, 15
43, 419, 127, 81
43, 452, 127, 63
43, 389, 127, 50
43, 358, 127, 63
43, 466, 127, 25
43, 372, 127, 98
43, 185, 127, 98
43, 378, 127, 38
43, 315, 127, 1
43, 414, 127, 83
43, 258, 128, 25
43, 164, 128, 22
43, 324, 128, 51
43, 422, 128, 100
43, 390, 128, 13
43, 168, 128, 29
43, 556, 128, 52
43, 301, 128, 33
43, 590, 128, 34
43, 462, 128, 5
43, 588, 128, 75
43, 371, 128, 23
43, 468, 128, 73
43, 149, 128, 41
43, 376, 128, 53
43, 155, 128, 19
43, 540, 128, 76
43, 382, 128, 90
43, 416, 129, 98
43, 225, 129, 64
43, 162, 129, 72
43, 192, 129, 90
43, 132, 129, 22
43, 7, 129, 62
43, 392, 129, 10
43, 488, 129, 33
43, 39, 129, 31
43, 233, 129, 43
43, 346, 129, 3
43, 144, 129, 61
43, 180, 129, 79
43, 312, 129, 65
43, 186, 129, 8
43, 315, 129, 1
43, 191, 129, 15
43, 288, 130, 32
43, 65, 130, 92
43, 195, 130, 40
43, 106, 130, 6
43, 236, 130, 67
43, 239, 130, 38
43, 114, 130, 86
43, 58, 130, 63
43, 540, 130, 76
43, 481, 131, 99
43, 419, 131, 81
43, 261, 131, 42
43, 389, 131, 50
43, 9, 131, 8
43, 559, 131, 10
43, 591, 131, 51
43, 114, 131, 86
43, 210, 131, 90
43, 118, 131, 33
43, 189, 131, 19
43, 510, 131, 63
43, 351, 131, 10
43, 133, 132, 98
43, 360, 132, 14
43, 265, 132, 10
43, 204, 132, 87
43, 16, 132, 27
43, 404, 132, 59
43, 340, 132, 51
43, 252, 132, 26
43, 353, 133, 10
43, 7, 133, 62
43, 48, 133, 82
43, 242, 133, 70
43, 535, 133, 63
43, 474, 133, 50
43, 475, 133, 66
43, 352, 134, 3
43, 161, 134, 58
43, 33, 134, 37
43, 544, 134, 78
43, 581, 134, 65
43, 166, 134, 25
43, 583, 134, 8
43, 200, 134, 59
43, 205, 134, 75
43, 110, 134, 91
43, 498, 134, 91
43, 404, 134, 59
43, 342, 134, 54
43, 254, 134, 21
43, 257, 135, 84
43, 227, 135, 87
43, 452, 135, 63
43, 547, 135, 87
43, 489, 135, 12
43, 458, 135, 7
43, 171, 135, 38
43, 240, 135, 94
43, 561, 135, 6
43, 180, 135, 79
43, 20, 135, 58
43, 406, 135, 37
43, 597, 135, 40
43, 536, 135, 2
43, 571, 135, 81
43, 444, 135, 56
43, 196, 136, 36
43, 261, 136, 42
43, 103, 136, 92
43, 9, 136, 8
43, 362, 136, 95
43, 11, 136, 37
43, 204, 136, 87
43, 269, 136, 89
43, 73, 136, 53
43, 495, 136, 34
43, 205, 136, 75
43, 593, 136, 44
43, 148, 136, 67
43, 597, 136, 40
43, 27, 136, 87
43, 125, 136, 40
43, 101, 137, 9
43, 454, 137, 39
43, 251, 137, 5
43, 274, 137, 60
43, 216, 137, 20
43, 59, 137, 51
43, 573, 137, 48
43, 1, 138, 22
43, 355, 138, 21
43, 168, 138, 29
43, 362, 138, 95
43, 203, 138, 90
43, 394, 138, 63
43, 209, 138, 2
43, 305, 138, 17
43, 530, 138, 59
43, 244, 138, 78
43, 185, 138, 98
43, 163, 139, 42
43, 166, 139, 25
43, 70, 139, 92
43, 488, 139, 33
43, 73, 139, 53
43, 494, 139, 34
43, 591, 139, 51
43, 496, 139, 66
43, 84, 139, 43
43, 341, 139, 93
43, 374, 139, 9
43, 567, 139, 64
43, 181, 139, 96
43, 92, 139, 8
43, 134, 140, 91
43, 17, 140, 75
43, 281, 140, 99
43, 30, 140, 72
43, 428, 140, 34
43, 301, 140, 33
43, 558, 140, 20
43, 53, 140, 86
43, 566, 140, 42
43, 183, 140, 73
43, 187, 140, 86
43, 324, 140, 51
43, 583, 140, 8
43, 328, 140, 93
43, 199, 140, 5
43, 462, 140, 5
43, 211, 140, 82
43, 347, 140, 22
43, 223, 140, 28
43, 225, 140, 64
43, 110, 140, 91
43, 243, 140, 16
43, 377, 140, 47
43, 510, 140, 63
43, 422, 141, 100
43, 487, 141, 100
43, 530, 141, 59
43, 213, 141, 86
43, 252, 141, 26
43, 11, 142, 37
43, 14, 142, 23
43, 400, 142, 3
43, 290, 142, 99
43, 164, 142, 22
43, 48, 142, 82
43, 178, 142, 3
43, 184, 142, 93
43, 186, 142, 8
43, 59, 142, 51
43, 321, 142, 53
43, 201, 142, 80
43, 330, 142, 31
43, 597, 142, 40
43, 85, 142, 70
43, 476, 142, 55
43, 94, 142, 38
43, 223, 142, 28
43, 98, 142, 65
43, 357, 142, 15
43, 490, 142, 7
43, 2, 143, 87
43, 99, 143, 19
43, 8, 143, 52
43, 528, 143, 70
43, 145, 143, 22
43, 84, 143, 43
43, 571, 143, 81
43, 28, 143, 99
43, 480, 144, 33
43, 546, 144, 31
43, 483, 144, 61
43, 446, 144, 54
43, 167, 144, 2
43, 492, 144, 37
43, 463, 144, 56
43, 240, 144, 94
43, 48, 144, 82
43, 440, 144, 46
43, 154, 144, 97
43, 542, 144, 14
43, 511, 144, 37
43, 544, 145, 78
43, 425, 145, 38
43, 335, 145, 52
43, 16, 145, 27
43, 369, 145, 52
43, 466, 145, 25
43, 18, 145, 63
43, 514, 146, 95
43, 140, 146, 82
43, 276, 146, 71
43, 534, 146, 44
43, 279, 146, 71
43, 412, 146, 15
43, 420, 146, 34
43, 47, 146, 70
43, 434, 146, 25
43, 436, 146, 93
43, 56, 146, 5
43, 188, 146, 94
43, 316, 146, 42
43, 590, 146, 34
43, 336, 146, 49
43, 87, 146, 49
43, 88, 146, 11
43, 477, 146, 85
43, 222, 146, 97
43, 359, 146, 95
43, 237, 146, 66
43, 367, 146, 60
43, 119, 146, 93
43, 378, 146, 38
43, 383, 146, 56
43, 130, 147, 82
43, 528, 147, 70
43, 402, 147, 37
43, 532, 147, 35
43, 279, 147, 71
43, 418, 147, 63
43, 40, 147, 53
43, 168, 147, 29
43, 298, 147, 37
43, 48, 147, 82
43, 180, 147, 79
43, 311, 147, 5
43, 574, 147, 70
43, 63, 147, 79
43, 475, 147, 66
43, 105, 147, 39
43, 247, 147, 57
43, 248, 147, 29
43, 510, 147, 63
43, 269, 148, 89
43, 15, 148, 2
43, 402, 148, 37
43, 284, 148, 54
43, 165, 148, 26
43, 297, 148, 44
43, 555, 148, 1
43, 45, 148, 39
43, 569, 148, 38
43, 445, 148, 30
43, 320, 148, 42
43, 64, 148, 4
43, 448, 148, 17
43, 68, 148, 89
43, 581, 148, 65
43, 70, 148, 92
43, 72, 148, 75
43, 586, 148, 3
43, 472, 148, 69
43, 485, 148, 84
43, 360, 148, 14
43, 104, 148, 41
43, 379, 148, 4
43, 285, 149, 31
43, 548, 149, 76
43, 39, 149, 31
43, 329, 149, 62
43, 587, 149, 5
43, 364, 149, 75
43, 429, 149, 27
43, 335, 149, 52
43, 315, 149, 1
43, 595, 149, 40
43, 243, 149, 16
43, 116, 149, 72
43, 440, 149, 46
43, 378, 149, 38
43, 571, 149, 81
43, 573, 149, 48
43, 132, 150, 22
43, 523, 150, 98
43, 15, 150, 2
43, 272, 150, 98
43, 424, 150, 75
43, 567, 150, 64
43, 439, 150, 18
43, 315, 150, 1
43, 325, 150, 13
43, 455, 150, 86
43, 586, 150, 3
43, 205, 150, 75
43, 465, 150, 46
43, 210, 150, 90
43, 357, 150, 15
43, 487, 150, 100
43, 108, 150, 94
43, 122, 150, 87
43, 507, 150, 61
43, 102, 151, 99
43, 135, 151, 65
43, 167, 151, 2
43, 104, 151, 41
43, 11, 151, 37
43, 397, 151, 60
43, 144, 151, 61
43, 273, 151, 21
43, 338, 151, 56
43, 209, 151, 2
43, 435, 151, 70
43, 499, 151, 73
43, 150, 151, 72
43, 279, 151, 71
43, 534, 151, 44
43, 126, 151, 84
43, 216, 151, 20
43, 515, 152, 96
43, 69, 152, 80
43, 357, 152, 15
43, 261, 152, 42
43, 199, 152, 5
43, 297, 152, 44
43, 202, 152, 8
43, 433, 152, 58
43, 188, 152, 94
43, 150, 152, 72
43, 377, 152, 47
43, 570, 152, 54
43, 59, 152, 51
43, 348, 152, 58
43, 511, 152, 37
43, 140, 153, 82
43, 270, 153, 70
43, 277, 153, 8
43, 538, 153, 14
43, 547, 153, 87
43, 37, 153, 48
43, 422, 153, 100
43, 304, 153, 93
43, 446, 153, 54
43, 63, 153, 79
43, 448, 153, 17
43, 192, 153, 90
43, 450, 153, 20
43, 67, 153, 90
43, 207, 153, 27
43, 344, 153, 29
43, 216, 153, 20
43, 347, 153, 22
43, 93, 153, 1
43, 350, 153, 53
43, 375, 153, 73
43, 504, 153, 67
43, 386, 154, 99
43, 136, 154, 94
43, 9, 154, 8
43, 530, 154, 59
43, 147, 154, 95
43, 533, 154, 82
43, 407, 154, 69
43, 165, 154, 26
43, 426, 154, 44
43, 56, 154, 5
43, 67, 154, 90
43, 326, 154, 76
43, 589, 154, 20
43, 209, 154, 2
43, 82, 154, 8
43, 225, 154, 64
43, 99, 154, 19
43, 230, 154, 81
43, 368, 154, 35
43, 372, 154, 98
43, 246, 154, 80
43, 254, 154, 21
43, 544, 155, 78
43, 193, 155, 89
43, 164, 155, 22
43, 421, 155, 96
43, 487, 155, 100
43, 345, 155, 33
43, 424, 155, 75
43, 135, 155, 65
43, 392, 155, 10
43, 15, 155, 2
43, 271, 155, 9
43, 49, 155, 82
43, 114, 155, 86
43, 342, 155, 54
43, 312, 155, 65
43, 537, 155, 63
43, 92, 155, 8
43, 543, 155, 39
43, 289, 156, 74
43, 7, 156, 62
43, 103, 156, 92
43, 74, 156, 76
43, 339, 156, 83
43, 533, 156, 82
43, 92, 156, 8
43, 511, 156, 37
43, 257, 157, 84
43, 5, 157, 95
43, 264, 157, 92
43, 270, 157, 70
43, 288, 157, 32
43, 35, 157, 97
43, 165, 157, 26
43, 47, 157, 70
43, 176, 157, 78
43, 305, 157, 17
43, 563, 157, 78
43, 313, 157, 74
43, 189, 157, 19
43, 194, 157, 86
43, 80, 157, 13
43, 467, 157, 20
43, 474, 157, 50
43, 488, 157, 33
43, 496, 157, 66
43, 241, 157, 69
43, 498, 157, 91
43, 247, 157, 57
43, 121, 157, 67
43, 448, 158, 17
43, 153, 158, 81
43, 550, 158, 94
43, 345, 158, 33
43, 411, 158, 1
43, 509, 158, 47
43, 451, 159, 55
43, 483, 159, 61
43, 235, 159, 13
43, 476, 159, 55
43, 383, 159, 56
43, 257, 160, 84
43, 389, 160, 50
43, 133, 160, 98
43, 268, 160, 31
43, 398, 160, 71
43, 278, 160, 35
43, 156, 160, 8
43, 41, 160, 91
43, 181, 160, 96
43, 438, 160, 99
43, 446, 160, 54
43, 582, 160, 66
43, 456, 160, 12
43, 332, 160, 80
43, 335, 160, 52
43, 82, 160, 8
43, 599, 160, 39
43, 101, 160, 9
43, 102, 160, 99
43, 497, 160, 39
43, 244, 160, 78
43, 507, 160, 61
43, 123, 160, 73
43, 161, 161, 58
43, 482, 161, 41
43, 355, 161, 21
43, 289, 161, 74
43, 65, 161, 92
43, 6, 161, 10
43, 423, 161, 91
43, 581, 161, 65
43, 358, 161, 63
43, 202, 161, 8
43, 115, 161, 15
43, 275, 161, 72
43, 22, 161, 55
43, 382, 161, 90
43, 191, 162, 15
43, 162, 162, 72
43, 325, 162, 13
43, 454, 162, 39
43, 392, 162, 10
43, 489, 162, 12
43, 298, 162, 37
43, 364, 162, 75
43, 434, 162, 25
43, 370, 162, 62
43, 117, 162, 37
43, 118, 162, 33
43, 216, 162, 20
43, 348, 162, 58
43, 349, 162, 20
43, 479, 162, 97
43, 322, 163, 47
43, 229, 163, 32
43, 71, 163, 8
43, 458, 163, 7
43, 331, 163, 26
43, 589, 163, 20
43, 591, 163, 51
43, 374, 163, 9
43, 507, 163, 61
43, 344, 163, 29
43, 313, 163, 74
43, 155, 163, 19
43, 420, 164, 34
43, 236, 164, 67
43, 496, 164, 66
43, 114, 164, 86
43, 29, 164, 53
43, 254, 164, 21
43, 2, 165, 87
43, 388, 165, 54
43, 422, 165, 100
43, 71, 165, 8
43, 170, 165, 80
43, 107, 165, 65
43, 365, 165, 81
43, 84, 165, 43
43, 565, 165, 73
43, 86, 165, 7
43, 501, 165, 88
43, 251, 165, 5
43, 508, 165, 100
43, 479, 165, 97
43, 10, 166, 27
43, 142, 166, 68
43, 21, 166, 9
43, 281, 166, 99
43, 25, 166, 93
43, 539, 166, 90
43, 552, 166, 84
43, 46, 166, 11
43, 176, 166, 78
43, 180, 166, 79
43, 567, 166, 64
43, 322, 166, 47
43, 201, 166, 80
43, 202, 166, 8
43, 82, 166, 8
43, 88, 166, 11
43, 347, 166, 22
43, 225, 166, 64
43, 114, 166, 86
43, 376, 166, 53
43, 160, 167, 15
43, 289, 167, 74
43, 384, 167, 56
43, 132, 167, 22
43, 454, 167, 39
43, 456, 167, 12
43, 107, 167, 65
43, 304, 167, 93
43, 209, 167, 2
43, 178, 167, 3
43, 567, 167, 64
43, 183, 167, 73
43, 286, 167, 95
43, 544, 168, 78
43, 65, 168, 92
43, 228, 168, 91
43, 392, 168, 10
43, 168, 168, 29
43, 237, 168, 66
43, 175, 168, 88
43, 402, 168, 37
43, 468, 168, 73
43, 218, 168, 64
43, 348, 168, 58
43, 268, 169, 31
43, 17, 169, 75
43, 23, 169, 76
43, 153, 169, 81
43, 158, 169, 25
43, 166, 169, 25
43, 307, 169, 67
43, 439, 169, 18
43, 184, 169, 93
43, 572, 169, 62
43, 573, 169, 48
43, 451, 169, 55
43, 68, 169, 89
43, 95, 169, 47
43, 357, 169, 15
43, 366, 169, 82
43, 494, 169, 34
43, 495, 169, 34
43, 116, 169, 72
43, 246, 169, 80
43, 119, 169, 93
43, 121, 169, 67
43, 248, 170, 29
43, 258, 170, 25
43, 358, 170, 63
43, 135, 170, 65
43, 363, 170, 53
43, 173, 170, 38
43, 590, 170, 34
43, 174, 170, 92
43, 50, 170, 96
43, 51, 170, 59
43, 501, 170, 88
43, 598, 170, 5
43, 469, 170, 22
43, 568, 170, 66
43, 382, 170, 90
43, 351, 170, 10
43, 516, 171, 37
43, 265, 171, 10
43, 16, 171, 27
43, 274, 171, 60
43, 541, 171, 20
43, 542, 171, 14
43, 301, 171, 33
43, 174, 171, 92
43, 432, 171, 9
43, 185, 171, 98
43, 580, 171, 56
43, 197, 171, 62
43, 198, 171, 73
43, 460, 171, 92
43, 83, 171, 76
43, 595, 171, 40
43, 223, 171, 28
43, 486, 171, 26
43, 105, 171, 39
43, 365, 171, 81
43, 367, 171, 60
43, 369, 171, 52
43, 116, 171, 72
43, 377, 171, 47
43, 124, 171, 95
43, 256, 172, 3
43, 257, 172, 84
43, 226, 172, 2
43, 89, 172, 60
43, 485, 172, 84
43, 422, 172, 100
43, 237, 172, 66
43, 462, 172, 5
43, 398, 172, 71
43, 272, 172, 98
43, 433, 172, 58
43, 536, 172, 2
43, 313, 172, 74
43, 447, 172, 59
43, 416, 173, 98
43, 449, 173, 82
43, 198, 173, 73
43, 201, 173, 80
43, 459, 173, 18
43, 303, 173, 91
43, 248, 173, 29
43, 523, 174, 98
43, 139, 174, 22
43, 275, 174, 72
43, 150, 174, 72
43, 540, 174, 76
43, 412, 174, 15
43, 541, 174, 20
43, 416, 174, 98
43, 296, 174, 73
43, 429, 174, 27
43, 431, 174, 10
43, 185, 174, 98
43, 316, 174, 42
43, 572, 174, 62
43, 319, 174, 29
43, 74, 174, 76
43, 461, 174, 45
43, 212, 174, 20
43, 597, 174, 40
43, 491, 174, 64
43, 109, 174, 47
43, 498, 174, 91
43, 320, 175, 42
43, 426, 175, 44
43, 110, 175, 91
43, 473, 175, 50
43, 572, 175, 62
43, 159, 175, 20
43, 67, 176, 90
43, 133, 176, 98
43, 585, 176, 45
43, 105, 176, 39
43, 491, 176, 64
43, 361, 176, 21
43, 562, 176, 34
43, 468, 176, 73
43, 116, 176, 72
43, 566, 176, 42
43, 442, 176, 84
43, 187, 176, 86
43, 444, 176, 56
43, 132, 177, 22
43, 551, 177, 85
43, 328, 177, 93
43, 297, 177, 44
43, 272, 177, 98
43, 529, 177, 79
43, 594, 177, 26
43, 54, 177, 68
43, 566, 177, 42
43, 441, 177, 58
43, 268, 178, 31
43, 397, 178, 60
43, 153, 178, 81
43, 33, 178, 37
43, 162, 178, 72
43, 40, 178, 53
43, 434, 178, 25
43, 307, 178, 67
43, 79, 178, 1
43, 592, 178, 46
43, 211, 178, 82
43, 469, 178, 22
43, 480, 178, 33
43, 227, 178, 87
43, 484, 178, 81
43, 108, 178, 94
43, 371, 178, 23
43, 377, 178, 47
43, 382, 178, 90
43, 1, 179, 22
43, 2, 179, 87
43, 271, 179, 9
43, 21, 179, 9
43, 539, 179, 90
43, 416, 179, 98
43, 172, 179, 32
43, 302, 179, 98
43, 47, 179, 70
43, 176, 179, 78
43, 49, 179, 82
43, 562, 179, 34
43, 191, 179, 15
43, 78, 179, 52
43, 341, 179, 93
43, 219, 179, 59
43, 349, 179, 20
43, 233, 179, 43
43, 492, 179, 37
43, 237, 179, 66
43, 245, 179, 89
43, 385, 180, 96
43, 5, 180, 95
43, 135, 180, 65
43, 147, 180, 95
43, 276, 180, 71
43, 22, 180, 55
43, 152, 180, 10
43, 158, 180, 25
43, 547, 180, 87
43, 420, 180, 34
43, 50, 180, 96
43, 306, 180, 5
43, 53, 180, 86
43, 567, 180, 64
43, 59, 180, 51
43, 194, 180, 86
43, 450, 180, 20
43, 587, 180, 5
43, 459, 180, 18
43, 81, 180, 16
43, 96, 180, 20
43, 480, 180, 33
43, 229, 180, 32
43, 494, 180, 34
43, 501, 180, 88
43, 513, 181, 38
43, 402, 181, 37
43, 275, 181, 72
43, 404, 181, 59
43, 407, 181, 69
43, 537, 181, 63
43, 538, 181, 14
43, 58, 181, 63
43, 446, 181, 54
43, 320, 181, 42
43, 194, 181, 86
43, 200, 181, 59
43, 73, 181, 53
43, 220, 181, 75
43, 96, 181, 20
43, 354, 181, 48
43, 355, 181, 21
43, 363, 181, 53
43, 377, 181, 47
43, 257, 182, 84
43, 166, 182, 25
43, 167, 182, 2
43, 296, 182, 73
43, 171, 182, 38
43, 45, 182, 39
43, 303, 182, 91
43, 51, 182, 59
43, 441, 182, 58
43, 570, 182, 54
43, 573, 182, 48
43, 191, 182, 15
43, 451, 182, 55
43, 79, 182, 1
43, 208, 182, 79
43, 593, 182, 44
43, 352, 182, 3
43, 226, 182, 2
43, 111, 182, 54
43, 123, 182, 73
43, 257, 183, 84
43, 135, 183, 65
43, 523, 183, 98
43, 268, 183, 31
43, 406, 183, 37
43, 538, 183, 14
43, 154, 183, 97
43, 414, 183, 83
43, 546, 183, 31
43, 429, 183, 27
43, 46, 183, 11
43, 302, 183, 98
43, 434, 183, 25
43, 581, 183, 65
43, 197, 183, 62
43, 204, 183, 87
43, 77, 183, 31
43, 339, 183, 83
43, 347, 183, 22
43, 222, 183, 97
43, 94, 183, 38
43, 105, 183, 39
43, 495, 183, 34
43, 244, 183, 78
43, 118, 183, 33
43, 231, 184, 100
43, 425, 184, 38
43, 493, 184, 58
43, 334, 184, 52
43, 407, 184, 69
43, 344, 184, 29
43, 0, 185, 79
43, 194, 185, 86
43, 293, 185, 94
43, 550, 185, 94
43, 168, 185, 29
43, 522, 185, 76
43, 236, 185, 67
43, 528, 185, 70
43, 400, 185, 3
43, 403, 185, 40
43, 378, 185, 38
43, 251, 185, 5
43, 97, 186, 81
43, 259, 186, 23
43, 547, 186, 87
43, 105, 186, 39
43, 42, 186, 90
43, 457, 186, 2
43, 494, 186, 34
43, 243, 186, 16
43, 499, 186, 73
43, 287, 186, 17
43, 517, 187, 21
43, 390, 187, 13
43, 519, 187, 9
43, 583, 187, 8
43, 174, 187, 92
43, 371, 187, 23
43, 564, 187, 86
43, 407, 187, 69
43, 281, 187, 99
43, 282, 187, 59
43, 283, 187, 78
43, 572, 187, 62
43, 381, 187, 15
43, 191, 187, 15
43, 514, 188, 95
43, 516, 188, 37
43, 389, 188, 50
43, 393, 188, 73
43, 399, 188, 4
43, 148, 188, 67
43, 22, 188, 55
43, 283, 188, 78
43, 31, 188, 80
43, 161, 188, 58
43, 44, 188, 32
43, 180, 188, 79
43, 53, 188, 86
43, 308, 188, 84
43, 572, 188, 62
43, 66, 188, 59
43, 454, 188, 39
43, 206, 188, 7
43, 209, 188, 2
43, 472, 188, 69
43, 473, 188, 50
43, 474, 188, 50
43, 349, 188, 20
43, 506, 188, 51
43, 378, 188, 38
43, 229, 189, 32
43, 337, 189, 91
43, 562, 189, 34
43, 474, 189, 50
43, 26, 189, 43
43, 188, 189, 94
43, 161, 190, 58
43, 34, 190, 27
43, 259, 190, 23
43, 261, 190, 42
43, 197, 190, 62
43, 317, 190, 3
43, 335, 190, 52
43, 208, 190, 79
43, 369, 190, 52
43, 468, 190, 73
43, 116, 190, 72
43, 409, 190, 99
43, 187, 190, 86
43, 93, 190, 1
43, 95, 190, 47
43, 127, 190, 69
43, 416, 191, 98
43, 321, 191, 53
43, 550, 191, 94
43, 425, 191, 38
43, 585, 191, 45
43, 139, 191, 22
43, 441, 191, 58
43, 46, 191, 11
43, 495, 191, 34
43, 369, 191, 52
43, 82, 191, 8
43, 339, 191, 83
43, 84, 191, 43
43, 536, 191, 2
43, 473, 191, 50
43, 122, 191, 87
43, 283, 191, 78
43, 95, 191, 47
43, 256, 192, 3
43, 65, 192, 92
43, 514, 192, 95
43, 131, 192, 69
43, 292, 192, 38
43, 581, 192, 65
43, 326, 192, 76
43, 198, 192, 73
43, 518, 192, 23
43, 519, 192, 9
43, 370, 192, 62
43, 21, 192, 9
43, 280, 192, 35
43, 409, 192, 99
43, 410, 192, 84
43, 571, 192, 81
43, 478, 192, 95
43, 383, 192, 56
43, 5, 193, 95
43, 295, 193, 4
43, 395, 193, 49
43, 203, 193, 90
43, 558, 193, 20
43, 434, 193, 25
43, 372, 193, 98
43, 532, 193, 35
43, 475, 193, 66
43, 62, 193, 30
43, 159, 193, 20
43, 68, 194, 89
43, 487, 194, 100
43, 234, 194, 45
43, 491, 194, 64
43, 173, 194, 38
43, 367, 194, 60
43, 176, 194, 78
43, 112, 194, 87
43, 50, 194, 96
43, 49, 194, 82
43, 566, 194, 42
43, 409, 194, 99
43, 27, 194, 87
43, 445, 194, 30
43, 194, 195, 86
43, 344, 195, 29
43, 67, 195, 90
43, 167, 195, 2
43, 104, 195, 41
43, 235, 195, 13
43, 398, 195, 71
43, 369, 195, 52
43, 594, 195, 26
43, 339, 195, 83
43, 114, 195, 86
43, 436, 195, 93
43, 437, 195, 57
43, 24, 195, 44
43, 539, 195, 90
43, 161, 196, 58
43, 68, 196, 89
43, 488, 196, 33
43, 556, 196, 52
43, 237, 196, 66
43, 575, 196, 58
43, 114, 196, 86
43, 27, 196, 87
43, 447, 196, 59
43, 455, 197, 86
43, 74, 197, 76
43, 241, 197, 69
43, 529, 197, 79
43, 218, 197, 64
43, 317, 197, 3
43, 445, 197, 30
43, 222, 197, 97
43, 387, 198, 17
43, 234, 198, 45
43, 368, 198, 35
43, 336, 198, 49
43, 508, 198, 100
43, 0, 199, 79
43, 160, 199, 15
43, 546, 199, 31
43, 163, 199, 42
43, 547, 199, 87
43, 307, 199, 67
43, 54, 199, 68
43, 447, 199, 59
43, 64, 199, 4
43, 322, 199, 47
43, 331, 199, 26
43, 589, 199, 20
43, 597, 199, 40
43, 214, 199, 66
43, 215, 199, 46
43, 490, 199, 7
43, 374, 199, 9
43, 377, 199, 47
43, 383, 199, 56
43, 34, 200, 27
43, 514, 200, 95
43, 98, 200, 65
43, 79, 200, 1
43, 84, 200, 43
43, 184, 200, 93
43, 153, 200, 81
43, 7, 201, 62
43, 538, 201, 14
43, 539, 201, 90
43, 157, 201, 30
43, 161, 201, 58
43, 36, 201, 65
43, 424, 201, 75
43, 42, 201, 90
43, 429, 201, 27
43, 434, 201, 25
43, 442, 201, 84
43, 60, 201, 52
43, 471, 201, 72
43, 481, 201, 99
43, 98, 201, 65
43, 359, 201, 95
43, 236, 201, 67
43, 370, 201, 62
43, 251, 201, 5
43, 76, 202, 86
43, 83, 202, 76
43, 501, 202, 88
43, 343, 202, 32
43, 478, 202, 95
43, 192, 203, 90
43, 449, 203, 82
43, 163, 203, 42
43, 164, 203, 22
43, 584, 203, 96
43, 394, 203, 63
43, 473, 203, 50
43, 177, 203, 58
43, 532, 203, 35
43, 533, 203, 82
43, 280, 203, 35
43, 281, 203, 99
43, 478, 203, 95
43, 580, 204, 56
43, 69, 204, 80
43, 390, 204, 13
43, 454, 204, 39
43, 8, 204, 52
43, 528, 204, 70
43, 50, 204, 96
43, 51, 204, 59
43, 566, 204, 42
43, 24, 204, 44
43, 480, 205, 33
43, 68, 205, 89
43, 37, 205, 48
43, 331, 205, 26
43, 492, 205, 37
43, 302, 205, 98
43, 527, 205, 91
43, 399, 205, 4
43, 407, 205, 69
43, 474, 205, 50
43, 572, 205, 62
43, 478, 205, 95
43, 159, 205, 20
43, 544, 206, 78
43, 0, 206, 79
43, 416, 206, 98
43, 260, 206, 64
43, 133, 206, 98
43, 550, 206, 94
43, 581, 206, 65
43, 197, 206, 62
43, 266, 206, 71
43, 426, 206, 44
43, 174, 206, 92
43, 465, 206, 46
43, 145, 206, 22
43, 113, 206, 84
43, 277, 206, 8
43, 310, 206, 49
43, 507, 206, 61
43, 477, 206, 85
43, 7, 207, 62
43, 265, 207, 10
43, 267, 207, 27
43, 141, 207, 51
43, 153, 207, 81
43, 409, 207, 99
43, 286, 207, 95
43, 294, 207, 47
43, 181, 207, 96
43, 185, 207, 98
43, 442, 207, 84
43, 192, 207, 90
43, 196, 207, 36
43, 199, 207, 5
43, 79, 207, 1
43, 335, 207, 52
43, 469, 207, 22
43, 221, 207, 2
43, 487, 207, 100
43, 494, 207, 34
43, 255, 207, 15
43, 520, 208, 51
43, 266, 208, 71
43, 143, 208, 41
43, 277, 208, 8
43, 150, 208, 72
43, 161, 208, 58
43, 420, 208, 34
43, 39, 208, 31
43, 306, 208, 5
43, 565, 208, 73
43, 186, 208, 8
43, 446, 208, 54
43, 63, 208, 79
43, 581, 208, 65
43, 326, 208, 76
43, 463, 208, 56
43, 336, 208, 49
43, 89, 208, 60
43, 353, 208, 10
43, 354, 208, 48
43, 492, 208, 37
43, 111, 208, 54
43, 247, 208, 57
43, 376, 208, 53
43, 122, 208, 87
43, 33, 209, 37
43, 194, 209, 86
43, 259, 209, 23
43, 196, 209, 36
43, 329, 209, 62
43, 106, 209, 6
43, 204, 209, 87
43, 109, 209, 47
43, 210, 209, 90
43, 82, 209, 8
43, 434, 209, 25
43, 471, 209, 72
43, 411, 209, 1
43, 476, 209, 55
43, 413, 209, 41
43, 515, 210, 96
43, 3, 210, 38
43, 171, 210, 38
43, 334, 210, 52
43, 270, 210, 70
43, 304, 210, 93
43, 146, 210, 54
43, 97, 211, 81
43, 356, 211, 84
43, 581, 211, 65
43, 230, 211, 81
43, 519, 211, 9
43, 391, 211, 17
43, 575, 211, 58
43, 559, 211, 10
43, 211, 211, 82
43, 21, 211, 9
43, 246, 211, 80
43, 598, 211, 5
43, 158, 211, 25
43, 159, 211, 20
43, 0, 212, 79
43, 10, 212, 27
43, 397, 212, 60
43, 530, 212, 59
43, 405, 212, 10
43, 157, 212, 30
43, 31, 212, 80
43, 425, 212, 38
43, 299, 212, 4
43, 440, 212, 46
43, 569, 212, 38
43, 449, 212, 82
43, 322, 212, 47
43, 196, 212, 36
43, 582, 212, 66
43, 584, 212, 96
43, 210, 212, 90
43, 595, 212, 40
43, 479, 212, 97
43, 225, 212, 64
43, 237, 212, 66
43, 241, 212, 69
43, 120, 212, 32
43, 254, 212, 21
43, 68, 213, 89
43, 293, 213, 94
43, 392, 213, 10
43, 72, 213, 75
43, 592, 213, 46
43, 220, 213, 75
43, 287, 213, 17
43, 580, 214, 56
43, 236, 214, 67
43, 524, 214, 26
43, 464, 214, 8
43, 465, 214, 46
43, 83, 214, 76
43, 52, 214, 13
43, 55, 214, 37
43, 314, 214, 85
43, 283, 214, 78
43, 263, 215, 22
43, 138, 215, 10
43, 267, 215, 27
43, 146, 215, 54
43, 277, 215, 8
43, 25, 215, 93
43, 542, 215, 14
43, 169, 215, 23
43, 436, 215, 93
43, 56, 215, 5
43, 442, 215, 84
43, 62, 215, 30
43, 192, 215, 90
43, 585, 215, 45
43, 332, 215, 80
43, 465, 215, 46
43, 211, 215, 82
43, 341, 215, 93
43, 344, 215, 29
43, 95, 215, 47
43, 99, 215, 19
43, 485, 215, 84
43, 252, 215, 26
43, 4, 216, 81
43, 520, 216, 51
43, 404, 216, 59
43, 406, 216, 37
43, 279, 216, 71
43, 32, 216, 32
43, 34, 216, 27
43, 36, 216, 65
43, 48, 216, 82
43, 314, 216, 85
43, 454, 216, 39
43, 329, 216, 62
43, 76, 216, 86
43, 463, 216, 56
43, 336, 216, 49
43, 342, 216, 54
43, 347, 216, 22
43, 240, 216, 94
43, 242, 216, 70
43, 116, 216, 72
43, 119, 216, 93
43, 505, 216, 79
43, 506, 216, 51
43, 509, 216, 47
43, 3, 217, 38
43, 531, 217, 8
43, 536, 217, 2
43, 283, 217, 78
43, 415, 217, 48
43, 417, 217, 6
43, 163, 217, 42
43, 38, 217, 32
43, 422, 217, 100
43, 301, 217, 33
43, 179, 217, 55
43, 565, 217, 73
43, 580, 217, 56
43, 454, 217, 39
43, 74, 217, 76
43, 466, 217, 25
43, 218, 217, 64
43, 354, 217, 48
43, 106, 217, 6
43, 368, 217, 35
43, 113, 217, 84
43, 240, 217, 94
43, 383, 217, 56
43, 65, 218, 92
43, 354, 218, 48
43, 483, 218, 61
43, 330, 218, 31
43, 243, 218, 16
43, 436, 218, 93
43, 372, 218, 98
43, 316, 218, 42
43, 154, 218, 97
43, 572, 218, 62
43, 288, 219, 32
43, 289, 219, 74
43, 162, 219, 72
43, 450, 219, 20
43, 128, 219, 96
43, 552, 219, 84
43, 77, 219, 31
43, 174, 219, 92
43, 527, 219, 91
43, 208, 219, 79
43, 205, 219, 75
43, 338, 219, 56
43, 78, 219, 52
43, 125, 219, 40
43, 133, 220, 98
43, 390, 220, 13
43, 519, 220, 9
43, 12, 220, 85
43, 13, 220, 23
43, 155, 220, 19
43, 540, 220, 76
43, 412, 220, 15
43, 547, 220, 87
43, 420, 220, 34
43, 549, 220, 55
43, 47, 220, 70
43, 305, 220, 17
43, 320, 220, 42
43, 451, 220, 55
43, 333, 220, 96
43, 591, 220, 51
43, 466, 220, 25
43, 340, 220, 51
43, 597, 220, 40
43, 498, 220, 91
43, 249, 220, 50
43, 506, 220, 51
43, 518, 221, 23
43, 107, 221, 65
43, 399, 221, 4
43, 240, 221, 94
43, 305, 221, 17
43, 150, 221, 72
43, 249, 221, 50
43, 573, 221, 48
43, 318, 221, 29
43, 4, 222, 81
43, 270, 222, 70
43, 276, 222, 71
43, 280, 222, 35
43, 281, 222, 99
43, 155, 222, 19
43, 34, 222, 27
43, 421, 222, 96
43, 425, 222, 38
43, 308, 222, 84
43, 193, 222, 89
43, 453, 222, 72
43, 454, 222, 39
43, 206, 222, 7
43, 79, 222, 1
43, 336, 222, 49
43, 592, 222, 46
43, 473, 222, 50
43, 224, 222, 39
43, 241, 222, 69
43, 504, 222, 67
43, 510, 222, 63
43, 386, 223, 99
43, 130, 223, 82
43, 194, 223, 86
43, 360, 223, 14
43, 554, 223, 88
43, 267, 223, 27
43, 428, 223, 34
43, 43, 223, 22
43, 559, 223, 10
43, 401, 223, 24
43, 242, 223, 70
43, 561, 223, 6
43, 565, 223, 73
43, 22, 223, 55
43, 475, 223, 66
43, 222, 223, 97
43, 515, 224, 96
43, 402, 224, 37
43, 404, 224, 59
43, 279, 224, 71
43, 26, 224, 43
43, 32, 224, 32
43, 170, 224, 80
43, 554, 224, 88
43, 177, 224, 58
43, 567, 224, 64
43, 568, 224, 66
43, 185, 224, 98
43, 572, 224, 62
43, 63, 224, 79
43, 328, 224, 93
43, 209, 224, 2
43, 472, 224, 69
43, 350, 224, 53
43, 485, 224, 84
43, 103, 224, 92
43, 118, 224, 33
43, 125, 224, 40
43, 544, 225, 78
43, 451, 225, 55
43, 421, 225, 96
43, 458, 225, 7
43, 346, 225, 3
43, 17, 225, 75
43, 530, 225, 59
43, 307, 225, 67
43, 282, 225, 59
43, 315, 225, 1
43, 61, 225, 61
43, 511, 225, 37
43, 384, 226, 56
43, 580, 226, 56
43, 392, 226, 10
43, 297, 226, 44
43, 298, 226, 37
43, 40, 226, 53
43, 44, 226, 32
43, 140, 226, 82
43, 556, 226, 52
43, 209, 226, 2
43, 594, 226, 26
43, 371, 226, 23
43, 276, 226, 71
43, 565, 226, 73
43, 447, 226, 59
43, 273, 227, 21
43, 282, 227, 59
43, 283, 227, 78
43, 412, 227, 15
43, 541, 227, 20
43, 551, 227, 85
43, 41, 227, 91
43, 169, 227, 23
43, 46, 227, 11
43, 177, 227, 58
43, 567, 227, 64
43, 312, 227, 65
43, 317, 227, 3
43, 64, 227, 4
43, 322, 227, 47
43, 582, 227, 66
43, 73, 227, 53
43, 458, 227, 7
43, 75, 227, 78
43, 594, 227, 26
43, 102, 227, 99
43, 235, 227, 13
43, 374, 227, 9
43, 381, 227, 15
43, 126, 227, 84
43, 16, 228, 27
43, 277, 228, 8
43, 408, 228, 55
43, 541, 228, 20
43, 32, 228, 32
43, 163, 228, 42
43, 291, 228, 57
43, 40, 228, 53
43, 296, 228, 73
43, 171, 228, 38
43, 427, 228, 58
43, 304, 228, 93
43, 561, 228, 6
43, 194, 228, 86
43, 579, 228, 87
43, 469, 228, 22
43, 342, 228, 54
43, 215, 228, 46
43, 88, 228, 11
43, 349, 228, 20
43, 490, 228, 7
43, 368, 228, 35
43, 499, 228, 73
43, 243, 228, 16
43, 251, 228, 5
43, 388, 229, 54
43, 171, 229, 38
43, 334, 229, 52
43, 495, 229, 34
43, 592, 229, 46
43, 473, 229, 50
43, 129, 230, 24
43, 2, 230, 87
43, 385, 230, 96
43, 269, 230, 89
43, 531, 230, 8
43, 280, 230, 35
43, 156, 230, 8
43, 545, 230, 15
43, 565, 230, 73
43, 573, 230, 48
43, 580, 230, 56
43, 458, 230, 7
43, 465, 230, 46
43, 470, 230, 21
43, 599, 230, 39
43, 93, 230, 1
43, 98, 230, 65
43, 230, 230, 81
43, 495, 230, 34
43, 240, 230, 94
43, 379, 230, 4
43, 254, 230, 21
43, 256, 231, 3
43, 135, 231, 65
43, 266, 231, 71
43, 271, 231, 9
43, 532, 231, 35
43, 27, 231, 87
43, 547, 231, 87
43, 302, 231, 98
43, 568, 231, 66
43, 569, 231, 38
43, 189, 231, 19
43, 448, 231, 17
43, 579, 231, 87
43, 73, 231, 53
43, 330, 231, 31
43, 342, 231, 54
43, 103, 231, 92
43, 498, 231, 91
43, 126, 231, 84
43, 0, 232, 79
43, 128, 232, 96
43, 599, 232, 39
43, 395, 232, 49
43, 20, 232, 58
43, 150, 232, 72
43, 375, 232, 73
43, 60, 232, 52
43, 387, 233, 17
43, 260, 233, 64
43, 389, 233, 50
43, 267, 233, 27
43, 15, 233, 2
43, 401, 233, 24
43, 147, 233, 95
43, 533, 233, 82
43, 408, 233, 55
43, 416, 233, 98
43, 33, 233, 37
43, 293, 233, 94
43, 551, 233, 85
43, 214, 233, 66
43, 353, 233, 10
43, 97, 233, 81
43, 230, 233, 81
43, 107, 233, 65
43, 381, 233, 15
43, 350, 234, 53
43, 260, 234, 64
43, 488, 234, 33
43, 72, 234, 75
43, 432, 234, 9
43, 113, 234, 84
43, 210, 234, 90
43, 308, 234, 84
43, 121, 234, 67
43, 252, 234, 26
43, 157, 234, 30
43, 318, 234, 29
43, 513, 235, 38
43, 386, 235, 99
43, 394, 235, 63
43, 273, 235, 21
43, 404, 235, 59
43, 42, 235, 90
43, 46, 235, 11
43, 310, 235, 49
43, 57, 235, 65
43, 326, 235, 76
43, 588, 235, 75
43, 208, 235, 79
43, 470, 235, 21
43, 472, 235, 69
43, 222, 235, 97
43, 100, 235, 30
43, 229, 235, 32
43, 364, 235, 75
43, 367, 235, 60
43, 368, 235, 35
43, 500, 235, 11
43, 123, 235, 73
43, 321, 236, 53
43, 193, 236, 89
43, 35, 236, 97
43, 132, 236, 22
43, 329, 236, 62
43, 458, 236, 7
43, 428, 236, 34
43, 396, 236, 25
43, 14, 236, 23
43, 432, 236, 9
43, 347, 236, 22
43, 315, 236, 1
43, 316, 236, 42
43, 61, 236, 61
43, 518, 237, 23
43, 264, 237, 92
43, 148, 237, 67
43, 33, 237, 37
43, 41, 237, 91
43, 556, 237, 52
43, 307, 237, 67
43, 565, 237, 73
43, 62, 237, 30
43, 585, 237, 45
43, 467, 237, 20
43, 83, 237, 76
43, 85, 237, 70
43, 472, 237, 69
43, 481, 237, 99
43, 101, 237, 9
43, 107, 237, 65
43, 109, 237, 47
43, 503, 237, 83
43, 505, 237, 79
43, 382, 237, 90
43, 518, 238, 23
43, 396, 238, 25
43, 526, 238, 83
43, 155, 238, 19
43, 540, 238, 76
43, 285, 238, 31
43, 549, 238, 55
43, 168, 238, 29
43, 171, 238, 38
43, 174, 238, 92
43, 431, 238, 10
43, 187, 238, 86
43, 460, 238, 92
43, 334, 238, 52
43, 344, 238, 29
43, 227, 238, 87
43, 371, 238, 23
43, 243, 238, 16
43, 119, 238, 93
43, 249, 238, 50
43, 509, 238, 47
43, 354, 239, 48
43, 228, 239, 91
43, 297, 239, 44
43, 202, 239, 8
43, 330, 239, 31
43, 489, 239, 12
43, 525, 239, 32
43, 305, 239, 17
43, 216, 239, 20
43, 88, 239, 11
43, 383, 239, 56
43, 129, 240, 24
43, 481, 240, 99
43, 195, 240, 40
43, 449, 240, 82
43, 229, 240, 32
43, 325, 240, 13
43, 523, 240, 98
43, 400, 240, 3
43, 438, 240, 99
43, 279, 240, 71
43, 249, 240, 50
43, 90, 240, 56
43, 445, 240, 30
43, 62, 240, 30
43, 452, 241, 63
43, 39, 241, 31
43, 171, 241, 38
43, 206, 241, 7
43, 497, 241, 39
43, 531, 241, 8
43, 53, 241, 86
43, 149, 241, 41
43, 188, 241, 94
43, 510, 241, 63
43, 514, 242, 95
43, 389, 242, 50
43, 518, 242, 23
43, 391, 242, 17
43, 392, 242, 10
43, 271, 242, 9
43, 528, 242, 70
43, 149, 242, 41
43, 27, 242, 87
43, 540, 242, 76
43, 159, 242, 20
43, 32, 242, 32
43, 46, 242, 11
43, 562, 242, 34
43, 576, 242, 71
43, 577, 242, 2
43, 585, 242, 45
43, 460, 242, 92
43, 205, 242, 75
43, 336, 242, 49
43, 81, 242, 16
43, 466, 242, 25
43, 470, 242, 21
43, 345, 242, 33
43, 375, 242, 73
43, 193, 243, 89
43, 99, 243, 19
43, 358, 243, 63
43, 103, 243, 92
43, 362, 243, 95
43, 75, 243, 78
43, 298, 243, 37
43, 301, 243, 33
43, 429, 243, 27
43, 178, 243, 3
43, 307, 243, 67
43, 402, 243, 37
43, 186, 243, 8
43, 61, 243, 61
43, 3, 244, 38
43, 6, 244, 10
43, 391, 244, 17
43, 521, 244, 68
43, 19, 244, 13
43, 409, 244, 99
43, 306, 244, 5
43, 62, 244, 30
43, 448, 244, 17
43, 197, 244, 62
43, 328, 244, 93
43, 344, 244, 29
43, 481, 244, 99
43, 483, 244, 61
43, 491, 244, 64
43, 495, 244, 34
43, 496, 244, 66
43, 499, 244, 73
43, 510, 244, 63
43, 511, 244, 37
43, 518, 245, 23
43, 135, 245, 65
43, 6, 245, 10
43, 401, 245, 24
43, 18, 245, 63
43, 533, 245, 82
43, 280, 245, 35
43, 152, 245, 10
43, 29, 245, 53
43, 166, 245, 25
43, 550, 245, 94
43, 170, 245, 80
43, 568, 245, 66
43, 190, 245, 82
43, 574, 245, 70
43, 332, 245, 80
43, 591, 245, 51
43, 465, 245, 46
43, 339, 245, 83
43, 596, 245, 52
43, 599, 245, 39
43, 350, 245, 53
43, 484, 245, 81
43, 118, 245, 33
43, 503, 246, 83
43, 103, 246, 92
43, 436, 246, 93
43, 439, 246, 18
43, 218, 246, 64
43, 352, 247, 3
43, 288, 247, 32
43, 289, 247, 74
43, 192, 247, 90
43, 231, 247, 100
43, 200, 247, 59
43, 73, 247, 53
43, 586, 247, 3
43, 363, 247, 53
43, 46, 247, 11
43, 496, 247, 66
43, 529, 247, 79
43, 467, 247, 20
43, 23, 247, 76
43, 216, 247, 20
43, 250, 247, 92
43, 155, 247, 19
43, 93, 247, 1
43, 131, 248, 69
43, 262, 248, 41
43, 528, 248, 70
43, 429, 248, 27
43, 49, 248, 82
43, 562, 248, 34
43, 181, 248, 96
43, 202, 248, 8
43, 461, 248, 45
43, 205, 248, 75
43, 334, 248, 52
43, 336, 248, 49
43, 343, 248, 32
43, 91, 248, 2
43, 222, 248, 97
43, 480, 248, 33
43, 104, 248, 41
43, 491, 248, 64
43, 112, 248, 87
43, 371, 248, 23
43, 500, 248, 11
43, 509, 248, 47
43, 484, 249, 81
43, 133, 249, 98
43, 218, 249, 64
43, 307, 249, 67
43, 435, 249, 70
43, 403, 249, 40
43, 244, 249, 78
43, 250, 249, 92
43, 507, 249, 61
43, 444, 249, 56
43, 575, 249, 58
43, 131, 250, 69
43, 401, 250, 24
43, 403, 250, 40
43, 152, 250, 10
43, 282, 250, 59
43, 156, 250, 8
43, 33, 250, 37
43, 295, 250, 4
43, 553, 250, 50
43, 429, 250, 27
43, 304, 250, 93
43, 566, 250, 42
43, 192, 250, 90
43, 326, 250, 76
43, 74, 250, 76
43, 473, 250, 50
43, 350, 250, 53
43, 107, 250, 65
43, 248, 250, 29
43, 253, 250, 80
43, 224, 251, 39
43, 321, 251, 53
43, 450, 251, 20
43, 483, 251, 61
43, 4, 251, 81
43, 35, 251, 97
43, 356, 251, 84
43, 135, 251, 65
43, 427, 251, 58
43, 271, 251, 9
43, 176, 251, 78
43, 113, 251, 84
43, 22, 251, 55
43, 57, 251, 65
43, 545, 252, 15
43, 162, 252, 72
43, 509, 252, 47
43, 263, 252, 22
43, 172, 252, 32
43, 301, 252, 33
43, 494, 252, 34
43, 496, 252, 66
43, 337, 252, 91
43, 464, 252, 8
43, 51, 252, 59
43, 52, 252, 13
43, 181, 252, 96
43, 116, 252, 72
43, 408, 252, 55
43, 477, 252, 85
43, 319, 252, 29
43, 578, 253, 78
43, 482, 253, 41
43, 291, 253, 57
43, 261, 253, 42
43, 233, 253, 43
43, 525, 253, 32
43, 206, 253, 7
43, 241, 253, 69
43, 434, 253, 25
43, 212, 253, 20
43, 372, 253, 98
43, 566, 253, 42
43, 24, 253, 44
43, 541, 253, 20
43, 254, 253, 21
43, 127, 253, 69
43, 512, 254, 24
43, 7, 254, 62
43, 270, 254, 70
43, 158, 254, 25
43, 547, 254, 87
43, 419, 254, 81
43, 552, 254, 84
43, 298, 254, 37
43, 43, 254, 22
43, 438, 254, 99
43, 573, 254, 48
43, 63, 254, 79
43, 196, 254, 36
43, 581, 254, 65
43, 325, 254, 13
43, 336, 254, 49
43, 467, 254, 20
43, 214, 254, 66
43, 472, 254, 69
43, 110, 254, 91
43, 119, 254, 93
43, 555, 255, 1
43, 395, 255, 49
43, 82, 255, 8
43, 275, 255, 72
43, 222, 255, 97
43, 483, 256, 61
43, 259, 256, 23
43, 327, 256, 95
43, 104, 256, 41
43, 363, 256, 53
43, 463, 256, 56
43, 369, 256, 52
43, 594, 256, 26
43, 81, 256, 16
43, 404, 256, 59
43, 343, 256, 32
43, 505, 256, 79
43, 282, 256, 59
43, 380, 256, 25
43, 317, 256, 3
43, 487, 257, 100
43, 465, 257, 46
43, 279, 257, 71
43, 24, 257, 44
43, 574, 257, 70
43, 1, 258, 22
43, 135, 258, 65
43, 523, 258, 98
43, 401, 258, 24
43, 277, 258, 8
43, 151, 258, 32
43, 282, 258, 59
43, 26, 258, 43
43, 565, 258, 73
43, 454, 258, 39
43, 455, 258, 86
43, 585, 258, 45
43, 459, 258, 18
43, 334, 258, 52
43, 464, 258, 8
43, 348, 258, 58
43, 233, 258, 43
43, 366, 258, 82
43, 500, 258, 11
43, 246, 258, 80
43, 503, 259, 83
43, 294, 259, 47
43, 136, 259, 94
43, 332, 259, 80
43, 558, 259, 20
43, 433, 259, 58
43, 84, 259, 43
43, 500, 259, 11
43, 469, 259, 22
43, 599, 259, 39
43, 404, 259, 59
43, 438, 259, 99
43, 246, 259, 80
43, 251, 259, 5
43, 508, 259, 100
43, 29, 259, 53
43, 481, 260, 99
43, 162, 260, 72
43, 264, 260, 92
43, 331, 260, 26
43, 43, 260, 22
43, 171, 260, 38
43, 371, 260, 23
43, 467, 260, 20
43, 597, 260, 40
43, 214, 260, 66
43, 118, 260, 33
43, 280, 260, 35
43, 213, 260, 86
43, 244, 260, 78
43, 574, 260, 70
43, 63, 260, 79
43, 129, 261, 24
43, 226, 261, 2
43, 260, 261, 64
43, 108, 261, 94
43, 109, 261, 47
43, 531, 261, 8
43, 435, 261, 70
43, 21, 261, 9
43, 214, 261, 66
43, 275, 261, 72
43, 505, 261, 79
43, 124, 261, 95
43, 158, 261, 25
43, 415, 261, 48
43, 386, 262, 99
43, 444, 262, 56
43, 292, 262, 38
43, 423, 262, 91
43, 394, 262, 63
43, 203, 262, 90
43, 60, 262, 52
43, 528, 262, 70
43, 282, 262, 59
43, 412, 262, 15
43, 477, 262, 85
43, 158, 262, 25
43, 261, 263, 42
43, 392, 263, 10
43, 266, 263, 71
43, 140, 263, 82
43, 144, 263, 61
43, 529, 263, 79
43, 533, 263, 82
43, 149, 263, 41
43, 279, 263, 71
43, 536, 263, 2
43, 41, 263, 91
43, 175, 263, 88
43, 566, 263, 42
43, 58, 263, 63
43, 188, 263, 94
43, 65, 263, 92
43, 577, 263, 2
43, 78, 263, 52
43, 599, 263, 39
43, 343, 263, 32
43, 95, 263, 47
43, 371, 263, 23
43, 500, 263, 11
43, 379, 263, 4
43, 510, 263, 63
43, 416, 264, 98
43, 161, 264, 58
43, 0, 264, 79
43, 291, 264, 57
43, 100, 264, 30
43, 579, 264, 87
43, 356, 264, 84
43, 488, 264, 33
43, 265, 264, 10
43, 490, 264, 7
43, 298, 264, 37
43, 16, 264, 27
43, 81, 264, 16
43, 433, 264, 58
43, 598, 264, 5
43, 407, 264, 69
43, 441, 264, 58
43, 283, 264, 78
43, 576, 265, 71
43, 320, 265, 42
43, 549, 265, 55
43, 486, 265, 26
43, 74, 265, 76
43, 396, 265, 25
43, 525, 265, 32
43, 494, 265, 34
43, 44, 265, 32
43, 275, 265, 72
43, 597, 265, 40
43, 569, 265, 38
43, 509, 265, 47
43, 419, 266, 81
43, 295, 266, 4
43, 207, 266, 27
43, 401, 266, 24
43, 435, 266, 70
43, 375, 266, 73
43, 537, 266, 63
43, 26, 266, 43
43, 479, 266, 97
43, 481, 267, 99
43, 99, 267, 19
43, 4, 267, 81
43, 164, 267, 22
43, 232, 267, 89
43, 298, 267, 37
43, 75, 267, 78
43, 461, 267, 45
43, 304, 267, 93
43, 146, 267, 54
43, 343, 267, 32
43, 215, 267, 46
43, 539, 267, 90
43, 162, 268, 72
43, 546, 268, 31
43, 487, 268, 100
43, 519, 268, 9
43, 429, 268, 27
43, 143, 268, 41
43, 432, 268, 9
43, 113, 268, 84
43, 124, 268, 95
43, 152, 268, 10
43, 538, 268, 14
43, 379, 268, 4
43, 284, 268, 54
43, 267, 269, 27
43, 12, 269, 85
43, 144, 269, 61
43, 275, 269, 72
43, 409, 269, 99
43, 160, 269, 15
43, 546, 269, 31
43, 296, 269, 73
43, 575, 269, 58
43, 327, 269, 95
43, 75, 269, 78
43, 593, 269, 44
43, 214, 269, 66
43, 346, 269, 3
43, 221, 269, 2
43, 486, 269, 26
43, 104, 269, 41
43, 237, 269, 66
43, 110, 269, 91
43, 498, 269, 91
43, 246, 269, 80
43, 247, 269, 57
43, 507, 269, 61
43, 416, 270, 98
43, 321, 270, 53
43, 323, 270, 53
43, 420, 270, 34
43, 227, 270, 87
43, 263, 270, 22
43, 427, 270, 58
43, 237, 270, 66
43, 333, 270, 96
43, 433, 270, 58
43, 403, 270, 40
43, 341, 270, 93
43, 373, 270, 99
43, 413, 270, 41
43, 313, 270, 74
43, 252, 270, 26
43, 381, 270, 15
43, 190, 270, 82
43, 318, 271, 29
43, 414, 271, 83
43, 69, 271, 80
43, 518, 271, 23
43, 199, 271, 5
43, 105, 271, 39
43, 524, 271, 26
43, 236, 271, 67
43, 494, 271, 34
43, 148, 271, 67
43, 276, 271, 71
43, 374, 271, 9
43, 532, 271, 35
43, 220, 271, 75
43, 189, 271, 19
43, 382, 271, 90
43, 575, 271, 58
43, 191, 272, 15
43, 36, 272, 65
43, 197, 272, 62
43, 263, 272, 22
43, 361, 272, 21
43, 11, 272, 37
43, 331, 272, 26
43, 299, 272, 4
43, 237, 272, 66
43, 459, 272, 18
43, 209, 272, 2
43, 370, 272, 62
43, 276, 272, 71
43, 183, 272, 73
43, 539, 272, 90
43, 156, 272, 8
43, 414, 272, 83
43, 287, 272, 17
43, 292, 273, 38
43, 517, 273, 21
43, 230, 273, 81
43, 583, 273, 8
43, 455, 273, 86
43, 134, 273, 91
43, 135, 273, 65
43, 237, 273, 66
43, 239, 273, 38
43, 16, 273, 27
43, 143, 273, 41
43, 528, 273, 70
43, 85, 273, 70
43, 159, 273, 20
43, 512, 274, 24
43, 545, 274, 15
43, 165, 274, 26
43, 295, 274, 4
43, 104, 274, 41
43, 489, 274, 12
43, 174, 274, 92
43, 49, 274, 82
43, 116, 274, 72
43, 539, 274, 90
43, 127, 274, 69
43, 5, 275, 95
43, 391, 275, 17
43, 398, 275, 71
43, 270, 275, 70
43, 532, 275, 35
43, 149, 275, 41
43, 279, 275, 71
43, 290, 275, 99
43, 36, 275, 65
43, 44, 275, 32
43, 50, 275, 96
43, 437, 275, 57
43, 440, 275, 46
43, 313, 275, 74
43, 570, 275, 54
43, 318, 275, 29
43, 579, 275, 87
43, 203, 275, 90
43, 214, 275, 66
43, 470, 275, 21
43, 474, 275, 50
43, 101, 275, 9
43, 490, 275, 7
43, 289, 276, 74
43, 8, 276, 52
43, 106, 276, 6
43, 268, 276, 31
43, 13, 276, 23
43, 45, 276, 39
43, 272, 276, 98
43, 114, 276, 86
43, 118, 276, 33
43, 568, 276, 66
43, 507, 276, 61
43, 189, 276, 19
43, 517, 277, 21
43, 293, 277, 94
43, 137, 277, 27
43, 490, 277, 7
43, 77, 277, 31
43, 208, 277, 79
43, 274, 277, 60
43, 531, 277, 8
43, 84, 277, 43
43, 597, 277, 40
43, 54, 277, 68
43, 218, 277, 64
43, 95, 277, 47
43, 388, 278, 54
43, 14, 278, 23
43, 145, 278, 22
43, 174, 278, 92
43, 48, 278, 82
43, 562, 278, 34
43, 311, 278, 5
43, 571, 278, 81
43, 448, 278, 17
43, 194, 278, 86
43, 69, 278, 80
43, 203, 278, 90
43, 77, 278, 31
43, 338, 278, 56
43, 339, 278, 83
43, 93, 278, 1
43, 486, 278, 26
43, 492, 278, 37
43, 495, 278, 34
43, 373, 278, 99
43, 33, 279, 37
43, 2, 279, 87
43, 131, 279, 69
43, 589, 279, 20
43, 270, 279, 70
43, 322, 280, 47
43, 484, 280, 81
43, 536, 280, 2
43, 141, 280, 51
43, 366, 280, 82
43, 79, 280, 1
43, 209, 280, 2
43, 50, 280, 96
43, 405, 280, 10
43, 22, 280, 55
43, 407, 280, 69
43, 504, 280, 67
43, 29, 280, 53
43, 184, 280, 93
43, 127, 280, 69
43, 323, 281, 53
43, 520, 281, 51
43, 13, 281, 23
43, 269, 281, 89
43, 365, 281, 81
43, 143, 281, 41
43, 500, 281, 11
43, 569, 281, 38
43, 91, 281, 2
43, 65, 282, 92
43, 323, 282, 53
43, 229, 282, 32
43, 6, 282, 10
43, 574, 282, 70
43, 331, 282, 26
43, 460, 282, 92
43, 557, 282, 40
43, 47, 282, 70
43, 49, 282, 82
43, 29, 282, 53
43, 372, 282, 98
43, 373, 282, 99
43, 308, 282, 84
43, 379, 282, 4
43, 93, 282, 1
43, 30, 282, 72
43, 479, 282, 97
43, 260, 283, 64
43, 266, 283, 71
43, 138, 283, 10
43, 397, 283, 60
43, 26, 283, 43
43, 285, 283, 31
43, 421, 283, 96
43, 422, 283, 100
43, 305, 283, 17
43, 306, 283, 5
43, 438, 283, 99
43, 443, 283, 17
43, 190, 283, 82
43, 208, 283, 79
43, 465, 283, 46
43, 478, 283, 95
43, 224, 283, 39
43, 228, 283, 91
43, 492, 283, 37
43, 119, 283, 93
43, 323, 284, 53
43, 483, 284, 61
43, 408, 284, 55
43, 359, 284, 95
43, 424, 284, 75
43, 138, 284, 10
43, 301, 284, 33
43, 143, 284, 41
43, 559, 284, 10
43, 82, 284, 8
43, 467, 284, 20
43, 594, 284, 26
43, 245, 284, 89
43, 374, 284, 9
43, 87, 284, 49
43, 344, 284, 29
43, 445, 284, 30
43, 514, 285, 95
43, 546, 285, 31
43, 265, 285, 10
43, 568, 285, 66
43, 331, 285, 26
43, 50, 285, 96
43, 500, 285, 11
43, 533, 285, 82
43, 279, 285, 71
43, 504, 285, 67
43, 286, 285, 95
43, 512, 286, 24
43, 517, 286, 21
43, 140, 286, 82
43, 401, 286, 24
43, 532, 286, 35
43, 405, 286, 10
43, 277, 286, 8
43, 535, 286, 63
43, 159, 286, 20
43, 550, 286, 94
43, 298, 286, 37
43, 179, 286, 55
43, 181, 286, 96
43, 316, 286, 42
43, 195, 286, 40
43, 586, 286, 3
43, 587, 286, 5
43, 94, 286, 38
43, 358, 286, 63
43, 364, 286, 75
43, 120, 286, 32
43, 1, 287, 22
43, 518, 287, 23
43, 519, 287, 9
43, 394, 287, 63
43, 146, 287, 54
43, 292, 287, 38
43, 560, 287, 98
43, 438, 287, 99
43, 187, 287, 86
43, 191, 287, 15
43, 327, 287, 95
43, 200, 287, 59
43, 80, 287, 13
43, 83, 287, 76
43, 88, 287, 11
43, 497, 287, 39
43, 115, 287, 15
43, 116, 287, 72
43, 122, 287, 87
43, 4, 288, 81
43, 262, 288, 41
43, 140, 288, 82
43, 15, 288, 2
43, 17, 288, 75
43, 538, 288, 14
43, 539, 288, 90
43, 548, 288, 76
43, 43, 288, 22
43, 428, 288, 34
43, 561, 288, 6
43, 568, 288, 66
43, 569, 288, 38
43, 62, 288, 30
43, 71, 288, 8
43, 199, 288, 5
43, 213, 288, 86
43, 598, 288, 5
43, 120, 288, 32
43, 94, 288, 38
43, 490, 288, 7
43, 235, 288, 13
43, 111, 288, 54
43, 245, 288, 89
43, 376, 288, 53
43, 224, 289, 39
43, 159, 289, 20
43, 228, 289, 91
43, 102, 289, 99
43, 8, 289, 52
43, 232, 289, 89
43, 554, 289, 88
43, 427, 289, 58
43, 462, 289, 5
43, 559, 289, 10
43, 529, 289, 79
43, 467, 289, 20
43, 344, 289, 29
43, 25, 289, 93
43, 90, 289, 56
43, 571, 289, 81
43, 95, 289, 47
43, 274, 290, 60
43, 151, 290, 32
43, 27, 290, 87
43, 287, 290, 17
43, 545, 290, 15
43, 548, 290, 76
43, 552, 290, 84
43, 427, 290, 58
43, 564, 290, 86
43, 443, 290, 17
43, 318, 290, 29
43, 575, 290, 58
43, 451, 290, 55
43, 69, 290, 80
43, 457, 290, 2
43, 465, 290, 46
43, 597, 290, 40
43, 348, 290, 58
43, 484, 290, 81
43, 493, 290, 58
43, 238, 290, 74
43, 248, 290, 29
43, 8, 291, 52
43, 9, 291, 8
43, 141, 291, 51
43, 278, 291, 35
43, 539, 291, 90
43, 420, 291, 34
43, 164, 291, 22
43, 38, 291, 32
43, 166, 291, 25
43, 425, 291, 38
43, 42, 291, 90
43, 174, 291, 92
43, 184, 291, 93
43, 186, 291, 8
43, 187, 291, 86
43, 578, 291, 78
43, 195, 291, 40
43, 326, 291, 76
43, 202, 291, 8
43, 204, 291, 87
43, 80, 291, 13
43, 477, 291, 85
43, 355, 291, 21
43, 125, 291, 40
43, 448, 292, 17
43, 129, 292, 24
43, 194, 292, 86
43, 418, 292, 63
43, 488, 292, 33
43, 395, 292, 49
43, 139, 292, 22
43, 141, 292, 51
43, 174, 292, 92
43, 561, 292, 6
43, 281, 292, 99
43, 479, 292, 97
43, 513, 293, 38
43, 517, 293, 21
43, 268, 293, 31
43, 143, 293, 41
43, 533, 293, 82
43, 407, 293, 69
43, 421, 293, 96
43, 167, 293, 2
43, 427, 293, 58
43, 441, 293, 58
43, 59, 293, 51
43, 189, 293, 19
43, 322, 293, 47
43, 68, 293, 89
43, 327, 293, 95
43, 75, 293, 78
43, 204, 293, 87
43, 214, 293, 66
43, 95, 293, 47
43, 244, 293, 78
43, 246, 293, 80
43, 130, 294, 82
43, 235, 294, 13
43, 140, 294, 82
43, 307, 294, 67
43, 86, 294, 7
43, 95, 294, 47
43, 318, 294, 29
43, 255, 294, 15
43, 386, 295, 99
43, 264, 295, 92
43, 525, 295, 32
43, 543, 295, 39
43, 417, 295, 6
43, 547, 295, 87
43, 163, 295, 42
43, 36, 295, 65
43, 550, 295, 94
43, 176, 295, 78
43, 178, 295, 3
43, 53, 295, 86
43, 59, 295, 51
43, 444, 295, 56
43, 575, 295, 58
43, 194, 295, 86
43, 584, 295, 96
43, 599, 295, 39
43, 472, 295, 69
43, 217, 295, 52
43, 481, 295, 99
43, 484, 295, 81
43, 113, 295, 84
43, 244, 295, 78
43, 508, 295, 100
43, 318, 296, 29
43, 258, 296, 25
43, 387, 296, 17
43, 454, 296, 39
43, 103, 296, 92
43, 582, 296, 66
43, 362, 296, 95
43, 462, 296, 5
43, 347, 296, 22
43, 373, 296, 99
43, 118, 296, 33
43, 158, 296, 25
43, 572, 296, 62
43, 285, 296, 31
43, 382, 296, 90
43, 287, 296, 17
43, 130, 297, 82
43, 3, 297, 38
43, 134, 297, 91
43, 144, 297, 61
43, 540, 297, 76
43, 291, 297, 57
43, 423, 297, 91
43, 39, 297, 31
43, 295, 297, 4
43, 554, 297, 88
43, 435, 297, 70
43, 54, 297, 68
43, 182, 297, 90
43, 184, 297, 93
43, 193, 297, 89
43, 194, 297, 86
43, 207, 297, 27
43, 348, 297, 58
43, 103, 297, 92
43, 118, 297, 33
43, 6, 298, 10
43, 200, 298, 59
43, 431, 298, 10
43, 273, 298, 21
43, 564, 298, 86
43, 3, 299, 38
43, 359, 299, 95
43, 330, 299, 31
43, 206, 299, 7
43, 369, 299, 52
43, 350, 299, 53
