300, 600, 30
7, 485, 0, 58
7, 328, 0, 2
7, 236, 0, 9
7, 207, 0, 82
7, 466, 0, 77
7, 435, 0, 100
7, 436, 0, 48
7, 279, 0, 45
7, 1, 1, 49
7, 135, 1, 73
7, 270, 1, 23
7, 407, 1, 32
7, 535, 1, 76
7, 282, 1, 9
7, 157, 1, 85
7, 288, 1, 70
7, 35, 1, 5
7, 564, 1, 97
7, 311, 1, 42
7, 196, 1, 37
7, 74, 1, 12
7, 588, 1, 100
7, 336, 1, 80
7, 482, 1, 77
7, 238, 1, 20
7, 498, 1, 63
7, 118, 1, 28
7, 248, 1, 89
7, 121, 1, 58
7, 380, 1, 2
7, 256, 2, 62
7, 516, 2, 39
7, 5, 2, 27
7, 391, 2, 9
7, 412, 2, 27
7, 547, 2, 33
7, 294, 2, 89
7, 172, 2, 22
7, 54, 2, 42
7, 323, 2, 14
7, 333, 2, 53
7, 342, 2, 76
7, 476, 2, 7
7, 353, 2, 61
7, 483, 2, 44
7, 488, 2, 30
7, 365, 2, 32
7, 371, 2, 61
7, 254, 2, 56
7, 513, 3, 26
7, 514, 3, 86
7, 356, 3, 70
7, 295, 3, 29
7, 167, 3, 65
7, 41, 3, 91
7, 172, 3, 22
7, 47, 3, 56
7, 179, 3, 2
7, 115, 3, 26
7, 211, 3, 89
7, 565, 3, 5
7, 152, 3, 74
7, 378, 3, 32
7, 386, 4, 45
7, 524, 4, 54
7, 13, 4, 35
7, 398, 4, 56
7, 145, 4, 92
7, 281, 4, 68
7, 155, 4, 54
7, 164, 4, 60
7, 293, 4, 49
7, 170, 4, 72
7, 555, 4, 85
7, 439, 4, 11
7, 442, 4, 83
7, 323, 4, 14
7, 580, 4, 19
7, 456, 4, 84
7, 333, 4, 53
7, 467, 4, 28
7, 479, 4, 14
7, 489, 4, 63
7, 362, 4, 12
7, 111, 4, 4
7, 239, 4, 87
7, 114, 4, 95
7, 377, 4, 37
7, 353, 5, 61
7, 546, 5, 54
7, 542, 5, 12
7, 201, 5, 95
7, 141, 5, 43
7, 429, 5, 11
7, 269, 5, 1
7, 274, 5, 27
7, 182, 5, 64
7, 282, 5, 9
7, 190, 5, 58
7, 352, 6, 67
7, 421, 6, 68
7, 383, 6, 90
7, 40, 6, 82
7, 41, 6, 91
7, 237, 6, 76
7, 303, 6, 50
7, 477, 6, 33
7, 511, 6, 54
7, 148, 7, 18
7, 405, 7, 98
7, 533, 7, 24
7, 163, 7, 22
7, 420, 7, 62
7, 40, 7, 82
7, 172, 7, 22
7, 429, 7, 11
7, 46, 7, 22
7, 566, 7, 13
7, 313, 7, 24
7, 334, 7, 71
7, 209, 7, 45
7, 593, 7, 21
7, 220, 7, 100
7, 348, 7, 82
7, 479, 7, 14
7, 226, 7, 63
7, 487, 7, 3
7, 231, 7, 23
7, 490, 7, 91
7, 114, 7, 95
7, 377, 7, 37
7, 508, 7, 27
7, 165, 8, 47
7, 229, 8, 83
7, 295, 8, 29
7, 424, 8, 84
7, 141, 8, 43
7, 47, 8, 56
7, 371, 8, 61
7, 158, 8, 62
7, 421, 9, 68
7, 458, 9, 97
7, 75, 9, 64
7, 527, 9, 14
7, 369, 9, 66
7, 504, 9, 83
7, 348, 9, 82
7, 129, 10, 76
7, 133, 10, 22
7, 135, 10, 73
7, 399, 10, 100
7, 20, 10, 95
7, 54, 10, 42
7, 568, 10, 84
7, 570, 10, 68
7, 58, 10, 24
7, 62, 10, 62
7, 575, 10, 97
7, 191, 10, 95
7, 453, 10, 91
7, 205, 10, 53
7, 342, 10, 76
7, 489, 10, 63
7, 106, 10, 36
7, 236, 10, 9
7, 126, 10, 48
7, 548, 11, 72
7, 293, 11, 49
7, 78, 11, 77
7, 559, 11, 82
7, 560, 11, 32
7, 211, 11, 89
7, 566, 11, 13
7, 471, 11, 18
7, 25, 11, 9
7, 26, 11, 30
7, 572, 11, 86
7, 157, 11, 85
7, 57, 11, 82
7, 64, 12, 100
7, 513, 12, 26
7, 451, 12, 48
7, 67, 12, 84
7, 478, 12, 39
7, 489, 12, 63
7, 394, 12, 42
7, 555, 12, 85
7, 299, 12, 13
7, 141, 12, 43
7, 399, 12, 100
7, 535, 12, 76
7, 568, 12, 84
7, 58, 12, 24
7, 285, 12, 30
7, 254, 12, 56
7, 575, 12, 97
7, 312, 13, 87
7, 514, 13, 86
7, 8, 13, 31
7, 138, 13, 77
7, 432, 13, 28
7, 529, 13, 47
7, 530, 13, 37
7, 401, 13, 57
7, 507, 13, 68
7, 375, 13, 39
7, 344, 13, 23
7, 346, 13, 62
7, 539, 13, 74
7, 29, 13, 49
7, 543, 13, 33
7, 259, 14, 100
7, 329, 14, 41
7, 74, 14, 12
7, 266, 14, 41
7, 303, 14, 50
7, 81, 14, 9
7, 19, 14, 72
7, 211, 14, 89
7, 408, 14, 42
7, 542, 14, 12
7, 415, 14, 81
7, 547, 15, 33
7, 40, 15, 82
7, 111, 15, 4
7, 273, 15, 46
7, 180, 15, 75
7, 309, 15, 43
7, 534, 15, 67
7, 518, 16, 31
7, 13, 16, 35
7, 272, 16, 23
7, 145, 16, 92
7, 281, 16, 68
7, 29, 16, 49
7, 417, 16, 2
7, 303, 16, 50
7, 431, 16, 38
7, 310, 16, 70
7, 569, 16, 65
7, 316, 16, 56
7, 572, 16, 86
7, 325, 16, 97
7, 204, 16, 93
7, 222, 16, 68
7, 94, 16, 85
7, 96, 16, 75
7, 482, 16, 77
7, 231, 16, 23
7, 248, 16, 89
7, 251, 16, 52
7, 253, 16, 17
7, 383, 16, 90
7, 1, 17, 49
7, 386, 17, 45
7, 545, 17, 97
7, 132, 17, 9
7, 357, 17, 15
7, 359, 17, 40
7, 200, 17, 89
7, 393, 17, 5
7, 298, 17, 65
7, 282, 17, 9
7, 208, 17, 33
7, 90, 17, 61
7, 444, 17, 60
7, 163, 18, 22
7, 516, 18, 39
7, 551, 18, 38
7, 13, 18, 35
7, 239, 18, 87
7, 209, 18, 45
7, 469, 18, 80
7, 184, 18, 87
7, 153, 18, 46
7, 298, 19, 65
7, 242, 19, 8
7, 115, 19, 26
7, 435, 19, 100
7, 277, 19, 62
7, 85, 19, 98
7, 178, 19, 58
7, 534, 19, 67
7, 262, 20, 61
7, 202, 20, 9
7, 87, 20, 21
7, 23, 20, 59
7, 381, 20, 67
7, 319, 20, 93
7, 576, 21, 18
7, 289, 21, 58
7, 418, 21, 16
7, 164, 21, 60
7, 36, 21, 78
7, 586, 21, 52
7, 378, 21, 32
7, 591, 21, 65
7, 496, 21, 77
7, 529, 21, 47
7, 466, 21, 77
7, 56, 21, 75
7, 58, 21, 24
7, 88, 21, 93
7, 349, 21, 9
7, 482, 22, 77
7, 388, 22, 98
7, 549, 22, 57
7, 74, 22, 12
7, 463, 22, 73
7, 530, 22, 37
7, 342, 22, 76
7, 380, 22, 2
7, 477, 22, 33
7, 32, 23, 78
7, 484, 23, 50
7, 357, 23, 15
7, 426, 23, 64
7, 49, 23, 70
7, 17, 23, 23
7, 152, 23, 74
7, 185, 23, 24
7, 154, 23, 29
7, 125, 23, 38
7, 256, 24, 62
7, 259, 24, 100
7, 37, 24, 23
7, 103, 24, 2
7, 8, 24, 31
7, 115, 24, 26
7, 52, 24, 64
7, 181, 24, 70
7, 215, 24, 88
7, 155, 24, 54
7, 93, 24, 35
7, 575, 24, 97
7, 65, 25, 34
7, 258, 25, 62
7, 73, 25, 97
7, 235, 25, 49
7, 367, 25, 60
7, 432, 25, 28
7, 241, 25, 74
7, 433, 25, 88
7, 217, 25, 94
7, 348, 25, 82
7, 542, 25, 12
7, 159, 25, 87
7, 259, 26, 100
7, 516, 26, 39
7, 549, 26, 57
7, 323, 26, 14
7, 490, 26, 91
7, 267, 26, 92
7, 13, 26, 35
7, 527, 26, 14
7, 475, 26, 67
7, 407, 26, 32
7, 536, 26, 12
7, 218, 26, 88
7, 379, 26, 9
7, 284, 26, 30
7, 285, 26, 30
7, 190, 26, 58
7, 515, 27, 71
7, 389, 27, 40
7, 519, 27, 66
7, 398, 27, 56
7, 399, 27, 100
7, 406, 27, 97
7, 409, 27, 67
7, 289, 27, 58
7, 165, 27, 47
7, 38, 27, 84
7, 170, 27, 72
7, 46, 27, 22
7, 175, 27, 85
7, 450, 27, 13
7, 454, 27, 61
7, 590, 27, 80
7, 207, 27, 82
7, 472, 27, 90
7, 222, 27, 68
7, 101, 27, 94
7, 490, 27, 91
7, 499, 27, 40
7, 258, 28, 62
7, 526, 28, 68
7, 531, 28, 10
7, 147, 28, 68
7, 151, 28, 92
7, 409, 28, 67
7, 33, 28, 40
7, 545, 28, 97
7, 39, 28, 2
7, 168, 28, 92
7, 43, 28, 59
7, 310, 28, 70
7, 185, 28, 24
7, 194, 28, 53
7, 350, 28, 85
7, 227, 28, 44
7, 102, 28, 11
7, 488, 28, 30
7, 107, 28, 61
7, 373, 28, 49
7, 381, 28, 67
7, 511, 28, 54
7, 89, 29, 1
7, 385, 29, 97
7, 265, 29, 9
7, 492, 29, 97
7, 430, 29, 72
7, 366, 29, 74
7, 243, 29, 93
7, 118, 29, 28
7, 151, 29, 92
7, 25, 29, 9
7, 474, 29, 3
7, 94, 29, 85
7, 192, 30, 100
7, 514, 30, 86
7, 483, 30, 44
7, 293, 30, 49
7, 141, 30, 43
7, 269, 30, 1
7, 495, 30, 27
7, 241, 30, 74
7, 50, 30, 75
7, 52, 30, 64
7, 500, 30, 61
7, 189, 30, 91
7, 445, 30, 86
7, 320, 31, 40
7, 326, 31, 39
7, 8, 31, 31
7, 521, 31, 99
7, 91, 31, 44
7, 558, 31, 1
7, 239, 31, 87
7, 336, 31, 80
7, 505, 31, 40
7, 251, 31, 52
7, 61, 31, 66
7, 382, 31, 42
7, 415, 31, 81
7, 163, 32, 22
7, 487, 32, 3
7, 458, 32, 97
7, 426, 32, 64
7, 525, 32, 5
7, 237, 32, 76
7, 442, 32, 83
7, 580, 33, 19
7, 262, 33, 61
7, 41, 33, 91
7, 411, 33, 19
7, 317, 33, 37
7, 359, 34, 40
7, 10, 34, 97
7, 588, 34, 100
7, 557, 34, 72
7, 14, 34, 1
7, 333, 34, 53
7, 180, 34, 75
7, 506, 34, 54
7, 541, 34, 63
7, 254, 34, 56
7, 263, 35, 68
7, 409, 35, 67
7, 416, 35, 23
7, 164, 35, 60
7, 170, 35, 72
7, 555, 35, 85
7, 435, 35, 100
7, 183, 35, 11
7, 313, 35, 24
7, 57, 35, 82
7, 192, 35, 100
7, 325, 35, 97
7, 330, 35, 56
7, 477, 35, 33
7, 222, 35, 68
7, 358, 35, 94
7, 502, 35, 20
7, 248, 35, 89
7, 251, 35, 52
7, 545, 36, 97
7, 386, 36, 45
7, 325, 36, 97
7, 102, 36, 11
7, 326, 36, 39
7, 238, 36, 20
7, 527, 36, 14
7, 339, 36, 93
7, 21, 36, 85
7, 599, 36, 59
7, 2, 37, 55
7, 531, 37, 10
7, 404, 37, 94
7, 152, 37, 74
7, 158, 37, 62
7, 172, 37, 22
7, 309, 37, 43
7, 56, 37, 75
7, 569, 37, 65
7, 62, 37, 62
7, 323, 37, 14
7, 324, 37, 100
7, 326, 37, 39
7, 333, 37, 53
7, 84, 37, 91
7, 90, 37, 61
7, 496, 37, 77
7, 241, 37, 74
7, 378, 37, 32
7, 256, 38, 62
7, 386, 38, 45
7, 514, 38, 86
7, 8, 38, 31
7, 141, 38, 43
7, 530, 38, 37
7, 279, 38, 45
7, 537, 38, 84
7, 33, 38, 40
7, 167, 38, 65
7, 298, 38, 65
7, 171, 38, 77
7, 554, 38, 62
7, 443, 38, 91
7, 321, 38, 76
7, 194, 38, 53
7, 203, 38, 62
7, 589, 38, 17
7, 593, 38, 21
7, 82, 38, 11
7, 86, 38, 93
7, 115, 38, 26
7, 250, 38, 33
7, 515, 39, 71
7, 140, 39, 82
7, 529, 39, 47
7, 274, 39, 27
7, 30, 39, 73
7, 543, 39, 33
7, 159, 39, 87
7, 547, 39, 33
7, 55, 39, 68
7, 313, 39, 24
7, 59, 39, 50
7, 200, 39, 89
7, 459, 39, 33
7, 461, 39, 98
7, 337, 39, 56
7, 595, 39, 5
7, 343, 39, 62
7, 216, 39, 44
7, 345, 39, 10
7, 365, 39, 32
7, 494, 39, 17
7, 497, 39, 30
7, 501, 39, 4
7, 288, 40, 70
7, 99, 40, 71
7, 100, 40, 91
7, 231, 40, 23
7, 139, 40, 1
7, 496, 40, 77
7, 464, 40, 90
7, 243, 40, 93
7, 343, 40, 62
7, 539, 40, 74
7, 256, 41, 62
7, 263, 41, 68
7, 273, 41, 46
7, 404, 41, 94
7, 149, 41, 52
7, 406, 41, 97
7, 539, 41, 74
7, 545, 41, 97
7, 551, 41, 38
7, 296, 41, 7
7, 553, 41, 21
7, 563, 41, 33
7, 565, 41, 5
7, 187, 41, 67
7, 456, 41, 84
7, 585, 41, 99
7, 591, 41, 65
7, 82, 41, 11
7, 212, 41, 80
7, 85, 41, 98
7, 479, 41, 14
7, 353, 41, 61
7, 242, 41, 8
7, 192, 42, 100
7, 318, 42, 58
7, 484, 42, 50
7, 326, 42, 39
7, 168, 42, 92
7, 335, 42, 94
7, 112, 42, 16
7, 562, 42, 40
7, 308, 42, 22
7, 126, 42, 48
7, 359, 43, 40
7, 427, 43, 55
7, 332, 43, 55
7, 336, 43, 80
7, 594, 43, 91
7, 245, 43, 29
7, 573, 43, 79
7, 260, 44, 76
7, 38, 44, 84
7, 599, 44, 59
7, 233, 44, 72
7, 525, 44, 5
7, 277, 44, 62
7, 247, 44, 70
7, 152, 44, 74
7, 574, 44, 98
7, 290, 45, 94
7, 296, 45, 7
7, 394, 45, 42
7, 558, 45, 1
7, 14, 45, 1
7, 560, 45, 32
7, 246, 45, 59
7, 538, 45, 3
7, 60, 45, 17
7, 132, 46, 9
7, 394, 46, 42
7, 396, 46, 64
7, 151, 46, 92
7, 547, 46, 33
7, 43, 46, 59
7, 302, 46, 9
7, 559, 46, 82
7, 561, 46, 24
7, 435, 46, 100
7, 62, 46, 62
7, 467, 46, 28
7, 91, 46, 44
7, 348, 46, 82
7, 350, 46, 85
7, 483, 46, 44
7, 490, 46, 91
7, 502, 46, 20
7, 375, 46, 39
7, 512, 47, 65
7, 97, 47, 70
7, 100, 47, 91
7, 5, 47, 27
7, 551, 47, 38
7, 7, 47, 88
7, 9, 47, 67
7, 73, 47, 97
7, 430, 47, 72
7, 111, 47, 4
7, 307, 47, 8
7, 467, 47, 28
7, 277, 47, 62
7, 404, 47, 94
7, 183, 47, 11
7, 476, 47, 7
7, 253, 47, 17
7, 286, 47, 9
7, 512, 48, 65
7, 100, 48, 91
7, 357, 48, 15
7, 324, 48, 100
7, 326, 48, 39
7, 356, 48, 70
7, 73, 48, 97
7, 553, 48, 21
7, 429, 48, 11
7, 285, 48, 30
7, 575, 48, 97
7, 514, 49, 86
7, 386, 49, 45
7, 578, 49, 95
7, 453, 49, 91
7, 326, 49, 39
7, 231, 49, 23
7, 103, 49, 2
7, 130, 49, 1
7, 144, 49, 96
7, 497, 49, 30
7, 513, 50, 26
7, 130, 50, 1
7, 514, 50, 86
7, 519, 50, 66
7, 525, 50, 5
7, 528, 50, 36
7, 152, 50, 74
7, 537, 50, 84
7, 420, 50, 62
7, 572, 50, 86
7, 189, 50, 91
7, 190, 50, 58
7, 63, 50, 63
7, 335, 50, 94
7, 337, 50, 56
7, 484, 50, 50
7, 360, 50, 36
7, 373, 50, 49
7, 502, 50, 20
7, 123, 50, 44
7, 68, 51, 68
7, 101, 51, 94
7, 551, 51, 38
7, 106, 51, 36
7, 363, 51, 26
7, 119, 51, 96
7, 565, 51, 5
7, 149, 51, 52
7, 183, 51, 11
7, 476, 51, 7
7, 387, 52, 76
7, 521, 52, 99
7, 10, 52, 97
7, 266, 52, 41
7, 525, 52, 5
7, 150, 52, 25
7, 407, 52, 32
7, 26, 52, 30
7, 29, 52, 49
7, 172, 52, 22
7, 185, 52, 24
7, 574, 52, 98
7, 65, 52, 34
7, 211, 52, 89
7, 85, 52, 98
7, 471, 52, 18
7, 343, 52, 62
7, 217, 52, 94
7, 220, 52, 100
7, 242, 52, 8
7, 506, 52, 54
7, 123, 52, 44
7, 260, 53, 76
7, 134, 53, 24
7, 365, 53, 32
7, 464, 53, 90
7, 595, 53, 5
7, 179, 53, 2
7, 25, 53, 9
7, 186, 53, 85
7, 510, 53, 18
7, 386, 54, 45
7, 7, 54, 88
7, 524, 54, 54
7, 16, 54, 23
7, 408, 54, 42
7, 153, 54, 46
7, 27, 54, 32
7, 30, 54, 73
7, 416, 54, 23
7, 295, 54, 29
7, 554, 54, 62
7, 557, 54, 72
7, 561, 54, 24
7, 180, 54, 75
7, 573, 54, 79
7, 194, 54, 53
7, 69, 54, 45
7, 591, 54, 65
7, 212, 54, 80
7, 597, 54, 53
7, 596, 54, 100
7, 93, 54, 35
7, 94, 54, 85
7, 110, 54, 91
7, 381, 54, 67
7, 576, 55, 18
7, 547, 55, 33
7, 68, 55, 68
7, 358, 55, 94
7, 135, 55, 73
7, 489, 55, 63
7, 593, 55, 21
7, 145, 55, 92
7, 467, 55, 28
7, 535, 55, 76
7, 249, 55, 80
7, 250, 55, 33
7, 188, 55, 5
7, 415, 55, 81
7, 480, 56, 80
7, 228, 56, 91
7, 132, 56, 9
7, 519, 56, 66
7, 168, 56, 92
7, 73, 56, 97
7, 44, 56, 30
7, 146, 56, 38
7, 18, 56, 11
7, 310, 56, 70
7, 184, 56, 87
7, 26, 56, 30
7, 445, 56, 86
7, 254, 56, 56
7, 386, 57, 45
7, 518, 57, 31
7, 138, 57, 77
7, 19, 57, 72
7, 405, 57, 98
7, 283, 57, 61
7, 413, 57, 91
7, 414, 57, 93
7, 286, 57, 9
7, 168, 57, 92
7, 169, 57, 39
7, 433, 57, 88
7, 439, 57, 11
7, 443, 57, 91
7, 575, 57, 97
7, 581, 57, 22
7, 454, 57, 61
7, 455, 57, 99
7, 456, 57, 84
7, 212, 57, 80
7, 220, 57, 100
7, 353, 57, 61
7, 107, 57, 61
7, 251, 57, 52
7, 99, 58, 71
7, 134, 58, 24
7, 265, 58, 9
7, 558, 58, 1
7, 495, 58, 27
7, 215, 58, 88
7, 289, 59, 58
7, 167, 59, 65
7, 168, 59, 92
7, 169, 59, 39
7, 140, 59, 82
7, 462, 59, 95
7, 304, 59, 4
7, 408, 59, 42
7, 541, 59, 63
7, 68, 60, 68
7, 165, 60, 47
7, 41, 60, 91
7, 433, 60, 88
7, 341, 60, 6
7, 282, 60, 9
7, 349, 60, 9
7, 387, 61, 76
7, 553, 61, 21
7, 331, 61, 9
7, 276, 61, 5
7, 535, 61, 76
7, 281, 61, 68
7, 508, 61, 27
7, 318, 61, 58
7, 450, 62, 13
7, 98, 62, 20
7, 581, 62, 22
7, 198, 62, 33
7, 583, 62, 45
7, 204, 62, 93
7, 528, 62, 36
7, 337, 62, 56
7, 81, 62, 9
7, 433, 62, 88
7, 370, 62, 99
7, 437, 62, 89
7, 274, 62, 27
7, 472, 62, 90
7, 540, 62, 83
7, 127, 62, 85
7, 130, 63, 1
7, 259, 63, 100
7, 390, 63, 5
7, 139, 63, 1
7, 396, 63, 64
7, 147, 63, 68
7, 37, 63, 23
7, 165, 63, 47
7, 39, 63, 2
7, 430, 63, 72
7, 440, 63, 52
7, 444, 63, 60
7, 188, 63, 5
7, 577, 63, 51
7, 71, 63, 47
7, 584, 63, 17
7, 468, 63, 56
7, 215, 63, 88
7, 346, 63, 62
7, 221, 63, 27
7, 356, 63, 70
7, 387, 64, 76
7, 136, 64, 3
7, 393, 64, 5
7, 14, 64, 1
7, 16, 64, 23
7, 272, 64, 23
7, 278, 64, 34
7, 556, 64, 1
7, 562, 64, 40
7, 435, 64, 100
7, 58, 64, 24
7, 579, 64, 98
7, 464, 64, 90
7, 593, 64, 21
7, 468, 64, 56
7, 215, 64, 88
7, 88, 64, 93
7, 354, 64, 59
7, 355, 64, 100
7, 228, 64, 91
7, 257, 65, 99
7, 581, 65, 22
7, 425, 65, 39
7, 138, 65, 77
7, 184, 65, 87
7, 496, 66, 77
7, 530, 66, 37
7, 307, 66, 8
7, 568, 66, 84
7, 505, 66, 40
7, 378, 66, 32
7, 219, 66, 66
7, 320, 67, 40
7, 226, 67, 63
7, 5, 67, 27
7, 520, 67, 36
7, 236, 67, 9
7, 48, 67, 48
7, 240, 67, 51
7, 594, 67, 91
7, 538, 67, 3
7, 217, 67, 94
7, 442, 67, 83
7, 1, 68, 49
7, 514, 68, 86
7, 290, 68, 94
7, 231, 68, 23
7, 265, 68, 9
7, 555, 68, 85
7, 465, 68, 70
7, 436, 68, 48
7, 470, 68, 93
7, 344, 68, 23
7, 413, 68, 91
7, 287, 68, 57
7, 227, 69, 44
7, 389, 69, 40
7, 70, 69, 95
7, 263, 69, 68
7, 144, 69, 96
7, 506, 69, 54
7, 86, 69, 93
7, 90, 69, 61
7, 541, 69, 63
7, 0, 70, 97
7, 520, 70, 36
7, 12, 70, 80
7, 273, 70, 46
7, 149, 70, 52
7, 293, 70, 49
7, 166, 70, 85
7, 427, 70, 55
7, 45, 70, 23
7, 437, 70, 89
7, 181, 70, 70
7, 447, 70, 28
7, 74, 70, 12
7, 75, 70, 64
7, 593, 70, 21
7, 595, 70, 5
7, 89, 70, 1
7, 91, 70, 44
7, 233, 70, 72
7, 125, 70, 38
7, 127, 70, 85
7, 481, 71, 4
7, 387, 71, 76
7, 553, 71, 21
7, 204, 71, 93
7, 142, 71, 84
7, 559, 71, 82
7, 529, 71, 47
7, 146, 71, 38
7, 307, 71, 8
7, 226, 72, 63
7, 462, 72, 95
7, 497, 72, 30
7, 184, 72, 87
7, 443, 72, 91
7, 131, 73, 33
7, 264, 73, 70
7, 541, 73, 63
7, 295, 73, 29
7, 428, 73, 20
7, 46, 73, 22
7, 559, 73, 82
7, 178, 73, 58
7, 435, 73, 100
7, 436, 73, 48
7, 53, 73, 26
7, 439, 73, 11
7, 57, 73, 82
7, 315, 73, 88
7, 445, 73, 86
7, 450, 73, 13
7, 331, 73, 9
7, 332, 73, 55
7, 209, 73, 45
7, 99, 73, 71
7, 356, 73, 70
7, 485, 73, 58
7, 232, 73, 77
7, 118, 73, 28
7, 251, 73, 52
7, 135, 74, 73
7, 139, 74, 1
7, 538, 74, 3
7, 411, 74, 19
7, 284, 74, 30
7, 414, 74, 93
7, 292, 74, 57
7, 293, 74, 49
7, 562, 74, 40
7, 50, 74, 75
7, 55, 74, 68
7, 568, 74, 84
7, 578, 74, 95
7, 330, 74, 56
7, 333, 74, 53
7, 599, 74, 59
7, 479, 74, 14
7, 226, 74, 63
7, 361, 74, 7
7, 503, 74, 22
7, 0, 75, 97
7, 4, 75, 8
7, 391, 75, 9
7, 522, 75, 62
7, 396, 75, 64
7, 406, 75, 97
7, 407, 75, 32
7, 419, 75, 61
7, 165, 75, 47
7, 426, 75, 64
7, 43, 75, 59
7, 193, 75, 10
7, 198, 75, 33
7, 457, 75, 33
7, 216, 75, 44
7, 94, 75, 85
7, 227, 75, 44
7, 361, 75, 7
7, 235, 75, 49
7, 369, 75, 66
7, 498, 75, 63
7, 125, 75, 38
7, 256, 76, 62
7, 544, 76, 85
7, 418, 76, 16
7, 483, 76, 44
7, 198, 76, 33
7, 138, 76, 77
7, 268, 76, 92
7, 508, 76, 27
7, 127, 76, 85
7, 13, 76, 35
7, 177, 76, 26
7, 468, 76, 56
7, 250, 76, 33
7, 540, 76, 83
7, 415, 76, 81
7, 0, 77, 97
7, 385, 77, 97
7, 456, 77, 84
7, 41, 77, 91
7, 105, 77, 74
7, 104, 77, 86
7, 585, 77, 99
7, 590, 77, 80
7, 242, 77, 8
7, 306, 77, 4
7, 21, 77, 85
7, 186, 77, 85
7, 156, 77, 85
7, 255, 77, 39
7, 388, 78, 98
7, 261, 78, 66
7, 518, 78, 31
7, 135, 78, 73
7, 396, 78, 64
7, 15, 78, 36
7, 531, 78, 10
7, 279, 78, 45
7, 282, 78, 9
7, 27, 78, 32
7, 422, 78, 79
7, 299, 78, 13
7, 314, 78, 40
7, 72, 78, 92
7, 73, 78, 97
7, 74, 78, 12
7, 599, 78, 59
7, 473, 78, 79
7, 233, 78, 72
7, 372, 78, 38
7, 245, 78, 29
7, 119, 78, 96
7, 121, 78, 58
7, 99, 79, 71
7, 164, 79, 60
7, 485, 79, 58
7, 395, 79, 86
7, 301, 79, 51
7, 142, 79, 84
7, 47, 79, 56
7, 400, 79, 63
7, 593, 79, 21
7, 119, 79, 96
7, 537, 79, 84
7, 1, 80, 49
7, 513, 80, 26
7, 133, 80, 22
7, 6, 80, 20
7, 524, 80, 54
7, 528, 80, 36
7, 530, 80, 37
7, 158, 80, 62
7, 550, 80, 46
7, 184, 80, 87
7, 192, 80, 100
7, 65, 80, 34
7, 70, 80, 95
7, 460, 80, 24
7, 208, 80, 33
7, 346, 80, 62
7, 219, 80, 66
7, 375, 80, 39
7, 229, 80, 83
7, 360, 80, 36
7, 235, 80, 49
7, 236, 80, 9
7, 374, 80, 2
7, 119, 80, 96
7, 511, 80, 54
7, 193, 81, 10
7, 567, 81, 65
7, 518, 81, 31
7, 330, 81, 56
7, 203, 81, 62
7, 304, 81, 4
7, 531, 81, 10
7, 499, 81, 40
7, 51, 81, 42
7, 214, 81, 49
7, 311, 81, 42
7, 537, 81, 84
7, 444, 81, 60
7, 510, 81, 18
7, 264, 82, 70
7, 297, 82, 54
7, 328, 82, 2
7, 267, 82, 92
7, 207, 82, 82
7, 242, 82, 8
7, 537, 82, 84
7, 384, 83, 66
7, 580, 83, 19
7, 206, 83, 19
7, 343, 83, 62
7, 504, 83, 83
7, 537, 84, 84
7, 285, 84, 30
7, 413, 84, 91
7, 423, 84, 70
7, 296, 84, 7
7, 299, 84, 13
7, 562, 84, 40
7, 445, 84, 86
7, 66, 84, 86
7, 578, 84, 95
7, 71, 84, 47
7, 205, 84, 53
7, 465, 84, 70
7, 83, 84, 10
7, 352, 84, 67
7, 232, 84, 77
7, 367, 84, 60
7, 495, 84, 27
7, 505, 84, 40
7, 123, 84, 44
7, 381, 84, 67
7, 10, 85, 97
7, 142, 85, 84
7, 273, 85, 46
7, 532, 85, 50
7, 533, 85, 24
7, 539, 85, 74
7, 184, 85, 87
7, 186, 85, 85
7, 190, 85, 58
7, 319, 85, 93
7, 578, 85, 95
7, 323, 85, 14
7, 586, 85, 52
7, 468, 85, 56
7, 480, 85, 80
7, 482, 85, 77
7, 358, 85, 94
7, 242, 85, 8
7, 117, 85, 74
7, 246, 85, 59
7, 380, 85, 2
7, 509, 85, 92
7, 547, 86, 33
7, 232, 86, 77
7, 332, 86, 55
7, 143, 86, 92
7, 80, 86, 34
7, 177, 86, 26
7, 274, 86, 27
7, 340, 86, 67
7, 534, 86, 67
7, 311, 86, 42
7, 249, 86, 80
7, 251, 86, 52
7, 286, 86, 9
7, 5, 87, 27
7, 19, 87, 72
7, 293, 87, 49
7, 561, 87, 24
7, 51, 87, 42
7, 314, 87, 40
7, 571, 87, 93
7, 447, 87, 28
7, 576, 87, 18
7, 322, 87, 11
7, 196, 87, 37
7, 203, 87, 62
7, 468, 87, 56
7, 341, 87, 6
7, 596, 87, 100
7, 215, 87, 88
7, 221, 87, 27
7, 224, 87, 33
7, 480, 87, 80
7, 488, 87, 30
7, 233, 87, 72
7, 108, 87, 85
7, 498, 87, 63
7, 121, 87, 58
7, 256, 88, 62
7, 527, 88, 14
7, 406, 88, 97
7, 157, 88, 85
7, 288, 88, 70
7, 424, 88, 84
7, 425, 88, 39
7, 555, 88, 85
7, 301, 88, 51
7, 305, 88, 51
7, 564, 88, 97
7, 190, 88, 58
7, 450, 88, 13
7, 579, 88, 98
7, 578, 88, 95
7, 196, 88, 37
7, 103, 88, 2
7, 495, 88, 27
7, 502, 88, 20
7, 504, 88, 83
7, 122, 88, 11
7, 509, 88, 92
7, 2, 89, 55
7, 516, 89, 39
7, 293, 89, 49
7, 71, 89, 47
7, 458, 89, 97
7, 28, 89, 44
7, 400, 89, 63
7, 252, 89, 46
7, 117, 89, 74
7, 342, 89, 76
7, 570, 89, 68
7, 444, 89, 60
7, 573, 89, 79
7, 64, 90, 100
7, 577, 90, 51
7, 288, 90, 70
7, 582, 90, 33
7, 200, 90, 89
7, 457, 90, 33
7, 556, 90, 1
7, 492, 90, 97
7, 526, 90, 68
7, 530, 90, 37
7, 210, 90, 81
7, 188, 90, 5
7, 248, 90, 89
7, 412, 90, 27
7, 387, 91, 76
7, 292, 91, 57
7, 548, 91, 72
7, 390, 91, 5
7, 584, 91, 17
7, 106, 91, 36
7, 299, 91, 13
7, 590, 91, 80
7, 337, 91, 56
7, 306, 91, 4
7, 372, 91, 38
7, 406, 91, 97
7, 544, 92, 85
7, 424, 92, 84
7, 202, 92, 9
7, 204, 92, 93
7, 525, 92, 5
7, 142, 92, 84
7, 431, 92, 38
7, 80, 92, 34
7, 466, 92, 77
7, 19, 92, 72
7, 434, 92, 32
7, 157, 92, 85
7, 247, 92, 70
7, 283, 92, 61
7, 413, 92, 91
7, 383, 92, 90
7, 32, 93, 78
7, 129, 93, 76
7, 483, 93, 44
7, 291, 93, 85
7, 205, 93, 53
7, 46, 93, 22
7, 335, 93, 94
7, 272, 93, 23
7, 435, 93, 100
7, 213, 93, 46
7, 438, 93, 66
7, 342, 93, 76
7, 440, 93, 52
7, 59, 93, 50
7, 156, 93, 85
7, 190, 93, 58
7, 324, 94, 100
7, 292, 94, 57
7, 390, 94, 5
7, 294, 94, 89
7, 134, 94, 24
7, 494, 94, 17
7, 51, 94, 42
7, 116, 94, 46
7, 309, 94, 43
7, 147, 94, 68
7, 439, 94, 11
7, 24, 94, 29
7, 346, 94, 62
7, 411, 94, 19
7, 157, 94, 85
7, 414, 94, 93
7, 511, 94, 54
7, 544, 95, 85
7, 161, 95, 59
7, 34, 95, 37
7, 576, 95, 18
7, 38, 95, 84
7, 487, 95, 3
7, 136, 95, 3
7, 521, 95, 99
7, 426, 95, 64
7, 173, 95, 60
7, 431, 95, 38
7, 145, 95, 92
7, 436, 95, 48
7, 244, 95, 52
7, 280, 95, 45
7, 88, 95, 93
7, 223, 95, 35
7, 385, 96, 97
7, 131, 96, 33
7, 396, 96, 64
7, 13, 96, 35
7, 407, 96, 32
7, 154, 96, 29
7, 420, 96, 62
7, 421, 96, 68
7, 39, 96, 2
7, 307, 96, 8
7, 55, 96, 68
7, 569, 96, 65
7, 188, 96, 5
7, 63, 96, 63
7, 460, 96, 24
7, 337, 96, 56
7, 468, 96, 56
7, 472, 96, 90
7, 344, 96, 23
7, 226, 96, 63
7, 120, 96, 1
7, 122, 96, 11
7, 480, 97, 80
7, 102, 97, 11
7, 203, 97, 62
7, 236, 97, 9
7, 557, 97, 72
7, 437, 97, 89
7, 253, 97, 17
7, 63, 97, 63
7, 135, 98, 73
7, 20, 98, 95
7, 537, 98, 84
7, 30, 98, 73
7, 416, 98, 23
7, 167, 98, 65
7, 39, 98, 2
7, 428, 98, 20
7, 44, 98, 30
7, 174, 98, 11
7, 431, 98, 38
7, 173, 98, 60
7, 57, 98, 82
7, 194, 98, 53
7, 451, 98, 48
7, 331, 98, 9
7, 461, 98, 98
7, 211, 98, 89
7, 97, 98, 70
7, 483, 98, 44
7, 490, 98, 91
7, 239, 98, 87
7, 245, 98, 29
7, 383, 98, 90
7, 1, 99, 49
7, 140, 99, 82
7, 16, 99, 23
7, 275, 99, 85
7, 542, 99, 12
7, 543, 99, 33
7, 57, 99, 82
7, 443, 99, 91
7, 447, 99, 28
7, 197, 99, 99
7, 582, 99, 33
7, 327, 99, 75
7, 585, 99, 99
7, 203, 99, 62
7, 204, 99, 93
7, 212, 99, 80
7, 85, 99, 98
7, 340, 99, 67
7, 92, 99, 19
7, 350, 99, 85
7, 486, 99, 11
7, 366, 99, 74
7, 369, 99, 66
7, 224, 100, 33
7, 153, 100, 46
7, 388, 100, 98
7, 464, 100, 90
7, 211, 100, 89
7, 179, 100, 2
7, 213, 100, 46
7, 377, 100, 37
7, 95, 100, 96
7, 386, 101, 45
7, 6, 101, 20
7, 403, 101, 52
7, 533, 101, 24
7, 149, 101, 52
7, 413, 101, 91
7, 545, 101, 97
7, 554, 101, 62
7, 555, 101, 85
7, 50, 101, 75
7, 436, 101, 48
7, 183, 101, 11
7, 444, 101, 60
7, 198, 101, 33
7, 328, 101, 2
7, 80, 101, 34
7, 82, 101, 11
7, 84, 101, 91
7, 222, 101, 68
7, 95, 101, 96
7, 107, 101, 61
7, 366, 101, 74
7, 114, 101, 95
7, 131, 102, 33
7, 10, 102, 97
7, 363, 102, 26
7, 364, 102, 48
7, 273, 102, 46
7, 434, 102, 32
7, 418, 103, 16
7, 549, 103, 57
7, 230, 103, 22
7, 75, 103, 64
7, 205, 103, 53
7, 335, 103, 94
7, 213, 103, 46
7, 406, 103, 97
7, 58, 103, 24
7, 187, 103, 67
7, 512, 104, 65
7, 284, 104, 30
7, 545, 104, 97
7, 35, 104, 5
7, 38, 104, 84
7, 552, 104, 79
7, 46, 104, 22
7, 561, 104, 24
7, 311, 104, 42
7, 56, 104, 75
7, 63, 104, 63
7, 451, 104, 48
7, 587, 104, 7
7, 338, 104, 98
7, 83, 104, 10
7, 598, 104, 74
7, 214, 104, 49
7, 472, 104, 90
7, 490, 104, 91
7, 370, 104, 99
7, 252, 104, 46
7, 502, 104, 20
7, 378, 104, 32
7, 123, 104, 44
7, 508, 104, 27
7, 480, 105, 80
7, 291, 105, 85
7, 484, 105, 50
7, 5, 105, 27
7, 359, 105, 40
7, 551, 105, 38
7, 552, 105, 79
7, 313, 105, 24
7, 475, 105, 67
7, 541, 105, 63
7, 126, 105, 48
7, 31, 105, 21
7, 510, 106, 18
7, 383, 106, 90
7, 456, 106, 84
7, 169, 106, 39
7, 170, 106, 72
7, 488, 106, 30
7, 300, 106, 40
7, 206, 106, 19
7, 431, 106, 38
7, 176, 106, 95
7, 468, 106, 56
7, 214, 106, 49
7, 409, 106, 67
7, 314, 106, 40
7, 60, 106, 17
7, 62, 106, 62
7, 223, 106, 35
7, 352, 107, 67
7, 133, 107, 22
7, 422, 107, 79
7, 5, 107, 27
7, 235, 107, 49
7, 207, 107, 82
7, 311, 107, 42
7, 314, 107, 40
7, 443, 107, 91
7, 416, 108, 23
7, 260, 108, 76
7, 102, 108, 11
7, 9, 108, 67
7, 146, 108, 38
7, 51, 108, 42
7, 350, 109, 85
7, 102, 109, 11
7, 72, 109, 92
7, 200, 109, 89
7, 50, 109, 75
7, 563, 109, 33
7, 564, 109, 97
7, 341, 109, 6
7, 183, 109, 11
7, 312, 109, 87
7, 279, 109, 45
7, 477, 109, 33
7, 414, 109, 93
7, 350, 110, 85
7, 394, 110, 42
7, 74, 110, 12
7, 303, 110, 50
7, 528, 110, 36
7, 562, 110, 40
7, 372, 110, 38
7, 246, 110, 59
7, 119, 110, 96
7, 218, 110, 88
7, 349, 110, 9
7, 254, 110, 56
7, 65, 111, 34
7, 450, 111, 13
7, 516, 111, 39
7, 423, 111, 70
7, 138, 111, 77
7, 301, 111, 51
7, 110, 111, 91
7, 368, 111, 2
7, 370, 111, 99
7, 243, 111, 93
7, 148, 111, 18
7, 597, 111, 53
7, 538, 111, 3
7, 475, 111, 67
7, 255, 111, 39
7, 350, 112, 85
7, 130, 112, 1
7, 129, 112, 76
7, 421, 112, 68
7, 11, 112, 31
7, 589, 112, 17
7, 113, 112, 92
7, 118, 112, 28
7, 534, 112, 67
7, 406, 112, 97
7, 478, 112, 39
7, 479, 112, 14
7, 512, 113, 65
7, 133, 113, 22
7, 135, 113, 73
7, 137, 113, 96
7, 274, 113, 27
7, 540, 113, 83
7, 34, 113, 37
7, 38, 113, 84
7, 172, 113, 22
7, 46, 113, 22
7, 176, 113, 95
7, 67, 113, 84
7, 210, 113, 81
7, 213, 113, 46
7, 471, 113, 18
7, 348, 113, 82
7, 221, 113, 27
7, 114, 113, 95
7, 252, 113, 46
7, 125, 113, 38
7, 577, 114, 51
7, 514, 114, 86
7, 264, 114, 70
7, 41, 114, 91
7, 110, 114, 91
7, 399, 114, 100
7, 206, 114, 19
7, 24, 114, 29
7, 412, 114, 27
7, 93, 114, 35
7, 542, 114, 12
7, 514, 115, 86
7, 258, 115, 62
7, 401, 115, 57
7, 21, 115, 85
7, 427, 115, 55
7, 429, 115, 11
7, 435, 115, 100
7, 51, 115, 42
7, 564, 115, 97
7, 310, 115, 70
7, 311, 115, 42
7, 314, 115, 40
7, 201, 115, 95
7, 202, 115, 9
7, 468, 115, 56
7, 84, 115, 91
7, 215, 115, 88
7, 477, 115, 33
7, 227, 115, 44
7, 238, 115, 20
7, 518, 116, 31
7, 532, 116, 50
7, 405, 116, 98
7, 23, 116, 59
7, 153, 116, 46
7, 157, 116, 85
7, 416, 116, 23
7, 166, 116, 85
7, 173, 116, 60
7, 437, 116, 89
7, 441, 116, 42
7, 189, 116, 91
7, 321, 116, 76
7, 583, 116, 45
7, 592, 116, 29
7, 482, 116, 77
7, 101, 116, 94
7, 107, 116, 61
7, 124, 116, 42
7, 117, 116, 74
7, 118, 116, 28
7, 252, 116, 46
7, 130, 117, 1
7, 260, 117, 76
7, 266, 117, 41
7, 143, 117, 92
7, 401, 117, 57
7, 145, 117, 92
7, 534, 117, 67
7, 283, 117, 61
7, 158, 117, 62
7, 425, 117, 39
7, 428, 117, 20
7, 301, 117, 51
7, 49, 117, 70
7, 436, 117, 48
7, 314, 117, 40
7, 71, 117, 47
7, 201, 117, 95
7, 343, 117, 62
7, 88, 117, 93
7, 473, 117, 79
7, 216, 117, 44
7, 96, 117, 75
7, 358, 117, 94
7, 361, 117, 7
7, 377, 117, 37
7, 5, 118, 27
7, 262, 118, 61
7, 266, 118, 41
7, 523, 118, 51
7, 139, 118, 1
7, 159, 118, 87
7, 293, 118, 49
7, 43, 118, 59
7, 446, 118, 78
7, 197, 118, 99
7, 326, 118, 39
7, 467, 118, 28
7, 344, 118, 23
7, 93, 118, 35
7, 481, 118, 4
7, 487, 118, 3
7, 108, 118, 85
7, 118, 118, 28
7, 377, 118, 37
7, 391, 119, 9
7, 8, 119, 31
7, 13, 119, 35
7, 144, 119, 96
7, 529, 119, 47
7, 539, 119, 74
7, 284, 119, 30
7, 285, 119, 30
7, 289, 119, 58
7, 423, 119, 70
7, 179, 119, 2
7, 55, 119, 68
7, 443, 119, 91
7, 449, 119, 46
7, 66, 119, 86
7, 453, 119, 91
7, 84, 119, 91
7, 213, 119, 46
7, 344, 119, 23
7, 88, 119, 93
7, 222, 119, 68
7, 229, 119, 83
7, 103, 119, 2
7, 499, 119, 40
7, 6, 120, 20
7, 395, 120, 86
7, 139, 120, 1
7, 141, 120, 43
7, 13, 120, 35
7, 396, 120, 64
7, 149, 120, 52
7, 535, 120, 76
7, 33, 120, 40
7, 549, 120, 57
7, 167, 120, 65
7, 426, 120, 64
7, 558, 120, 1
7, 311, 120, 42
7, 68, 120, 68
7, 200, 120, 89
7, 459, 120, 33
7, 345, 120, 10
7, 492, 120, 97
7, 493, 120, 52
7, 116, 120, 46
7, 250, 120, 33
7, 385, 121, 97
7, 227, 121, 44
7, 302, 121, 9
7, 209, 121, 45
7, 502, 121, 20
7, 385, 122, 97
7, 136, 122, 3
7, 587, 122, 7
7, 588, 122, 100
7, 432, 122, 28
7, 81, 122, 9
7, 309, 122, 43
7, 438, 122, 66
7, 598, 122, 74
7, 158, 122, 62
7, 479, 122, 14
7, 516, 123, 39
7, 167, 123, 65
7, 136, 123, 3
7, 431, 123, 38
7, 124, 123, 42
7, 444, 123, 60
7, 380, 123, 2
7, 582, 124, 33
7, 103, 124, 2
7, 488, 124, 30
7, 360, 124, 36
7, 556, 124, 1
7, 300, 124, 40
7, 366, 124, 74
7, 48, 124, 48
7, 560, 124, 32
7, 155, 124, 54
7, 381, 124, 67
7, 224, 125, 33
7, 257, 125, 99
7, 328, 125, 2
7, 42, 125, 16
7, 238, 125, 20
7, 304, 125, 4
7, 116, 125, 46
7, 252, 125, 46
7, 575, 125, 97
7, 66, 126, 86
7, 2, 126, 55
7, 388, 126, 98
7, 5, 126, 27
7, 69, 126, 45
7, 167, 126, 65
7, 296, 126, 7
7, 265, 126, 9
7, 326, 126, 39
7, 497, 126, 30
7, 379, 126, 9
7, 54, 126, 42
7, 502, 126, 20
7, 504, 126, 83
7, 251, 126, 52
7, 92, 126, 19
7, 31, 126, 21
7, 134, 127, 24
7, 13, 127, 35
7, 284, 127, 30
7, 34, 127, 37
7, 162, 127, 20
7, 166, 127, 85
7, 424, 127, 84
7, 428, 127, 20
7, 45, 127, 23
7, 187, 127, 67
7, 73, 127, 97
7, 206, 127, 19
7, 213, 127, 46
7, 223, 127, 35
7, 227, 127, 44
7, 229, 127, 83
7, 105, 127, 74
7, 108, 127, 85
7, 111, 127, 4
7, 374, 127, 2
7, 507, 127, 68
7, 161, 128, 59
7, 270, 128, 23
7, 562, 128, 40
7, 307, 128, 8
7, 280, 128, 45
7, 256, 129, 62
7, 261, 129, 66
7, 394, 129, 42
7, 138, 129, 77
7, 11, 129, 31
7, 141, 129, 43
7, 530, 129, 37
7, 23, 129, 59
7, 284, 129, 30
7, 412, 129, 27
7, 426, 129, 64
7, 171, 129, 77
7, 556, 129, 1
7, 51, 129, 42
7, 182, 129, 64
7, 467, 129, 28
7, 340, 129, 67
7, 86, 129, 93
7, 88, 129, 93
7, 484, 129, 50
7, 109, 129, 12
7, 121, 129, 58
7, 289, 130, 58
7, 69, 130, 45
7, 230, 130, 22
7, 231, 130, 23
7, 472, 130, 90
7, 588, 130, 100
7, 81, 130, 9
7, 338, 130, 98
7, 563, 130, 33
7, 18, 130, 11
7, 85, 130, 98
7, 29, 130, 49
7, 504, 130, 83
7, 313, 130, 24
7, 61, 130, 66
7, 287, 130, 57
7, 577, 131, 51
7, 390, 131, 5
7, 519, 131, 66
7, 584, 131, 17
7, 423, 131, 70
7, 597, 131, 53
7, 245, 131, 29
7, 97, 132, 70
7, 3, 132, 95
7, 455, 132, 99
7, 587, 132, 7
7, 436, 132, 48
7, 87, 132, 21
7, 251, 132, 52
7, 375, 132, 39
7, 392, 133, 64
7, 146, 133, 38
7, 536, 133, 12
7, 166, 133, 85
7, 172, 133, 22
7, 45, 133, 23
7, 559, 133, 82
7, 51, 133, 42
7, 440, 133, 52
7, 57, 133, 82
7, 449, 133, 46
7, 451, 133, 48
7, 455, 133, 99
7, 456, 133, 84
7, 585, 133, 99
7, 202, 133, 9
7, 460, 133, 24
7, 93, 133, 35
7, 228, 133, 91
7, 492, 133, 97
7, 418, 134, 16
7, 68, 134, 68
7, 519, 134, 66
7, 392, 134, 64
7, 14, 134, 1
7, 367, 134, 60
7, 209, 134, 45
7, 188, 134, 5
7, 50, 134, 75
7, 436, 134, 48
7, 371, 134, 61
7, 182, 134, 64
7, 503, 134, 22
7, 242, 134, 8
7, 278, 134, 34
7, 571, 134, 93
7, 220, 134, 100
7, 319, 134, 93
7, 416, 135, 23
7, 418, 135, 16
7, 482, 135, 77
7, 551, 135, 38
7, 363, 135, 26
7, 532, 135, 50
7, 285, 135, 30
7, 61, 135, 66
7, 415, 135, 81
7, 3, 136, 95
7, 229, 136, 83
7, 390, 136, 5
7, 393, 136, 5
7, 553, 136, 21
7, 245, 136, 29
7, 471, 136, 18
7, 6, 137, 20
7, 265, 137, 9
7, 12, 137, 80
7, 268, 137, 92
7, 408, 137, 42
7, 543, 137, 33
7, 544, 137, 85
7, 161, 137, 59
7, 294, 137, 89
7, 423, 137, 70
7, 426, 137, 64
7, 42, 137, 16
7, 178, 137, 58
7, 441, 137, 42
7, 57, 137, 82
7, 189, 137, 91
7, 203, 137, 62
7, 596, 137, 100
7, 343, 137, 62
7, 218, 137, 88
7, 226, 137, 63
7, 112, 137, 16
7, 507, 137, 68
7, 258, 138, 62
7, 7, 138, 88
7, 271, 138, 48
7, 279, 138, 45
7, 24, 138, 29
7, 40, 138, 82
7, 425, 138, 39
7, 426, 138, 64
7, 557, 138, 72
7, 173, 138, 60
7, 431, 138, 38
7, 53, 138, 26
7, 443, 138, 91
7, 577, 138, 51
7, 70, 138, 95
7, 455, 138, 99
7, 585, 138, 99
7, 496, 138, 77
7, 500, 138, 61
7, 377, 138, 37
7, 383, 138, 90
7, 537, 139, 84
7, 409, 139, 67
7, 30, 139, 73
7, 172, 139, 22
7, 50, 139, 75
7, 434, 139, 32
7, 180, 139, 75
7, 309, 139, 43
7, 193, 139, 10
7, 450, 139, 13
7, 464, 139, 90
7, 209, 139, 45
7, 472, 139, 90
7, 88, 139, 93
7, 474, 139, 3
7, 476, 139, 7
7, 349, 139, 9
7, 94, 139, 85
7, 233, 139, 72
7, 238, 139, 20
7, 240, 139, 51
7, 253, 139, 17
7, 128, 140, 11
7, 449, 140, 46
7, 545, 140, 97
7, 579, 140, 98
7, 34, 140, 37
7, 261, 140, 66
7, 196, 140, 37
7, 451, 140, 48
7, 360, 140, 36
7, 433, 140, 88
7, 52, 140, 64
7, 27, 140, 32
7, 380, 140, 2
7, 189, 140, 91
7, 543, 140, 33
7, 34, 141, 37
7, 578, 141, 95
7, 37, 141, 23
7, 553, 141, 21
7, 76, 141, 81
7, 589, 141, 17
7, 274, 141, 27
7, 20, 141, 95
7, 282, 141, 9
7, 251, 141, 52
7, 28, 141, 44
7, 126, 141, 48
7, 134, 142, 24
7, 263, 142, 68
7, 328, 142, 2
7, 555, 142, 85
7, 428, 142, 20
7, 335, 142, 94
7, 563, 142, 33
7, 117, 142, 74
7, 144, 143, 96
7, 529, 143, 47
7, 274, 143, 27
7, 409, 143, 67
7, 411, 143, 19
7, 28, 143, 44
7, 543, 143, 33
7, 544, 143, 85
7, 174, 143, 11
7, 563, 143, 33
7, 67, 143, 84
7, 195, 143, 55
7, 71, 143, 47
7, 73, 143, 97
7, 333, 143, 53
7, 90, 143, 61
7, 482, 143, 77
7, 358, 143, 94
7, 105, 143, 74
7, 493, 143, 52
7, 367, 143, 60
7, 241, 143, 74
7, 372, 143, 38
7, 511, 143, 54
7, 1, 144, 49
7, 391, 144, 9
7, 592, 144, 29
7, 401, 144, 57
7, 464, 144, 90
7, 178, 144, 58
7, 20, 144, 95
7, 486, 145, 11
7, 231, 145, 23
7, 203, 145, 62
7, 242, 145, 8
7, 91, 145, 44
7, 1, 146, 49
7, 403, 146, 52
7, 276, 146, 5
7, 409, 146, 67
7, 544, 146, 85
7, 416, 146, 23
7, 170, 146, 72
7, 299, 146, 13
7, 48, 146, 48
7, 561, 146, 24
7, 186, 146, 85
7, 572, 146, 86
7, 318, 146, 58
7, 446, 146, 78
7, 574, 146, 98
7, 331, 146, 9
7, 473, 146, 79
7, 93, 146, 35
7, 350, 146, 85
7, 356, 146, 70
7, 495, 146, 27
7, 371, 146, 61
7, 116, 146, 46
7, 117, 146, 74
7, 449, 147, 46
7, 33, 147, 40
7, 419, 147, 61
7, 420, 147, 62
7, 130, 147, 1
7, 262, 147, 61
7, 301, 147, 51
7, 431, 147, 38
7, 242, 147, 8
7, 596, 147, 100
7, 597, 147, 53
7, 182, 147, 64
7, 438, 147, 66
7, 568, 147, 84
7, 60, 147, 17
7, 479, 147, 14
7, 512, 148, 65
7, 15, 148, 36
7, 529, 148, 47
7, 149, 148, 52
7, 161, 148, 59
7, 418, 148, 16
7, 168, 148, 92
7, 312, 148, 87
7, 185, 148, 24
7, 569, 148, 65
7, 454, 148, 61
7, 200, 148, 89
7, 201, 148, 95
7, 460, 148, 24
7, 79, 148, 30
7, 212, 148, 80
7, 217, 148, 94
7, 99, 148, 71
7, 102, 148, 11
7, 106, 148, 36
7, 235, 148, 49
7, 246, 148, 59
7, 123, 148, 44
7, 35, 149, 5
7, 197, 149, 99
7, 486, 149, 11
7, 422, 149, 79
7, 138, 149, 77
7, 123, 149, 44
7, 429, 149, 11
7, 110, 149, 91
7, 176, 149, 95
7, 305, 149, 51
7, 594, 149, 91
7, 443, 149, 91
7, 412, 149, 27
7, 313, 149, 24
7, 476, 149, 7
7, 60, 149, 17
7, 446, 149, 78
7, 255, 149, 39
7, 390, 150, 5
7, 40, 150, 82
7, 393, 150, 5
7, 41, 150, 91
7, 459, 150, 33
7, 460, 150, 24
7, 269, 150, 1
7, 462, 150, 95
7, 271, 150, 48
7, 304, 150, 4
7, 49, 150, 70
7, 370, 150, 99
7, 339, 150, 93
7, 58, 150, 24
7, 61, 150, 66
7, 320, 151, 40
7, 192, 151, 100
7, 35, 151, 5
7, 359, 151, 40
7, 360, 151, 36
7, 71, 151, 47
7, 298, 151, 65
7, 75, 151, 64
7, 172, 151, 22
7, 236, 151, 9
7, 466, 151, 77
7, 406, 151, 97
7, 23, 151, 59
7, 512, 152, 65
7, 128, 152, 11
7, 514, 152, 86
7, 256, 152, 62
7, 551, 152, 38
7, 363, 152, 26
7, 555, 152, 85
7, 48, 152, 48
7, 434, 152, 32
7, 533, 152, 24
7, 213, 152, 46
7, 247, 152, 70
7, 344, 152, 23
7, 473, 152, 79
7, 154, 152, 29
7, 477, 152, 33
7, 351, 152, 41
7, 32, 153, 78
7, 545, 153, 97
7, 130, 153, 1
7, 450, 153, 13
7, 512, 153, 65
7, 551, 153, 38
7, 264, 153, 70
7, 299, 153, 13
7, 108, 153, 85
7, 557, 153, 72
7, 270, 153, 23
7, 495, 153, 27
7, 92, 153, 19
7, 241, 153, 74
7, 207, 153, 82
7, 243, 153, 93
7, 89, 153, 1
7, 124, 153, 42
7, 388, 154, 98
7, 19, 154, 72
7, 280, 154, 45
7, 313, 154, 24
7, 122, 154, 11
7, 507, 154, 68
7, 220, 154, 100
7, 134, 155, 24
7, 524, 155, 54
7, 142, 155, 84
7, 531, 155, 10
7, 20, 155, 95
7, 282, 155, 9
7, 541, 155, 63
7, 286, 155, 9
7, 33, 155, 40
7, 52, 155, 64
7, 197, 155, 99
7, 70, 155, 95
7, 330, 155, 56
7, 80, 155, 34
7, 211, 155, 89
7, 342, 155, 76
7, 368, 155, 2
7, 245, 155, 29
7, 381, 155, 67
7, 196, 156, 37
7, 260, 156, 76
7, 583, 156, 45
7, 402, 156, 69
7, 213, 156, 46
7, 214, 156, 49
7, 438, 156, 66
7, 521, 157, 99
7, 44, 157, 30
7, 141, 157, 43
7, 500, 157, 61
7, 181, 157, 70
7, 477, 157, 33
7, 67, 158, 84
7, 205, 158, 53
7, 238, 158, 20
7, 52, 158, 64
7, 344, 158, 23
7, 345, 158, 10
7, 289, 159, 58
7, 35, 159, 5
7, 131, 159, 33
7, 549, 159, 57
7, 325, 159, 97
7, 550, 159, 46
7, 548, 159, 72
7, 266, 159, 41
7, 366, 159, 74
7, 559, 159, 82
7, 93, 159, 35
7, 568, 159, 84
7, 345, 159, 10
7, 314, 159, 40
7, 316, 159, 56
7, 541, 159, 63
7, 400, 160, 63
7, 273, 160, 46
7, 534, 160, 67
7, 154, 160, 29
7, 410, 160, 76
7, 161, 160, 59
7, 546, 160, 54
7, 47, 160, 56
7, 445, 160, 86
7, 580, 160, 19
7, 326, 160, 39
7, 455, 160, 99
7, 590, 160, 80
7, 346, 160, 62
7, 478, 160, 39
7, 100, 160, 91
7, 228, 160, 91
7, 497, 160, 30
7, 125, 160, 38
7, 455, 161, 99
7, 11, 161, 31
7, 461, 161, 98
7, 435, 161, 100
7, 275, 161, 85
7, 437, 161, 89
7, 179, 161, 2
7, 276, 161, 5
7, 446, 161, 78
7, 515, 162, 71
7, 140, 162, 82
7, 529, 162, 47
7, 274, 162, 27
7, 286, 162, 9
7, 33, 162, 40
7, 36, 162, 78
7, 554, 162, 62
7, 50, 162, 75
7, 436, 162, 48
7, 316, 162, 56
7, 62, 162, 62
7, 319, 162, 93
7, 203, 162, 62
7, 461, 162, 98
7, 462, 162, 95
7, 352, 162, 67
7, 488, 162, 30
7, 106, 162, 36
7, 109, 162, 12
7, 494, 162, 17
7, 126, 162, 48
7, 252, 162, 46
7, 382, 162, 42
7, 288, 163, 70
7, 351, 163, 41
7, 552, 163, 79
7, 424, 163, 84
7, 172, 163, 22
7, 494, 163, 17
7, 430, 163, 72
7, 144, 163, 96
7, 244, 163, 52
7, 405, 163, 98
7, 24, 163, 29
7, 282, 163, 9
7, 184, 163, 87
7, 543, 163, 33
7, 386, 164, 45
7, 6, 164, 20
7, 265, 164, 9
7, 201, 164, 95
7, 370, 164, 99
7, 376, 164, 44
7, 538, 164, 3
7, 385, 165, 97
7, 290, 165, 94
7, 230, 165, 22
7, 40, 165, 82
7, 393, 165, 5
7, 504, 165, 83
7, 123, 165, 44
7, 264, 166, 70
7, 268, 166, 92
7, 531, 166, 10
7, 275, 166, 85
7, 21, 166, 85
7, 279, 166, 45
7, 543, 166, 33
7, 420, 166, 62
7, 165, 166, 47
7, 294, 166, 89
7, 39, 166, 2
7, 175, 166, 85
7, 177, 166, 26
7, 50, 166, 75
7, 565, 166, 5
7, 568, 166, 84
7, 317, 166, 37
7, 208, 166, 33
7, 210, 166, 81
7, 467, 166, 28
7, 470, 166, 93
7, 356, 166, 70
7, 358, 166, 94
7, 369, 166, 66
7, 518, 167, 31
7, 262, 167, 61
7, 137, 167, 96
7, 269, 167, 1
7, 142, 167, 84
7, 530, 167, 37
7, 296, 167, 7
7, 300, 167, 40
7, 429, 167, 11
7, 48, 167, 48
7, 435, 167, 100
7, 186, 167, 85
7, 570, 167, 68
7, 314, 167, 40
7, 576, 167, 18
7, 451, 167, 48
7, 583, 167, 45
7, 328, 167, 2
7, 210, 167, 81
7, 469, 167, 80
7, 347, 167, 77
7, 353, 167, 61
7, 110, 167, 91
7, 199, 168, 57
7, 424, 168, 84
7, 461, 168, 98
7, 141, 168, 43
7, 241, 168, 74
7, 467, 168, 28
7, 243, 168, 93
7, 376, 168, 44
7, 348, 168, 82
7, 29, 168, 49
7, 389, 169, 40
7, 138, 169, 77
7, 511, 169, 54
7, 522, 169, 62
7, 539, 169, 74
7, 540, 169, 83
7, 419, 169, 61
7, 298, 169, 65
7, 176, 169, 95
7, 49, 169, 70
7, 63, 169, 63
7, 582, 169, 33
7, 73, 169, 97
7, 586, 169, 52
7, 212, 169, 80
7, 88, 169, 93
7, 351, 169, 41
7, 98, 169, 20
7, 489, 169, 63
7, 362, 169, 12
7, 243, 169, 93
7, 500, 169, 61
7, 117, 169, 74
7, 245, 169, 29
7, 255, 169, 39
7, 258, 170, 62
7, 226, 170, 63
7, 520, 170, 36
7, 360, 170, 36
7, 236, 170, 9
7, 492, 170, 97
7, 140, 170, 82
7, 21, 170, 85
7, 193, 171, 10
7, 260, 171, 76
7, 548, 171, 72
7, 390, 171, 5
7, 293, 171, 49
7, 168, 171, 92
7, 233, 171, 72
7, 556, 171, 1
7, 397, 171, 18
7, 238, 171, 20
7, 398, 171, 56
7, 589, 171, 17
7, 594, 171, 91
7, 307, 171, 8
7, 340, 171, 67
7, 243, 171, 93
7, 375, 171, 39
7, 188, 171, 5
7, 136, 172, 3
7, 401, 172, 57
7, 17, 172, 23
7, 287, 172, 57
7, 297, 172, 54
7, 169, 172, 39
7, 554, 172, 62
7, 431, 172, 38
7, 304, 172, 4
7, 564, 172, 97
7, 567, 172, 65
7, 188, 172, 5
7, 318, 172, 58
7, 324, 172, 100
7, 69, 172, 45
7, 460, 172, 24
7, 95, 172, 96
7, 361, 172, 7
7, 490, 172, 91
7, 497, 172, 30
7, 241, 172, 74
7, 510, 172, 18
7, 515, 173, 71
7, 519, 173, 66
7, 393, 173, 5
7, 522, 173, 62
7, 272, 173, 23
7, 528, 173, 36
7, 18, 173, 11
7, 283, 173, 61
7, 542, 173, 12
7, 35, 173, 5
7, 294, 173, 89
7, 299, 173, 13
7, 300, 173, 40
7, 47, 173, 56
7, 561, 173, 24
7, 307, 173, 8
7, 444, 173, 60
7, 577, 173, 51
7, 333, 173, 53
7, 229, 173, 83
7, 104, 173, 86
7, 236, 173, 9
7, 498, 173, 63
7, 505, 173, 40
7, 195, 174, 55
7, 38, 174, 84
7, 332, 174, 55
7, 333, 174, 53
7, 237, 174, 76
7, 528, 174, 36
7, 434, 174, 32
7, 530, 174, 37
7, 404, 174, 94
7, 23, 174, 59
7, 537, 174, 84
7, 446, 174, 78
7, 0, 175, 97
7, 161, 175, 59
7, 257, 175, 99
7, 163, 175, 22
7, 580, 175, 19
7, 41, 175, 91
7, 362, 175, 12
7, 75, 175, 64
7, 236, 175, 9
7, 527, 175, 14
7, 16, 175, 23
7, 532, 175, 50
7, 539, 175, 74
7, 313, 175, 24
7, 442, 175, 83
7, 283, 175, 61
7, 28, 175, 44
7, 383, 175, 90
7, 166, 176, 85
7, 266, 176, 41
7, 400, 176, 63
7, 275, 176, 85
7, 500, 176, 61
7, 349, 176, 9
7, 192, 177, 100
7, 227, 177, 44
7, 293, 177, 49
7, 69, 177, 45
7, 169, 177, 39
7, 41, 177, 91
7, 172, 177, 22
7, 494, 177, 17
7, 176, 177, 95
7, 368, 177, 2
7, 536, 177, 12
7, 188, 177, 5
7, 382, 177, 42
7, 129, 178, 76
7, 3, 178, 95
7, 401, 178, 57
7, 150, 178, 25
7, 536, 178, 12
7, 411, 178, 19
7, 540, 178, 83
7, 428, 178, 20
7, 557, 178, 72
7, 434, 178, 32
7, 567, 178, 65
7, 584, 178, 17
7, 334, 178, 71
7, 597, 178, 53
7, 94, 178, 85
7, 225, 178, 39
7, 353, 178, 61
7, 483, 178, 44
7, 100, 178, 91
7, 357, 178, 15
7, 485, 178, 58
7, 233, 178, 72
7, 263, 179, 68
7, 519, 179, 66
7, 147, 179, 68
7, 148, 179, 18
7, 427, 179, 55
7, 556, 179, 1
7, 183, 179, 11
7, 574, 179, 98
7, 461, 179, 98
7, 336, 179, 80
7, 209, 179, 45
7, 341, 179, 6
7, 120, 179, 1
7, 478, 179, 39
7, 96, 179, 75
7, 486, 179, 11
7, 113, 179, 92
7, 504, 179, 83
7, 379, 179, 9
7, 256, 180, 62
7, 325, 180, 97
7, 135, 180, 73
7, 264, 180, 70
7, 329, 180, 41
7, 73, 180, 97
7, 428, 180, 20
7, 45, 180, 23
7, 590, 180, 80
7, 109, 180, 12
7, 46, 180, 22
7, 272, 180, 23
7, 530, 180, 37
7, 142, 180, 84
7, 119, 180, 96
7, 88, 180, 93
7, 383, 180, 90
7, 513, 181, 26
7, 514, 181, 86
7, 259, 181, 100
7, 520, 181, 36
7, 18, 181, 11
7, 406, 181, 97
7, 286, 181, 9
7, 288, 181, 70
7, 44, 181, 30
7, 307, 181, 8
7, 57, 181, 82
7, 317, 181, 37
7, 445, 181, 86
7, 192, 181, 100
7, 320, 181, 40
7, 449, 181, 46
7, 586, 181, 52
7, 333, 181, 53
7, 466, 181, 77
7, 218, 181, 88
7, 475, 181, 67
7, 232, 181, 77
7, 493, 181, 52
7, 115, 181, 26
7, 116, 181, 46
7, 1, 182, 49
7, 98, 182, 20
7, 357, 182, 15
7, 264, 182, 70
7, 559, 182, 82
7, 20, 182, 95
7, 185, 182, 24
7, 571, 182, 93
7, 573, 182, 79
7, 191, 182, 95
7, 416, 183, 23
7, 195, 183, 55
7, 3, 183, 95
7, 522, 183, 62
7, 173, 183, 60
7, 494, 183, 17
7, 399, 183, 100
7, 368, 183, 2
7, 497, 183, 30
7, 242, 183, 8
7, 565, 183, 5
7, 215, 183, 88
7, 409, 183, 67
7, 375, 183, 39
7, 63, 183, 63
7, 319, 183, 93
7, 485, 184, 58
7, 301, 184, 51
7, 493, 184, 52
7, 112, 184, 16
7, 465, 184, 70
7, 379, 184, 9
7, 316, 184, 56
7, 136, 185, 3
7, 394, 185, 42
7, 143, 185, 92
7, 148, 185, 18
7, 20, 185, 95
7, 153, 185, 46
7, 35, 185, 5
7, 170, 185, 72
7, 171, 185, 77
7, 51, 185, 42
7, 310, 185, 70
7, 440, 185, 52
7, 570, 185, 68
7, 575, 185, 97
7, 451, 185, 48
7, 208, 185, 33
7, 347, 185, 77
7, 96, 185, 75
7, 354, 185, 59
7, 482, 185, 77
7, 103, 185, 2
7, 117, 185, 74
7, 246, 185, 59
7, 512, 186, 65
7, 385, 186, 97
7, 1, 186, 49
7, 225, 186, 39
7, 452, 186, 89
7, 261, 186, 66
7, 331, 186, 9
7, 140, 186, 82
7, 494, 186, 17
7, 590, 186, 80
7, 240, 186, 51
7, 145, 186, 92
7, 339, 186, 93
7, 245, 186, 29
7, 470, 186, 93
7, 380, 186, 2
7, 95, 186, 96
7, 191, 186, 95
7, 4, 187, 8
7, 134, 187, 24
7, 584, 187, 17
7, 76, 187, 81
7, 13, 187, 35
7, 243, 187, 93
7, 373, 187, 49
7, 597, 187, 53
7, 408, 187, 42
7, 64, 188, 100
7, 321, 188, 76
7, 3, 188, 95
7, 227, 188, 44
7, 133, 188, 22
7, 419, 188, 61
7, 265, 188, 9
7, 361, 188, 7
7, 141, 188, 43
7, 561, 188, 24
7, 498, 188, 63
7, 500, 188, 61
7, 373, 188, 49
7, 84, 188, 91
7, 406, 188, 97
7, 148, 188, 18
7, 122, 188, 11
7, 380, 188, 2
7, 355, 189, 100
7, 263, 189, 68
7, 392, 189, 64
7, 558, 189, 1
7, 527, 189, 14
7, 111, 189, 4
7, 563, 189, 33
7, 500, 189, 61
7, 20, 189, 95
7, 342, 189, 76
7, 148, 189, 18
7, 536, 189, 12
7, 187, 189, 67
7, 317, 189, 37
7, 126, 189, 48
7, 266, 190, 41
7, 271, 190, 48
7, 537, 190, 84
7, 415, 190, 81
7, 546, 190, 54
7, 547, 190, 33
7, 300, 190, 40
7, 304, 190, 4
7, 564, 190, 97
7, 570, 190, 68
7, 190, 190, 58
7, 457, 190, 33
7, 204, 190, 93
7, 465, 190, 70
7, 213, 190, 46
7, 215, 190, 88
7, 216, 190, 44
7, 475, 190, 67
7, 225, 190, 39
7, 355, 190, 100
7, 237, 190, 76
7, 112, 190, 16
7, 244, 190, 52
7, 376, 190, 44
7, 288, 191, 70
7, 546, 191, 54
7, 68, 191, 68
7, 233, 191, 72
7, 266, 191, 41
7, 426, 191, 64
7, 12, 191, 80
7, 463, 191, 73
7, 51, 191, 42
7, 211, 191, 89
7, 244, 191, 52
7, 118, 191, 28
7, 343, 191, 62
7, 536, 191, 12
7, 94, 191, 85
7, 479, 191, 14
7, 256, 192, 62
7, 396, 192, 64
7, 12, 192, 80
7, 408, 192, 42
7, 30, 192, 73
7, 545, 192, 97
7, 432, 192, 28
7, 565, 192, 5
7, 315, 192, 88
7, 329, 192, 41
7, 204, 192, 93
7, 464, 192, 90
7, 594, 192, 91
7, 479, 192, 14
7, 354, 192, 59
7, 488, 192, 30
7, 105, 192, 74
7, 111, 192, 4
7, 368, 192, 2
7, 113, 192, 92
7, 377, 192, 37
7, 260, 193, 76
7, 393, 193, 5
7, 523, 193, 51
7, 269, 193, 1
7, 270, 193, 23
7, 273, 193, 46
7, 17, 193, 23
7, 154, 193, 29
7, 166, 193, 85
7, 170, 193, 72
7, 556, 193, 1
7, 307, 193, 8
7, 308, 193, 22
7, 586, 193, 52
7, 81, 193, 9
7, 226, 193, 63
7, 492, 193, 97
7, 503, 193, 22
7, 122, 193, 11
7, 254, 193, 56
7, 0, 194, 97
7, 258, 194, 62
7, 3, 194, 95
7, 135, 194, 73
7, 17, 194, 23
7, 23, 194, 59
7, 408, 194, 42
7, 541, 194, 63
7, 414, 194, 93
7, 294, 194, 89
7, 556, 194, 1
7, 428, 194, 20
7, 564, 194, 97
7, 566, 194, 13
7, 56, 194, 75
7, 320, 194, 40
7, 577, 194, 51
7, 77, 194, 68
7, 590, 194, 80
7, 593, 194, 21
7, 84, 194, 91
7, 99, 194, 71
7, 358, 194, 94
7, 103, 194, 2
7, 508, 194, 27
7, 577, 195, 51
7, 514, 195, 86
7, 38, 195, 84
7, 519, 195, 66
7, 424, 195, 84
7, 521, 195, 99
7, 72, 195, 92
7, 107, 195, 61
7, 427, 195, 55
7, 76, 195, 81
7, 239, 195, 87
7, 503, 195, 22
7, 57, 195, 82
7, 570, 195, 68
7, 247, 195, 70
7, 508, 195, 27
7, 517, 196, 88
7, 265, 196, 9
7, 273, 196, 46
7, 19, 196, 72
7, 537, 196, 84
7, 154, 196, 29
7, 159, 196, 87
7, 170, 196, 72
7, 427, 196, 55
7, 300, 196, 40
7, 304, 196, 4
7, 53, 196, 26
7, 181, 196, 70
7, 188, 196, 5
7, 318, 196, 58
7, 197, 196, 99
7, 335, 196, 94
7, 480, 196, 80
7, 226, 196, 63
7, 106, 196, 36
7, 495, 196, 27
7, 499, 196, 40
7, 160, 197, 96
7, 384, 197, 66
7, 228, 197, 91
7, 583, 197, 45
7, 393, 197, 5
7, 587, 197, 7
7, 109, 197, 12
7, 462, 197, 95
7, 143, 197, 92
7, 374, 197, 2
7, 439, 197, 11
7, 476, 197, 7
7, 516, 198, 39
7, 520, 198, 36
7, 12, 198, 80
7, 404, 198, 94
7, 21, 198, 85
7, 278, 198, 34
7, 546, 198, 54
7, 42, 198, 16
7, 207, 198, 82
7, 341, 198, 6
7, 89, 198, 1
7, 90, 198, 61
7, 221, 198, 27
7, 227, 198, 44
7, 483, 198, 44
7, 101, 198, 94
7, 355, 198, 100
7, 104, 198, 86
7, 366, 198, 74
7, 112, 198, 16
7, 130, 199, 1
7, 485, 199, 58
7, 198, 199, 33
7, 519, 199, 66
7, 282, 199, 9
7, 172, 199, 22
7, 442, 199, 83
7, 401, 199, 57
7, 149, 199, 52
7, 86, 199, 93
7, 152, 199, 74
7, 122, 199, 11
7, 254, 199, 56
7, 159, 199, 87
7, 394, 200, 42
7, 396, 200, 64
7, 13, 200, 35
7, 419, 200, 61
7, 295, 200, 29
7, 427, 200, 55
7, 562, 200, 40
7, 435, 200, 100
7, 566, 200, 13
7, 185, 200, 24
7, 189, 200, 91
7, 579, 200, 98
7, 196, 200, 37
7, 326, 200, 39
7, 582, 200, 33
7, 205, 200, 53
7, 334, 200, 71
7, 465, 200, 70
7, 82, 200, 11
7, 342, 200, 76
7, 349, 200, 9
7, 230, 200, 22
7, 105, 200, 74
7, 365, 200, 32
7, 377, 200, 37
7, 0, 201, 97
7, 130, 201, 1
7, 516, 201, 39
7, 138, 201, 77
7, 397, 201, 18
7, 141, 201, 43
7, 536, 201, 12
7, 537, 201, 84
7, 422, 201, 79
7, 178, 201, 58
7, 590, 201, 80
7, 84, 201, 91
7, 93, 201, 35
7, 98, 201, 20
7, 100, 201, 91
7, 485, 201, 58
7, 491, 201, 36
7, 108, 201, 85
7, 114, 201, 95
7, 509, 201, 92
7, 512, 202, 65
7, 393, 202, 5
7, 400, 202, 63
7, 153, 202, 46
7, 292, 202, 57
7, 46, 202, 22
7, 314, 202, 40
7, 67, 202, 84
7, 453, 202, 91
7, 326, 202, 39
7, 331, 202, 9
7, 205, 202, 53
7, 590, 202, 80
7, 482, 202, 77
7, 100, 202, 91
7, 359, 202, 40
7, 364, 202, 48
7, 497, 202, 30
7, 122, 202, 11
7, 507, 202, 68
7, 510, 202, 18
7, 416, 203, 23
7, 162, 203, 20
7, 451, 203, 48
7, 454, 203, 61
7, 362, 203, 12
7, 138, 203, 77
7, 204, 203, 93
7, 174, 203, 11
7, 527, 203, 14
7, 371, 203, 61
7, 467, 203, 28
7, 469, 203, 80
7, 120, 203, 1
7, 314, 203, 40
7, 347, 203, 77
7, 478, 203, 39
7, 159, 203, 87
7, 129, 204, 76
7, 581, 204, 22
7, 487, 204, 3
7, 489, 204, 63
7, 492, 204, 97
7, 140, 204, 82
7, 560, 204, 32
7, 52, 204, 64
7, 85, 204, 98
7, 86, 204, 93
7, 310, 204, 70
7, 536, 204, 12
7, 452, 205, 89
7, 484, 205, 50
7, 171, 205, 77
7, 591, 205, 65
7, 308, 205, 22
7, 89, 205, 1
7, 256, 206, 62
7, 521, 206, 99
7, 526, 206, 68
7, 527, 206, 14
7, 142, 206, 84
7, 30, 206, 73
7, 160, 206, 96
7, 554, 206, 62
7, 42, 206, 16
7, 427, 206, 55
7, 301, 206, 51
7, 70, 206, 95
7, 329, 206, 41
7, 330, 206, 56
7, 588, 206, 100
7, 88, 206, 93
7, 473, 206, 79
7, 216, 206, 44
7, 227, 206, 44
7, 232, 206, 77
7, 496, 206, 77
7, 251, 206, 52
7, 252, 206, 46
7, 512, 207, 65
7, 163, 207, 22
7, 264, 207, 70
7, 77, 207, 68
7, 497, 207, 30
7, 21, 207, 85
7, 54, 207, 42
7, 87, 207, 21
7, 359, 208, 40
7, 330, 208, 56
7, 364, 208, 48
7, 305, 208, 51
7, 412, 208, 27
7, 480, 209, 80
7, 160, 209, 96
7, 195, 209, 55
7, 478, 209, 39
7, 138, 209, 77
7, 556, 209, 1
7, 140, 209, 82
7, 559, 209, 82
7, 212, 209, 80
7, 597, 209, 53
7, 374, 209, 2
7, 22, 209, 65
7, 472, 209, 90
7, 534, 209, 67
7, 152, 209, 74
7, 158, 209, 62
7, 489, 210, 63
7, 108, 210, 85
7, 140, 210, 82
7, 398, 210, 56
7, 14, 210, 1
7, 469, 210, 80
7, 314, 210, 40
7, 63, 210, 63
7, 480, 211, 80
7, 323, 211, 14
7, 67, 211, 84
7, 293, 211, 49
7, 459, 211, 33
7, 525, 211, 5
7, 301, 211, 51
7, 206, 211, 19
7, 496, 211, 77
7, 558, 211, 1
7, 213, 211, 46
7, 247, 211, 70
7, 410, 211, 76
7, 253, 211, 17
7, 542, 211, 12
7, 385, 212, 97
7, 225, 212, 39
7, 229, 212, 83
7, 296, 212, 7
7, 415, 212, 81
7, 108, 212, 85
7, 110, 212, 91
7, 18, 212, 11
7, 19, 212, 72
7, 440, 212, 52
7, 441, 212, 42
7, 570, 212, 68
7, 285, 212, 30
7, 127, 212, 85
7, 352, 213, 67
7, 255, 213, 39
7, 298, 213, 65
7, 479, 213, 14
7, 46, 213, 22
7, 304, 213, 4
7, 85, 213, 98
7, 534, 213, 67
7, 575, 213, 97
7, 449, 214, 46
7, 297, 214, 54
7, 42, 214, 16
7, 236, 214, 9
7, 466, 214, 77
7, 218, 214, 88
7, 187, 214, 67
7, 156, 214, 85
7, 221, 214, 27
7, 256, 215, 62
7, 289, 215, 58
7, 323, 215, 14
7, 510, 215, 18
7, 542, 215, 12
7, 140, 215, 82
7, 493, 215, 52
7, 111, 215, 4
7, 342, 215, 76
7, 248, 215, 89
7, 152, 215, 74
7, 190, 215, 58
7, 520, 216, 36
7, 456, 216, 84
7, 586, 216, 52
7, 268, 216, 92
7, 372, 216, 38
7, 469, 216, 80
7, 21, 216, 85
7, 87, 216, 21
7, 473, 216, 79
7, 571, 216, 93
7, 446, 216, 78
7, 482, 217, 77
7, 229, 217, 83
7, 425, 217, 39
7, 74, 217, 12
7, 173, 217, 60
7, 174, 217, 11
7, 238, 217, 20
7, 592, 217, 29
7, 29, 217, 49
7, 443, 217, 91
7, 214, 217, 49
7, 149, 217, 52
7, 187, 217, 67
7, 220, 217, 100
7, 221, 217, 27
7, 286, 217, 9
7, 256, 218, 62
7, 520, 218, 36
7, 12, 218, 80
7, 528, 218, 36
7, 153, 218, 46
7, 161, 218, 59
7, 169, 218, 39
7, 304, 218, 4
7, 180, 218, 75
7, 311, 218, 42
7, 317, 218, 37
7, 454, 218, 61
7, 458, 218, 97
7, 332, 218, 55
7, 204, 218, 93
7, 590, 218, 80
7, 468, 218, 56
7, 352, 218, 67
7, 353, 218, 61
7, 354, 218, 59
7, 96, 218, 75
7, 111, 218, 4
7, 369, 218, 66
7, 245, 218, 29
7, 503, 218, 22
7, 72, 219, 92
7, 431, 219, 38
7, 495, 219, 27
7, 61, 219, 66
7, 85, 219, 98
7, 538, 219, 3
7, 572, 219, 86
7, 477, 219, 33
7, 255, 219, 39
7, 449, 220, 46
7, 260, 220, 76
7, 360, 220, 36
7, 297, 220, 54
7, 140, 220, 82
7, 493, 220, 52
7, 209, 220, 45
7, 497, 220, 30
7, 381, 220, 67
7, 180, 220, 75
7, 50, 220, 75
7, 150, 220, 25
7, 282, 220, 9
7, 317, 220, 37
7, 316, 220, 56
7, 349, 220, 9
7, 94, 220, 85
7, 386, 221, 45
7, 165, 221, 47
7, 102, 221, 11
7, 519, 221, 66
7, 137, 221, 96
7, 575, 221, 97
7, 495, 221, 27
7, 273, 221, 46
7, 120, 221, 1
7, 28, 221, 44
7, 126, 221, 48
7, 63, 221, 63
7, 517, 222, 88
7, 265, 222, 9
7, 271, 222, 48
7, 147, 222, 68
7, 281, 222, 68
7, 40, 222, 82
7, 561, 222, 24
7, 307, 222, 8
7, 578, 222, 95
7, 69, 222, 45
7, 329, 222, 41
7, 588, 222, 100
7, 92, 222, 19
7, 349, 222, 9
7, 485, 222, 58
7, 499, 222, 40
7, 118, 222, 28
7, 248, 222, 89
7, 509, 222, 92
7, 254, 222, 56
7, 3, 223, 95
7, 137, 223, 96
7, 529, 223, 47
7, 408, 223, 42
7, 282, 223, 9
7, 39, 223, 2
7, 169, 223, 39
7, 42, 223, 16
7, 556, 223, 1
7, 50, 223, 75
7, 442, 223, 83
7, 192, 223, 100
7, 581, 223, 22
7, 327, 223, 75
7, 73, 223, 97
7, 586, 223, 52
7, 339, 223, 93
7, 212, 223, 80
7, 596, 223, 100
7, 360, 223, 36
7, 233, 223, 72
7, 500, 223, 61
7, 119, 223, 96
7, 377, 223, 37
7, 252, 223, 46
7, 101, 224, 94
7, 392, 224, 64
7, 425, 224, 39
7, 586, 224, 52
7, 235, 224, 49
7, 79, 224, 30
7, 47, 224, 56
7, 17, 224, 23
7, 439, 224, 11
7, 24, 224, 29
7, 59, 224, 50
7, 61, 224, 66
7, 97, 225, 70
7, 546, 225, 54
7, 259, 225, 100
7, 70, 225, 95
7, 109, 225, 12
7, 537, 225, 84
7, 591, 225, 65
7, 113, 225, 92
7, 50, 225, 75
7, 276, 225, 5
7, 245, 225, 29
7, 534, 225, 67
7, 374, 225, 2
7, 345, 225, 10
7, 539, 225, 74
7, 254, 225, 56
7, 577, 226, 51
7, 66, 226, 86
7, 355, 226, 100
7, 423, 226, 70
7, 333, 226, 53
7, 149, 226, 52
7, 407, 226, 32
7, 220, 226, 100
7, 222, 226, 68
7, 383, 226, 90
7, 576, 227, 18
7, 159, 227, 87
7, 5, 227, 27
7, 389, 227, 40
7, 39, 227, 2
7, 329, 227, 41
7, 110, 227, 91
7, 337, 227, 56
7, 343, 227, 62
7, 281, 227, 68
7, 26, 227, 30
7, 158, 227, 62
7, 254, 227, 56
7, 575, 227, 97
7, 164, 228, 60
7, 485, 228, 58
7, 548, 228, 72
7, 553, 228, 21
7, 53, 228, 26
7, 440, 228, 52
7, 122, 228, 11
7, 379, 228, 9
7, 120, 228, 1
7, 191, 229, 95
7, 567, 229, 65
7, 235, 229, 49
7, 594, 229, 91
7, 150, 229, 25
7, 534, 229, 67
7, 182, 229, 64
7, 249, 229, 80
7, 31, 229, 21
7, 388, 230, 98
7, 264, 230, 70
7, 139, 230, 1
7, 278, 230, 34
7, 154, 230, 29
7, 421, 230, 68
7, 296, 230, 7
7, 297, 230, 54
7, 170, 230, 72
7, 40, 230, 82
7, 304, 230, 4
7, 308, 230, 22
7, 71, 230, 47
7, 73, 230, 97
7, 74, 230, 12
7, 208, 230, 33
7, 337, 230, 56
7, 359, 230, 40
7, 487, 230, 3
7, 367, 230, 60
7, 0, 231, 97
7, 388, 231, 98
7, 136, 231, 3
7, 394, 231, 42
7, 37, 231, 23
7, 45, 231, 23
7, 431, 231, 38
7, 59, 231, 50
7, 61, 231, 66
7, 73, 231, 97
7, 330, 231, 56
7, 333, 231, 53
7, 471, 231, 18
7, 349, 231, 9
7, 354, 231, 59
7, 231, 231, 23
7, 379, 231, 9
7, 507, 231, 68
7, 248, 231, 89
7, 123, 231, 44
7, 483, 232, 44
7, 420, 232, 62
7, 390, 232, 5
7, 328, 232, 2
7, 332, 232, 55
7, 367, 232, 60
7, 114, 232, 95
7, 595, 232, 5
7, 213, 232, 46
7, 438, 232, 66
7, 183, 232, 11
7, 504, 232, 83
7, 506, 232, 54
7, 159, 232, 87
7, 324, 233, 100
7, 165, 233, 47
7, 550, 233, 46
7, 231, 233, 23
7, 101, 233, 94
7, 553, 233, 21
7, 77, 233, 68
7, 141, 233, 43
7, 47, 233, 56
7, 16, 233, 23
7, 17, 233, 23
7, 241, 233, 74
7, 498, 233, 63
7, 52, 233, 64
7, 19, 233, 72
7, 278, 233, 34
7, 286, 233, 9
7, 134, 234, 24
7, 521, 234, 99
7, 138, 234, 77
7, 277, 234, 62
7, 533, 234, 24
7, 151, 234, 92
7, 538, 234, 3
7, 416, 234, 23
7, 559, 234, 82
7, 186, 234, 85
7, 61, 234, 66
7, 455, 234, 99
7, 71, 234, 47
7, 456, 234, 84
7, 327, 234, 75
7, 356, 234, 70
7, 485, 234, 58
7, 232, 234, 77
7, 382, 234, 42
7, 511, 234, 54
7, 296, 235, 7
7, 41, 235, 91
7, 584, 235, 17
7, 396, 235, 64
7, 532, 235, 50
7, 468, 235, 56
7, 93, 235, 35
7, 64, 236, 100
7, 225, 236, 39
7, 354, 236, 59
7, 154, 236, 29
7, 208, 236, 33
7, 244, 236, 52
7, 502, 236, 20
7, 410, 236, 76
7, 95, 236, 96
7, 0, 237, 97
7, 353, 237, 61
7, 418, 237, 16
7, 326, 237, 39
7, 231, 237, 23
7, 429, 237, 11
7, 366, 237, 74
7, 525, 237, 5
7, 240, 237, 51
7, 558, 237, 1
7, 210, 237, 81
7, 594, 237, 91
7, 79, 237, 30
7, 533, 237, 24
7, 305, 237, 51
7, 209, 237, 45
7, 381, 237, 67
7, 478, 237, 39
7, 195, 238, 55
7, 230, 238, 22
7, 70, 238, 95
7, 264, 238, 70
7, 329, 238, 41
7, 9, 238, 67
7, 74, 238, 12
7, 168, 238, 92
7, 18, 238, 11
7, 563, 238, 33
7, 338, 238, 98
7, 179, 238, 2
7, 84, 238, 91
7, 404, 238, 94
7, 377, 238, 37
7, 191, 238, 95
7, 290, 239, 94
7, 227, 239, 44
7, 387, 239, 76
7, 45, 239, 23
7, 271, 239, 48
7, 370, 239, 99
7, 280, 239, 45
7, 250, 239, 33
7, 352, 240, 67
7, 257, 240, 99
7, 225, 240, 39
7, 385, 240, 97
7, 165, 240, 47
7, 102, 240, 11
7, 11, 240, 31
7, 524, 240, 54
7, 111, 240, 4
7, 306, 240, 4
7, 50, 240, 75
7, 404, 240, 94
7, 568, 240, 84
7, 154, 240, 29
7, 540, 240, 83
7, 514, 241, 86
7, 259, 241, 100
7, 272, 241, 23
7, 18, 241, 11
7, 532, 241, 50
7, 22, 241, 65
7, 292, 241, 57
7, 167, 241, 65
7, 569, 241, 65
7, 441, 241, 42
7, 443, 241, 91
7, 313, 241, 24
7, 192, 241, 100
7, 461, 241, 98
7, 592, 241, 29
7, 594, 241, 91
7, 340, 241, 67
7, 470, 241, 93
7, 90, 241, 61
7, 478, 241, 39
7, 226, 241, 63
7, 483, 241, 44
7, 489, 241, 63
7, 106, 241, 36
7, 372, 241, 38
7, 4, 242, 8
7, 388, 242, 98
7, 265, 242, 9
7, 145, 242, 92
7, 538, 242, 3
7, 282, 242, 9
7, 297, 242, 54
7, 300, 242, 40
7, 53, 242, 26
7, 565, 242, 5
7, 183, 242, 11
7, 184, 242, 87
7, 58, 242, 24
7, 320, 242, 40
7, 70, 242, 95
7, 328, 242, 2
7, 340, 242, 67
7, 85, 242, 98
7, 88, 242, 93
7, 475, 242, 67
7, 230, 242, 22
7, 373, 242, 49
7, 245, 242, 29
7, 375, 242, 39
7, 576, 243, 18
7, 193, 243, 10
7, 451, 243, 48
7, 452, 243, 89
7, 261, 243, 66
7, 519, 243, 66
7, 199, 243, 57
7, 460, 243, 24
7, 397, 243, 18
7, 142, 243, 84
7, 591, 243, 65
7, 399, 243, 100
7, 244, 243, 52
7, 117, 243, 74
7, 415, 243, 81
7, 513, 244, 26
7, 390, 244, 5
7, 265, 244, 9
7, 266, 244, 41
7, 143, 244, 92
7, 290, 244, 94
7, 34, 244, 37
7, 293, 244, 49
7, 294, 244, 89
7, 423, 244, 70
7, 549, 244, 57
7, 46, 244, 22
7, 55, 244, 68
7, 439, 244, 11
7, 443, 244, 91
7, 325, 244, 97
7, 198, 244, 33
7, 210, 244, 81
7, 486, 244, 11
7, 361, 244, 7
7, 116, 244, 46
7, 127, 244, 85
7, 384, 245, 66
7, 321, 245, 76
7, 546, 245, 54
7, 99, 245, 71
7, 582, 245, 33
7, 462, 245, 95
7, 238, 245, 20
7, 527, 245, 14
7, 178, 245, 58
7, 599, 245, 59
7, 120, 245, 1
7, 185, 245, 24
7, 541, 246, 63
7, 518, 246, 31
7, 270, 246, 23
7, 272, 246, 23
7, 273, 246, 46
7, 401, 246, 57
7, 339, 246, 93
7, 248, 246, 89
7, 217, 246, 94
7, 443, 246, 91
7, 189, 246, 91
7, 413, 246, 91
7, 127, 246, 85
7, 96, 247, 75
7, 100, 247, 91
7, 292, 247, 57
7, 548, 247, 72
7, 115, 247, 26
7, 413, 247, 91
7, 318, 247, 58
7, 128, 248, 11
7, 33, 248, 40
7, 258, 248, 62
7, 259, 248, 100
7, 584, 248, 17
7, 201, 248, 95
7, 234, 248, 51
7, 218, 248, 88
7, 314, 248, 40
7, 92, 248, 19
7, 496, 248, 77
7, 369, 248, 66
7, 115, 248, 26
7, 279, 248, 45
7, 216, 248, 44
7, 122, 248, 11
7, 380, 248, 2
7, 128, 249, 11
7, 257, 249, 99
7, 520, 249, 36
7, 13, 249, 35
7, 20, 249, 95
7, 278, 249, 34
7, 150, 249, 25
7, 438, 249, 66
7, 187, 249, 67
7, 316, 249, 56
7, 446, 249, 78
7, 67, 249, 84
7, 77, 249, 68
7, 333, 249, 53
7, 229, 249, 83
7, 490, 249, 91
7, 250, 249, 33
7, 237, 249, 76
7, 112, 249, 16
7, 247, 249, 70
7, 122, 249, 11
7, 256, 250, 62
7, 289, 250, 58
7, 228, 250, 91
7, 581, 250, 22
7, 233, 250, 72
7, 394, 250, 42
7, 204, 250, 93
7, 429, 250, 11
7, 496, 250, 77
7, 340, 250, 67
7, 189, 250, 91
7, 570, 250, 68
7, 541, 250, 63
7, 417, 251, 2
7, 486, 251, 11
7, 457, 251, 33
7, 362, 251, 12
7, 236, 251, 9
7, 526, 251, 68
7, 430, 251, 72
7, 304, 251, 4
7, 275, 251, 85
7, 375, 251, 39
7, 474, 251, 3
7, 575, 251, 97
7, 262, 252, 61
7, 583, 252, 45
7, 491, 252, 36
7, 462, 252, 95
7, 79, 252, 30
7, 240, 252, 51
7, 532, 252, 50
7, 87, 252, 21
7, 599, 252, 59
7, 377, 252, 37
7, 379, 252, 9
7, 260, 253, 76
7, 196, 253, 37
7, 422, 253, 79
7, 327, 253, 75
7, 361, 253, 7
7, 202, 253, 9
7, 110, 253, 91
7, 528, 253, 36
7, 433, 253, 88
7, 274, 253, 27
7, 20, 253, 95
7, 471, 253, 18
7, 440, 253, 52
7, 446, 253, 78
7, 358, 254, 94
7, 281, 254, 68
7, 41, 254, 91
7, 146, 254, 38
7, 243, 254, 93
7, 310, 254, 70
7, 473, 254, 79
7, 157, 254, 85
7, 382, 254, 42
7, 287, 254, 57
7, 134, 255, 24
7, 138, 255, 77
7, 271, 255, 48
7, 530, 255, 37
7, 147, 255, 68
7, 150, 255, 25
7, 151, 255, 92
7, 39, 255, 2
7, 178, 255, 58
7, 565, 255, 5
7, 183, 255, 11
7, 192, 255, 100
7, 323, 255, 14
7, 581, 255, 22
7, 325, 255, 97
7, 216, 255, 44
7, 218, 255, 88
7, 489, 255, 63
7, 107, 255, 61
7, 493, 255, 52
7, 373, 255, 49
7, 288, 256, 70
7, 513, 256, 26
7, 548, 256, 72
7, 486, 256, 11
7, 294, 256, 89
7, 300, 256, 40
7, 79, 256, 30
7, 560, 256, 32
7, 433, 256, 88
7, 474, 256, 3
7, 595, 256, 5
7, 83, 256, 10
7, 277, 256, 62
7, 502, 256, 20
7, 276, 256, 5
7, 565, 256, 5
7, 26, 256, 30
7, 91, 256, 44
7, 135, 257, 73
7, 519, 257, 66
7, 525, 257, 5
7, 399, 257, 100
7, 146, 257, 38
7, 406, 257, 97
7, 25, 257, 9
7, 543, 257, 33
7, 48, 257, 48
7, 51, 257, 42
7, 307, 257, 8
7, 52, 257, 64
7, 184, 257, 87
7, 57, 257, 82
7, 444, 257, 60
7, 63, 257, 63
7, 576, 257, 18
7, 575, 257, 97
7, 338, 257, 98
7, 485, 257, 58
7, 362, 257, 12
7, 121, 257, 58
7, 32, 258, 78
7, 65, 258, 34
7, 416, 258, 23
7, 516, 258, 39
7, 15, 258, 36
7, 64, 259, 100
7, 481, 259, 4
7, 355, 259, 100
7, 132, 259, 9
7, 326, 259, 39
7, 493, 259, 52
7, 591, 259, 65
7, 177, 259, 26
7, 179, 259, 2
7, 51, 259, 42
7, 309, 259, 43
7, 437, 259, 89
7, 469, 259, 80
7, 91, 259, 44
7, 444, 259, 60
7, 545, 260, 97
7, 98, 260, 20
7, 40, 260, 82
7, 265, 260, 9
7, 554, 260, 62
7, 490, 260, 91
7, 72, 260, 92
7, 392, 260, 64
7, 447, 260, 28
7, 180, 260, 75
7, 85, 260, 98
7, 156, 260, 85
7, 29, 260, 49
7, 159, 260, 87
7, 97, 261, 70
7, 321, 261, 76
7, 131, 261, 33
7, 573, 261, 79
7, 453, 261, 91
7, 69, 261, 45
7, 393, 261, 5
7, 14, 261, 1
7, 495, 261, 27
7, 84, 261, 91
7, 21, 261, 85
7, 470, 261, 93
7, 22, 261, 65
7, 186, 261, 85
7, 59, 261, 50
7, 29, 261, 49
7, 62, 261, 62
7, 450, 262, 13
7, 40, 262, 82
7, 108, 262, 85
7, 407, 262, 32
7, 249, 262, 80
7, 191, 262, 95
7, 522, 263, 62
7, 300, 263, 40
7, 54, 263, 42
7, 118, 263, 28
7, 185, 263, 24
7, 509, 263, 92
7, 353, 264, 61
7, 65, 264, 34
7, 291, 264, 85
7, 422, 264, 79
7, 391, 264, 9
7, 103, 264, 2
7, 41, 264, 91
7, 106, 264, 36
7, 587, 264, 7
7, 111, 264, 4
7, 564, 264, 97
7, 379, 264, 9
7, 126, 264, 48
7, 576, 265, 18
7, 419, 265, 61
7, 548, 265, 72
7, 41, 265, 91
7, 9, 265, 67
7, 75, 265, 64
7, 44, 265, 30
7, 364, 265, 48
7, 334, 265, 71
7, 111, 265, 4
7, 401, 265, 57
7, 82, 265, 11
7, 595, 265, 5
7, 565, 265, 5
7, 283, 265, 61
7, 579, 266, 98
7, 195, 266, 55
7, 300, 266, 40
7, 177, 266, 26
7, 242, 266, 8
7, 533, 266, 24
7, 513, 267, 26
7, 386, 267, 45
7, 514, 267, 86
7, 395, 267, 86
7, 531, 267, 10
7, 20, 267, 95
7, 286, 267, 9
7, 423, 267, 70
7, 562, 267, 40
7, 308, 267, 22
7, 181, 267, 70
7, 309, 267, 43
7, 444, 267, 60
7, 190, 267, 58
7, 194, 267, 53
7, 326, 267, 39
7, 74, 267, 12
7, 207, 267, 82
7, 598, 267, 74
7, 470, 267, 93
7, 226, 267, 63
7, 360, 267, 36
7, 362, 267, 12
7, 227, 268, 44
7, 428, 268, 20
7, 207, 268, 82
7, 272, 268, 23
7, 561, 268, 24
7, 432, 268, 28
7, 83, 268, 10
7, 22, 268, 65
7, 23, 268, 59
7, 249, 268, 80
7, 268, 269, 92
7, 21, 269, 85
7, 27, 269, 32
7, 156, 269, 85
7, 296, 269, 7
7, 170, 269, 72
7, 439, 269, 11
7, 313, 269, 24
7, 319, 269, 93
7, 191, 269, 95
7, 195, 269, 55
7, 453, 269, 91
7, 201, 269, 95
7, 464, 269, 90
7, 468, 269, 56
7, 341, 269, 6
7, 92, 269, 19
7, 98, 269, 20
7, 234, 269, 51
7, 369, 269, 66
7, 246, 269, 59
7, 378, 269, 32
7, 509, 269, 92
7, 255, 269, 39
7, 185, 270, 24
7, 229, 270, 83
7, 345, 270, 10
7, 494, 270, 17
7, 367, 270, 60
7, 400, 270, 63
7, 497, 270, 30
7, 273, 270, 46
7, 531, 270, 10
7, 276, 270, 5
7, 473, 270, 79
7, 315, 270, 88
7, 129, 271, 76
7, 98, 271, 20
7, 514, 271, 86
7, 423, 271, 70
7, 234, 271, 51
7, 203, 271, 62
7, 268, 271, 92
7, 270, 271, 23
7, 49, 271, 70
7, 401, 271, 57
7, 529, 271, 47
7, 148, 271, 18
7, 567, 271, 65
7, 345, 271, 10
7, 570, 271, 68
7, 279, 271, 45
7, 285, 271, 30
7, 387, 272, 76
7, 518, 272, 31
7, 6, 272, 20
7, 11, 272, 31
7, 400, 272, 63
7, 273, 272, 46
7, 25, 272, 9
7, 410, 272, 76
7, 157, 272, 85
7, 286, 272, 9
7, 292, 272, 57
7, 424, 272, 84
7, 430, 272, 72
7, 561, 272, 24
7, 312, 272, 87
7, 58, 272, 24
7, 321, 272, 76
7, 92, 272, 19
7, 484, 272, 50
7, 499, 272, 40
7, 121, 272, 58
7, 251, 272, 52
7, 125, 272, 38
7, 352, 273, 67
7, 99, 273, 71
7, 580, 273, 19
7, 131, 273, 33
7, 198, 273, 33
7, 6, 273, 20
7, 41, 273, 91
7, 300, 273, 40
7, 205, 273, 53
7, 494, 273, 17
7, 367, 273, 60
7, 374, 273, 2
7, 313, 273, 24
7, 91, 273, 44
7, 394, 274, 42
7, 523, 274, 51
7, 397, 274, 18
7, 142, 274, 84
7, 532, 274, 50
7, 150, 274, 25
7, 38, 274, 84
7, 169, 274, 39
7, 430, 274, 72
7, 560, 274, 32
7, 182, 274, 64
7, 319, 274, 93
7, 577, 274, 51
7, 581, 274, 22
7, 326, 274, 39
7, 80, 274, 34
7, 466, 274, 77
7, 471, 274, 18
7, 228, 274, 91
7, 358, 274, 94
7, 241, 274, 74
7, 498, 274, 63
7, 497, 274, 30
7, 115, 274, 26
7, 526, 275, 68
7, 18, 275, 11
7, 25, 275, 9
7, 281, 275, 68
7, 542, 275, 12
7, 160, 275, 96
7, 554, 275, 62
7, 555, 275, 85
7, 51, 275, 42
7, 311, 275, 42
7, 448, 275, 70
7, 449, 275, 46
7, 452, 275, 89
7, 457, 275, 33
7, 77, 275, 68
7, 592, 275, 29
7, 210, 275, 81
7, 346, 275, 62
7, 474, 275, 3
7, 352, 275, 67
7, 101, 275, 94
7, 494, 275, 17
7, 121, 275, 58
7, 256, 276, 62
7, 513, 276, 26
7, 452, 276, 89
7, 292, 276, 57
7, 519, 276, 66
7, 103, 276, 2
7, 457, 276, 33
7, 12, 276, 80
7, 303, 276, 50
7, 271, 276, 48
7, 528, 276, 36
7, 210, 276, 81
7, 339, 276, 93
7, 21, 276, 85
7, 122, 276, 11
7, 219, 276, 66
7, 544, 277, 85
7, 33, 277, 40
7, 2, 277, 55
7, 64, 277, 100
7, 516, 277, 39
7, 320, 277, 40
7, 289, 277, 58
7, 294, 277, 89
7, 321, 277, 76
7, 554, 277, 62
7, 11, 277, 31
7, 12, 277, 80
7, 209, 277, 45
7, 338, 277, 98
7, 148, 277, 18
7, 377, 277, 37
7, 156, 277, 85
7, 221, 277, 27
7, 0, 278, 97
7, 258, 278, 62
7, 140, 278, 82
7, 270, 278, 23
7, 526, 278, 68
7, 157, 278, 85
7, 29, 278, 49
7, 35, 278, 5
7, 167, 278, 65
7, 432, 278, 28
7, 177, 278, 26
7, 307, 278, 8
7, 565, 278, 5
7, 568, 278, 84
7, 570, 278, 68
7, 454, 278, 61
7, 584, 278, 17
7, 203, 278, 62
7, 335, 278, 94
7, 337, 278, 56
7, 472, 278, 90
7, 220, 278, 100
7, 479, 278, 14
7, 499, 278, 40
7, 582, 279, 33
7, 40, 279, 82
7, 204, 279, 93
7, 499, 279, 40
7, 19, 279, 72
7, 151, 279, 92
7, 153, 279, 46
7, 547, 280, 33
7, 134, 280, 24
7, 8, 280, 31
7, 235, 280, 49
7, 268, 280, 92
7, 269, 280, 1
7, 176, 280, 95
7, 500, 280, 61
7, 469, 280, 80
7, 312, 280, 87
7, 58, 280, 24
7, 412, 280, 27
7, 382, 280, 42
7, 480, 281, 80
7, 290, 281, 94
7, 510, 281, 18
7, 583, 281, 45
7, 139, 281, 1
7, 236, 281, 9
7, 77, 281, 68
7, 491, 281, 36
7, 371, 281, 61
7, 213, 281, 46
7, 437, 281, 89
7, 254, 281, 56
7, 24, 281, 29
7, 314, 281, 40
7, 414, 281, 93
7, 384, 282, 66
7, 322, 282, 11
7, 262, 282, 61
7, 168, 282, 92
7, 520, 282, 36
7, 473, 282, 79
7, 429, 282, 11
7, 237, 282, 76
7, 590, 282, 80
7, 209, 282, 45
7, 339, 282, 93
7, 565, 282, 5
7, 278, 282, 34
7, 85, 282, 98
7, 505, 282, 40
7, 570, 282, 68
7, 443, 282, 91
7, 322, 283, 11
7, 323, 283, 14
7, 3, 283, 95
7, 519, 283, 66
7, 135, 283, 73
7, 171, 283, 77
7, 206, 283, 19
7, 399, 283, 100
7, 335, 283, 94
7, 249, 283, 80
7, 283, 283, 61
7, 316, 283, 56
7, 511, 283, 54
7, 32, 284, 78
7, 385, 284, 97
7, 544, 284, 85
7, 291, 284, 85
7, 417, 284, 2
7, 581, 284, 22
7, 288, 284, 70
7, 481, 284, 4
7, 328, 284, 2
7, 91, 284, 44
7, 107, 284, 61
7, 140, 284, 82
7, 396, 284, 64
7, 46, 284, 22
7, 277, 284, 62
7, 443, 284, 91
7, 30, 284, 73
7, 512, 285, 65
7, 89, 285, 1
7, 449, 285, 46
7, 234, 285, 51
7, 202, 285, 9
7, 300, 285, 40
7, 14, 285, 1
7, 48, 285, 48
7, 80, 285, 34
7, 470, 285, 93
7, 537, 285, 84
7, 154, 285, 29
7, 95, 285, 96
7, 9, 286, 67
7, 397, 286, 18
7, 272, 286, 23
7, 17, 286, 23
7, 532, 286, 50
7, 416, 286, 23
7, 33, 286, 40
7, 546, 286, 54
7, 420, 286, 62
7, 421, 286, 68
7, 425, 286, 39
7, 300, 286, 40
7, 570, 286, 68
7, 61, 286, 66
7, 576, 286, 18
7, 581, 286, 22
7, 454, 286, 61
7, 75, 286, 64
7, 599, 286, 59
7, 347, 286, 77
7, 249, 286, 80
7, 381, 286, 67
7, 260, 287, 76
7, 10, 287, 97
7, 536, 287, 12
7, 293, 287, 49
7, 50, 287, 75
7, 56, 287, 75
7, 571, 287, 93
7, 574, 287, 98
7, 576, 287, 18
7, 322, 287, 11
7, 334, 287, 71
7, 336, 287, 80
7, 596, 287, 100
7, 220, 287, 100
7, 477, 287, 33
7, 99, 287, 71
7, 230, 287, 22
7, 368, 287, 2
7, 499, 287, 40
7, 4, 288, 8
7, 517, 288, 88
7, 262, 288, 61
7, 9, 288, 67
7, 153, 288, 46
7, 419, 288, 61
7, 296, 288, 7
7, 45, 288, 23
7, 174, 288, 11
7, 173, 288, 60
7, 180, 288, 75
7, 182, 288, 64
7, 311, 288, 42
7, 569, 288, 65
7, 188, 288, 5
7, 444, 288, 60
7, 62, 288, 62
7, 320, 288, 40
7, 451, 288, 48
7, 591, 288, 65
7, 595, 288, 5
7, 211, 288, 89
7, 213, 288, 46
7, 92, 288, 19
7, 220, 288, 100
7, 260, 289, 76
7, 394, 289, 42
7, 140, 289, 82
7, 144, 289, 96
7, 559, 289, 82
7, 50, 289, 75
7, 179, 289, 2
7, 564, 289, 97
7, 316, 289, 56
7, 190, 289, 58
7, 195, 289, 55
7, 75, 289, 64
7, 207, 289, 82
7, 336, 289, 80
7, 209, 289, 45
7, 471, 289, 18
7, 89, 289, 1
7, 345, 289, 10
7, 355, 289, 100
7, 485, 289, 58
7, 231, 289, 23
7, 367, 289, 60
7, 383, 289, 90
7, 515, 290, 71
7, 6, 290, 20
7, 13, 290, 35
7, 271, 290, 48
7, 399, 290, 100
7, 405, 290, 98
7, 160, 290, 96
7, 423, 290, 70
7, 41, 290, 91
7, 45, 290, 23
7, 560, 290, 32
7, 581, 290, 22
7, 592, 290, 29
7, 346, 290, 62
7, 219, 290, 66
7, 476, 290, 7
7, 101, 290, 94
7, 240, 290, 51
7, 369, 290, 66
7, 510, 290, 18
7, 292, 291, 57
7, 69, 291, 45
7, 9, 291, 67
7, 239, 291, 87
7, 211, 291, 89
7, 448, 292, 70
7, 419, 292, 61
7, 551, 292, 38
7, 575, 292, 97
7, 306, 292, 4
7, 275, 292, 85
7, 437, 292, 89
7, 57, 292, 82
7, 570, 292, 68
7, 31, 292, 21
7, 256, 293, 62
7, 12, 293, 80
7, 271, 293, 48
7, 533, 293, 24
7, 26, 293, 30
7, 28, 293, 44
7, 287, 293, 57
7, 41, 293, 91
7, 301, 293, 51
7, 430, 293, 72
7, 47, 293, 56
7, 564, 293, 97
7, 566, 293, 13
7, 185, 293, 24
7, 321, 293, 76
7, 66, 293, 86
7, 202, 293, 9
7, 458, 293, 97
7, 76, 293, 81
7, 82, 293, 11
7, 488, 293, 30
7, 503, 293, 22
7, 508, 293, 27
7, 261, 294, 66
7, 136, 294, 3
7, 394, 294, 42
7, 144, 294, 96
7, 275, 294, 85
7, 22, 294, 65
7, 538, 294, 3
7, 168, 294, 92
7, 296, 294, 7
7, 171, 294, 77
7, 563, 294, 33
7, 577, 294, 51
7, 326, 294, 39
7, 461, 294, 98
7, 594, 294, 91
7, 92, 294, 19
7, 223, 294, 35
7, 245, 294, 29
7, 125, 294, 38
7, 298, 295, 65
7, 234, 295, 51
7, 439, 295, 11
7, 346, 295, 62
7, 508, 295, 27
7, 127, 295, 85
7, 386, 296, 45
7, 326, 296, 39
7, 487, 296, 3
7, 552, 296, 79
7, 297, 296, 54
7, 519, 296, 66
7, 427, 296, 55
7, 187, 296, 67
7, 115, 296, 26
7, 435, 296, 100
7, 310, 296, 70
7, 30, 296, 73
7, 315, 296, 88
7, 541, 296, 63
7, 254, 296, 56
7, 160, 297, 96
7, 258, 297, 62
7, 388, 297, 98
7, 39, 297, 2
7, 427, 297, 55
7, 108, 297, 85
7, 557, 297, 72
7, 428, 297, 20
7, 275, 297, 85
7, 371, 297, 61
7, 373, 297, 49
7, 213, 297, 46
7, 119, 297, 96
7, 410, 297, 76
7, 416, 298, 23
7, 164, 298, 60
7, 472, 298, 90
7, 365, 298, 32
7, 79, 298, 30
7, 243, 298, 93
7, 596, 298, 100
7, 149, 298, 52
7, 475, 298, 67
7, 531, 298, 10
7, 344, 298, 23
7, 218, 298, 88
7, 507, 298, 68
7, 316, 298, 56
7, 94, 298, 85
7, 63, 298, 63
7, 3, 299, 95
7, 452, 299, 89
7, 200, 299, 89
7, 328, 299, 2
7, 269, 299, 1
7, 248, 299, 89
