300, 600, 30
23, 194, 0, 43
23, 424, 0, 30
23, 456, 0, 61
23, 46, 0, 73
23, 372, 0, 89
23, 184, 0, 84
23, 150, 0, 68
23, 55, 0, 86
23, 152, 0, 73
23, 149, 0, 65
23, 126, 0, 19
23, 2, 1, 46
23, 549, 1, 33
23, 585, 1, 80
23, 202, 1, 64
23, 363, 1, 25
23, 172, 1, 48
23, 494, 1, 80
23, 500, 1, 1
23, 597, 1, 11
23, 221, 1, 5
23, 218, 1, 21
23, 507, 1, 100
23, 445, 1, 50
23, 254, 1, 76
23, 392, 2, 93
23, 271, 2, 87
23, 276, 2, 5
23, 414, 2, 59
23, 546, 2, 64
23, 44, 2, 93
23, 570, 2, 55
23, 199, 2, 6
23, 206, 2, 5
23, 79, 2, 67
23, 592, 2, 61
23, 208, 2, 32
23, 335, 2, 38
23, 87, 2, 44
23, 218, 2, 21
23, 222, 2, 20
23, 228, 2, 22
23, 236, 2, 28
23, 243, 2, 68
23, 120, 2, 12
23, 514, 3, 50
23, 168, 3, 12
23, 77, 3, 64
23, 178, 3, 91
23, 435, 3, 70
23, 53, 3, 58
23, 377, 3, 18
23, 32, 4, 12
23, 288, 4, 25
23, 295, 4, 74
23, 456, 4, 61
23, 104, 4, 45
23, 139, 4, 22
23, 363, 4, 25
23, 399, 4, 2
23, 528, 4, 25
23, 16, 4, 98
23, 402, 4, 53
23, 371, 4, 1
23, 150, 4, 68
23, 54, 4, 45
23, 250, 4, 79
23, 189, 4, 14
23, 159, 4, 80
23, 407, 5, 3
23, 34, 5, 11
23, 112, 5, 72
23, 145, 5, 69
23, 144, 5, 22
23, 124, 5, 54
23, 340, 5, 47
23, 373, 5, 42
23, 310, 5, 2
23, 151, 5, 28
23, 83, 5, 39
23, 572, 5, 68
23, 381, 5, 1
23, 193, 6, 99
23, 137, 6, 50
23, 172, 6, 48
23, 270, 6, 88
23, 51, 6, 13
23, 156, 6, 5
23, 321, 7, 29
23, 225, 7, 94
23, 258, 7, 53
23, 235, 7, 87
23, 47, 7, 9
23, 596, 7, 88
23, 85, 7, 36
23, 120, 7, 12
23, 157, 7, 51
23, 418, 8, 77
23, 483, 8, 46
23, 386, 8, 6
23, 195, 8, 57
23, 365, 8, 13
23, 241, 8, 74
23, 186, 8, 20
23, 158, 8, 73
23, 416, 9, 79
23, 192, 9, 61
23, 40, 9, 40
23, 138, 9, 36
23, 44, 9, 93
23, 301, 9, 92
23, 398, 9, 29
23, 543, 9, 15
23, 300, 9, 82
23, 402, 9, 53
23, 115, 9, 94
23, 342, 9, 85
23, 187, 9, 12
23, 95, 9, 62
23, 167, 10, 68
23, 525, 10, 32
23, 46, 10, 73
23, 47, 10, 9
23, 468, 10, 15
23, 92, 10, 58
23, 95, 10, 62
23, 576, 11, 14
23, 1, 11, 37
23, 546, 11, 64
23, 164, 11, 2
23, 4, 11, 54
23, 518, 11, 42
23, 584, 11, 49
23, 170, 11, 37
23, 459, 11, 35
23, 77, 11, 64
23, 592, 11, 61
23, 530, 11, 31
23, 149, 11, 65
23, 55, 11, 86
23, 125, 11, 33
23, 458, 12, 65
23, 366, 12, 93
23, 499, 12, 68
23, 442, 12, 57
23, 91, 12, 60
23, 28, 12, 42
23, 415, 12, 24
23, 128, 13, 57
23, 160, 13, 82
23, 96, 13, 24
23, 547, 13, 68
23, 3, 13, 98
23, 549, 13, 33
23, 519, 13, 85
23, 73, 13, 3
23, 44, 13, 93
23, 528, 13, 25
23, 381, 13, 1
23, 216, 13, 24
23, 26, 13, 80
23, 507, 13, 100
23, 221, 13, 5
23, 159, 13, 80
23, 355, 14, 30
23, 580, 14, 43
23, 567, 14, 66
23, 169, 14, 45
23, 494, 14, 80
23, 499, 14, 68
23, 215, 14, 10
23, 539, 14, 32
23, 318, 14, 25
23, 396, 15, 85
23, 144, 15, 22
23, 277, 15, 72
23, 410, 15, 12
23, 541, 15, 47
23, 29, 15, 52
23, 173, 15, 38
23, 50, 15, 81
23, 436, 15, 97
23, 575, 15, 92
23, 320, 15, 14
23, 319, 15, 88
23, 591, 15, 51
23, 213, 15, 71
23, 599, 15, 83
23, 223, 15, 61
23, 496, 15, 76
23, 119, 15, 23
23, 380, 15, 24
23, 254, 15, 76
23, 2, 16, 46
23, 547, 16, 68
23, 4, 16, 54
23, 36, 16, 88
23, 10, 16, 57
23, 427, 16, 3
23, 587, 16, 29
23, 465, 16, 16
23, 283, 16, 70
23, 508, 16, 93
23, 517, 17, 13
23, 266, 17, 6
23, 13, 17, 2
23, 142, 17, 58
23, 272, 17, 32
23, 151, 17, 28
23, 279, 17, 17
23, 537, 17, 49
23, 410, 17, 12
23, 44, 17, 93
23, 429, 17, 24
23, 560, 17, 48
23, 192, 17, 61
23, 332, 17, 44
23, 336, 17, 81
23, 85, 17, 36
23, 214, 17, 8
23, 216, 17, 24
23, 344, 17, 3
23, 230, 17, 95
23, 104, 17, 45
23, 488, 17, 46
23, 107, 17, 48
23, 364, 17, 8
23, 241, 17, 74
23, 161, 18, 27
23, 264, 18, 43
23, 179, 18, 90
23, 373, 18, 42
23, 216, 18, 24
23, 410, 18, 12
23, 509, 19, 85
23, 394, 19, 37
23, 173, 19, 38
23, 272, 19, 32
23, 50, 19, 81
23, 147, 19, 14
23, 212, 19, 60
23, 312, 19, 62
23, 349, 19, 5
23, 574, 19, 41
23, 392, 20, 93
23, 140, 20, 29
23, 12, 20, 50
23, 401, 20, 10
23, 402, 20, 53
23, 147, 20, 14
23, 414, 20, 59
23, 291, 20, 96
23, 423, 20, 20
23, 43, 20, 1
23, 189, 20, 14
23, 68, 20, 64
23, 336, 20, 81
23, 86, 20, 78
23, 218, 20, 21
23, 91, 20, 60
23, 477, 20, 57
23, 478, 20, 12
23, 482, 20, 83
23, 240, 20, 57
23, 499, 20, 68
23, 377, 20, 18
23, 483, 21, 46
23, 515, 21, 55
23, 487, 21, 19
23, 169, 21, 45
23, 298, 21, 100
23, 235, 21, 87
23, 428, 21, 45
23, 13, 21, 2
23, 172, 21, 48
23, 399, 21, 2
23, 273, 21, 12
23, 562, 21, 33
23, 52, 21, 93
23, 215, 21, 10
23, 538, 21, 90
23, 350, 21, 95
23, 223, 21, 61
23, 389, 22, 44
23, 13, 22, 2
23, 142, 22, 58
23, 15, 22, 52
23, 529, 22, 98
23, 29, 22, 52
23, 413, 22, 44
23, 37, 22, 84
23, 299, 22, 4
23, 564, 22, 12
23, 58, 22, 63
23, 59, 22, 71
23, 61, 22, 4
23, 451, 22, 17
23, 200, 22, 91
23, 464, 22, 66
23, 345, 22, 87
23, 480, 22, 15
23, 493, 22, 77
23, 365, 22, 13
23, 123, 22, 83
23, 224, 23, 33
23, 67, 23, 15
23, 453, 23, 94
23, 262, 23, 19
23, 167, 23, 68
23, 457, 23, 41
23, 458, 23, 65
23, 367, 23, 89
23, 176, 23, 2
23, 273, 23, 12
23, 370, 23, 37
23, 145, 23, 69
23, 177, 23, 76
23, 181, 23, 33
23, 536, 23, 77
23, 412, 23, 66
23, 190, 23, 27
23, 414, 23, 59
23, 129, 24, 83
23, 130, 24, 62
23, 260, 24, 47
23, 134, 24, 89
23, 266, 24, 6
23, 398, 24, 29
23, 147, 24, 14
23, 404, 24, 30
23, 409, 24, 18
23, 410, 24, 12
23, 283, 24, 70
23, 289, 24, 55
23, 290, 24, 31
23, 33, 24, 82
23, 556, 24, 81
23, 558, 24, 42
23, 307, 24, 4
23, 437, 24, 32
23, 53, 24, 58
23, 567, 24, 66
23, 334, 24, 91
23, 80, 24, 46
23, 92, 24, 58
23, 235, 24, 87
23, 254, 24, 76
23, 33, 25, 82
23, 199, 25, 6
23, 296, 25, 82
23, 80, 25, 46
23, 280, 25, 81
23, 259, 26, 75
23, 292, 26, 6
23, 134, 26, 89
23, 465, 26, 16
23, 376, 26, 23
23, 130, 27, 62
23, 12, 27, 50
23, 14, 27, 92
23, 148, 27, 60
23, 279, 27, 17
23, 410, 27, 12
23, 159, 27, 80
23, 543, 27, 15
23, 552, 27, 6
23, 303, 27, 92
23, 184, 27, 84
23, 185, 27, 68
23, 453, 27, 94
23, 71, 27, 58
23, 73, 27, 3
23, 203, 27, 17
23, 461, 27, 38
23, 590, 27, 26
23, 467, 27, 7
23, 214, 27, 8
23, 480, 27, 15
23, 371, 27, 1
23, 292, 28, 6
23, 550, 28, 74
23, 102, 28, 65
23, 328, 28, 71
23, 201, 28, 57
23, 236, 28, 28
23, 588, 28, 13
23, 270, 28, 88
23, 147, 28, 14
23, 503, 28, 71
23, 217, 28, 49
23, 507, 28, 100
23, 254, 28, 76
23, 518, 29, 42
23, 525, 29, 32
23, 144, 29, 22
23, 535, 29, 79
23, 31, 29, 75
23, 295, 29, 74
23, 429, 29, 24
23, 305, 29, 72
23, 177, 29, 76
23, 436, 29, 97
23, 567, 29, 66
23, 183, 29, 25
23, 185, 29, 68
23, 57, 29, 1
23, 196, 29, 23
23, 460, 29, 97
23, 205, 29, 63
23, 335, 29, 38
23, 591, 29, 51
23, 345, 29, 87
23, 113, 29, 68
23, 498, 29, 67
23, 247, 29, 82
23, 508, 29, 93
23, 510, 29, 84
23, 386, 30, 6
23, 396, 30, 85
23, 524, 30, 77
23, 401, 30, 10
23, 531, 30, 69
23, 539, 30, 32
23, 544, 30, 53
23, 35, 30, 98
23, 39, 30, 87
23, 433, 30, 55
23, 314, 30, 15
23, 59, 30, 71
23, 315, 30, 6
23, 570, 30, 55
23, 58, 30, 63
23, 574, 30, 41
23, 453, 30, 94
23, 583, 30, 47
23, 590, 30, 26
23, 338, 30, 58
23, 352, 30, 9
23, 230, 30, 95
23, 234, 30, 85
23, 362, 30, 54
23, 494, 30, 80
23, 5, 31, 62
23, 391, 31, 14
23, 135, 31, 85
23, 394, 31, 37
23, 16, 31, 98
23, 534, 31, 29
23, 545, 31, 26
23, 164, 31, 2
23, 549, 31, 33
23, 44, 31, 93
23, 436, 31, 97
23, 312, 31, 62
23, 446, 31, 16
23, 462, 31, 21
23, 207, 31, 35
23, 208, 31, 32
23, 464, 31, 66
23, 83, 31, 39
23, 96, 31, 24
23, 227, 31, 90
23, 371, 31, 1
23, 378, 31, 21
23, 357, 32, 49
23, 135, 32, 85
23, 219, 32, 92
23, 274, 32, 76
23, 59, 32, 71
23, 421, 33, 70
23, 104, 33, 45
23, 394, 33, 37
23, 79, 33, 67
23, 410, 33, 12
23, 20, 33, 42
23, 150, 33, 68
23, 506, 33, 86
23, 128, 34, 57
23, 136, 34, 76
23, 268, 34, 41
23, 14, 34, 92
23, 270, 34, 88
23, 528, 34, 25
23, 530, 34, 31
23, 151, 34, 28
23, 26, 34, 80
23, 155, 34, 52
23, 44, 34, 93
23, 435, 34, 70
23, 329, 34, 77
23, 585, 34, 80
23, 73, 34, 3
23, 82, 34, 19
23, 473, 34, 26
23, 93, 34, 79
23, 227, 34, 90
23, 238, 34, 37
23, 2, 35, 46
23, 387, 35, 47
23, 390, 35, 36
23, 395, 35, 3
23, 159, 35, 80
23, 34, 35, 11
23, 421, 35, 70
23, 550, 35, 74
23, 167, 35, 68
23, 172, 35, 48
23, 431, 35, 91
23, 179, 35, 90
23, 56, 35, 2
23, 449, 35, 92
23, 581, 35, 18
23, 586, 35, 25
23, 81, 35, 61
23, 102, 35, 65
23, 105, 35, 2
23, 500, 35, 1
23, 7, 36, 39
23, 527, 36, 31
23, 279, 36, 17
23, 535, 36, 79
23, 538, 36, 90
23, 157, 36, 51
23, 161, 36, 27
23, 164, 36, 2
23, 168, 36, 12
23, 426, 36, 34
23, 180, 36, 22
23, 187, 36, 12
23, 63, 36, 22
23, 192, 36, 61
23, 68, 36, 64
23, 69, 36, 22
23, 334, 36, 91
23, 472, 36, 50
23, 219, 36, 92
23, 223, 36, 61
23, 226, 36, 6
23, 358, 36, 93
23, 236, 36, 28
23, 64, 37, 11
23, 132, 37, 36
23, 517, 37, 13
23, 207, 37, 35
23, 399, 37, 2
23, 226, 38, 6
23, 68, 38, 64
23, 356, 38, 57
23, 265, 38, 25
23, 498, 38, 67
23, 212, 38, 60
23, 472, 38, 50
23, 154, 38, 68
23, 222, 38, 20
23, 542, 38, 95
23, 161, 39, 27
23, 7, 39, 39
23, 296, 39, 82
23, 522, 39, 32
23, 558, 39, 42
23, 592, 39, 61
23, 501, 39, 60
23, 537, 39, 49
23, 128, 40, 57
23, 269, 40, 13
23, 301, 40, 92
23, 335, 40, 38
23, 368, 40, 43
23, 369, 40, 87
23, 306, 40, 27
23, 50, 40, 81
23, 404, 40, 30
23, 189, 40, 14
23, 68, 41, 64
23, 357, 41, 49
23, 518, 41, 42
23, 167, 41, 68
23, 139, 41, 22
23, 14, 41, 92
23, 271, 41, 87
23, 16, 41, 98
23, 402, 41, 53
23, 340, 41, 47
23, 182, 41, 19
23, 183, 41, 25
23, 566, 41, 58
23, 402, 42, 53
23, 277, 42, 72
23, 281, 42, 18
23, 419, 42, 3
23, 435, 42, 70
23, 187, 42, 12
23, 317, 42, 42
23, 72, 42, 47
23, 332, 42, 44
23, 462, 42, 21
23, 338, 42, 58
23, 212, 42, 60
23, 341, 42, 24
23, 99, 42, 80
23, 227, 42, 90
23, 228, 42, 22
23, 105, 42, 2
23, 365, 42, 13
23, 367, 42, 89
23, 115, 42, 94
23, 501, 42, 60
23, 509, 42, 85
23, 482, 43, 83
23, 290, 43, 31
23, 586, 43, 25
23, 371, 43, 1
23, 372, 43, 89
23, 568, 43, 60
23, 378, 43, 21
23, 194, 44, 43
23, 130, 44, 62
23, 322, 44, 99
23, 422, 44, 50
23, 523, 44, 27
23, 465, 44, 16
23, 244, 44, 55
23, 310, 44, 2
23, 219, 44, 92
23, 446, 44, 16
23, 255, 44, 51
23, 101, 45, 78
23, 453, 45, 94
23, 236, 45, 28
23, 589, 45, 71
23, 109, 45, 64
23, 399, 45, 2
23, 277, 45, 72
23, 89, 45, 78
23, 571, 45, 77
23, 189, 45, 14
23, 386, 46, 6
23, 259, 46, 75
23, 6, 46, 39
23, 263, 46, 7
23, 8, 46, 24
23, 14, 46, 92
23, 17, 46, 6
23, 402, 46, 53
23, 20, 46, 42
23, 21, 46, 95
23, 542, 46, 95
23, 171, 46, 56
23, 562, 46, 33
23, 321, 46, 29
23, 324, 46, 19
23, 206, 46, 5
23, 367, 46, 89
23, 497, 46, 18
23, 242, 46, 100
23, 499, 46, 68
23, 250, 46, 79
23, 251, 46, 12
23, 514, 47, 50
23, 261, 47, 25
23, 525, 47, 32
23, 273, 47, 12
23, 281, 47, 18
23, 412, 47, 66
23, 549, 47, 33
23, 298, 47, 100
23, 177, 47, 76
23, 54, 47, 45
23, 57, 47, 1
23, 447, 47, 41
23, 582, 47, 57
23, 75, 47, 40
23, 331, 47, 14
23, 77, 47, 64
23, 217, 47, 49
23, 91, 47, 60
23, 226, 47, 6
23, 486, 47, 55
23, 105, 47, 2
23, 502, 47, 32
23, 508, 47, 93
23, 511, 47, 31
23, 89, 48, 78
23, 226, 48, 6
23, 293, 48, 54
23, 263, 48, 7
23, 327, 48, 58
23, 589, 48, 71
23, 557, 48, 33
23, 50, 48, 81
23, 21, 48, 95
23, 284, 48, 65
23, 537, 48, 49
23, 508, 48, 93
23, 189, 48, 14
23, 159, 48, 80
23, 289, 49, 55
23, 132, 49, 36
23, 292, 49, 6
23, 42, 49, 69
23, 142, 49, 58
23, 591, 49, 51
23, 80, 49, 46
23, 148, 49, 60
23, 118, 49, 12
23, 280, 49, 81
23, 317, 49, 42
23, 158, 49, 73
23, 127, 49, 76
23, 77, 50, 64
23, 48, 50, 19
23, 468, 50, 15
23, 25, 50, 69
23, 154, 50, 68
23, 224, 51, 33
23, 583, 51, 47
23, 427, 51, 3
23, 366, 51, 93
23, 239, 51, 37
23, 401, 51, 10
23, 434, 51, 33
23, 594, 51, 85
23, 597, 51, 11
23, 278, 51, 30
23, 474, 51, 19
23, 541, 51, 47
23, 255, 51, 51
23, 259, 52, 75
23, 195, 52, 57
23, 104, 52, 45
23, 169, 52, 45
23, 42, 52, 69
23, 171, 52, 56
23, 202, 52, 64
23, 269, 52, 13
23, 428, 52, 45
23, 495, 52, 69
23, 80, 52, 46
23, 466, 52, 63
23, 84, 52, 18
23, 86, 52, 78
23, 380, 52, 24
23, 89, 52, 78
23, 127, 52, 76
23, 191, 52, 4
23, 225, 53, 94
23, 196, 53, 23
23, 292, 53, 6
23, 230, 53, 95
23, 485, 53, 81
23, 139, 53, 22
23, 43, 53, 1
23, 397, 53, 91
23, 206, 53, 5
23, 399, 53, 2
23, 464, 53, 66
23, 271, 53, 87
23, 82, 53, 19
23, 115, 53, 94
23, 210, 53, 23
23, 118, 53, 12
23, 55, 53, 86
23, 571, 53, 77
23, 322, 54, 99
23, 450, 54, 85
23, 167, 54, 68
23, 76, 54, 41
23, 141, 54, 8
23, 80, 54, 46
23, 146, 54, 49
23, 119, 54, 23
23, 574, 54, 41
23, 64, 55, 11
23, 481, 55, 93
23, 129, 55, 83
23, 259, 55, 75
23, 263, 55, 7
23, 200, 55, 91
23, 147, 55, 14
23, 596, 55, 88
23, 598, 55, 60
23, 346, 55, 46
23, 59, 55, 71
23, 541, 55, 47
23, 0, 56, 33
23, 129, 56, 83
23, 128, 56, 57
23, 3, 56, 98
23, 516, 56, 32
23, 524, 56, 77
23, 284, 56, 65
23, 30, 56, 51
23, 419, 56, 3
23, 48, 56, 19
23, 196, 56, 23
23, 197, 56, 50
23, 203, 56, 17
23, 588, 56, 13
23, 467, 56, 7
23, 474, 56, 19
23, 350, 56, 95
23, 488, 56, 46
23, 108, 56, 70
23, 113, 56, 68
23, 245, 56, 97
23, 120, 56, 12
23, 509, 56, 85
23, 64, 57, 11
23, 514, 57, 50
23, 516, 57, 32
23, 581, 57, 18
23, 548, 57, 52
23, 36, 57, 88
23, 172, 57, 48
23, 16, 57, 98
23, 241, 57, 74
23, 538, 57, 90
23, 469, 57, 24
23, 245, 57, 97
23, 439, 57, 8
23, 58, 57, 63
23, 251, 57, 12
23, 222, 57, 20
23, 522, 58, 32
23, 398, 58, 29
23, 149, 58, 65
23, 534, 58, 29
23, 30, 58, 51
23, 559, 58, 28
23, 182, 58, 19
23, 310, 58, 2
23, 201, 58, 57
23, 75, 58, 40
23, 332, 58, 44
23, 208, 58, 32
23, 470, 58, 20
23, 349, 58, 5
23, 479, 58, 1
23, 227, 58, 90
23, 487, 58, 19
23, 490, 58, 97
23, 364, 58, 8
23, 495, 58, 69
23, 379, 58, 6
23, 512, 59, 71
23, 14, 59, 92
23, 367, 59, 89
23, 442, 59, 57
23, 476, 59, 82
23, 481, 60, 93
23, 546, 60, 64
23, 520, 60, 39
23, 173, 60, 38
23, 530, 60, 31
23, 279, 60, 17
23, 56, 60, 2
23, 26, 60, 80
23, 135, 61, 85
23, 400, 61, 19
23, 144, 61, 22
23, 16, 61, 98
23, 156, 61, 5
23, 170, 61, 37
23, 171, 61, 56
23, 429, 61, 24
23, 175, 61, 38
23, 176, 61, 2
23, 560, 61, 48
23, 54, 61, 45
23, 441, 61, 65
23, 192, 61, 61
23, 578, 61, 17
23, 323, 61, 91
23, 73, 61, 3
23, 217, 61, 49
23, 360, 61, 84
23, 243, 61, 68
23, 257, 62, 57
23, 515, 62, 55
23, 519, 62, 85
23, 136, 62, 76
23, 403, 62, 94
23, 411, 62, 79
23, 167, 62, 68
23, 556, 62, 81
23, 49, 62, 46
23, 50, 62, 81
23, 177, 62, 76
23, 570, 62, 55
23, 448, 62, 43
23, 330, 62, 24
23, 80, 62, 46
23, 82, 62, 19
23, 594, 62, 85
23, 477, 62, 57
23, 480, 62, 15
23, 355, 62, 30
23, 358, 62, 93
23, 102, 62, 65
23, 105, 62, 2
23, 490, 62, 97
23, 496, 62, 76
23, 33, 63, 82
23, 419, 63, 3
23, 452, 63, 5
23, 263, 63, 7
23, 584, 63, 49
23, 585, 63, 80
23, 265, 63, 25
23, 303, 63, 92
23, 336, 63, 81
23, 240, 63, 57
23, 181, 63, 33
23, 477, 64, 57
23, 130, 64, 62
23, 485, 64, 81
23, 551, 64, 69
23, 103, 64, 61
23, 265, 64, 25
23, 123, 64, 83
23, 76, 64, 41
23, 187, 64, 12
23, 338, 64, 58
23, 381, 64, 1
23, 501, 64, 60
23, 599, 64, 83
23, 184, 64, 84
23, 443, 64, 53
23, 285, 64, 69
23, 382, 64, 73
23, 31, 64, 75
23, 580, 65, 43
23, 551, 65, 69
23, 328, 65, 71
23, 112, 65, 72
23, 274, 65, 76
23, 179, 65, 90
23, 211, 65, 81
23, 533, 65, 41
23, 434, 65, 33
23, 213, 65, 71
23, 351, 65, 48
23, 192, 66, 61
23, 195, 66, 57
23, 520, 66, 39
23, 584, 66, 49
23, 511, 66, 31
23, 301, 66, 92
23, 14, 66, 92
23, 495, 66, 69
23, 305, 66, 72
23, 116, 66, 77
23, 441, 66, 65
23, 447, 66, 41
23, 387, 67, 47
23, 166, 67, 13
23, 423, 67, 20
23, 552, 67, 6
23, 582, 67, 57
23, 236, 67, 28
23, 525, 67, 32
23, 48, 67, 19
23, 432, 67, 97
23, 306, 67, 27
23, 55, 67, 86
23, 246, 67, 38
23, 311, 67, 41
23, 379, 67, 6
23, 29, 67, 52
23, 480, 68, 15
23, 458, 68, 65
23, 298, 68, 100
23, 410, 68, 12
23, 571, 68, 77
23, 381, 68, 1
23, 32, 69, 12
23, 65, 69, 71
23, 258, 69, 53
23, 135, 69, 85
23, 551, 69, 69
23, 524, 69, 77
23, 204, 69, 49
23, 556, 69, 81
23, 367, 69, 89
23, 431, 69, 91
23, 496, 69, 76
23, 502, 69, 32
23, 154, 69, 68
23, 379, 69, 6
23, 353, 70, 43
23, 133, 70, 44
23, 230, 70, 95
23, 239, 70, 37
23, 528, 70, 25
23, 145, 70, 69
23, 80, 70, 46
23, 436, 70, 97
23, 181, 70, 33
23, 91, 70, 60
23, 140, 71, 29
23, 404, 71, 30
23, 30, 71, 51
23, 160, 71, 82
23, 164, 71, 2
23, 550, 71, 74
23, 429, 71, 24
23, 174, 71, 43
23, 309, 71, 31
23, 310, 71, 2
23, 438, 71, 75
23, 56, 71, 2
23, 576, 71, 14
23, 323, 71, 91
23, 458, 71, 65
23, 330, 71, 24
23, 340, 71, 47
23, 344, 71, 3
23, 104, 71, 45
23, 246, 71, 38
23, 378, 71, 21
23, 123, 71, 83
23, 510, 71, 84
23, 163, 72, 17
23, 326, 72, 40
23, 106, 72, 25
23, 143, 72, 27
23, 113, 72, 68
23, 405, 72, 23
23, 440, 72, 38
23, 569, 72, 26
23, 446, 72, 16
23, 544, 73, 53
23, 224, 73, 33
23, 15, 73, 52
23, 338, 73, 58
23, 531, 73, 69
23, 276, 73, 5
23, 473, 73, 26
23, 509, 73, 85
23, 413, 73, 44
23, 128, 74, 57
23, 64, 74, 11
23, 98, 74, 38
23, 422, 74, 50
23, 361, 74, 93
23, 493, 74, 77
23, 19, 74, 46
23, 468, 74, 15
23, 533, 74, 41
23, 149, 74, 65
23, 565, 74, 36
23, 436, 74, 97
23, 152, 74, 73
23, 482, 75, 83
23, 446, 75, 16
23, 134, 75, 89
23, 542, 75, 95
23, 234, 75, 85
23, 238, 75, 37
23, 432, 75, 97
23, 187, 75, 12
23, 318, 75, 25
23, 63, 75, 22
23, 512, 76, 71
23, 514, 76, 50
23, 18, 76, 41
23, 152, 76, 73
23, 555, 76, 16
23, 430, 76, 81
23, 46, 76, 73
23, 313, 76, 80
23, 314, 76, 15
23, 446, 76, 16
23, 192, 76, 61
23, 585, 76, 80
23, 463, 76, 69
23, 82, 76, 19
23, 471, 76, 62
23, 221, 76, 5
23, 350, 76, 95
23, 352, 76, 9
23, 481, 76, 93
23, 238, 76, 37
23, 254, 76, 76
23, 290, 77, 31
23, 198, 77, 77
23, 584, 77, 49
23, 42, 77, 69
23, 428, 77, 45
23, 301, 77, 92
23, 366, 77, 93
23, 382, 77, 73
23, 287, 77, 71
23, 131, 78, 99
23, 134, 78, 89
23, 6, 78, 39
23, 138, 78, 36
23, 536, 78, 77
23, 545, 78, 26
23, 546, 78, 64
23, 299, 78, 4
23, 430, 78, 81
23, 49, 78, 46
23, 198, 78, 77
23, 461, 78, 38
23, 335, 78, 38
23, 209, 78, 58
23, 84, 78, 18
23, 469, 78, 24
23, 85, 78, 36
23, 229, 78, 54
23, 242, 78, 100
23, 115, 78, 94
23, 248, 78, 71
23, 506, 78, 86
23, 383, 78, 56
23, 263, 79, 7
23, 152, 79, 73
23, 284, 79, 65
23, 420, 79, 67
23, 167, 79, 68
23, 556, 79, 81
23, 558, 79, 42
23, 436, 79, 97
23, 567, 79, 66
23, 444, 79, 89
23, 60, 79, 9
23, 450, 79, 85
23, 198, 79, 77
23, 76, 79, 41
23, 594, 79, 85
23, 93, 79, 79
23, 350, 79, 95
23, 98, 79, 38
23, 107, 79, 48
23, 492, 79, 1
23, 246, 79, 38
23, 270, 80, 88
23, 404, 80, 30
23, 30, 80, 51
23, 159, 80, 80
23, 292, 80, 6
23, 166, 80, 13
23, 38, 80, 6
23, 44, 80, 93
23, 174, 80, 43
23, 51, 80, 13
23, 56, 80, 2
23, 442, 80, 57
23, 189, 80, 14
23, 198, 80, 77
23, 76, 80, 41
23, 466, 80, 63
23, 87, 80, 44
23, 224, 80, 33
23, 102, 80, 65
23, 361, 80, 93
23, 493, 80, 77
23, 496, 80, 76
23, 372, 80, 89
23, 126, 80, 19
23, 207, 81, 35
23, 50, 81, 81
23, 531, 81, 69
23, 116, 81, 77
23, 404, 81, 30
23, 120, 81, 12
23, 538, 81, 90
23, 413, 81, 44
23, 190, 81, 27
23, 575, 81, 92
23, 577, 82, 51
23, 549, 82, 33
23, 172, 82, 48
23, 304, 82, 96
23, 48, 82, 19
23, 242, 82, 100
23, 475, 82, 8
23, 312, 82, 62
23, 26, 82, 80
23, 379, 82, 6
23, 414, 82, 59
23, 264, 83, 43
23, 136, 83, 76
23, 524, 83, 77
23, 13, 83, 2
23, 273, 83, 12
23, 405, 83, 23
23, 280, 83, 81
23, 546, 83, 64
23, 163, 83, 17
23, 425, 83, 39
23, 180, 83, 22
23, 309, 83, 31
23, 314, 83, 15
23, 60, 83, 9
23, 576, 83, 14
23, 196, 83, 23
23, 584, 83, 49
23, 73, 83, 3
23, 329, 83, 77
23, 330, 83, 24
23, 80, 83, 46
23, 467, 83, 7
23, 595, 83, 77
23, 343, 83, 11
23, 381, 83, 1
23, 65, 84, 71
23, 483, 84, 46
23, 133, 84, 44
23, 392, 84, 93
23, 490, 84, 97
23, 557, 84, 33
23, 222, 84, 20
23, 404, 84, 30
23, 181, 84, 33
23, 85, 84, 36
23, 54, 84, 45
23, 58, 84, 63
23, 125, 84, 33
23, 413, 84, 44
23, 351, 84, 48
23, 577, 85, 51
23, 162, 85, 61
23, 227, 85, 90
23, 39, 85, 87
23, 456, 85, 61
23, 71, 85, 58
23, 457, 85, 41
23, 202, 85, 64
23, 524, 85, 77
23, 239, 85, 37
23, 145, 85, 69
23, 465, 85, 16
23, 53, 85, 58
23, 182, 85, 19
23, 539, 85, 32
23, 283, 85, 70
23, 477, 85, 57
23, 98, 86, 38
23, 547, 86, 68
23, 324, 86, 19
23, 444, 86, 89
23, 418, 86, 77
23, 138, 86, 36
23, 237, 86, 97
23, 209, 86, 58
23, 596, 86, 88
23, 437, 86, 32
23, 87, 86, 44
23, 346, 86, 46
23, 155, 86, 52
23, 316, 86, 93
23, 510, 86, 84
23, 320, 87, 14
23, 483, 87, 46
23, 291, 87, 96
23, 37, 87, 84
23, 201, 87, 57
23, 409, 87, 18
23, 558, 87, 42
23, 15, 87, 52
23, 142, 87, 58
23, 561, 87, 17
23, 145, 87, 69
23, 89, 87, 78
23, 221, 87, 5
23, 390, 88, 36
23, 402, 88, 53
23, 533, 88, 41
23, 539, 88, 32
23, 170, 88, 37
23, 434, 88, 33
23, 315, 88, 6
23, 328, 88, 71
23, 200, 88, 91
23, 73, 88, 3
23, 592, 88, 61
23, 211, 88, 81
23, 599, 88, 83
23, 90, 88, 36
23, 484, 88, 62
23, 494, 88, 80
23, 498, 88, 67
23, 499, 88, 68
23, 372, 88, 89
23, 120, 88, 12
23, 320, 89, 14
23, 2, 89, 46
23, 239, 89, 37
23, 149, 89, 65
23, 123, 89, 83
23, 157, 89, 51
23, 511, 89, 31
23, 107, 90, 48
23, 587, 90, 29
23, 300, 90, 82
23, 16, 90, 98
23, 531, 90, 69
23, 440, 90, 38
23, 216, 90, 24
23, 419, 91, 3
23, 548, 91, 52
23, 519, 91, 85
23, 313, 91, 80
23, 553, 91, 35
23, 264, 91, 43
23, 525, 91, 32
23, 410, 91, 12
23, 464, 91, 66
23, 496, 91, 76
23, 533, 91, 41
23, 153, 91, 32
23, 314, 91, 15
23, 476, 91, 82
23, 478, 91, 12
23, 134, 92, 89
23, 526, 92, 79
23, 150, 92, 68
23, 408, 92, 63
23, 153, 92, 32
23, 287, 92, 71
23, 161, 92, 27
23, 34, 92, 11
23, 171, 92, 56
23, 44, 92, 93
23, 51, 92, 13
23, 314, 92, 15
23, 187, 92, 12
23, 60, 92, 9
23, 582, 92, 57
23, 584, 92, 49
23, 73, 92, 3
23, 462, 92, 21
23, 599, 92, 83
23, 231, 92, 23
23, 488, 92, 46
23, 109, 92, 64
23, 365, 92, 13
23, 117, 92, 76
23, 254, 92, 76
23, 361, 93, 93
23, 489, 93, 55
23, 588, 93, 13
23, 45, 93, 40
23, 495, 93, 69
23, 496, 93, 76
23, 63, 93, 22
23, 180, 93, 22
23, 282, 93, 86
23, 61, 93, 4
23, 287, 93, 71
23, 159, 94, 80
23, 580, 94, 43
23, 376, 94, 23
23, 458, 94, 65
23, 173, 94, 38
23, 270, 94, 88
23, 463, 94, 69
23, 308, 94, 30
23, 86, 94, 78
23, 440, 94, 38
23, 191, 94, 4
23, 325, 95, 17
23, 13, 95, 2
23, 110, 95, 6
23, 432, 95, 97
23, 561, 95, 17
23, 530, 95, 31
23, 401, 95, 10
23, 308, 95, 30
23, 21, 95, 95
23, 213, 95, 71
23, 311, 95, 41
23, 152, 95, 73
23, 224, 96, 33
23, 544, 96, 53
23, 450, 96, 85
23, 194, 96, 43
23, 160, 96, 82
23, 326, 96, 40
23, 106, 96, 25
23, 170, 96, 37
23, 396, 96, 85
23, 145, 96, 69
23, 501, 96, 60
23, 182, 96, 19
23, 345, 96, 87
23, 60, 96, 9
23, 221, 96, 5
23, 62, 96, 92
23, 511, 96, 31
23, 330, 97, 24
23, 43, 97, 1
23, 78, 97, 14
23, 408, 97, 63
23, 313, 97, 80
23, 63, 97, 22
23, 555, 98, 16
23, 398, 98, 29
23, 242, 98, 100
23, 534, 98, 29
23, 87, 98, 44
23, 286, 98, 51
23, 132, 99, 36
23, 389, 99, 44
23, 6, 99, 39
23, 529, 99, 98
23, 147, 99, 14
23, 148, 99, 60
23, 26, 99, 80
23, 414, 99, 59
23, 169, 99, 45
23, 50, 99, 81
23, 66, 99, 25
23, 73, 99, 3
23, 75, 99, 40
23, 336, 99, 81
23, 209, 99, 58
23, 102, 99, 65
23, 493, 99, 77
23, 370, 99, 37
23, 380, 99, 24
23, 512, 100, 71
23, 386, 100, 6
23, 13, 100, 2
23, 274, 100, 76
23, 19, 100, 46
23, 21, 100, 95
23, 23, 100, 49
23, 154, 100, 68
23, 28, 100, 42
23, 289, 100, 55
23, 419, 100, 3
23, 551, 100, 69
23, 65, 100, 71
23, 455, 100, 17
23, 586, 100, 25
23, 461, 100, 38
23, 222, 100, 20
23, 98, 100, 38
23, 486, 100, 55
23, 498, 100, 67
23, 242, 100, 100
23, 135, 101, 85
23, 12, 101, 50
23, 14, 101, 92
23, 534, 101, 29
23, 542, 101, 95
23, 288, 101, 25
23, 290, 101, 31
23, 170, 101, 37
23, 181, 101, 33
23, 444, 101, 89
23, 188, 101, 74
23, 580, 101, 43
23, 327, 101, 58
23, 330, 101, 24
23, 79, 101, 67
23, 336, 101, 81
23, 349, 101, 5
23, 222, 101, 20
23, 482, 101, 83
23, 367, 101, 89
23, 242, 101, 100
23, 371, 101, 1
23, 165, 102, 39
23, 229, 102, 54
23, 586, 102, 25
23, 299, 102, 4
23, 381, 102, 1
23, 276, 102, 5
23, 87, 102, 44
23, 215, 102, 10
23, 534, 102, 29
23, 283, 102, 70
23, 31, 102, 75
23, 509, 102, 85
23, 127, 102, 76
23, 384, 103, 7
23, 452, 103, 5
23, 516, 103, 32
23, 518, 103, 42
23, 456, 103, 61
23, 141, 103, 8
23, 399, 103, 2
23, 144, 103, 22
23, 124, 103, 54
23, 214, 103, 8
23, 316, 103, 93
23, 57, 103, 1
23, 476, 103, 82
23, 30, 103, 51
23, 139, 104, 22
23, 524, 104, 77
23, 146, 104, 49
23, 151, 104, 28
23, 544, 104, 53
23, 171, 104, 56
23, 178, 104, 91
23, 436, 104, 97
23, 189, 104, 14
23, 586, 104, 25
23, 202, 104, 64
23, 466, 104, 63
23, 340, 104, 47
23, 85, 104, 36
23, 353, 104, 43
23, 504, 104, 98
23, 495, 104, 69
23, 241, 104, 74
23, 248, 104, 71
23, 505, 104, 2
23, 508, 104, 93
23, 257, 105, 57
23, 391, 105, 14
23, 143, 105, 27
23, 529, 105, 98
23, 274, 105, 76
23, 416, 105, 79
23, 168, 105, 12
23, 555, 105, 16
23, 304, 105, 96
23, 306, 105, 27
23, 318, 105, 25
23, 65, 105, 71
23, 578, 105, 17
23, 454, 105, 32
23, 217, 105, 49
23, 218, 105, 21
23, 483, 105, 46
23, 507, 105, 100
23, 124, 105, 54
23, 333, 106, 51
23, 465, 106, 16
23, 23, 106, 49
23, 21, 106, 95
23, 277, 106, 72
23, 439, 106, 8
23, 506, 106, 86
23, 128, 107, 57
23, 449, 107, 92
23, 1, 107, 37
23, 325, 107, 17
23, 459, 107, 35
23, 268, 107, 41
23, 526, 107, 79
23, 112, 107, 72
23, 113, 107, 68
23, 81, 107, 61
23, 371, 107, 1
23, 340, 107, 47
23, 531, 107, 69
23, 339, 107, 9
23, 126, 107, 19
23, 258, 108, 53
23, 289, 108, 55
23, 161, 108, 27
23, 421, 108, 70
23, 555, 108, 16
23, 427, 108, 3
23, 429, 108, 24
23, 302, 108, 7
23, 175, 108, 38
23, 178, 108, 91
23, 435, 108, 70
23, 182, 108, 19
23, 202, 108, 64
23, 590, 108, 26
23, 486, 108, 55
23, 489, 108, 55
23, 495, 108, 69
23, 122, 108, 14
23, 379, 108, 6
23, 382, 108, 73
23, 388, 109, 30
23, 390, 109, 36
23, 392, 109, 93
23, 141, 109, 8
23, 14, 109, 92
23, 16, 109, 98
23, 157, 109, 51
23, 417, 109, 9
23, 418, 109, 77
23, 35, 109, 98
23, 292, 109, 6
23, 428, 109, 45
23, 559, 109, 28
23, 190, 109, 27
23, 195, 109, 57
23, 74, 109, 35
23, 474, 109, 19
23, 97, 109, 69
23, 482, 109, 83
23, 102, 109, 65
23, 489, 109, 55
23, 234, 109, 85
23, 370, 109, 37
23, 119, 109, 23
23, 255, 109, 51
23, 258, 110, 53
23, 69, 110, 22
23, 358, 110, 93
23, 455, 110, 17
23, 520, 110, 39
23, 75, 110, 40
23, 494, 110, 80
23, 174, 110, 43
23, 558, 110, 42
23, 465, 110, 16
23, 305, 110, 72
23, 182, 110, 19
23, 88, 110, 13
23, 444, 110, 89
23, 156, 110, 5
23, 318, 110, 25
23, 223, 110, 61
23, 421, 111, 70
23, 229, 111, 54
23, 39, 111, 87
23, 8, 111, 24
23, 233, 111, 58
23, 234, 111, 85
23, 368, 111, 43
23, 530, 111, 31
23, 470, 111, 20
23, 0, 112, 33
23, 481, 112, 93
23, 322, 112, 99
23, 547, 112, 68
23, 256, 112, 87
23, 416, 112, 79
23, 518, 112, 42
23, 106, 112, 25
23, 428, 112, 45
23, 493, 112, 77
23, 145, 112, 69
23, 242, 112, 100
23, 599, 112, 83
23, 351, 112, 48
23, 512, 113, 71
23, 513, 113, 35
23, 132, 113, 36
23, 294, 113, 8
23, 198, 113, 77
23, 391, 113, 14
23, 362, 113, 54
23, 524, 113, 77
23, 237, 113, 97
23, 270, 113, 88
23, 110, 113, 6
23, 368, 113, 43
23, 463, 113, 69
23, 403, 113, 94
23, 117, 113, 76
23, 182, 113, 19
23, 501, 113, 60
23, 87, 113, 44
23, 143, 114, 27
23, 406, 114, 67
23, 474, 114, 19
23, 27, 114, 56
23, 316, 114, 93
23, 573, 114, 70
23, 128, 115, 57
23, 418, 115, 77
23, 463, 115, 69
23, 501, 115, 60
23, 537, 115, 49
23, 62, 115, 92
23, 128, 116, 57
23, 449, 116, 92
23, 290, 116, 31
23, 357, 116, 49
23, 549, 116, 33
23, 521, 116, 36
23, 586, 116, 25
23, 201, 116, 57
23, 427, 116, 3
23, 19, 116, 46
23, 532, 116, 58
23, 54, 116, 45
23, 88, 116, 13
23, 154, 116, 68
23, 285, 116, 69
23, 384, 117, 7
23, 354, 117, 67
23, 358, 117, 93
23, 136, 117, 76
23, 85, 117, 36
23, 473, 117, 26
23, 410, 117, 12
23, 352, 118, 9
23, 421, 118, 70
23, 362, 118, 54
23, 595, 118, 77
23, 126, 118, 19
23, 14, 119, 92
23, 530, 119, 31
23, 285, 119, 69
23, 414, 119, 59
23, 288, 119, 25
23, 428, 119, 45
23, 307, 119, 4
23, 572, 119, 68
23, 316, 119, 93
23, 195, 119, 57
23, 582, 119, 57
23, 599, 119, 83
23, 87, 119, 44
23, 474, 119, 19
23, 239, 119, 37
23, 113, 119, 68
23, 241, 119, 74
23, 247, 119, 82
23, 123, 119, 83
23, 322, 120, 99
23, 292, 120, 6
23, 426, 120, 34
23, 171, 120, 56
23, 14, 120, 92
23, 526, 120, 79
23, 17, 120, 6
23, 339, 120, 9
23, 532, 120, 58
23, 279, 120, 17
23, 568, 120, 60
23, 92, 120, 58
23, 184, 120, 84
23, 575, 120, 92
23, 1, 121, 37
23, 546, 121, 64
23, 164, 121, 2
23, 490, 121, 97
23, 336, 121, 81
23, 114, 121, 2
23, 54, 121, 45
23, 387, 122, 47
23, 260, 122, 47
23, 7, 122, 39
23, 527, 122, 31
23, 16, 122, 98
23, 538, 122, 90
23, 541, 122, 47
23, 33, 122, 82
23, 293, 122, 54
23, 421, 122, 70
23, 436, 122, 97
23, 310, 122, 2
23, 442, 122, 57
23, 191, 122, 4
23, 577, 122, 51
23, 327, 122, 58
23, 75, 122, 40
23, 589, 122, 71
23, 334, 122, 91
23, 592, 122, 61
23, 218, 122, 21
23, 482, 122, 83
23, 102, 122, 65
23, 359, 122, 35
23, 97, 123, 69
23, 33, 123, 82
23, 513, 123, 35
23, 453, 123, 94
23, 199, 123, 6
23, 200, 123, 91
23, 585, 123, 80
23, 106, 123, 25
23, 329, 123, 77
23, 559, 123, 28
23, 273, 123, 12
23, 209, 123, 58
23, 402, 123, 53
23, 437, 123, 32
23, 566, 123, 58
23, 119, 123, 23
23, 444, 123, 89
23, 30, 123, 51
23, 419, 124, 3
23, 9, 124, 17
23, 14, 124, 92
23, 526, 124, 79
23, 82, 124, 19
23, 278, 124, 30
23, 535, 124, 79
23, 258, 125, 53
23, 390, 125, 36
23, 10, 125, 57
23, 526, 125, 79
23, 277, 125, 72
23, 152, 125, 73
23, 153, 125, 32
23, 293, 125, 54
23, 297, 125, 71
23, 564, 125, 12
23, 577, 125, 51
23, 200, 125, 91
23, 204, 125, 49
23, 471, 125, 62
23, 89, 125, 78
23, 94, 125, 7
23, 97, 125, 69
23, 364, 125, 8
23, 243, 125, 68
23, 384, 126, 7
23, 387, 126, 47
23, 137, 126, 50
23, 524, 126, 77
23, 398, 126, 29
23, 529, 126, 98
23, 402, 126, 53
23, 150, 126, 68
23, 42, 126, 69
23, 555, 126, 16
23, 301, 126, 92
23, 431, 126, 91
23, 182, 126, 19
23, 449, 126, 92
23, 194, 126, 43
23, 584, 126, 49
23, 215, 126, 10
23, 343, 126, 11
23, 372, 126, 89
23, 513, 127, 35
23, 3, 127, 98
23, 99, 127, 80
23, 293, 127, 54
23, 134, 127, 89
23, 519, 127, 85
23, 72, 127, 47
23, 554, 127, 61
23, 79, 127, 67
23, 471, 127, 62
23, 151, 127, 28
23, 377, 127, 18
23, 91, 127, 60
23, 541, 127, 47
23, 254, 127, 76
23, 289, 128, 55
23, 2, 128, 46
23, 484, 128, 62
23, 261, 128, 25
23, 440, 128, 38
23, 196, 128, 23
23, 300, 128, 82
23, 463, 128, 69
23, 176, 128, 2
23, 467, 128, 7
23, 308, 128, 30
23, 405, 128, 23
23, 246, 128, 38
23, 119, 128, 23
23, 24, 128, 17
23, 285, 128, 69
23, 509, 128, 85
23, 510, 128, 84
23, 1, 129, 37
23, 265, 129, 25
23, 587, 129, 29
23, 561, 129, 17
23, 444, 129, 89
23, 255, 129, 51
23, 37, 130, 84
23, 391, 130, 14
23, 135, 130, 85
23, 137, 130, 50
23, 234, 130, 85
23, 72, 130, 47
23, 172, 130, 48
23, 13, 130, 2
23, 111, 130, 41
23, 367, 130, 89
23, 22, 130, 15
23, 567, 130, 66
23, 539, 130, 32
23, 255, 131, 51
23, 515, 131, 55
23, 390, 131, 36
23, 391, 131, 14
23, 542, 131, 95
23, 298, 131, 100
23, 364, 131, 8
23, 461, 131, 38
23, 109, 131, 64
23, 144, 131, 22
23, 222, 131, 20
23, 51, 131, 13
23, 120, 131, 12
23, 314, 131, 15
23, 253, 131, 20
23, 30, 131, 51
23, 351, 131, 48
23, 261, 132, 25
23, 7, 132, 39
23, 267, 132, 4
23, 404, 132, 30
23, 286, 132, 51
23, 419, 132, 3
23, 422, 132, 50
23, 556, 132, 81
23, 559, 132, 28
23, 304, 132, 96
23, 572, 132, 68
23, 191, 132, 4
23, 448, 132, 43
23, 449, 132, 92
23, 64, 132, 11
23, 579, 132, 84
23, 587, 132, 29
23, 594, 132, 85
23, 598, 132, 60
23, 346, 132, 46
23, 364, 132, 8
23, 112, 132, 72
23, 247, 132, 82
23, 377, 132, 18
23, 127, 132, 76
23, 387, 133, 47
23, 489, 133, 55
23, 170, 133, 37
23, 304, 133, 96
23, 497, 133, 18
23, 242, 133, 100
23, 220, 133, 25
23, 562, 133, 33
23, 56, 133, 2
23, 537, 133, 49
23, 442, 133, 57
23, 284, 133, 65
23, 517, 134, 13
23, 264, 134, 43
23, 144, 134, 22
23, 153, 134, 32
23, 414, 134, 59
23, 417, 134, 9
23, 162, 134, 61
23, 427, 134, 3
23, 557, 134, 33
23, 179, 134, 90
23, 566, 134, 58
23, 311, 134, 41
23, 56, 134, 2
23, 581, 134, 18
23, 339, 134, 9
23, 345, 134, 87
23, 90, 134, 36
23, 91, 134, 60
23, 220, 134, 25
23, 484, 134, 62
23, 485, 134, 81
23, 380, 134, 24
23, 384, 135, 7
23, 7, 135, 39
23, 271, 135, 87
23, 155, 135, 52
23, 286, 135, 51
23, 34, 135, 11
23, 292, 135, 6
23, 426, 135, 34
23, 52, 135, 93
23, 61, 135, 4
23, 320, 135, 14
23, 585, 135, 80
23, 74, 135, 35
23, 77, 135, 64
23, 466, 135, 63
23, 211, 135, 81
23, 340, 135, 47
23, 89, 135, 78
23, 476, 135, 82
23, 223, 135, 61
23, 228, 135, 22
23, 104, 135, 45
23, 237, 135, 97
23, 112, 135, 72
23, 255, 135, 51
23, 160, 136, 82
23, 353, 136, 43
23, 355, 136, 30
23, 591, 136, 51
23, 144, 136, 22
23, 145, 136, 69
23, 113, 136, 68
23, 51, 136, 13
23, 404, 136, 30
23, 118, 136, 12
23, 215, 136, 10
23, 152, 136, 73
23, 346, 136, 46
23, 155, 136, 52
23, 573, 136, 70
23, 95, 136, 62
23, 357, 137, 49
23, 581, 137, 18
23, 453, 137, 94
23, 403, 137, 94
23, 597, 137, 11
23, 185, 137, 68
23, 132, 138, 36
23, 527, 138, 31
23, 529, 138, 98
23, 401, 138, 10
23, 281, 138, 18
23, 286, 138, 51
23, 423, 138, 20
23, 298, 138, 100
23, 303, 138, 92
23, 185, 138, 68
23, 314, 138, 15
23, 572, 138, 68
23, 576, 138, 14
23, 328, 138, 71
23, 473, 138, 26
23, 221, 138, 5
23, 487, 138, 19
23, 494, 138, 80
23, 112, 138, 72
23, 130, 139, 62
23, 395, 139, 3
23, 269, 139, 13
23, 277, 139, 72
23, 157, 139, 51
23, 543, 139, 15
23, 293, 139, 54
23, 170, 139, 37
23, 54, 139, 45
23, 566, 139, 58
23, 312, 139, 62
23, 189, 139, 14
23, 323, 139, 91
23, 457, 139, 41
23, 589, 139, 71
23, 342, 139, 85
23, 598, 139, 60
23, 480, 139, 15
23, 484, 139, 62
23, 510, 139, 84
23, 386, 140, 6
23, 520, 140, 39
23, 521, 140, 36
23, 143, 140, 27
23, 144, 140, 22
23, 404, 140, 30
23, 278, 140, 30
23, 536, 140, 77
23, 544, 140, 53
23, 548, 140, 52
23, 426, 140, 34
23, 47, 140, 9
23, 178, 140, 91
23, 438, 140, 75
23, 439, 140, 8
23, 324, 140, 19
23, 458, 140, 65
23, 84, 140, 18
23, 344, 140, 3
23, 232, 140, 25
23, 112, 140, 72
23, 375, 140, 74
23, 124, 140, 54
23, 262, 141, 19
23, 135, 141, 85
23, 519, 141, 85
23, 8, 141, 24
23, 267, 141, 4
23, 527, 141, 31
23, 529, 141, 98
23, 172, 141, 48
23, 431, 141, 91
23, 560, 141, 48
23, 436, 141, 97
23, 565, 141, 36
23, 572, 141, 68
23, 574, 141, 41
23, 63, 141, 22
23, 75, 141, 40
23, 341, 141, 24
23, 478, 141, 12
23, 354, 141, 67
23, 483, 141, 46
23, 108, 141, 70
23, 372, 141, 89
23, 503, 141, 71
23, 354, 142, 67
23, 36, 142, 88
23, 261, 142, 25
23, 70, 142, 73
23, 521, 142, 36
23, 492, 142, 1
23, 141, 142, 8
23, 302, 142, 7
23, 269, 142, 13
23, 174, 142, 43
23, 337, 142, 64
23, 142, 142, 58
23, 246, 142, 38
23, 476, 142, 82
23, 510, 142, 84
23, 511, 142, 31
23, 258, 143, 53
23, 36, 143, 88
23, 453, 143, 94
23, 27, 143, 56
23, 270, 143, 88
23, 594, 143, 85
23, 274, 143, 76
23, 123, 143, 83
23, 510, 143, 84
23, 384, 144, 7
23, 226, 144, 6
23, 67, 144, 15
23, 298, 144, 100
23, 395, 144, 3
23, 394, 144, 37
23, 431, 144, 91
23, 80, 144, 46
23, 208, 144, 32
23, 178, 144, 91
23, 432, 144, 97
23, 82, 144, 19
23, 497, 144, 18
23, 567, 144, 66
23, 541, 145, 47
23, 102, 145, 65
23, 489, 145, 55
23, 266, 145, 6
23, 558, 145, 42
23, 303, 145, 92
23, 209, 145, 58
23, 434, 145, 33
23, 275, 145, 93
23, 20, 145, 42
23, 213, 145, 71
23, 376, 145, 23
23, 218, 145, 21
23, 190, 145, 27
23, 125, 145, 33
23, 94, 145, 7
23, 287, 145, 71
23, 260, 146, 47
23, 18, 146, 41
23, 409, 146, 18
23, 543, 146, 15
23, 33, 146, 82
23, 292, 146, 6
23, 550, 146, 74
23, 299, 146, 4
23, 306, 146, 27
23, 324, 146, 19
23, 582, 146, 57
23, 198, 146, 77
23, 333, 146, 51
23, 348, 146, 25
23, 479, 146, 1
23, 225, 146, 94
23, 233, 146, 58
23, 111, 146, 41
23, 497, 146, 18
23, 241, 146, 74
23, 122, 146, 14
23, 123, 146, 83
23, 164, 147, 2
23, 10, 147, 57
23, 203, 147, 17
23, 144, 147, 22
23, 467, 147, 7
23, 595, 147, 77
23, 504, 147, 98
23, 105, 148, 2
23, 170, 148, 37
23, 139, 148, 22
23, 275, 148, 93
23, 374, 148, 76
23, 534, 148, 29
23, 218, 148, 21
23, 279, 148, 17
23, 259, 149, 75
23, 516, 149, 32
23, 39, 149, 87
23, 8, 149, 24
23, 9, 149, 17
23, 457, 149, 41
23, 492, 149, 1
23, 460, 149, 97
23, 77, 149, 64
23, 213, 149, 71
23, 182, 149, 19
23, 444, 149, 89
23, 419, 150, 3
23, 99, 150, 80
23, 11, 150, 40
23, 300, 150, 82
23, 427, 150, 3
23, 304, 150, 96
23, 401, 150, 10
23, 504, 150, 98
23, 283, 150, 70
23, 354, 151, 67
23, 455, 151, 17
23, 424, 151, 30
23, 522, 151, 32
23, 395, 151, 3
23, 591, 151, 51
23, 16, 151, 98
23, 176, 151, 2
23, 180, 151, 22
23, 534, 151, 29
23, 283, 151, 70
23, 325, 152, 17
23, 327, 152, 58
23, 72, 152, 47
23, 585, 152, 80
23, 521, 152, 36
23, 362, 152, 54
23, 237, 152, 97
23, 526, 152, 79
23, 528, 152, 25
23, 530, 152, 31
23, 441, 152, 65
23, 186, 152, 20
23, 476, 152, 82
23, 0, 153, 33
23, 227, 153, 90
23, 298, 153, 100
23, 491, 153, 72
23, 362, 153, 54
23, 114, 153, 2
23, 313, 153, 80
23, 251, 153, 12
23, 129, 154, 83
23, 516, 154, 32
23, 4, 154, 54
23, 6, 154, 39
23, 394, 154, 37
23, 12, 154, 50
23, 402, 154, 53
23, 405, 154, 23
23, 22, 154, 15
23, 285, 154, 69
23, 415, 154, 24
23, 38, 154, 6
23, 47, 154, 9
23, 178, 154, 91
23, 437, 154, 32
23, 311, 154, 41
23, 573, 154, 70
23, 191, 154, 4
23, 72, 154, 47
23, 202, 154, 64
23, 101, 154, 78
23, 488, 154, 46
23, 489, 154, 55
23, 357, 155, 49
23, 371, 155, 1
23, 51, 155, 13
23, 84, 155, 18
23, 475, 155, 8
23, 421, 156, 70
23, 108, 156, 70
23, 147, 156, 14
23, 151, 156, 28
23, 61, 156, 4
23, 574, 156, 41
23, 447, 156, 41
23, 547, 157, 68
23, 548, 157, 52
23, 425, 157, 39
23, 43, 157, 1
23, 396, 157, 85
23, 537, 157, 49
23, 528, 157, 25
23, 217, 157, 49
23, 59, 157, 71
23, 189, 157, 14
23, 190, 157, 27
23, 193, 158, 99
23, 102, 158, 65
23, 199, 158, 6
23, 294, 158, 8
23, 582, 158, 57
23, 330, 158, 24
23, 10, 158, 57
23, 172, 158, 48
23, 135, 158, 85
23, 494, 158, 80
23, 559, 158, 28
23, 561, 158, 17
23, 307, 158, 4
23, 374, 158, 76
23, 347, 158, 54
23, 191, 158, 4
23, 513, 159, 35
23, 290, 159, 31
23, 99, 159, 80
23, 548, 159, 52
23, 229, 159, 54
23, 457, 159, 41
23, 233, 159, 58
23, 209, 159, 58
23, 181, 159, 33
23, 217, 159, 49
23, 411, 159, 79
23, 287, 159, 71
23, 131, 160, 99
23, 394, 160, 37
23, 139, 160, 22
23, 402, 160, 53
23, 162, 160, 61
23, 302, 160, 7
23, 46, 160, 73
23, 436, 160, 97
23, 309, 160, 31
23, 571, 160, 77
23, 64, 160, 11
23, 580, 160, 43
23, 196, 160, 23
23, 329, 160, 77
23, 332, 160, 44
23, 79, 160, 67
23, 470, 160, 20
23, 599, 160, 83
23, 97, 160, 69
23, 490, 160, 97
23, 124, 160, 54
23, 372, 160, 89
23, 503, 160, 71
23, 508, 160, 93
23, 2, 161, 46
23, 3, 161, 98
23, 133, 161, 44
23, 391, 161, 14
23, 392, 161, 93
23, 137, 161, 50
23, 403, 161, 94
23, 25, 161, 69
23, 434, 161, 33
23, 54, 161, 45
23, 59, 161, 71
23, 451, 161, 17
23, 584, 161, 49
23, 457, 161, 41
23, 209, 161, 58
23, 474, 161, 19
23, 90, 161, 36
23, 483, 161, 46
23, 370, 161, 37
23, 121, 161, 67
23, 66, 162, 25
23, 581, 162, 18
23, 466, 162, 63
23, 53, 162, 58
23, 181, 162, 33
23, 5, 163, 62
23, 10, 163, 57
23, 16, 163, 98
23, 406, 163, 67
23, 23, 163, 49
23, 31, 163, 75
23, 416, 163, 79
23, 429, 163, 24
23, 46, 163, 73
23, 434, 163, 33
23, 436, 163, 97
23, 54, 163, 45
23, 310, 163, 2
23, 62, 163, 92
23, 579, 163, 84
23, 326, 163, 40
23, 70, 163, 73
23, 72, 163, 47
23, 464, 163, 66
23, 92, 163, 58
23, 358, 163, 93
23, 493, 163, 77
23, 254, 163, 76
23, 256, 164, 87
23, 1, 164, 37
23, 141, 164, 8
23, 409, 164, 18
23, 544, 164, 53
23, 294, 164, 8
23, 172, 164, 48
23, 441, 164, 65
23, 444, 164, 89
23, 316, 164, 93
23, 586, 164, 25
23, 589, 164, 71
23, 333, 164, 51
23, 207, 164, 35
23, 84, 164, 18
23, 342, 164, 85
23, 88, 164, 13
23, 98, 164, 38
23, 228, 164, 22
23, 494, 164, 80
23, 496, 164, 76
23, 116, 164, 77
23, 373, 164, 42
23, 192, 165, 61
23, 64, 165, 11
23, 131, 165, 99
23, 547, 165, 68
23, 37, 165, 84
23, 3, 165, 98
23, 552, 165, 6
23, 557, 165, 33
23, 206, 165, 5
23, 465, 165, 16
23, 211, 165, 81
23, 340, 165, 47
23, 244, 165, 55
23, 51, 165, 13
23, 323, 166, 91
23, 163, 166, 17
23, 388, 166, 30
23, 549, 166, 33
23, 106, 166, 25
23, 589, 166, 71
23, 306, 166, 27
23, 345, 166, 87
23, 510, 166, 84
23, 161, 167, 27
23, 131, 167, 99
23, 484, 167, 62
23, 520, 167, 39
23, 587, 167, 29
23, 205, 167, 63
23, 45, 167, 40
23, 468, 167, 15
23, 276, 167, 5
23, 318, 167, 25
23, 226, 168, 6
23, 451, 168, 17
23, 100, 168, 48
23, 457, 168, 41
23, 495, 168, 69
23, 305, 168, 72
23, 465, 168, 16
23, 442, 168, 57
23, 254, 168, 76
23, 266, 169, 6
23, 10, 169, 57
23, 527, 169, 31
23, 408, 169, 63
23, 413, 169, 44
23, 35, 169, 98
23, 430, 169, 81
23, 302, 169, 7
23, 307, 169, 4
23, 436, 169, 97
23, 183, 169, 25
23, 444, 169, 89
23, 193, 169, 99
23, 198, 169, 77
23, 80, 169, 46
23, 470, 169, 20
23, 343, 169, 11
23, 98, 169, 38
23, 504, 169, 98
23, 197, 170, 50
23, 487, 170, 19
23, 345, 170, 87
23, 75, 170, 40
23, 430, 170, 81
23, 368, 170, 43
23, 16, 170, 98
23, 275, 170, 93
23, 244, 170, 55
23, 598, 170, 60
23, 569, 170, 26
23, 348, 170, 25
23, 512, 171, 71
23, 293, 171, 54
23, 39, 171, 87
23, 427, 171, 3
23, 141, 171, 8
23, 598, 171, 60
23, 344, 171, 3
23, 410, 171, 12
23, 123, 171, 83
23, 99, 172, 80
23, 422, 172, 50
23, 39, 172, 87
23, 104, 172, 45
23, 106, 172, 25
23, 555, 172, 16
23, 305, 172, 72
23, 273, 172, 12
23, 243, 172, 68
23, 340, 172, 47
23, 501, 172, 60
23, 245, 172, 97
23, 30, 172, 51
23, 472, 172, 50
23, 317, 172, 42
23, 445, 172, 50
23, 62, 172, 92
23, 32, 173, 12
23, 224, 173, 33
23, 548, 173, 52
23, 297, 173, 71
23, 265, 173, 25
23, 555, 173, 16
23, 427, 173, 3
23, 522, 173, 32
23, 46, 173, 73
23, 146, 173, 49
23, 594, 173, 85
23, 402, 173, 53
23, 408, 173, 63
23, 346, 173, 46
23, 184, 173, 84
23, 455, 174, 17
23, 205, 174, 63
23, 468, 174, 15
23, 373, 174, 42
23, 597, 174, 11
23, 54, 174, 45
23, 252, 174, 48
23, 190, 174, 27
23, 480, 175, 15
23, 419, 175, 3
23, 356, 175, 57
23, 389, 175, 44
23, 582, 175, 57
23, 583, 175, 47
23, 163, 175, 17
23, 67, 175, 15
23, 420, 175, 67
23, 584, 175, 49
23, 141, 175, 8
23, 205, 175, 63
23, 500, 175, 1
23, 437, 175, 32
23, 379, 175, 6
23, 546, 176, 64
23, 453, 176, 94
23, 425, 176, 39
23, 74, 176, 35
23, 75, 176, 40
23, 108, 176, 70
23, 111, 176, 41
23, 112, 176, 72
23, 341, 176, 24
23, 22, 176, 15
23, 470, 176, 20
23, 281, 176, 18
23, 508, 176, 93
23, 519, 177, 85
23, 395, 177, 3
23, 417, 177, 9
23, 163, 177, 17
23, 552, 177, 6
23, 45, 177, 40
23, 561, 177, 17
23, 435, 177, 70
23, 59, 177, 71
23, 446, 177, 16
23, 577, 177, 51
23, 324, 177, 19
23, 583, 177, 47
23, 341, 177, 24
23, 483, 177, 46
23, 486, 177, 55
23, 496, 177, 76
23, 368, 177, 43
23, 372, 177, 89
23, 122, 177, 14
23, 507, 177, 100
23, 32, 178, 12
23, 295, 178, 74
23, 490, 178, 97
23, 299, 178, 4
23, 458, 178, 65
23, 331, 178, 14
23, 238, 178, 37
23, 29, 178, 52
23, 563, 178, 24
23, 339, 178, 9
23, 373, 178, 42
23, 534, 178, 29
23, 182, 178, 19
23, 185, 178, 68
23, 346, 178, 46
23, 316, 178, 93
23, 285, 178, 69
23, 191, 179, 4
23, 69, 179, 22
23, 296, 179, 82
23, 433, 179, 55
23, 372, 179, 89
23, 90, 179, 36
23, 539, 179, 32
23, 477, 179, 57
23, 446, 179, 16
23, 479, 179, 1
23, 481, 180, 93
23, 90, 180, 36
23, 295, 180, 74
23, 461, 180, 38
23, 530, 180, 31
23, 19, 180, 46
23, 341, 180, 24
23, 246, 180, 38
23, 248, 180, 71
23, 58, 180, 63
23, 60, 180, 9
23, 573, 180, 70
23, 159, 180, 80
23, 225, 181, 94
23, 268, 181, 41
23, 109, 181, 64
23, 499, 181, 68
23, 470, 181, 20
23, 515, 182, 55
23, 516, 182, 32
23, 388, 182, 30
23, 484, 182, 62
23, 167, 182, 68
23, 264, 182, 43
23, 91, 182, 60
23, 176, 182, 2
23, 273, 182, 12
23, 370, 182, 37
23, 85, 182, 36
23, 86, 182, 78
23, 182, 182, 19
23, 412, 182, 66
23, 27, 182, 56
23, 220, 182, 25
23, 542, 182, 95
23, 128, 183, 57
23, 133, 183, 44
23, 6, 183, 39
23, 402, 183, 53
23, 153, 183, 32
23, 156, 183, 5
23, 51, 183, 13
23, 567, 183, 66
23, 192, 183, 61
23, 580, 183, 43
23, 334, 183, 91
23, 593, 183, 68
23, 343, 183, 11
23, 475, 183, 8
23, 222, 183, 20
23, 366, 183, 93
23, 243, 183, 68
23, 122, 183, 14
23, 126, 183, 19
23, 545, 184, 26
23, 519, 184, 85
23, 491, 184, 72
23, 591, 184, 51
23, 271, 184, 87
23, 562, 184, 33
23, 179, 184, 90
23, 341, 184, 24
23, 89, 184, 78
23, 90, 184, 36
23, 445, 184, 50
23, 255, 184, 51
23, 395, 185, 3
23, 407, 185, 3
23, 415, 185, 24
23, 163, 185, 17
23, 552, 185, 6
23, 168, 185, 12
23, 438, 185, 75
23, 567, 185, 66
23, 447, 185, 41
23, 67, 185, 15
23, 331, 185, 14
23, 206, 185, 5
23, 79, 185, 67
23, 480, 185, 15
23, 353, 185, 43
23, 357, 185, 49
23, 105, 185, 2
23, 366, 185, 93
23, 368, 185, 43
23, 369, 185, 87
23, 498, 185, 67
23, 242, 185, 100
23, 245, 185, 97
23, 510, 185, 84
23, 439, 186, 8
23, 136, 186, 76
23, 171, 186, 56
23, 557, 186, 33
23, 238, 186, 37
23, 527, 186, 31
23, 271, 186, 87
23, 81, 186, 61
23, 82, 186, 19
23, 117, 186, 76
23, 86, 186, 78
23, 311, 186, 41
23, 216, 186, 24
23, 505, 186, 2
23, 122, 186, 14
23, 223, 187, 61
23, 40, 187, 40
23, 138, 187, 36
23, 337, 187, 64
23, 379, 187, 6
23, 255, 187, 51
23, 386, 188, 6
23, 258, 188, 53
23, 69, 188, 22
23, 144, 188, 22
23, 91, 188, 60
23, 7, 189, 39
23, 8, 189, 24
23, 138, 189, 36
23, 534, 189, 29
23, 535, 189, 79
23, 412, 189, 66
23, 288, 189, 25
23, 566, 189, 58
23, 570, 189, 55
23, 320, 189, 14
23, 577, 189, 51
23, 64, 189, 11
23, 197, 189, 50
23, 71, 189, 58
23, 595, 189, 77
23, 340, 189, 47
23, 218, 189, 21
23, 99, 189, 80
23, 107, 189, 48
23, 368, 189, 43
23, 112, 189, 72
23, 126, 189, 19
23, 511, 189, 31
23, 1, 190, 37
23, 515, 190, 55
23, 134, 190, 89
23, 15, 190, 52
23, 403, 190, 94
23, 417, 190, 9
23, 163, 190, 17
23, 548, 190, 52
23, 41, 190, 1
23, 568, 190, 60
23, 577, 190, 51
23, 578, 190, 17
23, 451, 190, 17
23, 324, 190, 19
23, 198, 190, 77
23, 79, 190, 67
23, 208, 190, 32
23, 595, 190, 77
23, 95, 190, 62
23, 226, 190, 6
23, 354, 190, 67
23, 102, 190, 65
23, 366, 190, 93
23, 270, 191, 88
23, 404, 191, 30
23, 406, 191, 67
23, 151, 191, 28
23, 536, 191, 77
23, 539, 191, 32
23, 32, 191, 12
23, 424, 191, 30
23, 428, 191, 45
23, 173, 191, 38
23, 430, 191, 81
23, 309, 191, 31
23, 443, 191, 53
23, 197, 191, 50
23, 327, 191, 58
23, 80, 191, 46
23, 337, 191, 64
23, 83, 191, 39
23, 354, 191, 67
23, 356, 191, 57
23, 108, 191, 70
23, 494, 191, 80
23, 508, 191, 93
23, 383, 191, 56
23, 416, 192, 79
23, 452, 192, 5
23, 327, 192, 58
23, 463, 192, 69
23, 125, 192, 33
23, 438, 192, 75
23, 248, 192, 71
23, 445, 192, 50
23, 294, 193, 8
23, 327, 193, 58
23, 329, 193, 77
23, 141, 193, 8
23, 182, 193, 19
23, 161, 194, 27
23, 386, 194, 6
23, 388, 194, 30
23, 294, 194, 8
23, 360, 194, 84
23, 361, 194, 93
23, 43, 194, 1
23, 492, 194, 1
23, 140, 194, 29
23, 142, 194, 58
23, 239, 194, 37
23, 497, 194, 18
23, 63, 194, 22
23, 181, 194, 33
23, 375, 194, 74
23, 477, 194, 57
23, 382, 194, 73
23, 511, 194, 31
23, 512, 195, 71
23, 96, 195, 24
23, 517, 195, 13
23, 487, 195, 19
23, 297, 195, 71
23, 170, 195, 37
23, 299, 195, 4
23, 49, 195, 46
23, 243, 195, 68
23, 212, 195, 60
23, 543, 195, 15
23, 224, 196, 33
23, 34, 196, 11
23, 260, 196, 47
23, 486, 196, 55
23, 8, 196, 24
23, 553, 196, 35
23, 329, 196, 77
23, 394, 196, 37
23, 9, 196, 17
23, 50, 196, 81
23, 594, 196, 85
23, 276, 196, 5
23, 404, 196, 30
23, 472, 196, 50
23, 412, 196, 66
23, 386, 197, 6
23, 354, 197, 67
23, 517, 197, 13
23, 185, 197, 68
23, 378, 197, 21
23, 27, 197, 56
23, 98, 198, 38
23, 131, 198, 99
23, 419, 198, 3
23, 550, 198, 74
23, 588, 198, 13
23, 525, 198, 32
23, 315, 198, 6
23, 82, 198, 19
23, 340, 198, 47
23, 374, 198, 76
23, 539, 198, 32
23, 31, 198, 75
23, 321, 199, 29
23, 162, 199, 61
23, 295, 199, 74
23, 488, 199, 46
23, 523, 199, 27
23, 299, 199, 4
23, 403, 199, 94
23, 436, 199, 97
23, 24, 199, 17
23, 123, 199, 83
23, 253, 199, 20
23, 542, 199, 95
23, 5, 200, 62
23, 10, 200, 57
23, 398, 200, 29
23, 274, 200, 76
23, 18, 200, 41
23, 19, 200, 46
23, 147, 200, 14
23, 158, 200, 73
23, 544, 200, 53
23, 427, 200, 3
23, 178, 200, 91
23, 60, 200, 9
23, 61, 200, 4
23, 578, 200, 17
23, 342, 200, 85
23, 344, 200, 3
23, 345, 200, 87
23, 218, 200, 21
23, 347, 200, 54
23, 361, 200, 93
23, 235, 200, 87
23, 492, 200, 1
23, 255, 200, 51
23, 416, 201, 79
23, 545, 201, 26
23, 385, 201, 67
23, 262, 201, 19
23, 588, 201, 13
23, 44, 201, 93
23, 20, 201, 42
23, 153, 201, 32
23, 379, 201, 6
23, 98, 202, 38
23, 587, 202, 29
23, 44, 202, 93
23, 575, 202, 92
23, 438, 202, 75
23, 348, 202, 25
23, 477, 202, 57
23, 255, 202, 51
23, 193, 203, 99
23, 97, 203, 69
23, 513, 203, 35
23, 452, 203, 5
23, 132, 203, 36
23, 70, 203, 73
23, 582, 203, 57
23, 451, 203, 17
23, 42, 203, 69
23, 523, 203, 27
23, 396, 203, 85
23, 461, 203, 38
23, 77, 203, 64
23, 108, 203, 70
23, 55, 203, 86
23, 534, 203, 29
23, 375, 203, 74
23, 598, 203, 60
23, 10, 204, 57
23, 139, 204, 22
23, 397, 204, 91
23, 413, 204, 44
23, 161, 204, 27
23, 547, 204, 68
23, 421, 204, 70
23, 165, 204, 39
23, 554, 204, 61
23, 428, 204, 45
23, 557, 204, 33
23, 173, 204, 38
23, 586, 204, 25
23, 80, 204, 46
23, 465, 204, 16
23, 82, 204, 19
23, 596, 204, 88
23, 341, 204, 24
23, 214, 204, 8
23, 222, 204, 20
23, 232, 204, 25
23, 369, 204, 87
23, 120, 204, 12
23, 253, 204, 20
23, 98, 205, 38
23, 163, 205, 17
23, 550, 205, 74
23, 487, 205, 19
23, 9, 205, 17
23, 428, 205, 45
23, 173, 205, 38
23, 304, 205, 96
23, 305, 205, 72
23, 80, 205, 46
23, 499, 205, 68
23, 149, 205, 65
23, 405, 205, 23
23, 599, 205, 83
23, 512, 206, 71
23, 258, 206, 53
23, 528, 206, 25
23, 403, 206, 94
23, 533, 206, 41
23, 406, 206, 67
23, 23, 206, 49
23, 411, 206, 79
23, 157, 206, 51
23, 180, 206, 22
23, 182, 206, 19
23, 183, 206, 25
23, 184, 206, 84
23, 59, 206, 71
23, 571, 206, 77
23, 198, 206, 77
23, 73, 206, 3
23, 588, 206, 13
23, 336, 206, 81
23, 210, 206, 23
23, 339, 206, 9
23, 212, 206, 60
23, 85, 206, 36
23, 86, 206, 78
23, 117, 206, 76
23, 290, 207, 31
23, 258, 207, 53
23, 420, 207, 67
23, 70, 207, 73
23, 551, 207, 69
23, 168, 207, 12
23, 169, 207, 45
23, 106, 207, 25
23, 74, 207, 35
23, 428, 207, 45
23, 113, 207, 68
23, 500, 207, 1
23, 405, 207, 23
23, 66, 208, 25
23, 212, 208, 60
23, 150, 208, 68
23, 502, 208, 32
23, 410, 208, 12
23, 543, 208, 15
23, 128, 209, 57
23, 6, 209, 39
23, 10, 209, 57
23, 401, 209, 10
23, 403, 209, 94
23, 405, 209, 23
23, 158, 209, 73
23, 566, 209, 58
23, 189, 209, 14
23, 190, 209, 27
23, 575, 209, 92
23, 64, 209, 11
23, 193, 209, 99
23, 322, 209, 99
23, 453, 209, 94
23, 581, 209, 18
23, 478, 209, 12
23, 486, 209, 55
23, 495, 209, 69
23, 379, 209, 6
23, 389, 210, 44
23, 231, 210, 23
23, 552, 210, 6
23, 587, 210, 29
23, 49, 210, 46
23, 440, 210, 38
23, 2, 211, 46
23, 259, 211, 75
23, 137, 211, 50
23, 401, 211, 10
23, 286, 211, 51
23, 288, 211, 25
23, 161, 211, 27
23, 164, 211, 2
23, 557, 211, 33
23, 303, 211, 92
23, 177, 211, 76
23, 563, 211, 24
23, 188, 211, 74
23, 326, 211, 40
23, 587, 211, 29
23, 331, 211, 14
23, 470, 211, 20
23, 90, 211, 36
23, 93, 211, 79
23, 102, 211, 65
23, 363, 211, 25
23, 368, 211, 43
23, 126, 211, 19
23, 161, 212, 27
23, 98, 212, 38
23, 266, 212, 6
23, 458, 212, 65
23, 202, 212, 64
23, 14, 212, 92
23, 47, 212, 9
23, 465, 212, 16
23, 243, 212, 68
23, 51, 212, 13
23, 596, 212, 88
23, 470, 212, 20
23, 120, 212, 12
23, 441, 212, 65
23, 570, 212, 55
23, 315, 212, 6
23, 125, 212, 33
23, 447, 212, 41
23, 390, 213, 36
23, 528, 213, 25
23, 144, 213, 22
23, 529, 213, 98
23, 405, 213, 23
23, 406, 213, 67
23, 533, 213, 41
23, 24, 213, 17
23, 35, 213, 98
23, 170, 213, 37
23, 177, 213, 76
23, 185, 213, 68
23, 442, 213, 57
23, 186, 213, 20
23, 319, 213, 88
23, 453, 213, 94
23, 209, 213, 58
23, 212, 213, 60
23, 471, 213, 62
23, 95, 213, 62
23, 97, 213, 69
23, 103, 213, 61
23, 256, 214, 87
23, 4, 214, 54
23, 17, 214, 6
23, 273, 214, 12
23, 149, 214, 65
23, 152, 214, 73
23, 282, 214, 86
23, 290, 214, 31
23, 549, 214, 33
23, 428, 214, 45
23, 300, 214, 82
23, 560, 214, 48
23, 561, 214, 17
23, 185, 214, 68
23, 58, 214, 63
23, 443, 214, 53
23, 188, 214, 74
23, 583, 214, 47
23, 336, 214, 81
23, 345, 214, 87
23, 228, 214, 22
23, 363, 214, 25
23, 242, 214, 100
23, 500, 214, 1
23, 505, 214, 2
23, 193, 215, 99
23, 66, 215, 25
23, 515, 215, 55
23, 70, 215, 73
23, 200, 215, 91
23, 461, 215, 38
23, 174, 215, 43
23, 80, 215, 46
23, 150, 215, 68
23, 311, 215, 41
23, 89, 215, 78
23, 512, 216, 71
23, 418, 216, 77
23, 578, 216, 17
23, 518, 216, 42
23, 203, 216, 17
23, 302, 216, 7
23, 206, 216, 5
23, 495, 216, 69
23, 145, 216, 69
23, 304, 216, 96
23, 435, 216, 70
23, 497, 216, 18
23, 347, 216, 54
23, 477, 216, 57
23, 255, 216, 51
23, 97, 217, 69
23, 578, 217, 17
23, 321, 217, 29
23, 493, 217, 77
23, 563, 217, 24
23, 437, 217, 32
23, 374, 217, 76
23, 87, 217, 44
23, 245, 217, 97
23, 121, 217, 67
23, 349, 217, 5
23, 137, 218, 50
23, 266, 218, 6
23, 419, 218, 3
23, 41, 218, 1
23, 299, 218, 4
23, 300, 218, 82
23, 173, 218, 38
23, 309, 218, 31
23, 568, 218, 60
23, 581, 218, 18
23, 325, 218, 17
23, 456, 218, 61
23, 588, 218, 13
23, 82, 218, 19
23, 84, 218, 18
23, 355, 218, 30
23, 229, 218, 54
23, 375, 218, 74
23, 506, 218, 86
23, 252, 218, 48
23, 384, 219, 7
23, 578, 219, 17
23, 460, 219, 97
23, 44, 219, 93
23, 87, 219, 44
23, 250, 219, 79
23, 513, 220, 35
23, 388, 220, 30
23, 389, 220, 44
23, 263, 220, 7
23, 138, 220, 36
23, 144, 220, 22
23, 28, 220, 42
23, 413, 220, 44
23, 293, 220, 54
23, 44, 220, 93
23, 442, 220, 57
23, 60, 220, 9
23, 450, 220, 85
23, 322, 220, 99
23, 68, 220, 64
23, 459, 220, 35
23, 340, 220, 47
23, 212, 220, 60
23, 86, 220, 78
23, 477, 220, 57
23, 99, 220, 80
23, 230, 220, 95
23, 488, 220, 46
23, 118, 220, 12
23, 507, 220, 100
23, 265, 221, 25
23, 266, 221, 6
23, 396, 221, 85
23, 140, 221, 29
23, 406, 221, 67
23, 155, 221, 52
23, 286, 221, 51
23, 166, 221, 13
23, 46, 221, 73
23, 307, 221, 4
23, 59, 221, 71
23, 317, 221, 42
23, 190, 221, 27
23, 325, 221, 17
23, 199, 221, 6
23, 586, 221, 25
23, 91, 221, 60
23, 93, 221, 79
23, 357, 221, 49
23, 231, 221, 23
23, 104, 221, 45
23, 236, 221, 28
23, 242, 221, 100
23, 372, 221, 89
23, 293, 222, 54
23, 488, 222, 46
23, 394, 222, 37
23, 273, 222, 12
23, 372, 222, 89
23, 310, 222, 2
23, 566, 222, 58
23, 59, 222, 71
23, 349, 222, 5
23, 253, 222, 20
23, 383, 222, 56
23, 144, 223, 22
23, 402, 223, 53
23, 26, 223, 80
23, 289, 223, 55
23, 36, 223, 88
23, 308, 223, 30
23, 567, 223, 66
23, 439, 223, 8
23, 314, 223, 15
23, 447, 223, 41
23, 192, 223, 61
23, 586, 223, 25
23, 75, 223, 40
23, 592, 223, 61
23, 210, 223, 23
23, 342, 223, 85
23, 598, 223, 60
23, 216, 223, 24
23, 88, 223, 13
23, 224, 223, 33
23, 484, 223, 62
23, 504, 223, 98
23, 121, 223, 67
23, 381, 223, 1
23, 129, 224, 83
23, 7, 224, 39
23, 142, 224, 58
23, 143, 224, 27
23, 286, 224, 51
23, 160, 224, 82
23, 417, 224, 9
23, 35, 224, 98
23, 422, 224, 50
23, 167, 224, 68
23, 425, 224, 39
23, 172, 224, 48
23, 559, 224, 28
23, 57, 224, 1
23, 223, 224, 61
23, 351, 224, 48
23, 358, 224, 93
23, 235, 224, 87
23, 115, 224, 94
23, 375, 224, 74
23, 505, 224, 2
23, 124, 224, 54
23, 381, 224, 1
23, 254, 224, 76
23, 127, 224, 76
23, 290, 225, 31
23, 387, 225, 47
23, 356, 225, 57
23, 69, 225, 22
23, 326, 225, 40
23, 133, 225, 44
23, 519, 225, 85
23, 140, 225, 29
23, 76, 225, 41
23, 334, 225, 91
23, 434, 225, 33
23, 213, 225, 71
23, 54, 225, 45
23, 345, 225, 87
23, 506, 225, 86
23, 91, 225, 60
23, 542, 225, 95
23, 161, 226, 27
23, 545, 226, 26
23, 262, 226, 19
23, 493, 226, 77
23, 20, 226, 42
23, 132, 227, 36
23, 230, 227, 95
23, 592, 227, 61
23, 339, 227, 9
23, 568, 227, 60
23, 126, 227, 19
23, 133, 228, 44
23, 403, 228, 94
23, 536, 228, 77
23, 408, 228, 63
23, 24, 228, 17
23, 547, 228, 68
23, 548, 228, 52
23, 39, 228, 87
23, 425, 228, 39
23, 171, 228, 56
23, 304, 228, 96
23, 188, 228, 74
23, 445, 228, 50
23, 328, 228, 71
23, 457, 228, 41
23, 595, 228, 77
23, 478, 228, 12
23, 225, 228, 94
23, 485, 228, 81
23, 111, 228, 41
23, 371, 228, 1
23, 244, 228, 55
23, 124, 228, 54
23, 404, 229, 30
23, 284, 229, 65
23, 156, 229, 5
23, 542, 229, 95
23, 35, 229, 98
23, 294, 229, 8
23, 298, 229, 100
23, 180, 229, 22
23, 438, 229, 75
23, 315, 229, 6
23, 194, 229, 43
23, 326, 229, 40
23, 71, 229, 58
23, 585, 229, 80
23, 589, 229, 71
23, 82, 229, 19
23, 595, 229, 77
23, 470, 229, 20
23, 215, 229, 10
23, 598, 229, 60
23, 356, 229, 57
23, 513, 230, 35
23, 386, 230, 6
23, 399, 230, 2
23, 401, 230, 10
23, 148, 230, 60
23, 284, 230, 65
23, 541, 230, 47
23, 157, 230, 51
23, 422, 230, 50
23, 39, 230, 87
23, 423, 230, 20
23, 178, 230, 91
23, 51, 230, 13
23, 563, 230, 24
23, 58, 230, 63
23, 220, 230, 25
23, 94, 230, 7
23, 223, 230, 61
23, 97, 230, 69
23, 101, 230, 78
23, 494, 230, 80
23, 376, 230, 23
23, 126, 230, 19
23, 459, 231, 35
23, 529, 231, 98
23, 466, 231, 63
23, 467, 231, 7
23, 52, 231, 93
23, 565, 231, 36
23, 379, 231, 6
23, 255, 231, 51
23, 390, 232, 36
23, 531, 232, 69
23, 19, 232, 46
23, 535, 232, 79
23, 164, 232, 2
23, 294, 232, 8
23, 552, 232, 6
23, 40, 232, 40
23, 319, 232, 88
23, 448, 232, 43
23, 70, 232, 73
23, 201, 232, 57
23, 463, 232, 69
23, 467, 232, 7
23, 343, 232, 11
23, 218, 232, 21
23, 92, 232, 58
23, 373, 232, 42
23, 378, 232, 21
23, 66, 233, 25
23, 60, 233, 9
23, 373, 233, 42
23, 28, 233, 42
23, 511, 233, 31
23, 322, 234, 99
23, 229, 234, 54
23, 293, 234, 54
23, 486, 234, 55
23, 104, 234, 45
23, 265, 234, 25
23, 585, 234, 80
23, 204, 234, 49
23, 410, 234, 12
23, 563, 234, 24
23, 403, 234, 94
23, 311, 234, 41
23, 506, 234, 86
23, 219, 234, 92
23, 541, 234, 47
23, 414, 234, 59
23, 68, 235, 64
23, 133, 235, 44
23, 587, 235, 29
23, 301, 235, 92
23, 398, 235, 29
23, 349, 235, 5
23, 110, 235, 6
23, 464, 235, 66
23, 302, 235, 7
23, 435, 235, 70
23, 404, 235, 30
23, 181, 235, 33
23, 503, 235, 71
23, 380, 235, 24
23, 185, 235, 68
23, 60, 235, 9
23, 61, 235, 4
23, 386, 236, 6
23, 227, 236, 90
23, 482, 236, 83
23, 520, 236, 39
23, 489, 236, 55
23, 586, 236, 25
23, 395, 236, 3
23, 525, 236, 32
23, 272, 236, 32
23, 50, 236, 81
23, 307, 236, 4
23, 21, 236, 95
23, 502, 236, 32
23, 258, 237, 53
23, 259, 237, 75
23, 136, 237, 76
23, 522, 237, 32
23, 14, 237, 92
23, 534, 237, 29
23, 536, 237, 77
23, 47, 237, 9
23, 435, 237, 70
23, 566, 237, 58
23, 449, 237, 92
23, 455, 237, 17
23, 201, 237, 57
23, 597, 237, 11
23, 598, 237, 60
23, 345, 237, 87
23, 375, 237, 74
23, 252, 237, 48
23, 381, 237, 1
23, 100, 238, 48
23, 164, 238, 2
23, 103, 238, 61
23, 231, 238, 23
23, 329, 238, 77
23, 523, 238, 27
23, 140, 238, 29
23, 176, 238, 2
23, 209, 238, 58
23, 402, 238, 53
23, 48, 238, 19
23, 341, 238, 24
23, 313, 238, 80
23, 284, 238, 65
23, 94, 238, 7
23, 319, 238, 88
23, 257, 239, 57
23, 290, 239, 31
23, 322, 239, 99
23, 69, 239, 22
23, 423, 239, 20
23, 391, 239, 14
23, 457, 239, 41
23, 268, 239, 41
23, 367, 239, 89
23, 111, 239, 41
23, 271, 239, 87
23, 119, 239, 23
23, 90, 239, 36
23, 27, 239, 56
23, 387, 240, 47
23, 131, 240, 99
23, 262, 240, 19
23, 264, 240, 43
23, 9, 240, 17
23, 10, 240, 57
23, 392, 240, 93
23, 399, 240, 2
23, 274, 240, 76
23, 147, 240, 14
23, 407, 240, 3
23, 279, 240, 17
23, 537, 240, 49
23, 299, 240, 4
23, 428, 240, 45
23, 430, 240, 81
23, 435, 240, 70
23, 441, 240, 65
23, 185, 240, 68
23, 74, 240, 35
23, 87, 240, 44
23, 90, 240, 36
23, 102, 240, 65
23, 111, 240, 41
23, 378, 240, 21
23, 265, 241, 25
23, 460, 241, 97
23, 432, 241, 97
23, 208, 241, 32
23, 341, 241, 24
23, 570, 241, 55
23, 321, 242, 29
23, 546, 242, 64
23, 292, 242, 6
23, 485, 242, 81
23, 394, 242, 37
23, 45, 242, 40
23, 463, 242, 69
23, 79, 242, 67
23, 594, 242, 85
23, 242, 242, 100
23, 180, 242, 22
23, 181, 242, 33
23, 567, 242, 66
23, 221, 242, 5
23, 377, 242, 18
23, 380, 242, 24
23, 93, 242, 79
23, 263, 243, 7
23, 456, 243, 61
23, 364, 243, 8
23, 466, 243, 63
23, 56, 243, 2
23, 377, 243, 18
23, 509, 243, 85
23, 478, 243, 12
23, 296, 244, 82
23, 434, 244, 33
23, 306, 244, 27
23, 313, 244, 80
23, 442, 244, 57
23, 572, 244, 68
23, 0, 245, 33
23, 449, 245, 92
23, 37, 245, 84
23, 492, 245, 1
23, 13, 245, 2
23, 172, 245, 48
23, 464, 245, 66
23, 278, 245, 30
23, 410, 245, 12
23, 20, 246, 42
23, 148, 246, 60
23, 152, 246, 73
23, 413, 246, 44
23, 173, 246, 38
23, 310, 246, 2
23, 185, 246, 68
23, 579, 246, 84
23, 69, 246, 22
23, 76, 246, 41
23, 591, 246, 51
23, 599, 246, 83
23, 477, 246, 57
23, 227, 246, 90
23, 229, 246, 54
23, 360, 246, 84
23, 235, 246, 87
23, 492, 246, 1
23, 496, 246, 76
23, 0, 247, 33
23, 260, 247, 47
23, 516, 247, 32
23, 18, 247, 41
23, 410, 247, 12
23, 28, 247, 42
23, 416, 247, 79
23, 33, 247, 82
23, 32, 247, 12
23, 46, 247, 73
23, 47, 247, 9
23, 437, 247, 32
23, 585, 247, 80
23, 205, 247, 63
23, 335, 247, 38
23, 338, 247, 58
23, 213, 247, 71
23, 88, 247, 13
23, 221, 247, 5
23, 362, 247, 54
23, 456, 248, 61
23, 490, 248, 97
23, 82, 248, 19
23, 339, 248, 9
23, 211, 248, 81
23, 242, 248, 100
23, 216, 248, 24
23, 25, 248, 69
23, 414, 248, 59
23, 319, 248, 88
23, 385, 249, 67
23, 417, 249, 9
23, 230, 249, 95
23, 520, 249, 39
23, 537, 249, 49
23, 388, 250, 30
23, 5, 250, 62
23, 134, 250, 89
23, 229, 250, 54
23, 201, 250, 57
23, 521, 250, 36
23, 556, 250, 81
23, 269, 250, 13
23, 140, 250, 29
23, 466, 250, 63
23, 51, 250, 13
23, 211, 250, 81
23, 119, 250, 23
23, 437, 250, 32
23, 55, 250, 86
23, 152, 250, 73
23, 478, 250, 12
23, 513, 251, 35
23, 2, 251, 46
23, 5, 251, 62
23, 269, 251, 13
23, 13, 251, 2
23, 534, 251, 29
23, 416, 251, 79
23, 170, 251, 37
23, 189, 251, 14
23, 67, 251, 15
23, 328, 251, 71
23, 206, 251, 5
23, 208, 251, 32
23, 343, 251, 11
23, 216, 251, 24
23, 229, 251, 54
23, 359, 251, 35
23, 241, 251, 74
23, 499, 251, 68
23, 374, 251, 76
23, 379, 251, 6
23, 124, 251, 54
23, 125, 251, 33
23, 100, 252, 48
23, 551, 252, 69
23, 583, 252, 47
23, 523, 252, 27
23, 430, 252, 81
23, 334, 252, 91
23, 217, 252, 49
23, 519, 253, 85
23, 140, 253, 29
23, 527, 253, 31
23, 273, 253, 12
23, 403, 253, 94
23, 405, 253, 23
23, 278, 253, 30
23, 416, 253, 79
23, 291, 253, 96
23, 164, 253, 2
23, 422, 253, 50
23, 39, 253, 87
23, 298, 253, 100
23, 43, 253, 1
23, 318, 253, 25
23, 193, 253, 99
23, 453, 253, 94
23, 329, 253, 77
23, 203, 253, 17
23, 465, 253, 16
23, 466, 253, 63
23, 342, 253, 85
23, 225, 253, 94
23, 379, 253, 6
23, 256, 254, 87
23, 129, 254, 83
23, 514, 254, 50
23, 3, 254, 98
23, 393, 254, 58
23, 44, 254, 93
23, 12, 254, 50
23, 61, 254, 4
23, 152, 254, 73
23, 378, 254, 21
23, 125, 254, 33
23, 263, 255, 7
23, 275, 255, 93
23, 408, 255, 63
23, 536, 255, 77
23, 32, 255, 12
23, 288, 255, 25
23, 545, 255, 26
23, 416, 255, 79
23, 548, 255, 52
23, 293, 255, 54
23, 426, 255, 34
23, 428, 255, 45
23, 177, 255, 76
23, 564, 255, 12
23, 53, 255, 58
23, 186, 255, 20
23, 196, 255, 23
23, 199, 255, 6
23, 584, 255, 49
23, 73, 255, 3
23, 465, 255, 16
23, 93, 255, 79
23, 485, 255, 81
23, 104, 255, 45
23, 122, 255, 14
23, 448, 256, 43
23, 194, 256, 43
23, 323, 256, 91
23, 105, 256, 2
23, 201, 256, 57
23, 235, 256, 87
23, 558, 256, 42
23, 112, 256, 72
23, 241, 256, 74
23, 531, 256, 69
23, 88, 256, 13
23, 250, 256, 79
23, 155, 256, 52
23, 94, 256, 7
23, 522, 257, 32
23, 523, 257, 27
23, 285, 257, 69
23, 542, 257, 95
23, 417, 257, 9
23, 419, 257, 3
23, 299, 257, 4
23, 182, 257, 19
23, 185, 257, 68
23, 61, 257, 4
23, 574, 257, 41
23, 63, 257, 22
23, 318, 257, 25
23, 84, 257, 18
23, 479, 257, 1
23, 96, 257, 24
23, 102, 257, 65
23, 359, 257, 35
23, 377, 257, 18
23, 128, 258, 57
23, 65, 258, 71
23, 194, 258, 43
23, 37, 258, 84
23, 231, 258, 23
23, 391, 258, 14
23, 392, 258, 93
23, 520, 258, 39
23, 9, 258, 17
23, 429, 258, 24
23, 78, 258, 14
23, 178, 258, 91
23, 213, 258, 71
23, 216, 258, 24
23, 537, 258, 49
23, 349, 258, 5
23, 159, 258, 80
23, 578, 259, 17
23, 446, 259, 16
23, 455, 259, 17
23, 520, 259, 39
23, 473, 259, 26
23, 44, 259, 93
23, 16, 259, 98
23, 464, 259, 66
23, 435, 259, 70
23, 596, 259, 88
23, 252, 259, 48
23, 281, 259, 18
23, 58, 259, 63
23, 92, 259, 58
23, 254, 259, 76
23, 543, 259, 15
23, 512, 260, 71
23, 294, 260, 8
23, 424, 260, 30
23, 107, 260, 48
23, 473, 260, 26
23, 237, 260, 97
23, 555, 260, 16
23, 459, 260, 35
23, 48, 260, 19
23, 47, 260, 9
23, 537, 260, 49
23, 57, 260, 1
23, 155, 260, 52
23, 571, 260, 77
23, 453, 261, 94
23, 456, 261, 61
23, 345, 261, 87
23, 168, 261, 12
23, 368, 261, 43
23, 530, 261, 31
23, 340, 261, 47
23, 505, 261, 2
23, 573, 261, 70
23, 223, 261, 61
23, 258, 262, 53
23, 457, 262, 41
23, 363, 262, 25
23, 508, 262, 93
23, 369, 262, 87
23, 18, 262, 41
23, 156, 262, 5
23, 413, 262, 44
23, 446, 262, 16
23, 128, 263, 57
23, 448, 263, 43
23, 99, 263, 80
23, 166, 263, 13
23, 265, 263, 25
23, 233, 263, 58
23, 299, 263, 4
23, 301, 263, 92
23, 15, 263, 52
23, 561, 263, 17
23, 563, 263, 24
23, 245, 263, 97
23, 56, 263, 2
23, 282, 263, 86
23, 159, 263, 80
23, 260, 264, 47
23, 132, 264, 36
23, 4, 264, 54
23, 9, 264, 17
23, 13, 264, 2
23, 144, 264, 22
23, 277, 264, 72
23, 159, 264, 80
23, 160, 264, 82
23, 416, 264, 79
23, 433, 264, 55
23, 437, 264, 32
23, 312, 264, 62
23, 333, 264, 51
23, 590, 264, 26
23, 80, 264, 46
23, 466, 264, 63
23, 101, 264, 78
23, 363, 264, 25
23, 110, 264, 6
23, 496, 264, 76
23, 248, 264, 71
23, 511, 264, 31
23, 99, 265, 80
23, 207, 265, 35
23, 401, 265, 10
23, 92, 265, 58
23, 189, 265, 14
23, 162, 266, 61
23, 515, 266, 55
23, 134, 266, 89
23, 519, 266, 85
23, 72, 266, 47
23, 202, 266, 64
23, 171, 266, 56
23, 409, 266, 18
23, 446, 266, 16
23, 193, 267, 99
23, 482, 267, 83
23, 580, 267, 43
23, 40, 267, 40
23, 495, 267, 69
23, 147, 267, 14
23, 120, 267, 12
23, 542, 267, 95
23, 513, 268, 35
23, 546, 268, 64
23, 323, 268, 91
23, 389, 268, 44
23, 104, 268, 45
23, 426, 268, 34
23, 12, 268, 50
23, 109, 268, 64
23, 44, 268, 93
23, 46, 268, 73
23, 209, 268, 58
23, 273, 268, 12
23, 25, 268, 69
23, 191, 268, 4
23, 513, 269, 35
23, 6, 269, 39
23, 11, 269, 40
23, 144, 269, 22
23, 407, 269, 3
23, 291, 269, 96
23, 552, 269, 6
23, 428, 269, 45
23, 55, 269, 86
23, 63, 269, 22
23, 457, 269, 41
23, 330, 269, 24
23, 202, 269, 64
23, 332, 269, 44
23, 209, 269, 58
23, 84, 269, 18
23, 85, 269, 36
23, 89, 269, 78
23, 219, 269, 92
23, 483, 269, 46
23, 486, 269, 55
23, 488, 269, 46
23, 373, 269, 42
23, 249, 269, 100
23, 124, 269, 54
23, 258, 270, 53
23, 130, 270, 62
23, 419, 270, 3
23, 40, 270, 40
23, 398, 270, 29
23, 335, 270, 38
23, 283, 270, 70
23, 19, 270, 46
23, 598, 270, 60
23, 247, 270, 82
23, 282, 270, 86
23, 155, 270, 52
23, 124, 270, 54
23, 317, 270, 42
23, 1, 271, 37
23, 6, 271, 39
23, 137, 271, 50
23, 531, 271, 69
23, 537, 271, 49
23, 415, 271, 24
23, 543, 271, 15
23, 35, 271, 98
23, 548, 271, 52
23, 555, 271, 16
23, 51, 271, 13
23, 54, 271, 45
23, 569, 271, 26
23, 447, 271, 41
23, 193, 271, 99
23, 76, 271, 41
23, 466, 271, 63
23, 341, 271, 24
23, 470, 271, 20
23, 369, 271, 87
23, 243, 271, 68
23, 502, 271, 32
23, 376, 271, 23
23, 416, 272, 79
23, 65, 272, 71
23, 486, 272, 55
23, 73, 272, 3
23, 523, 272, 27
23, 429, 272, 24
23, 589, 272, 71
23, 464, 272, 66
23, 497, 272, 18
23, 466, 272, 63
23, 565, 272, 36
23, 55, 272, 86
23, 57, 272, 1
23, 188, 272, 74
23, 258, 273, 53
23, 387, 273, 47
23, 136, 273, 76
23, 276, 273, 5
23, 149, 273, 65
23, 22, 273, 15
23, 38, 273, 6
23, 41, 273, 1
23, 301, 273, 92
23, 45, 273, 40
23, 306, 273, 27
23, 59, 273, 71
23, 63, 273, 22
23, 576, 273, 14
23, 584, 273, 49
23, 332, 273, 44
23, 204, 273, 49
23, 463, 273, 69
23, 82, 273, 19
23, 84, 273, 18
23, 348, 273, 25
23, 101, 273, 78
23, 230, 273, 95
23, 519, 274, 85
23, 15, 274, 52
23, 402, 274, 53
23, 419, 274, 3
23, 166, 274, 13
23, 42, 274, 69
23, 175, 274, 38
23, 177, 274, 76
23, 51, 274, 13
23, 183, 274, 25
23, 316, 274, 93
23, 317, 274, 42
23, 194, 274, 43
23, 196, 274, 23
23, 327, 274, 58
23, 459, 274, 35
23, 206, 274, 5
23, 96, 274, 24
23, 484, 274, 62
23, 360, 274, 84
23, 491, 274, 72
23, 380, 274, 24
23, 576, 275, 14
23, 193, 275, 99
23, 353, 275, 43
23, 289, 275, 55
23, 191, 275, 4
23, 294, 275, 8
23, 10, 275, 57
23, 555, 275, 16
23, 587, 275, 29
23, 144, 275, 22
23, 241, 275, 74
23, 593, 275, 68
23, 83, 275, 39
23, 159, 275, 80
23, 356, 276, 57
23, 457, 276, 41
23, 202, 276, 64
23, 396, 276, 85
23, 460, 276, 97
23, 596, 276, 88
23, 249, 276, 100
23, 382, 276, 73
23, 388, 277, 30
23, 391, 277, 14
23, 17, 277, 6
23, 529, 277, 98
23, 165, 277, 39
23, 424, 277, 30
23, 558, 277, 42
23, 48, 277, 19
23, 313, 277, 80
23, 572, 277, 68
23, 574, 277, 41
23, 323, 277, 91
23, 453, 277, 94
23, 84, 277, 18
23, 353, 277, 43
23, 118, 277, 12
23, 248, 277, 71
23, 378, 277, 21
23, 379, 277, 6
23, 353, 278, 43
23, 36, 278, 88
23, 164, 278, 2
23, 172, 278, 48
23, 332, 278, 44
23, 46, 278, 73
23, 175, 278, 38
23, 462, 278, 21
23, 372, 278, 89
23, 86, 278, 78
23, 572, 278, 68
23, 348, 278, 25
23, 542, 278, 95
23, 248, 279, 71
23, 65, 279, 71
23, 578, 279, 17
23, 161, 279, 27
23, 40, 279, 40
23, 105, 279, 2
23, 170, 279, 37
23, 329, 279, 77
23, 552, 279, 6
23, 398, 279, 29
23, 49, 279, 46
23, 274, 279, 76
23, 179, 279, 90
23, 498, 279, 67
23, 280, 279, 81
23, 509, 279, 85
23, 575, 279, 92
23, 228, 280, 22
23, 359, 280, 35
23, 71, 280, 58
23, 556, 280, 81
23, 28, 280, 42
23, 366, 280, 93
23, 46, 280, 73
23, 176, 280, 2
23, 49, 280, 46
23, 462, 280, 21
23, 467, 280, 7
23, 119, 280, 23
23, 315, 280, 6
23, 92, 280, 58
23, 317, 280, 42
23, 159, 280, 80
23, 225, 281, 94
23, 35, 281, 98
23, 486, 281, 55
23, 27, 281, 56
23, 201, 281, 57
23, 584, 281, 49
23, 569, 281, 26
23, 368, 281, 43
23, 252, 281, 48
23, 373, 281, 42
23, 342, 281, 85
23, 25, 281, 69
23, 314, 281, 15
23, 123, 281, 83
23, 188, 281, 74
23, 318, 281, 25
23, 130, 282, 62
23, 268, 282, 41
23, 12, 282, 50
23, 398, 282, 29
23, 408, 282, 63
23, 28, 282, 42
23, 415, 282, 24
23, 36, 282, 88
23, 37, 282, 84
23, 298, 282, 100
23, 174, 282, 43
23, 560, 282, 48
23, 178, 282, 91
23, 52, 282, 93
23, 565, 282, 36
23, 183, 282, 25
23, 450, 282, 85
23, 473, 282, 26
23, 346, 282, 46
23, 99, 282, 80
23, 105, 282, 2
23, 362, 282, 54
23, 493, 282, 77
23, 368, 282, 43
23, 502, 282, 32
23, 387, 283, 47
23, 393, 283, 58
23, 524, 283, 77
23, 398, 283, 29
23, 149, 283, 65
23, 409, 283, 18
23, 548, 283, 52
23, 427, 283, 3
23, 71, 283, 58
23, 329, 283, 77
23, 80, 283, 46
23, 338, 283, 58
23, 466, 283, 63
23, 342, 283, 85
23, 471, 283, 62
23, 90, 283, 36
23, 347, 283, 54
23, 226, 283, 6
23, 484, 283, 62
23, 377, 283, 18
23, 505, 283, 2
23, 382, 283, 73
23, 205, 284, 63
23, 17, 284, 6
23, 85, 284, 36
23, 215, 284, 10
23, 123, 284, 83
23, 380, 284, 24
23, 63, 284, 22
23, 511, 284, 31
23, 128, 285, 57
23, 130, 285, 62
23, 392, 285, 93
23, 9, 285, 17
23, 556, 285, 81
23, 340, 285, 47
23, 596, 285, 88
23, 21, 285, 95
23, 532, 286, 58
23, 406, 286, 67
23, 151, 286, 28
23, 153, 286, 32
23, 415, 286, 24
23, 417, 286, 9
23, 37, 286, 84
23, 294, 286, 8
23, 169, 286, 45
23, 429, 286, 24
23, 173, 286, 38
23, 304, 286, 96
23, 59, 286, 71
23, 446, 286, 16
23, 195, 286, 57
23, 347, 286, 54
23, 92, 286, 58
23, 353, 286, 43
23, 98, 286, 38
23, 236, 286, 28
23, 244, 286, 55
23, 249, 286, 100
23, 383, 286, 56
23, 482, 287, 83
23, 230, 287, 95
23, 6, 287, 39
23, 524, 287, 77
23, 336, 287, 81
23, 81, 287, 61
23, 562, 287, 33
23, 115, 287, 94
23, 402, 287, 53
23, 407, 287, 3
23, 281, 287, 18
23, 34, 288, 11
23, 166, 288, 13
23, 330, 288, 24
23, 43, 288, 1
23, 11, 288, 40
23, 114, 288, 2
23, 371, 288, 1
23, 20, 288, 42
23, 279, 288, 17
23, 377, 288, 18
23, 252, 288, 48
23, 513, 289, 35
23, 131, 289, 99
23, 266, 289, 6
23, 268, 289, 41
23, 409, 289, 18
23, 30, 289, 51
23, 426, 289, 34
23, 301, 289, 92
23, 51, 289, 13
23, 329, 289, 77
23, 341, 289, 24
23, 345, 289, 87
23, 481, 289, 93
23, 356, 289, 57
23, 484, 289, 62
23, 238, 289, 37
23, 240, 289, 57
23, 241, 289, 74
23, 503, 289, 71
23, 0, 290, 33
23, 225, 290, 94
23, 420, 290, 67
23, 5, 290, 62
23, 172, 290, 48
23, 368, 290, 43
23, 594, 290, 85
23, 51, 290, 13
23, 530, 290, 31
23, 149, 290, 65
23, 502, 290, 32
23, 25, 290, 69
23, 540, 290, 19
23, 29, 290, 52
23, 510, 290, 84
23, 511, 290, 31
23, 140, 291, 29
23, 13, 291, 2
23, 273, 291, 12
23, 531, 291, 69
23, 403, 291, 94
23, 26, 291, 80
23, 415, 291, 24
23, 167, 291, 68
23, 305, 291, 72
23, 308, 291, 30
23, 311, 291, 41
23, 570, 291, 55
23, 445, 291, 50
23, 66, 291, 25
23, 595, 291, 77
23, 349, 291, 5
23, 350, 291, 95
23, 480, 291, 15
23, 495, 291, 69
23, 500, 291, 1
23, 119, 291, 23
23, 510, 291, 84
23, 390, 292, 36
23, 264, 292, 43
23, 138, 292, 36
23, 534, 292, 29
23, 42, 292, 69
23, 300, 292, 82
23, 313, 292, 80
23, 58, 292, 63
23, 74, 292, 35
23, 75, 292, 40
23, 588, 292, 13
23, 80, 292, 46
23, 81, 292, 61
23, 85, 292, 36
23, 342, 292, 85
23, 87, 292, 44
23, 91, 292, 60
23, 96, 292, 24
23, 230, 292, 95
23, 235, 292, 87
23, 108, 292, 70
23, 109, 292, 64
23, 499, 292, 68
23, 515, 293, 55
23, 262, 293, 19
23, 138, 293, 36
23, 14, 293, 92
23, 17, 293, 6
23, 285, 293, 69
23, 541, 293, 47
23, 286, 293, 51
23, 160, 293, 82
23, 554, 293, 61
23, 176, 293, 2
23, 310, 293, 2
23, 320, 293, 14
23, 333, 293, 51
23, 467, 293, 7
23, 103, 293, 61
23, 495, 293, 69
23, 111, 293, 41
23, 241, 293, 74
23, 368, 293, 43
23, 372, 293, 89
23, 101, 294, 78
23, 489, 294, 55
23, 586, 294, 25
23, 365, 294, 13
23, 401, 294, 10
23, 538, 294, 90
23, 513, 295, 35
23, 226, 295, 6
23, 322, 295, 99
23, 266, 295, 6
23, 568, 295, 60
23, 461, 295, 38
23, 242, 295, 100
23, 245, 295, 97
23, 248, 295, 71
23, 284, 295, 65
23, 222, 295, 20
23, 351, 295, 48
23, 256, 296, 87
23, 320, 296, 14
23, 387, 296, 47
23, 35, 296, 98
23, 389, 296, 44
23, 454, 296, 32
23, 357, 296, 49
23, 485, 296, 81
23, 342, 296, 85
23, 216, 296, 24
23, 56, 296, 2
23, 415, 296, 24
23, 477, 297, 57
23, 33, 297, 82
23, 421, 297, 70
23, 199, 297, 6
23, 39, 297, 87
23, 201, 297, 57
23, 330, 297, 24
23, 203, 297, 17
23, 239, 297, 37
23, 400, 297, 19
23, 592, 297, 61
23, 437, 297, 32
23, 341, 297, 24
23, 568, 297, 60
23, 56, 297, 2
23, 509, 297, 85
23, 286, 297, 51
23, 11, 298, 40
23, 149, 298, 65
23, 408, 298, 63
23, 287, 298, 71
23, 291, 298, 96
23, 294, 298, 8
23, 552, 298, 6
23, 53, 298, 58
23, 578, 298, 17
23, 579, 298, 84
23, 326, 298, 40
23, 72, 298, 47
23, 74, 298, 35
23, 331, 298, 14
23, 204, 298, 49
23, 78, 298, 14
23, 485, 298, 81
23, 236, 298, 28
23, 503, 298, 71
23, 254, 298, 76
23, 4, 299, 54
23, 395, 299, 3
23, 40, 299, 40
23, 171, 299, 56
23, 43, 299, 1
23, 306, 299, 27
23, 51, 299, 13
23, 183, 299, 25
23, 188, 299, 74
23, 445, 299, 50
23, 322, 299, 99
23, 197, 299, 50
23, 582, 299, 57
23, 200, 299, 91
23, 461, 299, 38
23, 79, 299, 67
23, 212, 299, 60
23, 216, 299, 24
23, 476, 299, 82
23, 100, 299, 48
23, 102, 299, 65
23, 239, 299, 37
23, 381, 299, 1
