300, 600, 30
42, 128, 0, 61
42, 391, 0, 100
42, 522, 0, 22
42, 270, 0, 66
42, 274, 0, 78
42, 543, 0, 73
42, 289, 0, 43
42, 163, 0, 32
42, 419, 0, 41
42, 49, 0, 97
42, 180, 0, 42
42, 440, 0, 64
42, 587, 0, 34
42, 461, 0, 79
42, 590, 0, 30
42, 84, 0, 2
42, 476, 0, 14
42, 349, 0, 50
42, 223, 0, 5
42, 236, 0, 62
42, 505, 0, 12
42, 110, 0, 77
42, 239, 0, 79
42, 495, 0, 51
42, 377, 0, 61
42, 168, 1, 41
42, 44, 1, 31
42, 238, 1, 80
42, 304, 1, 41
42, 16, 1, 96
42, 568, 1, 79
42, 281, 1, 84
42, 514, 2, 8
42, 135, 2, 41
42, 7, 2, 30
42, 521, 2, 57
42, 392, 2, 13
42, 9, 2, 20
42, 405, 2, 71
42, 537, 2, 80
42, 410, 2, 21
42, 287, 2, 66
42, 177, 2, 95
42, 574, 2, 8
42, 580, 2, 62
42, 457, 2, 79
42, 591, 2, 94
42, 596, 2, 31
42, 85, 2, 85
42, 90, 2, 45
42, 248, 2, 64
42, 505, 2, 12
42, 123, 2, 14
42, 417, 3, 93
42, 488, 3, 87
42, 460, 3, 72
42, 431, 3, 66
42, 439, 3, 53
42, 122, 3, 34
42, 482, 4, 55
42, 3, 4, 93
42, 196, 4, 99
42, 581, 4, 23
42, 163, 4, 32
42, 551, 4, 83
42, 9, 4, 20
42, 106, 4, 65
42, 394, 4, 66
42, 428, 4, 52
42, 111, 4, 19
42, 497, 4, 71
42, 499, 4, 30
42, 567, 4, 74
42, 383, 4, 36
42, 96, 5, 26
42, 386, 5, 88
42, 582, 5, 34
42, 587, 5, 34
42, 14, 5, 37
42, 528, 5, 23
42, 17, 5, 73
42, 147, 5, 97
42, 148, 5, 5
42, 407, 5, 44
42, 252, 5, 33
42, 222, 5, 71
42, 385, 6, 91
42, 259, 6, 10
42, 511, 6, 97
42, 141, 6, 55
42, 398, 6, 89
42, 144, 6, 68
42, 432, 6, 95
42, 304, 6, 41
42, 50, 6, 23
42, 51, 6, 61
42, 61, 6, 67
42, 578, 6, 60
42, 451, 6, 9
42, 197, 6, 40
42, 75, 6, 34
42, 587, 6, 34
42, 213, 6, 56
42, 89, 6, 9
42, 221, 6, 90
42, 354, 6, 34
42, 491, 6, 96
42, 370, 6, 75
42, 504, 6, 32
42, 255, 6, 6
42, 130, 7, 24
42, 387, 7, 35
42, 258, 7, 80
42, 413, 7, 15
42, 32, 7, 28
42, 291, 7, 99
42, 292, 7, 14
42, 294, 7, 13
42, 42, 7, 44
42, 187, 7, 4
42, 61, 7, 67
42, 68, 7, 95
42, 197, 7, 40
42, 455, 7, 99
42, 585, 7, 58
42, 592, 7, 99
42, 214, 7, 45
42, 219, 7, 7
42, 349, 7, 50
42, 352, 7, 68
42, 238, 7, 80
42, 240, 7, 55
42, 116, 7, 61
42, 126, 7, 80
42, 588, 8, 2
42, 469, 8, 60
42, 55, 8, 44
42, 536, 8, 6
42, 475, 8, 2
42, 157, 8, 34
42, 259, 9, 10
42, 516, 9, 26
42, 387, 9, 35
42, 260, 9, 64
42, 266, 9, 34
42, 23, 9, 85
42, 282, 9, 24
42, 411, 9, 71
42, 37, 9, 6
42, 556, 9, 75
42, 431, 9, 66
42, 190, 9, 80
42, 213, 9, 56
42, 347, 9, 86
42, 223, 9, 5
42, 100, 9, 5
42, 240, 9, 55
42, 371, 9, 94
42, 375, 9, 54
42, 508, 9, 23
42, 64, 10, 9
42, 128, 10, 61
42, 225, 10, 83
42, 548, 10, 70
42, 261, 10, 21
42, 7, 10, 30
42, 392, 10, 13
42, 329, 10, 66
42, 235, 10, 57
42, 429, 10, 12
42, 112, 10, 30
42, 20, 10, 51
42, 565, 10, 92
42, 310, 10, 72
42, 183, 10, 94
42, 312, 10, 83
42, 474, 10, 81
42, 319, 10, 58
42, 385, 11, 91
42, 514, 11, 8
42, 258, 11, 80
42, 141, 11, 55
42, 15, 11, 67
42, 535, 11, 39
42, 25, 11, 87
42, 155, 11, 38
42, 32, 11, 28
42, 557, 11, 96
42, 434, 11, 39
42, 58, 11, 63
42, 581, 11, 23
42, 70, 11, 52
42, 336, 11, 34
42, 100, 11, 5
42, 230, 11, 94
42, 360, 11, 5
42, 490, 11, 40
42, 373, 11, 79
42, 448, 12, 48
42, 67, 12, 24
42, 518, 12, 66
42, 263, 12, 71
42, 200, 12, 77
42, 136, 12, 58
42, 298, 12, 17
42, 113, 12, 8
42, 17, 12, 73
42, 276, 12, 13
42, 53, 12, 64
42, 85, 12, 85
42, 408, 12, 61
42, 345, 12, 11
42, 26, 12, 41
42, 284, 12, 31
42, 61, 12, 67
42, 225, 13, 83
42, 107, 13, 74
42, 364, 13, 25
42, 206, 13, 41
42, 432, 13, 95
42, 530, 13, 89
42, 19, 13, 32
42, 244, 13, 48
42, 468, 13, 33
42, 84, 13, 2
42, 307, 13, 20
42, 248, 13, 64
42, 223, 13, 5
42, 152, 14, 66
42, 290, 14, 69
42, 292, 14, 14
42, 37, 14, 6
42, 553, 14, 2
42, 299, 14, 71
42, 49, 14, 97
42, 562, 14, 99
42, 437, 14, 49
42, 571, 14, 73
42, 318, 14, 96
42, 62, 14, 30
42, 451, 14, 9
42, 580, 14, 62
42, 328, 14, 70
42, 462, 14, 1
42, 463, 14, 45
42, 211, 14, 95
42, 90, 14, 45
42, 358, 14, 92
42, 233, 14, 26
42, 107, 14, 74
42, 494, 14, 2
42, 495, 14, 51
42, 368, 14, 54
42, 5, 15, 31
42, 269, 15, 97
42, 17, 15, 73
42, 150, 15, 78
42, 536, 15, 6
42, 422, 15, 85
42, 295, 15, 80
42, 168, 15, 41
42, 443, 15, 77
42, 447, 15, 66
42, 68, 15, 95
42, 200, 15, 77
42, 74, 15, 80
42, 458, 15, 50
42, 75, 15, 34
42, 77, 15, 30
42, 591, 15, 94
42, 335, 15, 8
42, 595, 15, 91
42, 214, 15, 45
42, 222, 15, 71
42, 230, 15, 94
42, 502, 15, 11
42, 249, 15, 92
42, 254, 15, 59
42, 448, 16, 48
42, 353, 16, 35
42, 386, 16, 88
42, 198, 16, 89
42, 423, 16, 87
42, 13, 16, 3
42, 141, 16, 55
42, 496, 16, 61
42, 530, 16, 89
42, 120, 16, 80
42, 62, 16, 30
42, 145, 17, 88
42, 147, 17, 97
42, 531, 17, 97
42, 280, 17, 95
42, 409, 17, 62
42, 158, 17, 55
42, 35, 17, 79
42, 426, 17, 86
42, 298, 17, 17
42, 49, 17, 97
42, 196, 17, 99
42, 203, 17, 54
42, 592, 17, 99
42, 338, 17, 51
42, 340, 17, 90
42, 88, 17, 5
42, 361, 17, 59
42, 106, 17, 65
42, 105, 17, 69
42, 367, 17, 89
42, 239, 17, 79
42, 242, 17, 35
42, 246, 17, 51
42, 377, 17, 61
42, 510, 17, 90
42, 579, 18, 52
42, 260, 18, 64
42, 328, 18, 70
42, 457, 18, 79
42, 523, 18, 2
42, 271, 18, 95
42, 50, 18, 23
42, 53, 18, 64
42, 533, 18, 68
42, 437, 18, 49
42, 476, 18, 14
42, 477, 18, 45
42, 414, 18, 12
42, 128, 19, 61
42, 288, 19, 71
42, 484, 19, 50
42, 74, 19, 80
42, 11, 19, 44
42, 12, 19, 98
42, 557, 19, 96
42, 592, 19, 99
42, 347, 19, 86
42, 570, 19, 50
42, 117, 19, 78
42, 316, 19, 9
42, 378, 19, 67
42, 379, 19, 90
42, 444, 19, 99
42, 545, 20, 33
42, 131, 20, 52
42, 518, 20, 66
42, 392, 20, 13
42, 137, 20, 53
42, 459, 20, 54
42, 28, 20, 66
42, 14, 20, 37
42, 244, 20, 48
42, 407, 20, 44
42, 473, 20, 92
42, 188, 20, 36
42, 384, 21, 50
42, 263, 21, 71
42, 392, 21, 13
42, 404, 21, 60
42, 407, 21, 44
42, 33, 21, 65
42, 170, 21, 98
42, 430, 21, 2
42, 563, 21, 37
42, 186, 21, 66
42, 570, 21, 50
42, 317, 21, 54
42, 62, 21, 30
42, 320, 21, 85
42, 327, 21, 32
42, 597, 21, 54
42, 479, 21, 27
42, 229, 21, 2
42, 110, 21, 77
42, 111, 21, 19
42, 366, 21, 3
42, 245, 21, 46
42, 380, 21, 68
42, 252, 21, 33
42, 509, 21, 74
42, 261, 22, 21
42, 146, 22, 63
42, 537, 22, 80
42, 542, 22, 50
42, 162, 22, 37
42, 556, 22, 75
42, 564, 22, 76
42, 315, 22, 49
42, 571, 22, 73
42, 198, 22, 89
42, 589, 22, 87
42, 335, 22, 8
42, 82, 22, 78
42, 224, 22, 80
42, 103, 22, 43
42, 488, 22, 87
42, 232, 22, 66
42, 508, 22, 23
42, 381, 22, 24
42, 196, 23, 99
42, 325, 23, 60
42, 202, 23, 36
42, 303, 23, 86
42, 146, 23, 63
42, 405, 23, 71
42, 541, 23, 84
42, 35, 24, 79
42, 3, 24, 93
42, 126, 24, 80
42, 38, 24, 5
42, 487, 24, 56
42, 392, 24, 13
42, 484, 24, 50
42, 330, 24, 82
42, 464, 24, 87
42, 49, 24, 97
42, 498, 24, 99
42, 115, 24, 31
42, 254, 24, 59
42, 568, 24, 79
42, 90, 24, 45
42, 443, 24, 77
42, 413, 24, 15
42, 94, 24, 56
42, 160, 25, 90
42, 352, 25, 68
42, 3, 25, 93
42, 200, 25, 77
42, 40, 25, 3
42, 141, 25, 55
42, 142, 25, 17
42, 145, 25, 88
42, 499, 25, 30
42, 372, 25, 74
42, 341, 25, 4
42, 53, 25, 64
42, 121, 25, 17
42, 93, 25, 59
42, 414, 25, 12
42, 288, 26, 71
42, 225, 26, 83
42, 34, 26, 88
42, 355, 26, 20
42, 352, 26, 68
42, 229, 26, 2
42, 103, 26, 43
42, 554, 26, 16
42, 237, 26, 95
42, 269, 26, 97
42, 206, 26, 41
42, 405, 26, 71
42, 151, 26, 3
42, 568, 26, 79
42, 249, 26, 92
42, 412, 26, 68
42, 222, 26, 71
42, 512, 27, 99
42, 3, 27, 93
42, 12, 27, 98
42, 404, 27, 60
42, 23, 27, 85
42, 288, 27, 71
42, 556, 27, 75
42, 431, 27, 66
42, 56, 27, 48
42, 441, 27, 47
42, 190, 27, 80
42, 66, 27, 61
42, 198, 27, 89
42, 459, 27, 54
42, 209, 27, 56
42, 596, 27, 31
42, 344, 27, 13
42, 226, 27, 94
42, 358, 27, 92
42, 232, 27, 66
42, 235, 27, 57
42, 379, 27, 90
42, 255, 27, 6
42, 135, 28, 41
42, 264, 28, 20
42, 28, 28, 66
42, 286, 28, 30
42, 299, 28, 71
42, 433, 28, 80
42, 572, 28, 4
42, 191, 28, 42
42, 65, 28, 10
42, 328, 28, 70
42, 203, 28, 54
42, 81, 28, 57
42, 466, 28, 7
42, 470, 28, 83
42, 476, 28, 14
42, 223, 28, 5
42, 493, 28, 22
42, 240, 28, 55
42, 379, 28, 90
42, 10, 29, 21
42, 15, 29, 67
42, 144, 29, 68
42, 147, 29, 97
42, 25, 29, 87
42, 282, 29, 24
42, 290, 29, 69
42, 437, 29, 49
42, 571, 29, 73
42, 60, 29, 52
42, 196, 29, 99
42, 329, 29, 66
42, 460, 29, 72
42, 80, 29, 26
42, 342, 29, 66
42, 346, 29, 46
42, 355, 29, 20
42, 241, 29, 62
42, 506, 29, 92
42, 288, 30, 71
42, 164, 30, 32
42, 551, 30, 83
42, 136, 30, 58
42, 521, 30, 57
42, 12, 30, 98
42, 336, 30, 34
42, 273, 30, 92
42, 306, 30, 52
42, 61, 30, 67
42, 373, 30, 79
42, 501, 30, 31
42, 278, 30, 93
42, 184, 30, 36
42, 509, 30, 74
42, 413, 30, 15
42, 512, 31, 99
42, 257, 31, 20
42, 128, 31, 61
42, 529, 31, 44
42, 407, 31, 44
42, 293, 31, 72
42, 177, 31, 95
42, 186, 31, 66
42, 449, 31, 42
42, 66, 31, 61
42, 579, 31, 52
42, 69, 31, 26
42, 328, 31, 70
42, 586, 31, 40
42, 343, 31, 66
42, 484, 31, 50
42, 104, 31, 95
42, 498, 31, 99
42, 115, 31, 31
42, 125, 31, 22
42, 288, 32, 71
42, 159, 32, 11
42, 352, 32, 68
42, 579, 32, 52
42, 195, 32, 60
42, 581, 32, 23
42, 36, 32, 27
42, 263, 32, 71
42, 232, 32, 66
42, 265, 32, 4
42, 522, 32, 22
42, 139, 32, 60
42, 492, 32, 17
42, 537, 32, 80
42, 286, 32, 30
42, 510, 32, 90
42, 95, 32, 17
42, 200, 33, 77
42, 42, 33, 44
42, 45, 33, 99
42, 336, 33, 34
42, 51, 33, 61
42, 381, 33, 24
42, 312, 34, 83
42, 200, 34, 77
42, 140, 34, 87
42, 341, 34, 4
42, 23, 34, 85
42, 184, 34, 36
42, 446, 34, 8
42, 387, 35, 35
42, 366, 35, 3
42, 238, 35, 80
42, 146, 35, 63
42, 243, 35, 15
42, 315, 35, 49
42, 386, 36, 88
42, 261, 36, 21
42, 198, 36, 89
42, 552, 36, 31
42, 41, 36, 41
42, 333, 36, 7
42, 208, 36, 28
42, 20, 36, 51
42, 566, 36, 32
42, 89, 36, 9
42, 442, 36, 50
42, 349, 36, 50
42, 575, 36, 28
42, 526, 37, 83
42, 474, 37, 81
42, 564, 37, 76
42, 186, 37, 66
42, 30, 37, 53
42, 159, 37, 11
42, 448, 38, 48
42, 324, 38, 98
42, 229, 38, 2
42, 421, 38, 84
42, 133, 38, 67
42, 429, 38, 12
42, 60, 38, 52
42, 527, 38, 77
42, 592, 38, 99
42, 146, 38, 63
42, 284, 38, 31
42, 341, 38, 4
42, 54, 38, 8
42, 568, 38, 79
42, 217, 38, 76
42, 412, 38, 68
42, 478, 38, 12
42, 479, 38, 27
42, 352, 39, 68
42, 451, 39, 9
42, 326, 39, 91
42, 10, 39, 21
42, 364, 39, 25
42, 398, 39, 89
42, 208, 39, 28
42, 531, 39, 97
42, 244, 39, 48
42, 21, 39, 49
42, 183, 39, 94
42, 156, 39, 66
42, 285, 39, 89
42, 383, 39, 36
42, 390, 40, 3
42, 440, 40, 64
42, 168, 40, 41
42, 330, 40, 82
42, 43, 40, 76
42, 522, 40, 22
42, 16, 40, 96
42, 208, 40, 28
42, 82, 40, 78
42, 48, 40, 77
42, 144, 40, 68
42, 469, 40, 60
42, 22, 40, 46
42, 406, 40, 98
42, 184, 40, 36
42, 570, 40, 50
42, 88, 40, 5
42, 1, 41, 94
42, 356, 41, 13
42, 196, 41, 99
42, 454, 41, 30
42, 172, 41, 28
42, 527, 41, 77
42, 272, 41, 46
42, 48, 41, 77
42, 402, 41, 31
42, 467, 41, 29
42, 308, 41, 71
42, 117, 41, 78
42, 311, 41, 12
42, 376, 41, 82
42, 121, 41, 17
42, 443, 41, 77
42, 92, 41, 98
42, 33, 42, 65
42, 35, 42, 79
42, 452, 42, 45
42, 489, 42, 46
42, 10, 42, 21
42, 110, 42, 77
42, 334, 42, 72
42, 592, 42, 99
42, 593, 42, 96
42, 238, 42, 80
42, 20, 42, 51
42, 245, 42, 46
42, 436, 42, 70
42, 596, 42, 31
42, 24, 42, 95
42, 21, 42, 49
42, 318, 42, 96
42, 260, 43, 64
42, 273, 43, 92
42, 149, 43, 84
42, 22, 43, 46
42, 24, 43, 95
42, 543, 43, 73
42, 40, 43, 3
42, 557, 43, 96
42, 564, 43, 76
42, 309, 43, 13
42, 566, 43, 32
42, 441, 43, 47
42, 187, 43, 4
42, 63, 43, 48
42, 321, 43, 41
42, 323, 43, 25
42, 74, 43, 80
42, 330, 43, 82
42, 210, 43, 4
42, 346, 43, 46
42, 487, 43, 56
42, 107, 43, 74
42, 112, 43, 30
42, 116, 43, 61
42, 128, 44, 61
42, 421, 44, 84
42, 72, 44, 89
42, 105, 44, 69
42, 465, 44, 62
42, 436, 44, 70
42, 486, 45, 71
42, 586, 45, 40
42, 11, 45, 44
42, 15, 45, 67
42, 47, 45, 17
42, 369, 45, 80
42, 498, 45, 99
42, 405, 45, 71
42, 313, 45, 67
42, 159, 45, 11
42, 547, 46, 84
42, 6, 46, 6
42, 199, 46, 81
42, 46, 46, 13
42, 469, 46, 60
42, 341, 46, 4
42, 568, 46, 79
42, 187, 46, 4
42, 28, 46, 66
42, 100, 47, 5
42, 324, 47, 98
42, 7, 47, 30
42, 201, 47, 27
42, 297, 47, 97
42, 395, 47, 83
42, 525, 47, 80
42, 238, 47, 80
42, 271, 47, 95
42, 80, 47, 26
42, 436, 47, 70
42, 533, 47, 68
42, 54, 47, 8
42, 152, 47, 66
42, 218, 47, 97
42, 572, 47, 4
42, 513, 48, 77
42, 234, 48, 27
42, 267, 48, 92
42, 107, 48, 74
42, 76, 48, 57
42, 270, 48, 66
42, 300, 48, 76
42, 461, 48, 79
42, 315, 48, 49
42, 301, 48, 32
42, 440, 48, 64
42, 185, 48, 15
42, 219, 48, 7
42, 316, 48, 9
42, 2, 49, 89
42, 260, 49, 64
42, 517, 49, 95
42, 6, 49, 6
42, 281, 49, 84
42, 156, 49, 66
42, 285, 49, 89
42, 296, 49, 79
42, 308, 49, 71
42, 565, 49, 92
42, 439, 49, 53
42, 573, 49, 44
42, 203, 49, 54
42, 207, 49, 91
42, 89, 49, 9
42, 94, 49, 56
42, 227, 49, 83
42, 233, 49, 26
42, 234, 49, 27
42, 241, 49, 62
42, 273, 50, 92
42, 534, 50, 23
42, 23, 50, 85
42, 409, 50, 62
42, 28, 50, 66
42, 32, 50, 28
42, 292, 50, 14
42, 301, 50, 32
42, 561, 50, 32
42, 55, 50, 44
42, 446, 50, 8
42, 90, 50, 45
42, 355, 50, 20
42, 232, 50, 66
42, 361, 50, 59
42, 106, 50, 65
42, 236, 50, 62
42, 367, 50, 89
42, 497, 50, 71
42, 243, 50, 15
42, 499, 50, 30
42, 508, 50, 23
42, 254, 50, 59
42, 263, 51, 71
42, 12, 51, 98
42, 530, 51, 89
42, 534, 51, 23
42, 291, 51, 99
42, 554, 51, 16
42, 555, 51, 89
42, 174, 51, 9
42, 53, 51, 64
42, 316, 51, 9
42, 196, 51, 99
42, 200, 51, 77
42, 331, 51, 28
42, 463, 51, 45
42, 81, 51, 57
42, 348, 51, 25
42, 95, 51, 17
42, 480, 51, 8
42, 354, 51, 34
42, 233, 51, 26
42, 246, 51, 51
42, 380, 51, 68
42, 129, 52, 86
42, 509, 52, 74
42, 259, 52, 10
42, 68, 52, 95
42, 37, 52, 6
42, 280, 52, 95
42, 109, 52, 94
42, 399, 52, 73
42, 529, 52, 44
42, 305, 52, 43
42, 81, 52, 57
42, 572, 52, 4
42, 568, 52, 79
42, 507, 52, 9
42, 508, 52, 23
42, 29, 52, 42
42, 94, 52, 56
42, 7, 53, 30
42, 40, 53, 3
42, 247, 53, 22
42, 536, 53, 6
42, 377, 53, 61
42, 136, 54, 58
42, 395, 54, 83
42, 150, 54, 78
42, 283, 54, 98
42, 284, 54, 31
42, 545, 54, 33
42, 61, 54, 67
42, 327, 54, 32
42, 333, 54, 7
42, 591, 54, 94
42, 92, 54, 98
42, 221, 54, 90
42, 488, 54, 87
42, 491, 54, 96
42, 238, 54, 80
42, 242, 54, 35
42, 116, 54, 61
42, 245, 54, 46
42, 500, 54, 66
42, 504, 54, 32
42, 250, 54, 68
42, 124, 54, 18
42, 192, 55, 25
42, 98, 55, 23
42, 550, 55, 18
42, 105, 55, 69
42, 60, 55, 52
42, 177, 55, 95
42, 51, 55, 61
42, 52, 55, 14
42, 506, 55, 92
42, 156, 55, 66
42, 317, 55, 54
42, 95, 55, 17
42, 416, 56, 60
42, 451, 56, 9
42, 393, 56, 76
42, 587, 56, 34
42, 13, 56, 3
42, 561, 56, 32
42, 216, 56, 29
42, 443, 56, 77
42, 344, 57, 13
42, 236, 57, 62
42, 184, 57, 36
42, 443, 57, 77
42, 575, 57, 28
42, 325, 58, 60
42, 584, 58, 6
42, 330, 58, 82
42, 588, 58, 2
42, 240, 58, 55
42, 218, 58, 97
42, 60, 58, 52
42, 351, 58, 34
42, 289, 59, 43
42, 130, 59, 24
42, 418, 59, 98
42, 257, 59, 20
42, 5, 59, 31
42, 202, 59, 36
42, 554, 59, 16
42, 460, 59, 72
42, 525, 59, 80
42, 45, 59, 99
42, 207, 59, 91
42, 283, 59, 98
42, 267, 59, 92
42, 145, 59, 88
42, 434, 59, 39
42, 180, 59, 42
42, 539, 59, 73
42, 63, 59, 48
42, 96, 60, 26
42, 513, 60, 77
42, 353, 60, 35
42, 322, 60, 1
42, 421, 60, 84
42, 390, 60, 3
42, 166, 60, 20
42, 105, 60, 69
42, 46, 60, 13
42, 209, 60, 56
42, 598, 60, 21
42, 118, 60, 17
42, 345, 60, 11
42, 442, 60, 50
42, 157, 60, 34
42, 449, 61, 42
42, 225, 61, 83
42, 326, 61, 91
42, 460, 61, 72
42, 441, 61, 47
42, 347, 61, 86
42, 193, 62, 89
42, 129, 62, 86
42, 225, 62, 83
42, 8, 62, 29
42, 299, 62, 71
42, 269, 62, 97
42, 240, 62, 55
42, 337, 62, 45
42, 247, 62, 22
42, 221, 62, 90
42, 547, 63, 84
42, 484, 63, 50
42, 395, 63, 83
42, 503, 63, 38
42, 478, 63, 12
42, 129, 64, 86
42, 266, 64, 34
42, 141, 64, 55
42, 14, 64, 37
42, 144, 64, 68
42, 17, 64, 73
42, 274, 64, 78
42, 22, 64, 46
42, 535, 64, 39
42, 156, 64, 66
42, 292, 64, 14
42, 549, 64, 10
42, 197, 64, 40
42, 327, 64, 32
42, 206, 64, 41
42, 591, 64, 94
42, 596, 64, 31
42, 119, 64, 10
42, 355, 64, 20
42, 237, 64, 95
42, 498, 64, 99
42, 115, 64, 31
42, 503, 64, 38
42, 382, 64, 7
42, 165, 65, 12
42, 18, 65, 98
42, 371, 65, 94
42, 146, 65, 63
42, 22, 65, 46
42, 470, 65, 83
42, 256, 66, 53
42, 258, 66, 80
42, 517, 66, 95
42, 266, 66, 34
42, 274, 66, 78
42, 406, 66, 98
42, 534, 66, 23
42, 412, 66, 68
42, 286, 66, 30
42, 33, 66, 65
42, 163, 66, 32
42, 558, 66, 44
42, 307, 66, 20
42, 55, 66, 44
42, 447, 66, 66
42, 576, 66, 18
42, 321, 66, 41
42, 328, 66, 70
42, 337, 66, 45
42, 467, 66, 29
42, 215, 66, 69
42, 350, 66, 99
42, 225, 66, 83
42, 492, 66, 17
42, 100, 67, 5
42, 422, 67, 85
42, 136, 67, 58
42, 201, 67, 27
42, 584, 67, 6
42, 303, 67, 86
42, 273, 67, 92
42, 532, 67, 8
42, 408, 67, 61
42, 154, 67, 15
42, 254, 67, 59
42, 127, 67, 12
42, 161, 68, 83
42, 356, 68, 13
42, 265, 68, 4
42, 137, 68, 53
42, 429, 68, 12
42, 433, 68, 80
42, 529, 68, 44
42, 242, 68, 35
42, 437, 68, 49
42, 310, 68, 72
42, 311, 68, 12
42, 280, 68, 95
42, 570, 68, 50
42, 315, 68, 49
42, 447, 68, 66
42, 510, 69, 90
42, 399, 69, 73
42, 148, 69, 5
42, 279, 69, 20
42, 158, 69, 55
42, 37, 69, 6
42, 425, 69, 41
42, 44, 69, 31
42, 303, 69, 86
42, 432, 69, 95
42, 312, 69, 83
42, 455, 69, 99
42, 584, 69, 6
42, 463, 69, 45
42, 212, 69, 5
42, 85, 69, 85
42, 102, 69, 5
42, 487, 69, 56
42, 246, 69, 51
42, 382, 69, 7
42, 485, 70, 85
42, 358, 70, 92
42, 263, 70, 71
42, 519, 70, 25
42, 524, 70, 35
42, 206, 70, 41
42, 592, 70, 99
42, 403, 70, 48
42, 26, 70, 41
42, 31, 70, 83
42, 160, 71, 90
42, 289, 71, 43
42, 446, 71, 8
42, 549, 71, 10
42, 231, 71, 55
42, 585, 71, 58
42, 427, 71, 20
42, 139, 71, 60
42, 529, 71, 44
42, 497, 71, 71
42, 305, 71, 43
42, 597, 71, 54
42, 341, 71, 4
42, 345, 71, 11
42, 478, 71, 12
42, 415, 71, 72
42, 480, 72, 8
42, 32, 72, 28
42, 509, 72, 74
42, 256, 72, 53
42, 134, 72, 97
42, 6, 72, 6
42, 135, 72, 41
42, 553, 72, 2
42, 73, 72, 63
42, 172, 72, 28
42, 175, 72, 97
42, 112, 72, 30
42, 529, 72, 44
42, 29, 72, 42
42, 189, 72, 3
42, 24, 72, 95
42, 59, 72, 31
42, 445, 72, 86
42, 290, 73, 69
42, 3, 73, 93
42, 452, 73, 45
42, 390, 73, 3
42, 39, 73, 94
42, 557, 73, 96
42, 366, 73, 3
42, 494, 73, 2
42, 243, 73, 15
42, 179, 73, 95
42, 87, 73, 63
42, 506, 73, 92
42, 279, 73, 20
42, 542, 73, 50
42, 192, 74, 25
42, 1, 74, 94
42, 322, 74, 1
42, 358, 74, 92
42, 422, 74, 85
42, 73, 74, 63
42, 146, 74, 63
42, 114, 74, 92
42, 22, 74, 46
42, 120, 74, 80
42, 571, 74, 73
42, 509, 74, 74
42, 195, 75, 60
42, 517, 75, 95
42, 39, 75, 94
42, 328, 75, 70
42, 111, 75, 19
42, 119, 75, 10
42, 502, 75, 11
42, 183, 75, 94
42, 151, 75, 3
42, 124, 75, 18
42, 65, 76, 10
42, 226, 76, 94
42, 163, 76, 32
42, 100, 76, 5
42, 73, 76, 63
42, 13, 76, 3
42, 575, 76, 28
42, 437, 76, 49
42, 23, 76, 85
42, 440, 76, 64
42, 154, 76, 15
42, 415, 76, 72
42, 96, 77, 26
42, 65, 77, 10
42, 131, 77, 52
42, 109, 77, 94
42, 145, 77, 88
42, 507, 77, 9
42, 151, 77, 3
42, 91, 77, 20
42, 509, 77, 74
42, 63, 77, 48
42, 390, 78, 3
42, 392, 78, 13
42, 523, 78, 2
42, 396, 78, 58
42, 530, 78, 89
42, 279, 78, 20
42, 549, 78, 10
42, 39, 78, 94
42, 424, 78, 44
42, 41, 78, 41
42, 167, 78, 44
42, 48, 78, 77
42, 444, 78, 99
42, 316, 78, 9
42, 446, 78, 8
42, 578, 78, 60
42, 67, 78, 24
42, 596, 78, 31
42, 472, 78, 99
42, 90, 78, 45
42, 225, 78, 83
42, 486, 78, 71
42, 104, 78, 95
42, 243, 78, 15
42, 502, 78, 11
42, 416, 79, 60
42, 385, 79, 91
42, 354, 79, 34
42, 161, 79, 83
42, 451, 79, 9
42, 232, 79, 66
42, 554, 79, 16
42, 439, 79, 53
42, 444, 79, 99
42, 255, 79, 6
42, 257, 80, 20
42, 194, 80, 99
42, 386, 80, 88
42, 355, 80, 20
42, 424, 80, 44
42, 104, 80, 95
42, 586, 80, 40
42, 46, 80, 13
42, 113, 80, 8
42, 529, 80, 44
42, 467, 80, 29
42, 401, 80, 70
42, 182, 80, 95
42, 157, 80, 34
42, 222, 80, 71
42, 287, 80, 66
42, 4, 81, 8
42, 274, 81, 78
42, 531, 81, 97
42, 275, 81, 46
42, 279, 81, 20
42, 288, 81, 71
42, 553, 81, 2
42, 170, 81, 98
42, 306, 81, 52
42, 55, 81, 44
42, 186, 81, 66
42, 571, 81, 73
42, 61, 81, 67
42, 449, 81, 42
42, 455, 81, 99
42, 338, 81, 51
42, 88, 81, 5
42, 89, 81, 9
42, 220, 81, 30
42, 484, 81, 50
42, 231, 81, 55
42, 112, 81, 30
42, 250, 81, 68
42, 508, 81, 23
42, 2, 82, 89
42, 387, 82, 35
42, 37, 82, 6
42, 299, 82, 71
42, 460, 82, 72
42, 397, 82, 15
42, 237, 82, 95
42, 176, 82, 39
42, 498, 82, 99
42, 402, 82, 31
42, 438, 82, 38
42, 121, 82, 17
42, 26, 82, 41
42, 190, 82, 80
42, 254, 82, 59
42, 57, 82, 6
42, 96, 83, 26
42, 546, 83, 11
42, 227, 83, 83
42, 483, 83, 79
42, 40, 83, 3
42, 521, 83, 57
42, 425, 83, 41
42, 182, 83, 95
42, 250, 83, 68
42, 288, 84, 71
42, 98, 84, 23
42, 69, 84, 26
42, 44, 84, 31
42, 215, 84, 69
42, 577, 85, 99
42, 26, 85, 41
42, 196, 85, 99
42, 133, 85, 67
42, 71, 85, 40
42, 553, 85, 2
42, 555, 85, 89
42, 236, 85, 62
42, 493, 85, 22
42, 238, 85, 80
42, 272, 85, 46
42, 400, 85, 29
42, 563, 85, 37
42, 404, 85, 60
42, 313, 85, 67
42, 474, 85, 81
42, 379, 85, 90
42, 326, 86, 91
42, 78, 86, 49
42, 559, 86, 76
42, 337, 86, 45
42, 155, 86, 38
42, 380, 86, 68
42, 355, 87, 20
42, 328, 87, 70
42, 393, 87, 76
42, 271, 87, 95
42, 530, 87, 89
42, 85, 87, 85
42, 261, 88, 21
42, 137, 88, 53
42, 524, 88, 35
42, 143, 88, 76
42, 162, 88, 37
42, 292, 88, 14
42, 422, 88, 85
42, 551, 88, 83
42, 429, 88, 12
42, 560, 88, 32
42, 307, 88, 20
42, 310, 88, 72
42, 57, 88, 6
42, 319, 88, 58
42, 322, 88, 1
42, 336, 88, 34
42, 468, 88, 33
42, 227, 88, 83
42, 235, 88, 57
42, 110, 88, 77
42, 495, 88, 51
42, 256, 89, 53
42, 385, 89, 91
42, 258, 89, 80
42, 5, 89, 31
42, 390, 89, 3
42, 394, 89, 66
42, 149, 89, 84
42, 24, 89, 95
42, 31, 89, 83
42, 292, 89, 14
42, 173, 89, 45
42, 174, 89, 9
42, 175, 89, 97
42, 59, 89, 31
42, 61, 89, 67
42, 448, 89, 48
42, 322, 89, 1
42, 82, 89, 78
42, 484, 89, 50
42, 101, 89, 30
42, 358, 89, 92
42, 361, 89, 59
42, 239, 89, 79
42, 496, 89, 61
42, 253, 89, 52
42, 225, 90, 83
42, 387, 90, 35
42, 163, 90, 32
42, 581, 90, 23
42, 582, 90, 34
42, 516, 90, 26
42, 455, 90, 99
42, 332, 90, 1
42, 398, 90, 89
42, 497, 90, 71
42, 507, 90, 9
42, 246, 90, 51
42, 214, 90, 45
42, 346, 90, 46
42, 443, 90, 77
42, 285, 90, 89
42, 542, 90, 50
42, 286, 90, 30
42, 273, 91, 92
42, 274, 91, 78
42, 147, 91, 97
42, 544, 91, 15
42, 289, 91, 43
42, 421, 91, 84
42, 553, 91, 2
42, 42, 91, 44
42, 431, 91, 66
42, 176, 91, 39
42, 178, 91, 80
42, 438, 91, 38
42, 566, 91, 32
42, 64, 91, 9
42, 70, 91, 52
42, 330, 91, 82
42, 79, 91, 69
42, 342, 91, 66
42, 471, 91, 97
42, 346, 91, 46
42, 222, 91, 71
42, 371, 91, 94
42, 134, 92, 97
42, 265, 92, 4
42, 269, 92, 97
42, 398, 92, 89
42, 148, 92, 5
42, 278, 92, 93
42, 410, 92, 21
42, 286, 92, 30
42, 290, 92, 69
42, 295, 92, 80
42, 307, 92, 20
42, 55, 92, 44
42, 314, 92, 70
42, 443, 92, 77
42, 571, 92, 73
42, 328, 92, 70
42, 81, 92, 57
42, 211, 92, 95
42, 222, 92, 71
42, 226, 92, 94
42, 242, 92, 35
42, 371, 92, 94
42, 500, 92, 66
42, 370, 92, 75
42, 118, 92, 17
42, 453, 93, 60
42, 231, 93, 55
42, 459, 93, 54
42, 203, 93, 54
42, 205, 93, 81
42, 398, 93, 89
42, 109, 93, 94
42, 240, 93, 55
42, 497, 93, 71
42, 271, 93, 95
42, 149, 93, 84
42, 438, 93, 38
42, 279, 93, 20
42, 597, 93, 54
42, 281, 93, 84
42, 126, 93, 80
42, 257, 94, 20
42, 321, 94, 41
42, 291, 94, 99
42, 327, 94, 32
42, 135, 94, 41
42, 42, 94, 44
42, 331, 94, 28
42, 208, 94, 28
42, 117, 94, 78
42, 482, 95, 55
42, 584, 95, 6
42, 553, 95, 2
42, 552, 95, 31
42, 428, 95, 52
42, 29, 95, 42
42, 570, 95, 50
42, 86, 95, 84
42, 504, 95, 32
42, 218, 95, 97
42, 125, 95, 22
42, 448, 96, 48
42, 407, 96, 44
42, 480, 96, 8
42, 355, 96, 20
42, 227, 96, 83
42, 165, 96, 12
42, 514, 96, 8
42, 428, 96, 52
42, 272, 96, 46
42, 370, 96, 75
42, 181, 96, 33
42, 566, 96, 32
42, 599, 96, 66
42, 279, 96, 20
42, 477, 96, 45
42, 31, 96, 83
42, 223, 97, 5
42, 325, 97, 60
42, 389, 97, 74
42, 91, 97, 20
42, 427, 97, 20
42, 397, 97, 15
42, 498, 97, 99
42, 120, 97, 80
42, 409, 97, 62
42, 282, 97, 24
42, 379, 97, 90
42, 444, 97, 99
42, 191, 97, 42
42, 519, 98, 25
42, 264, 98, 20
42, 204, 98, 15
42, 429, 98, 12
42, 181, 98, 33
42, 217, 98, 76
42, 351, 98, 34
42, 5, 99, 31
42, 137, 99, 53
42, 529, 99, 44
42, 405, 99, 71
42, 157, 99, 34
42, 288, 99, 71
42, 289, 99, 43
42, 166, 99, 20
42, 423, 99, 87
42, 50, 99, 23
42, 75, 99, 34
42, 465, 99, 62
42, 349, 99, 50
42, 482, 99, 55
42, 99, 99, 84
42, 109, 99, 94
42, 238, 99, 80
42, 373, 99, 79
42, 505, 99, 12
42, 480, 100, 8
42, 512, 100, 99
42, 452, 100, 45
42, 101, 100, 30
42, 4, 100, 8
42, 553, 100, 2
42, 361, 100, 59
42, 555, 100, 89
42, 172, 100, 28
42, 562, 100, 99
42, 434, 100, 39
42, 180, 100, 42
42, 53, 100, 64
42, 469, 100, 60
42, 118, 100, 17
42, 154, 100, 15
42, 286, 100, 30
42, 447, 100, 66
42, 482, 101, 55
42, 388, 101, 4
42, 265, 101, 4
42, 75, 101, 34
42, 491, 101, 96
42, 141, 101, 55
42, 431, 101, 66
42, 497, 101, 71
42, 467, 101, 29
42, 148, 101, 5
42, 500, 101, 66
42, 182, 101, 95
42, 503, 101, 38
42, 440, 101, 64
42, 348, 101, 25
42, 184, 101, 36
42, 159, 101, 11
42, 453, 102, 60
42, 550, 102, 18
42, 391, 102, 100
42, 327, 102, 32
42, 234, 102, 27
42, 171, 102, 67
42, 91, 102, 20
42, 113, 102, 8
42, 147, 102, 97
42, 148, 102, 5
42, 373, 102, 79
42, 535, 102, 39
42, 568, 102, 79
42, 507, 102, 9
42, 253, 102, 52
42, 388, 103, 4
42, 268, 103, 2
42, 533, 103, 68
42, 283, 103, 98
42, 306, 103, 52
42, 183, 103, 94
42, 58, 103, 63
42, 314, 103, 70
42, 319, 103, 58
42, 450, 103, 29
42, 451, 103, 9
42, 459, 103, 54
42, 83, 103, 67
42, 214, 103, 45
42, 100, 103, 5
42, 229, 103, 2
42, 485, 103, 85
42, 108, 103, 96
42, 120, 103, 80
42, 123, 103, 14
42, 254, 103, 59
42, 36, 104, 27
42, 325, 104, 60
42, 69, 104, 26
42, 107, 104, 74
42, 144, 104, 68
42, 276, 104, 13
42, 473, 104, 92
42, 378, 104, 67
42, 31, 104, 83
42, 385, 105, 91
42, 514, 105, 8
42, 357, 105, 20
42, 71, 105, 40
42, 169, 105, 41
42, 203, 105, 54
42, 335, 105, 8
42, 336, 105, 34
42, 367, 105, 89
42, 404, 105, 60
42, 118, 105, 17
42, 282, 105, 24
42, 251, 105, 20
42, 124, 105, 18
42, 381, 105, 24
42, 518, 106, 66
42, 13, 106, 3
42, 148, 106, 5
42, 277, 106, 22
42, 149, 106, 84
42, 279, 106, 20
42, 281, 106, 84
42, 42, 106, 44
42, 174, 106, 9
42, 302, 106, 86
42, 562, 106, 99
42, 312, 106, 83
42, 184, 106, 36
42, 68, 106, 95
42, 330, 106, 82
42, 203, 106, 54
42, 204, 106, 15
42, 78, 106, 49
42, 463, 106, 45
42, 92, 106, 98
42, 222, 106, 71
42, 94, 106, 56
42, 102, 106, 5
42, 487, 106, 56
42, 496, 106, 61
42, 1, 107, 94
42, 258, 107, 80
42, 388, 107, 4
42, 165, 107, 12
42, 292, 107, 14
42, 69, 107, 26
42, 74, 107, 80
42, 523, 107, 2
42, 75, 107, 34
42, 202, 107, 36
42, 14, 107, 37
42, 240, 107, 55
42, 501, 107, 31
42, 317, 107, 54
42, 509, 107, 74
42, 414, 107, 12
42, 255, 107, 6
42, 290, 108, 69
42, 322, 108, 1
42, 68, 108, 95
42, 549, 108, 10
42, 518, 108, 66
42, 235, 108, 57
42, 44, 108, 31
42, 267, 108, 92
42, 346, 108, 46
42, 527, 108, 77
42, 81, 108, 57
42, 18, 108, 98
42, 533, 108, 68
42, 342, 108, 66
42, 410, 108, 21
42, 157, 108, 34
42, 62, 108, 30
42, 544, 109, 15
42, 513, 109, 77
42, 356, 109, 13
42, 398, 109, 89
42, 437, 109, 49
42, 469, 109, 60
42, 376, 109, 82
42, 346, 109, 46
42, 103, 110, 43
42, 263, 110, 71
42, 265, 110, 4
42, 393, 110, 76
42, 491, 110, 96
42, 368, 110, 54
42, 177, 110, 95
42, 179, 110, 95
42, 182, 110, 95
42, 183, 110, 94
42, 280, 110, 95
42, 316, 110, 9
42, 516, 111, 26
42, 521, 111, 57
42, 140, 111, 87
42, 141, 111, 55
42, 142, 111, 17
42, 23, 111, 85
42, 158, 111, 55
42, 543, 111, 73
42, 41, 111, 41
42, 171, 111, 67
42, 179, 111, 95
42, 184, 111, 36
42, 570, 111, 50
42, 448, 111, 48
42, 472, 111, 99
42, 92, 111, 98
42, 231, 111, 55
42, 106, 111, 65
42, 362, 111, 47
42, 110, 111, 77
42, 368, 111, 54
42, 113, 111, 8
42, 240, 111, 55
42, 114, 111, 92
42, 0, 112, 97
42, 65, 112, 10
42, 33, 112, 65
42, 579, 112, 52
42, 321, 112, 41
42, 584, 112, 6
42, 269, 112, 97
42, 110, 112, 77
42, 463, 112, 45
42, 435, 112, 14
42, 405, 112, 71
42, 313, 112, 67
42, 570, 112, 50
42, 449, 113, 42
42, 99, 113, 84
42, 68, 113, 95
42, 355, 113, 20
42, 327, 113, 32
42, 8, 113, 29
42, 491, 113, 96
42, 332, 113, 1
42, 16, 113, 96
42, 433, 113, 80
42, 401, 113, 70
42, 436, 113, 70
42, 373, 113, 79
42, 86, 113, 84
42, 180, 113, 42
42, 155, 113, 38
42, 446, 113, 8
42, 547, 114, 84
42, 351, 114, 34
42, 169, 114, 41
42, 586, 114, 40
42, 235, 114, 57
42, 106, 114, 65
42, 78, 114, 49
42, 271, 114, 95
42, 145, 114, 88
42, 148, 114, 5
42, 182, 114, 95
42, 536, 114, 6
42, 409, 114, 62
42, 90, 114, 45
42, 123, 114, 14
42, 319, 114, 58
42, 130, 115, 24
42, 5, 115, 31
42, 17, 115, 73
42, 410, 115, 21
42, 284, 115, 31
42, 544, 115, 15
42, 424, 115, 44
42, 561, 115, 32
42, 435, 115, 14
42, 61, 115, 67
42, 582, 115, 34
42, 327, 115, 32
42, 208, 115, 28
42, 217, 115, 76
42, 350, 115, 99
42, 226, 115, 94
42, 485, 115, 85
42, 235, 115, 57
42, 110, 115, 77
42, 372, 115, 74
42, 510, 115, 90
42, 66, 116, 61
42, 175, 116, 97
42, 21, 116, 49
42, 473, 116, 92
42, 379, 116, 90
42, 575, 116, 28
42, 454, 117, 30
42, 491, 117, 96
42, 203, 117, 54
42, 557, 117, 96
42, 304, 117, 41
42, 244, 117, 48
42, 534, 117, 23
42, 599, 117, 66
42, 537, 117, 80
42, 530, 118, 89
42, 535, 118, 39
42, 282, 118, 24
42, 27, 118, 99
42, 540, 118, 5
42, 425, 118, 41
42, 171, 118, 67
42, 54, 118, 8
42, 58, 118, 63
42, 186, 118, 66
42, 316, 118, 9
42, 193, 118, 89
42, 582, 118, 34
42, 455, 118, 99
42, 456, 118, 22
42, 585, 118, 58
42, 90, 118, 45
42, 479, 118, 27
42, 490, 118, 40
42, 500, 118, 66
42, 521, 119, 57
42, 137, 119, 53
42, 534, 119, 23
42, 151, 119, 3
42, 153, 119, 37
42, 421, 119, 84
42, 301, 119, 32
42, 175, 119, 97
42, 434, 119, 39
42, 314, 119, 70
42, 321, 119, 41
42, 454, 119, 30
42, 201, 119, 27
42, 332, 119, 1
42, 220, 119, 30
42, 223, 119, 5
42, 497, 119, 71
42, 377, 119, 61
42, 383, 119, 36
42, 135, 120, 41
42, 395, 120, 83
42, 139, 120, 60
42, 400, 120, 29
42, 147, 120, 97
42, 417, 120, 93
42, 162, 120, 37
42, 293, 120, 72
42, 305, 120, 43
42, 435, 120, 14
42, 179, 120, 95
42, 441, 120, 47
42, 575, 120, 28
42, 191, 120, 42
42, 458, 120, 50
42, 593, 120, 96
42, 338, 120, 51
42, 341, 120, 4
42, 218, 120, 97
42, 224, 120, 80
42, 228, 120, 71
42, 488, 120, 87
42, 379, 120, 90
42, 124, 120, 18
42, 2, 121, 89
42, 483, 121, 79
42, 291, 121, 99
42, 68, 121, 95
42, 364, 121, 25
42, 381, 121, 24
42, 310, 121, 72
42, 343, 121, 66
42, 61, 121, 67
42, 64, 122, 9
42, 297, 122, 97
42, 393, 122, 76
42, 170, 122, 98
42, 459, 122, 54
42, 461, 122, 79
42, 48, 122, 77
42, 566, 122, 32
42, 86, 122, 84
42, 573, 122, 44
42, 352, 123, 68
42, 164, 123, 32
42, 392, 123, 13
42, 361, 123, 59
42, 202, 123, 36
42, 363, 123, 30
42, 268, 123, 2
42, 143, 123, 76
42, 48, 123, 77
42, 402, 123, 31
42, 468, 123, 33
42, 564, 123, 76
42, 312, 123, 83
42, 348, 123, 25
42, 129, 124, 86
42, 514, 124, 8
42, 394, 124, 66
42, 402, 124, 31
42, 147, 124, 97
42, 149, 124, 84
42, 534, 124, 23
42, 540, 124, 5
42, 303, 124, 86
42, 329, 124, 66
42, 335, 124, 8
42, 464, 124, 87
42, 338, 124, 51
42, 216, 124, 29
42, 91, 124, 20
42, 222, 124, 71
42, 106, 124, 65
42, 235, 124, 57
42, 363, 124, 30
42, 366, 124, 3
42, 243, 124, 15
42, 503, 124, 38
42, 485, 125, 85
42, 249, 125, 92
42, 487, 125, 56
42, 553, 125, 2
42, 394, 125, 66
42, 458, 125, 50
42, 463, 125, 45
42, 592, 125, 99
42, 593, 125, 96
42, 115, 125, 31
42, 277, 125, 22
42, 149, 125, 84
42, 87, 125, 63
42, 440, 125, 64
42, 25, 125, 87
42, 598, 125, 21
42, 21, 125, 49
42, 255, 126, 6
42, 5, 126, 31
42, 71, 126, 40
42, 552, 126, 31
42, 553, 126, 2
42, 73, 126, 63
42, 520, 126, 58
42, 76, 126, 57
42, 524, 126, 35
42, 240, 126, 55
42, 119, 126, 10
42, 60, 126, 52
42, 574, 126, 8
42, 95, 126, 17
42, 389, 127, 74
42, 10, 127, 21
42, 527, 127, 77
42, 402, 127, 31
42, 534, 127, 23
42, 286, 127, 30
42, 298, 127, 17
42, 427, 127, 20
42, 44, 127, 31
42, 176, 127, 39
42, 563, 127, 37
42, 444, 127, 99
42, 195, 127, 60
42, 582, 127, 34
42, 460, 127, 72
42, 206, 127, 41
42, 591, 127, 94
42, 79, 127, 69
42, 211, 127, 95
42, 344, 127, 13
42, 475, 127, 2
42, 385, 128, 91
42, 130, 128, 24
42, 203, 128, 54
42, 173, 128, 45
42, 174, 128, 9
42, 559, 128, 76
42, 19, 128, 32
42, 91, 128, 20
42, 253, 128, 52
42, 414, 128, 12
42, 99, 129, 84
42, 167, 129, 44
42, 520, 129, 58
42, 232, 129, 66
42, 458, 129, 50
42, 493, 129, 22
42, 238, 129, 80
42, 237, 129, 95
42, 46, 129, 13
42, 305, 129, 43
42, 243, 129, 15
42, 342, 129, 66
42, 406, 129, 98
42, 5, 130, 31
42, 262, 130, 71
42, 11, 130, 44
42, 279, 130, 20
42, 280, 130, 95
42, 152, 130, 66
42, 543, 130, 73
42, 161, 130, 83
42, 164, 130, 32
42, 559, 130, 76
42, 572, 130, 4
42, 190, 130, 80
42, 193, 130, 89
42, 66, 130, 61
42, 68, 130, 95
42, 581, 130, 23
42, 197, 130, 40
42, 199, 130, 81
42, 344, 130, 13
42, 90, 130, 45
42, 103, 130, 43
42, 490, 130, 40
42, 241, 130, 62
42, 264, 131, 20
42, 236, 131, 62
42, 145, 131, 88
42, 305, 131, 43
42, 157, 131, 34
42, 351, 131, 34
42, 70, 132, 52
42, 72, 132, 89
42, 47, 132, 17
42, 506, 132, 92
42, 276, 132, 13
42, 26, 132, 41
42, 444, 132, 99
42, 383, 132, 36
42, 160, 133, 90
42, 97, 133, 99
42, 291, 133, 99
42, 415, 133, 72
42, 393, 133, 76
42, 202, 133, 36
42, 593, 133, 96
42, 254, 133, 59
42, 310, 133, 72
42, 55, 133, 44
42, 345, 133, 11
42, 410, 133, 21
42, 348, 133, 25
42, 382, 133, 7
42, 127, 133, 12
42, 480, 134, 8
42, 194, 134, 99
42, 67, 134, 24
42, 357, 134, 20
42, 298, 134, 17
42, 44, 134, 31
42, 47, 134, 17
42, 374, 134, 55
42, 118, 134, 17
42, 0, 135, 97
42, 8, 135, 29
42, 18, 135, 98
42, 19, 135, 32
42, 148, 135, 5
42, 534, 135, 23
42, 535, 135, 39
42, 537, 135, 80
42, 159, 135, 11
42, 543, 135, 73
42, 36, 135, 27
42, 38, 135, 5
42, 423, 135, 87
42, 169, 135, 41
42, 428, 135, 52
42, 304, 135, 41
42, 307, 135, 20
42, 438, 135, 38
42, 311, 135, 12
42, 324, 135, 98
42, 348, 135, 25
42, 477, 135, 45
42, 349, 135, 50
42, 241, 135, 62
42, 137, 136, 53
42, 267, 136, 92
42, 275, 136, 46
42, 151, 136, 3
42, 280, 136, 95
42, 540, 136, 5
42, 158, 136, 55
42, 37, 136, 6
42, 429, 136, 12
42, 64, 136, 9
42, 579, 136, 52
42, 326, 136, 91
42, 594, 136, 86
42, 466, 136, 7
42, 83, 136, 67
42, 224, 136, 80
42, 508, 136, 23
42, 498, 136, 99
42, 500, 136, 66
42, 247, 136, 22
42, 377, 136, 61
42, 124, 136, 18
42, 126, 136, 80
42, 514, 137, 8
42, 523, 137, 2
42, 400, 137, 29
42, 426, 137, 86
42, 173, 137, 45
42, 177, 137, 95
42, 185, 137, 15
42, 186, 137, 66
42, 588, 137, 2
42, 205, 137, 81
42, 79, 137, 69
42, 592, 137, 99
42, 593, 137, 96
42, 338, 137, 51
42, 346, 137, 46
42, 220, 137, 30
42, 97, 137, 99
42, 482, 137, 55
42, 114, 137, 92
42, 373, 137, 79
42, 248, 137, 64
42, 193, 138, 89
42, 514, 138, 8
42, 37, 138, 6
42, 232, 138, 66
42, 201, 138, 27
42, 585, 138, 58
42, 207, 138, 91
42, 145, 138, 88
42, 180, 138, 42
42, 93, 138, 59
42, 154, 138, 15
42, 284, 138, 31
42, 189, 138, 3
42, 254, 138, 59
42, 31, 138, 83
42, 513, 139, 77
42, 510, 139, 90
42, 264, 139, 20
42, 338, 139, 51
42, 91, 139, 20
42, 446, 139, 8
42, 416, 140, 60
42, 355, 140, 20
42, 67, 140, 24
42, 132, 140, 92
42, 457, 140, 79
42, 493, 140, 22
42, 429, 140, 12
42, 79, 140, 69
42, 591, 140, 94
42, 282, 140, 24
42, 348, 140, 25
42, 58, 141, 63
42, 198, 141, 89
42, 136, 141, 58
42, 329, 141, 66
42, 362, 141, 47
42, 203, 141, 54
42, 139, 141, 60
42, 78, 141, 49
42, 79, 141, 69
42, 241, 141, 62
42, 538, 141, 50
42, 411, 141, 71
42, 86, 141, 84
42, 473, 141, 92
42, 282, 141, 24
42, 443, 141, 77
42, 477, 141, 45
42, 447, 141, 66
42, 2, 142, 89
42, 422, 142, 85
42, 142, 142, 17
42, 25, 142, 87
42, 570, 142, 50
42, 577, 143, 99
42, 66, 143, 61
42, 541, 143, 84
42, 484, 143, 50
42, 422, 143, 85
42, 552, 143, 31
42, 142, 143, 17
42, 21, 143, 49
42, 405, 143, 71
42, 61, 143, 67
42, 256, 144, 53
42, 515, 144, 18
42, 394, 144, 66
42, 534, 144, 23
42, 407, 144, 44
42, 542, 144, 50
42, 299, 144, 71
42, 563, 144, 37
42, 573, 144, 44
42, 582, 144, 34
42, 329, 144, 66
42, 201, 144, 27
42, 203, 144, 54
42, 338, 144, 51
42, 342, 144, 66
42, 87, 144, 63
42, 475, 144, 2
42, 92, 144, 98
42, 352, 144, 68
42, 481, 144, 25
42, 99, 144, 84
42, 358, 144, 92
42, 488, 144, 87
42, 114, 144, 92
42, 514, 145, 8
42, 386, 145, 88
42, 301, 145, 32
42, 365, 145, 37
42, 528, 145, 23
42, 353, 146, 35
42, 135, 146, 41
42, 10, 146, 21
42, 44, 146, 31
42, 173, 146, 45
42, 172, 146, 28
42, 47, 146, 17
42, 436, 146, 70
42, 375, 146, 54
42, 508, 146, 23
42, 445, 146, 86
42, 510, 147, 90
42, 138, 147, 40
42, 270, 147, 66
42, 149, 147, 84
42, 27, 147, 99
42, 287, 147, 66
42, 291, 147, 99
42, 420, 147, 76
42, 422, 147, 85
42, 298, 147, 17
42, 561, 147, 32
42, 179, 147, 95
42, 436, 147, 70
42, 565, 147, 92
42, 190, 147, 80
42, 574, 147, 8
42, 332, 147, 1
42, 79, 147, 69
42, 464, 147, 87
42, 83, 147, 67
42, 226, 147, 94
42, 229, 147, 2
42, 101, 147, 30
42, 382, 147, 7
42, 0, 148, 97
42, 579, 148, 52
42, 100, 148, 5
42, 293, 148, 72
42, 489, 148, 46
42, 108, 148, 96
42, 494, 148, 2
42, 246, 148, 51
42, 472, 148, 99
42, 409, 148, 62
42, 381, 148, 24
42, 446, 148, 8
42, 393, 149, 76
42, 143, 149, 76
42, 274, 149, 78
42, 151, 149, 3
42, 552, 149, 31
42, 305, 149, 43
42, 574, 149, 8
42, 190, 149, 80
42, 319, 149, 58
42, 583, 149, 75
42, 457, 149, 79
42, 203, 149, 54
42, 463, 149, 45
42, 217, 149, 76
42, 222, 149, 71
42, 229, 149, 2
42, 232, 149, 66
42, 377, 149, 61
42, 233, 149, 26
42, 109, 149, 94
42, 110, 149, 77
42, 243, 149, 15
42, 246, 149, 51
42, 504, 149, 32
42, 121, 149, 17
42, 419, 150, 41
42, 326, 150, 91
42, 71, 150, 40
42, 424, 150, 44
42, 201, 150, 27
42, 233, 150, 26
42, 523, 150, 2
42, 301, 150, 32
42, 591, 150, 94
42, 276, 150, 13
42, 158, 150, 55
42, 1, 151, 94
42, 290, 151, 69
42, 36, 151, 27
42, 69, 151, 26
42, 296, 151, 79
42, 331, 151, 28
42, 238, 151, 80
42, 143, 151, 76
42, 592, 151, 99
42, 240, 151, 55
42, 17, 151, 73
42, 84, 151, 2
42, 565, 151, 92
42, 152, 151, 66
42, 189, 151, 3
42, 158, 151, 55
42, 351, 151, 34
42, 320, 152, 85
42, 288, 152, 71
42, 226, 152, 94
42, 131, 152, 52
42, 67, 152, 24
42, 73, 152, 63
42, 43, 152, 76
42, 332, 152, 1
42, 173, 152, 45
42, 299, 152, 71
42, 529, 152, 44
42, 437, 152, 49
42, 280, 152, 95
42, 539, 152, 73
42, 120, 152, 80
42, 126, 152, 80
42, 31, 152, 83
42, 262, 153, 71
42, 267, 153, 92
42, 17, 153, 73
42, 145, 153, 88
42, 403, 153, 48
42, 407, 153, 44
42, 281, 153, 84
42, 295, 153, 80
42, 428, 153, 52
42, 176, 153, 39
42, 179, 153, 95
42, 54, 153, 8
42, 57, 153, 6
42, 185, 153, 15
42, 578, 153, 60
42, 70, 153, 52
42, 461, 153, 79
42, 336, 153, 34
42, 209, 153, 56
42, 219, 153, 7
42, 350, 153, 99
42, 484, 153, 50
42, 362, 153, 47
42, 138, 154, 40
42, 24, 154, 95
42, 285, 154, 89
42, 33, 154, 65
42, 552, 154, 31
42, 172, 154, 28
42, 319, 154, 58
42, 451, 154, 9
42, 583, 154, 75
42, 76, 154, 57
42, 207, 154, 91
42, 209, 154, 56
42, 471, 154, 97
42, 92, 154, 98
42, 352, 154, 68
42, 100, 154, 5
42, 360, 154, 5
42, 105, 154, 69
42, 106, 154, 65
42, 364, 154, 25
42, 160, 155, 90
42, 162, 155, 37
42, 168, 155, 41
42, 204, 155, 15
42, 300, 155, 76
42, 274, 155, 78
42, 500, 155, 66
42, 504, 155, 32
42, 190, 155, 80
42, 594, 156, 86
42, 276, 156, 13
42, 596, 156, 31
42, 281, 156, 84
42, 254, 156, 59
42, 355, 157, 20
42, 45, 157, 99
42, 77, 157, 30
42, 495, 157, 51
42, 496, 157, 61
42, 145, 157, 88
42, 371, 157, 94
42, 215, 157, 69
42, 3, 158, 93
42, 485, 158, 85
42, 261, 158, 21
42, 102, 158, 5
42, 581, 158, 23
42, 434, 158, 39
42, 438, 158, 38
42, 505, 158, 12
42, 480, 159, 8
42, 455, 159, 99
42, 139, 159, 60
42, 274, 159, 78
42, 284, 159, 31
42, 161, 160, 83
42, 138, 160, 40
42, 267, 160, 92
42, 368, 160, 54
42, 177, 160, 95
42, 82, 160, 78
42, 24, 160, 95
42, 453, 161, 60
42, 263, 161, 71
42, 168, 161, 41
42, 268, 161, 2
42, 367, 161, 89
42, 464, 161, 87
42, 561, 161, 32
42, 562, 161, 99
42, 149, 161, 84
42, 442, 161, 50
42, 508, 161, 23
42, 416, 162, 60
42, 257, 162, 20
42, 484, 162, 50
42, 324, 162, 98
42, 456, 162, 22
42, 393, 162, 76
42, 362, 162, 47
42, 556, 162, 75
42, 557, 162, 96
42, 76, 162, 57
42, 21, 162, 49
42, 514, 163, 8
42, 261, 163, 21
42, 71, 163, 40
42, 487, 163, 56
42, 457, 163, 79
42, 525, 163, 80
42, 367, 163, 89
42, 304, 163, 41
42, 463, 163, 45
42, 598, 163, 21
42, 375, 163, 54
42, 505, 163, 12
42, 30, 163, 53
42, 286, 163, 30
42, 387, 164, 35
42, 266, 164, 34
42, 526, 164, 83
42, 403, 164, 48
42, 542, 164, 50
42, 163, 164, 32
42, 422, 164, 85
42, 295, 164, 80
42, 556, 164, 75
42, 45, 164, 99
42, 562, 164, 99
42, 435, 164, 14
42, 436, 164, 70
42, 463, 164, 45
42, 215, 164, 69
42, 472, 164, 99
42, 484, 164, 50
42, 108, 164, 96
42, 369, 164, 80
42, 115, 164, 31
42, 371, 164, 94
42, 517, 165, 95
42, 397, 165, 15
42, 142, 165, 17
42, 15, 165, 67
42, 272, 165, 46
42, 21, 165, 49
42, 277, 165, 22
42, 408, 165, 61
42, 537, 165, 80
42, 157, 165, 34
42, 413, 165, 15
42, 544, 165, 15
42, 300, 165, 76
42, 430, 165, 2
42, 178, 165, 80
42, 308, 165, 71
42, 186, 165, 66
42, 446, 165, 8
42, 203, 165, 54
42, 208, 165, 28
42, 470, 165, 83
42, 222, 165, 71
42, 100, 165, 5
42, 381, 165, 24
42, 259, 166, 10
42, 484, 166, 50
42, 548, 166, 70
42, 38, 166, 5
42, 104, 166, 95
42, 201, 166, 27
42, 400, 166, 29
42, 528, 166, 23
42, 339, 166, 50
42, 436, 166, 70
42, 277, 166, 22
42, 213, 166, 56
42, 285, 166, 89
42, 0, 167, 97
42, 132, 167, 92
42, 522, 167, 22
42, 402, 167, 31
42, 416, 167, 60
42, 161, 167, 83
42, 418, 167, 98
42, 290, 167, 69
42, 36, 167, 27
42, 421, 167, 84
42, 427, 167, 20
42, 174, 167, 9
42, 192, 167, 25
42, 67, 167, 24
42, 332, 167, 1
42, 595, 167, 91
42, 343, 167, 66
42, 344, 167, 13
42, 362, 167, 47
42, 237, 167, 95
42, 243, 167, 15
42, 119, 167, 10
42, 4, 168, 8
42, 18, 168, 98
42, 154, 168, 15
42, 411, 168, 71
42, 420, 168, 76
42, 37, 168, 6
42, 167, 168, 44
42, 427, 168, 20
42, 299, 168, 71
42, 173, 168, 45
42, 432, 168, 95
42, 567, 168, 74
42, 584, 168, 6
42, 336, 168, 34
42, 212, 168, 5
42, 341, 168, 4
42, 215, 168, 69
42, 216, 168, 29
42, 218, 168, 97
42, 481, 168, 25
42, 367, 168, 89
42, 245, 168, 46
42, 381, 168, 24
42, 256, 169, 53
42, 194, 169, 99
42, 547, 169, 84
42, 356, 169, 13
42, 101, 169, 30
42, 391, 169, 100
42, 504, 169, 32
42, 200, 169, 77
42, 440, 169, 64
42, 154, 169, 15
42, 419, 170, 41
42, 199, 170, 81
42, 405, 170, 71
42, 314, 170, 70
42, 541, 170, 84
42, 290, 171, 69
42, 198, 171, 89
42, 550, 171, 18
42, 104, 171, 95
42, 361, 171, 59
42, 425, 171, 41
42, 494, 171, 2
42, 114, 171, 92
42, 148, 171, 5
42, 30, 171, 53
42, 63, 171, 48
42, 130, 172, 24
42, 162, 172, 37
42, 552, 172, 31
42, 265, 172, 4
42, 206, 172, 41
42, 156, 172, 66
42, 532, 172, 8
42, 52, 172, 14
42, 380, 172, 68
42, 541, 172, 84
42, 544, 173, 15
42, 162, 173, 37
42, 452, 173, 45
42, 325, 173, 60
42, 72, 173, 89
42, 265, 173, 4
42, 236, 173, 62
42, 494, 173, 2
42, 527, 173, 77
42, 80, 173, 26
42, 305, 173, 43
42, 530, 173, 89
42, 144, 173, 68
42, 532, 173, 8
42, 481, 174, 25
42, 482, 174, 55
42, 122, 174, 34
42, 231, 174, 55
42, 168, 174, 41
42, 460, 174, 72
42, 205, 174, 81
42, 111, 174, 19
42, 497, 174, 71
42, 178, 174, 80
42, 147, 174, 97
42, 243, 174, 15
42, 53, 174, 64
42, 473, 174, 92
42, 346, 174, 46
42, 316, 174, 9
42, 222, 174, 71
42, 383, 174, 36
42, 353, 175, 35
42, 226, 175, 94
42, 71, 175, 40
42, 585, 175, 58
42, 429, 175, 12
42, 238, 175, 80
42, 142, 175, 17
42, 17, 175, 73
42, 434, 175, 39
42, 370, 175, 75
42, 411, 175, 71
42, 346, 175, 46
42, 507, 175, 9
42, 158, 175, 55
42, 396, 176, 58
42, 306, 176, 52
42, 438, 176, 38
42, 156, 176, 66
42, 381, 176, 24
42, 8, 177, 29
42, 269, 177, 97
42, 530, 177, 89
42, 151, 177, 3
42, 153, 177, 37
42, 33, 177, 65
42, 428, 177, 52
42, 429, 177, 12
42, 559, 177, 76
42, 571, 177, 73
42, 573, 177, 44
42, 192, 177, 25
42, 194, 177, 99
42, 69, 177, 26
42, 214, 177, 45
42, 474, 177, 81
42, 347, 177, 86
42, 475, 177, 2
42, 348, 177, 25
42, 221, 177, 90
42, 249, 177, 92
42, 361, 177, 59
42, 114, 177, 92
42, 121, 177, 17
42, 251, 177, 20
42, 587, 178, 34
42, 300, 178, 76
42, 561, 178, 32
42, 530, 178, 89
42, 339, 178, 50
42, 436, 178, 70
42, 501, 178, 31
42, 24, 178, 95
42, 58, 178, 63
42, 61, 178, 67
42, 191, 178, 42
42, 158, 179, 55
42, 547, 179, 84
42, 171, 179, 67
42, 173, 179, 45
42, 177, 179, 95
42, 307, 179, 20
42, 437, 179, 49
42, 448, 179, 48
42, 75, 179, 34
42, 332, 179, 1
42, 462, 179, 1
42, 340, 179, 90
42, 91, 179, 20
42, 350, 179, 99
42, 356, 179, 13
42, 357, 179, 20
42, 108, 179, 96
42, 494, 179, 2
42, 238, 179, 80
42, 370, 179, 75
42, 119, 179, 10
42, 1, 180, 94
42, 385, 180, 91
42, 135, 180, 41
42, 9, 180, 20
42, 13, 180, 3
42, 145, 180, 88
42, 154, 180, 15
42, 159, 180, 11
42, 35, 180, 79
42, 165, 180, 12
42, 555, 180, 89
42, 302, 180, 86
42, 435, 180, 14
42, 181, 180, 33
42, 193, 180, 89
42, 67, 180, 24
42, 76, 180, 57
42, 597, 180, 54
42, 477, 180, 45
42, 362, 180, 47
42, 111, 180, 19
42, 373, 180, 79
42, 374, 180, 55
42, 32, 181, 28
42, 577, 181, 99
42, 354, 181, 34
42, 33, 181, 65
42, 478, 181, 12
42, 76, 181, 57
42, 526, 181, 83
42, 443, 181, 77
42, 597, 181, 54
42, 26, 181, 41
42, 123, 181, 14
42, 350, 181, 99
42, 255, 181, 6
42, 451, 182, 9
42, 580, 182, 62
42, 516, 182, 26
42, 70, 182, 52
42, 550, 182, 18
42, 520, 182, 58
42, 329, 182, 66
42, 484, 182, 50
42, 557, 182, 96
42, 141, 182, 55
42, 111, 182, 19
42, 340, 182, 90
42, 474, 182, 81
42, 475, 182, 2
42, 515, 183, 18
42, 149, 183, 84
42, 407, 183, 44
42, 282, 183, 24
42, 159, 183, 11
42, 289, 183, 43
42, 422, 183, 85
42, 553, 183, 2
42, 301, 183, 32
42, 51, 183, 61
42, 569, 183, 13
42, 203, 183, 54
42, 87, 183, 63
42, 345, 183, 11
42, 348, 183, 25
42, 101, 183, 30
42, 230, 183, 94
42, 240, 183, 55
42, 119, 183, 10
42, 377, 183, 61
42, 96, 184, 26
42, 582, 184, 34
42, 295, 184, 80
42, 365, 184, 37
42, 403, 184, 48
42, 219, 184, 7
42, 508, 184, 23
42, 29, 184, 42
42, 446, 184, 8
42, 129, 185, 86
42, 193, 185, 89
42, 547, 185, 84
42, 420, 185, 76
42, 163, 185, 32
42, 392, 185, 13
42, 265, 185, 4
42, 523, 185, 2
42, 178, 185, 80
42, 406, 185, 98
42, 535, 185, 39
42, 351, 185, 34
42, 352, 186, 68
42, 321, 186, 41
42, 503, 186, 38
42, 452, 186, 45
42, 421, 186, 84
42, 38, 186, 5
42, 394, 186, 66
42, 331, 186, 28
42, 112, 186, 30
42, 594, 186, 86
42, 307, 186, 20
42, 20, 186, 51
42, 471, 186, 97
42, 152, 186, 66
42, 380, 186, 68
42, 318, 186, 96
42, 63, 186, 48
42, 388, 187, 4
42, 197, 187, 40
42, 454, 187, 30
42, 599, 187, 66
42, 265, 187, 4
42, 298, 187, 17
42, 311, 187, 12
42, 414, 187, 12
42, 1, 188, 94
42, 17, 188, 73
42, 403, 188, 48
42, 38, 188, 5
42, 296, 188, 79
42, 305, 188, 43
42, 434, 188, 39
42, 438, 188, 38
42, 450, 188, 29
42, 451, 188, 9
42, 579, 188, 52
42, 453, 188, 60
42, 454, 188, 30
42, 80, 188, 26
42, 469, 188, 60
42, 598, 188, 21
42, 349, 188, 50
42, 94, 188, 56
42, 223, 188, 5
42, 226, 188, 94
42, 255, 188, 6
42, 264, 189, 20
42, 520, 189, 58
42, 397, 189, 15
42, 271, 189, 95
42, 282, 189, 24
42, 157, 189, 34
42, 422, 189, 85
42, 38, 189, 5
42, 428, 189, 52
42, 44, 189, 31
42, 69, 189, 26
42, 70, 189, 52
42, 72, 189, 89
42, 73, 189, 63
42, 80, 189, 26
42, 465, 189, 62
42, 466, 189, 7
42, 346, 189, 46
42, 359, 189, 24
42, 376, 189, 82
42, 380, 189, 68
42, 256, 190, 53
42, 257, 190, 20
42, 384, 190, 50
42, 581, 190, 23
42, 168, 190, 41
42, 11, 190, 44
42, 301, 190, 32
42, 271, 190, 95
42, 566, 190, 32
42, 189, 190, 3
42, 318, 190, 96
42, 351, 190, 34
42, 353, 191, 35
42, 194, 191, 99
42, 122, 191, 34
42, 135, 191, 41
42, 139, 191, 60
42, 140, 191, 87
42, 525, 191, 80
42, 110, 191, 77
42, 207, 191, 91
42, 368, 191, 54
42, 45, 191, 99
42, 402, 191, 31
42, 53, 191, 64
42, 503, 191, 38
42, 154, 191, 15
42, 1, 192, 94
42, 162, 192, 37
42, 324, 192, 98
42, 359, 192, 24
42, 426, 192, 86
42, 300, 192, 76
42, 236, 192, 62
42, 172, 192, 28
42, 379, 192, 90
42, 22, 192, 46
42, 407, 192, 44
42, 248, 192, 64
42, 218, 192, 97
42, 507, 192, 9
42, 380, 192, 68
42, 280, 193, 95
42, 193, 193, 89
42, 66, 193, 61
42, 292, 193, 14
42, 323, 193, 25
42, 552, 193, 31
42, 426, 193, 86
42, 174, 193, 9
42, 497, 193, 71
42, 466, 193, 7
42, 180, 193, 42
42, 310, 193, 72
42, 440, 193, 64
42, 345, 193, 11
42, 193, 194, 89
42, 164, 194, 32
42, 517, 194, 95
42, 357, 194, 20
42, 74, 194, 80
42, 43, 194, 76
42, 208, 194, 28
42, 337, 194, 45
42, 80, 194, 26
42, 209, 194, 56
42, 279, 194, 20
42, 440, 194, 64
42, 218, 194, 97
42, 120, 194, 80
42, 2, 195, 89
42, 485, 195, 85
42, 521, 195, 57
42, 242, 195, 35
42, 309, 195, 13
42, 573, 195, 44
42, 287, 195, 66
42, 385, 196, 91
42, 449, 196, 42
42, 232, 196, 66
42, 265, 196, 4
42, 172, 196, 28
42, 238, 196, 80
42, 206, 196, 41
42, 18, 196, 98
42, 84, 196, 2
42, 125, 196, 22
42, 503, 196, 38
42, 349, 196, 50
42, 580, 197, 62
42, 6, 197, 6
42, 327, 197, 32
42, 21, 197, 49
42, 22, 197, 46
42, 471, 197, 97
42, 153, 197, 37
42, 415, 197, 72
42, 521, 198, 57
42, 78, 198, 49
42, 499, 198, 30
42, 277, 198, 22
42, 281, 198, 84
42, 191, 199, 42
42, 326, 199, 91
42, 168, 199, 41
42, 76, 199, 57
42, 524, 199, 35
42, 51, 199, 61
42, 308, 199, 71
42, 565, 199, 92
42, 284, 199, 31
42, 30, 199, 53
42, 569, 199, 13
42, 90, 199, 45
42, 572, 199, 4
42, 222, 199, 71
42, 575, 199, 28
42, 131, 200, 52
42, 485, 200, 85
42, 74, 200, 80
42, 76, 200, 57
42, 493, 200, 22
42, 590, 200, 30
42, 340, 200, 90
42, 182, 200, 95
42, 282, 200, 24
42, 443, 200, 77
42, 316, 200, 9
42, 382, 200, 7
42, 192, 201, 25
42, 355, 201, 20
42, 454, 201, 30
42, 186, 201, 66
42, 393, 201, 76
42, 15, 201, 67
42, 146, 201, 63
42, 114, 201, 92
42, 437, 201, 49
42, 281, 201, 84
42, 442, 201, 50
42, 540, 201, 5
42, 189, 201, 3
42, 578, 202, 60
42, 516, 202, 26
42, 135, 202, 41
42, 554, 202, 16
42, 458, 202, 50
42, 556, 202, 75
42, 333, 202, 7
42, 240, 202, 55
42, 181, 202, 33
42, 117, 202, 78
42, 254, 202, 59
42, 373, 202, 79
42, 249, 202, 92
42, 539, 202, 73
42, 189, 202, 3
42, 350, 202, 99
42, 513, 203, 77
42, 523, 203, 2
42, 401, 203, 70
42, 533, 203, 68
42, 24, 203, 95
42, 158, 203, 55
42, 31, 203, 83
42, 294, 203, 13
42, 167, 203, 44
42, 168, 203, 41
42, 436, 203, 70
42, 308, 203, 71
42, 69, 203, 26
42, 200, 203, 77
42, 594, 203, 86
42, 86, 203, 84
42, 480, 203, 8
42, 487, 203, 56
42, 116, 203, 61
42, 504, 203, 32
42, 384, 204, 50
42, 395, 204, 83
42, 530, 204, 89
42, 146, 204, 63
42, 148, 204, 5
42, 409, 204, 62
42, 549, 204, 10
42, 39, 204, 94
42, 564, 204, 76
42, 441, 204, 47
42, 314, 204, 70
42, 443, 204, 77
42, 316, 204, 9
42, 57, 204, 6
42, 205, 204, 81
42, 209, 204, 56
42, 346, 204, 46
42, 94, 204, 56
42, 350, 204, 99
42, 97, 204, 99
42, 366, 204, 3
42, 374, 204, 55
42, 379, 204, 90
42, 164, 205, 32
42, 580, 205, 62
42, 230, 205, 94
42, 7, 205, 30
42, 84, 205, 2
42, 282, 205, 24
42, 92, 205, 98
42, 160, 206, 90
42, 483, 206, 79
42, 229, 206, 2
42, 90, 206, 45
42, 520, 206, 58
42, 589, 206, 87
42, 462, 206, 1
42, 399, 206, 73
42, 368, 206, 54
42, 502, 206, 11
42, 310, 206, 72
42, 440, 206, 64
42, 538, 206, 50
42, 380, 206, 68
42, 317, 206, 54
42, 420, 207, 76
42, 261, 207, 21
42, 430, 207, 2
42, 271, 207, 95
42, 498, 207, 99
42, 444, 207, 99
42, 411, 207, 71
42, 156, 207, 66
42, 161, 208, 83
42, 185, 208, 15
42, 453, 208, 60
42, 168, 208, 41
42, 74, 208, 80
42, 398, 208, 89
42, 591, 208, 94
42, 400, 208, 29
42, 210, 208, 4
42, 403, 208, 48
42, 119, 208, 10
42, 473, 208, 92
42, 442, 208, 50
42, 385, 209, 91
42, 514, 209, 8
42, 528, 209, 23
42, 529, 209, 44
42, 146, 209, 63
42, 276, 209, 13
42, 535, 209, 39
42, 538, 209, 50
42, 292, 209, 14
42, 44, 209, 31
42, 432, 209, 95
42, 52, 209, 14
42, 565, 209, 92
42, 200, 209, 77
42, 204, 209, 15
42, 77, 209, 30
42, 95, 209, 17
42, 360, 209, 5
42, 502, 209, 11
42, 288, 210, 71
42, 483, 210, 79
42, 263, 210, 71
42, 137, 210, 53
42, 234, 210, 27
42, 149, 210, 84
42, 279, 210, 20
42, 185, 210, 15
42, 93, 210, 59
42, 131, 211, 52
42, 231, 211, 55
42, 71, 211, 40
42, 427, 211, 20
42, 15, 211, 67
42, 473, 211, 92
42, 512, 212, 99
42, 9, 212, 20
42, 522, 212, 22
42, 395, 212, 83
42, 147, 212, 97
42, 24, 212, 95
42, 411, 212, 71
42, 157, 212, 34
42, 297, 212, 97
42, 169, 212, 41
42, 553, 212, 2
42, 438, 212, 38
42, 457, 212, 79
42, 459, 212, 54
42, 588, 212, 2
42, 206, 212, 41
42, 336, 212, 34
42, 594, 212, 86
42, 90, 212, 45
42, 486, 212, 71
42, 114, 212, 92
42, 511, 212, 97
42, 454, 213, 30
42, 488, 213, 87
42, 168, 213, 41
42, 75, 213, 34
42, 434, 213, 39
42, 318, 214, 96
42, 450, 214, 29
42, 269, 214, 97
42, 81, 214, 57
42, 52, 214, 14
42, 373, 214, 79
42, 218, 214, 97
42, 251, 214, 20
42, 124, 214, 18
42, 29, 214, 42
42, 126, 214, 80
42, 0, 215, 97
42, 385, 215, 91
42, 32, 215, 28
42, 163, 215, 32
42, 556, 215, 75
42, 557, 215, 96
42, 47, 215, 17
42, 177, 215, 95
42, 181, 215, 33
42, 574, 215, 8
42, 318, 215, 96
42, 448, 215, 48
42, 576, 215, 18
42, 78, 215, 49
42, 470, 215, 83
42, 346, 215, 46
42, 229, 215, 2
42, 370, 215, 75
42, 499, 215, 30
42, 372, 215, 74
42, 116, 215, 61
42, 244, 215, 48
42, 247, 215, 22
42, 376, 215, 82
42, 511, 215, 97
42, 385, 216, 91
42, 5, 216, 31
42, 71, 216, 40
42, 72, 216, 89
42, 106, 216, 65
42, 267, 216, 92
42, 396, 216, 58
42, 589, 216, 87
42, 238, 216, 80
42, 559, 216, 76
42, 274, 216, 78
42, 406, 216, 98
42, 215, 216, 69
42, 216, 216, 29
42, 534, 216, 23
42, 188, 216, 36
42, 343, 216, 66
42, 225, 217, 83
42, 197, 217, 40
42, 234, 217, 27
42, 364, 217, 25
42, 397, 217, 15
42, 211, 217, 95
42, 470, 217, 83
42, 343, 217, 66
42, 60, 217, 52
42, 189, 217, 3
42, 415, 217, 72
42, 128, 218, 61
42, 11, 218, 44
42, 527, 218, 77
42, 536, 218, 6
42, 170, 218, 98
42, 299, 218, 71
42, 44, 218, 31
42, 301, 218, 32
42, 558, 218, 44
42, 303, 218, 86
42, 580, 218, 62
42, 197, 218, 40
42, 455, 218, 99
42, 587, 218, 34
42, 77, 218, 30
42, 210, 218, 4
42, 343, 218, 66
42, 110, 218, 77
42, 505, 218, 12
42, 122, 218, 34
42, 589, 219, 87
42, 431, 219, 66
42, 559, 219, 76
42, 49, 219, 97
42, 562, 219, 99
42, 339, 219, 50
42, 308, 219, 71
42, 437, 219, 49
42, 189, 219, 3
42, 248, 220, 64
42, 165, 220, 12
42, 198, 220, 89
42, 519, 220, 25
42, 39, 220, 94
42, 523, 220, 2
42, 300, 220, 76
42, 44, 220, 31
42, 303, 220, 86
42, 367, 220, 89
42, 465, 220, 62
42, 403, 220, 48
42, 500, 220, 66
42, 310, 220, 72
42, 472, 220, 99
42, 26, 220, 41
42, 88, 220, 5
42, 513, 221, 77
42, 261, 221, 21
42, 392, 221, 13
42, 406, 221, 98
42, 552, 221, 31
42, 554, 221, 16
42, 555, 221, 89
42, 315, 221, 49
42, 316, 221, 9
42, 317, 221, 54
42, 580, 221, 62
42, 325, 221, 60
42, 74, 221, 80
42, 594, 221, 86
42, 83, 221, 67
42, 595, 221, 91
42, 342, 221, 66
42, 472, 221, 99
42, 217, 221, 76
42, 234, 221, 27
42, 107, 221, 74
42, 241, 221, 62
42, 500, 221, 66
42, 387, 222, 35
42, 11, 222, 44
42, 174, 222, 9
42, 398, 222, 89
42, 206, 222, 41
42, 469, 222, 60
42, 310, 222, 72
42, 472, 222, 99
42, 537, 222, 80
42, 538, 222, 50
42, 126, 222, 80
42, 511, 222, 97
42, 68, 223, 95
42, 37, 223, 6
42, 168, 223, 41
42, 13, 223, 3
42, 143, 223, 76
42, 254, 223, 59
42, 443, 223, 77
42, 446, 223, 8
42, 35, 224, 79
42, 169, 224, 41
42, 237, 224, 95
42, 115, 224, 31
42, 183, 224, 94
42, 216, 224, 29
42, 93, 224, 59
42, 160, 225, 90
42, 185, 225, 15
42, 401, 225, 70
42, 437, 225, 49
42, 597, 225, 54
42, 25, 225, 87
42, 0, 226, 97
42, 133, 226, 67
42, 145, 226, 88
42, 21, 226, 49
42, 281, 226, 84
42, 175, 226, 97
42, 432, 226, 95
42, 312, 226, 83
42, 57, 226, 6
42, 315, 226, 49
42, 188, 226, 36
42, 448, 226, 48
42, 451, 226, 9
42, 325, 226, 60
42, 585, 226, 58
42, 331, 226, 28
42, 98, 226, 23
42, 360, 226, 5
42, 247, 226, 22
42, 124, 226, 18
42, 2, 227, 89
42, 389, 227, 74
42, 137, 227, 53
42, 142, 227, 17
42, 404, 227, 60
42, 278, 227, 93
42, 289, 227, 43
42, 291, 227, 99
42, 425, 227, 41
42, 566, 227, 32
42, 567, 227, 74
42, 193, 227, 89
42, 70, 227, 52
42, 327, 227, 32
42, 78, 227, 49
42, 591, 227, 94
42, 335, 227, 8
42, 467, 227, 29
42, 473, 227, 92
42, 350, 227, 99
42, 97, 227, 99
42, 487, 227, 56
42, 253, 227, 52
42, 324, 228, 98
42, 186, 228, 66
42, 173, 228, 45
42, 462, 228, 1
42, 431, 228, 66
42, 48, 228, 77
42, 463, 228, 45
42, 80, 228, 26
42, 434, 228, 39
42, 410, 228, 21
42, 285, 228, 89
42, 516, 229, 26
42, 5, 229, 31
42, 517, 229, 95
42, 393, 229, 76
42, 408, 229, 61
42, 542, 229, 50
42, 290, 229, 69
42, 291, 229, 99
42, 162, 229, 37
42, 177, 229, 95
42, 198, 229, 89
42, 199, 229, 81
42, 211, 229, 95
42, 213, 229, 56
42, 599, 229, 66
42, 345, 229, 11
42, 475, 229, 2
42, 481, 229, 25
42, 495, 229, 51
42, 368, 229, 54
42, 498, 229, 99
42, 512, 230, 99
42, 418, 230, 98
42, 580, 230, 62
42, 485, 230, 85
42, 196, 230, 99
42, 260, 230, 64
42, 586, 230, 40
42, 396, 230, 58
42, 461, 230, 79
42, 431, 230, 66
42, 47, 230, 17
42, 531, 230, 97
42, 22, 230, 46
42, 55, 230, 44
42, 59, 230, 31
42, 157, 230, 34
42, 520, 231, 58
42, 173, 231, 45
42, 336, 231, 34
42, 311, 231, 12
42, 61, 231, 67
42, 35, 232, 79
42, 99, 232, 84
42, 227, 232, 83
42, 38, 232, 5
42, 429, 232, 12
42, 368, 232, 54
42, 339, 232, 50
42, 470, 232, 83
42, 476, 232, 14
42, 574, 232, 8
42, 479, 232, 27
42, 546, 233, 11
42, 319, 233, 58
42, 107, 233, 74
42, 400, 233, 29
42, 181, 233, 33
42, 599, 233, 66
42, 56, 233, 48
42, 126, 233, 80
42, 95, 233, 17
42, 34, 234, 88
42, 297, 234, 97
42, 329, 234, 66
42, 427, 234, 20
42, 44, 234, 31
42, 398, 234, 89
42, 497, 234, 71
42, 401, 234, 70
42, 308, 234, 71
42, 502, 234, 11
42, 88, 234, 5
42, 346, 234, 46
42, 219, 234, 7
42, 541, 234, 84
42, 95, 234, 17
42, 160, 235, 90
42, 324, 235, 98
42, 5, 235, 31
42, 69, 235, 26
42, 421, 235, 84
42, 294, 235, 13
42, 553, 235, 2
42, 569, 235, 13
42, 405, 235, 71
42, 284, 235, 31
42, 248, 235, 64
42, 249, 235, 92
42, 316, 235, 9
42, 415, 235, 72
42, 514, 236, 8
42, 357, 236, 20
42, 44, 236, 31
42, 527, 236, 77
42, 272, 236, 46
42, 243, 236, 15
42, 158, 236, 55
42, 193, 237, 89
42, 226, 237, 94
42, 162, 237, 37
42, 516, 237, 26
42, 234, 237, 27
42, 556, 237, 75
42, 428, 237, 52
42, 45, 237, 99
42, 527, 237, 77
42, 401, 237, 70
42, 19, 237, 32
42, 217, 237, 76
42, 571, 237, 73
42, 509, 237, 74
42, 513, 238, 77
42, 451, 238, 9
42, 484, 238, 50
42, 389, 238, 74
42, 137, 238, 53
42, 78, 238, 49
42, 48, 238, 77
42, 562, 238, 99
42, 564, 238, 76
42, 373, 238, 79
42, 507, 238, 9
42, 439, 238, 53
42, 59, 238, 31
42, 572, 238, 4
42, 61, 238, 67
42, 63, 238, 48
42, 36, 239, 27
42, 324, 239, 98
42, 6, 239, 6
42, 455, 239, 99
42, 328, 239, 70
42, 424, 239, 44
42, 363, 239, 30
42, 171, 239, 67
42, 395, 239, 83
42, 174, 239, 9
42, 528, 239, 23
42, 337, 239, 45
42, 310, 239, 72
42, 441, 239, 47
42, 250, 239, 68
42, 507, 239, 9
42, 61, 239, 67
42, 62, 239, 30
42, 264, 240, 20
42, 169, 240, 41
42, 328, 240, 70
42, 107, 240, 74
42, 282, 240, 24
42, 400, 240, 29
42, 402, 240, 31
42, 58, 240, 63
42, 257, 241, 20
42, 549, 241, 10
42, 555, 241, 89
42, 57, 241, 6
42, 508, 241, 23
42, 397, 242, 15
42, 526, 242, 83
42, 147, 242, 97
42, 538, 242, 50
42, 418, 242, 98
42, 36, 242, 27
42, 294, 242, 13
42, 44, 242, 31
42, 187, 242, 4
42, 70, 242, 52
42, 200, 242, 77
42, 457, 242, 79
42, 78, 242, 49
42, 462, 242, 1
42, 594, 242, 86
42, 222, 242, 71
42, 96, 242, 26
42, 353, 242, 35
42, 488, 242, 87
42, 238, 242, 80
42, 246, 242, 51
42, 505, 242, 12
42, 253, 242, 52
42, 384, 243, 50
42, 512, 243, 99
42, 22, 243, 46
42, 151, 243, 3
42, 540, 243, 5
42, 289, 243, 43
42, 294, 243, 13
42, 167, 243, 44
42, 184, 243, 36
42, 443, 243, 77
42, 72, 243, 89
42, 591, 243, 94
42, 342, 243, 66
42, 89, 243, 9
42, 362, 243, 47
42, 108, 243, 96
42, 112, 243, 30
42, 120, 243, 80
42, 380, 243, 68
42, 1, 244, 94
42, 198, 244, 89
42, 266, 244, 34
42, 204, 244, 15
42, 238, 244, 80
42, 430, 244, 2
42, 112, 244, 30
42, 247, 244, 22
42, 289, 245, 43
42, 418, 245, 98
42, 547, 245, 84
42, 100, 245, 5
42, 359, 245, 24
42, 202, 245, 36
42, 170, 245, 98
42, 268, 245, 2
42, 283, 245, 98
42, 496, 245, 61
42, 471, 245, 97
42, 376, 245, 82
42, 411, 245, 71
42, 381, 245, 24
42, 95, 245, 17
42, 423, 246, 87
42, 329, 246, 66
42, 330, 246, 82
42, 204, 246, 15
42, 236, 246, 62
42, 207, 246, 91
42, 18, 246, 98
42, 55, 246, 44
42, 94, 246, 56
42, 354, 247, 34
42, 418, 247, 98
42, 228, 247, 71
42, 131, 247, 52
42, 229, 247, 2
42, 264, 247, 20
42, 296, 247, 79
42, 491, 247, 96
42, 76, 247, 57
42, 559, 247, 76
42, 241, 247, 62
42, 468, 247, 33
42, 597, 247, 54
42, 213, 247, 56
42, 30, 247, 53
42, 441, 247, 47
42, 571, 247, 73
42, 510, 247, 90
42, 514, 248, 8
42, 388, 248, 4
42, 262, 248, 71
42, 279, 248, 20
42, 284, 248, 31
42, 547, 248, 84
42, 53, 248, 64
42, 311, 248, 12
42, 69, 248, 26
42, 585, 248, 58
42, 78, 248, 49
42, 464, 248, 87
42, 592, 248, 99
42, 215, 248, 69
42, 96, 248, 26
42, 483, 248, 79
42, 108, 248, 96
42, 124, 248, 18
42, 253, 248, 52
42, 194, 249, 99
42, 294, 249, 13
42, 46, 249, 13
42, 567, 249, 74
42, 216, 249, 29
42, 57, 249, 6
42, 508, 249, 23
42, 343, 249, 66
42, 5, 250, 31
42, 390, 250, 3
42, 584, 250, 6
42, 106, 250, 65
42, 247, 250, 22
42, 511, 250, 97
42, 448, 251, 48
42, 193, 251, 89
42, 197, 251, 40
42, 108, 251, 96
42, 175, 251, 97
42, 560, 251, 32
42, 410, 251, 21
42, 83, 251, 67
42, 148, 251, 5
42, 149, 251, 84
42, 246, 251, 51
42, 279, 251, 20
42, 570, 251, 50
42, 153, 251, 37
42, 122, 251, 34
42, 27, 251, 99
42, 412, 251, 68
42, 223, 251, 5
42, 130, 252, 24
42, 6, 252, 6
42, 134, 252, 97
42, 267, 252, 92
42, 419, 252, 41
42, 164, 252, 32
42, 163, 252, 32
42, 552, 252, 31
42, 52, 252, 14
42, 565, 252, 92
42, 475, 252, 2
42, 348, 252, 25
42, 229, 252, 2
42, 493, 252, 22
42, 237, 252, 95
42, 501, 252, 31
42, 375, 252, 54
42, 504, 252, 32
42, 510, 252, 90
42, 416, 253, 60
42, 289, 253, 43
42, 231, 253, 55
42, 12, 253, 98
42, 433, 253, 80
42, 49, 253, 97
42, 244, 253, 48
42, 58, 253, 63
42, 162, 254, 37
42, 580, 254, 62
42, 581, 254, 23
42, 71, 254, 40
42, 73, 254, 63
42, 589, 254, 87
42, 498, 254, 99
42, 437, 254, 49
42, 507, 254, 9
42, 192, 255, 25
42, 97, 255, 99
42, 320, 255, 85
42, 485, 255, 85
42, 299, 255, 71
42, 108, 255, 96
42, 141, 255, 55
42, 179, 255, 95
42, 19, 255, 32
42, 23, 255, 85
42, 251, 255, 20
42, 503, 256, 38
42, 548, 256, 70
42, 358, 256, 92
42, 425, 256, 41
42, 236, 256, 62
42, 590, 256, 30
42, 145, 256, 88
42, 403, 256, 48
42, 245, 256, 46
42, 534, 256, 23
42, 118, 256, 17
42, 314, 256, 70
42, 351, 256, 34
42, 129, 257, 86
42, 258, 257, 80
42, 520, 257, 58
42, 523, 257, 2
42, 139, 257, 60
42, 274, 257, 78
42, 531, 257, 97
42, 146, 257, 63
42, 150, 257, 78
42, 28, 257, 66
42, 302, 257, 86
42, 202, 257, 36
42, 330, 257, 82
42, 598, 257, 21
42, 218, 257, 97
42, 222, 257, 71
42, 231, 257, 55
42, 361, 257, 59
42, 496, 257, 61
42, 255, 257, 6
42, 1, 258, 94
42, 6, 258, 6
42, 520, 258, 58
42, 136, 258, 58
42, 523, 258, 2
42, 275, 258, 46
42, 404, 258, 60
42, 538, 258, 50
42, 411, 258, 71
42, 290, 258, 69
42, 172, 258, 28
42, 302, 258, 86
42, 184, 258, 36
42, 185, 258, 15
42, 571, 258, 73
42, 72, 258, 89
42, 333, 258, 7
42, 209, 258, 56
42, 465, 258, 62
42, 83, 258, 67
42, 90, 258, 45
42, 220, 258, 30
42, 349, 258, 50
42, 497, 258, 71
42, 376, 258, 82
42, 576, 259, 18
42, 129, 259, 86
42, 356, 259, 13
42, 73, 259, 63
42, 74, 259, 80
42, 139, 259, 60
42, 557, 259, 96
42, 242, 259, 35
42, 467, 259, 29
42, 500, 259, 66
42, 88, 259, 5
42, 281, 259, 84
42, 506, 259, 92
42, 124, 259, 18
42, 289, 260, 43
42, 33, 260, 65
42, 389, 260, 74
42, 422, 260, 85
42, 199, 260, 81
42, 266, 260, 34
42, 403, 260, 48
42, 148, 260, 5
42, 59, 260, 31
42, 380, 260, 68
42, 445, 260, 86
42, 129, 261, 86
42, 519, 261, 25
42, 263, 261, 71
42, 140, 261, 87
42, 402, 261, 31
42, 18, 261, 98
42, 537, 261, 80
42, 543, 261, 73
42, 420, 261, 76
42, 549, 261, 10
42, 38, 261, 5
42, 422, 261, 85
42, 428, 261, 52
42, 50, 261, 23
42, 53, 261, 64
42, 186, 261, 66
42, 61, 261, 67
42, 211, 261, 95
42, 349, 261, 50
42, 356, 261, 13
42, 493, 261, 22
42, 378, 261, 67
42, 0, 262, 97
42, 128, 262, 61
42, 520, 262, 58
42, 268, 262, 2
42, 535, 262, 39
42, 36, 262, 27
42, 554, 262, 16
42, 188, 262, 36
42, 447, 262, 66
42, 202, 262, 36
42, 74, 262, 80
42, 216, 262, 29
42, 88, 262, 5
42, 124, 262, 18
42, 113, 262, 8
42, 498, 262, 99
42, 116, 262, 61
42, 247, 262, 22
42, 508, 262, 23
42, 255, 262, 6
42, 0, 263, 97
42, 386, 263, 88
42, 17, 263, 73
42, 405, 263, 71
42, 150, 263, 78
42, 26, 263, 41
42, 542, 263, 50
42, 295, 263, 80
42, 174, 263, 9
42, 176, 263, 39
42, 311, 263, 12
42, 61, 263, 67
42, 196, 263, 99
42, 73, 263, 63
42, 329, 263, 66
42, 335, 263, 8
42, 355, 263, 20
42, 504, 263, 32
42, 493, 263, 22
42, 248, 263, 64
42, 253, 263, 52
42, 511, 263, 97
42, 193, 264, 89
42, 452, 264, 45
42, 519, 264, 25
42, 585, 264, 58
42, 524, 264, 35
42, 342, 264, 66
42, 375, 264, 54
42, 152, 264, 66
42, 61, 264, 67
42, 318, 264, 96
42, 4, 265, 8
42, 528, 265, 23
42, 18, 265, 98
42, 406, 265, 98
42, 27, 265, 99
42, 158, 265, 55
42, 36, 265, 27
42, 549, 265, 10
42, 169, 265, 41
42, 427, 265, 20
42, 302, 265, 86
42, 560, 265, 32
42, 447, 265, 66
42, 450, 265, 29
42, 584, 265, 6
42, 328, 265, 70
42, 587, 265, 34
42, 594, 265, 86
42, 83, 265, 67
42, 84, 265, 2
42, 338, 265, 51
42, 485, 265, 85
42, 255, 265, 6
42, 136, 266, 58
42, 400, 266, 29
42, 16, 266, 96
42, 274, 266, 78
42, 156, 266, 66
42, 550, 266, 18
42, 170, 266, 98
42, 554, 266, 16
42, 559, 266, 76
42, 560, 266, 32
42, 566, 266, 32
42, 452, 266, 45
42, 585, 266, 58
42, 463, 266, 45
42, 597, 266, 54
42, 85, 266, 85
42, 119, 266, 10
42, 480, 266, 8
42, 100, 266, 5
42, 360, 266, 5
42, 112, 266, 30
42, 115, 266, 31
42, 503, 266, 38
42, 126, 266, 80
42, 255, 266, 6
42, 2, 267, 89
42, 15, 267, 67
42, 23, 267, 85
42, 535, 267, 39
42, 288, 267, 71
42, 160, 267, 90
42, 297, 267, 97
42, 178, 267, 80
42, 182, 267, 95
42, 311, 267, 12
42, 440, 267, 64
42, 56, 267, 48
42, 575, 267, 28
42, 324, 267, 98
42, 590, 267, 30
42, 207, 267, 91
42, 471, 267, 97
42, 489, 267, 46
42, 238, 267, 80
42, 120, 267, 80
42, 381, 267, 24
42, 448, 268, 48
42, 257, 268, 20
42, 289, 268, 43
42, 547, 268, 84
42, 417, 268, 93
42, 199, 268, 81
42, 394, 268, 66
42, 203, 268, 54
42, 299, 268, 71
42, 12, 268, 98
42, 304, 268, 41
42, 597, 268, 54
42, 248, 269, 64
42, 71, 269, 40
42, 8, 269, 29
42, 266, 269, 34
42, 426, 269, 86
42, 203, 269, 54
42, 462, 269, 1
42, 366, 269, 3
42, 272, 269, 46
42, 116, 269, 61
42, 56, 269, 48
42, 570, 269, 50
42, 155, 269, 38
42, 124, 269, 18
42, 575, 269, 28
42, 258, 270, 80
42, 517, 270, 95
42, 271, 270, 95
42, 534, 270, 23
42, 293, 270, 72
42, 551, 270, 83
42, 170, 270, 98
42, 300, 270, 76
42, 174, 270, 9
42, 433, 270, 80
42, 58, 270, 63
42, 444, 270, 99
42, 64, 270, 9
42, 327, 270, 32
42, 334, 270, 72
42, 592, 270, 99
42, 209, 270, 56
42, 597, 270, 54
42, 214, 270, 45
42, 362, 270, 47
42, 109, 270, 94
42, 118, 270, 17
42, 375, 270, 54
42, 376, 270, 82
42, 130, 271, 24
42, 99, 271, 84
42, 393, 271, 76
42, 463, 271, 45
42, 48, 271, 77
42, 178, 271, 80
42, 595, 271, 91
42, 114, 271, 92
42, 53, 271, 64
42, 320, 272, 85
42, 198, 272, 89
42, 552, 272, 31
42, 186, 272, 66
42, 363, 272, 30
42, 428, 272, 52
42, 334, 272, 72
42, 336, 272, 34
42, 381, 272, 24
42, 307, 272, 20
42, 404, 272, 60
42, 500, 272, 66
42, 152, 272, 66
42, 378, 272, 67
42, 349, 272, 50
42, 478, 272, 12
42, 137, 273, 53
42, 270, 273, 66
42, 143, 273, 76
42, 534, 273, 23
42, 30, 273, 53
42, 286, 273, 30
42, 545, 273, 33
42, 36, 273, 27
42, 431, 273, 66
42, 309, 273, 13
42, 574, 273, 8
42, 62, 273, 30
42, 190, 273, 80
42, 196, 273, 99
42, 581, 273, 23
42, 79, 273, 69
42, 338, 273, 51
42, 88, 273, 5
42, 92, 273, 98
42, 98, 273, 23
42, 490, 273, 40
42, 492, 273, 17
42, 121, 273, 17
42, 250, 273, 68
42, 252, 273, 33
42, 261, 274, 21
42, 266, 274, 34
42, 529, 274, 44
42, 18, 274, 98
42, 533, 274, 68
42, 282, 274, 24
42, 543, 274, 73
42, 550, 274, 18
42, 304, 274, 41
42, 305, 274, 43
42, 562, 274, 99
42, 324, 274, 98
42, 454, 274, 30
42, 70, 274, 52
42, 585, 274, 58
42, 330, 274, 82
42, 205, 274, 81
42, 463, 274, 45
42, 481, 274, 25
42, 12, 275, 98
42, 397, 275, 15
42, 16, 275, 96
42, 28, 275, 66
42, 413, 275, 15
42, 164, 275, 32
42, 420, 275, 76
42, 39, 275, 94
42, 300, 275, 76
42, 176, 275, 39
42, 307, 275, 20
42, 53, 275, 64
42, 317, 275, 54
42, 574, 275, 8
42, 451, 275, 9
42, 211, 275, 95
42, 479, 275, 27
42, 363, 275, 30
42, 107, 275, 74
42, 494, 275, 2
42, 123, 275, 14
42, 129, 276, 86
42, 483, 276, 79
42, 388, 276, 4
42, 100, 276, 5
42, 357, 276, 20
42, 520, 276, 58
42, 200, 276, 77
42, 267, 276, 92
42, 492, 276, 17
42, 365, 276, 37
42, 116, 276, 61
42, 373, 276, 79
42, 570, 276, 50
42, 24, 276, 95
42, 153, 276, 37
42, 250, 276, 68
42, 251, 276, 20
42, 508, 276, 23
42, 5, 277, 31
42, 549, 277, 10
42, 327, 277, 32
42, 269, 277, 97
42, 340, 277, 90
42, 537, 277, 80
42, 254, 277, 59
42, 262, 278, 71
42, 534, 278, 23
42, 535, 278, 39
42, 537, 278, 80
42, 542, 278, 50
42, 548, 278, 70
42, 551, 278, 83
42, 297, 278, 97
42, 560, 278, 32
42, 447, 278, 66
42, 450, 278, 29
42, 195, 278, 60
42, 322, 278, 1
42, 198, 278, 89
42, 488, 278, 87
42, 111, 278, 19
42, 127, 278, 12
42, 381, 278, 24
42, 383, 278, 36
42, 384, 279, 50
42, 66, 279, 61
42, 388, 279, 4
42, 518, 279, 66
42, 41, 279, 41
42, 460, 279, 72
42, 428, 279, 52
42, 208, 279, 28
42, 273, 279, 92
42, 368, 279, 54
42, 80, 279, 26
42, 340, 279, 90
42, 469, 279, 60
42, 502, 279, 11
42, 176, 279, 39
42, 443, 279, 77
42, 60, 279, 52
42, 319, 279, 58
42, 261, 280, 21
42, 524, 280, 35
42, 147, 280, 97
42, 277, 280, 22
42, 288, 280, 71
42, 165, 280, 12
42, 37, 280, 6
42, 40, 280, 3
42, 44, 280, 31
42, 557, 280, 96
42, 173, 280, 45
42, 48, 280, 77
42, 562, 280, 99
42, 569, 280, 13
42, 460, 280, 72
42, 470, 280, 83
42, 347, 280, 86
42, 486, 280, 71
42, 367, 280, 89
42, 114, 280, 92
42, 247, 280, 22
42, 259, 281, 10
42, 68, 281, 95
42, 229, 281, 2
42, 295, 281, 80
42, 40, 281, 3
42, 329, 281, 66
42, 396, 281, 58
42, 272, 281, 46
42, 176, 281, 39
42, 82, 281, 78
42, 405, 281, 71
42, 278, 281, 93
42, 439, 281, 53
42, 376, 281, 82
42, 249, 281, 92
42, 571, 281, 73
42, 28, 281, 66
42, 322, 282, 1
42, 393, 282, 76
42, 432, 282, 95
42, 177, 282, 95
42, 498, 282, 99
42, 436, 282, 70
42, 514, 283, 8
42, 389, 283, 74
42, 273, 283, 92
42, 545, 283, 33
42, 35, 283, 79
42, 303, 283, 86
42, 177, 283, 95
42, 437, 283, 49
42, 439, 283, 53
42, 441, 283, 47
42, 188, 283, 36
42, 319, 283, 58
42, 193, 283, 89
42, 460, 283, 72
42, 336, 283, 34
42, 594, 283, 86
42, 229, 283, 2
42, 359, 283, 24
42, 240, 283, 55
42, 241, 283, 62
42, 115, 283, 31
42, 125, 283, 22
42, 509, 283, 74
42, 397, 284, 15
42, 271, 284, 95
42, 22, 284, 46
42, 281, 284, 84
42, 282, 284, 24
42, 287, 284, 66
42, 551, 284, 83
42, 425, 284, 41
42, 41, 284, 41
42, 302, 284, 86
42, 331, 284, 28
42, 464, 284, 87
42, 82, 284, 78
42, 88, 284, 5
42, 96, 284, 26
42, 99, 284, 84
42, 249, 284, 92
42, 101, 284, 30
42, 234, 284, 27
42, 245, 284, 46
42, 246, 284, 51
42, 119, 284, 10
42, 121, 284, 17
42, 224, 285, 80
42, 513, 285, 77
42, 71, 285, 40
42, 392, 285, 13
42, 105, 285, 69
42, 426, 285, 86
42, 235, 285, 57
42, 585, 285, 58
42, 80, 285, 26
42, 435, 285, 14
42, 597, 285, 54
42, 56, 285, 48
42, 191, 285, 42
42, 289, 286, 43
42, 583, 286, 75
42, 423, 286, 87
42, 425, 286, 41
42, 266, 286, 34
42, 401, 286, 70
42, 210, 286, 4
42, 371, 286, 94
42, 212, 286, 5
42, 405, 286, 71
42, 341, 286, 4
42, 570, 286, 50
42, 155, 286, 38
42, 446, 286, 8
42, 223, 286, 5
42, 353, 287, 35
42, 354, 287, 34
42, 132, 287, 92
42, 5, 287, 31
42, 294, 287, 13
42, 73, 287, 63
42, 266, 287, 34
42, 297, 287, 97
42, 76, 287, 57
42, 46, 287, 13
42, 142, 287, 17
42, 208, 287, 28
42, 275, 287, 46
42, 405, 287, 71
42, 407, 287, 44
42, 568, 287, 79
42, 219, 287, 7
42, 188, 287, 36
42, 205, 288, 81
42, 306, 288, 52
42, 149, 288, 84
42, 181, 288, 33
42, 85, 288, 85
42, 536, 288, 6
42, 314, 288, 70
42, 347, 288, 86
42, 321, 289, 41
42, 131, 289, 52
42, 392, 289, 13
42, 118, 289, 17
42, 504, 289, 32
42, 57, 289, 6
42, 129, 290, 86
42, 356, 290, 13
42, 325, 290, 60
42, 555, 290, 89
42, 460, 290, 72
42, 398, 290, 89
42, 431, 290, 66
42, 208, 290, 28
42, 308, 290, 71
42, 406, 290, 98
42, 152, 290, 66
42, 25, 290, 87
42, 127, 290, 12
42, 11, 291, 44
42, 24, 291, 95
42, 543, 291, 73
42, 563, 291, 37
42, 188, 291, 36
42, 573, 291, 44
42, 192, 291, 25
42, 576, 291, 18
42, 66, 291, 61
42, 578, 291, 60
42, 68, 291, 95
42, 327, 291, 32
42, 201, 291, 27
42, 459, 291, 54
42, 205, 291, 81
42, 464, 291, 87
42, 593, 291, 96
42, 89, 291, 9
42, 346, 291, 46
42, 349, 291, 50
42, 224, 291, 80
42, 494, 291, 2
42, 497, 291, 71
42, 380, 291, 68
42, 481, 292, 25
42, 195, 292, 60
42, 217, 292, 76
42, 548, 292, 70
42, 388, 292, 4
42, 7, 292, 30
42, 446, 292, 8
42, 327, 292, 32
42, 90, 292, 45
42, 460, 292, 72
42, 143, 292, 76
42, 338, 292, 51
42, 340, 292, 90
42, 405, 292, 71
42, 57, 292, 6
42, 506, 292, 92
42, 158, 292, 55
42, 224, 293, 80
42, 162, 293, 37
42, 312, 293, 83
42, 358, 293, 92
42, 423, 293, 87
42, 327, 293, 32
42, 432, 293, 95
42, 593, 293, 96
42, 506, 293, 92
42, 563, 293, 37
42, 560, 293, 32
42, 376, 293, 82
42, 538, 293, 50
42, 220, 293, 30
42, 415, 293, 72
42, 96, 294, 26
42, 352, 294, 68
42, 482, 294, 55
42, 134, 294, 97
42, 518, 294, 66
42, 72, 294, 89
42, 457, 294, 79
42, 168, 294, 41
42, 391, 294, 100
42, 13, 294, 3
42, 497, 294, 71
42, 405, 294, 71
42, 213, 294, 56
42, 469, 294, 60
42, 284, 294, 31
42, 192, 295, 25
42, 66, 295, 61
42, 503, 295, 38
42, 582, 295, 34
42, 11, 295, 44
42, 109, 295, 94
42, 143, 295, 76
42, 53, 295, 64
42, 406, 295, 98
42, 475, 295, 2
42, 22, 295, 46
42, 347, 295, 86
42, 318, 295, 96
42, 481, 296, 25
42, 69, 296, 26
42, 270, 296, 66
42, 15, 296, 67
42, 211, 296, 95
42, 374, 296, 55
42, 407, 296, 44
42, 219, 296, 7
42, 158, 296, 55
42, 286, 296, 30
42, 320, 297, 85
42, 427, 297, 20
42, 592, 297, 99
42, 496, 297, 61
42, 221, 297, 90
42, 544, 298, 15
42, 321, 298, 41
42, 34, 298, 88
42, 579, 298, 52
42, 134, 298, 97
42, 230, 298, 94
42, 558, 298, 44
42, 240, 298, 55
42, 53, 298, 64
42, 407, 298, 44
42, 25, 298, 87
42, 347, 298, 86
42, 31, 298, 83
42, 407, 299, 44
42, 162, 299, 37
42, 35, 299, 79
42, 215, 299, 69
42, 229, 299, 2
42, 486, 299, 71
42, 395, 299, 83
42, 331, 299, 28
42, 398, 299, 89
42, 303, 299, 86
42, 562, 299, 99
42, 147, 299, 97
42, 118, 299, 17
42, 279, 299, 20
42, 314, 299, 70
42, 123, 299, 14
42, 127, 299, 12
42, 255, 299, 6
