300, 600, 30
25, 194, 0, 19
25, 334, 0, 49
25, 145, 0, 38
25, 531, 0, 28
25, 187, 0, 87
25, 64, 1, 5
25, 451, 1, 68
25, 421, 1, 86
25, 517, 1, 76
25, 135, 1, 17
25, 519, 1, 92
25, 299, 1, 21
25, 332, 1, 15
25, 272, 1, 17
25, 342, 1, 75
25, 123, 1, 89
25, 223, 1, 41
25, 3, 2, 24
25, 7, 2, 35
25, 528, 2, 85
25, 152, 2, 67
25, 34, 2, 83
25, 420, 2, 90
25, 45, 2, 75
25, 558, 2, 1
25, 302, 2, 51
25, 565, 2, 11
25, 315, 2, 40
25, 189, 2, 8
25, 326, 2, 36
25, 199, 2, 80
25, 93, 2, 38
25, 229, 2, 91
25, 251, 2, 17
25, 502, 2, 12
25, 246, 2, 18
25, 123, 2, 89
25, 416, 3, 36
25, 321, 3, 54
25, 165, 3, 15
25, 71, 3, 21
25, 173, 3, 45
25, 237, 3, 50
25, 272, 3, 17
25, 337, 3, 2
25, 497, 3, 22
25, 125, 3, 100
25, 405, 3, 99
25, 539, 3, 82
25, 476, 3, 97
25, 541, 3, 2
25, 191, 3, 95
25, 192, 4, 10
25, 269, 4, 93
25, 367, 4, 33
25, 80, 4, 13
25, 244, 4, 37
25, 245, 4, 58
25, 92, 4, 95
25, 285, 5, 14
25, 69, 5, 50
25, 351, 5, 58
25, 135, 5, 17
25, 294, 5, 20
25, 523, 5, 93
25, 473, 5, 84
25, 301, 5, 1
25, 207, 5, 19
25, 497, 5, 22
25, 277, 5, 17
25, 121, 5, 29
25, 90, 5, 73
25, 573, 5, 80
25, 95, 5, 29
25, 255, 5, 91
25, 512, 6, 23
25, 257, 6, 21
25, 514, 6, 90
25, 199, 6, 80
25, 365, 6, 25
25, 397, 6, 13
25, 368, 6, 94
25, 177, 6, 53
25, 151, 6, 38
25, 573, 6, 80
25, 414, 6, 13
25, 579, 7, 19
25, 5, 7, 56
25, 486, 7, 20
25, 554, 7, 99
25, 75, 7, 62
25, 336, 7, 41
25, 285, 7, 14
25, 254, 7, 48
25, 6, 8, 95
25, 9, 8, 10
25, 531, 8, 28
25, 541, 8, 2
25, 543, 8, 94
25, 289, 8, 92
25, 290, 8, 48
25, 429, 8, 88
25, 194, 8, 19
25, 326, 8, 36
25, 583, 8, 58
25, 73, 8, 80
25, 585, 8, 4
25, 462, 8, 45
25, 599, 8, 71
25, 471, 8, 16
25, 483, 8, 81
25, 104, 8, 41
25, 367, 8, 33
25, 111, 8, 8
25, 242, 8, 86
25, 504, 8, 43
25, 587, 9, 30
25, 236, 9, 98
25, 147, 9, 20
25, 505, 9, 81
25, 155, 9, 88
25, 157, 9, 61
25, 387, 10, 19
25, 522, 10, 88
25, 16, 10, 45
25, 149, 10, 36
25, 25, 10, 75
25, 282, 10, 84
25, 428, 10, 84
25, 303, 10, 99
25, 440, 10, 83
25, 320, 10, 79
25, 192, 10, 10
25, 195, 10, 57
25, 69, 10, 50
25, 325, 10, 18
25, 343, 10, 37
25, 599, 10, 71
25, 230, 10, 71
25, 233, 10, 8
25, 494, 10, 90
25, 370, 10, 38
25, 502, 10, 12
25, 134, 11, 45
25, 135, 11, 17
25, 169, 11, 78
25, 431, 11, 80
25, 49, 11, 27
25, 536, 11, 32
25, 282, 11, 84
25, 573, 11, 80
25, 445, 11, 82
25, 98, 12, 25
25, 58, 12, 57
25, 389, 12, 45
25, 424, 12, 67
25, 107, 12, 14
25, 555, 12, 7
25, 111, 12, 8
25, 343, 12, 37
25, 120, 12, 83
25, 378, 12, 17
25, 158, 12, 1
25, 188, 12, 22
25, 382, 12, 15
25, 193, 13, 40
25, 577, 13, 21
25, 355, 13, 33
25, 131, 13, 40
25, 325, 13, 18
25, 5, 13, 56
25, 236, 13, 98
25, 176, 13, 58
25, 274, 13, 45
25, 563, 13, 48
25, 565, 13, 11
25, 124, 13, 91
25, 351, 13, 58
25, 196, 14, 48
25, 267, 14, 27
25, 109, 14, 21
25, 397, 14, 13
25, 143, 14, 79
25, 112, 14, 10
25, 406, 14, 52
25, 312, 14, 13
25, 473, 14, 84
25, 36, 15, 83
25, 305, 15, 25
25, 530, 15, 43
25, 404, 15, 69
25, 30, 15, 5
25, 516, 16, 50
25, 394, 16, 42
25, 142, 16, 38
25, 270, 16, 34
25, 18, 16, 35
25, 407, 16, 23
25, 153, 16, 7
25, 26, 16, 27
25, 289, 16, 92
25, 41, 16, 67
25, 174, 16, 77
25, 432, 16, 54
25, 306, 16, 18
25, 563, 16, 48
25, 314, 16, 45
25, 69, 16, 50
25, 339, 16, 56
25, 595, 16, 21
25, 596, 16, 73
25, 471, 16, 16
25, 373, 16, 19
25, 120, 16, 83
25, 249, 16, 93
25, 510, 16, 86
25, 127, 16, 30
25, 130, 17, 37
25, 8, 17, 27
25, 140, 17, 67
25, 527, 17, 73
25, 407, 17, 23
25, 163, 17, 99
25, 165, 17, 15
25, 318, 17, 54
25, 447, 17, 4
25, 576, 17, 31
25, 66, 17, 73
25, 77, 17, 27
25, 207, 17, 19
25, 593, 17, 20
25, 595, 17, 21
25, 467, 17, 38
25, 87, 17, 56
25, 483, 17, 81
25, 243, 17, 39
25, 255, 17, 91
25, 32, 18, 63
25, 224, 18, 80
25, 328, 18, 76
25, 300, 18, 98
25, 78, 18, 27
25, 27, 18, 59
25, 223, 18, 41
25, 226, 19, 36
25, 196, 19, 48
25, 209, 19, 18
25, 115, 19, 4
25, 252, 19, 9
25, 130, 20, 37
25, 517, 20, 76
25, 262, 20, 95
25, 400, 20, 16
25, 530, 20, 43
25, 531, 20, 28
25, 408, 20, 83
25, 29, 20, 66
25, 542, 20, 10
25, 441, 20, 20
25, 66, 20, 73
25, 593, 20, 20
25, 210, 20, 13
25, 345, 20, 1
25, 483, 20, 81
25, 365, 20, 25
25, 496, 20, 31
25, 498, 20, 19
25, 380, 20, 21
25, 7, 21, 35
25, 552, 21, 93
25, 496, 21, 31
25, 307, 21, 14
25, 533, 21, 92
25, 30, 21, 5
25, 126, 21, 80
25, 138, 22, 3
25, 240, 22, 16
25, 50, 22, 35
25, 119, 22, 44
25, 380, 22, 21
25, 477, 22, 5
25, 94, 22, 25
25, 559, 23, 79
25, 181, 23, 96
25, 408, 23, 83
25, 505, 23, 81
25, 63, 23, 72
25, 376, 24, 21
25, 358, 24, 92
25, 169, 24, 78
25, 74, 24, 12
25, 78, 24, 27
25, 24, 24, 77
25, 377, 24, 82
25, 256, 25, 58
25, 521, 25, 53
25, 330, 25, 61
25, 204, 25, 64
25, 462, 25, 45
25, 80, 25, 13
25, 466, 25, 5
25, 403, 25, 25
25, 307, 25, 14
25, 51, 25, 36
25, 214, 25, 56
25, 504, 25, 43
25, 283, 25, 59
25, 252, 25, 9
25, 128, 26, 73
25, 308, 26, 85
25, 412, 26, 74
25, 539, 26, 82
25, 444, 26, 44
25, 482, 27, 56
25, 483, 27, 81
25, 68, 27, 67
25, 420, 27, 90
25, 461, 27, 39
25, 527, 27, 73
25, 275, 27, 76
25, 244, 27, 37
25, 405, 27, 99
25, 214, 27, 56
25, 55, 27, 75
25, 341, 27, 21
25, 377, 27, 82
25, 182, 27, 37
25, 118, 27, 3
25, 380, 27, 21
25, 573, 27, 80
25, 446, 27, 12
25, 64, 28, 5
25, 578, 28, 25
25, 35, 28, 59
25, 34, 28, 83
25, 357, 28, 29
25, 7, 28, 35
25, 328, 28, 76
25, 537, 28, 65
25, 47, 28, 6
25, 593, 28, 20
25, 51, 28, 36
25, 499, 28, 19
25, 23, 28, 15
25, 55, 28, 75
25, 345, 28, 1
25, 478, 28, 1
25, 1, 29, 66
25, 516, 29, 50
25, 275, 29, 76
25, 35, 29, 59
25, 548, 29, 56
25, 549, 29, 68
25, 424, 29, 67
25, 303, 29, 99
25, 177, 29, 53
25, 179, 29, 1
25, 566, 29, 69
25, 441, 29, 20
25, 190, 29, 91
25, 192, 29, 10
25, 320, 29, 79
25, 582, 29, 22
25, 209, 29, 18
25, 466, 29, 5
25, 478, 29, 1
25, 351, 29, 58
25, 506, 29, 62
25, 127, 29, 30
25, 511, 29, 80
25, 514, 30, 90
25, 390, 30, 69
25, 397, 30, 13
25, 398, 30, 33
25, 405, 30, 99
25, 406, 30, 52
25, 536, 30, 32
25, 283, 30, 59
25, 414, 30, 13
25, 431, 30, 80
25, 312, 30, 13
25, 568, 30, 55
25, 61, 30, 10
25, 578, 30, 25
25, 196, 30, 48
25, 583, 30, 58
25, 201, 30, 91
25, 589, 30, 79
25, 212, 30, 17
25, 479, 30, 100
25, 232, 30, 78
25, 490, 30, 81
25, 366, 30, 66
25, 497, 30, 22
25, 511, 30, 80
25, 132, 31, 44
25, 283, 31, 59
25, 157, 31, 61
25, 413, 31, 57
25, 543, 31, 94
25, 32, 31, 63
25, 293, 31, 68
25, 294, 31, 20
25, 428, 31, 84
25, 174, 31, 77
25, 178, 31, 55
25, 447, 31, 4
25, 580, 31, 57
25, 454, 31, 18
25, 332, 31, 15
25, 334, 31, 49
25, 247, 31, 65
25, 351, 31, 58
25, 226, 31, 36
25, 119, 31, 44
25, 376, 31, 21
25, 453, 32, 72
25, 358, 32, 92
25, 103, 32, 88
25, 328, 32, 76
25, 138, 32, 3
25, 587, 32, 30
25, 491, 32, 96
25, 11, 32, 22
25, 557, 32, 12
25, 43, 32, 91
25, 240, 32, 16
25, 246, 32, 18
25, 312, 32, 13
25, 411, 32, 16
25, 515, 33, 14
25, 263, 33, 52
25, 535, 33, 69
25, 29, 33, 66
25, 418, 33, 54
25, 548, 33, 56
25, 552, 33, 93
25, 49, 33, 27
25, 50, 33, 35
25, 317, 33, 55
25, 189, 33, 8
25, 447, 33, 4
25, 450, 33, 14
25, 68, 33, 67
25, 455, 33, 40
25, 330, 33, 61
25, 78, 33, 27
25, 465, 33, 1
25, 240, 33, 16
25, 448, 34, 9
25, 194, 34, 19
25, 483, 34, 81
25, 3, 34, 24
25, 462, 34, 45
25, 305, 34, 25
25, 82, 34, 4
25, 597, 34, 61
25, 246, 34, 18
25, 409, 34, 6
25, 443, 34, 100
25, 573, 34, 80
25, 415, 34, 18
25, 321, 35, 54
25, 535, 35, 69
25, 421, 35, 86
25, 232, 35, 78
25, 108, 35, 82
25, 83, 35, 18
25, 598, 35, 16
25, 599, 35, 71
25, 251, 35, 17
25, 188, 35, 22
25, 157, 35, 61
25, 2, 36, 48
25, 390, 36, 69
25, 263, 36, 52
25, 143, 36, 79
25, 402, 36, 42
25, 147, 36, 20
25, 20, 36, 1
25, 420, 36, 90
25, 164, 36, 67
25, 550, 36, 60
25, 176, 36, 58
25, 58, 36, 57
25, 320, 36, 79
25, 584, 36, 38
25, 463, 36, 32
25, 82, 36, 4
25, 98, 36, 25
25, 354, 36, 98
25, 487, 36, 81
25, 104, 36, 41
25, 242, 36, 86
25, 248, 36, 12
25, 253, 36, 3
25, 159, 37, 91
25, 257, 37, 21
25, 35, 37, 59
25, 356, 37, 86
25, 421, 37, 86
25, 41, 37, 67
25, 363, 37, 33
25, 332, 37, 15
25, 141, 37, 41
25, 366, 37, 66
25, 14, 37, 25
25, 560, 37, 6
25, 275, 37, 76
25, 150, 37, 79
25, 247, 37, 65
25, 121, 37, 29
25, 218, 37, 82
25, 479, 37, 100
25, 450, 38, 14
25, 541, 38, 2
25, 293, 38, 68
25, 72, 38, 30
25, 233, 38, 8
25, 537, 38, 65
25, 465, 38, 1
25, 178, 38, 55
25, 179, 38, 1
25, 116, 38, 25
25, 532, 38, 56
25, 278, 38, 49
25, 245, 38, 58
25, 441, 38, 20
25, 475, 38, 12
25, 221, 38, 88
25, 447, 38, 4
25, 344, 39, 54
25, 389, 39, 45
25, 9, 39, 10
25, 586, 39, 67
25, 75, 39, 62
25, 155, 39, 88
25, 48, 39, 12
25, 497, 39, 22
25, 112, 39, 10
25, 595, 39, 21
25, 411, 39, 16
25, 598, 39, 16
25, 55, 39, 75
25, 504, 39, 43
25, 379, 39, 11
25, 157, 39, 61
25, 512, 40, 23
25, 65, 40, 4
25, 579, 40, 19
25, 164, 40, 67
25, 291, 40, 20
25, 72, 40, 30
25, 265, 40, 48
25, 270, 40, 34
25, 466, 40, 5
25, 213, 40, 33
25, 278, 40, 49
25, 597, 40, 61
25, 120, 40, 83
25, 409, 40, 6
25, 475, 40, 12
25, 188, 40, 22
25, 266, 41, 15
25, 334, 41, 49
25, 338, 41, 90
25, 19, 41, 5
25, 599, 41, 71
25, 313, 41, 22
25, 317, 41, 55
25, 221, 41, 88
25, 129, 42, 94
25, 135, 42, 17
25, 8, 42, 27
25, 528, 42, 85
25, 283, 42, 59
25, 164, 42, 67
25, 166, 42, 39
25, 45, 42, 75
25, 434, 42, 18
25, 51, 42, 36
25, 180, 42, 36
25, 446, 42, 12
25, 196, 42, 48
25, 453, 42, 72
25, 452, 42, 78
25, 79, 42, 7
25, 593, 42, 20
25, 341, 42, 21
25, 348, 42, 28
25, 97, 42, 95
25, 493, 42, 38
25, 129, 43, 94
25, 259, 43, 17
25, 275, 43, 76
25, 409, 43, 6
25, 411, 43, 16
25, 417, 43, 60
25, 420, 43, 90
25, 548, 43, 56
25, 167, 43, 45
25, 560, 43, 6
25, 432, 43, 54
25, 440, 43, 83
25, 191, 43, 95
25, 576, 43, 31
25, 462, 43, 45
25, 338, 43, 90
25, 84, 43, 64
25, 597, 43, 61
25, 598, 43, 16
25, 85, 43, 47
25, 357, 43, 29
25, 489, 43, 5
25, 238, 43, 35
25, 120, 43, 83
25, 510, 43, 86
25, 128, 44, 73
25, 520, 44, 44
25, 395, 44, 27
25, 49, 44, 27
25, 404, 44, 69
25, 84, 44, 64
25, 565, 44, 11
25, 437, 44, 16
25, 504, 44, 43
25, 92, 44, 95
25, 33, 45, 44
25, 4, 45, 6
25, 517, 45, 76
25, 359, 45, 3
25, 240, 45, 16
25, 500, 45, 44
25, 150, 45, 79
25, 383, 45, 71
25, 256, 46, 58
25, 514, 46, 90
25, 265, 46, 48
25, 279, 46, 83
25, 408, 46, 83
25, 155, 46, 88
25, 551, 46, 7
25, 561, 46, 49
25, 52, 46, 78
25, 68, 46, 67
25, 332, 46, 15
25, 220, 46, 100
25, 486, 46, 20
25, 487, 46, 81
25, 499, 46, 19
25, 371, 46, 54
25, 245, 46, 58
25, 502, 46, 12
25, 120, 46, 83
25, 253, 46, 3
25, 391, 47, 17
25, 8, 47, 27
25, 139, 47, 51
25, 531, 47, 28
25, 19, 47, 5
25, 22, 47, 63
25, 31, 47, 50
25, 159, 47, 91
25, 33, 47, 44
25, 420, 47, 90
25, 552, 47, 93
25, 42, 47, 38
25, 304, 47, 75
25, 181, 47, 96
25, 566, 47, 69
25, 438, 47, 78
25, 577, 47, 21
25, 583, 47, 58
25, 331, 47, 32
25, 596, 47, 73
25, 93, 47, 38
25, 100, 47, 74
25, 521, 48, 53
25, 145, 48, 38
25, 535, 48, 69
25, 296, 48, 40
25, 555, 48, 7
25, 300, 48, 98
25, 45, 48, 75
25, 559, 48, 79
25, 431, 48, 80
25, 435, 48, 4
25, 312, 48, 13
25, 314, 48, 45
25, 186, 48, 46
25, 572, 48, 68
25, 317, 48, 55
25, 456, 48, 16
25, 201, 48, 91
25, 462, 48, 45
25, 337, 48, 2
25, 469, 48, 40
25, 475, 48, 12
25, 498, 48, 19
25, 373, 48, 19
25, 254, 48, 48
25, 4, 49, 6
25, 518, 49, 53
25, 264, 49, 30
25, 21, 49, 90
25, 415, 49, 18
25, 430, 49, 27
25, 568, 49, 55
25, 441, 49, 20
25, 317, 49, 55
25, 196, 49, 48
25, 74, 49, 12
25, 203, 49, 75
25, 77, 49, 27
25, 339, 49, 56
25, 470, 49, 32
25, 494, 49, 90
25, 117, 49, 16
25, 249, 49, 93
25, 506, 49, 62
25, 259, 50, 17
25, 133, 50, 63
25, 402, 50, 42
25, 541, 50, 2
25, 34, 50, 83
25, 425, 50, 51
25, 556, 50, 77
25, 435, 50, 4
25, 54, 50, 37
25, 568, 50, 55
25, 65, 50, 4
25, 68, 50, 67
25, 460, 50, 82
25, 476, 50, 97
25, 233, 50, 8
25, 105, 50, 15
25, 118, 50, 3
25, 246, 50, 18
25, 380, 50, 21
25, 547, 51, 40
25, 421, 51, 86
25, 337, 51, 2
25, 466, 51, 5
25, 442, 51, 61
25, 125, 51, 100
25, 32, 52, 63
25, 70, 52, 81
25, 558, 52, 1
25, 148, 52, 43
25, 84, 52, 64
25, 218, 52, 82
25, 315, 52, 40
25, 253, 52, 3
25, 452, 53, 78
25, 549, 53, 68
25, 520, 53, 44
25, 585, 53, 4
25, 553, 53, 59
25, 512, 54, 23
25, 387, 54, 19
25, 516, 54, 50
25, 137, 54, 13
25, 531, 54, 28
25, 405, 54, 99
25, 533, 54, 92
25, 154, 54, 29
25, 162, 54, 56
25, 424, 54, 67
25, 178, 54, 55
25, 435, 54, 4
25, 185, 54, 97
25, 190, 54, 91
25, 194, 54, 19
25, 93, 54, 38
25, 94, 54, 25
25, 488, 54, 70
25, 361, 54, 52
25, 246, 54, 18
25, 256, 55, 58
25, 4, 55, 6
25, 8, 55, 27
25, 278, 55, 49
25, 535, 55, 69
25, 538, 55, 15
25, 291, 55, 20
25, 292, 55, 95
25, 168, 55, 24
25, 552, 55, 93
25, 50, 55, 35
25, 188, 55, 22
25, 62, 55, 50
25, 196, 55, 48
25, 582, 55, 22
25, 464, 55, 65
25, 598, 55, 16
25, 471, 55, 16
25, 354, 55, 98
25, 228, 55, 42
25, 110, 55, 40
25, 239, 55, 92
25, 367, 55, 33
25, 113, 55, 17
25, 506, 55, 62
25, 256, 56, 58
25, 194, 56, 19
25, 453, 56, 72
25, 299, 56, 21
25, 82, 56, 4
25, 114, 56, 52
25, 372, 56, 35
25, 149, 56, 36
25, 243, 56, 39
25, 344, 56, 54
25, 537, 56, 65
25, 152, 56, 67
25, 158, 56, 1
25, 127, 56, 30
25, 355, 57, 33
25, 326, 57, 36
25, 582, 57, 22
25, 585, 57, 4
25, 403, 57, 25
25, 57, 57, 33
25, 574, 57, 78
25, 256, 58, 58
25, 6, 58, 95
25, 287, 58, 77
25, 33, 58, 44
25, 546, 58, 9
25, 45, 58, 75
25, 309, 58, 33
25, 183, 58, 4
25, 322, 58, 42
25, 582, 58, 22
25, 326, 58, 36
25, 594, 58, 25
25, 597, 58, 61
25, 219, 58, 35
25, 91, 58, 61
25, 226, 58, 36
25, 229, 58, 91
25, 232, 58, 78
25, 234, 58, 55
25, 111, 58, 8
25, 370, 58, 38
25, 246, 58, 18
25, 131, 59, 40
25, 196, 59, 48
25, 376, 59, 21
25, 453, 59, 72
25, 200, 59, 19
25, 298, 59, 97
25, 76, 59, 6
25, 276, 59, 43
25, 597, 59, 61
25, 152, 59, 67
25, 415, 59, 18
25, 4, 60, 6
25, 166, 60, 39
25, 426, 60, 64
25, 331, 60, 32
25, 142, 60, 38
25, 462, 60, 45
25, 174, 60, 77
25, 449, 61, 49
25, 322, 61, 42
25, 582, 61, 22
25, 358, 61, 92
25, 520, 61, 44
25, 73, 61, 80
25, 364, 61, 10
25, 237, 61, 50
25, 60, 61, 66
25, 239, 61, 92
25, 502, 61, 12
25, 444, 61, 44
25, 37, 62, 1
25, 297, 62, 25
25, 527, 62, 73
25, 81, 62, 17
25, 277, 62, 17
25, 533, 62, 92
25, 185, 62, 97
25, 410, 62, 99
25, 413, 62, 57
25, 478, 62, 1
25, 320, 63, 79
25, 69, 63, 50
25, 550, 63, 60
25, 454, 63, 18
25, 39, 63, 78
25, 332, 63, 15
25, 237, 63, 50
25, 174, 63, 77
25, 303, 63, 99
25, 304, 63, 75
25, 561, 63, 49
25, 145, 63, 38
25, 371, 63, 54
25, 339, 63, 56
25, 23, 63, 15
25, 282, 63, 84
25, 138, 64, 3
25, 275, 64, 76
25, 425, 64, 51
25, 171, 64, 42
25, 52, 64, 78
25, 565, 64, 11
25, 190, 64, 91
25, 192, 64, 10
25, 324, 64, 23
25, 582, 64, 22
25, 200, 64, 19
25, 207, 64, 19
25, 209, 64, 18
25, 85, 64, 47
25, 91, 64, 61
25, 226, 64, 36
25, 357, 64, 29
25, 235, 64, 86
25, 376, 64, 21
25, 377, 64, 82
25, 378, 64, 17
25, 541, 65, 2
25, 490, 65, 81
25, 74, 65, 12
25, 177, 65, 53
25, 245, 65, 58
25, 247, 65, 65
25, 253, 65, 3
25, 224, 66, 80
25, 96, 66, 62
25, 356, 66, 86
25, 229, 66, 91
25, 486, 66, 20
25, 361, 66, 52
25, 554, 66, 99
25, 108, 66, 82
25, 174, 66, 77
25, 206, 66, 73
25, 47, 66, 6
25, 178, 66, 55
25, 212, 66, 17
25, 437, 66, 16
25, 213, 66, 33
25, 503, 66, 81
25, 218, 66, 82
25, 252, 66, 9
25, 5, 67, 56
25, 172, 67, 5
25, 77, 67, 27
25, 78, 67, 27
25, 379, 67, 11
25, 383, 67, 71
25, 130, 68, 37
25, 359, 68, 3
25, 552, 68, 93
25, 553, 68, 59
25, 585, 68, 4
25, 301, 68, 1
25, 530, 68, 43
25, 371, 68, 54
25, 152, 68, 67
25, 121, 68, 29
25, 126, 68, 80
25, 379, 68, 11
25, 508, 68, 8
25, 542, 68, 10
25, 191, 68, 95
25, 385, 69, 35
25, 516, 69, 50
25, 261, 69, 10
25, 390, 69, 69
25, 141, 69, 41
25, 530, 69, 43
25, 531, 69, 28
25, 149, 69, 36
25, 278, 69, 49
25, 37, 69, 1
25, 169, 69, 78
25, 309, 69, 33
25, 315, 69, 40
25, 219, 69, 35
25, 94, 69, 25
25, 481, 69, 67
25, 226, 69, 36
25, 360, 69, 60
25, 234, 69, 55
25, 495, 69, 49
25, 114, 69, 52
25, 162, 70, 56
25, 517, 70, 76
25, 425, 70, 51
25, 427, 70, 34
25, 300, 70, 98
25, 366, 70, 66
25, 21, 70, 90
25, 157, 70, 61
25, 514, 71, 90
25, 515, 71, 14
25, 261, 71, 10
25, 527, 71, 73
25, 150, 71, 79
25, 535, 71, 69
25, 287, 71, 77
25, 160, 71, 50
25, 415, 71, 18
25, 553, 71, 59
25, 312, 71, 13
25, 318, 71, 54
25, 446, 71, 12
25, 597, 71, 61
25, 224, 71, 80
25, 353, 71, 10
25, 227, 71, 91
25, 356, 71, 86
25, 493, 71, 38
25, 369, 71, 35
25, 500, 71, 44
25, 501, 71, 44
25, 248, 71, 12
25, 379, 71, 11
25, 126, 71, 80
25, 320, 72, 79
25, 325, 72, 18
25, 199, 72, 80
25, 45, 72, 75
25, 339, 72, 56
25, 470, 72, 32
25, 346, 72, 70
25, 159, 72, 91
25, 384, 73, 92
25, 64, 73, 5
25, 450, 73, 14
25, 547, 73, 40
25, 260, 73, 10
25, 134, 73, 45
25, 264, 73, 30
25, 300, 73, 98
25, 333, 73, 81
25, 494, 73, 90
25, 79, 73, 7
25, 308, 73, 85
25, 597, 73, 61
25, 58, 73, 57
25, 509, 73, 34
25, 0, 74, 31
25, 261, 74, 10
25, 392, 74, 4
25, 136, 74, 89
25, 361, 74, 52
25, 14, 74, 25
25, 79, 74, 7
25, 48, 74, 12
25, 498, 74, 19
25, 147, 74, 20
25, 437, 74, 16
25, 442, 74, 61
25, 27, 74, 59
25, 124, 74, 91
25, 513, 75, 73
25, 134, 75, 45
25, 268, 75, 70
25, 534, 75, 46
25, 49, 75, 27
25, 314, 75, 45
25, 589, 75, 79
25, 207, 75, 19
25, 594, 75, 25
25, 211, 75, 45
25, 346, 75, 70
25, 475, 75, 12
25, 477, 75, 5
25, 480, 75, 87
25, 111, 75, 8
25, 243, 75, 39
25, 500, 75, 44
25, 251, 75, 17
25, 124, 75, 91
25, 4, 76, 6
25, 517, 76, 76
25, 7, 76, 35
25, 394, 76, 42
25, 138, 76, 3
25, 399, 76, 65
25, 532, 76, 56
25, 26, 76, 27
25, 289, 76, 92
25, 422, 76, 55
25, 188, 76, 22
25, 449, 76, 49
25, 579, 76, 19
25, 68, 76, 67
25, 586, 76, 67
25, 207, 76, 19
25, 336, 76, 41
25, 224, 76, 80
25, 486, 76, 20
25, 103, 76, 88
25, 232, 76, 78
25, 496, 76, 31
25, 498, 76, 19
25, 509, 76, 34
25, 97, 77, 95
25, 354, 77, 98
25, 2, 77, 48
25, 164, 77, 67
25, 231, 77, 5
25, 329, 77, 56
25, 393, 77, 91
25, 10, 77, 90
25, 171, 77, 42
25, 590, 77, 73
25, 271, 77, 33
25, 144, 77, 33
25, 274, 77, 45
25, 211, 77, 45
25, 244, 77, 37
25, 474, 77, 62
25, 477, 77, 5
25, 446, 77, 12
25, 128, 78, 73
25, 3, 78, 24
25, 516, 78, 50
25, 510, 78, 86
25, 270, 78, 34
25, 405, 78, 99
25, 153, 78, 7
25, 412, 78, 74
25, 540, 78, 2
25, 294, 78, 20
25, 56, 78, 21
25, 446, 78, 12
25, 582, 78, 22
25, 199, 78, 80
25, 454, 78, 18
25, 340, 78, 81
25, 97, 78, 95
25, 100, 78, 74
25, 103, 78, 88
25, 105, 78, 15
25, 370, 78, 38
25, 501, 78, 44
25, 380, 78, 21
25, 382, 78, 15
25, 131, 79, 40
25, 419, 79, 25
25, 4, 79, 6
25, 584, 79, 38
25, 136, 79, 89
25, 268, 79, 70
25, 559, 79, 79
25, 593, 79, 20
25, 212, 79, 17
25, 23, 79, 15
25, 344, 79, 54
25, 3, 80, 24
25, 484, 80, 53
25, 581, 80, 50
25, 227, 80, 91
25, 489, 80, 5
25, 170, 80, 64
25, 588, 80, 53
25, 110, 80, 40
25, 463, 80, 32
25, 144, 80, 33
25, 113, 80, 17
25, 18, 80, 35
25, 271, 80, 33
25, 598, 80, 16
25, 503, 80, 81
25, 250, 80, 8
25, 123, 80, 89
25, 482, 81, 56
25, 578, 81, 25
25, 325, 81, 18
25, 42, 81, 38
25, 147, 81, 20
25, 186, 81, 46
25, 5, 82, 56
25, 9, 82, 10
25, 10, 82, 90
25, 526, 82, 56
25, 530, 82, 43
25, 25, 82, 75
25, 158, 82, 1
25, 159, 82, 91
25, 165, 82, 15
25, 424, 82, 67
25, 299, 82, 21
25, 190, 82, 91
25, 191, 82, 95
25, 583, 82, 58
25, 218, 82, 82
25, 92, 82, 95
25, 98, 82, 25
25, 487, 82, 81
25, 238, 82, 35
25, 114, 82, 52
25, 375, 82, 72
25, 124, 82, 91
25, 577, 83, 21
25, 161, 83, 74
25, 130, 83, 37
25, 322, 83, 42
25, 165, 83, 15
25, 3, 83, 24
25, 313, 83, 22
25, 296, 83, 40
25, 297, 83, 25
25, 107, 83, 14
25, 429, 83, 88
25, 302, 83, 51
25, 569, 83, 96
25, 593, 83, 20
25, 147, 83, 20
25, 121, 83, 29
25, 61, 83, 10
25, 159, 83, 91
25, 321, 84, 54
25, 446, 84, 12
25, 260, 84, 10
25, 134, 84, 45
25, 585, 84, 4
25, 397, 84, 13
25, 531, 84, 28
25, 180, 84, 36
25, 219, 84, 35
25, 94, 84, 25
25, 385, 85, 35
25, 520, 85, 44
25, 393, 85, 91
25, 143, 85, 79
25, 273, 85, 82
25, 25, 85, 75
25, 27, 85, 59
25, 157, 85, 61
25, 443, 85, 100
25, 65, 85, 4
25, 73, 85, 80
25, 212, 85, 17
25, 221, 85, 88
25, 353, 85, 10
25, 483, 85, 81
25, 110, 85, 40
25, 374, 85, 32
25, 508, 85, 8
25, 510, 85, 86
25, 513, 86, 73
25, 131, 86, 40
25, 399, 86, 65
25, 272, 86, 17
25, 402, 86, 42
25, 147, 86, 20
25, 537, 86, 65
25, 286, 86, 27
25, 296, 86, 40
25, 297, 86, 25
25, 552, 86, 93
25, 427, 86, 34
25, 302, 86, 51
25, 174, 86, 77
25, 444, 86, 44
25, 590, 86, 73
25, 591, 86, 84
25, 220, 86, 100
25, 240, 86, 16
25, 116, 86, 25
25, 245, 86, 58
25, 246, 86, 18
25, 247, 86, 65
25, 504, 86, 43
25, 123, 86, 89
25, 129, 87, 94
25, 260, 87, 10
25, 516, 87, 50
25, 13, 87, 2
25, 23, 87, 15
25, 281, 87, 61
25, 157, 87, 61
25, 413, 87, 57
25, 172, 87, 5
25, 174, 87, 77
25, 50, 87, 35
25, 568, 87, 55
25, 569, 87, 96
25, 579, 87, 19
25, 325, 87, 18
25, 337, 87, 2
25, 470, 87, 32
25, 474, 87, 62
25, 93, 87, 38
25, 363, 87, 33
25, 237, 87, 50
25, 246, 87, 18
25, 118, 87, 3
25, 544, 88, 56
25, 548, 88, 56
25, 168, 88, 24
25, 589, 88, 79
25, 207, 88, 19
25, 532, 88, 56
25, 185, 88, 97
25, 415, 88, 18
25, 0, 89, 31
25, 285, 89, 14
25, 519, 89, 92
25, 43, 89, 91
25, 395, 89, 27
25, 112, 89, 10
25, 30, 89, 5
25, 183, 89, 4
25, 86, 89, 42
25, 87, 89, 56
25, 537, 89, 65
25, 538, 89, 15
25, 251, 89, 17
25, 221, 89, 88
25, 413, 89, 57
25, 393, 90, 91
25, 523, 90, 93
25, 271, 90, 33
25, 274, 90, 45
25, 149, 90, 36
25, 27, 90, 59
25, 284, 90, 10
25, 428, 90, 84
25, 303, 90, 99
25, 179, 90, 1
25, 182, 90, 37
25, 439, 90, 24
25, 185, 90, 97
25, 598, 90, 16
25, 89, 90, 43
25, 353, 90, 10
25, 231, 90, 5
25, 103, 90, 88
25, 109, 90, 21
25, 494, 90, 90
25, 371, 90, 54
25, 121, 90, 29
25, 253, 90, 3
25, 288, 91, 67
25, 352, 91, 54
25, 129, 91, 94
25, 515, 91, 14
25, 580, 91, 57
25, 197, 91, 13
25, 326, 91, 36
25, 167, 91, 45
25, 486, 91, 20
25, 521, 91, 53
25, 450, 91, 14
25, 302, 91, 51
25, 111, 91, 8
25, 433, 91, 82
25, 376, 91, 21
25, 444, 91, 44
25, 63, 91, 72
25, 135, 92, 17
25, 9, 92, 10
25, 270, 92, 34
25, 408, 92, 83
25, 540, 92, 2
25, 416, 92, 36
25, 167, 92, 45
25, 179, 92, 1
25, 312, 92, 13
25, 447, 92, 4
25, 575, 92, 52
25, 453, 92, 72
25, 585, 92, 4
25, 335, 92, 5
25, 339, 92, 56
25, 598, 92, 16
25, 471, 92, 16
25, 87, 92, 56
25, 362, 92, 93
25, 241, 92, 18
25, 123, 92, 89
25, 253, 92, 3
25, 551, 93, 7
25, 200, 93, 19
25, 86, 93, 42
25, 409, 93, 6
25, 91, 93, 61
25, 509, 94, 34
25, 520, 94, 44
25, 114, 94, 52
25, 439, 94, 24
25, 221, 94, 88
25, 484, 95, 53
25, 453, 95, 72
25, 356, 95, 86
25, 357, 95, 29
25, 171, 95, 42
25, 364, 95, 10
25, 528, 95, 85
25, 28, 95, 6
25, 477, 95, 5
25, 453, 96, 72
25, 487, 96, 81
25, 365, 96, 25
25, 494, 96, 90
25, 116, 96, 25
25, 216, 96, 15
25, 390, 97, 69
25, 524, 97, 1
25, 141, 97, 41
25, 14, 97, 25
25, 532, 97, 56
25, 408, 97, 83
25, 281, 97, 61
25, 159, 97, 91
25, 160, 97, 50
25, 416, 97, 36
25, 167, 97, 45
25, 423, 97, 13
25, 428, 97, 84
25, 172, 97, 5
25, 313, 97, 22
25, 443, 97, 100
25, 72, 97, 30
25, 338, 97, 90
25, 110, 97, 40
25, 244, 97, 37
25, 255, 97, 91
25, 388, 98, 91
25, 394, 98, 42
25, 397, 98, 13
25, 276, 98, 43
25, 432, 98, 54
25, 562, 98, 93
25, 564, 98, 34
25, 52, 98, 78
25, 438, 98, 78
25, 54, 98, 37
25, 191, 98, 95
25, 599, 98, 71
25, 91, 98, 61
25, 351, 98, 58
25, 361, 98, 52
25, 491, 98, 96
25, 496, 98, 31
25, 373, 98, 19
25, 502, 98, 12
25, 523, 99, 93
25, 143, 99, 79
25, 22, 99, 63
25, 407, 99, 23
25, 24, 99, 77
25, 411, 99, 16
25, 547, 99, 40
25, 291, 99, 20
25, 303, 99, 99
25, 432, 99, 54
25, 436, 99, 89
25, 439, 99, 24
25, 313, 99, 22
25, 192, 99, 10
25, 587, 99, 30
25, 338, 99, 90
25, 211, 99, 45
25, 227, 99, 91
25, 361, 99, 52
25, 493, 99, 38
25, 126, 99, 80
25, 128, 100, 73
25, 552, 100, 93
25, 396, 100, 97
25, 507, 100, 14
25, 58, 100, 57
25, 251, 100, 17
25, 320, 101, 79
25, 322, 101, 42
25, 354, 101, 98
25, 68, 101, 67
25, 230, 101, 71
25, 265, 101, 48
25, 522, 101, 88
25, 77, 101, 27
25, 181, 101, 96
25, 216, 101, 15
25, 412, 101, 74
25, 259, 102, 17
25, 325, 102, 18
25, 423, 102, 13
25, 200, 102, 19
25, 44, 102, 98
25, 304, 102, 75
25, 19, 102, 5
25, 372, 102, 35
25, 94, 102, 25
25, 516, 103, 50
25, 136, 103, 89
25, 16, 103, 45
25, 146, 103, 23
25, 148, 103, 43
25, 533, 103, 92
25, 285, 103, 14
25, 34, 103, 83
25, 163, 103, 99
25, 164, 103, 67
25, 435, 103, 4
25, 448, 103, 9
25, 338, 103, 90
25, 466, 103, 5
25, 339, 103, 56
25, 484, 103, 53
25, 105, 103, 15
25, 499, 103, 19
25, 251, 103, 17
25, 511, 103, 80
25, 143, 104, 79
25, 537, 104, 65
25, 28, 104, 6
25, 418, 104, 54
25, 162, 104, 56
25, 38, 104, 58
25, 42, 104, 38
25, 559, 104, 79
25, 436, 104, 89
25, 58, 104, 57
25, 574, 104, 78
25, 65, 104, 4
25, 451, 104, 68
25, 334, 104, 49
25, 207, 104, 19
25, 336, 104, 41
25, 593, 104, 20
25, 466, 104, 5
25, 86, 104, 42
25, 473, 104, 84
25, 218, 104, 82
25, 100, 104, 74
25, 357, 104, 29
25, 247, 104, 65
25, 3, 105, 24
25, 6, 105, 95
25, 281, 105, 61
25, 26, 105, 27
25, 35, 105, 59
25, 551, 105, 7
25, 173, 105, 45
25, 429, 105, 88
25, 301, 105, 1
25, 574, 105, 78
25, 575, 105, 52
25, 451, 105, 68
25, 453, 105, 72
25, 70, 105, 81
25, 208, 105, 17
25, 346, 105, 70
25, 219, 105, 35
25, 99, 105, 9
25, 101, 105, 61
25, 234, 105, 55
25, 363, 105, 33
25, 496, 105, 31
25, 116, 105, 25
25, 245, 105, 58
25, 379, 105, 11
25, 449, 106, 49
25, 289, 106, 92
25, 72, 106, 30
25, 201, 106, 91
25, 479, 106, 100
25, 299, 106, 21
25, 511, 106, 80
25, 301, 106, 1
25, 141, 106, 41
25, 405, 106, 99
25, 245, 106, 58
25, 127, 106, 30
25, 134, 107, 45
25, 266, 107, 15
25, 142, 107, 38
25, 294, 107, 20
25, 297, 107, 25
25, 304, 107, 75
25, 49, 107, 27
25, 433, 107, 82
25, 562, 107, 93
25, 181, 107, 96
25, 184, 107, 29
25, 314, 107, 45
25, 199, 107, 80
25, 207, 107, 19
25, 338, 107, 90
25, 214, 107, 56
25, 344, 107, 54
25, 90, 107, 73
25, 352, 107, 54
25, 484, 107, 53
25, 228, 107, 42
25, 234, 107, 55
25, 382, 107, 15
25, 385, 108, 35
25, 258, 108, 29
25, 259, 108, 17
25, 5, 108, 56
25, 263, 108, 52
25, 399, 108, 65
25, 148, 108, 43
25, 37, 108, 1
25, 182, 108, 37
25, 441, 108, 20
25, 185, 108, 97
25, 315, 108, 40
25, 190, 108, 91
25, 448, 108, 9
25, 72, 108, 30
25, 202, 108, 55
25, 85, 108, 47
25, 480, 108, 87
25, 96, 108, 62
25, 501, 108, 44
25, 119, 108, 44
25, 120, 108, 83
25, 507, 108, 14
25, 509, 108, 34
25, 129, 109, 94
25, 516, 109, 50
25, 233, 109, 8
25, 105, 109, 15
25, 521, 109, 53
25, 523, 109, 93
25, 302, 109, 51
25, 146, 109, 23
25, 53, 109, 11
25, 86, 109, 42
25, 153, 109, 7
25, 186, 109, 46
25, 190, 109, 91
25, 66, 110, 73
25, 200, 110, 19
25, 264, 110, 30
25, 204, 110, 64
25, 58, 110, 57
25, 1, 111, 66
25, 385, 111, 35
25, 185, 111, 97
25, 517, 111, 76
25, 281, 111, 61
25, 491, 111, 96
25, 300, 111, 98
25, 204, 111, 64
25, 302, 111, 51
25, 497, 111, 22
25, 181, 111, 96
25, 406, 111, 52
25, 568, 111, 55
25, 57, 111, 33
25, 570, 111, 46
25, 251, 111, 17
25, 30, 111, 5
25, 287, 111, 77
25, 224, 112, 80
25, 417, 112, 60
25, 418, 112, 54
25, 34, 112, 83
25, 385, 112, 35
25, 384, 112, 92
25, 96, 112, 62
25, 435, 112, 4
25, 373, 112, 19
25, 152, 112, 67
25, 572, 112, 68
25, 318, 112, 54
25, 385, 113, 35
25, 4, 113, 6
25, 275, 113, 76
25, 23, 113, 15
25, 26, 113, 27
25, 154, 113, 29
25, 33, 113, 44
25, 162, 113, 56
25, 418, 113, 54
25, 309, 113, 33
25, 570, 113, 46
25, 61, 113, 10
25, 574, 113, 78
25, 319, 113, 82
25, 63, 113, 72
25, 66, 113, 73
25, 201, 113, 91
25, 590, 113, 73
25, 470, 113, 32
25, 216, 113, 15
25, 224, 113, 80
25, 119, 113, 44
25, 251, 113, 17
25, 380, 113, 21
25, 64, 114, 5
25, 439, 114, 24
25, 258, 114, 29
25, 163, 114, 99
25, 580, 114, 57
25, 198, 114, 2
25, 42, 114, 38
25, 491, 114, 96
25, 427, 114, 34
25, 369, 114, 35
25, 338, 114, 90
25, 244, 114, 37
25, 468, 114, 78
25, 503, 114, 81
25, 153, 114, 7
25, 378, 114, 17
25, 284, 114, 10
25, 350, 114, 72
25, 1, 115, 66
25, 195, 115, 57
25, 549, 115, 68
25, 587, 115, 30
25, 523, 115, 93
25, 557, 115, 12
25, 542, 115, 10
25, 386, 116, 2
25, 324, 116, 23
25, 262, 116, 95
25, 535, 116, 69
25, 61, 116, 10
25, 259, 117, 17
25, 389, 117, 45
25, 398, 117, 33
25, 16, 117, 45
25, 402, 117, 42
25, 532, 117, 56
25, 26, 117, 27
25, 286, 117, 27
25, 544, 117, 56
25, 546, 117, 9
25, 174, 117, 77
25, 433, 117, 82
25, 178, 117, 55
25, 179, 117, 1
25, 457, 117, 69
25, 598, 117, 16
25, 225, 117, 84
25, 485, 117, 19
25, 231, 117, 5
25, 490, 117, 81
25, 491, 117, 96
25, 497, 117, 22
25, 116, 117, 25
25, 164, 118, 67
25, 487, 118, 81
25, 584, 118, 38
25, 169, 118, 78
25, 10, 118, 90
25, 266, 118, 15
25, 588, 118, 53
25, 365, 118, 25
25, 458, 118, 4
25, 489, 118, 5
25, 360, 118, 60
25, 248, 118, 12
25, 89, 118, 43
25, 161, 119, 74
25, 325, 119, 18
25, 261, 119, 10
25, 394, 119, 42
25, 269, 119, 93
25, 336, 119, 41
25, 241, 119, 18
25, 210, 119, 13
25, 283, 119, 59
25, 438, 119, 78
25, 566, 119, 69
25, 88, 119, 40
25, 598, 119, 16
25, 154, 119, 29
25, 187, 119, 87
25, 188, 119, 22
25, 509, 119, 34
25, 161, 120, 74
25, 196, 120, 48
25, 261, 120, 10
25, 47, 120, 6
25, 369, 120, 35
25, 370, 120, 38
25, 18, 120, 35
25, 53, 120, 11
25, 22, 120, 63
25, 123, 120, 89
25, 96, 121, 62
25, 385, 121, 35
25, 388, 121, 91
25, 519, 121, 92
25, 232, 121, 78
25, 591, 121, 84
25, 368, 121, 94
25, 113, 121, 17
25, 18, 121, 35
25, 565, 121, 11
25, 55, 121, 75
25, 513, 122, 73
25, 264, 122, 30
25, 16, 122, 45
25, 22, 122, 63
25, 408, 122, 83
25, 543, 122, 94
25, 544, 122, 56
25, 416, 122, 36
25, 422, 122, 55
25, 295, 122, 10
25, 431, 122, 80
25, 436, 122, 89
25, 186, 122, 46
25, 449, 122, 49
25, 323, 122, 1
25, 324, 122, 23
25, 336, 122, 41
25, 345, 122, 1
25, 476, 122, 97
25, 498, 122, 19
25, 371, 122, 54
25, 499, 122, 19
25, 501, 122, 44
25, 379, 122, 11
25, 126, 122, 80
25, 256, 123, 58
25, 512, 123, 23
25, 517, 123, 76
25, 90, 123, 73
25, 525, 123, 65
25, 175, 123, 51
25, 19, 123, 5
25, 534, 123, 46
25, 566, 123, 69
25, 473, 123, 84
25, 378, 123, 17
25, 443, 123, 100
25, 384, 124, 92
25, 225, 124, 84
25, 487, 124, 81
25, 201, 124, 91
25, 138, 124, 3
25, 266, 124, 15
25, 108, 124, 82
25, 435, 124, 4
25, 84, 124, 64
25, 563, 124, 48
25, 181, 124, 96
25, 501, 124, 44
25, 568, 124, 55
25, 125, 124, 100
25, 318, 124, 54
25, 354, 125, 98
25, 67, 125, 60
25, 163, 125, 99
25, 515, 125, 14
25, 454, 125, 18
25, 6, 125, 95
25, 518, 125, 53
25, 584, 125, 38
25, 236, 125, 98
25, 274, 125, 45
25, 180, 125, 36
25, 596, 125, 73
25, 406, 125, 52
25, 573, 125, 80
25, 575, 125, 52
25, 136, 126, 89
25, 522, 126, 88
25, 141, 126, 41
25, 17, 126, 75
25, 21, 126, 90
25, 408, 126, 83
25, 418, 126, 54
25, 166, 126, 39
25, 298, 126, 97
25, 48, 126, 12
25, 563, 126, 48
25, 577, 126, 21
25, 321, 126, 54
25, 593, 126, 20
25, 211, 126, 45
25, 340, 126, 81
25, 213, 126, 33
25, 344, 126, 54
25, 488, 126, 70
25, 105, 126, 15
25, 108, 126, 82
25, 500, 126, 44
25, 250, 126, 8
25, 325, 127, 18
25, 518, 127, 53
25, 522, 127, 88
25, 42, 127, 38
25, 116, 127, 25
25, 506, 127, 62
25, 31, 127, 50
25, 266, 128, 15
25, 395, 128, 27
25, 400, 128, 16
25, 156, 128, 48
25, 540, 128, 2
25, 30, 128, 5
25, 164, 128, 67
25, 167, 128, 45
25, 567, 128, 24
25, 188, 128, 22
25, 449, 128, 49
25, 452, 128, 78
25, 585, 128, 4
25, 339, 128, 56
25, 235, 128, 86
25, 493, 128, 38
25, 241, 128, 18
25, 244, 128, 37
25, 123, 128, 89
25, 511, 128, 80
25, 289, 129, 92
25, 292, 129, 95
25, 197, 129, 13
25, 422, 129, 55
25, 423, 129, 13
25, 199, 129, 80
25, 488, 129, 70
25, 326, 129, 36
25, 260, 129, 10
25, 536, 129, 32
25, 205, 129, 16
25, 403, 129, 25
25, 275, 129, 76
25, 534, 129, 46
25, 312, 129, 13
25, 313, 129, 22
25, 417, 130, 60
25, 420, 130, 90
25, 71, 130, 21
25, 264, 130, 30
25, 395, 130, 27
25, 460, 130, 82
25, 246, 130, 18
25, 567, 130, 24
25, 131, 131, 40
25, 8, 131, 27
25, 140, 131, 67
25, 14, 131, 25
25, 283, 131, 59
25, 290, 131, 48
25, 295, 131, 10
25, 570, 131, 46
25, 314, 131, 45
25, 74, 131, 12
25, 335, 131, 5
25, 210, 131, 13
25, 469, 131, 40
25, 97, 131, 95
25, 238, 131, 35
25, 369, 131, 35
25, 114, 131, 52
25, 502, 131, 12
25, 121, 131, 29
25, 253, 131, 3
25, 132, 132, 44
25, 285, 132, 14
25, 421, 132, 86
25, 293, 132, 68
25, 167, 132, 45
25, 41, 132, 67
25, 170, 132, 64
25, 427, 132, 34
25, 44, 132, 98
25, 304, 132, 75
25, 567, 132, 24
25, 573, 132, 80
25, 321, 132, 54
25, 327, 132, 22
25, 329, 132, 56
25, 336, 132, 41
25, 338, 132, 90
25, 86, 132, 42
25, 361, 132, 52
25, 234, 132, 55
25, 493, 132, 38
25, 244, 132, 37
25, 379, 132, 11
25, 382, 132, 15
25, 134, 133, 45
25, 7, 133, 35
25, 149, 133, 36
25, 150, 133, 79
25, 21, 133, 90
25, 408, 133, 83
25, 539, 133, 82
25, 161, 133, 74
25, 546, 133, 9
25, 48, 133, 12
25, 307, 133, 14
25, 443, 133, 100
25, 188, 133, 22
25, 333, 133, 81
25, 594, 133, 25
25, 349, 133, 95
25, 226, 133, 36
25, 360, 133, 60
25, 371, 133, 54
25, 374, 133, 32
25, 385, 134, 35
25, 389, 134, 45
25, 154, 134, 29
25, 27, 134, 59
25, 410, 134, 99
25, 31, 134, 50
25, 41, 134, 67
25, 554, 134, 99
25, 557, 134, 12
25, 176, 134, 58
25, 562, 134, 93
25, 443, 134, 100
25, 61, 134, 10
25, 574, 134, 78
25, 463, 134, 32
25, 337, 134, 2
25, 89, 134, 43
25, 221, 134, 88
25, 478, 134, 1
25, 356, 134, 86
25, 501, 134, 44
25, 119, 134, 44
25, 259, 135, 17
25, 523, 135, 93
25, 533, 135, 92
25, 280, 135, 37
25, 286, 135, 27
25, 551, 135, 7
25, 557, 135, 12
25, 558, 135, 1
25, 304, 135, 75
25, 563, 135, 48
25, 60, 135, 66
25, 320, 135, 79
25, 193, 135, 40
25, 579, 135, 19
25, 459, 135, 29
25, 84, 135, 64
25, 213, 135, 33
25, 226, 135, 36
25, 483, 135, 81
25, 489, 135, 5
25, 246, 135, 18
25, 119, 135, 44
25, 352, 136, 54
25, 450, 136, 14
25, 287, 136, 77
25, 362, 136, 93
25, 430, 136, 27
25, 399, 136, 65
25, 47, 136, 6
25, 15, 136, 94
25, 182, 136, 37
25, 408, 136, 83
25, 24, 136, 77
25, 474, 136, 62
25, 411, 136, 16
25, 216, 136, 15
25, 25, 136, 75
25, 255, 136, 91
25, 358, 137, 92
25, 294, 137, 20
25, 177, 137, 53
25, 530, 137, 43
25, 564, 137, 34
25, 345, 137, 1
25, 160, 138, 50
25, 65, 138, 4
25, 290, 138, 48
25, 194, 138, 19
25, 164, 138, 67
25, 544, 138, 56
25, 167, 138, 45
25, 267, 138, 27
25, 556, 138, 77
25, 113, 138, 17
25, 434, 138, 18
25, 50, 138, 35
25, 84, 138, 64
25, 533, 138, 92
25, 215, 138, 30
25, 123, 138, 89
25, 284, 138, 10
25, 517, 139, 76
25, 264, 139, 30
25, 394, 139, 42
25, 142, 139, 38
25, 30, 139, 5
25, 31, 139, 50
25, 544, 139, 56
25, 550, 139, 60
25, 43, 139, 91
25, 556, 139, 77
25, 178, 139, 55
25, 436, 139, 89
25, 187, 139, 87
25, 66, 139, 73
25, 580, 139, 57
25, 334, 139, 49
25, 114, 139, 52
25, 500, 139, 44
25, 504, 139, 43
25, 390, 140, 69
25, 6, 140, 95
25, 396, 140, 97
25, 525, 140, 65
25, 12, 140, 24
25, 560, 140, 6
25, 432, 140, 54
25, 434, 140, 18
25, 55, 140, 75
25, 190, 140, 91
25, 454, 140, 18
25, 585, 140, 4
25, 590, 140, 73
25, 596, 140, 73
25, 472, 140, 94
25, 345, 140, 1
25, 349, 140, 95
25, 478, 140, 1
25, 351, 140, 58
25, 233, 140, 8
25, 492, 140, 9
25, 241, 140, 18
25, 113, 140, 17
25, 243, 140, 39
25, 251, 140, 17
25, 257, 141, 21
25, 166, 141, 39
25, 391, 141, 17
25, 360, 141, 60
25, 423, 141, 13
25, 108, 141, 82
25, 301, 141, 1
25, 142, 141, 38
25, 172, 141, 5
25, 340, 141, 81
25, 373, 141, 19
25, 245, 141, 58
25, 375, 141, 72
25, 469, 141, 40
25, 24, 141, 77
25, 250, 141, 8
25, 572, 141, 68
25, 63, 141, 72
25, 96, 142, 62
25, 512, 142, 23
25, 261, 142, 10
25, 362, 142, 93
25, 271, 142, 33
25, 370, 142, 38
25, 115, 142, 4
25, 563, 142, 48
25, 473, 142, 84
25, 451, 143, 68
25, 166, 143, 39
25, 198, 143, 2
25, 207, 143, 19
25, 399, 143, 65
25, 50, 143, 35
25, 340, 143, 81
25, 214, 143, 56
25, 217, 143, 37
25, 59, 143, 90
25, 317, 143, 55
25, 287, 143, 77
25, 0, 144, 31
25, 517, 144, 76
25, 525, 144, 65
25, 146, 144, 23
25, 155, 144, 88
25, 28, 144, 6
25, 41, 144, 67
25, 169, 144, 78
25, 302, 144, 51
25, 431, 144, 80
25, 433, 144, 82
25, 177, 144, 53
25, 180, 144, 36
25, 183, 144, 4
25, 450, 144, 14
25, 75, 144, 62
25, 203, 144, 75
25, 462, 144, 45
25, 346, 144, 70
25, 220, 144, 100
25, 232, 144, 78
25, 361, 144, 52
25, 364, 144, 10
25, 116, 144, 25
25, 192, 145, 10
25, 160, 145, 50
25, 258, 145, 29
25, 444, 145, 44
25, 549, 145, 68
25, 5, 145, 56
25, 455, 145, 40
25, 489, 145, 5
25, 365, 145, 25
25, 269, 145, 93
25, 595, 145, 21
25, 339, 145, 56
25, 409, 145, 6
25, 122, 145, 7
25, 28, 145, 6
25, 157, 145, 61
25, 359, 146, 3
25, 488, 146, 70
25, 494, 146, 90
25, 464, 146, 65
25, 373, 146, 19
25, 213, 146, 33
25, 215, 146, 30
25, 350, 146, 72
25, 128, 147, 73
25, 261, 147, 10
25, 7, 147, 35
25, 520, 147, 44
25, 270, 147, 34
25, 144, 147, 33
25, 401, 147, 91
25, 145, 147, 38
25, 150, 147, 79
25, 543, 147, 94
25, 38, 147, 58
25, 39, 147, 78
25, 172, 147, 5
25, 430, 147, 27
25, 432, 147, 54
25, 308, 147, 85
25, 576, 147, 31
25, 346, 147, 70
25, 478, 147, 1
25, 136, 148, 89
25, 42, 148, 38
25, 18, 148, 35
25, 596, 148, 73
25, 313, 148, 22
25, 386, 149, 2
25, 323, 149, 1
25, 195, 149, 57
25, 581, 149, 50
25, 37, 149, 1
25, 71, 149, 21
25, 136, 149, 89
25, 104, 149, 41
25, 299, 149, 21
25, 272, 149, 17
25, 209, 149, 18
25, 178, 149, 55
25, 340, 149, 81
25, 182, 149, 37
25, 349, 149, 95
25, 319, 149, 82
25, 480, 150, 87
25, 160, 150, 50
25, 193, 150, 40
25, 163, 150, 99
25, 230, 150, 71
25, 585, 150, 4
25, 235, 150, 86
25, 114, 150, 52
25, 242, 150, 86
25, 306, 150, 18
25, 440, 150, 83
25, 121, 150, 29
25, 538, 150, 15
25, 158, 150, 1
25, 383, 150, 71
25, 267, 151, 27
25, 396, 151, 97
25, 527, 151, 73
25, 151, 151, 38
25, 538, 151, 15
25, 541, 151, 2
25, 32, 151, 63
25, 417, 151, 60
25, 35, 151, 59
25, 292, 151, 95
25, 37, 151, 1
25, 294, 151, 20
25, 432, 151, 54
25, 195, 151, 57
25, 323, 151, 1
25, 206, 151, 73
25, 210, 151, 13
25, 340, 151, 81
25, 218, 151, 82
25, 478, 151, 1
25, 231, 151, 5
25, 246, 151, 18
25, 249, 151, 93
25, 381, 151, 88
25, 256, 152, 58
25, 130, 152, 37
25, 388, 152, 91
25, 517, 152, 76
25, 140, 152, 67
25, 409, 152, 6
25, 31, 152, 50
25, 547, 152, 40
25, 425, 152, 51
25, 178, 152, 55
25, 58, 152, 57
25, 318, 152, 54
25, 63, 152, 72
25, 201, 152, 91
25, 458, 152, 4
25, 74, 152, 12
25, 205, 152, 16
25, 77, 152, 27
25, 85, 152, 47
25, 215, 152, 30
25, 345, 152, 1
25, 473, 152, 84
25, 98, 152, 25
25, 230, 152, 71
25, 495, 152, 49
25, 290, 153, 48
25, 54, 153, 37
25, 118, 153, 3
25, 278, 153, 49
25, 255, 153, 91
25, 192, 154, 10
25, 417, 154, 60
25, 2, 154, 48
25, 1, 154, 66
25, 583, 154, 58
25, 169, 154, 78
25, 426, 154, 64
25, 107, 154, 14
25, 331, 154, 32
25, 461, 154, 39
25, 171, 154, 42
25, 28, 154, 6
25, 62, 154, 50
25, 3, 155, 24
25, 526, 155, 56
25, 14, 155, 25
25, 144, 155, 33
25, 405, 155, 99
25, 279, 155, 83
25, 435, 155, 4
25, 449, 155, 49
25, 76, 155, 6
25, 590, 155, 73
25, 593, 155, 20
25, 84, 155, 64
25, 341, 155, 21
25, 224, 155, 80
25, 481, 155, 67
25, 355, 155, 33
25, 485, 155, 19
25, 358, 155, 92
25, 235, 155, 86
25, 237, 155, 50
25, 500, 155, 44
25, 121, 155, 29
25, 378, 155, 17
25, 379, 155, 11
25, 390, 156, 69
25, 264, 156, 30
25, 522, 156, 88
25, 527, 156, 73
25, 278, 156, 49
25, 29, 156, 66
25, 546, 156, 9
25, 556, 156, 77
25, 173, 156, 45
25, 182, 156, 37
25, 311, 156, 86
25, 568, 156, 55
25, 58, 156, 57
25, 201, 156, 91
25, 205, 156, 16
25, 206, 156, 73
25, 89, 156, 43
25, 496, 156, 31
25, 380, 156, 21
25, 579, 157, 19
25, 388, 157, 91
25, 295, 157, 10
25, 327, 157, 22
25, 112, 157, 10
25, 49, 157, 27
25, 210, 157, 13
25, 472, 157, 94
25, 120, 157, 83
25, 93, 157, 38
25, 129, 158, 94
25, 548, 158, 56
25, 421, 158, 86
25, 8, 158, 27
25, 91, 158, 61
25, 11, 158, 22
25, 106, 158, 32
25, 205, 158, 16
25, 174, 158, 77
25, 47, 158, 6
25, 115, 158, 4
25, 599, 158, 71
25, 571, 158, 96
25, 157, 158, 61
25, 451, 159, 68
25, 229, 159, 91
25, 293, 159, 68
25, 393, 159, 91
25, 465, 159, 1
25, 277, 159, 17
25, 23, 159, 15
25, 185, 159, 97
25, 379, 159, 11
25, 479, 159, 100
25, 198, 160, 2
25, 486, 160, 20
25, 479, 160, 100
25, 441, 160, 20
25, 76, 160, 6
25, 141, 160, 41
25, 206, 160, 73
25, 300, 160, 98
25, 177, 160, 53
25, 435, 160, 4
25, 179, 160, 1
25, 152, 160, 67
25, 153, 160, 7
25, 506, 160, 62
25, 476, 160, 97
25, 252, 160, 9
25, 223, 160, 41
25, 66, 161, 73
25, 229, 161, 91
25, 264, 161, 30
25, 202, 161, 55
25, 171, 161, 42
25, 524, 161, 1
25, 301, 161, 1
25, 458, 161, 4
25, 81, 161, 17
25, 433, 161, 82
25, 594, 161, 25
25, 83, 161, 18
25, 443, 161, 100
25, 305, 161, 25
25, 56, 161, 21
25, 281, 161, 61
25, 91, 161, 61
25, 510, 161, 86
25, 519, 162, 92
25, 16, 162, 45
25, 411, 162, 16
25, 545, 162, 100
25, 291, 162, 20
25, 40, 162, 48
25, 554, 162, 99
25, 299, 162, 21
25, 190, 162, 91
25, 321, 162, 54
25, 580, 162, 57
25, 69, 162, 50
25, 585, 162, 4
25, 462, 162, 45
25, 591, 162, 84
25, 466, 162, 5
25, 596, 162, 73
25, 471, 162, 16
25, 254, 162, 48
25, 266, 163, 15
25, 267, 163, 27
25, 398, 163, 33
25, 282, 163, 84
25, 416, 163, 36
25, 39, 163, 78
25, 298, 163, 97
25, 309, 163, 33
25, 66, 163, 73
25, 200, 163, 19
25, 462, 163, 45
25, 465, 163, 1
25, 470, 163, 32
25, 228, 163, 42
25, 102, 163, 60
25, 230, 163, 71
25, 360, 163, 60
25, 491, 163, 96
25, 253, 163, 3
25, 137, 164, 13
25, 491, 164, 96
25, 171, 164, 42
25, 205, 164, 16
25, 466, 164, 5
25, 55, 164, 75
25, 351, 164, 58
25, 320, 165, 79
25, 225, 165, 84
25, 96, 165, 62
25, 522, 165, 88
25, 173, 165, 45
25, 93, 165, 38
25, 451, 166, 68
25, 103, 166, 88
25, 81, 166, 17
25, 500, 166, 44
25, 469, 166, 40
25, 159, 166, 91
25, 567, 167, 24
25, 38, 167, 58
25, 520, 167, 44
25, 15, 167, 94
25, 210, 167, 13
25, 307, 167, 14
25, 596, 167, 73
25, 501, 167, 44
25, 594, 167, 25
25, 23, 167, 15
25, 442, 167, 61
25, 222, 167, 97
25, 375, 167, 72
25, 544, 168, 56
25, 5, 168, 56
25, 249, 168, 93
25, 455, 168, 40
25, 74, 168, 12
25, 306, 168, 18
25, 472, 168, 94
25, 121, 168, 29
25, 541, 168, 2
25, 392, 169, 4
25, 81, 169, 17
25, 244, 169, 37
25, 25, 169, 75
25, 379, 169, 11
25, 479, 169, 100
25, 256, 170, 58
25, 257, 170, 21
25, 3, 170, 24
25, 71, 170, 21
25, 297, 170, 25
25, 266, 170, 15
25, 363, 170, 33
25, 203, 170, 75
25, 557, 170, 12
25, 307, 170, 14
25, 181, 170, 96
25, 214, 170, 56
25, 129, 171, 94
25, 226, 171, 36
25, 291, 171, 20
25, 199, 171, 80
25, 489, 171, 5
25, 585, 171, 4
25, 11, 171, 22
25, 428, 171, 84
25, 430, 171, 27
25, 79, 171, 7
25, 112, 171, 10
25, 81, 171, 17
25, 468, 171, 78
25, 533, 171, 92
25, 246, 171, 18
25, 247, 171, 65
25, 512, 172, 23
25, 4, 172, 6
25, 197, 172, 13
25, 164, 172, 67
25, 455, 172, 40
25, 72, 172, 30
25, 73, 172, 80
25, 345, 172, 1
25, 409, 172, 6
25, 111, 172, 8
25, 18, 172, 35
25, 338, 172, 90
25, 275, 172, 76
25, 536, 172, 32
25, 217, 172, 37
25, 124, 172, 91
25, 254, 172, 48
25, 545, 173, 100
25, 408, 173, 83
25, 43, 173, 91
25, 401, 173, 91
25, 598, 173, 16
25, 56, 173, 21
25, 189, 173, 8
25, 447, 173, 4
25, 133, 174, 63
25, 198, 174, 2
25, 262, 174, 95
25, 73, 174, 80
25, 559, 174, 79
25, 82, 174, 4
25, 274, 174, 45
25, 20, 174, 1
25, 469, 174, 40
25, 466, 174, 5
25, 183, 174, 4
25, 378, 174, 17
25, 27, 174, 59
25, 124, 174, 91
25, 384, 175, 92
25, 6, 175, 95
25, 13, 175, 2
25, 270, 175, 34
25, 399, 175, 65
25, 416, 175, 36
25, 304, 175, 75
25, 317, 175, 55
25, 575, 175, 52
25, 201, 175, 91
25, 585, 175, 4
25, 202, 175, 55
25, 597, 175, 61
25, 472, 175, 94
25, 217, 175, 37
25, 218, 175, 82
25, 221, 175, 88
25, 352, 175, 54
25, 486, 175, 20
25, 360, 175, 60
25, 492, 175, 9
25, 494, 175, 90
25, 132, 176, 44
25, 23, 176, 15
25, 409, 176, 6
25, 153, 176, 7
25, 411, 176, 16
25, 540, 176, 2
25, 287, 176, 77
25, 42, 176, 38
25, 177, 176, 53
25, 190, 176, 91
25, 576, 176, 31
25, 206, 176, 73
25, 595, 176, 21
25, 85, 176, 47
25, 86, 176, 42
25, 342, 176, 75
25, 347, 176, 70
25, 114, 176, 52
25, 379, 176, 11
25, 510, 176, 86
25, 383, 176, 71
25, 480, 177, 87
25, 292, 177, 95
25, 133, 177, 63
25, 583, 177, 58
25, 9, 177, 10
25, 395, 177, 27
25, 496, 177, 31
25, 564, 177, 34
25, 388, 178, 91
25, 166, 178, 39
25, 584, 178, 38
25, 329, 178, 56
25, 491, 178, 96
25, 302, 178, 51
25, 211, 178, 45
25, 278, 178, 49
25, 56, 178, 21
25, 282, 178, 84
25, 290, 179, 48
25, 100, 179, 74
25, 38, 179, 58
25, 231, 179, 5
25, 486, 179, 20
25, 518, 179, 53
25, 42, 179, 38
25, 522, 179, 88
25, 76, 179, 6
25, 301, 179, 1
25, 491, 179, 96
25, 185, 179, 97
25, 474, 179, 62
25, 516, 180, 50
25, 4, 180, 6
25, 38, 180, 58
25, 70, 180, 81
25, 9, 180, 10
25, 536, 180, 32
25, 395, 180, 27
25, 76, 180, 6
25, 271, 180, 33
25, 399, 180, 65
25, 561, 180, 49
25, 188, 180, 22
25, 274, 180, 45
25, 565, 180, 11
25, 408, 180, 83
25, 377, 180, 82
25, 219, 180, 35
25, 348, 180, 28
25, 291, 181, 20
25, 100, 181, 74
25, 584, 181, 38
25, 298, 181, 97
25, 270, 181, 34
25, 82, 181, 4
25, 596, 181, 73
25, 121, 181, 29
25, 539, 181, 82
25, 573, 181, 80
25, 446, 181, 12
25, 511, 181, 80
25, 320, 182, 79
25, 32, 182, 63
25, 260, 182, 10
25, 517, 182, 76
25, 582, 182, 22
25, 8, 182, 27
25, 233, 182, 8
25, 137, 182, 13
25, 44, 182, 98
25, 461, 182, 39
25, 497, 182, 22
25, 566, 182, 69
25, 406, 182, 52
25, 150, 182, 79
25, 441, 182, 20
25, 285, 182, 14
25, 575, 182, 52
25, 387, 183, 19
25, 293, 183, 68
25, 489, 183, 5
25, 393, 183, 91
25, 77, 183, 27
25, 334, 183, 49
25, 47, 183, 6
25, 240, 183, 16
25, 242, 183, 86
25, 568, 183, 55
25, 93, 183, 38
25, 129, 184, 94
25, 98, 184, 25
25, 516, 184, 50
25, 12, 184, 24
25, 556, 184, 77
25, 526, 184, 56
25, 46, 184, 80
25, 209, 184, 18
25, 19, 184, 5
25, 440, 184, 83
25, 377, 184, 82
25, 59, 184, 90
25, 62, 184, 50
25, 96, 185, 62
25, 280, 185, 37
25, 226, 185, 36
25, 132, 185, 44
25, 581, 185, 50
25, 203, 185, 75
25, 396, 185, 97
25, 282, 185, 84
25, 177, 185, 53
25, 315, 185, 40
25, 436, 185, 89
25, 341, 185, 21
25, 55, 185, 75
25, 152, 185, 67
25, 442, 185, 61
25, 443, 185, 100
25, 188, 185, 22
25, 221, 185, 88
25, 360, 186, 60
25, 46, 186, 80
25, 594, 186, 25
25, 568, 186, 55
25, 284, 186, 10
25, 68, 187, 67
25, 133, 187, 63
25, 198, 187, 2
25, 103, 187, 88
25, 391, 187, 17
25, 73, 187, 80
25, 266, 187, 15
25, 299, 187, 21
25, 172, 187, 5
25, 44, 187, 98
25, 589, 187, 79
25, 495, 187, 49
25, 437, 187, 16
25, 117, 187, 16
25, 152, 187, 67
25, 95, 187, 29
25, 256, 188, 58
25, 516, 188, 50
25, 389, 188, 45
25, 524, 188, 1
25, 530, 188, 43
25, 25, 188, 75
25, 27, 188, 59
25, 417, 188, 60
25, 425, 188, 51
25, 174, 188, 77
25, 430, 188, 27
25, 48, 188, 12
25, 433, 188, 82
25, 62, 188, 50
25, 78, 188, 27
25, 81, 188, 17
25, 594, 188, 25
25, 213, 188, 33
25, 92, 188, 95
25, 226, 188, 36
25, 228, 188, 42
25, 490, 188, 81
25, 118, 188, 3
25, 378, 188, 17
25, 380, 188, 21
25, 259, 189, 17
25, 99, 189, 9
25, 132, 189, 44
25, 262, 189, 95
25, 18, 189, 35
25, 434, 189, 18
25, 470, 189, 32
25, 415, 189, 18
25, 439, 190, 24
25, 228, 190, 42
25, 456, 190, 16
25, 169, 190, 78
25, 137, 190, 13
25, 392, 190, 4
25, 76, 190, 6
25, 360, 190, 60
25, 45, 190, 75
25, 150, 190, 79
25, 55, 190, 75
25, 526, 191, 56
25, 542, 191, 10
25, 416, 191, 36
25, 424, 191, 67
25, 559, 191, 79
25, 176, 191, 58
25, 59, 191, 90
25, 189, 191, 8
25, 199, 191, 80
25, 456, 191, 16
25, 589, 191, 79
25, 333, 191, 81
25, 462, 191, 45
25, 78, 191, 27
25, 337, 191, 2
25, 210, 191, 13
25, 223, 191, 41
25, 113, 191, 17
25, 246, 191, 18
25, 125, 191, 100
25, 324, 192, 23
25, 36, 192, 83
25, 363, 192, 33
25, 268, 192, 70
25, 332, 192, 15
25, 302, 192, 51
25, 178, 192, 55
25, 338, 192, 90
25, 84, 192, 64
25, 439, 192, 24
25, 353, 193, 10
25, 33, 193, 44
25, 515, 193, 14
25, 166, 193, 39
25, 457, 193, 69
25, 218, 193, 82
25, 410, 193, 99
25, 146, 193, 23
25, 530, 193, 43
25, 247, 193, 65
25, 408, 193, 83
25, 506, 193, 62
25, 508, 193, 8
25, 509, 193, 34
25, 62, 193, 50
25, 159, 193, 91
25, 392, 194, 4
25, 266, 194, 15
25, 77, 194, 27
25, 181, 194, 96
25, 439, 194, 24
25, 151, 194, 38
25, 123, 194, 89
25, 480, 195, 87
25, 417, 195, 60
25, 322, 195, 42
25, 509, 195, 34
25, 131, 195, 40
25, 455, 195, 40
25, 168, 195, 24
25, 456, 195, 16
25, 435, 195, 4
25, 532, 195, 56
25, 596, 195, 73
25, 566, 195, 69
25, 217, 195, 37
25, 541, 195, 2
25, 518, 196, 53
25, 397, 196, 13
25, 277, 196, 17
25, 280, 196, 37
25, 167, 196, 45
25, 553, 196, 59
25, 175, 196, 51
25, 570, 196, 46
25, 62, 196, 50
25, 194, 196, 19
25, 205, 196, 16
25, 335, 196, 5
25, 336, 196, 41
25, 81, 196, 17
25, 210, 196, 13
25, 84, 196, 64
25, 475, 196, 12
25, 349, 196, 95
25, 352, 196, 54
25, 99, 196, 9
25, 228, 196, 42
25, 483, 196, 81
25, 498, 196, 19
25, 117, 196, 16
25, 5, 197, 56
25, 137, 197, 13
25, 402, 197, 42
25, 538, 197, 15
25, 159, 197, 91
25, 292, 197, 95
25, 52, 197, 78
25, 437, 197, 16
25, 184, 197, 29
25, 317, 197, 55
25, 450, 197, 14
25, 457, 197, 69
25, 465, 197, 1
25, 211, 197, 45
25, 93, 197, 38
25, 492, 197, 9
25, 239, 197, 92
25, 369, 197, 35
25, 113, 197, 17
25, 243, 197, 39
25, 500, 197, 44
25, 373, 197, 19
25, 119, 197, 44
25, 376, 197, 21
25, 505, 197, 81
25, 449, 198, 49
25, 40, 198, 48
25, 11, 198, 22
25, 235, 198, 86
25, 493, 198, 38
25, 498, 198, 19
25, 598, 198, 16
25, 217, 198, 37
25, 102, 199, 60
25, 330, 199, 61
25, 269, 199, 93
25, 565, 199, 11
25, 405, 199, 99
25, 221, 199, 88
25, 256, 200, 58
25, 4, 200, 6
25, 7, 200, 35
25, 398, 200, 33
25, 24, 200, 77
25, 411, 200, 16
25, 416, 200, 36
25, 545, 200, 100
25, 163, 200, 99
25, 172, 200, 5
25, 431, 200, 80
25, 187, 200, 87
25, 59, 200, 90
25, 317, 200, 55
25, 594, 200, 25
25, 341, 200, 21
25, 599, 200, 71
25, 351, 200, 58
25, 98, 200, 25
25, 487, 200, 81
25, 360, 200, 60
25, 239, 200, 92
25, 374, 200, 32
25, 378, 200, 17
25, 123, 200, 89
25, 384, 201, 92
25, 257, 201, 21
25, 138, 201, 3
25, 154, 201, 29
25, 155, 201, 88
25, 28, 201, 6
25, 548, 201, 56
25, 549, 201, 68
25, 174, 201, 77
25, 302, 201, 51
25, 51, 201, 36
25, 53, 201, 11
25, 568, 201, 55
25, 195, 201, 57
25, 332, 201, 15
25, 78, 201, 27
25, 591, 201, 84
25, 478, 201, 1
25, 99, 201, 9
25, 496, 201, 31
25, 250, 201, 8
25, 126, 201, 80
25, 130, 202, 37
25, 229, 202, 91
25, 562, 202, 93
25, 157, 202, 61
25, 218, 202, 82
25, 443, 202, 100
25, 220, 202, 100
25, 477, 202, 5
25, 323, 203, 1
25, 262, 203, 95
25, 459, 203, 29
25, 109, 203, 21
25, 529, 203, 87
25, 284, 203, 10
25, 509, 203, 34
25, 256, 204, 58
25, 576, 204, 31
25, 483, 204, 81
25, 35, 204, 59
25, 261, 204, 10
25, 234, 204, 55
25, 106, 204, 32
25, 490, 204, 81
25, 298, 204, 97
25, 307, 204, 14
25, 215, 204, 30
25, 121, 204, 29
25, 513, 205, 73
25, 6, 205, 95
25, 391, 205, 17
25, 136, 205, 89
25, 142, 205, 38
25, 403, 205, 25
25, 532, 205, 56
25, 551, 205, 7
25, 171, 205, 42
25, 566, 205, 69
25, 572, 205, 68
25, 579, 205, 19
25, 68, 205, 67
25, 324, 205, 23
25, 583, 205, 58
25, 585, 205, 4
25, 595, 205, 21
25, 597, 205, 61
25, 351, 205, 58
25, 353, 205, 10
25, 110, 205, 40
25, 506, 205, 62
25, 251, 205, 17
25, 101, 206, 61
25, 71, 206, 21
25, 9, 206, 10
25, 266, 206, 15
25, 460, 206, 82
25, 148, 206, 43
25, 21, 206, 90
25, 87, 206, 56
25, 504, 206, 43
25, 255, 206, 91
25, 198, 207, 2
25, 201, 207, 91
25, 266, 207, 15
25, 43, 207, 91
25, 461, 207, 39
25, 367, 207, 33
25, 464, 207, 65
25, 208, 207, 17
25, 530, 207, 43
25, 245, 207, 58
25, 437, 207, 16
25, 251, 207, 17
25, 252, 207, 9
25, 94, 207, 25
25, 386, 208, 2
25, 34, 208, 83
25, 359, 208, 3
25, 264, 208, 30
25, 331, 208, 32
25, 84, 208, 64
25, 579, 209, 19
25, 549, 209, 68
25, 135, 209, 17
25, 137, 209, 13
25, 555, 209, 7
25, 525, 209, 65
25, 110, 209, 40
25, 367, 209, 33
25, 179, 209, 1
25, 596, 209, 73
25, 468, 209, 78
25, 214, 209, 56
25, 280, 209, 37
25, 27, 209, 59
25, 188, 209, 22
25, 133, 210, 63
25, 592, 210, 12
25, 315, 210, 40
25, 146, 210, 23
25, 57, 210, 33
25, 27, 210, 59
25, 380, 210, 21
25, 256, 211, 58
25, 512, 211, 23
25, 576, 211, 31
25, 102, 211, 60
25, 71, 211, 21
25, 429, 211, 88
25, 80, 211, 13
25, 565, 211, 11
25, 54, 211, 37
25, 251, 211, 17
25, 129, 212, 94
25, 132, 212, 44
25, 261, 212, 10
25, 133, 212, 63
25, 392, 212, 4
25, 10, 212, 90
25, 16, 212, 45
25, 146, 212, 23
25, 277, 212, 17
25, 23, 212, 15
25, 409, 212, 6
25, 154, 212, 29
25, 289, 212, 92
25, 547, 212, 40
25, 168, 212, 24
25, 424, 212, 67
25, 48, 212, 12
25, 307, 212, 14
25, 565, 212, 11
25, 188, 212, 22
25, 67, 212, 60
25, 86, 212, 42
25, 109, 212, 21
25, 494, 212, 90
25, 380, 212, 21
25, 386, 213, 2
25, 516, 213, 50
25, 13, 213, 2
25, 150, 213, 79
25, 152, 213, 67
25, 30, 213, 5
25, 286, 213, 27
25, 292, 213, 95
25, 170, 213, 64
25, 299, 213, 21
25, 319, 213, 82
25, 448, 213, 9
25, 325, 213, 18
25, 454, 213, 18
25, 70, 213, 81
25, 72, 213, 30
25, 458, 213, 4
25, 459, 213, 29
25, 333, 213, 81
25, 228, 213, 42
25, 103, 213, 88
25, 374, 213, 32
25, 378, 213, 17
25, 125, 213, 100
25, 192, 214, 10
25, 3, 214, 24
25, 75, 214, 62
25, 76, 214, 6
25, 559, 214, 79
25, 442, 214, 61
25, 93, 214, 38
25, 126, 214, 80
25, 286, 214, 27
25, 384, 215, 92
25, 3, 215, 24
25, 356, 215, 86
25, 234, 215, 55
25, 523, 215, 93
25, 364, 215, 10
25, 17, 215, 75
25, 82, 215, 4
25, 339, 215, 56
25, 346, 215, 70
25, 222, 215, 97
25, 318, 215, 54
25, 31, 215, 50
25, 128, 216, 73
25, 260, 216, 10
25, 396, 216, 97
25, 272, 216, 17
25, 148, 216, 43
25, 276, 216, 43
25, 297, 216, 25
25, 298, 216, 97
25, 429, 216, 88
25, 48, 216, 12
25, 183, 216, 4
25, 313, 216, 22
25, 189, 216, 8
25, 193, 216, 40
25, 70, 216, 81
25, 81, 216, 17
25, 594, 216, 25
25, 340, 216, 81
25, 215, 216, 30
25, 348, 216, 28
25, 477, 216, 5
25, 234, 216, 55
25, 107, 216, 14
25, 377, 216, 82
25, 124, 216, 91
25, 97, 217, 95
25, 290, 217, 48
25, 548, 217, 56
25, 549, 217, 68
25, 37, 217, 1
25, 493, 217, 38
25, 174, 217, 77
25, 335, 217, 5
25, 14, 217, 25
25, 82, 217, 4
25, 536, 217, 32
25, 57, 217, 33
25, 282, 217, 84
25, 158, 217, 1
25, 576, 218, 31
25, 193, 218, 40
25, 517, 218, 76
25, 485, 218, 19
25, 391, 218, 17
25, 39, 218, 78
25, 198, 218, 2
25, 77, 218, 27
25, 301, 218, 1
25, 337, 218, 2
25, 146, 218, 23
25, 409, 218, 6
25, 507, 218, 14
25, 512, 219, 23
25, 133, 219, 63
25, 391, 219, 17
25, 13, 219, 2
25, 141, 219, 41
25, 525, 219, 65
25, 17, 219, 75
25, 20, 219, 1
25, 410, 219, 99
25, 287, 219, 77
25, 31, 219, 50
25, 546, 219, 9
25, 549, 219, 68
25, 299, 219, 21
25, 565, 219, 11
25, 438, 219, 78
25, 571, 219, 96
25, 191, 219, 95
25, 212, 219, 17
25, 233, 219, 8
25, 493, 219, 38
25, 373, 219, 19
25, 118, 219, 3
25, 120, 219, 83
25, 125, 219, 100
25, 132, 220, 44
25, 395, 220, 27
25, 140, 220, 67
25, 272, 220, 17
25, 146, 220, 23
25, 535, 220, 69
25, 537, 220, 65
25, 299, 220, 21
25, 174, 220, 77
25, 564, 220, 34
25, 566, 220, 69
25, 189, 220, 8
25, 63, 220, 72
25, 448, 220, 9
25, 325, 220, 18
25, 463, 220, 32
25, 353, 220, 10
25, 97, 220, 95
25, 240, 220, 16
25, 123, 220, 89
25, 381, 220, 88
25, 419, 221, 25
25, 232, 221, 78
25, 73, 221, 80
25, 266, 221, 15
25, 554, 221, 99
25, 523, 221, 93
25, 332, 221, 15
25, 553, 221, 59
25, 330, 221, 61
25, 168, 221, 24
25, 595, 221, 21
25, 281, 221, 61
25, 346, 221, 70
25, 379, 221, 11
25, 447, 221, 4
25, 132, 222, 44
25, 12, 222, 24
25, 268, 222, 70
25, 17, 222, 75
25, 401, 222, 91
25, 275, 222, 76
25, 152, 222, 67
25, 32, 222, 63
25, 290, 222, 48
25, 297, 222, 25
25, 178, 222, 55
25, 184, 222, 29
25, 185, 222, 97
25, 446, 222, 12
25, 320, 222, 79
25, 580, 222, 57
25, 584, 222, 38
25, 337, 222, 2
25, 96, 222, 62
25, 354, 222, 98
25, 484, 222, 53
25, 239, 222, 92
25, 118, 222, 3
25, 162, 223, 56
25, 132, 223, 44
25, 394, 223, 42
25, 171, 223, 42
25, 588, 223, 53
25, 112, 223, 10
25, 512, 224, 23
25, 193, 224, 40
25, 546, 224, 9
25, 294, 224, 20
25, 392, 224, 4
25, 233, 224, 8
25, 467, 224, 38
25, 564, 224, 34
25, 597, 224, 61
25, 533, 224, 92
25, 507, 224, 14
25, 283, 224, 59
25, 413, 224, 57
25, 222, 224, 97
25, 127, 224, 30
25, 320, 225, 79
25, 129, 225, 94
25, 386, 225, 2
25, 290, 225, 48
25, 32, 225, 63
25, 37, 225, 1
25, 165, 225, 15
25, 427, 225, 34
25, 139, 225, 51
25, 207, 225, 19
25, 529, 225, 87
25, 434, 225, 18
25, 467, 225, 38
25, 153, 225, 7
25, 315, 225, 40
25, 481, 226, 67
25, 99, 226, 9
25, 6, 226, 95
25, 263, 226, 52
25, 489, 226, 5
25, 335, 226, 5
25, 463, 226, 32
25, 433, 226, 82
25, 18, 226, 35
25, 307, 226, 14
25, 340, 226, 81
25, 500, 226, 44
25, 342, 226, 75
25, 534, 226, 46
25, 120, 226, 83
25, 216, 226, 15
25, 129, 227, 94
25, 514, 227, 90
25, 387, 227, 19
25, 156, 227, 48
25, 413, 227, 57
25, 542, 227, 10
25, 424, 227, 67
25, 169, 227, 78
25, 425, 227, 51
25, 43, 227, 91
25, 307, 227, 14
25, 181, 227, 96
25, 62, 227, 50
25, 64, 227, 5
25, 576, 227, 31
25, 460, 227, 82
25, 463, 227, 32
25, 464, 227, 65
25, 213, 227, 33
25, 476, 227, 97
25, 229, 227, 91
25, 357, 227, 29
25, 505, 227, 81
25, 254, 227, 48
25, 0, 228, 31
25, 5, 228, 56
25, 134, 228, 45
25, 11, 228, 22
25, 143, 228, 79
25, 275, 228, 76
25, 414, 228, 13
25, 35, 228, 59
25, 548, 228, 56
25, 547, 228, 40
25, 169, 228, 78
25, 176, 228, 58
25, 305, 228, 25
25, 458, 228, 4
25, 84, 228, 64
25, 86, 228, 42
25, 94, 228, 25
25, 95, 228, 29
25, 228, 228, 42
25, 487, 228, 81
25, 359, 228, 3
25, 104, 228, 41
25, 112, 228, 10
25, 375, 228, 72
25, 456, 229, 16
25, 73, 229, 80
25, 560, 229, 6
25, 145, 229, 38
25, 27, 229, 59
25, 254, 229, 48
25, 97, 230, 95
25, 225, 230, 84
25, 419, 230, 25
25, 230, 230, 71
25, 231, 230, 5
25, 392, 230, 4
25, 456, 230, 16
25, 269, 230, 93
25, 369, 230, 35
25, 244, 230, 37
25, 23, 230, 15
25, 246, 230, 18
25, 439, 230, 24
25, 180, 230, 36
25, 378, 230, 17
25, 475, 230, 12
25, 572, 230, 68
25, 286, 230, 27
25, 260, 231, 10
25, 12, 231, 24
25, 532, 231, 56
25, 418, 231, 54
25, 291, 231, 20
25, 39, 231, 78
25, 172, 231, 5
25, 429, 231, 88
25, 558, 231, 1
25, 49, 231, 27
25, 307, 231, 14
25, 184, 231, 29
25, 60, 231, 66
25, 319, 231, 82
25, 66, 231, 73
25, 466, 231, 5
25, 355, 231, 33
25, 505, 231, 81
25, 114, 231, 52
25, 121, 231, 29
25, 126, 231, 80
25, 514, 232, 90
25, 138, 232, 3
25, 397, 232, 13
25, 278, 232, 49
25, 24, 232, 77
25, 156, 232, 48
25, 289, 232, 92
25, 37, 232, 1
25, 168, 232, 24
25, 300, 232, 98
25, 328, 232, 76
25, 200, 232, 19
25, 337, 232, 2
25, 594, 232, 25
25, 213, 232, 33
25, 350, 232, 72
25, 103, 232, 88
25, 241, 232, 18
25, 122, 232, 7
25, 511, 232, 80
25, 196, 233, 48
25, 70, 233, 81
25, 455, 233, 40
25, 40, 233, 48
25, 136, 233, 89
25, 139, 233, 51
25, 175, 233, 51
25, 498, 233, 19
25, 565, 233, 11
25, 316, 233, 33
25, 572, 233, 68
25, 437, 233, 16
25, 124, 233, 91
25, 414, 233, 13
25, 351, 233, 58
25, 128, 234, 73
25, 137, 234, 13
25, 169, 234, 78
25, 300, 234, 98
25, 302, 234, 51
25, 78, 234, 27
25, 80, 234, 13
25, 474, 234, 62
25, 114, 234, 52
25, 374, 234, 32
25, 438, 234, 78
25, 314, 234, 45
25, 443, 234, 100
25, 92, 234, 95
25, 513, 235, 73
25, 6, 235, 95
25, 403, 235, 25
25, 289, 235, 92
25, 36, 235, 83
25, 41, 235, 67
25, 170, 235, 64
25, 428, 235, 84
25, 177, 235, 53
25, 562, 235, 93
25, 52, 235, 78
25, 439, 235, 24
25, 316, 235, 33
25, 445, 235, 82
25, 576, 235, 31
25, 73, 235, 80
25, 208, 235, 17
25, 353, 235, 10
25, 105, 235, 15
25, 557, 236, 12
25, 591, 236, 84
25, 208, 236, 17
25, 593, 236, 20
25, 535, 236, 69
25, 159, 237, 91
25, 78, 237, 27
25, 251, 237, 17
25, 380, 237, 21
25, 477, 237, 5
25, 415, 237, 18
25, 525, 238, 65
25, 529, 238, 87
25, 149, 238, 36
25, 535, 238, 69
25, 536, 238, 32
25, 26, 238, 27
25, 282, 238, 84
25, 542, 238, 10
25, 164, 238, 67
25, 421, 238, 86
25, 295, 238, 10
25, 176, 238, 58
25, 564, 238, 34
25, 64, 238, 5
25, 450, 238, 14
25, 73, 238, 80
25, 206, 238, 73
25, 79, 238, 7
25, 107, 238, 14
25, 244, 238, 37
25, 373, 238, 19
25, 127, 238, 30
25, 383, 238, 71
25, 546, 239, 9
25, 297, 239, 25
25, 427, 239, 34
25, 110, 239, 40
25, 304, 239, 75
25, 407, 239, 23
25, 89, 239, 43
25, 314, 239, 45
25, 99, 240, 9
25, 552, 240, 93
25, 204, 240, 64
25, 302, 240, 51
25, 208, 240, 17
25, 113, 240, 17
25, 82, 240, 4
25, 150, 240, 79
25, 534, 240, 46
25, 376, 240, 21
25, 342, 240, 75
25, 1, 241, 66
25, 132, 241, 44
25, 139, 241, 51
25, 542, 241, 10
25, 166, 241, 39
25, 295, 241, 10
25, 552, 241, 93
25, 40, 241, 48
25, 426, 241, 64
25, 46, 241, 80
25, 558, 241, 1
25, 55, 241, 75
25, 570, 241, 46
25, 314, 241, 45
25, 320, 241, 79
25, 454, 241, 18
25, 200, 241, 19
25, 73, 241, 80
25, 592, 241, 12
25, 465, 241, 1
25, 210, 241, 13
25, 467, 241, 38
25, 471, 241, 16
25, 482, 241, 56
25, 101, 241, 61
25, 256, 242, 58
25, 513, 242, 73
25, 65, 242, 4
25, 224, 242, 80
25, 456, 242, 16
25, 41, 242, 67
25, 397, 242, 13
25, 272, 242, 17
25, 401, 242, 91
25, 402, 242, 42
25, 18, 242, 35
25, 468, 242, 78
25, 341, 242, 21
25, 437, 242, 16
25, 153, 242, 7
25, 382, 242, 15
25, 415, 242, 18
25, 132, 243, 44
25, 296, 243, 40
25, 425, 243, 51
25, 278, 243, 49
25, 57, 243, 33
25, 487, 244, 81
25, 200, 244, 19
25, 532, 244, 56
25, 312, 244, 13
25, 26, 244, 27
25, 157, 244, 61
25, 3, 245, 24
25, 397, 245, 13
25, 148, 245, 43
25, 150, 245, 79
25, 24, 245, 77
25, 541, 245, 2
25, 40, 245, 48
25, 558, 245, 1
25, 566, 245, 69
25, 571, 245, 96
25, 443, 245, 100
25, 62, 245, 50
25, 452, 245, 78
25, 202, 245, 55
25, 76, 245, 6
25, 336, 245, 41
25, 209, 245, 18
25, 343, 245, 37
25, 91, 245, 61
25, 476, 245, 97
25, 92, 245, 95
25, 7, 246, 35
25, 150, 246, 79
25, 408, 246, 83
25, 410, 246, 99
25, 286, 246, 27
25, 34, 246, 83
25, 45, 246, 75
25, 303, 246, 99
25, 576, 246, 31
25, 585, 246, 4
25, 458, 246, 4
25, 202, 246, 55
25, 89, 246, 43
25, 347, 246, 70
25, 100, 246, 74
25, 362, 246, 93
25, 491, 246, 96
25, 375, 246, 72
25, 378, 246, 17
25, 251, 246, 17
25, 254, 246, 48
25, 263, 247, 52
25, 11, 247, 22
25, 142, 247, 38
25, 146, 247, 23
25, 404, 247, 69
25, 287, 247, 77
25, 168, 247, 24
25, 429, 247, 88
25, 306, 247, 18
25, 322, 247, 42
25, 323, 247, 1
25, 329, 247, 56
25, 588, 247, 53
25, 596, 247, 73
25, 85, 247, 47
25, 470, 247, 32
25, 599, 247, 71
25, 347, 247, 70
25, 348, 247, 28
25, 221, 247, 88
25, 477, 247, 5
25, 97, 247, 95
25, 251, 247, 17
25, 380, 247, 21
25, 333, 248, 81
25, 400, 248, 16
25, 80, 248, 13
25, 498, 248, 19
25, 155, 248, 88
25, 132, 249, 44
25, 7, 249, 35
25, 400, 249, 16
25, 539, 249, 82
25, 288, 249, 67
25, 440, 249, 83
25, 315, 249, 40
25, 71, 249, 21
25, 586, 249, 67
25, 76, 249, 6
25, 333, 249, 81
25, 599, 249, 71
25, 88, 249, 40
25, 217, 249, 37
25, 474, 249, 62
25, 91, 249, 61
25, 487, 249, 81
25, 368, 249, 94
25, 241, 249, 18
25, 117, 249, 16
25, 33, 250, 44
25, 519, 250, 92
25, 104, 250, 41
25, 393, 250, 91
25, 574, 250, 78
25, 304, 250, 75
25, 561, 250, 49
25, 114, 250, 52
25, 19, 250, 5
25, 404, 250, 69
25, 285, 250, 14
25, 350, 250, 72
25, 66, 251, 73
25, 163, 251, 99
25, 421, 251, 86
25, 556, 251, 77
25, 81, 251, 17
25, 18, 251, 35
25, 52, 251, 78
25, 24, 251, 77
25, 550, 252, 60
25, 136, 252, 89
25, 522, 252, 88
25, 53, 252, 11
25, 247, 252, 65
25, 384, 253, 92
25, 258, 253, 29
25, 392, 253, 4
25, 11, 253, 22
25, 148, 253, 43
25, 540, 253, 2
25, 415, 253, 18
25, 296, 253, 40
25, 297, 253, 25
25, 558, 253, 1
25, 176, 253, 58
25, 52, 253, 78
25, 311, 253, 86
25, 440, 253, 83
25, 329, 253, 56
25, 595, 253, 21
25, 467, 253, 38
25, 343, 253, 37
25, 114, 253, 52
25, 242, 253, 86
25, 373, 253, 19
25, 127, 253, 30
25, 320, 254, 79
25, 1, 254, 66
25, 418, 254, 54
25, 326, 254, 36
25, 359, 254, 3
25, 522, 254, 88
25, 303, 254, 99
25, 561, 254, 49
25, 478, 254, 1
25, 463, 255, 32
25, 241, 255, 18
25, 214, 255, 56
25, 125, 255, 100
25, 318, 255, 54
25, 32, 256, 63
25, 514, 256, 90
25, 356, 256, 86
25, 376, 256, 21
25, 199, 256, 80
25, 359, 256, 3
25, 397, 256, 13
25, 143, 256, 79
25, 464, 256, 65
25, 431, 256, 80
25, 468, 256, 78
25, 151, 256, 38
25, 280, 256, 37
25, 64, 257, 5
25, 256, 257, 58
25, 162, 257, 56
25, 363, 257, 33
25, 44, 257, 98
25, 365, 257, 25
25, 319, 257, 82
25, 512, 258, 23
25, 449, 258, 49
25, 228, 258, 42
25, 101, 258, 61
25, 292, 258, 95
25, 583, 258, 58
25, 324, 258, 23
25, 585, 258, 4
25, 492, 258, 9
25, 89, 258, 43
25, 91, 258, 61
25, 156, 258, 48
25, 518, 259, 53
25, 10, 259, 90
25, 11, 259, 22
25, 526, 259, 56
25, 153, 259, 7
25, 283, 259, 59
25, 27, 259, 59
25, 414, 259, 13
25, 427, 259, 34
25, 428, 259, 84
25, 430, 259, 27
25, 568, 259, 55
25, 190, 259, 91
25, 453, 259, 72
25, 79, 259, 7
25, 83, 259, 18
25, 219, 259, 35
25, 475, 259, 12
25, 100, 259, 74
25, 230, 259, 71
25, 114, 259, 52
25, 371, 259, 54
25, 117, 259, 16
25, 501, 259, 44
25, 387, 260, 19
25, 103, 260, 88
25, 455, 260, 40
25, 238, 260, 35
25, 402, 260, 42
25, 338, 260, 90
25, 468, 260, 78
25, 117, 260, 16
25, 274, 260, 45
25, 246, 260, 18
25, 88, 260, 40
25, 25, 260, 75
25, 477, 260, 5
25, 223, 260, 41
25, 577, 261, 21
25, 417, 261, 60
25, 450, 261, 14
25, 356, 261, 86
25, 193, 261, 40
25, 327, 261, 22
25, 425, 261, 51
25, 363, 261, 33
25, 236, 261, 98
25, 235, 261, 86
25, 172, 261, 5
25, 464, 261, 65
25, 176, 261, 58
25, 277, 261, 17
25, 505, 261, 81
25, 188, 261, 22
25, 288, 262, 67
25, 448, 262, 9
25, 104, 262, 41
25, 72, 262, 30
25, 362, 262, 93
25, 76, 262, 6
25, 175, 262, 51
25, 210, 262, 13
25, 339, 262, 56
25, 439, 262, 24
25, 410, 262, 99
25, 193, 263, 40
25, 194, 263, 19
25, 131, 263, 40
25, 580, 263, 57
25, 488, 263, 70
25, 11, 263, 22
25, 236, 263, 98
25, 141, 263, 41
25, 116, 263, 25
25, 443, 263, 100
25, 446, 263, 12
25, 385, 264, 35
25, 260, 264, 10
25, 12, 264, 24
25, 17, 264, 75
25, 537, 264, 65
25, 28, 264, 6
25, 542, 264, 10
25, 165, 264, 15
25, 431, 264, 80
25, 433, 264, 82
25, 193, 264, 40
25, 202, 264, 55
25, 459, 264, 29
25, 75, 264, 62
25, 596, 264, 73
25, 213, 264, 33
25, 470, 264, 32
25, 110, 264, 40
25, 113, 264, 17
25, 577, 265, 21
25, 546, 265, 9
25, 423, 265, 13
25, 554, 265, 99
25, 555, 265, 7
25, 332, 265, 15
25, 269, 265, 93
25, 173, 265, 45
25, 303, 265, 99
25, 141, 265, 41
25, 86, 265, 42
25, 316, 265, 33
25, 416, 266, 36
25, 257, 266, 21
25, 450, 266, 14
25, 109, 266, 21
25, 302, 266, 51
25, 146, 266, 23
25, 244, 266, 37
25, 311, 266, 86
25, 285, 266, 14
25, 541, 266, 2
25, 512, 267, 23
25, 97, 267, 95
25, 160, 267, 50
25, 577, 267, 21
25, 483, 267, 81
25, 357, 267, 29
25, 325, 267, 18
25, 551, 267, 7
25, 456, 267, 16
25, 423, 267, 13
25, 446, 267, 12
25, 235, 267, 86
25, 268, 267, 70
25, 144, 267, 33
25, 113, 267, 17
25, 530, 267, 43
25, 116, 267, 25
25, 382, 267, 15
25, 1, 268, 66
25, 517, 268, 76
25, 6, 268, 95
25, 14, 268, 25
25, 22, 268, 63
25, 25, 268, 75
25, 544, 268, 56
25, 36, 268, 83
25, 551, 268, 7
25, 303, 268, 99
25, 309, 268, 33
25, 312, 268, 13
25, 569, 268, 96
25, 571, 268, 96
25, 197, 268, 13
25, 329, 268, 56
25, 586, 268, 67
25, 471, 268, 16
25, 219, 268, 35
25, 93, 268, 38
25, 222, 268, 97
25, 489, 268, 5
25, 111, 268, 8
25, 115, 268, 4
25, 448, 269, 9
25, 353, 269, 10
25, 132, 269, 44
25, 359, 269, 3
25, 457, 269, 69
25, 568, 269, 55
25, 299, 269, 21
25, 190, 269, 91
25, 149, 269, 36
25, 342, 269, 75
25, 534, 269, 46
25, 182, 269, 37
25, 570, 269, 46
25, 476, 269, 97
25, 572, 269, 68
25, 258, 270, 29
25, 355, 270, 33
25, 330, 270, 61
25, 173, 270, 45
25, 14, 270, 25
25, 77, 270, 27
25, 146, 270, 23
25, 501, 270, 44
25, 599, 270, 71
25, 476, 270, 97
25, 480, 271, 87
25, 64, 271, 5
25, 195, 271, 57
25, 163, 271, 99
25, 217, 271, 37
25, 422, 271, 55
25, 330, 271, 61
25, 529, 271, 87
25, 530, 271, 43
25, 371, 271, 54
25, 18, 271, 35
25, 278, 271, 49
25, 183, 271, 4
25, 249, 271, 93
25, 476, 271, 97
25, 381, 271, 88
25, 511, 271, 80
25, 64, 272, 5
25, 129, 272, 94
25, 290, 272, 48
25, 356, 272, 86
25, 327, 272, 22
25, 585, 272, 4
25, 554, 272, 99
25, 235, 272, 86
25, 202, 272, 55
25, 457, 272, 69
25, 43, 272, 91
25, 336, 272, 41
25, 531, 272, 28
25, 84, 272, 64
25, 247, 272, 65
25, 349, 272, 95
25, 318, 272, 54
25, 439, 273, 24
25, 452, 273, 78
25, 9, 273, 10
25, 202, 273, 55
25, 297, 273, 25
25, 428, 273, 84
25, 155, 273, 88
25, 238, 273, 35
25, 15, 273, 94
25, 146, 273, 23
25, 539, 273, 82
25, 214, 273, 56
25, 503, 273, 81
25, 151, 273, 38
25, 441, 273, 20
25, 475, 273, 12
25, 286, 273, 27
25, 223, 273, 41
25, 65, 274, 4
25, 324, 274, 23
25, 90, 274, 73
25, 458, 274, 4
25, 459, 274, 29
25, 338, 274, 90
25, 243, 274, 39
25, 469, 274, 40
25, 437, 274, 16
25, 152, 274, 67
25, 474, 274, 62
25, 125, 274, 100
25, 161, 275, 74
25, 163, 275, 99
25, 261, 275, 10
25, 550, 275, 60
25, 520, 275, 44
25, 59, 275, 90
25, 459, 275, 29
25, 269, 275, 93
25, 110, 275, 40
25, 461, 275, 39
25, 237, 275, 50
25, 47, 275, 6
25, 210, 275, 13
25, 206, 275, 73
25, 436, 275, 89
25, 366, 275, 66
25, 443, 275, 100
25, 350, 275, 72
25, 0, 276, 31
25, 1, 276, 66
25, 399, 276, 65
25, 404, 276, 69
25, 153, 276, 7
25, 285, 276, 14
25, 547, 276, 40
25, 567, 276, 24
25, 568, 276, 55
25, 203, 276, 75
25, 469, 276, 40
25, 343, 276, 37
25, 95, 276, 29
25, 355, 276, 33
25, 358, 276, 92
25, 230, 276, 71
25, 238, 276, 35
25, 496, 276, 31
25, 124, 276, 91
25, 225, 277, 84
25, 585, 277, 4
25, 41, 277, 67
25, 363, 277, 33
25, 299, 277, 21
25, 521, 277, 53
25, 300, 277, 98
25, 111, 277, 8
25, 238, 277, 35
25, 529, 277, 87
25, 434, 277, 18
25, 82, 277, 4
25, 408, 277, 83
25, 157, 277, 61
25, 513, 278, 73
25, 3, 278, 24
25, 7, 278, 35
25, 8, 278, 27
25, 268, 278, 70
25, 151, 278, 38
25, 408, 278, 83
25, 281, 278, 61
25, 155, 278, 88
25, 297, 278, 25
25, 44, 278, 98
25, 52, 278, 78
25, 54, 278, 37
25, 588, 278, 53
25, 206, 278, 73
25, 83, 278, 18
25, 213, 278, 33
25, 475, 278, 12
25, 480, 278, 87
25, 487, 278, 81
25, 490, 278, 81
25, 366, 278, 66
25, 127, 278, 30
25, 578, 279, 25
25, 227, 279, 91
25, 292, 279, 95
25, 133, 279, 63
25, 440, 279, 83
25, 580, 279, 57
25, 11, 279, 22
25, 373, 279, 19
25, 502, 279, 12
25, 312, 279, 13
25, 24, 279, 77
25, 251, 279, 17
25, 285, 279, 14
25, 413, 279, 57
25, 2, 280, 48
25, 387, 280, 19
25, 267, 280, 27
25, 398, 280, 33
25, 403, 280, 25
25, 405, 280, 99
25, 407, 280, 23
25, 154, 280, 29
25, 544, 280, 56
25, 421, 280, 86
25, 423, 280, 13
25, 428, 280, 84
25, 578, 280, 25
25, 458, 280, 4
25, 205, 280, 16
25, 335, 280, 5
25, 220, 280, 100
25, 349, 280, 95
25, 487, 280, 81
25, 372, 280, 35
25, 501, 280, 44
25, 129, 281, 94
25, 524, 281, 1
25, 526, 281, 56
25, 401, 281, 91
25, 274, 281, 45
25, 532, 281, 56
25, 534, 281, 46
25, 408, 281, 83
25, 153, 281, 7
25, 284, 281, 10
25, 31, 281, 50
25, 415, 281, 18
25, 162, 281, 56
25, 35, 281, 59
25, 553, 281, 59
25, 431, 281, 80
25, 563, 281, 48
25, 439, 281, 24
25, 316, 281, 33
25, 207, 281, 19
25, 484, 281, 53
25, 120, 281, 83
25, 121, 281, 29
25, 125, 281, 100
25, 382, 281, 15
25, 68, 282, 67
25, 460, 282, 82
25, 398, 282, 33
25, 527, 282, 73
25, 144, 282, 33
25, 529, 282, 87
25, 150, 282, 79
25, 535, 282, 69
25, 320, 283, 79
25, 312, 283, 13
25, 294, 283, 20
25, 393, 283, 91
25, 298, 283, 97
25, 235, 283, 86
25, 363, 283, 33
25, 555, 283, 7
25, 10, 283, 90
25, 527, 283, 73
25, 176, 283, 58
25, 115, 283, 4
25, 536, 283, 32
25, 185, 283, 97
25, 447, 283, 4
25, 163, 284, 99
25, 306, 284, 18
25, 498, 284, 19
25, 499, 284, 19
25, 53, 284, 11
25, 438, 284, 78
25, 407, 284, 23
25, 89, 284, 43
25, 60, 284, 66
25, 29, 284, 66
25, 195, 285, 57
25, 135, 285, 17
25, 106, 285, 32
25, 267, 285, 27
25, 207, 285, 19
25, 152, 285, 67
25, 573, 285, 80
25, 414, 285, 13
25, 223, 285, 41
25, 159, 286, 91
25, 1, 286, 66
25, 417, 286, 60
25, 491, 286, 96
25, 363, 286, 33
25, 575, 286, 52
25, 299, 286, 21
25, 273, 286, 82
25, 19, 286, 5
25, 283, 286, 59
25, 62, 286, 50
25, 287, 286, 77
25, 130, 287, 37
25, 3, 287, 24
25, 523, 287, 93
25, 11, 287, 22
25, 268, 287, 70
25, 271, 287, 33
25, 400, 287, 16
25, 533, 287, 92
25, 543, 287, 94
25, 294, 287, 20
25, 551, 287, 7
25, 423, 287, 13
25, 562, 287, 93
25, 55, 287, 75
25, 189, 287, 8
25, 574, 287, 78
25, 200, 287, 19
25, 585, 287, 4
25, 350, 287, 72
25, 96, 287, 62
25, 364, 287, 10
25, 368, 287, 94
25, 377, 287, 82
25, 382, 287, 15
25, 450, 288, 14
25, 516, 288, 50
25, 137, 288, 13
25, 399, 288, 65
25, 178, 288, 55
25, 50, 288, 35
25, 117, 288, 16
25, 569, 288, 96
25, 90, 288, 73
25, 476, 288, 97
25, 95, 288, 29
25, 523, 289, 93
25, 272, 289, 17
25, 146, 289, 23
25, 148, 289, 43
25, 287, 289, 77
25, 292, 289, 95
25, 552, 289, 93
25, 54, 289, 37
25, 311, 289, 86
25, 187, 289, 87
25, 63, 289, 72
25, 322, 289, 42
25, 221, 289, 88
25, 102, 289, 60
25, 233, 289, 8
25, 234, 289, 55
25, 490, 289, 81
25, 118, 289, 3
25, 246, 289, 18
25, 125, 289, 100
25, 126, 289, 80
25, 2, 290, 48
25, 80, 290, 13
25, 114, 290, 52
25, 499, 290, 19
25, 282, 290, 84
25, 412, 290, 74
25, 509, 290, 34
25, 514, 291, 90
25, 452, 291, 78
25, 167, 291, 45
25, 270, 291, 34
25, 84, 291, 64
25, 404, 291, 69
25, 59, 291, 90
25, 572, 291, 68
25, 349, 291, 95
25, 355, 292, 33
25, 325, 292, 18
25, 136, 292, 89
25, 398, 292, 33
25, 239, 292, 92
25, 558, 292, 1
25, 369, 292, 35
25, 148, 292, 43
25, 55, 292, 75
25, 477, 292, 5
25, 95, 292, 29
25, 483, 293, 81
25, 429, 293, 88
25, 410, 293, 99
25, 49, 293, 27
25, 55, 293, 75
25, 26, 293, 27
25, 32, 294, 63
25, 166, 294, 39
25, 140, 294, 67
25, 558, 294, 1
25, 498, 294, 19
25, 470, 294, 32
25, 519, 295, 92
25, 393, 295, 91
25, 276, 295, 43
25, 149, 295, 36
25, 151, 295, 38
25, 547, 295, 40
25, 188, 295, 22
25, 573, 295, 80
25, 66, 295, 73
25, 454, 295, 18
25, 462, 295, 45
25, 469, 295, 40
25, 214, 295, 56
25, 360, 295, 60
25, 363, 295, 33
25, 114, 295, 52
25, 503, 295, 81
25, 509, 295, 34
25, 511, 295, 80
25, 263, 296, 52
25, 137, 296, 13
25, 267, 296, 27
25, 26, 296, 27
25, 284, 296, 10
25, 285, 296, 14
25, 420, 296, 90
25, 555, 296, 7
25, 46, 296, 80
25, 564, 296, 34
25, 439, 296, 24
25, 59, 296, 90
25, 192, 296, 10
25, 327, 296, 22
25, 590, 296, 73
25, 468, 296, 78
25, 347, 296, 70
25, 101, 296, 61
25, 111, 296, 8
25, 242, 296, 86
25, 254, 296, 48
25, 544, 297, 56
25, 448, 297, 9
25, 164, 297, 67
25, 551, 297, 7
25, 72, 297, 30
25, 361, 297, 52
25, 107, 297, 14
25, 271, 297, 33
25, 240, 297, 16
25, 210, 297, 13
25, 52, 297, 78
25, 316, 297, 33
25, 574, 297, 78
25, 134, 298, 45
25, 166, 298, 39
25, 329, 298, 56
25, 556, 298, 77
25, 141, 298, 41
25, 338, 298, 90
25, 86, 298, 42
25, 536, 298, 32
25, 313, 298, 22
25, 250, 298, 8
25, 124, 298, 91
25, 515, 299, 14
25, 414, 299, 13
25, 359, 299, 3
25, 106, 299, 32
25, 171, 299, 42
25, 366, 299, 66
25, 367, 299, 33
25, 533, 299, 92
25, 158, 299, 1
