300, 600, 30
34, 386, 0, 90
34, 166, 0, 21
34, 138, 0, 13
34, 203, 0, 22
34, 492, 0, 37
34, 207, 0, 61
34, 444, 0, 29
34, 254, 0, 68
34, 191, 0, 90
34, 577, 1, 53
34, 388, 1, 87
34, 38, 1, 99
34, 295, 1, 1
34, 454, 1, 99
34, 426, 1, 71
34, 236, 1, 4
34, 205, 1, 79
34, 303, 1, 14
34, 443, 1, 94
34, 188, 1, 61
34, 479, 1, 13
34, 167, 2, 30
34, 361, 2, 95
34, 297, 2, 55
34, 585, 2, 41
34, 238, 2, 68
34, 20, 2, 22
34, 533, 2, 82
34, 152, 2, 70
34, 313, 2, 39
34, 27, 2, 9
34, 60, 2, 82
34, 94, 2, 38
34, 64, 3, 12
34, 257, 3, 94
34, 194, 3, 66
34, 355, 3, 21
34, 292, 3, 51
34, 295, 3, 1
34, 588, 3, 44
34, 111, 3, 52
34, 113, 3, 45
34, 370, 3, 29
34, 211, 3, 52
34, 279, 3, 58
34, 248, 3, 56
34, 441, 3, 28
34, 65, 4, 38
34, 2, 4, 55
34, 446, 4, 95
34, 388, 4, 87
34, 492, 4, 37
34, 141, 4, 88
34, 78, 4, 23
34, 47, 4, 13
34, 401, 4, 53
34, 183, 4, 58
34, 88, 4, 73
34, 345, 4, 34
34, 411, 4, 72
34, 540, 4, 43
34, 542, 4, 53
34, 32, 5, 3
34, 226, 5, 36
34, 453, 5, 12
34, 9, 5, 82
34, 173, 5, 31
34, 346, 5, 50
34, 527, 5, 48
34, 598, 5, 92
34, 122, 5, 60
34, 446, 5, 95
34, 517, 6, 16
34, 8, 6, 8
34, 522, 6, 75
34, 524, 6, 68
34, 529, 6, 98
34, 274, 6, 37
34, 28, 6, 6
34, 541, 6, 42
34, 543, 6, 70
34, 44, 6, 90
34, 303, 6, 14
34, 49, 6, 30
34, 57, 6, 44
34, 324, 6, 31
34, 204, 6, 56
34, 334, 6, 35
34, 82, 6, 2
34, 474, 6, 83
34, 366, 6, 12
34, 115, 6, 82
34, 123, 6, 10
34, 509, 6, 14
34, 352, 7, 20
34, 477, 7, 17
34, 164, 7, 31
34, 101, 7, 78
34, 132, 7, 37
34, 140, 7, 41
34, 364, 7, 30
34, 238, 7, 68
34, 119, 7, 74
34, 566, 7, 65
34, 87, 7, 77
34, 151, 7, 38
34, 153, 7, 2
34, 92, 7, 87
34, 125, 7, 18
34, 2, 8, 55
34, 386, 8, 90
34, 263, 8, 78
34, 9, 8, 82
34, 401, 8, 53
34, 541, 8, 42
34, 159, 8, 78
34, 545, 8, 1
34, 162, 8, 49
34, 552, 8, 72
34, 298, 8, 18
34, 299, 8, 88
34, 567, 8, 51
34, 82, 8, 2
34, 596, 8, 12
34, 99, 8, 61
34, 486, 8, 4
34, 112, 8, 40
34, 380, 8, 96
34, 295, 9, 1
34, 10, 9, 92
34, 522, 9, 75
34, 204, 9, 56
34, 108, 9, 40
34, 234, 9, 2
34, 569, 9, 41
34, 561, 9, 62
34, 339, 9, 94
34, 244, 9, 5
34, 150, 9, 24
34, 248, 9, 56
34, 185, 9, 2
34, 125, 9, 18
34, 384, 10, 98
34, 146, 10, 31
34, 149, 10, 78
34, 160, 10, 98
34, 545, 10, 1
34, 34, 10, 88
34, 564, 10, 75
34, 438, 10, 17
34, 439, 10, 70
34, 310, 10, 63
34, 188, 10, 61
34, 450, 10, 86
34, 68, 10, 70
34, 581, 10, 51
34, 73, 10, 55
34, 202, 10, 21
34, 464, 10, 60
34, 338, 10, 24
34, 111, 10, 52
34, 115, 10, 82
34, 372, 10, 18
34, 259, 11, 25
34, 24, 11, 45
34, 427, 11, 25
34, 561, 11, 62
34, 435, 11, 5
34, 188, 11, 61
34, 72, 11, 29
34, 203, 11, 22
34, 204, 11, 56
34, 346, 11, 50
34, 477, 11, 17
34, 479, 11, 13
34, 227, 11, 21
34, 104, 11, 17
34, 363, 11, 43
34, 113, 11, 45
34, 116, 11, 84
34, 245, 11, 45
34, 251, 11, 48
34, 124, 11, 57
34, 32, 12, 3
34, 36, 12, 92
34, 37, 12, 96
34, 319, 12, 86
34, 135, 12, 72
34, 510, 12, 99
34, 553, 12, 39
34, 422, 12, 14
34, 240, 12, 45
34, 369, 12, 7
34, 144, 12, 79
34, 48, 12, 18
34, 119, 12, 74
34, 182, 12, 3
34, 311, 12, 6
34, 29, 12, 77
34, 30, 12, 83
34, 95, 12, 4
34, 417, 13, 70
34, 581, 13, 51
34, 456, 13, 26
34, 168, 13, 30
34, 106, 13, 1
34, 282, 13, 79
34, 332, 13, 41
34, 78, 13, 23
34, 79, 13, 97
34, 46, 13, 52
34, 113, 13, 45
34, 430, 13, 35
34, 209, 13, 83
34, 181, 13, 11
34, 534, 13, 39
34, 26, 13, 48
34, 287, 13, 86
34, 546, 14, 55
34, 515, 14, 78
34, 226, 14, 36
34, 66, 14, 68
34, 102, 14, 46
34, 71, 14, 86
34, 418, 14, 30
34, 138, 14, 13
34, 301, 14, 54
34, 498, 14, 51
34, 146, 14, 31
34, 93, 14, 75
34, 277, 14, 100
34, 283, 14, 52
34, 125, 14, 18
34, 478, 14, 33
34, 100, 15, 41
34, 389, 15, 67
34, 262, 15, 48
34, 103, 15, 94
34, 489, 15, 67
34, 396, 15, 97
34, 403, 15, 29
34, 537, 15, 3
34, 513, 16, 86
34, 137, 16, 36
34, 521, 16, 26
34, 14, 16, 3
34, 273, 16, 75
34, 409, 16, 81
34, 158, 16, 54
34, 162, 16, 49
34, 295, 16, 1
34, 441, 16, 28
34, 576, 16, 96
34, 320, 16, 16
34, 586, 16, 94
34, 336, 16, 97
34, 340, 16, 76
34, 216, 16, 74
34, 101, 16, 78
34, 237, 16, 89
34, 493, 16, 63
34, 122, 16, 60
34, 256, 17, 29
34, 258, 17, 68
34, 262, 17, 48
34, 8, 17, 8
34, 268, 17, 42
34, 397, 17, 56
34, 526, 17, 74
34, 533, 17, 82
34, 151, 17, 38
34, 539, 17, 63
34, 30, 17, 83
34, 557, 17, 30
34, 323, 17, 67
34, 201, 17, 70
34, 476, 17, 90
34, 95, 17, 4
34, 102, 17, 46
34, 114, 17, 95
34, 245, 17, 45
34, 547, 18, 36
34, 101, 18, 78
34, 233, 18, 98
34, 393, 18, 95
34, 427, 18, 25
34, 428, 18, 46
34, 108, 18, 40
34, 151, 18, 38
34, 504, 18, 29
34, 409, 18, 81
34, 29, 18, 77
34, 127, 18, 52
34, 352, 19, 20
34, 1, 19, 87
34, 513, 19, 86
34, 515, 19, 78
34, 385, 19, 97
34, 262, 19, 48
34, 391, 19, 2
34, 583, 19, 8
34, 488, 19, 32
34, 167, 19, 30
34, 154, 19, 63
34, 48, 19, 18
34, 145, 19, 32
34, 186, 19, 51
34, 412, 19, 6
34, 256, 20, 29
34, 130, 20, 60
34, 4, 20, 85
34, 5, 20, 90
34, 262, 20, 48
34, 402, 20, 13
34, 532, 20, 75
34, 276, 20, 83
34, 29, 20, 77
34, 30, 20, 83
34, 557, 20, 30
34, 435, 20, 5
34, 442, 20, 42
34, 316, 20, 100
34, 199, 20, 94
34, 72, 20, 29
34, 78, 20, 23
34, 209, 20, 83
34, 210, 20, 78
34, 342, 20, 19
34, 599, 20, 63
34, 493, 20, 63
34, 373, 20, 16
34, 124, 20, 57
34, 70, 21, 80
34, 519, 21, 7
34, 250, 21, 65
34, 58, 21, 73
34, 541, 21, 42
34, 575, 21, 64
34, 257, 22, 94
34, 194, 22, 66
34, 66, 22, 68
34, 388, 22, 87
34, 358, 22, 2
34, 74, 22, 75
34, 109, 22, 1
34, 429, 22, 23
34, 111, 22, 52
34, 143, 22, 63
34, 531, 22, 20
34, 374, 22, 88
34, 573, 22, 33
34, 386, 23, 90
34, 134, 23, 63
34, 518, 23, 3
34, 395, 23, 70
34, 143, 23, 63
34, 16, 23, 42
34, 272, 23, 39
34, 275, 23, 54
34, 28, 23, 6
34, 162, 23, 49
34, 552, 23, 72
34, 42, 23, 54
34, 428, 23, 46
34, 429, 23, 23
34, 432, 23, 60
34, 569, 23, 41
34, 60, 23, 82
34, 71, 23, 86
34, 73, 23, 55
34, 74, 23, 75
34, 466, 23, 87
34, 355, 23, 21
34, 360, 23, 42
34, 493, 23, 63
34, 0, 24, 65
34, 402, 24, 13
34, 148, 24, 38
34, 538, 24, 53
34, 158, 24, 54
34, 31, 24, 12
34, 37, 24, 96
34, 423, 24, 4
34, 40, 24, 51
34, 173, 24, 31
34, 50, 24, 98
34, 439, 24, 70
34, 569, 24, 41
34, 57, 24, 44
34, 199, 24, 94
34, 587, 24, 37
34, 96, 24, 85
34, 101, 24, 78
34, 231, 24, 60
34, 494, 24, 56
34, 367, 24, 1
34, 496, 24, 86
34, 498, 24, 51
34, 370, 24, 29
34, 510, 24, 99
34, 296, 25, 50
34, 527, 25, 48
34, 373, 25, 16
34, 571, 25, 63
34, 415, 25, 13
34, 3, 26, 65
34, 262, 26, 48
34, 265, 26, 26
34, 396, 26, 97
34, 13, 26, 9
34, 526, 26, 74
34, 30, 26, 83
34, 36, 26, 92
34, 165, 26, 72
34, 423, 26, 4
34, 305, 26, 96
34, 307, 26, 38
34, 51, 26, 7
34, 59, 26, 48
34, 460, 26, 11
34, 91, 26, 81
34, 229, 26, 33
34, 107, 26, 16
34, 124, 26, 57
34, 509, 26, 14
34, 129, 27, 41
34, 518, 27, 3
34, 9, 27, 82
34, 154, 27, 63
34, 410, 27, 47
34, 157, 27, 12
34, 422, 27, 14
34, 51, 27, 7
34, 450, 27, 86
34, 201, 27, 70
34, 204, 27, 56
34, 205, 27, 79
34, 476, 27, 90
34, 94, 27, 38
34, 480, 27, 95
34, 107, 27, 16
34, 494, 27, 56
34, 497, 27, 71
34, 249, 27, 38
34, 122, 27, 60
34, 0, 28, 65
34, 64, 28, 12
34, 483, 28, 62
34, 228, 28, 87
34, 36, 28, 92
34, 420, 28, 11
34, 581, 28, 51
34, 104, 28, 17
34, 585, 28, 41
34, 331, 28, 15
34, 396, 28, 97
34, 525, 28, 100
34, 174, 28, 63
34, 526, 28, 74
34, 62, 28, 50
34, 511, 28, 34
34, 134, 29, 63
34, 396, 29, 97
34, 22, 29, 17
34, 280, 29, 87
34, 414, 29, 97
34, 291, 29, 14
34, 39, 29, 68
34, 439, 29, 70
34, 568, 29, 64
34, 60, 29, 82
34, 63, 29, 42
34, 579, 29, 40
34, 459, 29, 98
34, 599, 29, 63
34, 476, 29, 90
34, 102, 29, 46
34, 489, 29, 67
34, 492, 29, 37
34, 121, 29, 83
34, 32, 30, 3
34, 453, 30, 12
34, 327, 30, 61
34, 377, 30, 5
34, 11, 30, 25
34, 505, 30, 26
34, 461, 30, 42
34, 525, 30, 100
34, 463, 30, 11
34, 273, 30, 75
34, 562, 30, 75
34, 115, 30, 82
34, 568, 30, 64
34, 89, 30, 82
34, 154, 30, 63
34, 541, 30, 42
34, 479, 30, 13
34, 96, 31, 85
34, 289, 31, 78
34, 129, 31, 41
34, 130, 31, 60
34, 334, 31, 35
34, 304, 31, 55
34, 403, 31, 29
34, 179, 31, 35
34, 219, 31, 63
34, 574, 31, 25
34, 548, 32, 55
34, 408, 32, 3
34, 362, 32, 4
34, 171, 32, 44
34, 492, 32, 37
34, 271, 32, 63
34, 178, 32, 82
34, 84, 32, 61
34, 376, 32, 60
34, 442, 32, 42
34, 152, 32, 70
34, 165, 33, 72
34, 90, 33, 91
34, 455, 33, 7
34, 59, 33, 48
34, 333, 33, 39
34, 175, 33, 41
34, 239, 33, 97
34, 19, 33, 37
34, 468, 33, 36
34, 278, 33, 8
34, 88, 33, 73
34, 217, 33, 58
34, 442, 33, 42
34, 411, 33, 72
34, 348, 33, 2
34, 57, 33, 44
34, 262, 34, 48
34, 134, 34, 63
34, 136, 34, 45
34, 140, 34, 41
34, 413, 34, 78
34, 547, 34, 36
34, 557, 34, 30
34, 558, 34, 42
34, 175, 34, 41
34, 432, 34, 60
34, 562, 34, 75
34, 55, 34, 5
34, 60, 34, 82
34, 457, 34, 66
34, 586, 34, 94
34, 207, 34, 61
34, 335, 34, 87
34, 465, 34, 31
34, 83, 34, 69
34, 598, 34, 92
34, 472, 34, 29
34, 475, 34, 71
34, 355, 34, 21
34, 369, 34, 7
34, 379, 34, 5
34, 203, 35, 22
34, 304, 35, 55
34, 305, 35, 96
34, 402, 35, 13
34, 565, 35, 30
34, 406, 35, 76
34, 150, 35, 24
34, 98, 36, 24
34, 102, 36, 46
34, 495, 36, 77
34, 433, 36, 82
34, 22, 36, 17
34, 90, 36, 91
34, 94, 36, 38
34, 351, 36, 16
34, 318, 37, 29
34, 384, 37, 98
34, 99, 37, 61
34, 196, 37, 12
34, 580, 37, 13
34, 582, 37, 15
34, 264, 37, 76
34, 47, 37, 13
34, 375, 37, 77
34, 344, 37, 10
34, 153, 37, 2
34, 26, 37, 48
34, 62, 37, 50
34, 290, 38, 28
34, 163, 38, 4
34, 164, 38, 31
34, 421, 38, 28
34, 358, 38, 2
34, 68, 38, 70
34, 168, 38, 30
34, 40, 38, 51
34, 363, 38, 43
34, 398, 38, 19
34, 469, 38, 35
34, 342, 38, 19
34, 501, 38, 32
34, 438, 38, 17
34, 27, 38, 9
34, 316, 38, 100
34, 573, 38, 33
34, 414, 38, 97
34, 356, 39, 92
34, 346, 39, 50
34, 370, 39, 29
34, 437, 39, 7
34, 26, 39, 48
34, 258, 40, 68
34, 263, 40, 78
34, 264, 40, 76
34, 141, 40, 88
34, 526, 40, 74
34, 543, 40, 70
34, 548, 40, 55
34, 166, 40, 21
34, 302, 40, 84
34, 186, 40, 51
34, 195, 40, 43
34, 588, 40, 44
34, 85, 40, 18
34, 348, 40, 2
34, 227, 40, 21
34, 363, 40, 43
34, 110, 40, 77
34, 510, 40, 99
34, 383, 40, 24
34, 515, 41, 78
34, 4, 41, 85
34, 518, 41, 3
34, 392, 41, 33
34, 414, 41, 97
34, 160, 41, 98
34, 293, 41, 34
34, 43, 41, 72
34, 427, 41, 25
34, 50, 41, 98
34, 437, 41, 7
34, 310, 41, 63
34, 573, 41, 33
34, 196, 41, 12
34, 206, 41, 68
34, 79, 41, 97
34, 594, 41, 82
34, 226, 41, 36
34, 499, 41, 1
34, 391, 42, 2
34, 530, 42, 48
34, 282, 42, 79
34, 542, 42, 53
34, 415, 42, 13
34, 543, 42, 70
34, 552, 42, 72
34, 177, 42, 6
34, 565, 42, 30
34, 438, 42, 17
34, 441, 42, 28
34, 322, 42, 33
34, 332, 42, 41
34, 207, 42, 61
34, 211, 42, 52
34, 96, 42, 85
34, 101, 42, 78
34, 492, 42, 37
34, 369, 42, 7
34, 122, 42, 60
34, 99, 43, 61
34, 261, 43, 82
34, 295, 43, 1
34, 489, 43, 67
34, 586, 43, 94
34, 460, 43, 11
34, 179, 43, 35
34, 313, 43, 39
34, 538, 43, 53
34, 30, 43, 83
34, 477, 44, 17
34, 357, 44, 60
34, 102, 44, 46
34, 296, 44, 50
34, 200, 44, 56
34, 394, 44, 94
34, 349, 44, 83
34, 304, 44, 55
34, 315, 44, 86
34, 82, 44, 2
34, 592, 44, 14
34, 408, 44, 3
34, 571, 44, 63
34, 92, 44, 87
34, 285, 44, 71
34, 256, 45, 29
34, 32, 45, 3
34, 483, 45, 62
34, 5, 45, 90
34, 551, 45, 75
34, 42, 45, 54
34, 527, 45, 48
34, 304, 45, 55
34, 84, 45, 61
34, 248, 45, 56
34, 353, 46, 8
34, 194, 46, 66
34, 547, 46, 36
34, 426, 46, 71
34, 398, 46, 19
34, 238, 46, 68
34, 564, 46, 75
34, 149, 46, 78
34, 54, 46, 88
34, 27, 46, 9
34, 192, 47, 97
34, 65, 47, 38
34, 344, 47, 10
34, 388, 47, 87
34, 131, 47, 84
34, 358, 47, 2
34, 154, 47, 63
34, 553, 47, 39
34, 333, 47, 39
34, 272, 47, 39
34, 22, 47, 17
34, 216, 47, 74
34, 250, 47, 65
34, 62, 47, 50
34, 447, 47, 49
34, 257, 48, 94
34, 518, 48, 3
34, 7, 48, 68
34, 523, 48, 98
34, 531, 48, 20
34, 276, 48, 83
34, 24, 48, 45
34, 152, 48, 70
34, 544, 48, 51
34, 35, 48, 21
34, 168, 48, 30
34, 558, 48, 42
34, 309, 48, 80
34, 438, 48, 17
34, 446, 48, 95
34, 66, 48, 68
34, 353, 48, 8
34, 121, 48, 83
34, 509, 48, 14
34, 126, 48, 34
34, 261, 49, 82
34, 390, 49, 2
34, 389, 49, 67
34, 521, 49, 26
34, 271, 49, 63
34, 399, 49, 42
34, 17, 49, 68
34, 546, 49, 55
34, 558, 49, 42
34, 46, 49, 52
34, 306, 49, 32
34, 194, 49, 66
34, 454, 49, 99
34, 326, 49, 51
34, 328, 49, 61
34, 462, 49, 83
34, 592, 49, 14
34, 85, 49, 18
34, 479, 49, 13
34, 488, 49, 32
34, 361, 49, 95
34, 113, 49, 45
34, 249, 49, 38
34, 323, 50, 67
34, 326, 50, 51
34, 455, 50, 7
34, 136, 50, 45
34, 234, 50, 2
34, 106, 50, 1
34, 45, 50, 54
34, 271, 50, 63
34, 562, 50, 75
34, 24, 50, 45
34, 217, 50, 58
34, 152, 50, 70
34, 322, 51, 33
34, 164, 51, 31
34, 554, 51, 100
34, 462, 51, 83
34, 399, 51, 42
34, 52, 51, 72
34, 566, 51, 65
34, 32, 52, 3
34, 280, 52, 87
34, 417, 52, 70
34, 35, 52, 21
34, 452, 52, 73
34, 418, 52, 30
34, 327, 52, 61
34, 362, 52, 4
34, 588, 52, 44
34, 464, 52, 60
34, 504, 52, 29
34, 219, 52, 63
34, 95, 52, 4
34, 509, 53, 14
34, 194, 53, 66
34, 546, 53, 55
34, 535, 53, 19
34, 453, 53, 12
34, 68, 53, 70
34, 583, 53, 8
34, 360, 53, 42
34, 427, 53, 25
34, 45, 53, 54
34, 110, 53, 77
34, 15, 53, 33
34, 50, 53, 98
34, 501, 53, 32
34, 215, 53, 61
34, 216, 53, 74
34, 154, 53, 63
34, 189, 53, 18
34, 130, 54, 60
34, 154, 54, 63
34, 538, 54, 53
34, 544, 54, 51
34, 420, 54, 11
34, 549, 54, 18
34, 423, 54, 4
34, 168, 54, 30
34, 554, 54, 100
34, 173, 54, 31
34, 66, 54, 68
34, 580, 54, 13
34, 455, 54, 7
34, 337, 54, 51
34, 344, 54, 10
34, 488, 54, 32
34, 494, 54, 56
34, 374, 54, 88
34, 377, 54, 5
34, 254, 54, 68
34, 418, 55, 30
34, 419, 55, 95
34, 325, 55, 58
34, 9, 55, 82
34, 560, 55, 58
34, 405, 55, 36
34, 377, 55, 5
34, 59, 55, 48
34, 447, 55, 49
34, 321, 56, 99
34, 227, 56, 21
34, 451, 56, 72
34, 293, 56, 34
34, 355, 56, 21
34, 103, 56, 94
34, 520, 56, 29
34, 71, 56, 86
34, 368, 56, 54
34, 307, 56, 38
34, 379, 56, 5
34, 309, 56, 80
34, 377, 56, 5
34, 539, 56, 63
34, 284, 56, 41
34, 286, 56, 3
34, 255, 56, 24
34, 256, 57, 29
34, 1, 57, 87
34, 513, 57, 86
34, 276, 57, 83
34, 292, 57, 51
34, 556, 57, 78
34, 301, 57, 54
34, 48, 57, 18
34, 49, 57, 30
34, 306, 57, 32
34, 184, 57, 10
34, 59, 57, 48
34, 65, 57, 38
34, 323, 57, 67
34, 67, 57, 55
34, 203, 57, 22
34, 463, 57, 11
34, 105, 57, 47
34, 110, 57, 77
34, 495, 57, 77
34, 248, 57, 56
34, 253, 57, 15
34, 127, 57, 52
34, 64, 58, 12
34, 225, 58, 72
34, 485, 58, 34
34, 319, 58, 86
34, 425, 58, 23
34, 138, 58, 13
34, 398, 58, 19
34, 463, 58, 11
34, 243, 58, 68
34, 278, 58, 8
34, 474, 58, 83
34, 252, 58, 17
34, 575, 58, 64
34, 382, 59, 19
34, 292, 59, 51
34, 567, 59, 51
34, 392, 59, 33
34, 48, 59, 18
34, 210, 59, 78
34, 95, 59, 4
34, 538, 59, 53
34, 510, 59, 99
34, 543, 59, 70
34, 10, 60, 92
34, 140, 60, 41
34, 146, 60, 31
34, 279, 60, 58
34, 548, 60, 55
34, 50, 60, 98
34, 434, 60, 57
34, 53, 60, 19
34, 73, 60, 55
34, 74, 60, 75
34, 77, 60, 98
34, 345, 60, 34
34, 217, 60, 58
34, 220, 60, 17
34, 354, 60, 60
34, 486, 60, 4
34, 234, 60, 2
34, 364, 60, 30
34, 124, 60, 57
34, 135, 61, 72
34, 19, 61, 37
34, 152, 61, 70
34, 543, 61, 70
34, 162, 61, 49
34, 163, 61, 4
34, 305, 61, 96
34, 55, 61, 5
34, 192, 61, 97
34, 455, 61, 7
34, 203, 61, 22
34, 469, 61, 35
34, 473, 61, 45
34, 103, 61, 94
34, 111, 61, 52
34, 246, 61, 6
34, 505, 61, 26
34, 125, 61, 18
34, 383, 61, 24
34, 32, 62, 3
34, 105, 62, 47
34, 393, 62, 95
34, 138, 62, 13
34, 361, 62, 95
34, 381, 62, 92
34, 436, 62, 25
34, 285, 62, 71
34, 203, 63, 22
34, 12, 63, 57
34, 205, 63, 79
34, 251, 63, 48
34, 146, 63, 31
34, 20, 63, 22
34, 246, 63, 6
34, 27, 63, 9
34, 28, 63, 6
34, 223, 63, 62
34, 386, 64, 90
34, 482, 64, 95
34, 68, 64, 70
34, 485, 64, 34
34, 2, 64, 55
34, 15, 64, 33
34, 90, 64, 91
34, 509, 64, 14
34, 192, 65, 97
34, 471, 65, 94
34, 229, 65, 33
34, 358, 65, 2
34, 427, 65, 25
34, 523, 65, 98
34, 494, 65, 56
34, 527, 65, 48
34, 302, 65, 84
34, 465, 65, 31
34, 215, 65, 61
34, 152, 65, 70
34, 380, 65, 96
34, 477, 65, 17
34, 137, 66, 36
34, 272, 66, 39
34, 152, 66, 70
34, 30, 66, 83
34, 37, 66, 96
34, 293, 66, 34
34, 424, 66, 90
34, 300, 66, 95
34, 563, 66, 35
34, 320, 66, 16
34, 65, 66, 38
34, 461, 66, 42
34, 78, 66, 23
34, 211, 66, 52
34, 351, 66, 16
34, 482, 66, 95
34, 358, 66, 2
34, 488, 66, 32
34, 112, 66, 40
34, 369, 66, 7
34, 96, 67, 85
34, 67, 67, 55
34, 400, 67, 97
34, 341, 67, 19
34, 246, 67, 6
34, 123, 67, 10
34, 541, 67, 42
34, 543, 67, 70
34, 322, 68, 33
34, 388, 68, 87
34, 429, 68, 23
34, 116, 68, 84
34, 182, 68, 3
34, 598, 68, 92
34, 280, 68, 87
34, 569, 68, 41
34, 94, 68, 38
34, 128, 69, 34
34, 395, 69, 70
34, 397, 69, 56
34, 284, 69, 41
34, 540, 69, 43
34, 547, 69, 36
34, 295, 69, 1
34, 41, 69, 81
34, 430, 69, 35
34, 176, 69, 8
34, 182, 69, 3
34, 74, 69, 75
34, 462, 69, 83
34, 599, 69, 63
34, 472, 69, 29
34, 352, 69, 20
34, 101, 69, 78
34, 104, 69, 17
34, 237, 69, 89
34, 367, 69, 1
34, 372, 69, 18
34, 450, 70, 86
34, 37, 70, 96
34, 295, 70, 1
34, 40, 70, 51
34, 428, 70, 46
34, 144, 70, 79
34, 145, 70, 32
34, 562, 70, 75
34, 208, 70, 95
34, 535, 70, 19
34, 220, 70, 17
34, 479, 70, 13
34, 293, 71, 34
34, 422, 71, 14
34, 112, 71, 40
34, 533, 71, 82
34, 185, 71, 2
34, 187, 71, 11
34, 388, 72, 87
34, 27, 72, 9
34, 416, 72, 14
34, 167, 72, 30
34, 49, 72, 30
34, 561, 72, 62
34, 309, 72, 80
34, 183, 72, 58
34, 56, 72, 26
34, 315, 72, 86
34, 581, 72, 51
34, 598, 72, 92
34, 214, 72, 39
34, 216, 72, 74
34, 360, 72, 42
34, 117, 72, 100
34, 123, 72, 10
34, 380, 72, 96
34, 383, 72, 24
34, 8, 73, 8
34, 393, 73, 95
34, 12, 73, 57
34, 21, 73, 67
34, 152, 73, 70
34, 541, 73, 42
34, 435, 73, 5
34, 52, 73, 72
34, 325, 73, 58
34, 198, 73, 59
34, 330, 73, 54
34, 75, 73, 98
34, 217, 73, 58
34, 476, 73, 90
34, 477, 73, 17
34, 352, 73, 20
34, 122, 73, 60
34, 508, 73, 36
34, 254, 73, 68
34, 326, 74, 51
34, 392, 74, 33
34, 265, 74, 26
34, 574, 74, 25
34, 490, 74, 31
34, 362, 74, 4
34, 333, 74, 39
34, 557, 74, 30
34, 527, 74, 48
34, 558, 74, 42
34, 116, 74, 84
34, 565, 74, 30
34, 185, 74, 2
34, 58, 74, 73
34, 539, 74, 63
34, 286, 74, 3
34, 420, 75, 11
34, 261, 75, 82
34, 324, 75, 31
34, 392, 75, 33
34, 268, 75, 42
34, 428, 75, 46
34, 174, 75, 63
34, 569, 75, 41
34, 368, 75, 54
34, 597, 75, 79
34, 54, 75, 88
34, 504, 75, 29
34, 377, 75, 5
34, 443, 75, 94
34, 158, 75, 54
34, 447, 75, 49
34, 160, 76, 98
34, 132, 76, 37
34, 137, 76, 36
34, 204, 76, 56
34, 465, 76, 31
34, 501, 76, 32
34, 214, 76, 39
34, 58, 76, 73
34, 576, 77, 96
34, 192, 77, 97
34, 98, 77, 24
34, 451, 77, 72
34, 514, 77, 38
34, 196, 77, 12
34, 130, 77, 60
34, 231, 77, 60
34, 40, 77, 51
34, 267, 77, 47
34, 236, 77, 4
34, 525, 77, 100
34, 142, 77, 39
34, 51, 77, 7
34, 532, 77, 75
34, 184, 77, 10
34, 316, 77, 100
34, 477, 77, 17
34, 288, 78, 16
34, 290, 78, 28
34, 69, 78, 91
34, 263, 78, 78
34, 432, 78, 60
34, 565, 78, 30
34, 184, 78, 10
34, 188, 78, 61
34, 512, 79, 1
34, 481, 79, 23
34, 419, 79, 95
34, 228, 79, 87
34, 260, 79, 12
34, 198, 79, 59
34, 487, 79, 52
34, 297, 79, 55
34, 138, 79, 13
34, 300, 79, 95
34, 48, 79, 18
34, 464, 79, 60
34, 210, 79, 78
34, 434, 79, 57
34, 182, 79, 3
34, 475, 79, 71
34, 257, 80, 94
34, 517, 80, 16
34, 14, 80, 3
34, 398, 80, 19
34, 270, 80, 45
34, 538, 80, 53
34, 157, 80, 12
34, 419, 80, 95
34, 164, 80, 31
34, 174, 80, 63
34, 431, 80, 7
34, 308, 80, 88
34, 324, 80, 31
34, 198, 80, 59
34, 583, 80, 8
34, 330, 80, 54
34, 77, 80, 98
34, 596, 80, 12
34, 480, 80, 95
34, 237, 80, 89
34, 241, 80, 46
34, 131, 81, 84
34, 260, 81, 12
34, 326, 81, 51
34, 73, 81, 55
34, 426, 81, 71
34, 235, 81, 20
34, 203, 81, 22
34, 366, 81, 12
34, 467, 81, 58
34, 436, 81, 25
34, 20, 81, 22
34, 411, 81, 72
34, 87, 81, 77
34, 215, 81, 61
34, 123, 81, 10
34, 96, 82, 85
34, 293, 82, 34
34, 38, 82, 99
34, 574, 82, 25
34, 345, 82, 34
34, 11, 82, 25
34, 107, 82, 16
34, 395, 82, 70
34, 336, 82, 97
34, 507, 82, 38
34, 117, 82, 100
34, 375, 82, 77
34, 376, 82, 60
34, 57, 82, 44
34, 317, 82, 78
34, 125, 82, 18
34, 158, 82, 54
34, 448, 83, 25
34, 225, 83, 72
34, 3, 83, 65
34, 69, 83, 91
34, 550, 83, 68
34, 391, 83, 2
34, 294, 83, 33
34, 430, 83, 35
34, 16, 83, 42
34, 50, 83, 98
34, 373, 83, 16
34, 567, 83, 51
34, 89, 83, 82
34, 127, 83, 52
34, 221, 83, 99
34, 222, 83, 54
34, 255, 83, 24
34, 416, 84, 14
34, 131, 84, 84
34, 388, 84, 87
34, 453, 84, 12
34, 292, 84, 51
34, 583, 84, 8
34, 104, 84, 17
34, 553, 84, 39
34, 330, 84, 54
34, 359, 84, 8
34, 109, 84, 1
34, 337, 84, 51
34, 243, 84, 68
34, 180, 84, 50
34, 468, 84, 36
34, 408, 84, 3
34, 250, 84, 65
34, 253, 84, 15
34, 357, 85, 60
34, 488, 85, 32
34, 170, 85, 60
34, 564, 85, 75
34, 406, 85, 76
34, 216, 85, 74
34, 537, 85, 3
34, 288, 86, 16
34, 489, 86, 67
34, 556, 86, 78
34, 366, 86, 12
34, 559, 86, 40
34, 243, 86, 68
34, 84, 86, 61
34, 565, 86, 30
34, 444, 86, 29
34, 0, 87, 65
34, 264, 87, 76
34, 527, 87, 48
34, 404, 87, 59
34, 405, 87, 36
34, 534, 87, 39
34, 21, 87, 67
34, 283, 87, 52
34, 28, 87, 6
34, 160, 87, 98
34, 32, 87, 3
34, 424, 87, 90
34, 44, 87, 90
34, 557, 87, 30
34, 56, 87, 26
34, 590, 87, 76
34, 84, 87, 61
34, 93, 87, 75
34, 481, 87, 23
34, 231, 87, 60
34, 487, 87, 52
34, 105, 87, 47
34, 114, 87, 95
34, 481, 88, 23
34, 452, 88, 73
34, 69, 88, 91
34, 230, 88, 24
34, 263, 88, 78
34, 262, 88, 48
34, 390, 88, 2
34, 105, 88, 47
34, 557, 88, 30
34, 400, 88, 97
34, 212, 88, 20
34, 565, 88, 30
34, 56, 88, 26
34, 285, 88, 71
34, 347, 88, 21
34, 573, 88, 33
34, 288, 89, 16
34, 480, 89, 95
34, 223, 89, 62
34, 385, 89, 97
34, 3, 89, 65
34, 102, 89, 46
34, 456, 89, 26
34, 458, 89, 33
34, 492, 89, 37
34, 493, 89, 63
34, 593, 89, 25
34, 95, 89, 4
34, 70, 90, 80
34, 102, 90, 46
34, 487, 90, 52
34, 460, 90, 11
34, 557, 90, 30
34, 238, 90, 68
34, 558, 90, 42
34, 212, 90, 20
34, 439, 90, 70
34, 568, 90, 64
34, 507, 90, 38
34, 28, 90, 6
34, 63, 90, 42
34, 77, 91, 98
34, 560, 91, 58
34, 434, 91, 57
34, 150, 91, 24
34, 349, 91, 83
34, 222, 91, 54
34, 236, 92, 4
34, 238, 92, 68
34, 177, 92, 6
34, 468, 92, 36
34, 253, 92, 15
34, 352, 93, 20
34, 193, 93, 7
34, 452, 93, 73
34, 132, 93, 37
34, 486, 93, 4
34, 327, 93, 61
34, 39, 93, 68
34, 526, 93, 74
34, 399, 93, 42
34, 48, 93, 18
34, 251, 93, 48
34, 158, 93, 54
34, 195, 94, 43
34, 327, 94, 61
34, 361, 94, 95
34, 43, 94, 72
34, 589, 94, 6
34, 315, 94, 86
34, 466, 94, 87
34, 563, 94, 35
34, 507, 94, 38
34, 573, 94, 33
34, 4, 95, 85
34, 421, 95, 28
34, 38, 95, 99
34, 239, 95, 97
34, 560, 95, 58
34, 403, 95, 29
34, 437, 95, 7
34, 245, 95, 45
34, 597, 95, 79
34, 252, 95, 17
34, 350, 95, 20
34, 70, 96, 80
34, 43, 96, 72
34, 142, 96, 39
34, 117, 96, 100
34, 119, 96, 74
34, 280, 96, 87
34, 316, 96, 100
34, 318, 96, 29
34, 65, 97, 38
34, 390, 97, 2
34, 231, 97, 60
34, 232, 97, 82
34, 430, 97, 35
34, 596, 97, 12
34, 470, 97, 89
34, 406, 97, 76
34, 536, 97, 10
34, 380, 97, 96
34, 0, 98, 65
34, 142, 98, 39
34, 411, 98, 72
34, 286, 98, 3
34, 416, 98, 14
34, 420, 98, 11
34, 421, 98, 28
34, 36, 98, 92
34, 164, 98, 31
34, 297, 98, 55
34, 46, 98, 52
34, 568, 98, 64
34, 458, 98, 33
34, 76, 98, 4
34, 595, 98, 6
34, 469, 98, 35
34, 107, 98, 16
34, 504, 98, 29
34, 377, 98, 5
34, 512, 99, 1
34, 133, 99, 15
34, 393, 99, 95
34, 13, 99, 9
34, 280, 99, 87
34, 299, 99, 88
34, 300, 99, 95
34, 178, 99, 82
34, 435, 99, 5
34, 56, 99, 26
34, 194, 99, 66
34, 324, 99, 31
34, 78, 99, 23
34, 209, 99, 83
34, 472, 99, 29
34, 482, 99, 95
34, 483, 99, 62
34, 500, 99, 88
34, 250, 99, 65
34, 507, 99, 38
34, 255, 99, 24
34, 256, 100, 29
34, 132, 100, 37
34, 266, 100, 33
34, 13, 100, 9
34, 464, 100, 60
34, 20, 100, 22
34, 407, 100, 95
34, 25, 100, 85
34, 191, 100, 90
34, 131, 101, 84
34, 261, 101, 82
34, 524, 101, 68
34, 283, 101, 52
34, 539, 101, 63
34, 27, 101, 9
34, 551, 101, 75
34, 426, 101, 71
34, 300, 101, 95
34, 305, 101, 96
34, 576, 101, 96
34, 323, 101, 67
34, 70, 101, 80
34, 590, 101, 76
34, 223, 101, 62
34, 480, 101, 95
34, 99, 101, 61
34, 101, 101, 78
34, 103, 101, 94
34, 492, 101, 37
34, 439, 102, 70
34, 429, 102, 23
34, 343, 102, 36
34, 382, 102, 19
34, 286, 102, 3
34, 544, 103, 51
34, 357, 103, 60
34, 561, 103, 62
34, 563, 103, 35
34, 212, 103, 20
34, 91, 103, 81
34, 381, 103, 92
34, 387, 104, 14
34, 388, 104, 87
34, 229, 104, 33
34, 37, 104, 96
34, 584, 104, 2
34, 170, 104, 60
34, 300, 104, 95
34, 205, 104, 79
34, 431, 104, 7
34, 208, 104, 95
34, 495, 104, 77
34, 464, 104, 60
34, 351, 104, 16
34, 131, 105, 84
34, 419, 105, 95
34, 167, 105, 30
34, 298, 105, 18
34, 10, 105, 92
34, 272, 105, 39
34, 304, 105, 55
34, 560, 105, 58
34, 212, 105, 20
34, 150, 105, 24
34, 375, 105, 77
34, 156, 105, 62
34, 540, 105, 43
34, 128, 106, 34
34, 515, 106, 78
34, 136, 106, 45
34, 409, 106, 81
34, 26, 106, 48
34, 541, 106, 42
34, 31, 106, 12
34, 287, 106, 86
34, 33, 106, 74
34, 168, 106, 30
34, 176, 106, 8
34, 61, 106, 84
34, 451, 106, 72
34, 456, 106, 26
34, 336, 106, 97
34, 346, 106, 50
34, 475, 106, 71
34, 234, 106, 2
34, 363, 106, 43
34, 511, 106, 34
34, 225, 107, 72
34, 134, 107, 63
34, 233, 107, 98
34, 172, 107, 10
34, 366, 107, 12
34, 113, 107, 45
34, 18, 107, 49
34, 340, 107, 76
34, 373, 107, 16
34, 89, 107, 82
34, 128, 108, 34
34, 14, 108, 3
34, 406, 108, 76
34, 157, 108, 12
34, 542, 108, 53
34, 286, 108, 3
34, 418, 108, 30
34, 291, 108, 14
34, 550, 108, 68
34, 430, 108, 35
34, 190, 108, 40
34, 579, 108, 40
34, 461, 108, 42
34, 80, 108, 23
34, 85, 108, 18
34, 219, 108, 63
34, 485, 108, 34
34, 232, 108, 82
34, 237, 108, 89
34, 110, 108, 77
34, 497, 108, 71
34, 116, 108, 84
34, 507, 108, 38
34, 511, 108, 34
34, 577, 109, 53
34, 195, 109, 43
34, 409, 109, 81
34, 207, 109, 61
34, 336, 109, 97
34, 561, 109, 62
34, 594, 109, 82
34, 402, 109, 13
34, 565, 109, 30
34, 284, 109, 41
34, 569, 109, 41
34, 444, 109, 29
34, 124, 109, 57
34, 445, 109, 85
34, 574, 109, 25
34, 0, 110, 65
34, 388, 110, 87
34, 521, 110, 26
34, 525, 110, 100
34, 272, 110, 39
34, 410, 110, 47
34, 412, 110, 6
34, 288, 110, 16
34, 166, 110, 21
34, 298, 110, 18
34, 174, 110, 63
34, 54, 110, 88
34, 325, 110, 58
34, 203, 110, 22
34, 460, 110, 11
34, 211, 110, 52
34, 353, 110, 8
34, 355, 110, 21
34, 485, 110, 34
34, 505, 110, 26
34, 123, 110, 10
34, 510, 110, 99
34, 0, 111, 65
34, 33, 111, 74
34, 574, 111, 25
34, 168, 111, 30
34, 415, 111, 13
34, 114, 111, 95
34, 180, 111, 50
34, 149, 111, 78
34, 534, 111, 39
34, 472, 111, 29
34, 62, 111, 50
34, 282, 111, 79
34, 61, 111, 84
34, 446, 111, 95
34, 383, 111, 24
34, 35, 112, 21
34, 132, 112, 37
34, 107, 112, 16
34, 108, 112, 40
34, 49, 112, 30
34, 372, 112, 18
34, 340, 112, 76
34, 55, 112, 5
34, 58, 112, 73
34, 155, 112, 4
34, 157, 112, 12
34, 510, 112, 99
34, 223, 112, 62
34, 256, 113, 29
34, 391, 113, 2
34, 278, 113, 8
34, 151, 113, 38
34, 45, 113, 54
34, 445, 113, 85
34, 580, 113, 13
34, 326, 113, 51
34, 203, 113, 22
34, 339, 113, 94
34, 344, 113, 10
34, 472, 113, 29
34, 361, 113, 95
34, 363, 113, 43
34, 493, 113, 63
34, 370, 113, 29
34, 376, 113, 60
34, 249, 113, 38
34, 508, 113, 36
34, 384, 114, 98
34, 292, 114, 51
34, 584, 114, 2
34, 427, 114, 25
34, 239, 114, 97
34, 595, 114, 6
34, 469, 114, 35
34, 598, 114, 92
34, 503, 114, 20
34, 508, 114, 36
34, 254, 114, 68
34, 39, 115, 68
34, 268, 115, 42
34, 595, 115, 6
34, 148, 115, 38
34, 469, 115, 35
34, 408, 115, 3
34, 410, 115, 47
34, 128, 116, 34
34, 266, 116, 33
34, 144, 116, 79
34, 532, 116, 75
34, 542, 116, 53
34, 432, 116, 60
34, 307, 116, 38
34, 312, 116, 88
34, 579, 116, 40
34, 67, 116, 55
34, 68, 116, 70
34, 452, 116, 73
34, 202, 116, 21
34, 592, 116, 14
34, 210, 116, 78
34, 347, 116, 21
34, 351, 116, 16
34, 352, 116, 20
34, 97, 116, 31
34, 357, 116, 60
34, 487, 116, 52
34, 109, 116, 1
34, 544, 117, 51
34, 33, 117, 74
34, 393, 117, 95
34, 458, 117, 33
34, 525, 117, 100
34, 397, 117, 56
34, 238, 117, 68
34, 111, 117, 52
34, 365, 117, 68
34, 307, 117, 38
34, 342, 117, 19
34, 183, 117, 58
34, 314, 117, 81
34, 411, 117, 72
34, 541, 117, 42
34, 574, 117, 25
34, 160, 118, 98
34, 192, 118, 97
34, 65, 118, 38
34, 35, 118, 21
34, 7, 118, 68
34, 296, 118, 50
34, 71, 118, 86
34, 587, 118, 37
34, 428, 118, 46
34, 16, 118, 42
34, 594, 118, 82
34, 348, 118, 2
34, 437, 118, 7
34, 567, 118, 51
34, 89, 118, 82
34, 188, 118, 61
34, 350, 118, 20
34, 95, 118, 4
34, 96, 119, 85
34, 33, 119, 74
34, 418, 119, 30
34, 3, 119, 65
34, 65, 119, 38
34, 106, 119, 1
34, 235, 119, 20
34, 459, 119, 98
34, 269, 119, 79
34, 175, 119, 41
34, 273, 119, 75
34, 466, 119, 87
34, 82, 119, 2
34, 281, 119, 78
34, 283, 119, 52
34, 446, 119, 95
34, 480, 120, 95
34, 385, 120, 97
34, 291, 120, 14
34, 132, 120, 37
34, 37, 120, 96
34, 200, 120, 56
34, 40, 120, 51
34, 426, 120, 71
34, 459, 120, 98
34, 140, 120, 41
34, 10, 120, 92
34, 335, 120, 87
34, 343, 120, 36
34, 219, 120, 63
34, 477, 120, 17
34, 417, 121, 70
34, 99, 121, 61
34, 233, 121, 98
34, 329, 121, 78
34, 111, 121, 52
34, 177, 121, 6
34, 402, 121, 13
34, 307, 121, 38
34, 595, 121, 6
34, 21, 121, 67
34, 118, 121, 45
34, 475, 121, 71
34, 380, 121, 96
34, 511, 121, 34
34, 385, 122, 97
34, 389, 122, 67
34, 144, 122, 79
34, 272, 122, 39
34, 404, 122, 59
34, 280, 122, 87
34, 154, 122, 63
34, 548, 122, 55
34, 167, 122, 30
34, 563, 122, 35
34, 52, 122, 72
34, 56, 122, 26
34, 441, 122, 28
34, 591, 122, 1
34, 210, 122, 78
34, 341, 122, 19
34, 471, 122, 94
34, 474, 122, 83
34, 95, 122, 4
34, 97, 122, 31
34, 488, 122, 32
34, 364, 122, 30
34, 116, 122, 84
34, 533, 123, 82
34, 25, 123, 85
34, 282, 123, 79
34, 44, 123, 90
34, 172, 123, 10
34, 181, 123, 11
34, 570, 123, 65
34, 571, 123, 63
34, 61, 123, 84
34, 191, 123, 90
34, 201, 123, 70
34, 461, 123, 42
34, 84, 123, 61
34, 342, 123, 19
34, 349, 123, 83
34, 224, 123, 67
34, 227, 123, 21
34, 113, 123, 45
34, 119, 123, 74
34, 549, 124, 18
34, 70, 124, 80
34, 71, 124, 86
34, 137, 124, 36
34, 569, 124, 41
34, 314, 124, 81
34, 577, 125, 53
34, 131, 125, 84
34, 542, 125, 53
34, 488, 125, 32
34, 457, 125, 66
34, 233, 125, 98
34, 46, 125, 52
34, 561, 125, 62
34, 436, 125, 25
34, 405, 125, 36
34, 477, 125, 17
34, 62, 125, 50
34, 353, 126, 8
34, 40, 126, 51
34, 329, 126, 78
34, 462, 126, 83
34, 530, 126, 48
34, 122, 126, 60
34, 509, 126, 14
34, 2, 127, 55
34, 391, 127, 2
34, 520, 127, 29
34, 10, 127, 92
34, 141, 127, 88
34, 527, 127, 48
34, 273, 127, 75
34, 406, 127, 76
34, 541, 127, 42
34, 42, 127, 54
34, 591, 127, 1
34, 222, 127, 54
34, 95, 127, 4
34, 352, 127, 20
34, 484, 127, 54
34, 363, 127, 43
34, 237, 127, 89
34, 496, 127, 86
34, 114, 127, 95
34, 508, 127, 36
34, 32, 128, 3
34, 280, 128, 87
34, 103, 128, 94
34, 552, 128, 72
34, 425, 128, 23
34, 362, 128, 4
34, 138, 128, 13
34, 530, 128, 48
34, 18, 128, 49
34, 309, 128, 80
34, 22, 128, 17
34, 472, 128, 29
34, 414, 128, 97
34, 351, 128, 16
34, 192, 129, 97
34, 452, 129, 73
34, 168, 129, 30
34, 264, 129, 76
34, 106, 129, 1
34, 459, 129, 98
34, 170, 129, 60
34, 557, 129, 30
34, 173, 129, 31
34, 303, 129, 14
34, 399, 129, 42
34, 370, 129, 29
34, 533, 129, 82
34, 54, 129, 88
34, 317, 129, 78
34, 415, 129, 13
34, 133, 130, 15
34, 582, 130, 15
34, 415, 130, 13
34, 105, 130, 47
34, 584, 130, 2
34, 520, 130, 29
34, 123, 130, 10
34, 303, 130, 14
34, 597, 130, 79
34, 437, 130, 7
34, 55, 130, 5
34, 216, 130, 74
34, 149, 130, 78
34, 374, 130, 88
34, 88, 130, 73
34, 317, 130, 78
34, 62, 130, 50
34, 287, 130, 86
34, 128, 131, 34
34, 353, 131, 8
34, 581, 131, 51
34, 326, 131, 51
34, 199, 131, 94
34, 232, 131, 82
34, 137, 131, 36
34, 582, 131, 15
34, 44, 131, 90
34, 590, 131, 76
34, 542, 131, 53
34, 97, 132, 31
34, 321, 132, 99
34, 104, 132, 17
34, 393, 132, 95
34, 459, 132, 98
34, 268, 132, 42
34, 142, 132, 39
34, 462, 132, 83
34, 370, 132, 29
34, 374, 132, 88
34, 503, 132, 20
34, 344, 132, 10
34, 153, 132, 2
34, 411, 132, 72
34, 157, 132, 12
34, 510, 132, 99
34, 575, 132, 64
34, 2, 133, 55
34, 130, 133, 60
34, 530, 133, 48
34, 21, 133, 67
34, 406, 133, 76
34, 423, 133, 4
34, 42, 133, 54
34, 299, 133, 88
34, 175, 133, 41
34, 562, 133, 75
34, 189, 133, 18
34, 324, 133, 31
34, 197, 133, 49
34, 69, 133, 91
34, 78, 133, 23
34, 463, 133, 11
34, 341, 133, 19
34, 354, 133, 60
34, 230, 133, 24
34, 486, 133, 4
34, 361, 133, 95
34, 366, 133, 12
34, 224, 134, 67
34, 194, 134, 66
34, 461, 134, 42
34, 173, 134, 31
34, 566, 134, 65
34, 439, 134, 70
34, 540, 134, 43
34, 161, 135, 24
34, 176, 135, 8
34, 81, 135, 32
34, 211, 135, 52
34, 539, 135, 63
34, 476, 135, 90
34, 391, 136, 2
34, 8, 136, 8
34, 9, 136, 82
34, 497, 136, 71
34, 595, 136, 6
34, 284, 136, 41
34, 184, 136, 10
34, 89, 136, 82
34, 444, 136, 29
34, 386, 137, 90
34, 404, 137, 59
34, 157, 137, 12
34, 416, 137, 14
34, 38, 137, 99
34, 173, 137, 31
34, 177, 137, 6
34, 183, 137, 58
34, 442, 137, 42
34, 186, 137, 51
34, 591, 137, 1
34, 463, 137, 11
34, 594, 137, 82
34, 212, 137, 20
34, 341, 137, 19
34, 470, 137, 89
34, 103, 137, 94
34, 488, 137, 32
34, 489, 137, 67
34, 110, 137, 77
34, 123, 137, 10
34, 124, 137, 57
34, 253, 137, 15
34, 64, 138, 12
34, 249, 138, 38
34, 71, 138, 86
34, 426, 138, 71
34, 266, 138, 33
34, 524, 138, 68
34, 205, 138, 79
34, 46, 138, 52
34, 334, 138, 35
34, 111, 138, 52
34, 49, 138, 30
34, 145, 138, 32
34, 340, 138, 76
34, 55, 138, 5
34, 217, 138, 58
34, 474, 138, 83
34, 251, 138, 48
34, 60, 138, 82
34, 128, 139, 34
34, 129, 139, 41
34, 385, 139, 97
34, 201, 139, 70
34, 329, 139, 78
34, 278, 139, 8
34, 535, 139, 19
34, 285, 139, 71
34, 445, 139, 85
34, 7, 140, 68
34, 274, 140, 37
34, 281, 140, 78
34, 25, 140, 85
34, 160, 140, 98
34, 291, 140, 14
34, 292, 140, 51
34, 419, 140, 95
34, 39, 140, 68
34, 298, 140, 18
34, 308, 140, 88
34, 311, 140, 6
34, 58, 140, 73
34, 317, 140, 78
34, 446, 140, 95
34, 580, 140, 13
34, 79, 140, 97
34, 83, 140, 69
34, 85, 140, 18
34, 470, 140, 89
34, 476, 140, 90
34, 359, 140, 8
34, 235, 140, 20
34, 390, 141, 2
34, 391, 141, 2
34, 266, 141, 33
34, 11, 141, 25
34, 525, 141, 100
34, 530, 141, 48
34, 288, 141, 16
34, 160, 141, 98
34, 165, 141, 72
34, 555, 141, 77
34, 180, 141, 50
34, 182, 141, 3
34, 468, 141, 36
34, 90, 141, 91
34, 229, 141, 33
34, 106, 141, 1
34, 244, 141, 5
34, 117, 141, 100
34, 121, 141, 83
34, 508, 141, 36
34, 512, 142, 1
34, 385, 142, 97
34, 5, 142, 90
34, 6, 142, 14
34, 26, 142, 48
34, 154, 142, 63
34, 37, 142, 96
34, 562, 142, 75
34, 51, 142, 7
34, 317, 142, 78
34, 322, 142, 33
34, 201, 142, 70
34, 330, 142, 54
34, 332, 142, 41
34, 593, 142, 25
34, 82, 142, 2
34, 468, 142, 36
34, 94, 142, 38
34, 224, 142, 67
34, 228, 142, 87
34, 111, 142, 52
34, 502, 142, 48
34, 510, 142, 99
34, 128, 143, 34
34, 514, 143, 38
34, 132, 143, 37
34, 520, 143, 29
34, 8, 143, 8
34, 144, 143, 79
34, 274, 143, 37
34, 405, 143, 36
34, 535, 143, 19
34, 25, 143, 85
34, 30, 143, 83
34, 35, 143, 21
34, 429, 143, 23
34, 333, 143, 39
34, 591, 143, 1
34, 336, 143, 97
34, 465, 143, 31
34, 215, 143, 61
34, 216, 143, 74
34, 358, 143, 2
34, 254, 143, 68
34, 255, 143, 24
34, 517, 144, 16
34, 265, 144, 26
34, 535, 144, 19
34, 407, 144, 95
34, 541, 144, 42
34, 160, 144, 98
34, 32, 144, 3
34, 550, 144, 68
34, 555, 144, 77
34, 427, 144, 25
34, 173, 144, 31
34, 562, 144, 75
34, 59, 144, 48
34, 316, 144, 100
34, 322, 144, 33
34, 77, 144, 98
34, 210, 144, 78
34, 223, 144, 62
34, 102, 144, 46
34, 106, 144, 1
34, 362, 144, 4
34, 108, 144, 40
34, 247, 144, 37
34, 509, 144, 14
34, 385, 145, 97
34, 9, 145, 82
34, 24, 145, 45
34, 408, 145, 3
34, 281, 145, 78
34, 28, 145, 6
34, 163, 145, 4
34, 550, 145, 68
34, 39, 145, 68
34, 47, 145, 13
34, 179, 145, 35
34, 579, 145, 40
34, 451, 145, 72
34, 329, 145, 78
34, 337, 145, 51
34, 81, 145, 32
34, 213, 145, 34
34, 214, 145, 39
34, 222, 145, 54
34, 544, 146, 51
34, 385, 146, 97
34, 226, 146, 36
34, 32, 146, 3
34, 452, 146, 73
34, 389, 146, 67
34, 510, 146, 99
34, 428, 146, 46
34, 205, 146, 79
34, 461, 146, 42
34, 178, 146, 82
34, 566, 146, 65
34, 507, 146, 38
34, 571, 146, 63
34, 155, 146, 4
34, 62, 146, 50
34, 351, 146, 16
34, 3, 147, 65
34, 43, 147, 72
34, 207, 147, 61
34, 469, 147, 35
34, 150, 147, 24
34, 569, 147, 41
34, 258, 148, 68
34, 394, 148, 94
34, 267, 148, 47
34, 525, 148, 100
34, 37, 148, 96
34, 429, 148, 23
34, 179, 148, 35
34, 439, 148, 70
34, 61, 148, 84
34, 62, 148, 50
34, 199, 148, 94
34, 200, 148, 56
34, 590, 148, 76
34, 208, 148, 95
34, 210, 148, 78
34, 339, 148, 94
34, 212, 148, 20
34, 597, 148, 79
34, 213, 148, 34
34, 230, 148, 24
34, 104, 148, 17
34, 504, 148, 29
34, 130, 149, 60
34, 162, 149, 49
34, 36, 149, 92
34, 104, 149, 17
34, 556, 149, 78
34, 591, 149, 1
34, 240, 149, 45
34, 466, 149, 87
34, 56, 149, 26
34, 415, 149, 13
34, 512, 150, 1
34, 132, 150, 37
34, 7, 150, 68
34, 264, 150, 76
34, 407, 150, 95
34, 25, 150, 85
34, 413, 150, 78
34, 418, 150, 30
34, 34, 150, 88
34, 164, 150, 31
34, 293, 150, 34
34, 422, 150, 14
34, 299, 150, 88
34, 179, 150, 35
34, 182, 150, 3
34, 310, 150, 63
34, 68, 150, 70
34, 212, 150, 20
34, 480, 150, 95
34, 98, 150, 24
34, 100, 150, 41
34, 484, 150, 54
34, 491, 150, 71
34, 122, 150, 60
34, 288, 151, 16
34, 390, 151, 2
34, 487, 151, 52
34, 6, 151, 14
34, 266, 151, 33
34, 209, 151, 83
34, 177, 151, 6
34, 402, 151, 13
34, 178, 151, 82
34, 117, 151, 100
34, 245, 151, 45
34, 506, 151, 92
34, 347, 151, 21
34, 413, 151, 78
34, 258, 152, 68
34, 267, 152, 47
34, 524, 152, 68
34, 276, 152, 83
34, 283, 152, 52
34, 543, 152, 70
34, 47, 152, 13
34, 177, 152, 6
34, 309, 152, 80
34, 183, 152, 58
34, 440, 152, 82
34, 184, 152, 10
34, 569, 152, 41
34, 450, 152, 86
34, 196, 152, 12
34, 326, 152, 51
34, 73, 152, 55
34, 588, 152, 44
34, 593, 152, 25
34, 354, 152, 60
34, 487, 152, 52
34, 490, 152, 31
34, 499, 152, 1
34, 118, 152, 45
34, 131, 153, 84
34, 387, 153, 14
34, 7, 153, 68
34, 140, 153, 41
34, 284, 153, 41
34, 170, 153, 60
34, 171, 153, 44
34, 176, 153, 8
34, 439, 153, 70
34, 311, 153, 6
34, 575, 153, 64
34, 450, 153, 86
34, 324, 153, 31
34, 469, 153, 35
34, 215, 153, 61
34, 91, 153, 81
34, 230, 153, 24
34, 490, 153, 31
34, 123, 153, 10
34, 253, 153, 15
34, 355, 154, 21
34, 424, 154, 90
34, 137, 154, 36
34, 73, 154, 55
34, 268, 154, 42
34, 113, 154, 45
34, 212, 154, 20
34, 373, 154, 16
34, 468, 154, 36
34, 471, 154, 94
34, 148, 154, 38
34, 409, 154, 81
34, 122, 154, 60
34, 417, 155, 70
34, 579, 155, 40
34, 324, 155, 31
34, 5, 155, 90
34, 484, 155, 54
34, 174, 155, 63
34, 462, 155, 83
34, 302, 155, 84
34, 239, 155, 97
34, 207, 155, 61
34, 403, 155, 29
34, 21, 155, 67
34, 87, 155, 77
34, 315, 155, 86
34, 94, 155, 38
34, 127, 155, 52
34, 449, 156, 13
34, 417, 156, 70
34, 326, 156, 51
34, 415, 156, 13
34, 233, 156, 98
34, 9, 156, 82
34, 491, 156, 71
34, 13, 156, 9
34, 14, 156, 3
34, 208, 156, 95
34, 179, 156, 35
34, 245, 156, 45
34, 86, 156, 28
34, 217, 156, 58
34, 186, 156, 51
34, 319, 156, 86
34, 224, 157, 67
34, 225, 157, 72
34, 354, 157, 60
34, 513, 157, 86
34, 229, 157, 33
34, 362, 157, 4
34, 203, 157, 22
34, 44, 157, 90
34, 557, 157, 30
34, 143, 157, 63
34, 367, 157, 1
34, 176, 157, 8
34, 147, 157, 66
34, 596, 157, 12
34, 470, 157, 89
34, 254, 157, 68
34, 287, 157, 86
34, 384, 158, 98
34, 130, 158, 60
34, 262, 158, 48
34, 8, 158, 8
34, 400, 158, 97
34, 32, 158, 3
34, 426, 158, 71
34, 315, 158, 86
34, 447, 158, 49
34, 191, 158, 90
34, 72, 158, 29
34, 587, 158, 37
34, 207, 158, 61
34, 464, 158, 60
34, 214, 158, 39
34, 92, 158, 87
34, 485, 158, 34
34, 504, 158, 29
34, 368, 158, 54
34, 120, 158, 75
34, 378, 158, 40
34, 124, 158, 57
34, 130, 159, 60
34, 387, 159, 14
34, 529, 159, 98
34, 278, 159, 8
34, 409, 159, 81
34, 31, 159, 12
34, 160, 159, 98
34, 176, 159, 8
34, 177, 159, 6
34, 304, 159, 55
34, 51, 159, 7
34, 56, 159, 26
34, 318, 159, 29
34, 320, 159, 16
34, 449, 159, 13
34, 577, 159, 53
34, 451, 159, 72
34, 593, 159, 25
34, 470, 159, 89
34, 100, 159, 41
34, 361, 159, 95
34, 113, 159, 45
34, 498, 159, 51
34, 255, 159, 24
34, 224, 160, 67
34, 354, 160, 60
34, 165, 160, 72
34, 392, 160, 33
34, 394, 160, 94
34, 429, 160, 23
34, 401, 160, 53
34, 306, 160, 32
34, 466, 160, 87
34, 25, 160, 85
34, 343, 160, 36
34, 89, 160, 82
34, 506, 160, 92
34, 222, 160, 54
34, 2, 161, 55
34, 6, 161, 14
34, 12, 161, 57
34, 401, 161, 53
34, 410, 161, 47
34, 31, 161, 12
34, 547, 161, 36
34, 556, 161, 78
34, 304, 161, 55
34, 49, 161, 30
34, 570, 161, 65
34, 72, 161, 29
34, 75, 161, 98
34, 332, 161, 41
34, 470, 161, 89
34, 87, 161, 77
34, 349, 161, 83
34, 222, 161, 54
34, 109, 161, 1
34, 259, 162, 25
34, 36, 162, 92
34, 195, 162, 43
34, 391, 162, 2
34, 595, 162, 6
34, 342, 162, 19
34, 122, 162, 60
34, 510, 162, 99
34, 286, 162, 3
34, 192, 163, 97
34, 352, 163, 20
34, 257, 163, 94
34, 260, 163, 12
34, 517, 163, 16
34, 360, 163, 42
34, 202, 163, 21
34, 491, 163, 71
34, 237, 163, 89
34, 400, 163, 97
34, 150, 163, 24
34, 259, 164, 25
34, 419, 164, 95
34, 363, 164, 43
34, 336, 164, 97
34, 464, 164, 60
34, 498, 164, 51
34, 19, 164, 37
34, 404, 164, 59
34, 402, 164, 13
34, 23, 164, 40
34, 151, 164, 38
34, 126, 164, 34
34, 1, 165, 87
34, 259, 165, 25
34, 136, 165, 45
34, 527, 165, 48
34, 529, 165, 98
34, 283, 165, 52
34, 156, 165, 62
34, 552, 165, 72
34, 174, 165, 63
34, 434, 165, 57
34, 564, 165, 75
34, 312, 165, 88
34, 66, 165, 68
34, 453, 165, 12
34, 72, 165, 29
34, 330, 165, 54
34, 79, 165, 97
34, 80, 165, 23
34, 89, 165, 82
34, 95, 165, 4
34, 479, 165, 13
34, 248, 165, 56
34, 504, 165, 29
34, 126, 165, 34
34, 127, 165, 52
34, 516, 166, 85
34, 263, 166, 78
34, 526, 166, 74
34, 412, 166, 6
34, 35, 166, 21
34, 165, 166, 72
34, 38, 166, 99
34, 553, 166, 39
34, 572, 166, 100
34, 321, 166, 99
34, 451, 166, 72
34, 453, 166, 12
34, 74, 166, 75
34, 76, 166, 4
34, 342, 166, 19
34, 473, 166, 45
34, 217, 166, 58
34, 241, 166, 46
34, 376, 166, 60
34, 514, 167, 38
34, 104, 167, 17
34, 333, 167, 39
34, 116, 167, 84
34, 186, 167, 51
34, 571, 167, 63
34, 125, 167, 18
34, 259, 168, 25
34, 521, 168, 26
34, 138, 168, 13
34, 22, 168, 17
34, 151, 168, 38
34, 33, 168, 74
34, 39, 168, 68
34, 551, 168, 75
34, 556, 168, 78
34, 558, 168, 42
34, 176, 168, 8
34, 432, 168, 60
34, 437, 168, 7
34, 58, 168, 73
34, 216, 168, 74
34, 349, 168, 83
34, 232, 168, 82
34, 490, 168, 31
34, 124, 168, 57
34, 387, 169, 14
34, 261, 169, 82
34, 13, 169, 9
34, 407, 169, 95
34, 158, 169, 54
34, 32, 169, 3
34, 552, 169, 72
34, 173, 169, 31
34, 558, 169, 42
34, 559, 169, 40
34, 178, 169, 82
34, 447, 169, 49
34, 199, 169, 94
34, 455, 169, 7
34, 75, 169, 98
34, 207, 169, 61
34, 467, 169, 58
34, 500, 169, 88
34, 505, 169, 26
34, 125, 169, 18
34, 511, 169, 34
34, 545, 170, 1
34, 130, 170, 60
34, 217, 170, 58
34, 516, 170, 85
34, 7, 170, 68
34, 201, 170, 70
34, 524, 170, 68
34, 589, 170, 6
34, 558, 170, 42
34, 559, 170, 40
34, 337, 170, 51
34, 243, 170, 68
34, 373, 170, 16
34, 22, 170, 17
34, 313, 170, 39
34, 154, 170, 63
34, 30, 170, 83
34, 575, 170, 64
34, 416, 171, 14
34, 545, 171, 1
34, 547, 171, 36
34, 230, 171, 24
34, 273, 171, 75
34, 211, 171, 52
34, 572, 171, 100
34, 448, 172, 25
34, 513, 172, 86
34, 195, 172, 43
34, 419, 172, 95
34, 101, 172, 78
34, 390, 172, 2
34, 325, 172, 58
34, 106, 172, 1
34, 560, 172, 58
34, 562, 172, 75
34, 180, 172, 50
34, 21, 172, 67
34, 216, 172, 74
34, 89, 172, 82
34, 3, 173, 65
34, 454, 173, 99
34, 168, 173, 30
34, 332, 173, 41
34, 396, 173, 97
34, 81, 173, 32
34, 436, 173, 25
34, 308, 173, 88
34, 408, 173, 3
34, 441, 173, 28
34, 538, 173, 53
34, 94, 173, 38
34, 164, 174, 31
34, 453, 174, 12
34, 392, 174, 33
34, 43, 174, 72
34, 398, 174, 19
34, 494, 174, 56
34, 502, 174, 48
34, 375, 174, 77
34, 481, 175, 23
34, 542, 175, 53
34, 169, 175, 29
34, 560, 175, 58
34, 437, 175, 7
34, 286, 175, 3
34, 511, 175, 34
34, 0, 176, 65
34, 6, 176, 14
34, 276, 176, 83
34, 23, 176, 40
34, 152, 176, 70
34, 282, 176, 79
34, 29, 176, 77
34, 544, 176, 51
34, 41, 176, 81
34, 428, 176, 46
34, 557, 176, 30
34, 312, 176, 88
34, 448, 176, 25
34, 64, 176, 12
34, 322, 176, 33
34, 325, 176, 58
34, 326, 176, 51
34, 453, 176, 12
34, 333, 176, 39
34, 350, 176, 20
34, 352, 176, 20
34, 97, 176, 31
34, 492, 176, 37
34, 374, 176, 88
34, 544, 177, 51
34, 166, 177, 21
34, 154, 177, 63
34, 233, 177, 98
34, 137, 177, 36
34, 331, 177, 15
34, 494, 177, 56
34, 214, 177, 39
34, 58, 177, 73
34, 507, 177, 38
34, 317, 177, 78
34, 576, 178, 96
34, 324, 178, 31
34, 133, 178, 15
34, 262, 178, 48
34, 47, 178, 13
34, 369, 178, 7
34, 118, 178, 45
34, 189, 178, 18
34, 127, 178, 52
34, 139, 179, 66
34, 267, 179, 47
34, 140, 179, 41
34, 147, 179, 66
34, 279, 179, 58
34, 540, 179, 43
34, 30, 179, 83
34, 296, 179, 50
34, 49, 179, 30
34, 305, 179, 96
34, 577, 179, 53
34, 450, 179, 86
34, 79, 179, 97
34, 597, 179, 79
34, 343, 179, 36
34, 346, 179, 50
34, 476, 179, 90
34, 237, 179, 89
34, 494, 179, 56
34, 495, 179, 77
34, 371, 179, 24
34, 514, 180, 38
34, 550, 180, 68
34, 587, 180, 37
34, 558, 180, 42
34, 402, 180, 13
34, 147, 180, 66
34, 338, 180, 24
34, 341, 180, 19
34, 247, 180, 37
34, 445, 180, 85
34, 94, 180, 38
34, 512, 181, 1
34, 513, 181, 86
34, 385, 181, 97
34, 133, 181, 15
34, 135, 181, 72
34, 143, 181, 63
34, 528, 181, 23
34, 160, 181, 98
34, 554, 181, 100
34, 44, 181, 90
34, 177, 181, 6
34, 567, 181, 51
34, 576, 181, 96
34, 65, 181, 38
34, 79, 181, 97
34, 474, 181, 83
34, 478, 181, 33
34, 113, 181, 45
34, 118, 181, 45
34, 507, 181, 38
34, 379, 181, 5
34, 124, 181, 57
34, 257, 182, 94
34, 130, 182, 60
34, 133, 182, 15
34, 521, 182, 26
34, 150, 182, 24
34, 536, 182, 10
34, 282, 182, 79
34, 168, 182, 30
34, 41, 182, 81
34, 560, 182, 58
34, 54, 182, 88
34, 61, 182, 84
34, 69, 182, 91
34, 581, 182, 51
34, 337, 182, 51
34, 350, 182, 20
34, 230, 182, 24
34, 103, 182, 94
34, 247, 182, 37
34, 261, 183, 82
34, 142, 183, 39
34, 286, 183, 3
34, 163, 183, 4
34, 292, 183, 51
34, 38, 183, 99
34, 169, 183, 29
34, 427, 183, 25
34, 563, 183, 35
34, 566, 183, 65
34, 328, 183, 61
34, 584, 183, 2
34, 224, 183, 67
34, 102, 183, 46
34, 106, 183, 1
34, 363, 183, 43
34, 362, 183, 4
34, 499, 183, 1
34, 501, 183, 32
34, 0, 184, 65
34, 226, 184, 36
34, 258, 184, 68
34, 101, 184, 78
34, 37, 184, 96
34, 455, 184, 7
34, 394, 184, 94
34, 590, 184, 76
34, 176, 184, 8
34, 210, 184, 78
34, 562, 184, 75
34, 180, 184, 50
34, 54, 184, 88
34, 311, 184, 6
34, 506, 184, 92
34, 188, 184, 61
34, 509, 184, 14
34, 159, 184, 78
34, 100, 185, 41
34, 455, 185, 7
34, 17, 185, 68
34, 533, 185, 82
34, 88, 185, 73
34, 505, 185, 26
34, 219, 185, 63
34, 380, 185, 96
34, 511, 185, 34
34, 0, 186, 65
34, 3, 186, 65
34, 4, 186, 85
34, 272, 186, 39
34, 279, 186, 58
34, 538, 186, 53
34, 156, 186, 62
34, 28, 186, 6
34, 298, 186, 18
34, 42, 186, 54
34, 179, 186, 35
34, 52, 186, 72
34, 574, 186, 25
34, 575, 186, 64
34, 323, 186, 67
34, 458, 186, 33
34, 335, 186, 87
34, 337, 186, 51
34, 81, 186, 32
34, 473, 186, 45
34, 221, 186, 99
34, 102, 186, 46
34, 362, 186, 4
34, 244, 186, 5
34, 376, 186, 60
34, 384, 187, 98
34, 512, 187, 1
34, 515, 187, 78
34, 141, 187, 88
34, 20, 187, 22
34, 405, 187, 36
34, 148, 187, 38
34, 23, 187, 40
34, 408, 187, 3
34, 292, 187, 51
34, 165, 187, 72
34, 300, 187, 95
34, 435, 187, 5
34, 52, 187, 72
34, 310, 187, 63
34, 190, 187, 40
34, 71, 187, 86
34, 82, 187, 2
34, 84, 187, 61
34, 216, 187, 74
34, 485, 187, 34
34, 490, 187, 31
34, 496, 187, 86
34, 371, 187, 24
34, 251, 187, 48
34, 96, 188, 85
34, 353, 188, 8
34, 66, 188, 68
34, 354, 188, 60
34, 550, 188, 68
34, 71, 188, 86
34, 233, 188, 98
34, 239, 188, 97
34, 48, 188, 18
34, 145, 188, 32
34, 23, 188, 40
34, 314, 188, 81
34, 411, 188, 72
34, 191, 188, 90
34, 386, 189, 90
34, 518, 189, 3
34, 265, 189, 26
34, 26, 189, 48
34, 29, 189, 77
34, 543, 189, 70
34, 420, 189, 11
34, 425, 189, 23
34, 440, 189, 82
34, 66, 189, 68
34, 194, 189, 66
34, 324, 189, 31
34, 201, 189, 70
34, 458, 189, 33
34, 587, 189, 37
34, 589, 189, 6
34, 593, 189, 25
34, 83, 189, 69
34, 467, 189, 58
34, 343, 189, 36
34, 89, 189, 82
34, 351, 189, 16
34, 599, 190, 63
34, 490, 190, 31
34, 364, 190, 30
34, 589, 190, 6
34, 534, 190, 39
34, 343, 190, 36
34, 153, 190, 2
34, 32, 191, 3
34, 129, 191, 41
34, 34, 191, 88
34, 165, 191, 72
34, 172, 191, 10
34, 47, 191, 13
34, 18, 191, 49
34, 51, 191, 7
34, 116, 191, 84
34, 153, 191, 2
34, 157, 191, 12
34, 2, 192, 55
34, 425, 192, 23
34, 430, 192, 35
34, 568, 192, 64
34, 317, 192, 78
34, 192, 192, 97
34, 65, 192, 38
34, 66, 192, 68
34, 195, 192, 43
34, 198, 192, 59
34, 455, 192, 7
34, 202, 192, 21
34, 334, 192, 35
34, 466, 192, 87
34, 221, 192, 99
34, 107, 192, 16
34, 238, 192, 68
34, 371, 192, 24
34, 372, 192, 18
34, 504, 192, 29
34, 506, 192, 92
34, 251, 192, 48
34, 380, 192, 96
34, 550, 193, 68
34, 71, 193, 86
34, 391, 193, 2
34, 199, 193, 94
34, 394, 193, 94
34, 561, 193, 62
34, 341, 193, 19
34, 246, 193, 6
34, 520, 194, 29
34, 15, 194, 33
34, 533, 194, 82
34, 22, 194, 17
34, 157, 194, 12
34, 415, 194, 13
34, 179, 194, 35
34, 57, 194, 44
34, 320, 194, 16
34, 457, 194, 66
34, 330, 194, 54
34, 464, 194, 60
34, 83, 194, 69
34, 340, 194, 76
34, 85, 194, 18
34, 220, 194, 17
34, 486, 194, 4
34, 111, 194, 52
34, 504, 194, 29
34, 379, 194, 5
34, 132, 195, 37
34, 414, 195, 97
34, 158, 195, 54
34, 165, 195, 72
34, 428, 195, 46
34, 323, 195, 67
34, 197, 195, 49
34, 455, 195, 7
34, 71, 195, 86
34, 458, 195, 33
34, 203, 195, 22
34, 588, 195, 44
34, 81, 195, 32
34, 596, 195, 12
34, 226, 195, 36
34, 489, 195, 67
34, 496, 195, 86
34, 241, 195, 46
34, 242, 195, 86
34, 117, 195, 100
34, 251, 195, 48
34, 481, 196, 23
34, 226, 196, 36
34, 577, 196, 53
34, 260, 196, 12
34, 6, 196, 14
34, 521, 196, 26
34, 75, 196, 98
34, 524, 196, 68
34, 80, 196, 23
34, 241, 196, 46
34, 83, 196, 69
34, 211, 196, 52
34, 183, 196, 58
34, 508, 196, 36
34, 449, 197, 13
34, 229, 197, 33
34, 390, 197, 2
34, 169, 197, 29
34, 137, 197, 36
34, 74, 197, 75
34, 555, 197, 77
34, 306, 197, 32
34, 596, 197, 12
34, 437, 197, 7
34, 116, 197, 84
34, 119, 197, 74
34, 597, 197, 79
34, 186, 197, 51
34, 283, 197, 52
34, 160, 198, 98
34, 481, 198, 23
34, 517, 198, 16
34, 199, 198, 94
34, 361, 198, 95
34, 492, 198, 37
34, 269, 198, 79
34, 174, 198, 63
34, 144, 198, 79
34, 82, 198, 2
34, 83, 198, 69
34, 88, 198, 73
34, 411, 198, 72
34, 188, 198, 61
34, 286, 198, 3
34, 319, 198, 86
34, 386, 199, 90
34, 262, 199, 48
34, 22, 199, 17
34, 35, 199, 21
34, 165, 199, 72
34, 166, 199, 21
34, 424, 199, 90
34, 556, 199, 78
34, 428, 199, 46
34, 304, 199, 55
34, 562, 199, 75
34, 435, 199, 5
34, 454, 199, 99
34, 73, 199, 55
34, 461, 199, 42
34, 205, 199, 79
34, 84, 199, 61
34, 597, 199, 79
34, 342, 199, 19
34, 230, 199, 24
34, 110, 199, 77
34, 239, 199, 97
34, 116, 199, 84
34, 246, 199, 6
34, 161, 200, 24
34, 322, 200, 33
34, 196, 200, 12
34, 453, 200, 12
34, 39, 200, 68
34, 105, 200, 47
34, 77, 200, 98
34, 49, 200, 30
34, 114, 200, 95
34, 338, 200, 24
34, 538, 200, 53
34, 597, 200, 79
34, 311, 200, 6
34, 153, 200, 2
34, 122, 200, 60
34, 28, 200, 6
34, 317, 200, 78
34, 128, 201, 34
34, 121, 201, 83
34, 0, 201, 65
34, 421, 201, 28
34, 313, 201, 39
34, 72, 201, 29
34, 456, 201, 26
34, 393, 201, 95
34, 233, 201, 98
34, 115, 201, 82
34, 597, 201, 79
34, 501, 201, 32
34, 216, 201, 74
34, 569, 201, 41
34, 391, 202, 2
34, 13, 202, 9
34, 269, 202, 79
34, 283, 202, 52
34, 290, 202, 28
34, 164, 202, 31
34, 428, 202, 46
34, 429, 202, 23
34, 310, 202, 63
34, 578, 202, 34
34, 582, 202, 15
34, 463, 202, 11
34, 80, 202, 23
34, 466, 202, 87
34, 93, 202, 75
34, 482, 202, 95
34, 105, 202, 47
34, 238, 202, 68
34, 110, 202, 77
34, 498, 202, 51
34, 115, 202, 82
34, 370, 202, 29
34, 376, 202, 60
34, 160, 203, 98
34, 547, 203, 36
34, 585, 203, 41
34, 330, 203, 54
34, 83, 203, 69
34, 500, 203, 88
34, 281, 203, 78
34, 447, 203, 49
34, 160, 204, 98
34, 449, 204, 13
34, 514, 204, 38
34, 452, 204, 73
34, 38, 204, 99
34, 295, 204, 1
34, 584, 204, 2
34, 391, 204, 2
34, 553, 204, 39
34, 8, 204, 8
34, 494, 204, 56
34, 432, 204, 60
34, 475, 204, 71
34, 356, 205, 92
34, 391, 205, 2
34, 456, 205, 26
34, 199, 205, 94
34, 74, 205, 75
34, 299, 205, 88
34, 497, 205, 71
34, 147, 205, 66
34, 532, 205, 75
34, 599, 205, 63
34, 474, 205, 83
34, 93, 205, 75
34, 545, 206, 1
34, 452, 206, 73
34, 36, 206, 92
34, 330, 206, 54
34, 522, 206, 75
34, 44, 206, 90
34, 586, 206, 94
34, 494, 206, 56
34, 304, 206, 55
34, 528, 206, 23
34, 209, 206, 83
34, 307, 206, 38
34, 374, 206, 88
34, 278, 206, 8
34, 383, 206, 24
34, 389, 207, 67
34, 456, 207, 26
34, 139, 207, 66
34, 203, 207, 22
34, 371, 207, 24
34, 374, 207, 88
34, 185, 207, 2
34, 26, 207, 48
34, 542, 207, 53
34, 6, 208, 14
34, 135, 208, 72
34, 278, 208, 8
34, 29, 208, 77
34, 290, 208, 28
34, 420, 208, 11
34, 175, 208, 41
34, 562, 208, 75
34, 182, 208, 3
34, 56, 208, 26
34, 445, 208, 85
34, 580, 208, 13
34, 455, 208, 7
34, 328, 208, 61
34, 457, 208, 66
34, 84, 208, 61
34, 215, 208, 61
34, 345, 208, 34
34, 484, 208, 54
34, 105, 208, 47
34, 111, 208, 52
34, 64, 209, 12
34, 257, 209, 94
34, 385, 209, 97
34, 546, 209, 55
34, 578, 209, 34
34, 484, 209, 54
34, 518, 209, 3
34, 328, 209, 61
34, 426, 209, 71
34, 558, 209, 42
34, 272, 209, 39
34, 498, 209, 51
34, 84, 209, 61
34, 285, 209, 71
34, 65, 210, 38
34, 67, 210, 55
34, 324, 210, 31
34, 135, 210, 72
34, 264, 210, 76
34, 393, 210, 95
34, 491, 210, 71
34, 140, 210, 41
34, 333, 210, 39
34, 575, 210, 64
34, 245, 210, 45
34, 181, 210, 11
34, 184, 210, 10
34, 314, 210, 81
34, 415, 210, 13
34, 198, 211, 59
34, 426, 211, 71
34, 244, 211, 5
34, 409, 211, 81
34, 443, 211, 94
34, 476, 211, 90
34, 445, 211, 85
34, 288, 212, 16
34, 486, 212, 4
34, 533, 212, 82
34, 345, 212, 34
34, 252, 212, 17
34, 420, 213, 11
34, 301, 213, 54
34, 340, 213, 76
34, 378, 213, 40
34, 507, 213, 38
34, 572, 213, 100
34, 285, 213, 71
34, 478, 213, 33
34, 127, 213, 52
34, 546, 214, 55
34, 135, 214, 72
34, 392, 214, 33
34, 240, 214, 45
34, 342, 214, 19
34, 505, 214, 26
34, 380, 214, 96
34, 509, 214, 14
34, 134, 215, 63
34, 401, 215, 53
34, 531, 215, 20
34, 21, 215, 67
34, 31, 215, 12
34, 544, 215, 51
34, 430, 215, 35
34, 303, 215, 14
34, 566, 215, 65
34, 574, 215, 25
34, 447, 215, 49
34, 588, 215, 44
34, 351, 215, 16
34, 352, 215, 20
34, 95, 215, 4
34, 229, 215, 33
34, 490, 215, 31
34, 240, 215, 45
34, 120, 215, 75
34, 72, 216, 29
34, 526, 216, 74
34, 214, 216, 39
34, 55, 216, 5
34, 315, 216, 86
34, 414, 216, 97
34, 388, 217, 87
34, 262, 217, 48
34, 264, 217, 76
34, 522, 217, 75
34, 147, 217, 66
34, 22, 217, 17
34, 31, 217, 12
34, 160, 217, 98
34, 165, 217, 72
34, 300, 217, 95
34, 556, 217, 78
34, 184, 217, 10
34, 570, 217, 65
34, 315, 217, 86
34, 188, 217, 61
34, 191, 217, 90
34, 64, 217, 12
34, 451, 217, 72
34, 203, 217, 22
34, 597, 217, 79
34, 341, 217, 19
34, 88, 217, 73
34, 491, 217, 71
34, 376, 217, 60
34, 518, 218, 3
34, 143, 218, 63
34, 528, 218, 23
34, 15, 218, 33
34, 285, 218, 71
34, 287, 218, 86
34, 299, 218, 88
34, 439, 218, 70
34, 442, 218, 42
34, 572, 218, 100
34, 189, 218, 18
34, 587, 218, 37
34, 203, 218, 22
34, 79, 218, 97
34, 597, 218, 79
34, 349, 218, 83
34, 354, 218, 60
34, 379, 218, 5
34, 244, 218, 5
34, 503, 218, 20
34, 123, 218, 10
34, 124, 218, 57
34, 253, 218, 15
34, 9, 219, 82
34, 138, 219, 13
34, 272, 219, 39
34, 38, 219, 99
34, 426, 219, 71
34, 556, 219, 78
34, 560, 219, 58
34, 445, 219, 85
34, 67, 219, 55
34, 581, 219, 51
34, 71, 219, 86
34, 332, 219, 41
34, 589, 219, 6
34, 343, 219, 36
34, 218, 219, 35
34, 96, 219, 85
34, 225, 219, 72
34, 482, 219, 95
34, 100, 219, 41
34, 230, 219, 24
34, 103, 219, 94
34, 361, 219, 95
34, 113, 219, 45
34, 384, 220, 98
34, 12, 220, 57
34, 18, 220, 49
34, 151, 220, 38
34, 549, 220, 18
34, 552, 220, 72
34, 42, 220, 54
34, 183, 220, 58
34, 440, 220, 82
34, 190, 220, 40
34, 446, 220, 95
34, 194, 220, 66
34, 68, 220, 70
34, 585, 220, 41
34, 75, 220, 98
34, 593, 220, 25
34, 599, 220, 63
34, 96, 220, 85
34, 231, 220, 60
34, 498, 220, 51
34, 501, 220, 32
34, 503, 220, 20
34, 227, 221, 21
34, 40, 221, 51
34, 105, 221, 47
34, 174, 221, 63
34, 400, 221, 97
34, 564, 221, 75
34, 310, 221, 63
34, 152, 221, 70
34, 191, 221, 90
34, 431, 222, 7
34, 560, 222, 58
34, 468, 222, 36
34, 310, 222, 63
34, 441, 222, 28
34, 30, 222, 83
34, 161, 223, 24
34, 34, 223, 88
34, 546, 223, 55
34, 70, 223, 80
34, 38, 223, 99
34, 232, 223, 82
34, 104, 223, 17
34, 493, 223, 63
34, 367, 223, 1
34, 178, 223, 82
34, 254, 223, 68
34, 501, 223, 32
34, 213, 223, 34
34, 407, 223, 95
34, 216, 223, 74
34, 537, 223, 3
34, 542, 223, 53
34, 384, 224, 98
34, 15, 224, 33
34, 402, 224, 13
34, 403, 224, 29
34, 530, 224, 48
34, 279, 224, 58
34, 535, 224, 19
34, 545, 224, 1
34, 426, 224, 71
34, 176, 224, 8
34, 180, 224, 50
34, 56, 224, 26
34, 313, 224, 39
34, 575, 224, 64
34, 64, 224, 12
34, 578, 224, 34
34, 451, 224, 72
34, 77, 224, 98
34, 222, 224, 54
34, 350, 224, 20
34, 108, 224, 40
34, 115, 224, 82
34, 121, 224, 83
34, 507, 224, 38
34, 508, 224, 36
34, 165, 225, 72
34, 518, 225, 3
34, 104, 225, 17
34, 138, 225, 13
34, 459, 225, 98
34, 526, 225, 74
34, 213, 225, 34
34, 252, 225, 17
34, 64, 226, 12
34, 546, 226, 55
34, 579, 226, 40
34, 418, 226, 30
34, 422, 226, 14
34, 72, 226, 29
34, 74, 226, 75
34, 139, 226, 66
34, 460, 226, 11
34, 109, 226, 1
34, 44, 226, 90
34, 48, 226, 18
34, 560, 226, 58
34, 278, 226, 8
34, 23, 226, 40
34, 6, 227, 14
34, 144, 227, 79
34, 531, 227, 20
34, 156, 227, 62
34, 413, 227, 78
34, 300, 227, 95
34, 177, 227, 6
34, 53, 227, 19
34, 189, 227, 18
34, 317, 227, 78
34, 445, 227, 85
34, 576, 227, 96
34, 192, 227, 97
34, 592, 227, 14
34, 596, 227, 12
34, 359, 227, 8
34, 110, 227, 77
34, 253, 227, 15
34, 511, 227, 34
34, 256, 228, 29
34, 353, 228, 8
34, 578, 228, 34
34, 484, 228, 54
34, 324, 228, 31
34, 234, 228, 2
34, 251, 228, 48
34, 528, 228, 23
34, 15, 228, 33
34, 274, 228, 37
34, 24, 228, 45
34, 250, 228, 65
34, 347, 228, 21
34, 319, 228, 86
34, 259, 229, 25
34, 267, 229, 47
34, 399, 229, 42
34, 273, 229, 75
34, 18, 229, 49
34, 402, 229, 13
34, 23, 229, 40
34, 549, 229, 18
34, 40, 229, 51
34, 557, 229, 30
34, 305, 229, 96
34, 579, 229, 40
34, 586, 229, 94
34, 333, 229, 39
34, 466, 229, 87
34, 488, 229, 32
34, 365, 229, 68
34, 367, 229, 1
34, 240, 229, 45
34, 239, 229, 97
34, 511, 229, 34
34, 4, 230, 85
34, 9, 230, 82
34, 546, 230, 55
34, 165, 230, 72
34, 424, 230, 90
34, 50, 230, 98
34, 310, 230, 63
34, 316, 230, 100
34, 61, 230, 84
34, 68, 230, 70
34, 582, 230, 15
34, 456, 230, 26
34, 584, 230, 2
34, 591, 230, 1
34, 230, 230, 24
34, 231, 230, 60
34, 492, 230, 37
34, 372, 230, 18
34, 373, 230, 16
34, 1, 231, 87
34, 2, 231, 55
34, 387, 231, 14
34, 260, 231, 12
34, 135, 231, 72
34, 136, 231, 45
34, 398, 231, 19
34, 23, 231, 40
34, 536, 231, 10
34, 419, 231, 95
34, 550, 231, 68
34, 424, 231, 90
34, 174, 231, 63
34, 567, 231, 51
34, 184, 231, 10
34, 576, 231, 96
34, 588, 231, 44
34, 461, 231, 42
34, 216, 231, 74
34, 91, 231, 81
34, 487, 231, 52
34, 495, 231, 77
34, 497, 231, 71
34, 374, 231, 88
34, 64, 232, 12
34, 134, 232, 63
34, 359, 232, 8
34, 236, 232, 4
34, 209, 232, 83
34, 148, 232, 38
34, 20, 232, 22
34, 470, 232, 89
34, 440, 232, 82
34, 284, 232, 41
34, 381, 232, 92
34, 544, 233, 51
34, 386, 233, 90
34, 547, 233, 36
34, 101, 233, 78
34, 389, 233, 67
34, 230, 233, 24
34, 293, 233, 34
34, 329, 233, 78
34, 143, 233, 63
34, 431, 233, 7
34, 274, 233, 37
34, 50, 233, 98
34, 179, 233, 35
34, 312, 233, 88
34, 27, 233, 9
34, 157, 233, 12
34, 0, 234, 65
34, 1, 234, 87
34, 417, 234, 70
34, 163, 234, 4
34, 228, 234, 87
34, 197, 234, 49
34, 581, 234, 51
34, 103, 234, 94
34, 100, 234, 41
34, 155, 234, 4
34, 213, 234, 34
34, 87, 234, 77
34, 249, 234, 38
34, 59, 234, 48
34, 286, 234, 3
34, 127, 234, 52
34, 513, 235, 86
34, 129, 235, 41
34, 417, 235, 70
34, 457, 235, 66
34, 522, 235, 75
34, 556, 235, 78
34, 593, 235, 25
34, 242, 235, 86
34, 435, 235, 5
34, 538, 235, 53
34, 447, 235, 49
34, 224, 236, 67
34, 576, 236, 96
34, 3, 236, 65
34, 293, 236, 34
34, 521, 236, 26
34, 553, 236, 39
34, 362, 236, 4
34, 302, 236, 84
34, 207, 236, 61
34, 146, 236, 31
34, 564, 236, 75
34, 568, 236, 64
34, 88, 236, 73
34, 255, 236, 24
34, 132, 237, 37
34, 357, 237, 60
34, 582, 237, 15
34, 166, 237, 21
34, 231, 237, 60
34, 489, 237, 67
34, 479, 237, 13
34, 267, 237, 47
34, 424, 237, 90
34, 10, 237, 92
34, 431, 237, 7
34, 311, 237, 6
34, 179, 237, 35
34, 407, 237, 95
34, 283, 237, 52
34, 156, 237, 62
34, 93, 237, 75
34, 511, 237, 34
34, 385, 238, 97
34, 290, 238, 28
34, 547, 238, 36
34, 545, 238, 1
34, 326, 238, 51
34, 519, 238, 7
34, 265, 238, 26
34, 522, 238, 75
34, 43, 238, 72
34, 75, 238, 98
34, 337, 238, 51
34, 18, 238, 49
34, 599, 238, 63
34, 62, 238, 50
34, 506, 238, 92
34, 254, 238, 68
34, 5, 239, 90
34, 519, 239, 7
34, 176, 239, 8
34, 85, 239, 18
34, 446, 239, 95
34, 385, 240, 97
34, 520, 240, 29
34, 394, 240, 94
34, 269, 240, 79
34, 401, 240, 53
34, 285, 240, 71
34, 416, 240, 14
34, 544, 240, 51
34, 170, 240, 60
34, 304, 240, 55
34, 177, 240, 6
34, 445, 240, 85
34, 318, 240, 29
34, 68, 240, 70
34, 329, 240, 78
34, 334, 240, 35
34, 219, 240, 63
34, 354, 240, 60
34, 363, 240, 43
34, 515, 241, 78
34, 4, 241, 85
34, 198, 241, 59
34, 403, 241, 29
34, 437, 241, 7
34, 119, 241, 74
34, 216, 241, 74
34, 218, 241, 35
34, 571, 241, 63
34, 478, 241, 33
34, 192, 242, 97
34, 321, 242, 99
34, 163, 242, 4
34, 293, 242, 34
34, 75, 242, 98
34, 79, 242, 97
34, 336, 242, 97
34, 81, 242, 32
34, 402, 242, 13
34, 306, 242, 32
34, 283, 242, 52
34, 85, 242, 18
34, 118, 242, 45
34, 535, 242, 19
34, 468, 242, 36
34, 570, 242, 65
34, 251, 242, 48
34, 509, 242, 14
34, 10, 243, 92
34, 330, 243, 54
34, 301, 243, 54
34, 471, 243, 94
34, 89, 243, 82
34, 574, 243, 25
34, 289, 244, 78
34, 322, 244, 33
34, 73, 244, 55
34, 169, 244, 29
34, 490, 244, 31
34, 9, 244, 82
34, 110, 244, 77
34, 303, 244, 14
34, 16, 244, 42
34, 590, 244, 76
34, 562, 244, 75
34, 276, 244, 83
34, 564, 244, 75
34, 214, 244, 39
34, 503, 244, 20
34, 537, 244, 3
34, 92, 244, 87
34, 133, 245, 15
34, 8, 245, 8
34, 394, 245, 94
34, 142, 245, 39
34, 20, 245, 22
34, 32, 245, 3
34, 295, 245, 1
34, 554, 245, 100
34, 300, 245, 95
34, 561, 245, 62
34, 326, 245, 51
34, 586, 245, 94
34, 460, 245, 11
34, 341, 245, 19
34, 87, 245, 77
34, 220, 245, 17
34, 361, 245, 95
34, 368, 245, 54
34, 116, 245, 84
34, 32, 246, 3
34, 161, 246, 24
34, 552, 246, 72
34, 557, 246, 30
34, 366, 246, 12
34, 114, 246, 95
34, 469, 246, 35
34, 186, 246, 51
34, 280, 247, 87
34, 226, 247, 36
34, 131, 247, 84
34, 296, 247, 50
34, 329, 247, 78
34, 426, 247, 71
34, 392, 247, 33
34, 76, 247, 4
34, 11, 247, 25
34, 590, 247, 76
34, 462, 247, 83
34, 184, 247, 10
34, 216, 247, 74
34, 219, 247, 63
34, 279, 247, 58
34, 222, 247, 54
34, 414, 247, 97
34, 477, 248, 17
34, 485, 248, 34
34, 198, 248, 59
34, 519, 248, 7
34, 41, 248, 81
34, 401, 248, 53
34, 306, 248, 32
34, 275, 248, 54
34, 405, 248, 36
34, 246, 248, 6
34, 247, 248, 37
34, 472, 248, 29
34, 157, 248, 12
34, 287, 248, 86
34, 257, 249, 94
34, 287, 249, 86
34, 522, 249, 75
34, 556, 249, 78
34, 144, 249, 79
34, 56, 249, 26
34, 250, 249, 65
34, 412, 249, 6
34, 159, 249, 78
34, 5, 250, 90
34, 136, 250, 45
34, 16, 250, 42
34, 400, 250, 97
34, 533, 250, 82
34, 534, 250, 39
34, 39, 250, 68
34, 436, 250, 25
34, 570, 250, 65
34, 450, 250, 86
34, 68, 250, 70
34, 70, 250, 80
34, 201, 250, 70
34, 594, 250, 82
34, 470, 250, 89
34, 105, 250, 47
34, 238, 250, 68
34, 239, 250, 97
34, 115, 250, 82
34, 505, 250, 26
34, 545, 251, 1
34, 514, 251, 38
34, 394, 251, 94
34, 108, 251, 40
34, 175, 251, 41
34, 49, 251, 30
34, 534, 251, 39
34, 22, 251, 17
34, 248, 251, 56
34, 349, 251, 83
34, 382, 251, 19
34, 294, 252, 33
34, 300, 252, 95
34, 113, 252, 45
34, 499, 252, 1
34, 436, 252, 25
34, 243, 252, 68
34, 180, 252, 50
34, 89, 252, 82
34, 220, 252, 17
34, 544, 253, 51
34, 486, 253, 4
34, 328, 253, 61
34, 74, 253, 75
34, 176, 253, 8
34, 84, 253, 61
34, 388, 254, 87
34, 390, 254, 2
34, 266, 254, 33
34, 530, 254, 48
34, 172, 254, 10
34, 46, 254, 52
34, 303, 254, 14
34, 437, 254, 7
34, 309, 254, 80
34, 183, 254, 58
34, 568, 254, 64
34, 574, 254, 25
34, 65, 254, 38
34, 453, 254, 12
34, 584, 254, 2
34, 334, 254, 35
34, 466, 254, 87
34, 215, 254, 61
34, 217, 254, 58
34, 476, 254, 90
34, 97, 254, 31
34, 98, 254, 24
34, 492, 254, 37
34, 504, 254, 29
34, 382, 254, 19
34, 130, 255, 60
34, 2, 255, 55
34, 391, 255, 2
34, 270, 255, 45
34, 144, 255, 79
34, 416, 255, 14
34, 33, 255, 74
34, 35, 255, 21
34, 552, 255, 72
34, 296, 255, 50
34, 46, 255, 52
34, 446, 255, 95
34, 460, 255, 11
34, 348, 255, 2
34, 482, 255, 95
34, 236, 255, 4
34, 237, 255, 89
34, 239, 255, 97
34, 498, 255, 51
34, 505, 255, 26
34, 66, 256, 68
34, 517, 256, 16
34, 70, 256, 80
34, 389, 256, 67
34, 552, 256, 72
34, 536, 256, 10
34, 42, 256, 54
34, 15, 256, 33
34, 241, 256, 46
34, 115, 256, 82
34, 339, 256, 94
34, 468, 256, 36
34, 342, 256, 19
34, 343, 256, 36
34, 184, 256, 10
34, 377, 256, 5
34, 349, 256, 83
34, 63, 256, 42
34, 259, 257, 25
34, 588, 257, 44
34, 209, 257, 83
34, 21, 257, 67
34, 150, 257, 24
34, 443, 257, 94
34, 381, 257, 92
34, 511, 257, 34
34, 260, 258, 12
34, 388, 258, 87
34, 267, 258, 47
34, 398, 258, 19
34, 530, 258, 48
34, 149, 258, 78
34, 22, 258, 17
34, 279, 258, 58
34, 405, 258, 36
34, 156, 258, 62
34, 548, 258, 55
34, 52, 258, 72
34, 199, 258, 94
34, 72, 258, 29
34, 213, 258, 34
34, 342, 258, 19
34, 222, 258, 54
34, 351, 258, 16
34, 233, 258, 98
34, 364, 258, 30
34, 113, 258, 45
34, 378, 258, 40
34, 379, 258, 5
34, 196, 259, 12
34, 326, 259, 51
34, 233, 259, 98
34, 234, 259, 2
34, 235, 259, 20
34, 268, 259, 42
34, 45, 259, 54
34, 238, 259, 68
34, 112, 259, 40
34, 81, 259, 32
34, 563, 259, 35
34, 341, 259, 19
34, 183, 259, 58
34, 440, 259, 82
34, 123, 259, 10
34, 188, 259, 61
34, 130, 260, 60
34, 526, 260, 74
34, 271, 260, 63
34, 144, 260, 79
34, 147, 260, 66
34, 148, 260, 38
34, 545, 260, 1
34, 294, 260, 33
34, 550, 260, 68
34, 175, 260, 41
34, 305, 260, 96
34, 182, 260, 3
34, 188, 260, 61
34, 72, 260, 29
34, 201, 260, 70
34, 475, 260, 71
34, 95, 260, 4
34, 230, 260, 24
34, 242, 260, 86
34, 377, 260, 5
34, 378, 260, 40
34, 508, 260, 36
34, 515, 261, 78
34, 134, 261, 63
34, 143, 261, 63
34, 274, 261, 37
34, 539, 261, 63
34, 288, 261, 16
34, 417, 261, 70
34, 289, 261, 78
34, 162, 261, 49
34, 37, 261, 96
34, 49, 261, 30
34, 60, 261, 82
34, 192, 261, 97
34, 193, 261, 7
34, 586, 261, 94
34, 592, 261, 14
34, 473, 261, 45
34, 91, 261, 81
34, 360, 261, 42
34, 227, 262, 21
34, 419, 262, 95
34, 523, 262, 98
34, 395, 262, 70
34, 272, 262, 39
34, 51, 262, 7
34, 85, 262, 18
34, 471, 262, 94
34, 153, 262, 2
34, 155, 262, 4
34, 125, 262, 18
34, 415, 262, 13
34, 389, 263, 67
34, 405, 263, 36
34, 406, 263, 76
34, 151, 263, 38
34, 411, 263, 72
34, 156, 263, 62
34, 175, 263, 41
34, 60, 263, 82
34, 573, 263, 33
34, 320, 263, 16
34, 322, 263, 33
34, 450, 263, 86
34, 69, 263, 91
34, 454, 263, 99
34, 456, 263, 26
34, 590, 263, 76
34, 591, 263, 1
34, 208, 263, 95
34, 467, 263, 58
34, 346, 263, 50
34, 218, 263, 35
34, 92, 263, 87
34, 478, 263, 33
34, 106, 263, 1
34, 377, 263, 5
34, 69, 264, 91
34, 453, 264, 12
34, 76, 264, 4
34, 141, 264, 88
34, 588, 264, 44
34, 563, 264, 35
34, 438, 264, 17
34, 506, 264, 92
34, 477, 264, 17
34, 511, 264, 34
34, 480, 265, 95
34, 387, 265, 14
34, 485, 265, 34
34, 487, 265, 52
34, 391, 265, 2
34, 560, 265, 58
34, 92, 265, 87
34, 228, 266, 87
34, 39, 266, 68
34, 168, 266, 30
34, 554, 266, 100
34, 535, 266, 19
34, 125, 266, 18
34, 131, 267, 84
34, 265, 267, 26
34, 525, 267, 100
34, 271, 267, 63
34, 273, 267, 75
34, 402, 267, 13
34, 407, 267, 95
34, 154, 267, 63
34, 542, 267, 53
34, 289, 267, 78
34, 41, 267, 81
34, 556, 267, 78
34, 559, 267, 40
34, 306, 267, 32
34, 315, 267, 86
34, 59, 267, 48
34, 61, 267, 84
34, 192, 267, 97
34, 576, 267, 96
34, 69, 267, 91
34, 74, 267, 75
34, 359, 267, 8
34, 254, 267, 68
34, 127, 267, 52
34, 160, 268, 98
34, 513, 268, 86
34, 97, 268, 31
34, 448, 268, 25
34, 419, 268, 95
34, 581, 268, 51
34, 361, 268, 95
34, 331, 268, 15
34, 44, 268, 90
34, 370, 268, 29
34, 371, 268, 24
34, 372, 268, 18
34, 406, 268, 76
34, 570, 268, 65
34, 475, 268, 71
34, 317, 268, 78
34, 414, 268, 97
34, 97, 269, 31
34, 504, 269, 29
34, 248, 269, 56
34, 505, 269, 26
34, 94, 269, 38
34, 256, 270, 29
34, 272, 270, 39
34, 531, 270, 20
34, 169, 270, 29
34, 183, 270, 58
34, 193, 270, 7
34, 73, 270, 55
34, 332, 270, 41
34, 461, 270, 42
34, 338, 270, 24
34, 83, 270, 69
34, 597, 270, 79
34, 94, 270, 38
34, 225, 270, 72
34, 361, 270, 95
34, 363, 270, 43
34, 369, 270, 7
34, 501, 270, 32
34, 383, 270, 24
34, 353, 271, 8
34, 3, 271, 65
34, 486, 271, 4
34, 361, 271, 95
34, 367, 271, 1
34, 207, 271, 61
34, 464, 271, 60
34, 402, 271, 13
34, 340, 271, 76
34, 120, 271, 75
34, 185, 271, 2
34, 124, 271, 57
34, 449, 272, 13
34, 578, 272, 34
34, 105, 272, 47
34, 204, 272, 56
34, 206, 272, 68
34, 112, 272, 40
34, 17, 272, 68
34, 18, 272, 49
34, 307, 272, 38
34, 375, 272, 77
34, 281, 272, 78
34, 379, 272, 5
34, 352, 273, 20
34, 70, 273, 80
34, 40, 273, 51
34, 301, 273, 54
34, 499, 273, 1
34, 482, 274, 95
34, 387, 274, 14
34, 132, 274, 37
34, 293, 274, 34
34, 392, 274, 33
34, 75, 274, 98
34, 12, 274, 57
34, 187, 274, 11
34, 590, 274, 76
34, 111, 274, 52
34, 176, 274, 8
34, 368, 274, 54
34, 243, 274, 68
34, 597, 274, 79
34, 149, 274, 78
34, 443, 274, 94
34, 384, 275, 98
34, 514, 275, 38
34, 526, 275, 74
34, 270, 275, 45
34, 402, 275, 13
34, 534, 275, 39
34, 412, 275, 6
34, 542, 275, 53
34, 287, 275, 86
34, 544, 275, 51
34, 160, 275, 98
34, 419, 275, 95
34, 37, 275, 96
34, 169, 275, 29
34, 178, 275, 82
34, 571, 275, 63
34, 325, 275, 58
34, 329, 275, 78
34, 344, 275, 10
34, 224, 275, 67
34, 96, 275, 85
34, 231, 275, 60
34, 233, 275, 98
34, 500, 275, 88
34, 513, 276, 86
34, 43, 276, 72
34, 301, 276, 54
34, 86, 276, 28
34, 570, 276, 65
34, 125, 276, 18
34, 5, 277, 90
34, 520, 277, 29
34, 265, 277, 26
34, 399, 277, 42
34, 274, 277, 37
34, 403, 277, 29
34, 408, 277, 3
34, 24, 277, 45
34, 540, 277, 43
34, 159, 277, 78
34, 550, 277, 68
34, 182, 277, 3
34, 457, 277, 66
34, 338, 277, 24
34, 213, 277, 34
34, 218, 277, 35
34, 350, 277, 20
34, 356, 277, 92
34, 237, 277, 89
34, 109, 277, 1
34, 256, 278, 29
34, 70, 278, 80
34, 327, 278, 61
34, 296, 278, 50
34, 487, 278, 52
34, 105, 278, 47
34, 523, 278, 98
34, 177, 278, 6
34, 114, 278, 95
34, 55, 278, 5
34, 447, 278, 49
34, 429, 279, 23
34, 403, 279, 29
34, 87, 279, 77
34, 599, 279, 63
34, 568, 279, 64
34, 352, 280, 20
34, 280, 280, 87
34, 129, 280, 41
34, 334, 280, 35
34, 559, 280, 40
34, 48, 280, 18
34, 495, 280, 77
34, 188, 280, 61
34, 566, 280, 65
34, 376, 280, 60
34, 508, 280, 36
34, 415, 280, 13
34, 514, 281, 38
34, 259, 281, 25
34, 580, 281, 13
34, 520, 281, 29
34, 170, 281, 60
34, 429, 281, 23
34, 174, 281, 63
34, 177, 281, 6
34, 460, 282, 11
34, 268, 282, 42
34, 310, 282, 63
34, 348, 282, 2
34, 185, 282, 2
34, 572, 282, 100
34, 482, 283, 95
34, 2, 283, 55
34, 197, 283, 49
34, 549, 283, 18
34, 136, 283, 45
34, 552, 283, 72
34, 458, 283, 33
34, 441, 283, 28
34, 108, 283, 40
34, 138, 283, 13
34, 272, 283, 39
34, 82, 283, 2
34, 597, 283, 79
34, 89, 283, 82
34, 123, 283, 10
34, 221, 283, 99
34, 254, 283, 68
34, 575, 283, 64
34, 516, 284, 85
34, 167, 284, 30
34, 202, 284, 21
34, 234, 284, 2
34, 428, 284, 46
34, 236, 284, 4
34, 562, 284, 75
34, 471, 284, 94
34, 355, 285, 21
34, 199, 285, 94
34, 362, 285, 4
34, 591, 285, 1
34, 528, 285, 23
34, 273, 285, 75
34, 51, 285, 7
34, 442, 285, 42
34, 133, 286, 15
34, 137, 286, 36
34, 532, 286, 75
34, 149, 286, 78
34, 410, 286, 47
34, 542, 286, 53
34, 161, 286, 24
34, 40, 286, 51
34, 296, 286, 50
34, 429, 286, 23
34, 430, 286, 35
34, 558, 286, 42
34, 433, 286, 82
34, 565, 286, 30
34, 569, 286, 41
34, 325, 286, 58
34, 85, 286, 18
34, 345, 286, 34
34, 226, 286, 36
34, 105, 286, 47
34, 490, 286, 31
34, 235, 286, 20
34, 496, 286, 86
34, 448, 287, 25
34, 193, 287, 7
34, 98, 287, 24
34, 580, 287, 13
34, 397, 287, 56
34, 77, 287, 98
34, 590, 287, 76
34, 343, 287, 36
34, 319, 287, 86
34, 34, 288, 88
34, 471, 288, 94
34, 583, 288, 8
34, 462, 288, 83
34, 399, 288, 42
34, 240, 288, 45
34, 433, 288, 82
34, 115, 288, 82
34, 83, 288, 69
34, 438, 288, 17
34, 534, 288, 39
34, 383, 288, 24
34, 578, 289, 34
34, 323, 289, 67
34, 90, 289, 91
34, 457, 289, 66
34, 105, 289, 47
34, 42, 289, 54
34, 396, 289, 97
34, 234, 289, 2
34, 270, 289, 45
34, 10, 289, 92
34, 50, 289, 98
34, 538, 289, 53
34, 340, 289, 76
34, 180, 289, 50
34, 279, 289, 58
34, 26, 289, 48
34, 187, 289, 11
34, 317, 289, 78
34, 257, 290, 94
34, 450, 290, 86
34, 426, 290, 71
34, 237, 290, 89
34, 83, 290, 69
34, 309, 290, 80
34, 534, 290, 39
34, 504, 290, 29
34, 56, 290, 26
34, 295, 291, 1
34, 455, 291, 7
34, 336, 291, 97
34, 18, 291, 49
34, 123, 291, 10
34, 192, 292, 97
34, 290, 292, 28
34, 547, 292, 36
34, 230, 292, 24
34, 262, 292, 48
34, 137, 292, 36
34, 169, 292, 29
34, 331, 292, 15
34, 207, 292, 61
34, 304, 292, 55
34, 596, 292, 12
34, 247, 292, 37
34, 283, 292, 52
34, 316, 292, 100
34, 446, 292, 95
34, 35, 293, 21
34, 262, 293, 48
34, 589, 293, 6
34, 281, 293, 78
34, 539, 293, 63
34, 446, 293, 95
34, 159, 293, 78
34, 258, 294, 68
34, 312, 294, 88
34, 482, 294, 95
34, 197, 294, 49
34, 262, 294, 48
34, 520, 294, 29
34, 105, 294, 47
34, 555, 294, 77
34, 303, 294, 14
34, 561, 294, 62
34, 241, 294, 46
34, 404, 294, 59
34, 117, 294, 100
34, 405, 294, 36
34, 376, 294, 60
34, 314, 294, 81
34, 317, 294, 78
34, 31, 294, 12
34, 258, 295, 68
34, 264, 295, 76
34, 17, 295, 68
34, 19, 295, 37
34, 21, 295, 67
34, 162, 295, 49
34, 165, 295, 72
34, 297, 295, 55
34, 177, 295, 6
34, 433, 295, 82
34, 54, 295, 88
34, 310, 295, 63
34, 316, 295, 100
34, 195, 295, 43
34, 324, 295, 31
34, 451, 295, 72
34, 323, 295, 67
34, 464, 295, 60
34, 218, 295, 35
34, 94, 295, 38
34, 233, 295, 98
34, 383, 295, 24
34, 577, 296, 53
34, 35, 296, 21
34, 392, 296, 33
34, 137, 296, 36
34, 271, 296, 63
34, 335, 296, 87
34, 496, 296, 86
34, 466, 296, 87
34, 114, 296, 95
34, 79, 296, 97
34, 505, 296, 26
34, 349, 296, 83
34, 480, 297, 95
34, 258, 297, 68
34, 195, 297, 43
34, 356, 297, 92
34, 5, 297, 90
34, 199, 297, 94
34, 135, 297, 72
34, 273, 297, 75
34, 371, 297, 24
34, 499, 297, 1
34, 215, 297, 61
34, 353, 298, 8
34, 258, 298, 68
34, 515, 298, 78
34, 391, 298, 2
34, 456, 298, 26
34, 575, 298, 64
34, 208, 298, 95
34, 273, 298, 75
34, 407, 298, 95
34, 250, 298, 65
34, 247, 298, 37
34, 572, 298, 100
34, 383, 298, 24
34, 64, 299, 12
34, 545, 299, 1
34, 164, 299, 31
34, 152, 299, 70
34, 28, 299, 6
34, 543, 299, 70
