300, 600, 30
18, 258, 0, 47
18, 579, 0, 61
18, 227, 0, 73
18, 260, 0, 47
18, 390, 0, 97
18, 455, 0, 13
18, 171, 0, 51
18, 213, 0, 94
18, 502, 0, 16
18, 440, 0, 83
18, 569, 0, 19
18, 283, 0, 8
18, 540, 0, 67
18, 62, 0, 12
18, 266, 1, 96
18, 523, 1, 73
18, 141, 1, 6
18, 398, 1, 67
18, 536, 1, 70
18, 410, 1, 56
18, 43, 1, 65
18, 47, 1, 5
18, 303, 1, 51
18, 306, 1, 23
18, 568, 1, 50
18, 185, 1, 39
18, 443, 1, 53
18, 582, 1, 37
18, 589, 1, 38
18, 352, 1, 86
18, 481, 1, 25
18, 102, 1, 5
18, 491, 1, 29
18, 108, 1, 38
18, 237, 1, 16
18, 494, 1, 43
18, 114, 1, 54
18, 501, 1, 52
18, 385, 2, 15
18, 130, 2, 47
18, 133, 2, 65
18, 269, 2, 53
18, 17, 2, 52
18, 273, 2, 93
18, 409, 2, 88
18, 27, 2, 28
18, 32, 2, 5
18, 554, 2, 2
18, 561, 2, 11
18, 58, 2, 67
18, 188, 2, 66
18, 201, 2, 71
18, 462, 2, 60
18, 207, 2, 86
18, 480, 2, 57
18, 227, 2, 73
18, 494, 2, 43
18, 112, 2, 13
18, 503, 2, 91
18, 123, 2, 3
18, 32, 3, 5
18, 544, 3, 36
18, 195, 3, 6
18, 324, 3, 17
18, 456, 3, 30
18, 392, 3, 50
18, 266, 3, 96
18, 232, 3, 27
18, 527, 3, 34
18, 308, 3, 51
18, 278, 3, 28
18, 23, 3, 58
18, 472, 3, 77
18, 505, 3, 54
18, 190, 3, 91
18, 62, 3, 12
18, 228, 4, 12
18, 165, 4, 44
18, 485, 4, 89
18, 37, 4, 46
18, 264, 4, 22
18, 230, 4, 1
18, 263, 4, 22
18, 586, 4, 72
18, 108, 4, 38
18, 529, 4, 59
18, 178, 4, 66
18, 531, 4, 39
18, 52, 4, 86
18, 309, 4, 88
18, 371, 4, 84
18, 249, 4, 84
18, 474, 4, 26
18, 379, 4, 80
18, 358, 5, 78
18, 231, 5, 74
18, 542, 5, 88
18, 326, 5, 55
18, 300, 5, 84
18, 334, 5, 76
18, 595, 5, 51
18, 308, 5, 51
18, 30, 5, 100
18, 531, 5, 39
18, 247, 5, 43
18, 120, 5, 92
18, 95, 5, 11
18, 447, 5, 35
18, 64, 6, 73
18, 129, 6, 18
18, 356, 6, 49
18, 38, 6, 56
18, 361, 6, 30
18, 459, 6, 20
18, 462, 6, 60
18, 463, 6, 13
18, 208, 6, 90
18, 274, 6, 26
18, 21, 6, 72
18, 566, 6, 68
18, 280, 6, 59
18, 569, 6, 19
18, 123, 6, 3
18, 157, 6, 45
18, 254, 6, 34
18, 5, 7, 83
18, 133, 7, 65
18, 26, 7, 60
18, 412, 7, 58
18, 542, 7, 88
18, 420, 7, 24
18, 548, 7, 45
18, 550, 7, 51
18, 556, 7, 7
18, 303, 7, 51
18, 176, 7, 23
18, 307, 7, 94
18, 319, 7, 31
18, 195, 7, 6
18, 199, 7, 36
18, 583, 7, 34
18, 203, 7, 92
18, 460, 7, 13
18, 343, 7, 36
18, 218, 7, 42
18, 475, 7, 74
18, 112, 7, 13
18, 498, 7, 94
18, 379, 7, 80
18, 384, 8, 63
18, 167, 8, 84
18, 459, 8, 20
18, 44, 8, 41
18, 271, 8, 54
18, 159, 8, 47
18, 387, 9, 32
18, 262, 9, 5
18, 140, 9, 81
18, 528, 9, 67
18, 274, 9, 26
18, 279, 9, 26
18, 410, 9, 56
18, 166, 9, 3
18, 550, 9, 51
18, 305, 9, 9
18, 309, 9, 88
18, 314, 9, 93
18, 62, 9, 12
18, 581, 9, 82
18, 584, 9, 27
18, 460, 9, 13
18, 207, 9, 86
18, 97, 9, 28
18, 361, 9, 30
18, 235, 9, 99
18, 108, 9, 38
18, 376, 9, 44
18, 383, 9, 9
18, 385, 10, 15
18, 516, 10, 83
18, 392, 10, 50
18, 144, 10, 89
18, 278, 10, 28
18, 150, 10, 44
18, 25, 10, 64
18, 26, 10, 60
18, 415, 10, 18
18, 547, 10, 78
18, 48, 10, 39
18, 56, 10, 91
18, 57, 10, 86
18, 321, 10, 54
18, 327, 10, 89
18, 460, 10, 13
18, 85, 10, 66
18, 343, 10, 36
18, 472, 10, 77
18, 347, 10, 22
18, 355, 10, 88
18, 231, 10, 74
18, 490, 10, 21
18, 377, 10, 3
18, 125, 10, 8
18, 129, 11, 18
18, 387, 11, 32
18, 139, 11, 99
18, 148, 11, 42
18, 535, 11, 59
18, 537, 11, 61
18, 283, 11, 8
18, 286, 11, 32
18, 288, 11, 22
18, 164, 11, 40
18, 550, 11, 51
18, 173, 11, 65
18, 568, 11, 50
18, 442, 11, 62
18, 198, 11, 3
18, 583, 11, 34
18, 72, 11, 45
18, 74, 11, 47
18, 202, 11, 46
18, 205, 11, 67
18, 590, 11, 97
18, 215, 11, 66
18, 96, 11, 88
18, 358, 11, 78
18, 546, 12, 54
18, 414, 12, 78
18, 101, 12, 44
18, 198, 12, 3
18, 488, 12, 28
18, 73, 12, 67
18, 591, 12, 25
18, 594, 12, 80
18, 29, 12, 46
18, 87, 12, 2
18, 119, 12, 19
18, 24, 12, 15
18, 26, 12, 60
18, 477, 12, 94
18, 62, 12, 12
18, 546, 13, 54
18, 386, 13, 86
18, 548, 13, 45
18, 229, 13, 92
18, 392, 13, 50
18, 593, 13, 36
18, 55, 13, 81
18, 280, 13, 59
18, 385, 14, 15
18, 260, 14, 47
18, 133, 14, 65
18, 12, 14, 60
18, 141, 14, 6
18, 158, 14, 36
18, 45, 14, 13
18, 53, 14, 99
18, 440, 14, 83
18, 570, 14, 100
18, 442, 14, 62
18, 65, 14, 97
18, 197, 14, 87
18, 365, 14, 12
18, 368, 14, 100
18, 496, 14, 2
18, 503, 14, 91
18, 248, 14, 89
18, 249, 14, 84
18, 378, 14, 84
18, 123, 14, 3
18, 380, 14, 43
18, 257, 15, 90
18, 2, 15, 2
18, 132, 15, 56
18, 141, 15, 6
18, 270, 15, 34
18, 426, 15, 31
18, 427, 15, 73
18, 309, 15, 88
18, 315, 15, 70
18, 195, 15, 6
18, 581, 15, 82
18, 75, 15, 20
18, 591, 15, 25
18, 464, 15, 30
18, 337, 15, 11
18, 340, 15, 87
18, 214, 15, 46
18, 221, 15, 49
18, 222, 15, 42
18, 257, 16, 90
18, 259, 16, 11
18, 526, 16, 67
18, 532, 16, 84
18, 279, 16, 26
18, 156, 16, 35
18, 287, 16, 80
18, 290, 16, 17
18, 35, 16, 96
18, 40, 16, 61
18, 300, 16, 84
18, 429, 16, 53
18, 432, 16, 92
18, 310, 16, 12
18, 311, 16, 22
18, 450, 16, 97
18, 212, 16, 69
18, 472, 16, 77
18, 354, 16, 31
18, 485, 16, 89
18, 359, 16, 89
18, 115, 16, 8
18, 119, 16, 19
18, 376, 16, 44
18, 389, 17, 58
18, 262, 17, 5
18, 133, 17, 65
18, 264, 17, 22
18, 268, 17, 54
18, 15, 17, 84
18, 402, 17, 76
18, 405, 17, 66
18, 280, 17, 59
18, 539, 17, 15
18, 546, 17, 54
18, 419, 17, 12
18, 167, 17, 84
18, 298, 17, 66
18, 52, 17, 86
18, 74, 17, 47
18, 464, 17, 30
18, 467, 17, 12
18, 104, 17, 73
18, 364, 17, 97
18, 244, 17, 24
18, 501, 17, 52
18, 254, 17, 34
18, 120, 17, 92
18, 126, 17, 87
18, 0, 18, 38
18, 3, 18, 79
18, 268, 18, 54
18, 15, 18, 84
18, 530, 18, 92
18, 24, 18, 15
18, 156, 18, 35
18, 29, 18, 46
18, 36, 18, 91
18, 298, 18, 66
18, 174, 18, 47
18, 432, 18, 92
18, 49, 18, 58
18, 571, 18, 15
18, 586, 18, 72
18, 589, 18, 38
18, 80, 18, 49
18, 81, 18, 46
18, 598, 18, 40
18, 471, 18, 99
18, 87, 18, 2
18, 218, 18, 42
18, 485, 18, 89
18, 377, 18, 3
18, 513, 19, 86
18, 138, 19, 41
18, 143, 19, 38
18, 399, 19, 16
18, 528, 19, 67
18, 531, 19, 39
18, 24, 19, 15
18, 153, 19, 3
18, 290, 19, 17
18, 164, 19, 40
18, 567, 19, 32
18, 189, 19, 56
18, 447, 19, 35
18, 579, 19, 61
18, 452, 19, 18
18, 582, 19, 37
18, 488, 19, 28
18, 362, 19, 38
18, 495, 19, 57
18, 496, 19, 2
18, 115, 19, 8
18, 500, 19, 45
18, 126, 19, 87
18, 507, 19, 25
18, 510, 19, 75
18, 385, 20, 15
18, 398, 20, 67
18, 150, 20, 44
18, 152, 20, 76
18, 409, 20, 88
18, 289, 20, 38
18, 550, 20, 51
18, 168, 20, 97
18, 563, 20, 98
18, 185, 20, 39
18, 319, 20, 31
18, 451, 20, 5
18, 199, 20, 36
18, 73, 20, 67
18, 201, 20, 71
18, 331, 20, 70
18, 207, 20, 86
18, 81, 20, 46
18, 87, 20, 2
18, 217, 20, 31
18, 357, 20, 84
18, 234, 20, 67
18, 117, 20, 8
18, 509, 20, 66
18, 352, 21, 86
18, 289, 21, 38
18, 264, 21, 22
18, 72, 21, 45
18, 470, 21, 78
18, 311, 21, 22
18, 282, 21, 38
18, 254, 21, 34
18, 546, 22, 54
18, 325, 22, 9
18, 489, 22, 37
18, 394, 22, 63
18, 9, 22, 71
18, 270, 22, 34
18, 334, 22, 76
18, 307, 22, 94
18, 180, 22, 98
18, 117, 22, 8
18, 377, 22, 3
18, 26, 22, 60
18, 383, 22, 9
18, 385, 23, 15
18, 137, 23, 4
18, 171, 23, 51
18, 182, 23, 30
18, 441, 23, 56
18, 578, 23, 74
18, 450, 23, 97
18, 70, 23, 10
18, 327, 23, 89
18, 73, 23, 67
18, 77, 23, 94
18, 589, 23, 38
18, 87, 23, 2
18, 350, 23, 57
18, 357, 23, 84
18, 246, 23, 25
18, 506, 23, 16
18, 124, 23, 68
18, 254, 23, 34
18, 256, 24, 82
18, 512, 24, 23
18, 390, 24, 97
18, 12, 24, 60
18, 525, 24, 14
18, 528, 24, 67
18, 21, 24, 72
18, 149, 24, 17
18, 427, 24, 73
18, 311, 24, 22
18, 571, 24, 15
18, 61, 24, 54
18, 329, 24, 20
18, 586, 24, 72
18, 471, 24, 99
18, 219, 24, 43
18, 225, 24, 58
18, 102, 24, 5
18, 359, 24, 89
18, 250, 24, 69
18, 383, 24, 9
18, 3, 25, 79
18, 142, 25, 56
18, 276, 25, 16
18, 277, 25, 89
18, 23, 25, 58
18, 280, 25, 59
18, 540, 25, 67
18, 416, 25, 69
18, 167, 25, 84
18, 307, 25, 94
18, 182, 25, 30
18, 443, 25, 53
18, 571, 25, 15
18, 61, 25, 54
18, 587, 25, 24
18, 590, 25, 97
18, 593, 25, 36
18, 211, 25, 81
18, 90, 25, 87
18, 91, 25, 43
18, 97, 25, 28
18, 354, 25, 31
18, 103, 25, 67
18, 365, 25, 12
18, 353, 26, 78
18, 198, 26, 3
18, 424, 26, 88
18, 237, 26, 16
18, 597, 26, 77
18, 155, 26, 64
18, 124, 26, 68
18, 62, 26, 12
18, 12, 27, 60
18, 526, 27, 67
18, 537, 27, 61
18, 541, 27, 64
18, 30, 27, 100
18, 420, 27, 24
18, 295, 27, 68
18, 425, 27, 11
18, 42, 27, 67
18, 304, 27, 25
18, 195, 27, 6
18, 325, 27, 9
18, 326, 27, 55
18, 72, 27, 45
18, 82, 27, 82
18, 217, 27, 31
18, 350, 27, 57
18, 485, 27, 89
18, 109, 27, 6
18, 366, 27, 7
18, 495, 27, 57
18, 501, 27, 52
18, 380, 27, 43
18, 224, 28, 83
18, 518, 28, 51
18, 423, 28, 74
18, 198, 28, 3
18, 362, 28, 38
18, 170, 28, 24
18, 505, 28, 54
18, 46, 28, 91
18, 239, 28, 100
18, 405, 28, 66
18, 374, 28, 2
18, 568, 28, 50
18, 185, 28, 39
18, 411, 28, 34
18, 514, 29, 36
18, 258, 29, 47
18, 2, 29, 2
18, 260, 29, 47
18, 9, 29, 71
18, 144, 29, 89
18, 402, 29, 76
18, 410, 29, 56
18, 32, 29, 5
18, 165, 29, 44
18, 302, 29, 88
18, 434, 29, 79
18, 562, 29, 28
18, 198, 29, 3
18, 202, 29, 46
18, 461, 29, 56
18, 85, 29, 66
18, 348, 29, 5
18, 220, 29, 70
18, 369, 29, 62
18, 4, 30, 33
18, 589, 30, 38
18, 462, 30, 60
18, 527, 30, 34
18, 400, 30, 64
18, 259, 31, 11
18, 131, 31, 91
18, 138, 31, 41
18, 399, 31, 16
18, 528, 31, 67
18, 154, 31, 34
18, 543, 31, 17
18, 288, 31, 22
18, 162, 31, 44
18, 171, 31, 51
18, 431, 31, 78
18, 435, 31, 19
18, 573, 31, 13
18, 320, 31, 15
18, 196, 31, 80
18, 72, 31, 45
18, 328, 31, 51
18, 337, 31, 11
18, 473, 31, 51
18, 474, 31, 26
18, 95, 31, 11
18, 109, 31, 6
18, 366, 31, 7
18, 249, 31, 84
18, 358, 32, 78
18, 520, 32, 75
18, 392, 32, 50
18, 427, 32, 73
18, 463, 32, 13
18, 464, 32, 30
18, 497, 32, 19
18, 564, 32, 46
18, 214, 32, 46
18, 246, 32, 25
18, 569, 32, 19
18, 539, 32, 15
18, 60, 32, 38
18, 253, 32, 7
18, 190, 32, 91
18, 224, 33, 83
18, 481, 33, 25
18, 228, 33, 12
18, 584, 33, 27
18, 457, 33, 2
18, 169, 33, 95
18, 104, 33, 73
18, 332, 33, 33
18, 593, 33, 36
18, 403, 33, 69
18, 54, 33, 59
18, 503, 33, 91
18, 474, 33, 26
18, 416, 34, 69
18, 418, 34, 65
18, 70, 34, 10
18, 203, 34, 92
18, 76, 34, 1
18, 12, 34, 60
18, 47, 34, 5
18, 240, 34, 58
18, 313, 34, 70
18, 314, 34, 93
18, 415, 34, 18
18, 387, 35, 32
18, 133, 35, 65
18, 13, 35, 64
18, 531, 35, 39
18, 532, 35, 84
18, 277, 35, 89
18, 283, 35, 8
18, 290, 35, 17
18, 170, 35, 24
18, 431, 35, 78
18, 307, 35, 94
18, 437, 35, 73
18, 441, 35, 56
18, 199, 35, 36
18, 348, 35, 5
18, 485, 35, 89
18, 361, 35, 30
18, 496, 35, 2
18, 504, 35, 85
18, 388, 36, 17
18, 263, 36, 22
18, 405, 36, 66
18, 534, 36, 95
18, 152, 36, 76
18, 281, 36, 21
18, 29, 36, 46
18, 289, 36, 38
18, 420, 36, 24
18, 550, 36, 51
18, 39, 36, 49
18, 310, 36, 12
18, 443, 36, 53
18, 449, 36, 70
18, 194, 36, 22
18, 332, 36, 33
18, 83, 36, 10
18, 86, 36, 4
18, 229, 36, 92
18, 360, 36, 70
18, 488, 36, 28
18, 508, 36, 18
18, 549, 37, 86
18, 261, 37, 76
18, 40, 37, 61
18, 554, 37, 2
18, 536, 37, 70
18, 253, 37, 7
18, 316, 37, 61
18, 189, 37, 56
18, 384, 38, 63
18, 515, 38, 57
18, 264, 38, 22
18, 137, 38, 4
18, 280, 38, 59
18, 538, 38, 80
18, 292, 38, 52
18, 49, 38, 58
18, 309, 38, 88
18, 186, 38, 70
18, 190, 38, 91
18, 447, 38, 35
18, 319, 38, 31
18, 194, 38, 22
18, 71, 38, 33
18, 210, 38, 92
18, 466, 38, 5
18, 216, 38, 5
18, 347, 38, 22
18, 478, 38, 97
18, 103, 38, 67
18, 492, 38, 16
18, 128, 39, 61
18, 514, 39, 36
18, 517, 39, 94
18, 263, 39, 22
18, 270, 39, 34
18, 154, 39, 34
18, 158, 39, 36
18, 32, 39, 5
18, 552, 39, 11
18, 433, 39, 47
18, 569, 39, 19
18, 575, 39, 71
18, 64, 39, 73
18, 193, 39, 76
18, 452, 39, 18
18, 70, 39, 10
18, 461, 39, 56
18, 78, 39, 84
18, 82, 39, 82
18, 84, 39, 59
18, 475, 39, 74
18, 363, 39, 24
18, 365, 39, 12
18, 237, 39, 16
18, 505, 39, 54
18, 4, 40, 33
18, 262, 40, 5
18, 359, 40, 89
18, 264, 40, 22
18, 12, 40, 60
18, 208, 40, 90
18, 64, 41, 73
18, 448, 41, 77
18, 96, 41, 88
18, 36, 41, 91
18, 132, 41, 56
18, 329, 41, 20
18, 394, 41, 63
18, 234, 41, 67
18, 14, 41, 50
18, 48, 41, 39
18, 275, 41, 59
18, 596, 41, 87
18, 469, 41, 74
18, 345, 41, 59
18, 508, 41, 18
18, 543, 41, 17
18, 510, 42, 75
18, 103, 42, 67
18, 199, 42, 36
18, 263, 42, 22
18, 173, 42, 65
18, 78, 42, 84
18, 237, 42, 16
18, 560, 42, 24
18, 80, 42, 49
18, 337, 42, 11
18, 408, 42, 19
18, 184, 42, 40
18, 319, 42, 31
18, 64, 43, 73
18, 576, 43, 68
18, 169, 43, 95
18, 300, 43, 84
18, 237, 43, 16
18, 431, 43, 78
18, 464, 43, 30
18, 153, 43, 3
18, 539, 43, 15
18, 284, 43, 98
18, 515, 44, 57
18, 389, 44, 58
18, 134, 44, 37
18, 8, 44, 5
18, 394, 44, 63
18, 165, 44, 44
18, 294, 44, 30
18, 302, 44, 88
18, 176, 44, 23
18, 320, 44, 15
18, 330, 44, 9
18, 331, 44, 70
18, 204, 44, 60
18, 227, 44, 73
18, 486, 44, 13
18, 490, 44, 21
18, 110, 44, 50
18, 111, 44, 33
18, 378, 44, 84
18, 239, 44, 100
18, 250, 44, 69
18, 381, 44, 89
18, 382, 44, 20
18, 197, 45, 87
18, 454, 45, 99
18, 172, 45, 76
18, 12, 45, 60
18, 334, 45, 76
18, 336, 45, 75
18, 369, 45, 62
18, 401, 45, 84
18, 540, 45, 67
18, 245, 45, 94
18, 471, 45, 99
18, 380, 45, 43
18, 445, 45, 20
18, 355, 46, 88
18, 132, 46, 56
18, 38, 46, 56
18, 519, 46, 97
18, 331, 46, 70
18, 301, 46, 44
18, 269, 46, 53
18, 591, 46, 25
18, 438, 46, 49
18, 441, 46, 56
18, 124, 46, 68
18, 542, 46, 88
18, 575, 46, 71
18, 356, 47, 49
18, 37, 47, 46
18, 457, 47, 2
18, 395, 47, 43
18, 363, 47, 24
18, 108, 47, 38
18, 334, 47, 76
18, 589, 47, 38
18, 368, 47, 100
18, 560, 47, 24
18, 50, 47, 63
18, 212, 47, 69
18, 245, 47, 94
18, 57, 47, 86
18, 123, 47, 3
18, 125, 47, 8
18, 34, 48, 96
18, 356, 48, 49
18, 100, 48, 14
18, 584, 48, 27
18, 173, 48, 65
18, 525, 48, 14
18, 16, 48, 51
18, 154, 48, 34
18, 476, 48, 30
18, 95, 48, 11
18, 358, 49, 78
18, 329, 49, 20
18, 429, 49, 53
18, 462, 49, 60
18, 399, 49, 16
18, 432, 49, 92
18, 561, 49, 11
18, 51, 49, 44
18, 565, 49, 17
18, 342, 49, 14
18, 503, 49, 91
18, 88, 49, 79
18, 377, 49, 3
18, 123, 49, 3
18, 543, 49, 17
18, 193, 50, 76
18, 97, 50, 28
18, 517, 50, 94
18, 265, 50, 64
18, 426, 50, 31
18, 43, 50, 65
18, 332, 50, 33
18, 339, 50, 85
18, 310, 50, 12
18, 571, 50, 15
18, 349, 50, 54
18, 221, 50, 49
18, 445, 50, 20
18, 320, 51, 15
18, 194, 51, 22
18, 266, 51, 96
18, 558, 51, 8
18, 177, 51, 32
18, 499, 51, 23
18, 244, 51, 24
18, 389, 52, 58
18, 390, 52, 97
18, 137, 52, 4
18, 396, 52, 47
18, 529, 52, 59
18, 414, 52, 78
18, 549, 52, 86
18, 427, 52, 73
18, 436, 52, 3
18, 184, 52, 40
18, 446, 52, 78
18, 449, 52, 70
18, 580, 52, 45
18, 203, 52, 92
18, 593, 52, 36
18, 86, 52, 4
18, 218, 52, 42
18, 354, 52, 31
18, 101, 52, 44
18, 365, 52, 12
18, 110, 52, 50
18, 372, 52, 58
18, 373, 52, 56
18, 500, 52, 45
18, 254, 52, 34
18, 3, 53, 79
18, 6, 53, 1
18, 395, 53, 43
18, 402, 53, 76
18, 534, 53, 95
18, 406, 53, 98
18, 27, 53, 28
18, 158, 53, 36
18, 542, 53, 88
18, 420, 53, 24
18, 166, 53, 3
18, 174, 53, 47
18, 559, 53, 53
18, 444, 53, 77
18, 191, 53, 80
18, 200, 53, 64
18, 86, 53, 4
18, 356, 53, 49
18, 228, 53, 12
18, 494, 53, 43
18, 366, 53, 7
18, 369, 53, 62
18, 193, 54, 76
18, 513, 54, 86
18, 550, 54, 51
18, 234, 54, 67
18, 275, 54, 59
18, 341, 54, 58
18, 343, 54, 36
18, 194, 55, 22
18, 35, 55, 96
18, 423, 55, 74
18, 167, 55, 84
18, 79, 55, 36
18, 144, 55, 89
18, 49, 55, 58
18, 242, 55, 73
18, 401, 55, 84
18, 19, 55, 55
18, 368, 55, 100
18, 117, 55, 8
18, 120, 55, 92
18, 542, 55, 88
18, 31, 55, 28
18, 481, 56, 25
18, 197, 56, 87
18, 485, 56, 89
18, 103, 56, 67
18, 357, 56, 84
18, 299, 56, 32
18, 492, 56, 16
18, 205, 56, 67
18, 145, 56, 3
18, 116, 56, 71
18, 85, 56, 66
18, 565, 56, 17
18, 151, 56, 93
18, 121, 56, 82
18, 538, 56, 80
18, 60, 56, 38
18, 384, 57, 63
18, 132, 57, 56
18, 525, 57, 14
18, 543, 57, 17
18, 161, 57, 86
18, 550, 57, 51
18, 47, 57, 5
18, 566, 57, 68
18, 182, 57, 30
18, 578, 57, 74
18, 194, 57, 22
18, 588, 57, 8
18, 591, 57, 25
18, 469, 57, 74
18, 213, 57, 94
18, 216, 57, 5
18, 368, 57, 100
18, 242, 57, 73
18, 503, 57, 91
18, 255, 57, 32
18, 192, 58, 20
18, 32, 58, 5
18, 354, 58, 31
18, 34, 58, 96
18, 489, 58, 37
18, 138, 58, 41
18, 267, 58, 87
18, 462, 58, 60
18, 335, 58, 77
18, 366, 58, 7
18, 538, 58, 80
18, 534, 58, 95
18, 343, 58, 36
18, 312, 58, 32
18, 377, 58, 3
18, 378, 58, 84
18, 411, 58, 34
18, 322, 59, 27
18, 197, 59, 87
18, 46, 59, 91
18, 18, 59, 10
18, 22, 59, 19
18, 310, 59, 12
18, 448, 60, 77
18, 290, 60, 17
18, 4, 60, 33
18, 69, 60, 22
18, 293, 60, 96
18, 42, 60, 67
18, 568, 60, 50
18, 15, 60, 84
18, 115, 60, 8
18, 531, 60, 39
18, 471, 60, 99
18, 408, 60, 19
18, 63, 60, 82
18, 135, 61, 55
18, 523, 61, 73
18, 275, 61, 59
18, 404, 61, 47
18, 278, 61, 28
18, 26, 61, 60
18, 27, 61, 28
18, 160, 61, 49
18, 291, 61, 93
18, 422, 61, 54
18, 172, 61, 76
18, 564, 61, 46
18, 570, 61, 100
18, 571, 61, 15
18, 314, 61, 93
18, 331, 61, 70
18, 590, 61, 97
18, 78, 61, 84
18, 108, 61, 38
18, 239, 61, 100
18, 293, 62, 96
18, 262, 62, 5
18, 391, 62, 78
18, 104, 62, 73
18, 237, 62, 16
18, 398, 62, 67
18, 271, 62, 54
18, 188, 62, 66
18, 307, 62, 94
18, 340, 62, 87
18, 501, 62, 52
18, 213, 62, 94
18, 347, 62, 22
18, 28, 62, 44
18, 125, 62, 8
18, 387, 63, 32
18, 133, 63, 65
18, 536, 63, 70
18, 162, 63, 44
18, 293, 63, 96
18, 46, 63, 91
18, 435, 63, 19
18, 316, 63, 61
18, 448, 63, 77
18, 69, 63, 22
18, 202, 63, 46
18, 75, 63, 20
18, 210, 63, 92
18, 595, 63, 51
18, 341, 63, 58
18, 86, 63, 4
18, 219, 63, 43
18, 478, 63, 97
18, 356, 63, 49
18, 232, 63, 27
18, 108, 63, 38
18, 111, 63, 33
18, 382, 63, 20
18, 101, 64, 44
18, 325, 64, 9
18, 518, 64, 51
18, 197, 64, 87
18, 232, 64, 27
18, 389, 64, 58
18, 11, 64, 53
18, 203, 64, 92
18, 231, 64, 74
18, 37, 64, 46
18, 347, 64, 22
18, 211, 64, 81
18, 23, 64, 58
18, 119, 64, 19
18, 187, 64, 76
18, 576, 65, 68
18, 193, 65, 76
18, 482, 65, 4
18, 197, 65, 87
18, 454, 65, 99
18, 44, 65, 41
18, 337, 65, 11
18, 467, 65, 12
18, 278, 65, 28
18, 438, 65, 49
18, 348, 65, 5
18, 389, 66, 58
18, 422, 66, 54
18, 10, 66, 82
18, 236, 66, 6
18, 241, 66, 15
18, 373, 66, 56
18, 348, 66, 5
18, 292, 67, 52
18, 68, 67, 73
18, 329, 67, 20
18, 76, 67, 1
18, 339, 67, 85
18, 596, 67, 87
18, 408, 67, 19
18, 154, 67, 34
18, 60, 67, 38
18, 322, 68, 27
18, 293, 68, 96
18, 358, 68, 78
18, 454, 68, 99
18, 392, 68, 50
18, 298, 68, 66
18, 299, 68, 32
18, 586, 68, 72
18, 557, 68, 97
18, 430, 68, 54
18, 463, 68, 13
18, 528, 68, 67
18, 18, 68, 10
18, 468, 68, 44
18, 310, 68, 12
18, 504, 68, 85
18, 541, 68, 64
18, 255, 68, 32
18, 143, 69, 38
18, 152, 69, 76
18, 281, 69, 21
18, 166, 69, 3
18, 429, 69, 53
18, 178, 69, 66
18, 189, 69, 56
18, 447, 69, 35
18, 324, 69, 17
18, 74, 69, 47
18, 332, 69, 33
18, 341, 69, 58
18, 599, 69, 95
18, 215, 69, 66
18, 231, 69, 74
18, 105, 69, 5
18, 234, 69, 67
18, 250, 69, 69
18, 493, 69, 39
18, 369, 69, 62
18, 117, 69, 8
18, 246, 69, 25
18, 378, 69, 84
18, 507, 69, 25
18, 353, 70, 78
18, 418, 70, 65
18, 513, 70, 86
18, 356, 70, 49
18, 451, 70, 5
18, 142, 70, 56
18, 430, 70, 54
18, 251, 70, 18
18, 434, 70, 79
18, 596, 70, 87
18, 87, 70, 2
18, 62, 70, 12
18, 25, 70, 64
18, 506, 70, 16
18, 283, 70, 8
18, 348, 70, 5
18, 190, 70, 91
18, 228, 71, 12
18, 485, 71, 89
18, 517, 71, 94
18, 200, 71, 64
18, 556, 71, 7
18, 463, 71, 13
18, 273, 71, 93
18, 114, 71, 54
18, 211, 71, 81
18, 564, 71, 46
18, 309, 71, 88
18, 465, 71, 46
18, 412, 71, 58
18, 92, 71, 68
18, 541, 71, 64
18, 350, 71, 57
18, 97, 72, 28
18, 287, 72, 80
18, 461, 72, 56
18, 369, 72, 62
18, 507, 72, 25
18, 543, 72, 17
18, 587, 73, 24
18, 529, 73, 59
18, 503, 73, 91
18, 377, 73, 3
18, 92, 73, 68
18, 128, 74, 61
18, 275, 74, 59
18, 293, 74, 96
18, 438, 74, 49
18, 567, 74, 32
18, 569, 74, 19
18, 190, 74, 91
18, 447, 74, 35
18, 448, 74, 77
18, 580, 74, 45
18, 200, 74, 64
18, 585, 74, 68
18, 330, 74, 9
18, 593, 74, 36
18, 82, 74, 82
18, 212, 74, 69
18, 350, 74, 57
18, 352, 74, 86
18, 234, 74, 67
18, 368, 74, 100
18, 122, 74, 48
18, 509, 74, 66
18, 255, 74, 32
18, 143, 75, 38
18, 16, 75, 51
18, 148, 75, 42
18, 406, 75, 98
18, 544, 75, 36
18, 549, 75, 86
18, 428, 75, 59
18, 440, 75, 83
18, 442, 75, 62
18, 69, 75, 22
18, 454, 75, 99
18, 202, 75, 46
18, 211, 75, 81
18, 339, 75, 85
18, 89, 75, 42
18, 219, 75, 43
18, 224, 75, 83
18, 372, 75, 58
18, 500, 75, 45
18, 505, 75, 54
18, 352, 76, 86
18, 390, 76, 97
18, 42, 76, 67
18, 267, 76, 87
18, 268, 76, 54
18, 301, 76, 44
18, 110, 76, 50
18, 108, 76, 38
18, 14, 76, 50
18, 156, 76, 35
18, 53, 76, 99
18, 87, 76, 2
18, 280, 76, 59
18, 412, 76, 58
18, 218, 76, 42
18, 251, 76, 18
18, 316, 76, 61
18, 94, 76, 65
18, 528, 77, 67
18, 146, 77, 55
18, 275, 77, 59
18, 405, 77, 66
18, 153, 77, 3
18, 155, 77, 64
18, 412, 77, 58
18, 541, 77, 64
18, 288, 77, 22
18, 551, 77, 33
18, 307, 77, 94
18, 439, 77, 42
18, 573, 77, 13
18, 447, 77, 35
18, 194, 77, 22
18, 195, 77, 6
18, 201, 77, 71
18, 204, 77, 60
18, 469, 77, 74
18, 89, 77, 42
18, 368, 77, 100
18, 114, 77, 54
18, 502, 77, 16
18, 253, 77, 7
18, 328, 78, 51
18, 297, 78, 69
18, 41, 78, 94
18, 586, 78, 72
18, 492, 78, 16
18, 591, 78, 25
18, 560, 78, 24
18, 20, 78, 34
18, 439, 78, 42
18, 92, 78, 68
18, 189, 78, 56
18, 320, 79, 15
18, 322, 79, 27
18, 163, 79, 25
18, 390, 79, 97
18, 392, 79, 50
18, 162, 80, 44
18, 223, 80, 75
18, 228, 80, 12
18, 37, 80, 46
18, 550, 80, 51
18, 387, 80, 32
18, 258, 80, 47
18, 10, 80, 82
18, 395, 80, 43
18, 172, 80, 76
18, 305, 80, 9
18, 467, 80, 12
18, 313, 80, 70
18, 186, 80, 70
18, 539, 80, 15
18, 124, 80, 68
18, 413, 80, 19
18, 383, 80, 9
18, 0, 81, 38
18, 514, 81, 36
18, 519, 81, 97
18, 269, 81, 53
18, 270, 81, 34
18, 528, 81, 67
18, 413, 81, 19
18, 552, 81, 11
18, 45, 81, 13
18, 563, 81, 98
18, 568, 81, 50
18, 444, 81, 77
18, 319, 81, 31
18, 580, 81, 45
18, 75, 81, 20
18, 209, 81, 80
18, 467, 81, 12
18, 213, 81, 94
18, 220, 81, 70
18, 495, 81, 57
18, 382, 81, 20
18, 402, 82, 76
18, 408, 82, 19
18, 543, 82, 17
18, 418, 82, 65
18, 290, 82, 17
18, 40, 82, 61
18, 562, 82, 28
18, 317, 82, 42
18, 65, 82, 97
18, 325, 82, 9
18, 205, 82, 67
18, 78, 82, 84
18, 207, 82, 86
18, 222, 82, 42
18, 353, 82, 78
18, 483, 82, 23
18, 364, 82, 97
18, 372, 82, 58
18, 501, 82, 52
18, 375, 82, 48
18, 296, 83, 95
18, 105, 83, 5
18, 468, 83, 44
18, 57, 83, 86
18, 27, 83, 28
18, 575, 83, 71
18, 514, 84, 36
18, 383, 84, 9
18, 271, 84, 54
18, 403, 84, 69
18, 35, 84, 96
18, 164, 84, 40
18, 38, 84, 56
18, 307, 84, 94
18, 56, 84, 91
18, 443, 84, 53
18, 448, 84, 77
18, 194, 84, 22
18, 582, 84, 37
18, 583, 84, 34
18, 586, 84, 72
18, 212, 84, 69
18, 347, 84, 22
18, 226, 84, 83
18, 357, 84, 84
18, 246, 84, 25
18, 378, 84, 84
18, 255, 84, 32
18, 170, 85, 24
18, 108, 85, 38
18, 13, 85, 64
18, 378, 85, 84
18, 113, 85, 64
18, 26, 85, 60
18, 91, 85, 43
18, 65, 86, 97
18, 233, 86, 48
18, 171, 86, 51
18, 477, 86, 94
18, 254, 86, 34
18, 513, 87, 86
18, 299, 87, 32
18, 109, 87, 6
18, 493, 87, 39
18, 570, 87, 100
18, 381, 87, 89
18, 353, 88, 78
18, 387, 88, 32
18, 47, 88, 5
18, 180, 88, 98
18, 381, 88, 89
18, 481, 89, 25
18, 226, 89, 83
18, 578, 89, 74
18, 292, 89, 52
18, 229, 89, 92
18, 363, 89, 24
18, 300, 89, 84
18, 396, 89, 47
18, 303, 89, 51
18, 143, 89, 38
18, 180, 89, 98
18, 182, 89, 30
18, 279, 89, 26
18, 215, 89, 66
18, 188, 89, 66
18, 191, 89, 80
18, 292, 90, 52
18, 391, 90, 78
18, 490, 90, 21
18, 555, 90, 6
18, 594, 90, 80
18, 83, 90, 10
18, 23, 90, 58
18, 163, 91, 25
18, 580, 91, 45
18, 165, 91, 44
18, 515, 91, 57
18, 488, 91, 28
18, 106, 91, 55
18, 148, 91, 42
18, 480, 92, 57
18, 512, 92, 23
18, 472, 92, 77
18, 264, 92, 22
18, 75, 92, 20
18, 366, 92, 7
18, 494, 92, 43
18, 50, 92, 63
18, 307, 92, 94
18, 244, 92, 24
18, 438, 92, 49
18, 598, 92, 40
18, 408, 92, 19
18, 505, 92, 54
18, 57, 92, 86
18, 133, 93, 65
18, 266, 93, 96
18, 13, 93, 64
18, 398, 93, 67
18, 18, 93, 10
18, 533, 93, 40
18, 407, 93, 93
18, 280, 93, 59
18, 416, 93, 69
18, 292, 93, 52
18, 164, 93, 40
18, 436, 93, 3
18, 53, 93, 99
18, 182, 93, 30
18, 575, 93, 71
18, 67, 93, 39
18, 196, 93, 80
18, 589, 93, 38
18, 342, 93, 14
18, 356, 93, 49
18, 362, 93, 38
18, 369, 93, 62
18, 1, 94, 39
18, 387, 94, 32
18, 3, 94, 79
18, 134, 94, 37
18, 15, 94, 84
18, 38, 94, 56
18, 423, 94, 74
18, 552, 94, 11
18, 168, 94, 97
18, 433, 94, 47
18, 450, 94, 97
18, 323, 94, 54
18, 584, 94, 27
18, 456, 94, 30
18, 586, 94, 72
18, 76, 94, 1
18, 470, 94, 78
18, 342, 94, 14
18, 480, 94, 57
18, 109, 94, 6
18, 373, 94, 56
18, 381, 94, 89
18, 194, 95, 22
18, 450, 95, 97
18, 164, 95, 40
18, 421, 95, 76
18, 322, 95, 27
18, 390, 95, 97
18, 296, 95, 95
18, 108, 95, 38
18, 109, 95, 6
18, 300, 95, 84
18, 336, 95, 75
18, 529, 95, 59
18, 82, 95, 82
18, 563, 95, 98
18, 470, 95, 78
18, 537, 95, 61
18, 92, 95, 68
18, 513, 96, 86
18, 8, 96, 5
18, 138, 96, 41
18, 405, 96, 66
18, 25, 96, 64
18, 410, 96, 56
18, 545, 96, 22
18, 546, 96, 54
18, 189, 96, 56
18, 581, 96, 82
18, 206, 96, 17
18, 207, 96, 86
18, 595, 96, 51
18, 83, 96, 10
18, 470, 96, 78
18, 473, 96, 51
18, 90, 96, 87
18, 485, 96, 89
18, 103, 96, 67
18, 109, 96, 6
18, 375, 96, 48
18, 377, 96, 3
18, 509, 96, 66
18, 134, 97, 37
18, 522, 97, 19
18, 588, 97, 8
18, 431, 97, 78
18, 402, 97, 76
18, 179, 97, 28
18, 343, 97, 36
18, 224, 98, 83
18, 416, 98, 69
18, 166, 98, 3
18, 264, 98, 22
18, 490, 98, 21
18, 334, 98, 76
18, 243, 98, 77
18, 570, 98, 100
18, 125, 98, 8
18, 95, 98, 11
18, 289, 99, 38
18, 484, 99, 20
18, 359, 99, 89
18, 73, 99, 67
18, 107, 99, 2
18, 208, 99, 90
18, 529, 99, 59
18, 242, 99, 73
18, 497, 99, 19
18, 403, 99, 69
18, 85, 99, 66
18, 439, 99, 42
18, 346, 99, 52
18, 318, 99, 97
18, 226, 100, 83
18, 134, 100, 37
18, 232, 100, 27
18, 425, 100, 11
18, 267, 100, 87
18, 155, 100, 64
18, 46, 100, 91
18, 241, 100, 15
18, 563, 100, 98
18, 212, 100, 69
18, 405, 100, 66
18, 406, 100, 98
18, 597, 100, 77
18, 184, 100, 40
18, 379, 100, 80
18, 186, 100, 70
18, 91, 100, 43
18, 475, 100, 74
18, 281, 101, 21
18, 539, 101, 15
18, 165, 101, 44
18, 171, 101, 51
18, 300, 101, 84
18, 303, 101, 51
18, 561, 101, 11
18, 183, 101, 35
18, 184, 101, 40
18, 312, 101, 32
18, 58, 101, 67
18, 445, 101, 20
18, 203, 101, 92
18, 590, 101, 97
18, 335, 101, 77
18, 343, 101, 36
18, 92, 101, 68
18, 99, 101, 12
18, 122, 101, 48
18, 106, 101, 55
18, 250, 101, 69
18, 252, 101, 79
18, 510, 101, 75
18, 450, 102, 97
18, 229, 102, 92
18, 390, 102, 97
18, 199, 102, 36
18, 232, 102, 27
18, 330, 102, 9
18, 525, 102, 14
18, 495, 102, 57
18, 239, 102, 100
18, 337, 102, 11
18, 154, 102, 34
18, 59, 102, 62
18, 252, 102, 79
18, 286, 102, 32
18, 226, 103, 83
18, 294, 103, 30
18, 504, 103, 85
18, 201, 103, 71
18, 329, 103, 20
18, 75, 103, 20
18, 271, 103, 54
18, 179, 103, 28
18, 405, 103, 66
18, 408, 103, 19
18, 386, 104, 86
18, 8, 104, 5
18, 14, 104, 50
18, 144, 104, 89
18, 19, 104, 55
18, 548, 104, 45
18, 168, 104, 97
18, 553, 104, 62
18, 172, 104, 76
18, 562, 104, 28
18, 56, 104, 91
18, 58, 104, 67
18, 192, 104, 20
18, 199, 104, 36
18, 331, 104, 70
18, 332, 104, 33
18, 459, 104, 20
18, 596, 104, 87
18, 87, 104, 2
18, 373, 104, 56
18, 119, 104, 19
18, 3, 105, 79
18, 292, 105, 52
18, 325, 105, 9
18, 548, 105, 45
18, 393, 105, 27
18, 17, 105, 52
18, 599, 105, 95
18, 379, 105, 80
18, 124, 105, 68
18, 445, 105, 20
18, 255, 105, 32
18, 393, 106, 27
18, 523, 106, 73
18, 400, 106, 64
18, 403, 106, 69
18, 532, 106, 84
18, 154, 106, 34
18, 287, 106, 80
18, 417, 106, 59
18, 553, 106, 62
18, 333, 106, 7
18, 210, 106, 92
18, 211, 106, 81
18, 213, 106, 94
18, 86, 106, 4
18, 88, 106, 79
18, 346, 106, 52
18, 93, 106, 80
18, 483, 106, 23
18, 104, 106, 73
18, 361, 106, 30
18, 234, 106, 67
18, 112, 106, 13
18, 375, 106, 48
18, 378, 106, 84
18, 6, 107, 1
18, 523, 107, 73
18, 143, 107, 38
18, 273, 107, 93
18, 274, 107, 26
18, 534, 107, 95
18, 535, 107, 59
18, 153, 107, 3
18, 159, 107, 47
18, 39, 107, 49
18, 555, 107, 6
18, 556, 107, 7
18, 445, 107, 20
18, 577, 107, 40
18, 67, 107, 39
18, 84, 107, 59
18, 85, 107, 66
18, 217, 107, 31
18, 89, 107, 42
18, 362, 107, 38
18, 239, 107, 100
18, 271, 108, 54
18, 399, 108, 16
18, 147, 108, 55
18, 407, 108, 93
18, 23, 108, 58
18, 282, 108, 38
18, 423, 108, 74
18, 43, 108, 65
18, 556, 108, 7
18, 52, 108, 86
18, 184, 108, 40
18, 59, 108, 62
18, 67, 108, 39
18, 205, 108, 67
18, 462, 108, 60
18, 346, 108, 52
18, 476, 108, 30
18, 356, 108, 49
18, 110, 108, 50
18, 274, 109, 26
18, 531, 109, 39
18, 149, 109, 17
18, 154, 109, 34
18, 285, 109, 65
18, 286, 109, 32
18, 287, 109, 80
18, 288, 109, 22
18, 417, 109, 59
18, 42, 109, 67
18, 47, 109, 5
18, 568, 109, 50
18, 56, 109, 91
18, 442, 109, 62
18, 190, 109, 91
18, 192, 109, 20
18, 207, 109, 86
18, 209, 109, 80
18, 339, 109, 85
18, 84, 109, 59
18, 242, 109, 73
18, 512, 110, 23
18, 288, 110, 22
18, 130, 110, 47
18, 259, 110, 11
18, 70, 110, 10
18, 51, 110, 44
18, 180, 110, 98
18, 405, 110, 66
18, 470, 110, 78
18, 311, 110, 22
18, 597, 110, 77
18, 89, 110, 42
18, 60, 110, 38
18, 158, 110, 36
18, 290, 111, 17
18, 166, 111, 3
18, 40, 111, 61
18, 332, 111, 33
18, 333, 111, 7
18, 79, 111, 36
18, 564, 111, 46
18, 216, 111, 5
18, 121, 111, 82
18, 570, 111, 100
18, 351, 111, 44
18, 3, 112, 79
18, 390, 112, 97
18, 6, 112, 1
18, 198, 112, 3
18, 458, 112, 60
18, 473, 112, 51
18, 315, 112, 70
18, 444, 112, 77
18, 33, 113, 56
18, 131, 113, 91
18, 324, 113, 17
18, 556, 113, 7
18, 237, 113, 16
18, 108, 113, 38
18, 527, 113, 34
18, 368, 113, 100
18, 398, 113, 67
18, 310, 113, 12
18, 346, 113, 52
18, 320, 114, 15
18, 227, 114, 73
18, 549, 114, 86
18, 550, 114, 51
18, 567, 114, 32
18, 521, 114, 51
18, 298, 114, 66
18, 308, 114, 51
18, 215, 114, 66
18, 573, 114, 13
18, 275, 115, 59
18, 407, 115, 93
18, 543, 115, 17
18, 168, 115, 97
18, 436, 115, 3
18, 565, 115, 17
18, 309, 115, 88
18, 311, 115, 22
18, 578, 115, 74
18, 198, 115, 3
18, 71, 115, 33
18, 584, 115, 27
18, 457, 115, 2
18, 333, 115, 7
18, 77, 115, 94
18, 208, 115, 90
18, 470, 115, 78
18, 87, 115, 2
18, 90, 115, 87
18, 227, 115, 73
18, 108, 115, 38
18, 494, 115, 43
18, 116, 115, 71
18, 244, 115, 24
18, 381, 115, 89
18, 0, 116, 38
18, 513, 116, 86
18, 384, 116, 63
18, 38, 116, 56
18, 247, 116, 43
18, 203, 116, 92
18, 428, 116, 59
18, 243, 116, 77
18, 215, 116, 66
18, 376, 116, 44
18, 538, 116, 80
18, 315, 116, 70
18, 221, 116, 49
18, 158, 116, 36
18, 167, 117, 84
18, 524, 117, 29
18, 111, 117, 33
18, 595, 117, 51
18, 500, 117, 45
18, 257, 118, 90
18, 34, 118, 96
18, 133, 118, 65
18, 358, 118, 78
18, 327, 118, 89
18, 5, 118, 83
18, 210, 118, 92
18, 403, 118, 69
18, 184, 118, 40
18, 474, 118, 26
18, 476, 118, 30
18, 478, 118, 97
18, 258, 119, 47
18, 130, 119, 47
18, 388, 119, 17
18, 12, 119, 60
18, 16, 119, 51
18, 274, 119, 26
18, 534, 119, 95
18, 539, 119, 15
18, 544, 119, 36
18, 290, 119, 17
18, 548, 119, 45
18, 295, 119, 68
18, 296, 119, 95
18, 557, 119, 97
18, 51, 119, 44
18, 309, 119, 88
18, 439, 119, 42
18, 314, 119, 93
18, 319, 119, 31
18, 340, 119, 87
18, 89, 119, 42
18, 226, 119, 83
18, 492, 119, 16
18, 502, 119, 16
18, 380, 119, 43
18, 288, 120, 22
18, 481, 120, 25
18, 7, 120, 24
18, 584, 120, 27
18, 77, 120, 94
18, 336, 120, 75
18, 466, 120, 5
18, 53, 120, 99
18, 407, 120, 93
18, 121, 120, 82
18, 420, 121, 24
18, 228, 121, 12
18, 76, 121, 1
18, 431, 121, 78
18, 52, 121, 86
18, 183, 121, 35
18, 348, 121, 5
18, 136, 122, 73
18, 9, 122, 71
18, 529, 122, 59
18, 405, 122, 66
18, 407, 122, 93
18, 536, 122, 70
18, 27, 122, 28
18, 415, 122, 18
18, 288, 122, 22
18, 41, 122, 94
18, 49, 122, 58
18, 567, 122, 32
18, 568, 122, 50
18, 66, 122, 8
18, 199, 122, 36
18, 585, 122, 68
18, 202, 122, 46
18, 217, 122, 31
18, 91, 122, 43
18, 222, 122, 42
18, 111, 122, 33
18, 380, 122, 43
18, 125, 122, 8
18, 257, 123, 90
18, 263, 123, 22
18, 521, 123, 51
18, 398, 123, 67
18, 155, 123, 64
18, 294, 123, 30
18, 43, 123, 65
18, 184, 123, 40
18, 316, 123, 61
18, 584, 123, 27
18, 585, 123, 68
18, 335, 123, 77
18, 81, 123, 46
18, 339, 123, 85
18, 84, 123, 59
18, 469, 123, 74
18, 236, 123, 6
18, 370, 123, 72
18, 117, 123, 8
18, 379, 123, 80
18, 480, 124, 57
18, 130, 124, 47
18, 584, 124, 27
18, 300, 124, 84
18, 81, 124, 46
18, 403, 124, 69
18, 413, 124, 19
18, 68, 125, 73
18, 294, 125, 30
18, 491, 125, 29
18, 429, 125, 53
18, 494, 125, 43
18, 529, 125, 59
18, 180, 125, 98
18, 534, 125, 95
18, 248, 125, 89
18, 345, 125, 59
18, 122, 125, 48
18, 411, 125, 34
18, 546, 126, 54
18, 36, 126, 91
18, 521, 126, 51
18, 42, 126, 67
18, 462, 126, 60
18, 54, 126, 59
18, 278, 126, 28
18, 321, 127, 54
18, 551, 127, 33
18, 40, 127, 61
18, 200, 127, 64
18, 245, 127, 94
18, 152, 127, 76
18, 128, 128, 61
18, 34, 128, 96
18, 291, 128, 93
18, 259, 128, 11
18, 420, 128, 24
18, 487, 128, 56
18, 232, 128, 27
18, 71, 128, 33
18, 554, 128, 2
18, 235, 128, 99
18, 457, 128, 2
18, 239, 128, 100
18, 27, 128, 28
18, 159, 128, 47
18, 354, 129, 31
18, 484, 129, 20
18, 587, 129, 24
18, 524, 129, 29
18, 493, 129, 39
18, 145, 129, 3
18, 466, 129, 5
18, 468, 129, 44
18, 565, 129, 17
18, 376, 129, 44
18, 125, 129, 8
18, 387, 130, 32
18, 389, 130, 58
18, 401, 130, 84
18, 540, 130, 67
18, 157, 130, 45
18, 163, 130, 25
18, 292, 130, 52
18, 293, 130, 96
18, 166, 130, 3
18, 44, 130, 41
18, 438, 130, 49
18, 56, 130, 91
18, 455, 130, 13
18, 458, 130, 60
18, 336, 130, 75
18, 596, 130, 87
18, 89, 130, 42
18, 97, 130, 28
18, 484, 130, 20
18, 102, 130, 5
18, 235, 130, 99
18, 493, 130, 39
18, 97, 131, 28
18, 6, 131, 1
18, 518, 131, 51
18, 425, 131, 11
18, 585, 131, 68
18, 395, 131, 43
18, 44, 131, 41
18, 77, 131, 94
18, 590, 131, 97
18, 531, 131, 39
18, 340, 131, 87
18, 212, 131, 69
18, 85, 131, 66
18, 86, 131, 4
18, 316, 131, 61
18, 448, 132, 77
18, 582, 132, 37
18, 263, 132, 22
18, 361, 132, 30
18, 395, 132, 43
18, 588, 132, 8
18, 12, 132, 60
18, 48, 132, 39
18, 113, 132, 64
18, 403, 132, 69
18, 467, 132, 12
18, 23, 132, 58
18, 187, 132, 76
18, 349, 132, 54
18, 125, 132, 8
18, 159, 132, 47
18, 2, 133, 2
18, 140, 133, 81
18, 400, 133, 64
18, 278, 133, 28
18, 408, 133, 19
18, 27, 133, 28
18, 166, 133, 3
18, 167, 133, 84
18, 43, 133, 65
18, 48, 133, 39
18, 51, 133, 44
18, 441, 133, 56
18, 70, 133, 10
18, 74, 133, 47
18, 459, 133, 20
18, 333, 133, 7
18, 206, 133, 17
18, 340, 133, 87
18, 86, 133, 4
18, 352, 133, 86
18, 367, 133, 92
18, 117, 133, 8
18, 123, 133, 3
18, 384, 134, 63
18, 386, 134, 86
18, 264, 134, 22
18, 520, 134, 75
18, 403, 134, 69
18, 532, 134, 84
18, 421, 134, 76
18, 296, 134, 95
18, 325, 134, 9
18, 592, 134, 90
18, 471, 134, 99
18, 347, 134, 22
18, 121, 134, 82
18, 359, 134, 89
18, 360, 134, 70
18, 490, 134, 21
18, 238, 134, 70
18, 367, 134, 92
18, 240, 134, 58
18, 113, 134, 64
18, 245, 134, 94
18, 377, 134, 3
18, 253, 134, 7
18, 256, 135, 82
18, 12, 135, 60
18, 269, 135, 53
18, 271, 135, 54
18, 407, 135, 93
18, 279, 135, 26
18, 25, 135, 64
18, 286, 135, 32
18, 546, 135, 54
18, 46, 135, 91
18, 431, 135, 78
18, 568, 135, 50
18, 72, 135, 45
18, 83, 135, 10
18, 348, 135, 5
18, 357, 135, 84
18, 361, 135, 30
18, 365, 135, 12
18, 495, 135, 57
18, 505, 135, 54
18, 378, 135, 84
18, 507, 135, 25
18, 254, 135, 34
18, 448, 136, 77
18, 453, 136, 97
18, 39, 136, 49
18, 177, 136, 32
18, 373, 136, 56
18, 152, 136, 76
18, 25, 136, 64
18, 162, 137, 44
18, 299, 137, 32
18, 236, 137, 6
18, 175, 137, 30
18, 274, 137, 26
18, 568, 137, 50
18, 132, 138, 56
18, 6, 138, 1
18, 395, 138, 43
18, 142, 138, 56
18, 27, 138, 28
18, 546, 138, 54
18, 549, 138, 86
18, 422, 138, 54
18, 551, 138, 33
18, 166, 138, 3
18, 555, 138, 6
18, 566, 138, 68
18, 312, 138, 32
18, 453, 138, 97
18, 583, 138, 34
18, 338, 138, 78
18, 214, 138, 46
18, 474, 138, 26
18, 349, 138, 54
18, 224, 138, 83
18, 480, 138, 57
18, 110, 138, 50
18, 8, 139, 5
18, 524, 139, 29
18, 13, 139, 64
18, 534, 139, 95
18, 540, 139, 67
18, 160, 139, 49
18, 293, 139, 96
18, 43, 139, 65
18, 44, 139, 41
18, 173, 139, 65
18, 47, 139, 5
18, 310, 139, 12
18, 314, 139, 93
18, 574, 139, 79
18, 583, 139, 34
18, 225, 139, 58
18, 368, 139, 100
18, 373, 139, 56
18, 251, 139, 18
18, 511, 139, 90
18, 144, 140, 89
18, 47, 140, 5
18, 440, 140, 83
18, 185, 140, 39
18, 313, 140, 70
18, 317, 140, 42
18, 322, 140, 27
18, 579, 140, 61
18, 73, 140, 67
18, 75, 140, 20
18, 90, 140, 87
18, 353, 140, 78
18, 485, 140, 89
18, 359, 140, 89
18, 490, 140, 21
18, 239, 140, 100
18, 368, 140, 100
18, 114, 140, 54
18, 116, 140, 71
18, 377, 140, 3
18, 254, 140, 34
18, 3, 141, 79
18, 17, 141, 52
18, 404, 141, 47
18, 286, 141, 32
18, 424, 141, 88
18, 554, 141, 2
18, 45, 141, 13
18, 564, 141, 46
18, 311, 141, 22
18, 185, 141, 39
18, 62, 141, 12
18, 321, 141, 54
18, 579, 141, 61
18, 197, 141, 87
18, 455, 141, 13
18, 584, 141, 27
18, 459, 141, 20
18, 342, 141, 14
18, 355, 141, 88
18, 324, 142, 17
18, 266, 142, 96
18, 463, 142, 13
18, 150, 142, 44
18, 570, 142, 100
18, 347, 142, 22
18, 353, 143, 78
18, 580, 143, 45
18, 122, 143, 48
18, 200, 143, 64
18, 282, 143, 38
18, 589, 143, 38
18, 244, 143, 24
18, 405, 143, 66
18, 570, 143, 100
18, 598, 143, 40
18, 56, 143, 91
18, 474, 143, 26
18, 184, 143, 40
18, 130, 144, 47
18, 292, 144, 52
18, 452, 144, 18
18, 135, 144, 55
18, 136, 144, 73
18, 554, 144, 2
18, 300, 144, 84
18, 141, 144, 6
18, 366, 144, 7
18, 400, 144, 64
18, 181, 144, 91
18, 565, 144, 17
18, 344, 144, 77
18, 345, 144, 59
18, 27, 144, 28
18, 349, 144, 54
18, 158, 144, 36
18, 31, 144, 28
18, 0, 145, 38
18, 515, 145, 57
18, 11, 145, 53
18, 16, 145, 51
18, 147, 145, 55
18, 277, 145, 89
18, 283, 145, 8
18, 414, 145, 78
18, 39, 145, 49
18, 429, 145, 53
18, 306, 145, 23
18, 444, 145, 77
18, 572, 145, 55
18, 456, 145, 30
18, 458, 145, 60
18, 598, 145, 40
18, 87, 145, 2
18, 219, 145, 43
18, 363, 145, 24
18, 236, 145, 6
18, 239, 145, 100
18, 251, 145, 18
18, 177, 146, 32
18, 50, 146, 63
18, 20, 146, 34
18, 54, 146, 59
18, 281, 146, 21
18, 92, 146, 68
18, 130, 147, 47
18, 176, 147, 23
18, 182, 147, 30
18, 119, 147, 19
18, 280, 147, 59
18, 481, 148, 25
18, 194, 148, 22
18, 258, 148, 47
18, 547, 148, 78
18, 201, 148, 71
18, 172, 148, 76
18, 429, 148, 53
18, 333, 148, 7
18, 433, 148, 47
18, 561, 148, 11
18, 467, 148, 12
18, 307, 148, 94
18, 53, 148, 99
18, 243, 148, 77
18, 216, 148, 5
18, 187, 148, 76
18, 389, 149, 58
18, 20, 149, 34
18, 277, 149, 89
18, 416, 149, 69
18, 32, 149, 5
18, 425, 149, 11
18, 426, 149, 31
18, 175, 149, 30
18, 50, 149, 63
18, 562, 149, 28
18, 563, 149, 98
18, 53, 149, 99
18, 311, 149, 22
18, 184, 149, 40
18, 214, 149, 46
18, 491, 149, 29
18, 107, 149, 2
18, 237, 149, 16
18, 380, 149, 43
18, 192, 150, 20
18, 418, 150, 65
18, 292, 150, 52
18, 296, 150, 95
18, 233, 150, 48
18, 234, 150, 67
18, 524, 150, 29
18, 269, 150, 53
18, 111, 150, 33
18, 209, 150, 80
18, 465, 150, 46
18, 401, 150, 84
18, 308, 150, 51
18, 406, 150, 98
18, 312, 150, 32
18, 90, 150, 87
18, 539, 150, 15
18, 348, 150, 5
18, 512, 151, 23
18, 385, 151, 15
18, 96, 151, 88
18, 421, 151, 76
18, 230, 151, 1
18, 455, 151, 13
18, 73, 151, 67
18, 568, 151, 50
18, 491, 151, 29
18, 593, 151, 36
18, 435, 151, 19
18, 117, 151, 8
18, 374, 151, 2
18, 534, 151, 95
18, 88, 151, 79
18, 287, 151, 80
18, 97, 152, 28
18, 456, 152, 30
18, 588, 152, 8
18, 48, 152, 39
18, 145, 152, 3
18, 242, 152, 73
18, 346, 152, 52
18, 414, 152, 78
18, 160, 153, 49
18, 65, 153, 97
18, 484, 153, 20
18, 409, 153, 88
18, 270, 153, 34
18, 16, 153, 51
18, 80, 153, 49
18, 565, 153, 17
18, 407, 153, 93
18, 441, 153, 56
18, 346, 153, 52
18, 155, 153, 64
18, 257, 154, 90
18, 4, 154, 33
18, 397, 154, 76
18, 402, 154, 76
18, 403, 154, 69
18, 409, 154, 88
18, 32, 154, 5
18, 417, 154, 59
18, 298, 154, 66
18, 430, 154, 54
18, 51, 154, 44
18, 53, 154, 99
18, 198, 154, 3
18, 588, 154, 8
18, 464, 154, 30
18, 221, 154, 49
18, 222, 154, 42
18, 224, 154, 83
18, 251, 154, 18
18, 253, 154, 7
18, 126, 154, 87
18, 127, 154, 49
18, 486, 155, 13
18, 426, 155, 31
18, 336, 155, 75
18, 278, 155, 28
18, 407, 155, 93
18, 221, 155, 49
18, 96, 156, 88
18, 162, 156, 44
18, 68, 156, 73
18, 422, 156, 54
18, 70, 156, 10
18, 520, 156, 75
18, 472, 156, 77
18, 171, 156, 51
18, 460, 156, 13
18, 334, 156, 76
18, 52, 156, 86
18, 117, 156, 8
18, 22, 156, 19
18, 87, 156, 2
18, 344, 156, 77
18, 380, 156, 43
18, 29, 156, 46
18, 415, 156, 18
18, 288, 157, 22
18, 161, 157, 86
18, 264, 157, 22
18, 236, 157, 6
18, 429, 157, 53
18, 176, 157, 23
18, 440, 157, 83
18, 507, 157, 25
18, 320, 158, 15
18, 80, 158, 49
18, 504, 158, 85
18, 569, 158, 19
18, 57, 158, 86
18, 257, 159, 90
18, 514, 159, 36
18, 395, 159, 43
18, 24, 159, 15
18, 536, 159, 70
18, 281, 159, 21
18, 283, 159, 8
18, 419, 159, 12
18, 36, 159, 91
18, 550, 159, 51
18, 331, 159, 70
18, 466, 159, 5
18, 85, 159, 66
18, 473, 159, 51
18, 347, 159, 22
18, 219, 159, 43
18, 477, 159, 94
18, 487, 159, 56
18, 492, 159, 16
18, 117, 159, 8
18, 382, 159, 20
18, 257, 160, 90
18, 2, 160, 2
18, 4, 160, 33
18, 147, 160, 55
18, 407, 160, 93
18, 412, 160, 58
18, 422, 160, 54
18, 557, 160, 97
18, 50, 160, 63
18, 580, 160, 45
18, 583, 160, 34
18, 467, 160, 12
18, 84, 160, 59
18, 598, 160, 40
18, 348, 160, 5
18, 99, 160, 12
18, 484, 160, 20
18, 485, 160, 89
18, 240, 160, 58
18, 371, 160, 84
18, 132, 161, 56
18, 7, 161, 24
18, 267, 161, 87
18, 140, 161, 81
18, 405, 161, 66
18, 535, 161, 59
18, 151, 161, 93
18, 36, 161, 91
18, 428, 161, 59
18, 179, 161, 28
18, 52, 161, 86
18, 193, 161, 76
18, 456, 161, 30
18, 204, 161, 60
18, 599, 161, 95
18, 217, 161, 31
18, 95, 161, 11
18, 107, 161, 2
18, 493, 161, 39
18, 494, 161, 43
18, 112, 161, 13
18, 368, 161, 100
18, 197, 162, 87
18, 583, 162, 34
18, 329, 162, 20
18, 138, 162, 41
18, 108, 162, 38
18, 333, 162, 7
18, 187, 162, 76
18, 464, 162, 30
18, 180, 162, 98
18, 20, 162, 34
18, 215, 162, 66
18, 91, 162, 43
18, 316, 162, 61
18, 418, 163, 65
18, 3, 163, 79
18, 523, 163, 73
18, 44, 163, 41
18, 171, 163, 51
18, 575, 163, 71
18, 527, 163, 34
18, 272, 163, 77
18, 529, 163, 59
18, 114, 163, 54
18, 23, 163, 58
18, 472, 163, 77
18, 255, 163, 32
18, 73, 164, 67
18, 395, 164, 43
18, 300, 164, 84
18, 142, 164, 56
18, 175, 164, 30
18, 272, 164, 77
18, 559, 164, 53
18, 22, 164, 19
18, 537, 164, 61
18, 285, 164, 65
18, 387, 165, 32
18, 261, 165, 76
18, 362, 165, 38
18, 79, 165, 36
18, 592, 165, 90
18, 410, 165, 56
18, 85, 165, 66
18, 437, 165, 73
18, 185, 165, 39
18, 282, 165, 38
18, 321, 166, 54
18, 541, 166, 64
18, 104, 166, 73
18, 394, 166, 63
18, 557, 166, 97
18, 173, 166, 65
18, 461, 166, 56
18, 403, 166, 69
18, 53, 166, 99
18, 507, 166, 25
18, 413, 166, 19
18, 415, 166, 18
18, 131, 167, 91
18, 515, 167, 57
18, 5, 167, 83
18, 68, 167, 73
18, 551, 167, 33
18, 327, 167, 89
18, 423, 167, 74
18, 298, 167, 66
18, 524, 167, 29
18, 302, 167, 88
18, 145, 167, 3
18, 565, 167, 17
18, 150, 167, 44
18, 343, 167, 36
18, 540, 167, 67
18, 190, 167, 91
18, 319, 167, 31
18, 395, 168, 43
18, 140, 168, 81
18, 278, 168, 28
18, 537, 168, 61
18, 28, 168, 44
18, 414, 168, 78
18, 547, 168, 78
18, 291, 168, 93
18, 167, 168, 84
18, 430, 168, 54
18, 46, 168, 91
18, 562, 168, 28
18, 570, 168, 100
18, 572, 168, 55
18, 317, 168, 42
18, 86, 168, 4
18, 216, 168, 5
18, 350, 168, 57
18, 376, 168, 44
18, 101, 168, 44
18, 229, 168, 92
18, 233, 168, 48
18, 504, 168, 85
18, 350, 169, 57
18, 482, 169, 4
18, 325, 169, 9
18, 236, 169, 6
18, 557, 169, 97
18, 110, 169, 50
18, 591, 169, 25
18, 592, 169, 90
18, 433, 169, 47
18, 559, 169, 53
18, 435, 169, 19
18, 438, 169, 49
18, 90, 169, 87
18, 94, 169, 65
18, 160, 170, 49
18, 266, 170, 96
18, 171, 170, 51
18, 428, 170, 59
18, 365, 170, 12
18, 270, 170, 34
18, 441, 170, 56
18, 497, 170, 19
18, 146, 170, 55
18, 307, 170, 94
18, 245, 170, 94
18, 246, 170, 25
18, 118, 170, 28
18, 412, 170, 58
18, 190, 170, 91
18, 381, 170, 89
18, 510, 170, 75
18, 32, 171, 5
18, 129, 171, 18
18, 199, 171, 36
18, 558, 171, 8
18, 440, 171, 83
18, 573, 171, 13
18, 511, 171, 90
18, 130, 172, 47
18, 132, 172, 56
18, 522, 172, 19
18, 138, 172, 41
18, 151, 172, 93
18, 538, 172, 80
18, 34, 172, 96
18, 296, 172, 95
18, 301, 172, 44
18, 302, 172, 88
18, 564, 172, 46
18, 53, 172, 99
18, 182, 172, 30
18, 61, 172, 54
18, 189, 172, 56
18, 330, 172, 9
18, 592, 172, 90
18, 475, 172, 74
18, 219, 172, 43
18, 364, 172, 97
18, 264, 173, 22
18, 271, 173, 54
18, 399, 173, 16
18, 154, 173, 34
18, 159, 173, 47
18, 39, 173, 49
18, 427, 173, 73
18, 556, 173, 7
18, 558, 173, 8
18, 50, 173, 63
18, 326, 173, 55
18, 202, 173, 46
18, 592, 173, 90
18, 596, 173, 87
18, 225, 173, 58
18, 482, 173, 4
18, 98, 173, 9
18, 102, 173, 5
18, 235, 173, 99
18, 491, 173, 29
18, 492, 173, 16
18, 236, 173, 6
18, 124, 173, 68
18, 255, 173, 32
18, 416, 174, 69
18, 97, 174, 28
18, 98, 174, 9
18, 228, 174, 12
18, 325, 174, 9
18, 554, 174, 2
18, 332, 174, 33
18, 369, 174, 62
18, 254, 174, 34
18, 131, 175, 91
18, 527, 175, 34
18, 18, 175, 10
18, 22, 175, 19
18, 412, 175, 58
18, 160, 175, 49
18, 291, 175, 93
18, 548, 175, 45
18, 552, 175, 11
18, 40, 175, 61
18, 46, 175, 91
18, 185, 175, 39
18, 187, 175, 76
18, 447, 175, 35
18, 449, 175, 70
18, 201, 175, 71
18, 331, 175, 70
18, 203, 175, 92
18, 474, 175, 26
18, 478, 175, 97
18, 225, 175, 58
18, 353, 175, 78
18, 503, 175, 91
18, 126, 175, 87
18, 510, 175, 75
18, 541, 176, 64
18, 70, 176, 10
18, 391, 176, 78
18, 491, 176, 29
18, 427, 176, 73
18, 461, 176, 56
18, 397, 176, 76
18, 112, 176, 13
18, 562, 176, 28
18, 275, 176, 59
18, 53, 176, 99
18, 185, 176, 39
18, 380, 176, 43
18, 477, 176, 94
18, 445, 176, 20
18, 130, 177, 47
18, 292, 177, 52
18, 456, 177, 30
18, 137, 177, 4
18, 266, 177, 96
18, 233, 177, 48
18, 536, 177, 70
18, 334, 177, 76
18, 143, 177, 38
18, 526, 177, 67
18, 368, 177, 100
18, 280, 177, 59
18, 473, 177, 51
18, 410, 177, 56
18, 347, 177, 22
18, 541, 177, 64
18, 351, 177, 44
18, 65, 178, 97
18, 168, 178, 97
18, 40, 178, 61
18, 137, 178, 4
18, 73, 178, 67
18, 331, 178, 70
18, 205, 178, 67
18, 590, 178, 97
18, 520, 178, 75
18, 265, 178, 64
18, 369, 178, 62
18, 499, 178, 23
18, 468, 178, 44
18, 437, 178, 73
18, 567, 178, 32
18, 506, 178, 16
18, 444, 178, 77
18, 519, 179, 97
18, 144, 179, 89
18, 17, 179, 52
18, 21, 179, 72
18, 23, 179, 58
18, 282, 179, 38
18, 154, 179, 34
18, 156, 179, 35
18, 292, 179, 52
18, 177, 179, 32
18, 183, 179, 35
18, 442, 179, 62
18, 319, 179, 31
18, 585, 179, 68
18, 333, 179, 7
18, 78, 179, 84
18, 337, 179, 11
18, 490, 179, 21
18, 366, 179, 7
18, 115, 179, 8
18, 245, 179, 94
18, 118, 179, 28
18, 253, 179, 7
18, 256, 180, 82
18, 517, 180, 94
18, 9, 180, 71
18, 137, 180, 4
18, 270, 180, 34
18, 527, 180, 34
18, 272, 180, 77
18, 21, 180, 72
18, 151, 180, 93
18, 156, 180, 35
18, 301, 180, 44
18, 432, 180, 92
18, 442, 180, 62
18, 62, 180, 12
18, 68, 180, 73
18, 582, 180, 37
18, 329, 180, 20
18, 598, 180, 40
18, 99, 180, 12
18, 103, 180, 67
18, 490, 180, 21
18, 497, 180, 19
18, 251, 180, 18
18, 127, 180, 49
18, 416, 181, 69
18, 217, 181, 31
18, 296, 181, 95
18, 521, 181, 51
18, 10, 181, 82
18, 299, 181, 32
18, 203, 181, 92
18, 396, 181, 47
18, 107, 181, 2
18, 339, 181, 85
18, 468, 181, 44
18, 55, 181, 81
18, 377, 181, 3
18, 221, 181, 49
18, 158, 181, 36
18, 258, 182, 47
18, 260, 182, 47
18, 263, 182, 22
18, 136, 182, 73
18, 520, 182, 75
18, 535, 182, 59
18, 155, 182, 64
18, 28, 182, 44
18, 547, 182, 78
18, 420, 182, 24
18, 48, 182, 39
18, 433, 182, 47
18, 309, 182, 88
18, 320, 182, 15
18, 65, 182, 97
18, 67, 182, 39
18, 207, 182, 86
18, 87, 182, 2
18, 355, 182, 88
18, 234, 182, 67
18, 371, 182, 84
18, 224, 183, 83
18, 515, 183, 57
18, 325, 183, 9
18, 230, 183, 1
18, 333, 183, 7
18, 464, 183, 30
18, 117, 183, 8
18, 190, 183, 91
18, 384, 184, 63
18, 5, 184, 83
18, 134, 184, 37
18, 12, 184, 60
18, 146, 184, 55
18, 402, 184, 76
18, 26, 184, 60
18, 539, 184, 15
18, 159, 184, 47
18, 298, 184, 66
18, 560, 184, 24
18, 189, 184, 56
18, 447, 184, 35
18, 327, 184, 89
18, 586, 184, 72
18, 462, 184, 60
18, 86, 184, 4
18, 98, 184, 9
18, 226, 184, 83
18, 491, 184, 29
18, 499, 184, 23
18, 504, 184, 85
18, 123, 184, 3
18, 254, 184, 34
18, 161, 185, 86
18, 196, 185, 80
18, 421, 185, 76
18, 551, 185, 33
18, 232, 185, 27
18, 523, 185, 73
18, 107, 185, 2
18, 238, 185, 70
18, 303, 185, 51
18, 79, 185, 36
18, 368, 185, 100
18, 150, 185, 44
18, 599, 185, 95
18, 572, 185, 55
18, 93, 185, 80
18, 62, 185, 12
18, 63, 185, 82
18, 418, 186, 65
18, 584, 186, 27
18, 168, 186, 97
18, 27, 186, 28
18, 520, 186, 75
18, 12, 186, 60
18, 206, 186, 17
18, 561, 186, 11
18, 210, 186, 92
18, 534, 186, 95
18, 153, 186, 3
18, 570, 186, 100
18, 155, 186, 64
18, 29, 186, 46
18, 286, 186, 32
18, 0, 187, 38
18, 256, 187, 82
18, 266, 187, 96
18, 522, 187, 19
18, 398, 187, 67
18, 24, 187, 15
18, 26, 187, 60
18, 173, 187, 65
18, 450, 187, 97
18, 579, 187, 61
18, 451, 187, 5
18, 325, 187, 9
18, 453, 187, 97
18, 83, 187, 10
18, 347, 187, 22
18, 233, 187, 48
18, 492, 187, 16
18, 497, 187, 19
18, 501, 187, 52
18, 480, 188, 57
18, 515, 188, 57
18, 355, 188, 88
18, 553, 188, 62
18, 143, 188, 38
18, 338, 188, 78
18, 220, 188, 70
18, 546, 189, 54
18, 263, 189, 22
18, 264, 189, 22
18, 489, 189, 37
18, 266, 189, 96
18, 490, 189, 21
18, 521, 189, 51
18, 332, 189, 33
18, 202, 189, 46
18, 16, 189, 51
18, 485, 190, 89
18, 585, 190, 68
18, 458, 190, 60
18, 587, 190, 24
18, 175, 190, 30
18, 176, 190, 23
18, 20, 190, 34
18, 25, 190, 64
18, 154, 190, 34
18, 91, 190, 43
18, 221, 190, 49
18, 126, 190, 87
18, 511, 190, 90
18, 4, 191, 33
18, 8, 191, 5
18, 265, 191, 64
18, 394, 191, 63
18, 267, 191, 87
18, 277, 191, 89
18, 280, 191, 59
18, 412, 191, 58
18, 162, 191, 44
18, 562, 191, 28
18, 459, 191, 20
18, 593, 191, 36
18, 215, 191, 66
18, 224, 191, 83
18, 353, 191, 78
18, 99, 191, 12
18, 235, 191, 99
18, 366, 191, 7
18, 238, 191, 70
18, 241, 191, 15
18, 509, 191, 66
18, 384, 192, 63
18, 161, 192, 86
18, 291, 192, 93
18, 549, 192, 86
18, 136, 192, 73
18, 174, 192, 47
18, 51, 192, 44
18, 342, 192, 14
18, 282, 192, 38
18, 414, 192, 78
18, 319, 192, 31
18, 257, 193, 90
18, 514, 193, 36
18, 407, 193, 93
18, 281, 193, 21
18, 290, 193, 17
18, 548, 193, 45
18, 168, 193, 97
18, 169, 193, 95
18, 298, 193, 66
18, 45, 193, 13
18, 435, 193, 19
18, 567, 193, 32
18, 313, 193, 70
18, 442, 193, 62
18, 59, 193, 62
18, 572, 193, 55
18, 453, 193, 97
18, 214, 193, 46
18, 88, 193, 79
18, 363, 193, 24
18, 477, 194, 94
18, 289, 194, 38
18, 482, 194, 4
18, 35, 194, 96
18, 129, 194, 18
18, 545, 194, 22
18, 5, 194, 83
18, 167, 194, 84
18, 456, 194, 30
18, 396, 194, 47
18, 300, 194, 84
18, 111, 194, 33
18, 115, 194, 8
18, 308, 194, 51
18, 440, 194, 83
18, 539, 194, 15
18, 444, 194, 77
18, 445, 194, 20
18, 160, 195, 49
18, 420, 195, 24
18, 423, 195, 74
18, 492, 195, 16
18, 430, 195, 54
18, 433, 195, 47
18, 401, 195, 84
18, 599, 195, 95
18, 440, 195, 83
18, 379, 195, 80
18, 414, 195, 78
18, 319, 195, 31
18, 329, 196, 20
18, 398, 196, 67
18, 375, 196, 48
18, 121, 196, 82
18, 475, 196, 74
18, 183, 196, 35
18, 69, 197, 22
18, 423, 197, 74
18, 553, 197, 62
18, 458, 197, 60
18, 139, 197, 99
18, 588, 197, 8
18, 594, 197, 80
18, 500, 197, 45
18, 86, 197, 4
18, 121, 197, 82
18, 157, 197, 45
18, 414, 197, 78
18, 415, 197, 18
18, 514, 198, 36
18, 3, 198, 79
18, 526, 198, 67
18, 272, 198, 77
18, 147, 198, 55
18, 153, 198, 3
18, 545, 198, 22
18, 36, 198, 91
18, 425, 198, 11
18, 300, 198, 84
18, 436, 198, 3
18, 309, 198, 88
18, 568, 198, 50
18, 323, 198, 54
18, 329, 198, 20
18, 342, 198, 14
18, 475, 198, 74
18, 479, 198, 8
18, 355, 198, 88
18, 103, 198, 67
18, 106, 198, 55
18, 362, 198, 38
18, 383, 198, 9
18, 422, 199, 54
18, 232, 199, 27
18, 136, 199, 73
18, 555, 199, 6
18, 428, 199, 59
18, 77, 199, 94
18, 491, 199, 29
18, 592, 199, 90
18, 209, 199, 80
18, 49, 199, 58
18, 371, 199, 84
18, 84, 199, 59
18, 277, 199, 89
18, 534, 199, 95
18, 535, 199, 59
18, 598, 199, 40
18, 339, 199, 85
18, 351, 199, 44
18, 128, 200, 61
18, 1, 200, 39
18, 482, 200, 4
18, 65, 200, 97
18, 515, 200, 57
18, 261, 200, 76
18, 101, 200, 44
18, 236, 200, 6
18, 47, 200, 5
18, 400, 200, 64
18, 176, 200, 23
18, 18, 200, 10
18, 373, 200, 56
18, 507, 200, 25
18, 290, 201, 17
18, 260, 201, 47
18, 105, 201, 5
18, 43, 201, 65
18, 526, 201, 67
18, 432, 201, 92
18, 561, 201, 11
18, 464, 201, 30
18, 115, 201, 8
18, 273, 201, 93
18, 562, 201, 28
18, 278, 201, 28
18, 473, 201, 51
18, 508, 201, 18
18, 127, 201, 49
18, 4, 202, 33
18, 8, 202, 5
18, 105, 202, 5
18, 107, 202, 2
18, 461, 202, 56
18, 111, 202, 33
18, 368, 202, 100
18, 431, 202, 78
18, 497, 202, 19
18, 598, 202, 40
18, 375, 202, 48
18, 566, 202, 68
18, 278, 202, 28
18, 123, 202, 3
18, 231, 203, 74
18, 328, 203, 51
18, 297, 203, 69
18, 519, 203, 97
18, 243, 203, 77
18, 21, 203, 72
18, 118, 203, 28
18, 257, 204, 90
18, 385, 204, 15
18, 142, 204, 56
18, 271, 204, 54
18, 531, 204, 39
18, 408, 204, 19
18, 543, 204, 17
18, 548, 204, 45
18, 296, 204, 95
18, 559, 204, 53
18, 569, 204, 19
18, 571, 204, 15
18, 576, 204, 68
18, 330, 204, 9
18, 205, 204, 67
18, 333, 204, 7
18, 212, 204, 69
18, 341, 204, 58
18, 471, 204, 99
18, 231, 204, 74
18, 368, 204, 100
18, 370, 204, 72
18, 500, 204, 45
18, 375, 204, 48
18, 194, 205, 22
18, 358, 205, 78
18, 496, 205, 2
18, 403, 205, 69
18, 88, 205, 79
18, 94, 205, 65
18, 260, 206, 47
18, 293, 206, 96
18, 232, 206, 27
18, 298, 206, 66
18, 330, 206, 9
18, 586, 206, 72
18, 366, 206, 7
18, 176, 206, 23
18, 145, 206, 3
18, 178, 206, 66
18, 306, 206, 23
18, 496, 206, 2
18, 598, 206, 40
18, 443, 206, 53
18, 380, 206, 43
18, 61, 206, 54
18, 158, 206, 36
18, 95, 206, 11
18, 514, 207, 36
18, 528, 207, 67
18, 529, 207, 59
18, 416, 207, 69
18, 39, 207, 49
18, 40, 207, 61
18, 43, 207, 65
18, 303, 207, 51
18, 307, 207, 94
18, 565, 207, 17
18, 318, 207, 97
18, 196, 207, 80
18, 70, 207, 10
18, 199, 207, 36
18, 339, 207, 85
18, 345, 207, 59
18, 98, 207, 9
18, 485, 207, 89
18, 497, 207, 19
18, 118, 207, 28
18, 375, 207, 48
18, 511, 207, 90
18, 513, 208, 86
18, 578, 208, 74
18, 389, 208, 58
18, 574, 208, 79
18, 458, 208, 60
18, 138, 208, 41
18, 12, 208, 60
18, 173, 208, 65
18, 141, 208, 6
18, 15, 208, 84
18, 497, 208, 19
18, 530, 208, 92
18, 401, 208, 84
18, 149, 208, 17
18, 375, 208, 48
18, 92, 208, 68
18, 254, 208, 34
18, 387, 209, 32
18, 131, 209, 91
18, 145, 209, 3
18, 57, 209, 86
18, 314, 209, 93
18, 512, 210, 23
18, 579, 210, 61
18, 292, 210, 52
18, 387, 210, 32
18, 486, 210, 13
18, 355, 210, 88
18, 75, 210, 20
18, 268, 210, 54
18, 44, 210, 41
18, 402, 210, 76
18, 499, 210, 23
18, 404, 210, 47
18, 372, 210, 58
18, 341, 210, 58
18, 183, 210, 35
18, 377, 210, 3
18, 571, 210, 15
18, 380, 210, 43
18, 330, 211, 9
18, 267, 211, 87
18, 304, 211, 25
18, 599, 211, 95
18, 443, 211, 53
18, 317, 211, 42
18, 421, 212, 76
18, 165, 212, 44
18, 423, 212, 74
18, 41, 212, 94
18, 566, 212, 68
18, 376, 212, 44
18, 538, 212, 80
18, 59, 212, 62
18, 221, 212, 49
18, 128, 213, 61
18, 545, 213, 22
18, 33, 213, 56
18, 291, 213, 93
18, 68, 213, 73
18, 327, 213, 89
18, 233, 213, 48
18, 235, 213, 99
18, 497, 213, 19
18, 17, 213, 52
18, 155, 213, 64
18, 540, 213, 67
18, 382, 213, 20
18, 319, 213, 31
18, 229, 214, 92
18, 455, 214, 13
18, 201, 214, 71
18, 460, 214, 13
18, 236, 214, 6
18, 593, 214, 36
18, 595, 214, 51
18, 54, 214, 59
18, 343, 214, 36
18, 385, 215, 15
18, 386, 215, 86
18, 13, 215, 64
18, 14, 215, 50
18, 408, 215, 19
18, 178, 215, 66
18, 54, 215, 59
18, 311, 215, 22
18, 443, 215, 53
18, 187, 215, 76
18, 198, 215, 3
18, 584, 215, 27
18, 73, 215, 67
18, 215, 215, 66
18, 102, 215, 5
18, 362, 215, 38
18, 366, 215, 7
18, 503, 215, 91
18, 506, 215, 16
18, 32, 216, 5
18, 128, 216, 61
18, 129, 216, 18
18, 227, 216, 73
18, 228, 216, 12
18, 233, 216, 48
18, 428, 216, 59
18, 364, 216, 97
18, 110, 216, 50
18, 399, 216, 16
18, 50, 216, 63
18, 277, 216, 89
18, 570, 216, 100
18, 283, 216, 8
18, 157, 216, 45
18, 10, 217, 82
18, 12, 217, 60
18, 402, 217, 76
18, 538, 217, 80
18, 287, 217, 80
18, 288, 217, 22
18, 297, 217, 69
18, 41, 217, 94
18, 172, 217, 76
18, 571, 217, 15
18, 573, 217, 13
18, 574, 217, 79
18, 326, 217, 55
18, 461, 217, 56
18, 463, 217, 13
18, 80, 217, 49
18, 213, 217, 94
18, 215, 217, 66
18, 222, 217, 42
18, 482, 217, 4
18, 229, 217, 92
18, 492, 217, 16
18, 236, 217, 6
18, 499, 217, 23
18, 481, 218, 25
18, 162, 218, 44
18, 185, 218, 39
18, 240, 218, 58
18, 592, 218, 90
18, 147, 218, 55
18, 116, 218, 71
18, 212, 218, 69
18, 22, 218, 19
18, 532, 218, 84
18, 217, 218, 31
18, 540, 218, 67
18, 9, 219, 71
18, 12, 219, 60
18, 526, 219, 67
18, 278, 219, 28
18, 290, 219, 17
18, 419, 219, 12
18, 302, 219, 88
18, 562, 219, 28
18, 570, 219, 100
18, 321, 219, 54
18, 334, 219, 76
18, 592, 219, 90
18, 595, 219, 51
18, 471, 219, 99
18, 345, 219, 59
18, 474, 219, 26
18, 347, 219, 22
18, 352, 219, 86
18, 224, 219, 83
18, 483, 219, 23
18, 240, 219, 58
18, 242, 219, 73
18, 244, 219, 24
18, 500, 219, 45
18, 120, 219, 92
18, 7, 220, 24
18, 264, 220, 22
18, 400, 220, 64
18, 19, 220, 55
18, 413, 220, 19
18, 414, 220, 78
18, 422, 220, 54
18, 551, 220, 33
18, 560, 220, 24
18, 48, 220, 39
18, 304, 220, 25
18, 62, 220, 12
18, 193, 220, 76
18, 325, 220, 9
18, 70, 220, 10
18, 584, 220, 27
18, 329, 220, 20
18, 458, 220, 60
18, 336, 220, 75
18, 214, 220, 46
18, 100, 220, 14
18, 233, 220, 48
18, 237, 220, 16
18, 238, 220, 70
18, 509, 220, 66
18, 448, 221, 77
18, 303, 221, 51
18, 80, 221, 49
18, 470, 221, 78
18, 216, 221, 5
18, 511, 221, 90
18, 548, 222, 45
18, 5, 222, 83
18, 72, 222, 45
18, 201, 222, 71
18, 298, 222, 66
18, 557, 222, 97
18, 530, 222, 92
18, 148, 222, 42
18, 411, 222, 34
18, 84, 222, 59
18, 313, 222, 70
18, 123, 222, 3
18, 124, 222, 68
18, 253, 222, 7
18, 129, 223, 18
18, 260, 223, 47
18, 268, 223, 54
18, 406, 223, 98
18, 167, 223, 84
18, 299, 223, 32
18, 432, 223, 92
18, 310, 223, 12
18, 183, 223, 35
18, 457, 223, 2
18, 458, 223, 60
18, 467, 223, 12
18, 211, 223, 81
18, 85, 223, 66
18, 218, 223, 42
18, 99, 223, 12
18, 234, 223, 67
18, 371, 223, 84
18, 503, 223, 91
18, 248, 223, 89
18, 521, 224, 51
18, 280, 224, 59
18, 291, 224, 93
18, 420, 224, 24
18, 296, 224, 95
18, 298, 224, 66
18, 430, 224, 54
18, 51, 224, 44
18, 308, 224, 51
18, 439, 224, 42
18, 192, 224, 20
18, 323, 224, 54
18, 581, 224, 82
18, 329, 224, 20
18, 458, 224, 60
18, 467, 224, 12
18, 340, 224, 87
18, 596, 224, 87
18, 215, 224, 66
18, 344, 224, 77
18, 345, 224, 59
18, 113, 224, 64
18, 369, 224, 62
18, 126, 224, 87
18, 263, 225, 22
18, 520, 225, 75
18, 395, 225, 43
18, 145, 225, 3
18, 149, 225, 17
18, 279, 225, 26
18, 280, 225, 59
18, 536, 225, 70
18, 281, 225, 21
18, 30, 225, 100
18, 163, 225, 25
18, 36, 225, 91
18, 302, 225, 88
18, 183, 225, 35
18, 569, 225, 19
18, 460, 225, 13
18, 588, 225, 8
18, 348, 225, 5
18, 353, 225, 78
18, 107, 225, 2
18, 493, 225, 39
18, 373, 225, 56
18, 361, 226, 30
18, 586, 226, 72
18, 555, 226, 6
18, 80, 226, 49
18, 592, 226, 90
18, 442, 226, 62
18, 260, 227, 47
18, 267, 227, 87
18, 415, 227, 18
18, 40, 227, 61
18, 44, 227, 41
18, 557, 227, 97
18, 436, 227, 3
18, 568, 227, 50
18, 441, 227, 56
18, 314, 227, 93
18, 569, 227, 19
18, 444, 227, 77
18, 454, 227, 99
18, 211, 227, 81
18, 88, 227, 79
18, 346, 227, 52
18, 223, 227, 75
18, 485, 227, 89
18, 358, 227, 78
18, 490, 227, 21
18, 324, 228, 17
18, 455, 228, 13
18, 8, 228, 5
18, 72, 228, 45
18, 395, 228, 43
18, 492, 228, 16
18, 334, 228, 76
18, 464, 228, 30
18, 48, 228, 39
18, 115, 228, 8
18, 148, 228, 42
18, 379, 228, 80
18, 221, 228, 49
18, 542, 228, 88
18, 351, 228, 44
18, 512, 229, 23
18, 261, 229, 76
18, 262, 229, 5
18, 12, 229, 60
18, 414, 229, 78
18, 419, 229, 12
18, 35, 229, 96
18, 428, 229, 59
18, 60, 229, 38
18, 316, 229, 61
18, 317, 229, 42
18, 323, 229, 54
18, 579, 229, 61
18, 69, 229, 22
18, 452, 229, 18
18, 584, 229, 27
18, 202, 229, 46
18, 597, 229, 77
18, 598, 229, 40
18, 476, 229, 30
18, 487, 229, 56
18, 112, 229, 13
18, 377, 229, 3
18, 512, 230, 23
18, 96, 230, 88
18, 256, 230, 82
18, 97, 230, 28
18, 580, 230, 45
18, 423, 230, 74
18, 456, 230, 30
18, 425, 230, 11
18, 555, 230, 6
18, 365, 230, 12
18, 462, 230, 60
18, 60, 230, 38
18, 18, 230, 10
18, 276, 230, 16
18, 278, 230, 28
18, 28, 230, 44
18, 414, 230, 78
18, 225, 231, 58
18, 226, 231, 83
18, 422, 231, 54
18, 524, 231, 29
18, 556, 231, 7
18, 143, 231, 38
18, 560, 231, 24
18, 465, 231, 46
18, 598, 231, 40
18, 87, 231, 2
18, 187, 231, 76
18, 284, 231, 98
18, 193, 232, 76
18, 99, 232, 12
18, 37, 232, 46
18, 137, 232, 4
18, 393, 232, 27
18, 235, 232, 99
18, 236, 232, 6
18, 460, 232, 13
18, 527, 232, 34
18, 241, 232, 15
18, 349, 232, 54
18, 319, 232, 31
18, 9, 233, 71
18, 273, 233, 93
18, 25, 233, 64
18, 538, 233, 80
18, 283, 233, 8
18, 45, 233, 13
18, 310, 233, 12
18, 314, 233, 93
18, 585, 233, 68
18, 79, 233, 36
18, 360, 233, 70
18, 234, 233, 67
18, 497, 233, 19
18, 369, 233, 62
18, 372, 233, 58
18, 504, 233, 85
18, 122, 233, 48
18, 380, 233, 43
18, 255, 233, 32
18, 262, 234, 5
18, 521, 234, 51
18, 526, 234, 67
18, 281, 234, 21
18, 541, 234, 64
18, 286, 234, 32
18, 550, 234, 51
18, 297, 234, 69
18, 560, 234, 24
18, 52, 234, 86
18, 184, 234, 40
18, 56, 234, 91
18, 189, 234, 56
18, 194, 234, 22
18, 466, 234, 5
18, 471, 234, 99
18, 92, 234, 68
18, 229, 234, 92
18, 112, 234, 13
18, 123, 234, 3
18, 516, 235, 83
18, 398, 235, 67
18, 144, 235, 89
18, 275, 235, 59
18, 283, 235, 8
18, 289, 235, 38
18, 426, 235, 31
18, 562, 235, 28
18, 436, 235, 3
18, 60, 235, 38
18, 61, 235, 54
18, 65, 235, 97
18, 198, 235, 3
18, 71, 235, 33
18, 200, 235, 64
18, 591, 235, 25
18, 88, 235, 79
18, 218, 235, 42
18, 352, 235, 86
18, 484, 235, 20
18, 114, 235, 54
18, 129, 236, 18
18, 162, 236, 44
18, 451, 236, 5
18, 167, 236, 84
18, 574, 236, 79
18, 232, 236, 27
18, 300, 236, 84
18, 124, 236, 68
18, 336, 236, 75
18, 403, 236, 69
18, 598, 236, 40
18, 89, 236, 42
18, 346, 236, 52
18, 476, 236, 30
18, 189, 236, 56
18, 414, 236, 78
18, 262, 237, 5
18, 48, 237, 39
18, 274, 237, 26
18, 403, 237, 69
18, 372, 237, 58
18, 115, 237, 8
18, 532, 237, 84
18, 23, 237, 58
18, 537, 237, 61
18, 186, 237, 70
18, 28, 237, 44
18, 416, 238, 69
18, 191, 238, 80
18, 421, 238, 76
18, 105, 238, 5
18, 106, 238, 55
18, 239, 238, 100
18, 143, 238, 38
18, 468, 238, 44
18, 501, 238, 52
18, 25, 238, 64
18, 30, 238, 100
18, 286, 238, 32
18, 192, 239, 20
18, 33, 239, 56
18, 513, 239, 86
18, 2, 239, 2
18, 424, 239, 88
18, 10, 239, 82
18, 266, 239, 96
18, 330, 239, 9
18, 405, 239, 66
18, 213, 239, 94
18, 23, 239, 58
18, 540, 239, 67
18, 414, 239, 78
18, 320, 240, 15
18, 161, 240, 86
18, 486, 240, 13
18, 490, 240, 21
18, 494, 240, 43
18, 591, 240, 25
18, 283, 240, 8
18, 370, 240, 72
18, 245, 240, 94
18, 119, 240, 19
18, 378, 240, 84
18, 411, 240, 34
18, 509, 240, 66
18, 400, 241, 64
18, 17, 241, 52
18, 292, 241, 52
18, 551, 241, 33
18, 170, 241, 24
18, 302, 241, 88
18, 47, 241, 5
18, 307, 241, 94
18, 55, 241, 81
18, 447, 241, 35
18, 580, 241, 45
18, 581, 241, 82
18, 70, 241, 10
18, 332, 241, 33
18, 469, 241, 74
18, 345, 241, 59
18, 346, 241, 52
18, 97, 241, 28
18, 108, 241, 38
18, 236, 241, 6
18, 121, 241, 82
18, 0, 242, 38
18, 130, 242, 47
18, 547, 242, 78
18, 196, 242, 80
18, 450, 242, 97
18, 454, 242, 99
18, 487, 242, 56
18, 519, 242, 97
18, 38, 242, 56
18, 101, 242, 44
18, 266, 242, 96
18, 142, 242, 56
18, 527, 242, 34
18, 465, 242, 46
18, 371, 242, 84
18, 372, 242, 58
18, 440, 242, 83
18, 382, 242, 20
18, 194, 243, 22
18, 581, 243, 82
18, 393, 243, 27
18, 362, 243, 38
18, 364, 243, 97
18, 308, 243, 51
18, 501, 243, 52
18, 247, 243, 43
18, 186, 243, 70
18, 291, 244, 93
18, 453, 244, 97
18, 102, 244, 5
18, 234, 244, 67
18, 13, 244, 64
18, 78, 244, 84
18, 494, 244, 43
18, 301, 244, 44
18, 561, 244, 11
18, 564, 244, 46
18, 20, 244, 34
18, 214, 244, 46
18, 537, 244, 61
18, 26, 244, 60
18, 518, 245, 51
18, 263, 245, 22
18, 523, 245, 73
18, 12, 245, 60
18, 526, 245, 67
18, 528, 245, 67
18, 158, 245, 36
18, 543, 245, 17
18, 417, 245, 59
18, 39, 245, 49
18, 167, 245, 84
18, 562, 245, 28
18, 436, 245, 3
18, 567, 245, 32
18, 58, 245, 67
18, 320, 245, 15
18, 449, 245, 70
18, 597, 245, 77
18, 348, 245, 5
18, 95, 245, 11
18, 481, 245, 25
18, 105, 245, 5
18, 500, 245, 45
18, 121, 245, 82
18, 547, 246, 78
18, 363, 246, 24
18, 589, 246, 38
18, 375, 246, 48
18, 311, 246, 22
18, 128, 247, 61
18, 36, 247, 91
18, 198, 247, 3
18, 584, 247, 27
18, 523, 247, 73
18, 557, 247, 97
18, 433, 247, 47
18, 123, 247, 3
18, 449, 248, 70
18, 66, 248, 8
18, 517, 248, 94
18, 510, 248, 75
18, 295, 248, 68
18, 345, 248, 59
18, 365, 248, 12
18, 302, 248, 88
18, 303, 248, 51
18, 371, 248, 84
18, 405, 248, 66
18, 217, 248, 31
18, 158, 248, 36
18, 163, 249, 25
18, 484, 249, 20
18, 138, 249, 41
18, 140, 249, 81
18, 270, 249, 34
18, 462, 249, 60
18, 144, 249, 89
18, 562, 249, 28
18, 499, 249, 23
18, 19, 249, 55
18, 537, 249, 61
18, 255, 249, 32
18, 129, 250, 18
18, 485, 250, 89
18, 455, 250, 13
18, 264, 250, 22
18, 300, 250, 84
18, 401, 250, 84
18, 466, 250, 5
18, 435, 250, 19
18, 562, 250, 28
18, 344, 250, 77
18, 251, 250, 18
18, 318, 250, 97
18, 287, 250, 80
18, 388, 251, 17
18, 138, 251, 41
18, 272, 251, 77
18, 158, 251, 36
18, 36, 251, 91
18, 293, 251, 96
18, 296, 251, 95
18, 168, 251, 97
18, 173, 251, 65
18, 56, 251, 91
18, 193, 251, 76
18, 580, 251, 45
18, 582, 251, 37
18, 455, 251, 13
18, 327, 251, 89
18, 586, 251, 72
18, 473, 251, 51
18, 90, 251, 87
18, 345, 251, 59
18, 97, 251, 28
18, 103, 251, 67
18, 231, 251, 74
18, 503, 251, 91
18, 248, 251, 89
18, 507, 251, 25
18, 544, 252, 36
18, 353, 252, 78
18, 130, 252, 47
18, 41, 252, 94
18, 123, 252, 3
18, 303, 252, 51
18, 208, 252, 90
18, 561, 252, 11
18, 147, 252, 55
18, 438, 252, 49
18, 599, 252, 95
18, 378, 252, 84
18, 347, 252, 22
18, 343, 252, 36
18, 548, 253, 45
18, 421, 253, 76
18, 171, 253, 51
18, 427, 253, 73
18, 558, 253, 8
18, 47, 253, 5
18, 432, 253, 92
18, 304, 253, 25
18, 328, 253, 51
18, 74, 253, 47
18, 330, 253, 9
18, 334, 253, 76
18, 335, 253, 77
18, 466, 253, 5
18, 85, 253, 66
18, 87, 253, 2
18, 472, 253, 77
18, 94, 253, 65
18, 351, 253, 44
18, 352, 253, 86
18, 235, 253, 99
18, 113, 253, 64
18, 501, 253, 52
18, 380, 253, 43
18, 512, 254, 23
18, 394, 254, 63
18, 410, 254, 56
18, 283, 254, 8
18, 416, 254, 69
18, 546, 254, 54
18, 292, 254, 52
18, 424, 254, 88
18, 553, 254, 62
18, 49, 254, 58
18, 573, 254, 13
18, 317, 254, 42
18, 62, 254, 12
18, 332, 254, 33
18, 469, 254, 74
18, 479, 254, 8
18, 99, 254, 12
18, 484, 254, 20
18, 116, 254, 71
18, 388, 255, 17
18, 395, 255, 43
18, 144, 255, 89
18, 19, 255, 55
18, 534, 255, 95
18, 544, 255, 36
18, 169, 255, 95
18, 42, 255, 67
18, 425, 255, 11
18, 432, 255, 92
18, 439, 255, 42
18, 191, 255, 80
18, 63, 255, 82
18, 575, 255, 71
18, 195, 255, 6
18, 337, 255, 11
18, 89, 255, 42
18, 225, 255, 58
18, 482, 255, 4
18, 367, 255, 92
18, 242, 255, 73
18, 245, 255, 94
18, 130, 256, 47
18, 583, 256, 34
18, 426, 256, 31
18, 171, 256, 51
18, 236, 256, 6
18, 172, 256, 76
18, 47, 256, 5
18, 468, 256, 44
18, 20, 256, 34
18, 406, 256, 98
18, 215, 256, 66
18, 312, 256, 32
18, 469, 256, 74
18, 124, 256, 68
18, 573, 256, 13
18, 57, 256, 86
18, 194, 257, 22
18, 290, 257, 17
18, 133, 257, 65
18, 299, 257, 32
18, 236, 257, 6
18, 111, 257, 33
18, 403, 257, 69
18, 179, 257, 28
18, 127, 257, 49
18, 65, 258, 97
18, 471, 258, 99
18, 548, 258, 45
18, 319, 258, 31
18, 198, 258, 3
18, 7, 258, 24
18, 298, 258, 66
18, 430, 258, 54
18, 591, 258, 25
18, 46, 258, 91
18, 238, 258, 70
18, 277, 258, 89
18, 470, 258, 78
18, 23, 258, 58
18, 506, 258, 16
18, 375, 258, 48
18, 513, 259, 86
18, 417, 259, 59
18, 4, 259, 33
18, 388, 259, 17
18, 550, 259, 51
18, 295, 259, 68
18, 167, 259, 84
18, 38, 259, 56
18, 264, 259, 22
18, 11, 259, 53
18, 177, 259, 32
18, 563, 259, 98
18, 20, 259, 34
18, 595, 259, 51
18, 502, 259, 16
18, 598, 259, 40
18, 221, 259, 49
18, 96, 260, 88
18, 350, 260, 57
18, 291, 260, 93
18, 198, 260, 3
18, 169, 260, 95
18, 432, 260, 92
18, 402, 260, 76
18, 146, 260, 55
18, 180, 260, 98
18, 55, 260, 81
18, 251, 260, 18
18, 382, 260, 20
18, 191, 260, 80
18, 225, 261, 58
18, 578, 261, 74
18, 258, 261, 47
18, 135, 261, 55
18, 361, 261, 30
18, 265, 261, 64
18, 108, 261, 38
18, 49, 261, 58
18, 379, 261, 80
18, 436, 261, 3
18, 502, 261, 16
18, 411, 261, 34
18, 158, 261, 36
18, 287, 261, 80
18, 1, 262, 39
18, 581, 262, 82
18, 326, 262, 55
18, 363, 262, 24
18, 557, 262, 97
18, 494, 262, 43
18, 269, 262, 53
18, 498, 262, 94
18, 372, 262, 58
18, 53, 262, 99
18, 502, 262, 16
18, 478, 262, 97
18, 352, 263, 86
18, 477, 263, 94
18, 387, 263, 32
18, 67, 263, 39
18, 515, 263, 57
18, 518, 263, 51
18, 423, 263, 74
18, 483, 263, 23
18, 41, 263, 94
18, 49, 263, 58
18, 50, 263, 63
18, 369, 263, 62
18, 20, 263, 34
18, 436, 263, 3
18, 150, 263, 44
18, 373, 263, 56
18, 571, 263, 15
18, 349, 263, 54
18, 524, 264, 29
18, 142, 264, 56
18, 530, 264, 92
18, 19, 264, 55
18, 278, 264, 28
18, 155, 264, 64
18, 413, 264, 19
18, 419, 264, 12
18, 45, 264, 13
18, 571, 264, 15
18, 322, 264, 27
18, 326, 264, 55
18, 336, 264, 75
18, 594, 264, 80
18, 212, 264, 69
18, 221, 264, 49
18, 480, 264, 57
18, 101, 264, 44
18, 359, 264, 89
18, 108, 264, 38
18, 109, 264, 6
18, 251, 264, 18
18, 123, 264, 3
18, 252, 264, 79
18, 293, 265, 96
18, 103, 265, 67
18, 456, 265, 30
18, 361, 265, 30
18, 41, 265, 94
18, 584, 265, 27
18, 364, 265, 97
18, 592, 265, 90
18, 81, 265, 46
18, 244, 265, 24
18, 501, 265, 52
18, 537, 265, 61
18, 388, 266, 17
18, 550, 266, 51
18, 199, 266, 36
18, 83, 266, 10
18, 407, 266, 93
18, 378, 266, 84
18, 443, 266, 53
18, 190, 266, 91
18, 223, 266, 75
18, 417, 267, 59
18, 99, 267, 12
18, 567, 267, 32
18, 313, 267, 70
18, 583, 267, 34
18, 8, 267, 5
18, 331, 267, 70
18, 108, 267, 38
18, 43, 267, 65
18, 466, 267, 5
18, 370, 267, 72
18, 308, 267, 51
18, 55, 267, 81
18, 412, 267, 58
18, 508, 267, 18
18, 287, 267, 80
18, 5, 268, 83
18, 139, 268, 99
18, 396, 268, 47
18, 524, 268, 29
18, 147, 268, 55
18, 404, 268, 47
18, 405, 268, 66
18, 31, 268, 28
18, 35, 268, 96
18, 37, 268, 46
18, 38, 268, 56
18, 556, 268, 7
18, 562, 268, 28
18, 574, 268, 79
18, 581, 268, 82
18, 337, 268, 11
18, 594, 268, 80
18, 476, 268, 30
18, 349, 268, 54
18, 94, 268, 65
18, 230, 268, 1
18, 103, 268, 67
18, 105, 268, 5
18, 501, 268, 52
18, 583, 269, 34
18, 104, 269, 73
18, 491, 269, 29
18, 404, 269, 47
18, 374, 269, 2
18, 543, 269, 17
18, 392, 270, 50
18, 403, 270, 69
18, 533, 270, 40
18, 420, 270, 24
18, 295, 270, 68
18, 172, 270, 76
18, 566, 270, 68
18, 313, 270, 70
18, 577, 270, 40
18, 453, 270, 97
18, 333, 270, 7
18, 341, 270, 58
18, 344, 270, 77
18, 363, 270, 24
18, 236, 270, 6
18, 494, 270, 43
18, 369, 270, 62
18, 370, 270, 72
18, 501, 270, 52
18, 247, 270, 43
18, 251, 270, 18
18, 131, 271, 91
18, 142, 271, 56
18, 529, 271, 59
18, 404, 271, 47
18, 148, 271, 42
18, 279, 271, 26
18, 281, 271, 21
18, 158, 271, 36
18, 293, 271, 96
18, 165, 271, 44
18, 169, 271, 95
18, 301, 271, 44
18, 188, 271, 66
18, 322, 271, 27
18, 451, 271, 5
18, 456, 271, 30
18, 599, 271, 95
18, 223, 271, 75
18, 356, 271, 49
18, 108, 271, 38
18, 379, 271, 80
18, 544, 272, 36
18, 193, 272, 76
18, 484, 272, 20
18, 134, 272, 37
18, 39, 272, 49
18, 42, 272, 67
18, 139, 272, 99
18, 12, 272, 60
18, 492, 272, 16
18, 16, 272, 51
18, 465, 272, 46
18, 403, 272, 69
18, 308, 272, 51
18, 564, 272, 46
18, 374, 272, 2
18, 280, 272, 59
18, 89, 272, 42
18, 545, 273, 22
18, 327, 273, 89
18, 135, 273, 55
18, 168, 273, 97
18, 139, 273, 99
18, 589, 273, 38
18, 399, 273, 16
18, 145, 273, 3
18, 84, 273, 59
18, 565, 273, 17
18, 346, 273, 52
18, 89, 274, 42
18, 353, 274, 78
18, 416, 274, 69
18, 168, 274, 97
18, 457, 274, 2
18, 586, 274, 72
18, 504, 274, 85
18, 524, 274, 29
18, 205, 274, 67
18, 48, 274, 39
18, 304, 274, 25
18, 114, 274, 54
18, 279, 274, 26
18, 56, 274, 91
18, 569, 274, 19
18, 316, 274, 61
18, 383, 274, 9
18, 7, 275, 24
18, 267, 275, 87
18, 13, 275, 64
18, 20, 275, 34
18, 23, 275, 58
18, 280, 275, 59
18, 169, 275, 95
18, 54, 275, 59
18, 572, 275, 55
18, 63, 275, 82
18, 66, 275, 8
18, 455, 275, 13
18, 204, 275, 60
18, 589, 275, 38
18, 592, 275, 90
18, 598, 275, 40
18, 222, 275, 42
18, 224, 275, 83
18, 109, 275, 6
18, 239, 275, 100
18, 193, 276, 76
18, 162, 276, 44
18, 386, 276, 86
18, 577, 276, 40
18, 130, 276, 47
18, 424, 276, 88
18, 73, 276, 67
18, 491, 276, 29
18, 561, 276, 11
18, 500, 276, 45
18, 567, 276, 32
18, 347, 276, 22
18, 284, 276, 98
18, 542, 276, 88
18, 257, 277, 90
18, 360, 277, 70
18, 490, 277, 21
18, 77, 277, 94
18, 17, 277, 52
18, 243, 277, 77
18, 533, 277, 40
18, 512, 278, 23
18, 289, 278, 38
18, 421, 278, 76
18, 202, 278, 46
18, 155, 278, 64
18, 524, 278, 29
18, 268, 278, 54
18, 45, 278, 13
18, 496, 278, 2
18, 209, 278, 80
18, 338, 278, 78
18, 204, 278, 60
18, 183, 278, 35
18, 475, 278, 74
18, 142, 279, 56
18, 274, 279, 26
18, 531, 279, 39
18, 280, 279, 59
18, 540, 279, 67
18, 413, 279, 19
18, 559, 279, 53
18, 564, 279, 46
18, 566, 279, 68
18, 311, 279, 22
18, 56, 279, 91
18, 185, 279, 39
18, 68, 279, 73
18, 329, 279, 20
18, 333, 279, 7
18, 466, 279, 5
18, 369, 279, 62
18, 370, 279, 72
18, 379, 279, 80
18, 2, 280, 2
18, 131, 280, 91
18, 387, 280, 32
18, 390, 280, 97
18, 394, 280, 63
18, 142, 280, 56
18, 532, 280, 84
18, 406, 280, 98
18, 279, 280, 26
18, 539, 280, 15
18, 412, 280, 58
18, 33, 280, 56
18, 421, 280, 76
18, 424, 280, 88
18, 186, 280, 70
18, 464, 280, 30
18, 88, 280, 79
18, 376, 280, 44
18, 122, 280, 48
18, 253, 280, 7
18, 327, 281, 89
18, 488, 281, 28
18, 489, 281, 37
18, 11, 281, 53
18, 301, 281, 44
18, 209, 281, 80
18, 95, 281, 11
18, 160, 282, 49
18, 477, 282, 94
18, 451, 282, 5
18, 4, 282, 33
18, 261, 282, 76
18, 102, 282, 5
18, 168, 282, 97
18, 457, 282, 2
18, 267, 282, 87
18, 461, 282, 56
18, 48, 282, 39
18, 147, 282, 55
18, 116, 282, 71
18, 374, 282, 2
18, 221, 282, 49
18, 509, 282, 66
18, 286, 282, 32
18, 256, 283, 82
18, 129, 283, 18
18, 514, 283, 36
18, 131, 283, 91
18, 151, 283, 93
18, 538, 283, 80
18, 541, 283, 64
18, 417, 283, 59
18, 551, 283, 33
18, 191, 283, 80
18, 193, 283, 76
18, 76, 283, 1
18, 461, 283, 56
18, 342, 283, 14
18, 87, 283, 2
18, 90, 283, 87
18, 490, 283, 21
18, 365, 283, 12
18, 493, 283, 39
18, 115, 283, 8
18, 64, 284, 73
18, 480, 284, 57
18, 418, 284, 65
18, 484, 284, 20
18, 197, 284, 87
18, 490, 284, 21
18, 444, 284, 77
18, 60, 284, 38
18, 516, 285, 83
18, 135, 285, 55
18, 8, 285, 5
18, 265, 285, 64
18, 532, 285, 84
18, 150, 285, 44
18, 543, 285, 17
18, 416, 285, 69
18, 36, 285, 91
18, 558, 285, 8
18, 432, 285, 92
18, 447, 285, 35
18, 448, 285, 77
18, 66, 285, 8
18, 594, 285, 80
18, 82, 285, 82
18, 598, 285, 40
18, 480, 285, 57
18, 354, 285, 31
18, 102, 285, 5
18, 359, 285, 89
18, 251, 285, 18
18, 377, 285, 3
18, 507, 285, 25
18, 252, 285, 79
18, 387, 286, 32
18, 264, 286, 22
18, 538, 286, 80
18, 27, 286, 28
18, 30, 286, 100
18, 171, 286, 51
18, 59, 286, 62
18, 321, 286, 54
18, 323, 286, 54
18, 453, 286, 97
18, 327, 286, 89
18, 457, 286, 2
18, 330, 286, 9
18, 588, 286, 8
18, 464, 286, 30
18, 484, 286, 20
18, 101, 286, 44
18, 487, 286, 56
18, 104, 286, 73
18, 372, 286, 58
18, 122, 286, 48
18, 3, 287, 79
18, 4, 287, 33
18, 397, 287, 76
18, 16, 287, 51
18, 145, 287, 3
18, 279, 287, 26
18, 280, 287, 59
18, 411, 287, 34
18, 28, 287, 44
18, 542, 287, 88
18, 36, 287, 91
18, 164, 287, 40
18, 300, 287, 84
18, 566, 287, 68
18, 567, 287, 32
18, 198, 287, 3
18, 75, 287, 20
18, 459, 287, 20
18, 79, 287, 36
18, 475, 287, 74
18, 477, 287, 94
18, 99, 287, 12
18, 495, 287, 57
18, 244, 287, 24
18, 66, 288, 8
18, 420, 288, 24
18, 516, 288, 83
18, 135, 288, 55
18, 488, 288, 28
18, 201, 288, 71
18, 553, 288, 62
18, 364, 288, 97
18, 46, 288, 91
18, 433, 288, 47
18, 243, 288, 77
18, 532, 288, 84
18, 470, 288, 78
18, 287, 288, 80
18, 97, 289, 28
18, 68, 289, 73
18, 489, 289, 37
18, 267, 289, 87
18, 331, 289, 70
18, 398, 289, 67
18, 559, 289, 53
18, 179, 289, 28
18, 20, 289, 34
18, 565, 289, 17
18, 251, 289, 18
18, 542, 289, 88
18, 33, 290, 56
18, 426, 290, 31
18, 339, 290, 85
18, 211, 290, 81
18, 152, 290, 76
18, 412, 290, 58
18, 170, 291, 24
18, 429, 291, 53
18, 528, 291, 67
18, 305, 291, 9
18, 63, 291, 82
18, 288, 292, 22
18, 129, 292, 18
18, 355, 292, 88
18, 4, 292, 33
18, 228, 292, 12
18, 451, 292, 5
18, 356, 292, 49
18, 453, 292, 97
18, 299, 292, 32
18, 140, 292, 81
18, 527, 292, 34
18, 498, 292, 94
18, 403, 292, 69
18, 339, 292, 85
18, 183, 292, 35
18, 92, 292, 68
18, 414, 292, 78
18, 31, 292, 28
18, 418, 293, 65
18, 67, 293, 39
18, 226, 293, 83
18, 426, 293, 31
18, 490, 293, 21
18, 332, 293, 33
18, 587, 293, 24
18, 268, 293, 54
18, 238, 293, 70
18, 314, 293, 93
18, 336, 293, 75
18, 179, 293, 28
18, 597, 293, 77
18, 439, 293, 42
18, 184, 293, 40
18, 570, 293, 100
18, 222, 293, 42
18, 0, 294, 38
18, 1, 294, 39
18, 386, 294, 86
18, 394, 294, 63
18, 141, 294, 6
18, 397, 294, 76
18, 29, 294, 46
18, 414, 294, 78
18, 422, 294, 54
18, 555, 294, 6
18, 429, 294, 53
18, 436, 294, 3
18, 567, 294, 32
18, 324, 294, 17
18, 328, 294, 51
18, 585, 294, 68
18, 470, 294, 78
18, 342, 294, 14
18, 92, 294, 68
18, 102, 294, 5
18, 489, 294, 37
18, 234, 294, 67
18, 369, 294, 62
18, 249, 294, 84
18, 448, 295, 77
18, 312, 295, 32
18, 101, 295, 44
18, 586, 295, 72
18, 460, 295, 13
18, 242, 295, 73
18, 563, 295, 98
18, 116, 295, 71
18, 277, 295, 89
18, 406, 295, 98
18, 24, 295, 15
18, 442, 295, 62
18, 63, 295, 82
18, 292, 296, 52
18, 325, 296, 9
18, 167, 296, 84
18, 489, 296, 37
18, 202, 296, 46
18, 430, 296, 54
18, 239, 296, 100
18, 82, 296, 82
18, 307, 296, 94
18, 148, 296, 42
18, 442, 296, 62
18, 225, 297, 58
18, 386, 297, 86
18, 293, 297, 96
18, 69, 297, 22
18, 103, 297, 67
18, 296, 297, 95
18, 329, 297, 20
18, 396, 297, 47
18, 365, 297, 12
18, 79, 297, 36
18, 431, 297, 78
18, 116, 297, 71
18, 117, 297, 8
18, 310, 297, 12
18, 375, 297, 48
18, 249, 297, 84
18, 92, 297, 68
18, 125, 297, 8
18, 137, 298, 4
18, 545, 298, 22
18, 558, 298, 8
18, 306, 298, 23
18, 179, 298, 28
18, 310, 298, 12
18, 441, 298, 56
18, 444, 298, 77
18, 189, 298, 56
18, 573, 298, 13
18, 321, 298, 54
18, 203, 298, 92
18, 337, 298, 11
18, 83, 298, 10
18, 218, 298, 42
18, 474, 298, 26
18, 371, 298, 84
18, 506, 298, 16
18, 252, 298, 79
18, 128, 299, 61
18, 387, 299, 32
18, 408, 299, 19
18, 200, 299, 64
18, 328, 299, 51
18, 106, 299, 55
18, 77, 299, 94
18, 367, 299, 92
18, 87, 299, 2
18, 56, 299, 91
18, 249, 299, 84
18, 215, 299, 66
18, 411, 299, 34
18, 286, 299, 32
18, 159, 299, 47
