300, 600, 30
54, 548, 0, 65
54, 582, 0, 4
54, 46, 0, 37
54, 18, 0, 9
54, 307, 0, 27
54, 148, 0, 65
54, 20, 0, 22
54, 86, 0, 86
54, 87, 0, 16
54, 62, 0, 59
54, 543, 0, 9
54, 262, 1, 48
54, 520, 1, 80
54, 10, 1, 60
54, 271, 1, 8
54, 18, 1, 9
54, 533, 1, 35
54, 154, 1, 7
54, 158, 1, 80
54, 286, 1, 54
54, 416, 1, 77
54, 302, 1, 77
54, 576, 1, 48
54, 323, 1, 90
54, 325, 1, 99
54, 211, 1, 40
54, 218, 1, 50
54, 485, 1, 56
54, 233, 1, 90
54, 491, 1, 6
54, 499, 1, 92
54, 318, 2, 9
54, 1, 2, 22
54, 257, 2, 98
54, 7, 2, 74
54, 457, 2, 79
54, 491, 2, 6
54, 172, 2, 40
54, 109, 2, 44
54, 49, 2, 20
54, 465, 2, 61
54, 314, 2, 69
54, 59, 2, 29
54, 190, 2, 48
54, 61, 2, 90
54, 222, 2, 63
54, 281, 3, 94
54, 103, 3, 52
54, 232, 3, 9
54, 505, 3, 87
54, 251, 3, 24
54, 93, 3, 100
54, 579, 4, 15
54, 4, 4, 14
54, 486, 4, 68
54, 359, 4, 51
54, 582, 4, 4
54, 361, 4, 56
54, 586, 4, 75
54, 122, 4, 12
54, 301, 4, 88
54, 77, 4, 72
54, 80, 4, 75
54, 147, 4, 20
54, 596, 4, 19
54, 312, 4, 69
54, 506, 4, 25
54, 380, 4, 74
54, 574, 4, 32
54, 161, 5, 80
54, 386, 5, 74
54, 546, 5, 3
54, 389, 5, 69
54, 307, 5, 27
54, 472, 5, 52
54, 32, 6, 67
54, 321, 6, 88
54, 417, 6, 55
54, 164, 6, 69
54, 389, 6, 69
54, 421, 6, 87
54, 330, 6, 59
54, 523, 6, 24
54, 532, 6, 65
54, 21, 6, 13
54, 222, 6, 63
54, 515, 7, 13
54, 4, 7, 14
54, 5, 7, 82
54, 11, 7, 70
54, 526, 7, 24
54, 143, 7, 28
54, 282, 7, 75
54, 417, 7, 55
54, 561, 7, 92
54, 440, 7, 51
54, 315, 7, 37
54, 571, 7, 34
54, 193, 7, 61
54, 67, 7, 94
54, 587, 7, 49
54, 247, 7, 98
54, 488, 7, 28
54, 115, 7, 70
54, 119, 7, 63
54, 352, 8, 76
54, 416, 8, 77
54, 195, 8, 70
54, 36, 8, 80
54, 390, 8, 96
54, 9, 8, 97
54, 106, 8, 99
54, 460, 8, 91
54, 45, 8, 46
54, 274, 8, 45
54, 338, 8, 91
54, 340, 8, 73
54, 85, 8, 75
54, 376, 8, 75
54, 93, 8, 100
54, 7, 9, 74
54, 534, 9, 90
54, 24, 9, 80
54, 25, 9, 87
54, 410, 9, 13
54, 417, 9, 55
54, 290, 9, 45
54, 293, 9, 61
54, 173, 9, 85
54, 307, 9, 27
54, 331, 9, 38
54, 205, 9, 36
54, 334, 9, 70
54, 464, 9, 27
54, 594, 9, 99
54, 343, 9, 14
54, 347, 9, 13
54, 221, 9, 9
54, 93, 9, 100
54, 480, 9, 28
54, 240, 9, 58
54, 241, 9, 82
54, 118, 9, 16
54, 516, 10, 34
54, 526, 10, 24
54, 275, 10, 19
54, 287, 10, 79
54, 546, 10, 3
54, 425, 10, 31
54, 440, 10, 51
54, 59, 10, 29
54, 445, 10, 76
54, 62, 10, 59
54, 449, 10, 25
54, 194, 10, 43
54, 323, 10, 90
54, 467, 10, 3
54, 341, 10, 72
54, 216, 10, 75
54, 93, 10, 100
54, 226, 10, 76
54, 112, 10, 76
54, 496, 10, 16
54, 370, 10, 98
54, 499, 10, 92
54, 246, 10, 89
54, 224, 11, 18
54, 482, 11, 7
54, 579, 11, 15
54, 196, 11, 95
54, 198, 11, 17
54, 550, 11, 19
54, 361, 11, 56
54, 457, 11, 79
54, 235, 11, 90
54, 172, 11, 40
54, 271, 11, 8
54, 207, 11, 92
54, 370, 11, 98
54, 276, 11, 54
54, 247, 11, 98
54, 411, 11, 16
54, 156, 11, 56
54, 129, 12, 88
54, 482, 12, 7
54, 376, 12, 75
54, 325, 12, 99
54, 520, 12, 80
54, 427, 12, 84
54, 172, 12, 40
54, 236, 12, 11
54, 79, 12, 25
54, 208, 12, 95
54, 562, 12, 60
54, 565, 12, 47
54, 408, 12, 43
54, 313, 12, 2
54, 218, 12, 50
54, 381, 12, 83
54, 355, 13, 59
54, 452, 13, 60
54, 414, 13, 5
54, 478, 13, 39
54, 401, 13, 26
54, 53, 13, 36
54, 246, 13, 89
54, 59, 13, 29
54, 574, 13, 32
54, 519, 14, 27
54, 267, 14, 93
54, 144, 14, 7
54, 23, 14, 58
54, 410, 14, 13
54, 546, 14, 3
54, 35, 14, 94
54, 292, 14, 5
54, 421, 14, 87
54, 165, 14, 58
54, 36, 14, 80
54, 179, 14, 37
54, 441, 14, 27
54, 66, 14, 61
54, 580, 14, 59
54, 458, 14, 77
54, 330, 14, 59
54, 334, 14, 70
54, 596, 14, 19
54, 342, 14, 79
54, 217, 14, 7
54, 218, 14, 50
54, 242, 14, 80
54, 377, 14, 19
54, 510, 14, 65
54, 395, 15, 43
54, 205, 15, 36
54, 80, 15, 75
54, 112, 15, 76
54, 540, 15, 48
54, 32, 16, 67
54, 185, 16, 11
54, 291, 16, 82
54, 263, 16, 20
54, 426, 16, 34
54, 524, 16, 43
54, 141, 16, 52
54, 15, 16, 55
54, 528, 16, 99
54, 369, 16, 47
54, 178, 16, 28
54, 435, 16, 50
54, 499, 16, 92
54, 409, 16, 65
54, 253, 16, 28
54, 586, 17, 75
54, 139, 17, 43
54, 366, 17, 76
54, 463, 17, 63
54, 112, 17, 76
54, 465, 17, 61
54, 18, 17, 9
54, 467, 17, 3
54, 370, 17, 98
54, 46, 17, 37
54, 386, 18, 74
54, 260, 18, 24
54, 583, 18, 97
54, 138, 18, 67
54, 402, 18, 94
54, 569, 18, 93
54, 64, 19, 5
54, 96, 19, 11
54, 480, 19, 28
54, 291, 19, 82
54, 545, 19, 24
54, 269, 19, 69
54, 462, 19, 61
54, 591, 19, 33
54, 208, 19, 95
54, 590, 19, 39
54, 79, 19, 25
54, 467, 19, 3
54, 53, 19, 36
54, 40, 20, 56
54, 553, 20, 24
54, 362, 20, 83
54, 424, 20, 97
54, 492, 20, 59
54, 205, 20, 36
54, 45, 20, 46
54, 237, 20, 11
54, 399, 20, 59
54, 210, 20, 82
54, 498, 20, 97
54, 403, 20, 25
54, 18, 20, 9
54, 182, 20, 90
54, 151, 20, 8
54, 181, 20, 21
54, 349, 20, 19
54, 253, 20, 28
54, 64, 21, 5
54, 259, 21, 72
54, 227, 21, 22
54, 6, 21, 86
54, 39, 21, 30
54, 72, 21, 18
54, 489, 21, 37
54, 298, 21, 8
54, 527, 21, 13
54, 80, 21, 75
54, 273, 21, 74
54, 402, 21, 94
54, 274, 21, 45
54, 244, 21, 51
54, 23, 21, 58
54, 473, 21, 6
54, 253, 21, 28
54, 30, 21, 77
54, 64, 22, 5
54, 353, 22, 78
54, 196, 22, 95
54, 389, 22, 69
54, 519, 22, 27
54, 551, 22, 21
54, 594, 22, 99
54, 597, 22, 21
54, 27, 22, 81
54, 65, 23, 54
54, 578, 23, 67
54, 355, 23, 59
54, 5, 23, 82
54, 328, 23, 90
54, 104, 23, 30
54, 47, 23, 100
54, 144, 23, 7
54, 178, 23, 28
54, 211, 23, 40
54, 185, 23, 11
54, 574, 23, 32
54, 95, 23, 49
54, 578, 24, 67
54, 36, 24, 80
54, 5, 24, 82
54, 6, 24, 86
54, 453, 24, 7
54, 455, 24, 92
54, 13, 24, 17
54, 335, 24, 39
54, 144, 24, 7
54, 82, 24, 84
54, 533, 24, 35
54, 439, 24, 57
54, 91, 24, 68
54, 540, 24, 48
54, 543, 24, 9
54, 257, 25, 98
54, 133, 25, 82
54, 263, 25, 20
54, 398, 25, 52
54, 411, 25, 16
54, 422, 25, 77
54, 423, 25, 76
54, 424, 25, 97
54, 449, 25, 25
54, 333, 25, 8
54, 81, 25, 20
54, 595, 25, 71
54, 215, 25, 32
54, 217, 25, 7
54, 226, 25, 76
54, 103, 25, 52
54, 244, 25, 51
54, 501, 25, 22
54, 118, 25, 16
54, 503, 25, 34
54, 508, 25, 18
54, 396, 26, 25
54, 156, 26, 56
54, 285, 26, 79
54, 41, 26, 93
54, 172, 26, 40
54, 49, 26, 20
54, 182, 26, 90
54, 314, 26, 69
54, 316, 26, 67
54, 320, 26, 11
54, 65, 26, 54
54, 194, 26, 43
54, 454, 26, 56
54, 200, 26, 57
54, 330, 26, 59
54, 84, 26, 33
54, 489, 26, 37
54, 233, 26, 90
54, 238, 26, 52
54, 245, 26, 78
54, 375, 26, 92
54, 481, 27, 43
54, 101, 27, 5
54, 326, 27, 4
54, 10, 27, 60
54, 44, 27, 68
54, 560, 27, 99
54, 81, 27, 20
54, 82, 27, 84
54, 435, 27, 50
54, 402, 27, 94
54, 531, 27, 70
54, 438, 27, 69
54, 24, 27, 80
54, 186, 27, 23
54, 264, 28, 18
54, 271, 28, 8
54, 425, 28, 31
54, 555, 28, 36
54, 303, 28, 16
54, 564, 28, 83
54, 309, 28, 86
54, 566, 28, 3
54, 575, 28, 97
54, 460, 28, 91
54, 333, 28, 8
54, 78, 28, 74
54, 467, 28, 3
54, 352, 28, 76
54, 508, 28, 18
54, 112, 28, 76
54, 369, 28, 47
54, 373, 28, 47
54, 124, 28, 35
54, 69, 29, 30
54, 198, 29, 17
54, 233, 29, 90
54, 554, 29, 19
54, 107, 29, 45
54, 299, 29, 38
54, 432, 29, 8
54, 563, 29, 49
54, 84, 29, 33
54, 468, 29, 68
54, 211, 29, 40
54, 215, 29, 32
54, 90, 29, 80
54, 59, 29, 29
54, 190, 29, 48
54, 5, 30, 82
54, 7, 30, 74
54, 49, 30, 20
54, 380, 30, 74
54, 413, 30, 91
54, 418, 31, 91
54, 454, 31, 56
54, 551, 31, 21
54, 232, 31, 9
54, 304, 31, 27
54, 20, 31, 22
54, 183, 31, 75
54, 32, 32, 67
54, 450, 32, 34
54, 390, 32, 96
54, 359, 32, 51
54, 41, 32, 93
54, 140, 32, 92
54, 493, 32, 31
54, 81, 32, 20
54, 82, 32, 84
54, 177, 32, 3
54, 468, 32, 68
54, 53, 32, 36
54, 52, 32, 28
54, 21, 32, 13
54, 248, 32, 41
54, 563, 32, 49
54, 282, 32, 75
54, 187, 32, 75
54, 131, 33, 81
54, 548, 33, 65
54, 163, 33, 62
54, 6, 33, 86
54, 12, 33, 13
54, 301, 33, 88
54, 302, 33, 77
54, 142, 33, 97
54, 109, 33, 44
54, 401, 33, 26
54, 370, 33, 98
54, 82, 33, 84
54, 19, 33, 90
54, 576, 34, 48
54, 225, 34, 13
54, 185, 34, 11
54, 586, 34, 75
54, 171, 34, 71
54, 497, 34, 11
54, 371, 34, 78
54, 180, 34, 63
54, 152, 34, 34
54, 89, 34, 92
54, 378, 34, 40
54, 507, 34, 67
54, 252, 34, 10
54, 571, 34, 34
54, 479, 34, 79
54, 576, 35, 48
54, 451, 35, 58
54, 102, 35, 32
54, 169, 35, 12
54, 59, 35, 29
54, 588, 35, 25
54, 237, 35, 11
54, 463, 35, 63
54, 240, 35, 58
54, 177, 35, 3
54, 147, 35, 20
54, 371, 35, 78
54, 187, 35, 75
54, 60, 35, 6
54, 381, 35, 83
54, 159, 35, 52
54, 225, 36, 13
54, 514, 36, 40
54, 97, 36, 52
54, 165, 36, 58
54, 491, 36, 6
54, 172, 36, 40
54, 530, 36, 40
54, 499, 36, 92
54, 25, 36, 87
54, 444, 36, 79
54, 525, 37, 93
54, 144, 37, 7
54, 151, 37, 8
54, 32, 37, 67
54, 289, 37, 73
54, 291, 37, 82
54, 551, 37, 21
54, 301, 37, 88
54, 568, 37, 9
54, 570, 37, 67
54, 334, 37, 70
54, 80, 37, 75
54, 340, 37, 73
54, 85, 37, 75
54, 478, 37, 39
54, 223, 37, 99
54, 479, 37, 79
54, 95, 37, 49
54, 233, 37, 90
54, 240, 37, 58
54, 37, 38, 33
54, 294, 38, 73
54, 479, 38, 79
54, 75, 38, 80
54, 43, 38, 15
54, 466, 38, 40
54, 61, 38, 90
54, 308, 38, 45
54, 339, 38, 98
54, 408, 38, 43
54, 89, 38, 92
54, 508, 38, 18
54, 63, 38, 69
54, 415, 38, 89
54, 6, 39, 86
54, 8, 39, 90
54, 14, 39, 96
54, 403, 39, 25
54, 533, 39, 35
54, 157, 39, 74
54, 544, 39, 71
54, 433, 39, 82
54, 49, 39, 20
54, 51, 39, 18
54, 436, 39, 47
54, 439, 39, 57
54, 569, 39, 93
54, 449, 39, 25
54, 455, 39, 92
54, 74, 39, 87
54, 204, 39, 64
54, 589, 39, 91
54, 595, 39, 71
54, 470, 39, 93
54, 91, 39, 68
54, 349, 39, 19
54, 354, 39, 28
54, 119, 39, 63
54, 125, 39, 81
54, 266, 40, 9
54, 395, 40, 43
54, 396, 40, 25
54, 405, 40, 9
54, 284, 40, 100
54, 544, 40, 71
54, 33, 40, 40
54, 292, 40, 5
54, 421, 40, 87
54, 169, 40, 12
54, 302, 40, 77
54, 47, 40, 100
54, 433, 40, 82
54, 434, 40, 19
54, 184, 40, 94
54, 186, 40, 23
54, 188, 40, 33
54, 578, 40, 67
54, 203, 40, 50
54, 209, 40, 24
54, 594, 40, 99
54, 479, 40, 79
54, 492, 40, 59
54, 493, 40, 31
54, 110, 40, 47
54, 293, 41, 61
54, 70, 41, 84
54, 266, 41, 9
54, 172, 41, 40
54, 508, 41, 18
54, 79, 41, 25
54, 369, 41, 47
54, 147, 41, 20
54, 243, 41, 14
54, 443, 41, 69
54, 311, 41, 29
54, 568, 41, 9
54, 217, 41, 7
54, 475, 41, 91
54, 252, 41, 10
54, 572, 41, 24
54, 514, 42, 40
54, 258, 42, 25
54, 453, 42, 7
54, 589, 42, 91
54, 148, 42, 65
54, 252, 42, 10
54, 96, 43, 11
54, 321, 43, 88
54, 394, 43, 38
54, 46, 43, 37
54, 368, 43, 65
54, 561, 43, 92
54, 180, 43, 63
54, 438, 43, 69
54, 572, 43, 24
54, 514, 44, 40
54, 227, 44, 22
54, 453, 44, 7
54, 69, 44, 30
54, 542, 44, 86
54, 328, 44, 90
54, 457, 44, 79
54, 73, 44, 9
54, 75, 44, 80
54, 524, 44, 43
54, 306, 44, 76
54, 180, 44, 63
54, 279, 44, 55
54, 536, 44, 97
54, 413, 44, 91
54, 446, 44, 30
54, 255, 44, 84
54, 6, 45, 86
54, 519, 45, 27
54, 114, 45, 75
54, 149, 45, 43
54, 438, 45, 69
54, 343, 45, 14
54, 25, 45, 87
54, 157, 45, 74
54, 486, 46, 68
54, 59, 46, 29
54, 234, 46, 39
54, 331, 46, 38
54, 238, 46, 52
54, 432, 46, 8
54, 369, 46, 47
54, 381, 46, 83
54, 339, 46, 98
54, 563, 46, 49
54, 341, 46, 72
54, 373, 46, 47
54, 503, 46, 34
54, 377, 46, 19
54, 282, 46, 75
54, 283, 46, 5
54, 477, 46, 81
54, 396, 47, 25
54, 269, 47, 69
54, 16, 47, 50
54, 146, 47, 56
54, 534, 47, 90
54, 417, 47, 55
54, 163, 47, 62
54, 430, 47, 21
54, 55, 47, 35
54, 311, 47, 29
54, 184, 47, 94
54, 572, 47, 24
54, 198, 47, 17
54, 326, 47, 4
54, 79, 47, 25
54, 92, 47, 86
54, 223, 47, 99
54, 104, 47, 30
54, 245, 47, 78
54, 507, 47, 67
54, 34, 48, 6
54, 547, 48, 7
54, 327, 48, 72
54, 295, 48, 91
54, 556, 48, 6
54, 334, 48, 70
54, 494, 48, 20
54, 593, 48, 88
54, 145, 48, 48
54, 501, 48, 22
54, 278, 48, 73
54, 217, 48, 7
54, 251, 48, 24
54, 220, 48, 15
54, 189, 48, 100
54, 146, 49, 56
54, 149, 49, 43
54, 28, 49, 71
54, 39, 49, 30
54, 425, 49, 31
54, 554, 49, 19
54, 429, 49, 72
54, 302, 49, 77
54, 310, 49, 31
54, 183, 49, 75
54, 573, 49, 66
54, 574, 49, 32
54, 449, 49, 25
54, 454, 49, 56
54, 72, 49, 18
54, 76, 49, 37
54, 346, 49, 75
54, 475, 49, 91
54, 476, 49, 57
54, 351, 49, 94
54, 245, 49, 78
54, 377, 49, 19
54, 251, 49, 24
54, 66, 50, 61
54, 431, 50, 2
54, 240, 50, 58
54, 22, 50, 44
54, 407, 50, 76
54, 415, 50, 89
54, 517, 51, 39
54, 269, 51, 69
54, 529, 51, 62
54, 277, 51, 51
54, 278, 51, 73
54, 151, 51, 8
54, 537, 51, 80
54, 283, 51, 5
54, 294, 51, 73
54, 429, 51, 72
54, 48, 51, 89
54, 567, 51, 38
54, 196, 51, 95
54, 455, 51, 92
54, 332, 51, 57
54, 206, 51, 24
54, 209, 51, 24
54, 82, 51, 84
54, 217, 51, 7
54, 220, 51, 15
54, 232, 51, 9
54, 362, 51, 83
54, 109, 51, 44
54, 380, 51, 74
54, 483, 52, 8
54, 35, 52, 94
54, 582, 52, 4
54, 104, 52, 30
54, 123, 52, 53
54, 334, 52, 70
54, 463, 52, 63
54, 368, 52, 65
54, 506, 52, 25
54, 339, 52, 98
54, 312, 52, 69
54, 538, 52, 72
54, 507, 52, 67
54, 62, 52, 59
54, 420, 53, 68
54, 361, 53, 56
54, 73, 53, 9
54, 457, 53, 79
54, 76, 53, 37
54, 335, 53, 39
54, 83, 53, 34
54, 276, 53, 54
54, 563, 53, 49
54, 598, 53, 4
54, 597, 53, 21
54, 251, 53, 24
54, 348, 53, 34
54, 351, 53, 94
54, 513, 54, 57
54, 130, 54, 60
54, 258, 54, 25
54, 6, 54, 86
54, 138, 54, 67
54, 269, 54, 69
54, 15, 54, 55
54, 156, 54, 56
54, 166, 54, 36
54, 554, 54, 19
54, 570, 54, 67
54, 443, 54, 69
54, 60, 54, 6
54, 446, 54, 30
54, 455, 54, 92
54, 330, 54, 59
54, 332, 54, 57
54, 91, 54, 68
54, 477, 54, 81
54, 478, 54, 39
54, 101, 54, 5
54, 502, 54, 56
54, 249, 54, 61
54, 125, 54, 81
54, 383, 54, 17
54, 448, 55, 80
54, 66, 55, 61
54, 260, 55, 24
54, 363, 55, 25
54, 590, 55, 39
54, 463, 55, 63
54, 466, 55, 40
54, 180, 55, 63
54, 212, 55, 91
54, 405, 55, 9
54, 54, 55, 32
54, 27, 55, 81
54, 124, 55, 35
54, 477, 55, 81
54, 127, 55, 32
54, 512, 56, 68
54, 259, 56, 72
54, 7, 56, 74
54, 392, 56, 65
54, 383, 56, 17
54, 413, 56, 91
54, 543, 56, 9
54, 546, 56, 3
54, 35, 56, 94
54, 40, 56, 56
54, 299, 56, 38
54, 578, 56, 67
54, 323, 56, 90
54, 332, 56, 57
54, 76, 56, 37
54, 498, 56, 97
54, 118, 56, 16
54, 504, 56, 81
54, 505, 56, 87
54, 127, 56, 32
54, 129, 57, 88
54, 263, 57, 20
54, 8, 57, 90
54, 141, 57, 52
54, 145, 57, 48
54, 19, 57, 90
54, 416, 57, 77
54, 165, 57, 58
54, 294, 57, 73
54, 426, 57, 34
54, 431, 57, 2
54, 437, 57, 64
54, 314, 57, 69
54, 580, 57, 59
54, 455, 57, 92
54, 333, 57, 8
54, 206, 57, 24
54, 362, 57, 83
54, 365, 57, 26
54, 516, 58, 34
54, 37, 58, 33
54, 325, 58, 99
54, 264, 58, 18
54, 488, 58, 28
54, 205, 58, 36
54, 142, 58, 97
54, 463, 58, 63
54, 176, 58, 89
54, 17, 58, 18
54, 241, 58, 82
54, 19, 58, 90
54, 374, 58, 41
54, 153, 58, 22
54, 251, 58, 24
54, 477, 58, 81
54, 286, 58, 54
54, 487, 59, 55
54, 456, 59, 60
54, 77, 59, 72
54, 471, 59, 53
54, 121, 59, 91
54, 323, 60, 90
54, 331, 60, 38
54, 48, 60, 89
54, 437, 60, 64
54, 598, 60, 4
54, 311, 60, 29
54, 130, 61, 60
54, 386, 61, 74
54, 260, 61, 24
54, 258, 61, 25
54, 263, 61, 20
54, 535, 61, 60
54, 407, 61, 76
54, 284, 61, 100
54, 159, 61, 52
54, 546, 61, 3
54, 37, 61, 33
54, 169, 61, 12
54, 54, 61, 32
54, 575, 61, 97
54, 578, 61, 67
54, 207, 61, 92
54, 339, 61, 98
54, 481, 61, 43
54, 98, 61, 96
54, 226, 61, 76
54, 114, 61, 75
54, 577, 62, 13
54, 257, 62, 98
54, 376, 62, 75
54, 421, 62, 87
54, 519, 62, 27
54, 393, 62, 99
54, 361, 62, 56
54, 526, 62, 24
54, 206, 62, 24
54, 408, 62, 43
54, 185, 62, 11
54, 56, 62, 75
54, 92, 62, 86
54, 286, 63, 54
54, 417, 63, 55
54, 292, 63, 5
54, 39, 63, 30
54, 432, 63, 8
54, 435, 63, 50
54, 438, 63, 69
54, 568, 63, 9
54, 314, 63, 69
54, 444, 63, 79
54, 189, 63, 100
54, 324, 63, 34
54, 581, 63, 72
54, 580, 63, 59
54, 71, 63, 87
54, 204, 63, 64
54, 590, 63, 39
54, 338, 63, 91
54, 343, 63, 14
54, 357, 63, 3
54, 487, 63, 55
54, 497, 63, 11
54, 498, 63, 97
54, 227, 64, 22
54, 486, 64, 68
54, 390, 64, 96
54, 13, 64, 17
54, 367, 64, 38
54, 50, 64, 85
54, 307, 64, 27
54, 86, 64, 86
54, 87, 64, 16
54, 548, 65, 65
54, 133, 65, 82
54, 91, 65, 68
54, 267, 65, 93
54, 139, 65, 43
54, 587, 65, 49
54, 426, 65, 34
54, 495, 65, 36
54, 146, 65, 56
54, 115, 65, 70
54, 500, 65, 96
54, 149, 65, 43
54, 440, 65, 51
54, 475, 65, 91
54, 1, 66, 22
54, 406, 66, 51
54, 38, 66, 6
54, 553, 66, 24
54, 43, 66, 15
54, 172, 66, 40
54, 51, 66, 18
54, 179, 66, 37
54, 181, 66, 21
54, 60, 66, 6
54, 592, 66, 14
54, 208, 66, 95
54, 472, 66, 52
54, 474, 66, 67
54, 93, 66, 100
54, 477, 66, 81
54, 225, 66, 13
54, 488, 66, 28
54, 366, 66, 76
54, 246, 66, 89
54, 504, 66, 81
54, 250, 66, 64
54, 257, 67, 98
54, 8, 67, 90
54, 10, 67, 60
54, 141, 67, 52
54, 405, 67, 9
54, 283, 67, 5
54, 412, 67, 31
54, 295, 67, 91
54, 44, 67, 68
54, 175, 67, 72
54, 47, 67, 100
54, 186, 67, 23
54, 61, 67, 90
54, 575, 67, 97
54, 197, 67, 16
54, 216, 67, 75
54, 347, 67, 13
54, 477, 67, 81
54, 96, 67, 11
54, 493, 67, 31
54, 126, 67, 16
54, 383, 67, 17
54, 512, 68, 68
54, 513, 68, 57
54, 4, 68, 14
54, 132, 68, 71
54, 262, 68, 48
54, 264, 68, 18
54, 8, 68, 90
54, 30, 68, 77
54, 417, 68, 55
54, 419, 68, 66
54, 551, 68, 21
54, 557, 68, 93
54, 302, 68, 77
54, 565, 68, 47
54, 576, 68, 48
54, 193, 68, 61
54, 581, 68, 72
54, 325, 68, 99
54, 472, 68, 52
54, 482, 68, 7
54, 358, 68, 50
54, 245, 68, 78
54, 506, 68, 25
54, 289, 69, 73
54, 322, 69, 3
54, 163, 69, 62
54, 164, 69, 69
54, 325, 69, 99
54, 201, 69, 96
54, 587, 69, 49
54, 590, 69, 39
54, 594, 69, 99
54, 180, 69, 63
54, 247, 69, 98
54, 250, 69, 64
54, 0, 70, 5
54, 129, 70, 88
54, 577, 70, 13
54, 69, 70, 30
54, 391, 70, 56
54, 271, 70, 8
54, 560, 70, 99
54, 338, 70, 91
54, 371, 70, 78
54, 51, 70, 18
54, 597, 70, 21
54, 52, 70, 28
54, 279, 70, 55
54, 88, 70, 17
54, 406, 70, 51
54, 378, 70, 40
54, 61, 70, 90
54, 576, 71, 48
54, 545, 71, 24
54, 4, 71, 14
54, 198, 71, 17
54, 423, 71, 76
54, 79, 71, 25
54, 405, 71, 9
54, 566, 71, 3
54, 25, 71, 87
54, 450, 72, 34
54, 579, 72, 15
54, 39, 72, 30
54, 200, 72, 57
54, 330, 72, 59
54, 267, 72, 93
54, 397, 72, 7
54, 399, 72, 59
54, 275, 72, 19
54, 536, 72, 97
54, 13, 73, 17
54, 27, 73, 81
54, 157, 73, 74
54, 543, 73, 9
54, 552, 73, 19
54, 434, 73, 19
54, 180, 73, 63
54, 438, 73, 69
54, 311, 73, 29
54, 566, 73, 3
54, 313, 73, 2
54, 73, 73, 9
54, 78, 73, 74
54, 462, 73, 61
54, 337, 73, 85
54, 593, 73, 88
54, 88, 73, 17
54, 347, 73, 13
54, 476, 73, 57
54, 486, 73, 68
54, 491, 73, 6
54, 236, 73, 11
54, 124, 73, 35
54, 129, 74, 88
54, 516, 74, 34
54, 263, 74, 20
54, 17, 74, 18
54, 280, 74, 5
54, 410, 74, 13
54, 288, 74, 15
54, 40, 74, 56
54, 310, 74, 31
54, 456, 74, 60
54, 333, 74, 8
54, 338, 74, 91
54, 467, 74, 3
54, 474, 74, 67
54, 92, 74, 86
54, 358, 74, 50
54, 109, 74, 44
54, 244, 74, 51
54, 118, 74, 16
54, 288, 75, 15
54, 161, 75, 80
54, 195, 75, 70
54, 548, 75, 65
54, 324, 75, 34
54, 490, 75, 44
54, 492, 75, 59
54, 494, 75, 20
54, 111, 75, 99
54, 305, 75, 1
54, 561, 75, 92
54, 51, 75, 18
54, 20, 75, 22
54, 182, 75, 90
54, 567, 75, 38
54, 349, 75, 19
54, 287, 75, 79
54, 259, 76, 72
54, 389, 76, 69
54, 293, 76, 61
54, 104, 76, 30
54, 586, 76, 75
54, 491, 76, 6
54, 171, 76, 71
54, 142, 76, 97
54, 500, 76, 96
54, 405, 76, 9
54, 344, 76, 6
54, 417, 77, 55
54, 132, 77, 71
54, 68, 77, 22
54, 359, 77, 51
54, 11, 77, 70
54, 241, 77, 82
54, 469, 77, 31
54, 278, 77, 73
54, 186, 77, 23
54, 356, 78, 69
54, 415, 78, 89
54, 427, 78, 84
54, 270, 78, 4
54, 272, 78, 87
54, 530, 78, 40
54, 20, 78, 22
54, 373, 78, 47
54, 150, 78, 73
54, 569, 78, 93
54, 122, 78, 12
54, 92, 78, 86
54, 479, 78, 79
54, 161, 79, 80
54, 196, 79, 95
54, 137, 79, 52
54, 500, 79, 96
54, 503, 79, 34
54, 24, 79, 80
54, 380, 79, 74
54, 350, 79, 9
54, 480, 80, 28
54, 231, 80, 58
54, 267, 80, 93
54, 308, 80, 45
54, 533, 80, 35
54, 134, 81, 44
54, 394, 81, 38
54, 401, 81, 26
54, 535, 81, 60
54, 416, 81, 77
54, 33, 81, 40
54, 546, 81, 3
54, 163, 81, 62
54, 165, 81, 58
54, 422, 81, 77
54, 302, 81, 77
54, 443, 81, 69
54, 451, 81, 58
54, 324, 81, 34
54, 326, 81, 4
54, 200, 81, 57
54, 80, 81, 75
54, 467, 81, 3
54, 485, 81, 56
54, 231, 81, 58
54, 501, 81, 22
54, 416, 82, 77
54, 36, 82, 80
54, 4, 82, 14
54, 325, 82, 99
54, 519, 82, 27
54, 391, 82, 56
54, 267, 82, 93
54, 140, 82, 92
54, 397, 82, 7
54, 592, 82, 14
54, 433, 82, 82
54, 340, 82, 73
54, 308, 82, 45
54, 599, 82, 96
54, 314, 82, 69
54, 480, 83, 28
54, 376, 83, 75
54, 140, 83, 92
54, 173, 83, 85
54, 14, 83, 96
54, 305, 83, 1
54, 211, 83, 40
54, 312, 83, 69
54, 68, 84, 22
54, 359, 84, 51
54, 586, 84, 75
54, 11, 84, 70
54, 238, 84, 52
54, 207, 84, 92
54, 16, 84, 50
54, 594, 84, 99
54, 147, 84, 20
54, 30, 84, 77
54, 311, 84, 29
54, 89, 84, 92
54, 378, 84, 40
54, 251, 84, 24
54, 413, 84, 91
54, 350, 84, 9
54, 512, 85, 68
54, 509, 85, 18
54, 12, 85, 13
54, 270, 85, 4
54, 17, 85, 18
54, 29, 85, 70
54, 35, 85, 94
54, 423, 85, 76
54, 554, 85, 19
54, 44, 85, 68
54, 62, 85, 59
54, 321, 85, 88
54, 323, 85, 90
54, 78, 85, 74
54, 80, 85, 75
54, 215, 85, 32
54, 480, 85, 28
54, 352, 85, 76
54, 368, 85, 65
54, 374, 85, 41
54, 376, 85, 75
54, 253, 85, 28
54, 255, 85, 84
54, 452, 86, 60
54, 461, 86, 58
54, 78, 86, 74
54, 558, 86, 85
54, 177, 86, 3
54, 309, 86, 86
54, 59, 86, 29
54, 405, 87, 9
54, 284, 87, 100
54, 412, 87, 31
54, 419, 87, 66
54, 163, 87, 62
54, 298, 87, 8
54, 428, 87, 28
54, 47, 87, 100
54, 561, 87, 92
54, 307, 87, 27
54, 183, 87, 75
54, 449, 87, 25
54, 450, 87, 34
54, 455, 87, 92
54, 212, 87, 91
54, 597, 87, 21
54, 478, 87, 39
54, 479, 87, 79
54, 480, 87, 28
54, 232, 87, 9
54, 107, 87, 45
54, 493, 87, 31
54, 110, 87, 47
54, 247, 87, 98
54, 424, 88, 97
54, 137, 88, 52
54, 139, 88, 43
54, 397, 88, 7
54, 214, 88, 87
54, 534, 88, 90
54, 474, 88, 67
54, 413, 88, 91
54, 286, 88, 54
54, 326, 89, 4
54, 167, 89, 100
54, 262, 89, 48
54, 494, 89, 20
54, 175, 89, 72
54, 336, 89, 6
54, 369, 89, 47
54, 502, 89, 56
54, 92, 89, 86
54, 391, 90, 56
54, 560, 90, 99
54, 179, 90, 37
54, 156, 90, 56
54, 413, 90, 91
54, 578, 91, 67
54, 425, 91, 31
54, 139, 91, 43
54, 492, 91, 59
54, 302, 91, 77
54, 79, 91, 25
54, 81, 91, 20
54, 339, 91, 98
54, 246, 91, 89
54, 256, 92, 55
54, 134, 92, 44
54, 456, 92, 60
54, 238, 92, 52
54, 278, 92, 73
54, 347, 92, 13
54, 510, 92, 65
54, 128, 93, 13
54, 417, 93, 55
54, 257, 93, 98
54, 522, 93, 36
54, 494, 93, 20
54, 115, 93, 70
54, 190, 93, 48
54, 447, 93, 53
54, 96, 94, 11
54, 9, 94, 97
54, 301, 94, 88
54, 109, 94, 44
54, 433, 94, 82
54, 310, 94, 31
54, 119, 94, 63
54, 312, 94, 69
54, 185, 94, 11
54, 58, 94, 72
54, 251, 94, 24
54, 226, 95, 76
54, 101, 95, 5
54, 422, 95, 77
54, 522, 95, 36
54, 236, 95, 11
54, 76, 95, 37
54, 17, 95, 18
54, 118, 95, 16
54, 439, 95, 57
54, 120, 95, 45
54, 443, 95, 69
54, 191, 95, 27
54, 546, 96, 3
54, 68, 96, 22
54, 327, 96, 72
54, 265, 96, 22
54, 267, 96, 93
54, 309, 96, 86
54, 22, 96, 44
54, 565, 96, 47
54, 566, 96, 3
54, 421, 97, 87
54, 135, 97, 99
54, 391, 97, 56
54, 366, 97, 76
54, 80, 97, 75
54, 148, 97, 65
54, 278, 97, 73
54, 311, 97, 29
54, 472, 97, 52
54, 183, 97, 75
54, 538, 97, 72
54, 28, 97, 71
54, 318, 97, 9
54, 543, 97, 9
54, 32, 98, 67
54, 129, 98, 88
54, 258, 98, 25
54, 128, 98, 13
54, 65, 98, 54
54, 427, 98, 84
54, 44, 98, 68
54, 588, 98, 25
54, 402, 98, 94
54, 211, 98, 40
54, 404, 98, 18
54, 372, 98, 49
54, 157, 98, 74
54, 252, 98, 10
54, 598, 98, 4
54, 570, 98, 67
54, 188, 98, 33
54, 285, 98, 79
54, 546, 99, 3
54, 452, 99, 60
54, 197, 99, 16
54, 423, 99, 76
54, 552, 99, 19
54, 137, 99, 52
54, 362, 99, 83
54, 361, 99, 56
54, 269, 99, 69
54, 242, 99, 80
54, 339, 99, 98
54, 52, 99, 28
54, 568, 99, 9
54, 314, 99, 69
54, 223, 99, 99
54, 289, 100, 73
54, 353, 100, 78
54, 326, 100, 4
54, 139, 100, 43
54, 108, 100, 83
54, 77, 100, 72
54, 402, 100, 94
54, 407, 100, 76
54, 415, 100, 89
54, 10, 101, 60
54, 12, 101, 13
54, 13, 101, 17
54, 151, 101, 8
54, 411, 101, 16
54, 415, 101, 89
54, 38, 101, 6
54, 555, 101, 36
54, 299, 101, 38
54, 50, 101, 85
54, 310, 101, 31
54, 316, 101, 67
54, 191, 101, 27
54, 199, 101, 9
54, 207, 101, 92
54, 79, 101, 25
54, 81, 101, 20
54, 345, 101, 77
54, 479, 101, 79
54, 97, 101, 52
54, 363, 101, 25
54, 239, 101, 83
54, 503, 101, 34
54, 511, 101, 76
54, 517, 102, 39
54, 13, 102, 17
54, 525, 102, 93
54, 150, 102, 73
54, 23, 102, 58
54, 538, 102, 72
54, 283, 102, 5
54, 154, 102, 7
54, 165, 102, 58
54, 169, 102, 12
54, 44, 102, 68
54, 45, 102, 46
54, 558, 102, 85
54, 560, 102, 99
54, 311, 102, 29
54, 445, 102, 76
54, 448, 102, 80
54, 338, 102, 91
54, 342, 102, 79
54, 472, 102, 52
54, 220, 102, 15
54, 228, 102, 32
54, 510, 102, 65
54, 288, 103, 15
54, 545, 103, 24
54, 259, 103, 72
54, 423, 103, 76
54, 298, 103, 8
54, 507, 103, 67
54, 90, 103, 80
54, 251, 103, 24
54, 383, 103, 17
54, 421, 104, 87
54, 391, 104, 56
54, 105, 104, 74
54, 172, 104, 40
54, 46, 104, 37
54, 403, 104, 25
54, 84, 104, 33
54, 54, 104, 32
54, 120, 104, 45
54, 313, 104, 2
54, 388, 105, 5
54, 10, 105, 60
54, 530, 105, 40
54, 534, 105, 90
54, 409, 105, 65
54, 288, 105, 15
54, 163, 105, 62
54, 36, 105, 80
54, 169, 105, 12
54, 554, 105, 19
54, 311, 105, 29
54, 64, 105, 5
54, 196, 105, 95
54, 334, 105, 70
54, 463, 105, 63
54, 470, 105, 93
54, 346, 105, 75
54, 490, 105, 44
54, 362, 105, 83
54, 235, 105, 90
54, 373, 105, 47
54, 247, 105, 98
54, 255, 105, 84
54, 576, 106, 48
54, 289, 106, 73
54, 546, 106, 3
54, 386, 106, 74
54, 420, 106, 68
54, 161, 106, 80
54, 390, 106, 96
54, 552, 106, 19
54, 41, 106, 93
54, 587, 106, 49
54, 378, 106, 40
54, 306, 106, 76
54, 83, 106, 34
54, 181, 106, 21
54, 309, 106, 86
54, 89, 106, 92
54, 346, 106, 75
54, 27, 106, 81
54, 512, 107, 68
54, 97, 107, 52
54, 576, 107, 48
54, 515, 107, 13
54, 420, 107, 68
54, 389, 107, 69
54, 514, 107, 40
54, 521, 107, 54
54, 553, 107, 24
54, 265, 107, 22
54, 9, 107, 97
54, 523, 107, 24
54, 329, 107, 98
54, 431, 107, 2
54, 493, 107, 31
54, 114, 107, 75
54, 504, 107, 81
54, 415, 107, 89
54, 129, 108, 88
54, 515, 108, 13
54, 3, 108, 15
54, 520, 108, 80
54, 524, 108, 43
54, 529, 108, 62
54, 151, 108, 8
54, 156, 108, 56
54, 159, 108, 52
54, 166, 108, 36
54, 294, 108, 73
54, 309, 108, 86
54, 58, 108, 72
54, 445, 108, 76
54, 194, 108, 43
54, 80, 108, 75
54, 354, 108, 28
54, 107, 108, 45
54, 108, 108, 83
54, 239, 108, 83
54, 245, 108, 78
54, 380, 108, 74
54, 509, 108, 18
54, 3, 109, 15
54, 6, 109, 86
54, 520, 109, 80
54, 524, 109, 43
54, 400, 109, 70
54, 275, 109, 19
54, 155, 109, 89
54, 431, 109, 2
54, 306, 109, 76
54, 191, 109, 27
54, 449, 109, 25
54, 453, 109, 7
54, 77, 109, 72
54, 78, 109, 74
54, 335, 109, 39
54, 222, 109, 63
54, 95, 109, 49
54, 226, 109, 76
54, 379, 109, 26
54, 320, 110, 11
54, 33, 110, 40
54, 576, 110, 48
54, 259, 110, 72
54, 68, 110, 22
54, 547, 110, 7
54, 518, 110, 49
54, 519, 110, 27
54, 359, 110, 51
54, 59, 110, 29
54, 552, 110, 19
54, 174, 110, 7
54, 207, 110, 92
54, 272, 110, 87
54, 271, 110, 8
54, 313, 110, 2
54, 571, 110, 34
54, 30, 110, 77
54, 480, 111, 28
54, 257, 111, 98
54, 98, 111, 96
54, 576, 111, 48
54, 420, 111, 68
54, 582, 111, 4
54, 122, 111, 12
54, 297, 111, 6
54, 205, 111, 36
54, 378, 111, 40
54, 59, 111, 29
54, 8, 112, 90
54, 137, 112, 52
54, 142, 112, 97
54, 143, 112, 28
54, 156, 112, 56
54, 288, 112, 15
54, 44, 112, 68
54, 306, 112, 76
54, 181, 112, 21
54, 182, 112, 90
54, 442, 112, 11
54, 326, 112, 4
54, 456, 112, 60
54, 585, 112, 74
54, 594, 112, 99
54, 338, 112, 91
54, 596, 112, 19
54, 341, 112, 72
54, 347, 112, 13
54, 351, 112, 94
54, 105, 112, 74
54, 361, 112, 56
54, 506, 112, 25
54, 548, 113, 65
54, 102, 113, 32
54, 582, 113, 4
54, 138, 113, 67
54, 235, 113, 90
54, 523, 113, 24
54, 334, 113, 70
54, 531, 113, 70
54, 149, 113, 43
54, 181, 113, 21
54, 314, 113, 69
54, 126, 113, 16
54, 63, 113, 69
54, 160, 114, 4
54, 353, 114, 78
54, 98, 114, 96
54, 514, 114, 40
54, 227, 114, 22
54, 358, 114, 50
54, 263, 114, 20
54, 42, 114, 34
54, 363, 114, 25
54, 172, 114, 40
54, 299, 114, 38
54, 46, 114, 37
54, 364, 114, 93
54, 178, 114, 28
54, 53, 114, 36
54, 281, 114, 94
54, 60, 114, 6
54, 485, 115, 56
54, 583, 115, 97
54, 233, 115, 90
54, 426, 115, 34
54, 427, 115, 84
54, 203, 115, 50
54, 369, 115, 47
54, 261, 116, 98
54, 393, 116, 99
54, 10, 116, 60
54, 139, 116, 43
54, 524, 116, 43
54, 24, 116, 80
54, 296, 116, 30
54, 313, 116, 2
54, 186, 116, 23
54, 448, 116, 80
54, 579, 116, 15
54, 596, 116, 19
54, 85, 116, 75
54, 86, 116, 86
54, 348, 116, 34
54, 479, 116, 79
54, 363, 116, 25
54, 126, 116, 16
54, 511, 116, 76
54, 544, 117, 71
54, 547, 117, 7
54, 454, 117, 56
54, 171, 117, 71
54, 267, 117, 93
54, 204, 117, 64
54, 462, 117, 61
54, 302, 117, 77
54, 46, 117, 37
54, 591, 117, 33
54, 181, 117, 21
54, 309, 117, 86
54, 346, 117, 75
54, 283, 117, 5
54, 380, 117, 74
54, 446, 117, 30
54, 384, 118, 28
54, 355, 118, 59
54, 261, 118, 98
54, 358, 118, 50
54, 551, 118, 21
54, 168, 118, 74
54, 167, 118, 100
54, 133, 118, 82
54, 235, 118, 90
54, 526, 118, 24
54, 272, 118, 87
54, 16, 118, 50
54, 466, 118, 40
54, 340, 118, 73
54, 158, 118, 80
54, 124, 118, 35
54, 542, 118, 86
54, 192, 119, 83
54, 129, 119, 88
54, 582, 119, 4
54, 71, 119, 87
54, 397, 119, 7
54, 49, 119, 20
54, 531, 119, 70
54, 117, 119, 72
54, 310, 119, 31
54, 218, 119, 50
54, 379, 119, 26
54, 452, 120, 60
54, 580, 120, 59
54, 166, 120, 36
54, 10, 120, 60
54, 564, 120, 83
54, 596, 120, 19
54, 340, 120, 73
54, 541, 120, 76
54, 514, 121, 40
54, 2, 121, 1
54, 147, 121, 20
54, 25, 121, 87
54, 27, 121, 81
54, 284, 121, 100
54, 32, 121, 67
54, 307, 121, 27
54, 315, 121, 37
54, 588, 121, 25
54, 464, 121, 27
54, 209, 121, 24
54, 465, 121, 61
54, 83, 121, 34
54, 467, 121, 3
54, 214, 121, 87
54, 599, 121, 96
54, 237, 121, 11
54, 111, 121, 99
54, 119, 121, 63
54, 249, 121, 61
54, 378, 121, 40
54, 586, 122, 75
54, 363, 122, 25
54, 170, 122, 18
54, 80, 122, 75
54, 403, 122, 25
54, 213, 122, 55
54, 540, 122, 48
54, 96, 123, 11
54, 321, 123, 88
54, 67, 123, 94
54, 164, 123, 69
54, 423, 123, 76
54, 264, 123, 18
54, 330, 123, 59
54, 203, 123, 50
54, 556, 123, 6
54, 298, 123, 8
54, 462, 123, 61
54, 205, 123, 36
54, 110, 123, 47
54, 561, 123, 92
54, 500, 123, 96
54, 341, 123, 72
54, 571, 123, 34
54, 382, 123, 32
54, 96, 124, 11
54, 130, 124, 60
54, 227, 124, 22
54, 70, 124, 84
54, 590, 124, 39
54, 399, 124, 59
54, 114, 124, 75
54, 467, 124, 3
54, 84, 124, 33
54, 597, 124, 21
54, 91, 124, 68
54, 476, 124, 57
54, 446, 124, 30
54, 31, 124, 41
54, 385, 125, 10
54, 1, 125, 22
54, 7, 125, 74
54, 405, 125, 9
54, 25, 125, 87
54, 281, 125, 94
54, 290, 125, 45
54, 167, 125, 100
54, 169, 125, 12
54, 308, 125, 45
54, 182, 125, 90
54, 62, 125, 59
54, 319, 125, 48
54, 196, 125, 95
54, 198, 125, 17
54, 199, 125, 9
54, 331, 125, 38
54, 597, 125, 21
54, 96, 125, 11
54, 228, 125, 32
54, 357, 125, 3
54, 114, 125, 75
54, 372, 125, 49
54, 119, 125, 63
54, 504, 125, 81
54, 354, 126, 28
54, 68, 126, 22
54, 454, 126, 56
54, 263, 126, 20
54, 250, 126, 64
54, 426, 126, 34
54, 335, 126, 39
54, 594, 126, 99
54, 407, 126, 76
54, 505, 126, 87
54, 90, 126, 80
54, 222, 126, 63
54, 287, 126, 79
54, 256, 127, 55
54, 225, 127, 13
54, 67, 127, 94
54, 249, 127, 61
54, 135, 127, 99
54, 332, 127, 57
54, 333, 127, 8
54, 172, 127, 40
54, 142, 127, 97
54, 429, 127, 72
54, 114, 127, 75
54, 413, 127, 91
54, 248, 127, 41
54, 89, 127, 92
54, 61, 127, 90
54, 30, 127, 77
54, 259, 128, 72
54, 393, 128, 99
54, 524, 128, 43
54, 144, 128, 7
54, 529, 128, 62
54, 20, 128, 22
54, 408, 128, 43
54, 412, 128, 31
54, 548, 128, 65
54, 38, 128, 6
54, 300, 128, 69
54, 183, 128, 75
54, 59, 128, 29
54, 195, 128, 70
54, 593, 128, 88
54, 596, 128, 19
54, 598, 128, 4
54, 89, 128, 92
54, 91, 128, 68
54, 481, 128, 43
54, 232, 128, 9
54, 507, 128, 67
54, 130, 129, 60
54, 267, 129, 93
54, 12, 129, 13
54, 24, 129, 80
54, 538, 129, 72
54, 154, 129, 7
54, 541, 129, 76
54, 297, 129, 6
54, 429, 129, 72
54, 52, 129, 28
54, 67, 129, 94
54, 324, 129, 34
54, 68, 129, 22
54, 585, 129, 74
54, 74, 129, 87
54, 587, 129, 49
54, 81, 129, 20
54, 213, 129, 55
54, 214, 129, 87
54, 345, 129, 77
54, 99, 129, 93
54, 229, 129, 71
54, 107, 129, 45
54, 120, 129, 45
54, 419, 130, 66
54, 325, 130, 99
54, 107, 130, 45
54, 300, 130, 69
54, 427, 130, 84
54, 210, 130, 82
54, 278, 130, 73
54, 502, 130, 56
54, 444, 130, 79
54, 317, 130, 89
54, 65, 131, 54
54, 520, 131, 80
54, 46, 131, 37
54, 434, 131, 19
54, 502, 131, 56
54, 91, 131, 68
54, 64, 132, 5
54, 0, 132, 5
54, 2, 132, 1
54, 136, 132, 64
54, 297, 132, 6
54, 299, 132, 38
54, 205, 132, 36
54, 207, 132, 92
54, 48, 132, 89
54, 593, 132, 88
54, 178, 132, 28
54, 147, 132, 20
54, 211, 132, 40
54, 80, 132, 75
54, 189, 132, 100
54, 95, 132, 49
54, 65, 133, 54
54, 386, 133, 74
54, 322, 133, 3
54, 453, 133, 7
54, 230, 133, 13
54, 135, 133, 99
54, 200, 133, 57
54, 201, 133, 96
54, 408, 133, 43
54, 8, 133, 90
54, 366, 133, 76
54, 463, 133, 63
54, 462, 133, 61
54, 148, 133, 65
54, 504, 133, 81
54, 441, 133, 27
54, 251, 133, 24
54, 318, 133, 9
54, 227, 134, 22
54, 420, 134, 68
54, 478, 134, 39
54, 517, 134, 39
54, 167, 134, 100
54, 423, 134, 76
54, 523, 134, 24
54, 219, 134, 86
54, 403, 134, 25
54, 371, 134, 78
54, 405, 134, 9
54, 52, 134, 28
54, 30, 134, 77
54, 377, 134, 19
54, 476, 134, 57
54, 124, 134, 35
54, 94, 134, 17
54, 375, 134, 92
54, 192, 135, 83
54, 225, 135, 13
54, 354, 135, 28
54, 258, 135, 25
54, 552, 135, 19
54, 553, 135, 24
54, 425, 135, 31
54, 520, 135, 80
54, 463, 135, 63
54, 240, 135, 58
54, 82, 135, 84
54, 114, 135, 75
54, 338, 135, 91
54, 247, 135, 98
54, 188, 135, 33
54, 223, 135, 99
54, 551, 136, 21
54, 295, 136, 91
54, 174, 136, 7
54, 241, 136, 82
54, 563, 136, 49
54, 345, 136, 77
54, 477, 136, 81
54, 162, 137, 58
54, 67, 137, 94
54, 131, 137, 81
54, 164, 137, 69
54, 358, 137, 50
54, 166, 137, 36
54, 473, 137, 6
54, 268, 137, 46
54, 205, 137, 36
54, 335, 137, 39
54, 176, 137, 89
54, 16, 137, 50
54, 84, 137, 33
54, 309, 137, 86
54, 185, 137, 11
54, 347, 137, 13
54, 588, 138, 25
54, 529, 138, 62
54, 243, 138, 14
54, 469, 138, 31
54, 342, 138, 79
54, 135, 139, 99
54, 397, 139, 7
54, 22, 139, 44
54, 287, 139, 79
54, 161, 139, 80
54, 417, 139, 55
54, 36, 139, 80
54, 167, 139, 100
54, 44, 139, 68
54, 301, 139, 88
54, 573, 139, 66
54, 65, 139, 54
54, 451, 139, 58
54, 580, 139, 59
54, 592, 139, 14
54, 80, 139, 75
54, 210, 139, 82
54, 220, 139, 15
54, 94, 139, 17
54, 98, 139, 96
54, 357, 139, 3
54, 485, 139, 56
54, 363, 139, 25
54, 243, 139, 14
54, 377, 139, 19
54, 579, 140, 15
54, 36, 140, 80
54, 70, 140, 84
54, 232, 140, 9
54, 395, 140, 43
54, 44, 140, 68
54, 269, 140, 69
54, 270, 140, 4
54, 460, 140, 91
54, 496, 140, 16
54, 493, 140, 31
54, 532, 140, 65
54, 373, 140, 47
54, 568, 140, 9
54, 153, 140, 22
54, 315, 140, 37
54, 380, 140, 74
54, 514, 141, 40
54, 262, 141, 48
54, 528, 141, 99
54, 403, 141, 25
54, 533, 141, 35
54, 550, 141, 19
54, 42, 141, 34
54, 428, 141, 28
54, 439, 141, 57
54, 56, 141, 75
54, 190, 141, 48
54, 66, 141, 61
54, 325, 141, 99
54, 197, 141, 16
54, 327, 141, 72
54, 583, 141, 97
54, 336, 141, 6
54, 211, 141, 40
54, 214, 141, 87
54, 217, 141, 7
54, 500, 141, 96
54, 376, 141, 75
54, 378, 141, 40
54, 511, 141, 76
54, 256, 142, 55
54, 7, 142, 74
54, 424, 142, 97
54, 527, 142, 13
54, 339, 142, 98
54, 438, 142, 69
54, 503, 142, 34
54, 125, 142, 81
54, 580, 143, 59
54, 5, 143, 82
54, 329, 143, 98
54, 234, 143, 39
54, 73, 143, 9
54, 47, 143, 100
54, 124, 143, 35
54, 145, 143, 48
54, 19, 143, 90
54, 84, 143, 33
54, 597, 143, 21
54, 85, 143, 75
54, 469, 143, 31
54, 536, 143, 97
54, 249, 143, 61
54, 59, 143, 29
54, 540, 143, 48
54, 477, 143, 81
54, 97, 144, 52
54, 450, 144, 34
54, 420, 144, 68
54, 229, 144, 71
54, 376, 144, 75
54, 264, 144, 18
54, 206, 144, 24
54, 431, 144, 2
54, 531, 144, 70
54, 501, 144, 22
54, 221, 144, 9
54, 125, 144, 81
54, 65, 145, 54
54, 450, 145, 34
54, 130, 145, 60
54, 485, 145, 56
54, 6, 145, 86
54, 490, 145, 44
54, 107, 145, 45
54, 203, 145, 50
54, 558, 145, 85
54, 113, 145, 81
54, 19, 145, 90
54, 150, 145, 73
54, 59, 145, 29
54, 188, 145, 33
54, 478, 145, 39
54, 515, 146, 13
54, 520, 146, 80
54, 273, 146, 74
54, 23, 146, 58
54, 411, 146, 16
54, 157, 146, 74
54, 303, 146, 16
54, 311, 146, 29
54, 312, 146, 69
54, 196, 146, 95
54, 586, 146, 75
54, 461, 146, 58
54, 337, 146, 85
54, 594, 146, 99
54, 85, 146, 75
54, 344, 146, 6
54, 357, 146, 3
54, 102, 146, 32
54, 493, 146, 31
54, 494, 146, 20
54, 115, 146, 70
54, 376, 146, 75
54, 511, 146, 76
54, 325, 147, 99
54, 210, 147, 82
54, 435, 147, 50
54, 403, 147, 25
54, 116, 147, 58
54, 502, 147, 56
54, 57, 147, 25
54, 187, 147, 75
54, 134, 148, 44
54, 551, 148, 21
54, 486, 148, 68
54, 42, 148, 34
54, 396, 148, 25
54, 527, 148, 13
54, 93, 148, 100
54, 53, 148, 36
54, 407, 148, 76
54, 440, 148, 51
54, 247, 148, 98
54, 316, 148, 67
54, 573, 148, 66
54, 94, 148, 17
54, 1, 149, 22
54, 354, 149, 28
54, 133, 149, 82
54, 390, 149, 96
54, 520, 149, 80
54, 236, 149, 11
54, 378, 149, 40
54, 47, 149, 100
54, 368, 149, 65
54, 115, 149, 70
54, 468, 149, 68
54, 375, 149, 92
54, 24, 149, 80
54, 26, 149, 33
54, 221, 149, 9
54, 413, 149, 91
54, 445, 149, 76
54, 17, 150, 18
54, 529, 150, 62
54, 404, 150, 18
54, 533, 150, 35
54, 411, 150, 16
54, 414, 150, 5
54, 169, 150, 12
54, 43, 150, 15
54, 47, 150, 100
54, 51, 150, 18
54, 181, 150, 21
54, 186, 150, 23
54, 68, 150, 22
54, 71, 150, 87
54, 586, 150, 75
54, 478, 150, 39
54, 231, 150, 58
54, 365, 150, 26
54, 245, 150, 78
54, 253, 150, 28
54, 7, 151, 74
54, 270, 151, 4
54, 17, 151, 18
54, 415, 151, 89
54, 543, 151, 9
54, 36, 151, 80
54, 549, 151, 26
54, 296, 151, 30
54, 554, 151, 19
54, 171, 151, 71
54, 571, 151, 34
54, 192, 151, 83
54, 328, 151, 90
54, 75, 151, 80
54, 92, 151, 86
54, 353, 151, 78
54, 485, 151, 56
54, 230, 151, 13
54, 103, 151, 52
54, 360, 151, 68
54, 493, 151, 31
54, 240, 151, 58
54, 369, 151, 47
54, 247, 151, 98
54, 506, 151, 25
54, 542, 152, 86
54, 234, 152, 39
54, 111, 152, 99
54, 272, 152, 87
54, 593, 152, 88
54, 274, 152, 45
54, 85, 152, 75
54, 30, 152, 77
54, 536, 152, 97
54, 88, 152, 17
54, 446, 152, 30
54, 324, 153, 34
54, 294, 153, 73
54, 454, 153, 56
54, 552, 153, 19
54, 8, 153, 90
54, 142, 153, 97
54, 560, 153, 99
54, 497, 153, 11
54, 437, 153, 64
54, 473, 153, 6
54, 572, 153, 24
54, 261, 154, 98
54, 521, 154, 54
54, 138, 154, 67
54, 34, 154, 6
54, 163, 154, 62
54, 170, 154, 18
54, 427, 154, 84
54, 175, 154, 72
54, 187, 154, 75
54, 445, 154, 76
54, 194, 154, 43
54, 195, 154, 70
54, 201, 154, 96
54, 85, 154, 75
54, 87, 154, 16
54, 472, 154, 52
54, 225, 154, 13
54, 362, 154, 83
54, 363, 154, 25
54, 124, 154, 35
54, 126, 154, 16
54, 163, 155, 62
54, 100, 155, 21
54, 455, 155, 92
54, 7, 155, 74
54, 173, 155, 85
54, 110, 155, 47
54, 274, 155, 45
54, 247, 155, 98
54, 256, 156, 55
54, 130, 156, 60
54, 388, 156, 5
54, 11, 156, 70
54, 276, 156, 54
54, 155, 156, 89
54, 540, 156, 48
54, 417, 156, 55
54, 161, 156, 80
54, 169, 156, 12
54, 171, 156, 71
54, 44, 156, 68
54, 427, 156, 84
54, 175, 156, 72
54, 176, 156, 89
54, 432, 156, 8
54, 185, 156, 11
54, 57, 156, 25
54, 64, 156, 5
54, 458, 156, 77
54, 215, 156, 32
54, 225, 156, 13
54, 492, 156, 59
54, 501, 156, 22
54, 253, 156, 28
54, 544, 157, 71
54, 130, 157, 60
54, 483, 157, 8
54, 9, 157, 97
54, 330, 157, 59
54, 401, 157, 26
54, 274, 157, 45
54, 570, 157, 67
54, 314, 157, 69
54, 219, 157, 86
54, 383, 157, 17
54, 131, 158, 81
54, 228, 158, 32
54, 583, 158, 97
54, 329, 158, 98
54, 393, 158, 99
54, 180, 158, 63
54, 534, 158, 90
54, 440, 158, 51
54, 409, 158, 65
54, 186, 158, 23
54, 25, 158, 87
54, 516, 159, 34
54, 168, 159, 74
54, 172, 159, 40
54, 365, 159, 26
54, 147, 159, 20
54, 20, 159, 22
54, 470, 159, 93
54, 439, 159, 57
54, 249, 159, 61
54, 1, 160, 22
54, 514, 160, 40
54, 4, 160, 14
54, 270, 160, 4
54, 19, 160, 90
54, 406, 160, 51
54, 23, 160, 58
54, 161, 160, 80
54, 422, 160, 77
54, 173, 160, 85
54, 432, 160, 8
54, 49, 160, 20
54, 189, 160, 100
54, 318, 160, 9
54, 80, 160, 75
54, 466, 160, 40
54, 595, 160, 71
54, 340, 160, 73
54, 219, 160, 86
54, 233, 160, 90
54, 375, 160, 92
54, 506, 160, 25
54, 288, 161, 15
54, 15, 161, 55
54, 528, 161, 99
54, 80, 161, 75
54, 114, 161, 75
54, 527, 161, 13
54, 116, 161, 58
54, 93, 161, 100
54, 159, 161, 52
54, 99, 162, 93
54, 35, 162, 94
54, 263, 162, 20
54, 360, 162, 68
54, 105, 162, 74
54, 331, 162, 38
54, 78, 162, 74
54, 340, 162, 73
54, 149, 162, 43
54, 573, 162, 66
54, 62, 162, 59
54, 453, 163, 7
54, 392, 163, 65
54, 297, 163, 6
54, 598, 163, 4
54, 406, 163, 51
54, 184, 163, 94
54, 506, 163, 25
54, 63, 163, 69
54, 197, 164, 16
54, 103, 164, 52
54, 41, 164, 93
54, 361, 164, 56
54, 525, 164, 93
54, 369, 164, 47
54, 273, 164, 74
54, 570, 164, 67
54, 379, 164, 26
54, 286, 164, 54
54, 224, 165, 18
54, 6, 165, 86
54, 314, 165, 69
54, 526, 165, 24
54, 175, 165, 72
54, 562, 165, 60
54, 474, 165, 67
54, 251, 165, 24
54, 350, 165, 9
54, 255, 165, 84
54, 384, 166, 28
54, 514, 166, 40
54, 259, 166, 72
54, 517, 166, 39
54, 521, 166, 54
54, 394, 166, 38
54, 411, 166, 16
54, 541, 166, 76
54, 163, 166, 62
54, 297, 166, 6
54, 569, 166, 93
54, 576, 166, 48
54, 78, 166, 74
54, 464, 166, 27
54, 471, 166, 53
54, 477, 166, 81
54, 351, 166, 94
54, 104, 166, 30
54, 243, 166, 14
54, 506, 166, 25
54, 577, 167, 13
54, 291, 167, 82
54, 4, 167, 14
54, 579, 167, 15
54, 293, 167, 61
54, 8, 167, 90
54, 493, 167, 31
54, 334, 167, 70
54, 15, 167, 55
54, 365, 167, 26
54, 115, 167, 70
54, 221, 167, 9
54, 129, 168, 88
54, 354, 168, 28
54, 34, 168, 6
54, 198, 168, 17
54, 113, 168, 81
54, 594, 168, 99
54, 372, 168, 49
54, 212, 168, 91
54, 247, 168, 98
54, 184, 168, 94
54, 569, 168, 93
54, 154, 168, 7
54, 444, 168, 79
54, 413, 168, 91
54, 95, 168, 49
54, 128, 169, 13
54, 228, 169, 32
54, 485, 169, 56
54, 357, 169, 3
54, 520, 169, 80
54, 521, 169, 54
54, 266, 169, 9
54, 491, 169, 6
54, 170, 169, 18
54, 589, 169, 91
54, 398, 169, 52
54, 177, 169, 3
54, 309, 169, 86
54, 183, 169, 75
54, 89, 169, 92
54, 60, 169, 6
54, 191, 169, 27
54, 488, 170, 28
54, 521, 170, 54
54, 511, 170, 76
54, 333, 170, 8
54, 463, 170, 63
54, 528, 170, 99
54, 244, 170, 51
54, 475, 170, 91
54, 91, 170, 68
54, 415, 170, 89
54, 324, 171, 34
54, 363, 171, 25
54, 365, 171, 26
54, 179, 171, 37
54, 54, 171, 32
54, 153, 171, 22
54, 383, 171, 17
54, 130, 172, 60
54, 515, 172, 13
54, 387, 172, 15
54, 264, 172, 18
54, 401, 172, 26
54, 274, 172, 45
54, 27, 172, 81
54, 164, 172, 69
54, 165, 172, 58
54, 428, 172, 28
54, 60, 172, 6
54, 573, 172, 66
54, 323, 172, 90
54, 454, 172, 56
54, 333, 172, 8
54, 478, 172, 39
54, 94, 172, 17
54, 230, 172, 13
54, 489, 172, 37
54, 118, 172, 16
54, 381, 172, 83
54, 248, 173, 41
54, 258, 173, 25
54, 198, 173, 17
54, 230, 173, 13
54, 138, 173, 67
54, 139, 173, 43
54, 140, 173, 92
54, 120, 173, 45
54, 48, 173, 89
54, 376, 173, 75
54, 540, 173, 48
54, 291, 174, 82
54, 362, 174, 83
54, 368, 174, 65
54, 401, 174, 26
54, 383, 174, 17
54, 260, 175, 24
54, 7, 175, 74
54, 377, 175, 19
54, 138, 175, 67
54, 171, 175, 71
54, 139, 175, 43
54, 464, 175, 27
54, 81, 175, 20
54, 273, 175, 74
54, 530, 175, 40
54, 381, 175, 83
54, 89, 175, 92
54, 253, 175, 28
54, 95, 175, 49
54, 543, 175, 9
54, 514, 176, 40
54, 388, 176, 5
54, 134, 176, 44
54, 265, 176, 22
54, 274, 176, 45
54, 546, 176, 3
54, 432, 176, 8
54, 177, 176, 3
54, 51, 176, 18
54, 564, 176, 83
54, 315, 176, 37
54, 319, 176, 48
54, 65, 176, 54
54, 70, 176, 84
54, 328, 176, 90
54, 589, 176, 91
54, 464, 176, 27
54, 221, 176, 9
54, 94, 176, 17
54, 500, 176, 96
54, 253, 176, 28
54, 225, 177, 13
54, 481, 177, 43
54, 9, 177, 97
54, 524, 177, 43
54, 430, 177, 21
54, 211, 177, 40
54, 469, 177, 31
54, 472, 177, 52
54, 539, 177, 96
54, 477, 177, 81
54, 542, 177, 86
54, 480, 178, 28
54, 516, 178, 34
54, 38, 178, 6
54, 391, 178, 56
54, 138, 178, 67
54, 528, 178, 99
54, 177, 178, 3
54, 240, 178, 58
54, 499, 178, 92
54, 20, 178, 22
54, 369, 178, 47
54, 89, 178, 92
54, 508, 178, 18
54, 260, 179, 24
54, 389, 179, 69
54, 269, 179, 69
54, 270, 179, 4
54, 144, 179, 7
54, 21, 179, 13
54, 149, 179, 43
54, 31, 179, 41
54, 37, 179, 33
54, 39, 179, 30
54, 568, 179, 9
54, 316, 179, 67
54, 189, 179, 100
54, 326, 179, 4
54, 583, 179, 97
54, 588, 179, 25
54, 487, 179, 55
54, 104, 179, 30
54, 379, 179, 26
54, 545, 180, 24
54, 421, 180, 87
54, 489, 180, 37
54, 528, 180, 99
54, 406, 180, 51
54, 55, 180, 35
54, 538, 180, 72
54, 316, 180, 67
54, 192, 181, 83
54, 320, 181, 11
54, 548, 181, 65
54, 104, 181, 30
54, 14, 181, 96
54, 527, 181, 13
54, 338, 181, 91
54, 243, 181, 14
54, 538, 181, 72
54, 30, 181, 77
54, 127, 181, 32
54, 3, 182, 15
54, 260, 182, 24
54, 136, 182, 64
54, 394, 182, 38
54, 524, 182, 43
54, 397, 182, 7
54, 14, 182, 96
54, 527, 182, 13
54, 17, 182, 18
54, 148, 182, 65
54, 409, 182, 65
54, 542, 182, 86
54, 414, 182, 5
54, 162, 182, 58
54, 438, 182, 69
54, 185, 182, 11
54, 575, 182, 97
54, 448, 182, 80
54, 205, 182, 36
54, 93, 182, 100
54, 358, 182, 50
54, 499, 182, 92
54, 243, 182, 14
54, 121, 182, 91
54, 480, 183, 28
54, 321, 183, 88
54, 546, 183, 3
54, 582, 183, 4
54, 351, 183, 94
54, 491, 183, 6
54, 559, 183, 89
54, 340, 183, 73
54, 86, 183, 86
54, 567, 183, 38
54, 472, 183, 52
54, 313, 183, 2
54, 511, 183, 76
54, 288, 184, 15
54, 481, 184, 43
54, 389, 184, 69
54, 489, 184, 37
54, 233, 184, 90
54, 432, 184, 8
54, 145, 184, 48
54, 381, 184, 83
54, 405, 184, 9
54, 152, 184, 34
54, 221, 184, 9
54, 203, 185, 50
54, 398, 185, 52
54, 148, 185, 65
54, 24, 185, 80
54, 473, 185, 6
54, 160, 186, 4
54, 163, 186, 62
54, 388, 186, 5
54, 4, 186, 14
54, 326, 186, 4
54, 73, 186, 9
54, 553, 186, 24
54, 174, 186, 7
54, 369, 186, 47
54, 381, 186, 83
54, 474, 186, 67
54, 443, 186, 69
54, 221, 186, 9
54, 549, 187, 26
54, 552, 187, 19
54, 267, 187, 93
54, 557, 187, 93
54, 174, 187, 7
54, 64, 188, 5
54, 161, 188, 80
54, 34, 188, 6
54, 515, 188, 13
54, 548, 188, 65
54, 212, 188, 91
54, 54, 188, 32
54, 122, 188, 12
54, 317, 188, 89
54, 4, 189, 14
54, 388, 189, 5
54, 136, 189, 64
54, 280, 189, 5
54, 289, 189, 73
54, 49, 189, 20
54, 436, 189, 47
54, 63, 189, 69
54, 325, 189, 99
54, 327, 189, 72
54, 203, 189, 50
54, 461, 189, 58
54, 206, 189, 24
54, 216, 189, 75
54, 473, 189, 6
54, 230, 189, 13
54, 231, 189, 58
54, 235, 189, 90
54, 114, 189, 75
54, 500, 189, 96
54, 374, 189, 41
54, 382, 189, 32
54, 480, 190, 28
54, 389, 190, 69
54, 423, 190, 76
54, 424, 190, 97
54, 171, 190, 71
54, 397, 190, 7
54, 54, 190, 32
54, 183, 190, 75
54, 152, 190, 34
54, 189, 190, 100
54, 321, 191, 88
54, 322, 191, 3
54, 452, 191, 60
54, 421, 191, 87
54, 236, 191, 11
54, 303, 191, 16
54, 559, 191, 89
54, 209, 191, 24
54, 90, 191, 80
54, 380, 191, 74
54, 548, 192, 65
54, 102, 192, 32
54, 487, 192, 55
54, 392, 192, 65
54, 368, 192, 65
54, 51, 192, 18
54, 279, 192, 55
54, 541, 192, 76
54, 256, 193, 55
54, 140, 193, 92
54, 157, 193, 74
54, 39, 193, 30
54, 426, 193, 34
54, 431, 193, 2
54, 304, 193, 27
54, 433, 193, 82
54, 562, 193, 60
54, 52, 193, 28
54, 60, 193, 6
54, 196, 193, 95
54, 326, 193, 4
54, 331, 193, 38
54, 469, 193, 31
54, 86, 193, 86
54, 214, 193, 87
54, 91, 193, 68
54, 351, 193, 94
54, 233, 193, 90
54, 289, 194, 73
54, 98, 194, 96
54, 515, 194, 13
54, 100, 194, 21
54, 550, 194, 19
54, 263, 194, 20
54, 106, 194, 99
54, 431, 194, 2
54, 499, 194, 92
54, 20, 194, 22
54, 52, 194, 28
54, 339, 194, 98
54, 503, 194, 34
54, 90, 194, 80
54, 514, 195, 40
54, 201, 195, 96
54, 106, 195, 99
54, 155, 195, 89
54, 461, 195, 58
54, 462, 195, 61
54, 47, 195, 100
54, 206, 195, 24
54, 399, 195, 59
54, 531, 195, 70
54, 408, 195, 43
54, 377, 195, 19
54, 283, 195, 5
54, 348, 195, 34
54, 414, 195, 5
54, 89, 196, 92
54, 514, 196, 40
54, 356, 196, 69
54, 454, 196, 56
54, 423, 196, 76
54, 264, 196, 18
54, 169, 196, 12
54, 429, 196, 72
54, 178, 196, 28
54, 84, 196, 33
54, 213, 196, 55
54, 52, 196, 28
54, 345, 196, 77
54, 283, 196, 5
54, 29, 196, 70
54, 286, 196, 54
54, 447, 196, 53
54, 513, 197, 57
54, 385, 197, 10
54, 471, 197, 53
54, 357, 197, 3
54, 326, 197, 4
54, 329, 197, 98
54, 393, 197, 99
54, 43, 197, 15
54, 138, 197, 67
54, 145, 197, 48
54, 597, 197, 21
54, 375, 197, 92
54, 572, 197, 24
54, 509, 197, 18
54, 191, 197, 27
54, 392, 198, 65
54, 520, 198, 80
54, 140, 198, 92
54, 534, 198, 90
54, 537, 198, 80
54, 168, 198, 74
54, 436, 198, 47
54, 308, 198, 45
54, 568, 198, 9
54, 571, 198, 34
54, 343, 198, 14
54, 477, 198, 81
54, 100, 198, 21
54, 490, 198, 44
54, 365, 198, 26
54, 247, 198, 98
54, 121, 198, 91
54, 380, 198, 74
54, 511, 198, 76
54, 329, 199, 98
54, 394, 199, 38
54, 306, 199, 76
54, 276, 199, 54
54, 346, 199, 75
54, 547, 200, 7
54, 388, 200, 5
54, 68, 200, 22
54, 228, 200, 32
54, 583, 200, 97
54, 360, 200, 68
54, 451, 200, 58
54, 517, 200, 39
54, 176, 200, 89
54, 252, 200, 10
54, 341, 200, 72
54, 533, 200, 35
54, 152, 200, 34
54, 538, 200, 72
54, 283, 200, 5
54, 60, 200, 6
54, 350, 200, 9
54, 4, 201, 14
54, 267, 201, 93
54, 272, 201, 87
54, 146, 201, 56
54, 535, 201, 60
54, 27, 201, 81
54, 29, 201, 70
54, 418, 201, 91
54, 163, 201, 62
54, 292, 201, 5
54, 431, 201, 2
54, 433, 201, 82
54, 52, 201, 28
54, 56, 201, 75
54, 581, 201, 72
54, 199, 201, 9
54, 329, 201, 98
54, 459, 201, 40
54, 204, 201, 64
54, 347, 201, 13
54, 96, 201, 11
54, 499, 201, 92
54, 372, 201, 49
54, 122, 201, 12
54, 578, 202, 67
54, 499, 202, 92
54, 23, 202, 58
54, 245, 202, 78
54, 567, 202, 38
54, 168, 203, 74
54, 329, 203, 98
54, 555, 203, 36
54, 300, 203, 69
54, 50, 203, 85
54, 534, 203, 90
54, 122, 203, 12
54, 32, 204, 67
54, 256, 204, 55
54, 484, 204, 31
54, 422, 204, 77
54, 326, 204, 4
54, 328, 204, 90
54, 9, 204, 97
54, 521, 204, 54
54, 45, 204, 46
54, 79, 204, 25
54, 434, 204, 19
54, 148, 204, 65
54, 405, 204, 9
54, 156, 204, 56
54, 413, 204, 91
54, 351, 204, 94
54, 384, 205, 28
54, 4, 205, 14
54, 392, 205, 65
54, 280, 205, 5
54, 156, 205, 56
54, 415, 205, 89
54, 295, 205, 91
54, 298, 205, 8
54, 563, 205, 49
54, 570, 205, 67
54, 76, 205, 37
54, 206, 205, 24
54, 78, 205, 74
54, 210, 205, 82
54, 598, 205, 4
54, 87, 205, 16
54, 221, 205, 9
54, 488, 205, 28
54, 244, 205, 51
54, 377, 205, 19
54, 124, 205, 35
54, 271, 206, 8
54, 149, 206, 43
54, 287, 206, 79
54, 37, 206, 33
54, 424, 206, 97
54, 557, 206, 93
54, 561, 206, 92
54, 309, 206, 86
54, 443, 206, 69
54, 453, 206, 7
54, 71, 206, 87
54, 77, 206, 72
54, 84, 206, 33
54, 470, 206, 93
54, 347, 206, 13
54, 483, 206, 8
54, 358, 206, 50
54, 104, 206, 30
54, 493, 206, 31
54, 116, 206, 58
54, 373, 206, 47
54, 374, 206, 41
54, 249, 206, 61
54, 380, 206, 74
54, 382, 206, 32
54, 416, 207, 77
54, 1, 207, 22
54, 544, 207, 71
54, 131, 207, 81
54, 515, 207, 13
54, 485, 207, 56
54, 581, 207, 72
54, 354, 207, 28
54, 455, 207, 92
54, 301, 207, 88
54, 370, 207, 98
54, 372, 207, 49
54, 212, 207, 91
54, 342, 207, 79
54, 535, 207, 60
54, 406, 207, 51
54, 313, 207, 2
54, 378, 207, 40
54, 385, 208, 10
54, 329, 208, 98
54, 42, 208, 34
54, 77, 208, 72
54, 431, 208, 2
54, 90, 208, 80
54, 383, 208, 17
54, 229, 209, 71
54, 521, 209, 54
54, 115, 209, 70
54, 534, 209, 90
54, 351, 209, 94
54, 450, 210, 34
54, 421, 210, 87
54, 422, 210, 77
54, 299, 210, 38
54, 401, 210, 26
54, 436, 210, 47
54, 535, 210, 60
54, 313, 210, 2
54, 90, 210, 80
54, 539, 210, 96
54, 446, 210, 30
54, 482, 211, 7
54, 165, 211, 58
54, 359, 211, 51
54, 520, 211, 80
54, 105, 211, 74
54, 522, 211, 36
54, 400, 211, 70
54, 347, 211, 13
54, 274, 211, 45
54, 52, 211, 28
54, 86, 211, 86
54, 571, 211, 34
54, 450, 212, 34
54, 98, 212, 96
54, 38, 212, 6
54, 44, 212, 68
54, 115, 212, 70
54, 85, 212, 75
54, 117, 212, 72
54, 599, 212, 96
54, 536, 212, 97
54, 286, 212, 54
54, 223, 212, 99
54, 391, 213, 56
54, 524, 213, 43
54, 525, 213, 93
54, 289, 213, 73
54, 35, 213, 94
54, 37, 213, 33
54, 39, 213, 30
54, 176, 213, 89
54, 320, 213, 11
54, 65, 213, 54
54, 591, 213, 33
54, 342, 213, 79
54, 93, 213, 100
54, 480, 213, 28
54, 488, 213, 28
54, 493, 213, 31
54, 110, 213, 47
54, 112, 213, 76
54, 382, 213, 32
54, 269, 214, 69
54, 597, 214, 21
54, 55, 214, 35
54, 536, 214, 97
54, 313, 214, 2
54, 538, 214, 72
54, 94, 214, 17
54, 256, 215, 55
54, 387, 215, 15
54, 8, 215, 90
54, 137, 215, 52
54, 401, 215, 26
54, 24, 215, 80
54, 26, 215, 33
54, 167, 215, 100
54, 424, 215, 97
54, 298, 215, 8
54, 559, 215, 89
54, 304, 215, 27
54, 308, 215, 45
54, 310, 215, 31
54, 446, 215, 30
54, 191, 215, 27
54, 322, 215, 3
54, 578, 215, 67
54, 209, 215, 24
54, 343, 215, 14
54, 349, 215, 19
54, 487, 215, 55
54, 509, 215, 18
54, 512, 216, 68
54, 98, 216, 96
54, 67, 216, 94
54, 199, 216, 9
54, 170, 216, 18
54, 301, 216, 88
54, 77, 216, 72
54, 16, 216, 50
54, 273, 216, 74
54, 310, 216, 31
54, 471, 216, 53
54, 31, 216, 41
54, 227, 217, 22
54, 319, 217, 48
54, 493, 217, 31
54, 366, 217, 76
54, 271, 217, 8
54, 397, 217, 7
54, 511, 217, 76
54, 480, 218, 28
54, 224, 218, 18
54, 420, 218, 68
54, 453, 218, 7
54, 357, 218, 3
54, 76, 218, 37
54, 396, 218, 25
54, 238, 218, 52
54, 367, 218, 38
54, 16, 218, 50
54, 305, 218, 1
54, 338, 218, 91
54, 437, 218, 64
54, 86, 218, 86
54, 375, 218, 92
54, 445, 218, 76
54, 159, 218, 52
54, 279, 219, 55
54, 30, 219, 77
54, 288, 219, 15
54, 172, 219, 40
54, 191, 219, 27
54, 67, 219, 94
54, 326, 219, 4
54, 200, 219, 57
54, 202, 219, 22
54, 466, 219, 40
54, 468, 219, 68
54, 84, 219, 33
54, 596, 219, 19
54, 218, 219, 50
54, 219, 219, 86
54, 97, 219, 52
54, 361, 219, 56
54, 366, 219, 76
54, 115, 219, 70
54, 128, 220, 13
54, 515, 220, 13
54, 144, 220, 7
54, 21, 220, 13
54, 149, 220, 43
54, 281, 220, 94
54, 538, 220, 72
54, 545, 220, 24
54, 546, 220, 3
54, 295, 220, 91
54, 564, 220, 83
54, 566, 220, 3
54, 185, 220, 11
54, 190, 220, 48
54, 451, 220, 58
54, 73, 220, 9
54, 77, 220, 72
54, 86, 220, 86
54, 350, 220, 9
54, 222, 220, 63
54, 352, 220, 76
54, 117, 220, 72
54, 121, 220, 91
54, 254, 220, 86
54, 160, 221, 4
54, 484, 221, 31
54, 181, 221, 21
54, 377, 221, 19
54, 446, 221, 30
54, 388, 222, 5
54, 295, 222, 91
54, 137, 222, 52
54, 557, 222, 93
54, 563, 222, 49
54, 468, 222, 68
54, 116, 222, 58
54, 444, 222, 79
54, 221, 222, 9
54, 517, 223, 39
54, 550, 223, 19
54, 90, 223, 80
54, 461, 223, 58
54, 592, 223, 14
54, 82, 223, 84
54, 211, 223, 40
54, 214, 223, 87
54, 87, 223, 16
54, 154, 223, 7
54, 412, 223, 31
54, 229, 224, 71
54, 293, 224, 61
54, 492, 224, 59
54, 301, 224, 88
54, 12, 224, 13
54, 23, 224, 58
54, 99, 225, 93
54, 132, 225, 71
54, 69, 225, 30
54, 361, 225, 56
54, 493, 225, 31
54, 46, 225, 37
54, 465, 225, 61
54, 276, 225, 54
54, 376, 225, 75
54, 506, 225, 25
54, 220, 225, 15
54, 126, 225, 16
54, 224, 226, 18
54, 37, 226, 33
54, 582, 226, 4
54, 168, 226, 74
54, 424, 226, 97
54, 555, 226, 36
54, 333, 226, 8
54, 48, 226, 89
54, 176, 226, 89
54, 178, 226, 28
54, 498, 226, 97
54, 281, 226, 94
54, 283, 226, 5
54, 541, 226, 76
54, 126, 226, 16
54, 391, 227, 56
54, 18, 227, 9
54, 19, 227, 90
54, 31, 227, 41
54, 544, 227, 71
54, 418, 227, 91
54, 166, 227, 36
54, 294, 227, 73
54, 426, 227, 34
54, 435, 227, 50
54, 182, 227, 90
54, 57, 227, 25
54, 579, 227, 15
54, 591, 227, 33
54, 598, 227, 4
54, 119, 227, 63
54, 113, 227, 81
54, 503, 227, 34
54, 250, 227, 64
54, 131, 228, 81
54, 3, 228, 15
54, 164, 228, 69
54, 326, 228, 4
54, 518, 228, 49
54, 434, 228, 19
54, 148, 228, 65
54, 373, 228, 47
54, 598, 228, 4
54, 281, 228, 94
54, 348, 228, 34
54, 478, 228, 39
54, 298, 229, 8
54, 495, 229, 36
54, 210, 229, 82
54, 470, 229, 93
54, 598, 229, 4
54, 438, 229, 69
54, 86, 229, 86
54, 158, 229, 80
54, 350, 229, 9
54, 513, 230, 57
54, 258, 230, 25
54, 385, 230, 10
54, 262, 230, 48
54, 134, 230, 44
54, 140, 230, 92
54, 149, 230, 43
54, 533, 230, 35
54, 427, 230, 84
54, 175, 230, 72
54, 303, 230, 16
54, 312, 230, 69
54, 571, 230, 34
54, 448, 230, 80
54, 578, 230, 67
54, 200, 230, 57
54, 201, 230, 96
54, 205, 230, 36
54, 337, 230, 85
54, 466, 230, 40
54, 343, 230, 14
54, 96, 230, 11
54, 101, 230, 5
54, 500, 230, 96
54, 449, 231, 25
54, 98, 231, 96
54, 162, 231, 58
54, 261, 231, 98
54, 166, 231, 36
54, 10, 231, 60
54, 492, 231, 59
54, 79, 231, 25
54, 272, 231, 87
54, 178, 231, 28
54, 435, 231, 50
54, 315, 231, 37
54, 348, 231, 34
54, 541, 231, 76
54, 446, 231, 30
54, 256, 232, 55
54, 384, 232, 28
54, 130, 232, 60
54, 386, 232, 74
54, 37, 232, 33
54, 134, 232, 44
54, 75, 232, 80
54, 524, 232, 43
54, 508, 232, 18
54, 207, 232, 92
54, 144, 232, 7
54, 113, 232, 81
54, 210, 232, 82
54, 151, 232, 8
54, 122, 232, 12
54, 252, 232, 10
54, 260, 233, 24
54, 278, 233, 73
54, 156, 233, 56
54, 413, 233, 91
54, 158, 233, 80
54, 418, 233, 91
54, 39, 233, 30
54, 170, 233, 18
54, 177, 233, 3
54, 306, 233, 76
54, 305, 233, 1
54, 569, 233, 93
54, 574, 233, 32
54, 191, 233, 27
54, 207, 233, 92
54, 80, 233, 75
54, 211, 233, 40
54, 341, 233, 72
54, 234, 233, 39
54, 364, 233, 93
54, 237, 233, 11
54, 239, 233, 83
54, 368, 233, 65
54, 379, 233, 26
54, 416, 234, 77
54, 162, 234, 58
54, 388, 234, 5
54, 567, 234, 38
54, 550, 234, 19
54, 516, 234, 34
54, 330, 234, 59
54, 590, 234, 39
54, 526, 234, 24
54, 151, 234, 8
54, 280, 234, 5
54, 377, 234, 19
54, 379, 234, 26
54, 284, 234, 100
54, 93, 234, 100
54, 224, 235, 18
54, 229, 235, 71
54, 485, 235, 56
54, 136, 235, 64
54, 74, 235, 87
54, 48, 235, 89
54, 157, 235, 74
54, 386, 236, 74
54, 68, 236, 22
54, 421, 236, 87
54, 7, 236, 74
54, 232, 236, 9
54, 88, 236, 17
54, 524, 236, 43
54, 592, 236, 14
54, 305, 236, 1
54, 499, 236, 92
54, 500, 236, 96
54, 341, 236, 72
54, 440, 236, 51
54, 475, 236, 91
54, 61, 236, 90
54, 383, 236, 17
54, 513, 237, 57
54, 133, 237, 82
54, 6, 237, 86
54, 135, 237, 99
54, 12, 237, 13
54, 527, 237, 13
54, 148, 237, 65
54, 535, 237, 60
54, 412, 237, 31
54, 289, 237, 73
54, 426, 237, 34
54, 302, 237, 77
54, 181, 237, 21
54, 192, 237, 83
54, 584, 237, 72
54, 203, 237, 50
54, 77, 237, 72
54, 82, 237, 84
54, 471, 237, 53
54, 472, 237, 52
54, 475, 237, 91
54, 367, 237, 38
54, 507, 237, 67
54, 163, 238, 62
54, 198, 238, 17
54, 106, 238, 99
54, 242, 238, 80
54, 371, 238, 78
54, 405, 238, 9
54, 310, 238, 31
54, 135, 239, 99
54, 18, 239, 9
54, 412, 239, 31
54, 415, 239, 89
54, 288, 239, 15
54, 31, 239, 41
54, 165, 239, 58
54, 554, 239, 19
54, 43, 239, 15
54, 303, 239, 16
54, 56, 239, 75
54, 442, 239, 11
54, 443, 239, 69
54, 68, 239, 22
54, 196, 239, 95
54, 582, 239, 4
54, 77, 239, 72
54, 209, 239, 24
54, 471, 239, 53
54, 484, 239, 31
54, 490, 239, 44
54, 117, 239, 72
54, 509, 239, 18
54, 511, 239, 76
54, 358, 240, 50
54, 200, 240, 57
54, 520, 240, 80
54, 109, 240, 44
54, 336, 240, 6
54, 208, 240, 95
54, 115, 240, 70
54, 566, 240, 3
54, 126, 240, 16
54, 293, 241, 61
54, 486, 241, 68
54, 264, 241, 18
54, 490, 241, 44
54, 556, 241, 6
54, 94, 241, 17
54, 226, 242, 76
54, 483, 242, 8
54, 389, 242, 69
54, 202, 242, 22
54, 139, 242, 43
54, 219, 242, 86
54, 496, 242, 16
54, 123, 242, 53
54, 128, 243, 13
54, 97, 243, 52
54, 130, 243, 60
54, 353, 243, 78
54, 34, 243, 6
54, 582, 243, 4
54, 71, 243, 87
54, 43, 243, 15
54, 237, 243, 11
54, 238, 243, 52
54, 304, 243, 27
54, 347, 243, 13
54, 596, 243, 19
54, 500, 243, 96
54, 341, 243, 72
54, 250, 243, 64
54, 91, 243, 68
54, 534, 244, 90
54, 36, 244, 80
54, 42, 244, 34
54, 557, 244, 93
54, 429, 244, 72
54, 561, 244, 92
54, 307, 244, 27
54, 183, 244, 75
54, 194, 244, 43
54, 578, 244, 67
54, 69, 244, 30
54, 587, 244, 49
54, 588, 244, 25
54, 333, 244, 8
54, 347, 244, 13
54, 224, 244, 18
54, 353, 244, 78
54, 101, 244, 5
54, 496, 244, 16
54, 242, 244, 80
54, 503, 244, 34
54, 390, 245, 96
54, 138, 245, 67
54, 274, 245, 45
54, 151, 245, 8
54, 155, 245, 89
54, 547, 245, 7
54, 419, 245, 66
54, 297, 245, 6
54, 179, 245, 37
54, 186, 245, 23
54, 576, 245, 48
54, 453, 245, 7
54, 471, 245, 53
54, 87, 245, 16
54, 344, 245, 6
54, 346, 245, 75
54, 486, 245, 68
54, 107, 245, 45
54, 110, 245, 47
54, 117, 245, 72
54, 121, 245, 91
54, 384, 246, 28
54, 193, 246, 61
54, 170, 246, 18
54, 368, 246, 65
54, 340, 246, 73
54, 313, 246, 2
54, 349, 246, 19
54, 289, 247, 73
54, 98, 247, 96
54, 71, 247, 87
54, 106, 247, 99
54, 272, 247, 87
54, 532, 247, 65
54, 533, 247, 35
54, 406, 247, 51
54, 87, 247, 16
54, 185, 247, 11
54, 322, 248, 3
54, 451, 248, 58
54, 4, 248, 14
54, 584, 248, 72
54, 13, 248, 17
54, 208, 248, 95
54, 336, 248, 6
54, 176, 248, 89
54, 369, 248, 47
54, 246, 248, 89
54, 94, 248, 17
54, 566, 248, 3
54, 505, 248, 87
54, 60, 248, 6
54, 126, 248, 16
54, 159, 248, 52
54, 135, 249, 99
54, 279, 249, 55
54, 280, 249, 5
54, 151, 249, 8
54, 284, 249, 100
54, 541, 249, 76
54, 546, 249, 3
54, 547, 249, 7
54, 429, 249, 72
54, 304, 249, 27
54, 305, 249, 1
54, 50, 249, 85
54, 436, 249, 47
54, 438, 249, 69
54, 189, 249, 100
54, 455, 249, 92
54, 212, 249, 91
54, 94, 249, 17
54, 492, 249, 59
54, 257, 250, 98
54, 6, 250, 86
54, 522, 250, 36
54, 403, 250, 25
54, 26, 250, 33
54, 40, 250, 56
54, 170, 250, 18
54, 429, 250, 72
54, 303, 250, 16
54, 559, 250, 89
54, 307, 250, 27
54, 446, 250, 30
54, 211, 250, 40
54, 377, 250, 19
54, 237, 250, 11
54, 493, 250, 31
54, 113, 250, 81
54, 245, 250, 78
54, 505, 250, 87
54, 123, 250, 53
54, 514, 251, 40
54, 141, 251, 52
54, 21, 251, 13
54, 406, 251, 51
54, 25, 251, 87
54, 26, 251, 33
54, 415, 251, 89
54, 159, 251, 52
54, 33, 251, 40
54, 290, 251, 45
54, 41, 251, 93
54, 428, 251, 28
54, 61, 251, 90
54, 453, 251, 7
54, 598, 251, 4
54, 350, 251, 9
54, 487, 251, 55
54, 105, 251, 74
54, 109, 251, 44
54, 117, 251, 72
54, 381, 251, 83
54, 386, 252, 74
54, 261, 252, 98
54, 522, 252, 36
54, 271, 252, 8
54, 144, 252, 7
54, 534, 252, 90
54, 28, 252, 71
54, 287, 252, 79
54, 161, 252, 80
54, 33, 252, 40
54, 42, 252, 34
54, 564, 252, 83
54, 186, 252, 23
54, 451, 252, 58
54, 332, 252, 57
54, 334, 252, 70
54, 82, 252, 84
54, 96, 252, 11
54, 364, 252, 93
54, 241, 252, 82
54, 498, 252, 97
54, 503, 252, 34
54, 506, 252, 25
54, 264, 253, 18
54, 394, 253, 38
54, 532, 253, 65
54, 406, 253, 51
54, 23, 253, 58
54, 407, 253, 76
54, 409, 253, 65
54, 156, 253, 56
54, 418, 253, 91
54, 37, 253, 33
54, 422, 253, 77
54, 554, 253, 19
54, 42, 253, 34
54, 172, 253, 40
54, 432, 253, 8
54, 52, 253, 28
54, 188, 253, 33
54, 445, 253, 76
54, 357, 253, 3
54, 230, 253, 13
54, 369, 253, 47
54, 257, 254, 98
54, 260, 254, 24
54, 522, 254, 36
54, 534, 254, 90
54, 279, 254, 55
54, 410, 254, 13
54, 539, 254, 96
54, 29, 254, 70
54, 416, 254, 77
54, 39, 254, 30
54, 551, 254, 21
54, 554, 254, 19
54, 299, 254, 38
54, 172, 254, 40
54, 429, 254, 72
54, 52, 254, 28
54, 58, 254, 72
54, 445, 254, 76
54, 578, 254, 67
54, 68, 254, 22
54, 520, 255, 80
54, 18, 255, 9
54, 36, 255, 80
54, 184, 255, 94
54, 572, 255, 24
54, 446, 255, 30
54, 575, 255, 97
54, 198, 255, 17
54, 201, 255, 96
54, 590, 255, 39
54, 84, 255, 33
54, 342, 255, 79
54, 214, 255, 87
54, 353, 255, 78
54, 483, 255, 8
54, 355, 255, 59
54, 103, 255, 52
54, 233, 255, 90
54, 105, 255, 74
54, 363, 255, 25
54, 126, 255, 16
54, 258, 256, 25
54, 264, 256, 18
54, 17, 256, 18
54, 146, 256, 56
54, 543, 256, 9
54, 38, 256, 6
54, 554, 256, 19
54, 179, 256, 37
54, 52, 256, 28
54, 448, 256, 80
54, 582, 256, 4
54, 72, 256, 18
54, 334, 256, 70
54, 207, 256, 92
54, 597, 256, 21
54, 479, 256, 79
54, 352, 256, 76
54, 484, 256, 31
54, 359, 256, 51
54, 364, 256, 93
54, 503, 256, 34
54, 121, 256, 91
54, 131, 257, 81
54, 440, 257, 51
54, 491, 257, 6
54, 299, 257, 38
54, 433, 257, 82
54, 83, 257, 34
54, 343, 257, 14
54, 568, 257, 9
54, 156, 257, 56
54, 317, 257, 89
54, 35, 258, 94
54, 166, 258, 36
54, 590, 258, 39
54, 334, 258, 70
54, 370, 258, 98
54, 285, 258, 79
54, 190, 258, 48
54, 516, 259, 34
54, 134, 259, 44
54, 11, 259, 70
54, 152, 259, 34
54, 416, 259, 77
54, 38, 259, 6
54, 553, 259, 24
54, 313, 259, 2
54, 60, 259, 6
54, 574, 259, 32
54, 326, 259, 4
54, 202, 259, 22
54, 78, 259, 74
54, 338, 259, 91
54, 89, 259, 92
54, 474, 259, 67
54, 220, 259, 15
54, 354, 259, 28
54, 355, 259, 59
54, 357, 259, 3
54, 504, 259, 81
54, 110, 259, 47
54, 376, 259, 75
54, 249, 259, 61
54, 380, 259, 74
54, 4, 260, 14
54, 391, 260, 56
54, 263, 260, 20
54, 17, 260, 18
54, 530, 260, 40
54, 150, 260, 73
54, 290, 260, 45
54, 421, 260, 87
54, 438, 260, 69
54, 186, 260, 23
54, 63, 260, 69
54, 64, 260, 5
54, 577, 260, 13
54, 320, 260, 11
54, 195, 260, 70
54, 319, 260, 48
54, 458, 260, 77
54, 495, 260, 36
54, 380, 260, 74
54, 385, 261, 10
54, 259, 261, 72
54, 521, 261, 54
54, 398, 261, 52
54, 270, 261, 4
54, 22, 261, 44
54, 418, 261, 91
54, 167, 261, 100
54, 424, 261, 97
54, 556, 261, 6
54, 559, 261, 89
54, 179, 261, 37
54, 571, 261, 34
54, 337, 261, 85
54, 338, 261, 91
54, 214, 261, 87
54, 599, 261, 96
54, 102, 261, 32
54, 489, 261, 37
54, 387, 262, 15
54, 228, 262, 32
54, 550, 262, 19
54, 167, 262, 100
54, 490, 262, 44
54, 427, 262, 84
54, 174, 262, 7
54, 592, 262, 14
54, 433, 262, 82
54, 306, 262, 76
54, 468, 262, 68
54, 180, 262, 63
54, 25, 262, 87
54, 218, 262, 50
54, 571, 262, 34
54, 323, 263, 90
54, 36, 263, 80
54, 466, 263, 40
54, 245, 263, 78
54, 215, 263, 32
54, 89, 263, 92
54, 253, 263, 28
54, 190, 263, 48
54, 128, 264, 13
54, 4, 264, 14
54, 159, 264, 52
54, 546, 264, 3
54, 171, 264, 71
54, 44, 264, 68
54, 434, 264, 19
54, 438, 264, 69
54, 439, 264, 57
54, 312, 264, 69
54, 56, 264, 75
54, 188, 264, 33
54, 574, 264, 32
54, 451, 264, 58
54, 458, 264, 77
54, 334, 264, 70
54, 100, 264, 21
54, 101, 264, 5
54, 103, 264, 52
54, 105, 264, 74
54, 108, 264, 83
54, 496, 264, 16
54, 371, 264, 78
54, 124, 264, 35
54, 127, 264, 32
54, 20, 265, 22
54, 405, 265, 9
54, 404, 265, 18
54, 407, 265, 76
54, 424, 265, 97
54, 425, 265, 31
54, 44, 265, 68
54, 429, 265, 72
54, 304, 265, 27
54, 307, 265, 27
54, 69, 265, 30
54, 205, 265, 36
54, 594, 265, 99
54, 470, 265, 93
54, 348, 265, 34
54, 94, 265, 17
54, 481, 265, 43
54, 238, 265, 52
54, 501, 265, 22
54, 120, 265, 45
54, 380, 265, 74
54, 4, 266, 14
54, 265, 266, 22
54, 534, 266, 90
54, 278, 266, 73
54, 284, 266, 100
54, 166, 266, 36
54, 38, 266, 6
54, 303, 266, 16
54, 563, 266, 49
54, 62, 266, 59
54, 328, 266, 90
54, 459, 266, 40
54, 587, 266, 49
54, 592, 266, 14
54, 210, 266, 82
54, 221, 266, 9
54, 359, 266, 51
54, 489, 266, 37
54, 371, 266, 78
54, 122, 266, 12
54, 64, 267, 5
54, 225, 267, 13
54, 193, 267, 61
54, 518, 267, 49
54, 8, 267, 90
54, 108, 267, 83
54, 366, 267, 76
54, 238, 267, 52
54, 560, 267, 99
54, 147, 267, 20
54, 437, 267, 64
54, 406, 267, 51
54, 439, 267, 57
54, 441, 267, 27
54, 122, 267, 12
54, 93, 267, 100
54, 191, 267, 27
54, 449, 268, 25
54, 261, 268, 98
54, 330, 268, 59
54, 179, 268, 37
54, 116, 268, 58
54, 469, 268, 31
54, 277, 268, 51
54, 260, 269, 24
54, 9, 269, 97
54, 399, 269, 59
54, 529, 269, 62
54, 532, 269, 65
54, 277, 269, 51
54, 156, 269, 56
54, 47, 269, 100
54, 318, 269, 9
54, 319, 269, 48
54, 324, 269, 34
54, 328, 269, 90
54, 598, 269, 4
54, 475, 269, 91
54, 347, 269, 13
54, 222, 269, 63
54, 483, 269, 8
54, 239, 269, 83
54, 111, 269, 99
54, 112, 269, 76
54, 375, 269, 92
54, 506, 269, 25
54, 224, 270, 18
54, 513, 270, 57
54, 515, 270, 13
54, 517, 270, 39
54, 102, 270, 32
54, 359, 270, 51
54, 520, 270, 80
54, 428, 270, 28
54, 77, 270, 72
54, 342, 270, 79
54, 22, 270, 44
54, 216, 270, 75
54, 473, 270, 6
54, 474, 270, 67
54, 91, 270, 68
54, 95, 270, 49
54, 488, 271, 28
54, 527, 271, 13
54, 217, 271, 7
54, 28, 271, 71
54, 445, 271, 76
54, 416, 272, 77
54, 130, 272, 60
54, 228, 272, 32
54, 454, 272, 56
54, 298, 272, 8
54, 282, 272, 75
54, 369, 272, 47
54, 117, 272, 72
54, 373, 272, 47
54, 311, 272, 29
54, 568, 272, 9
54, 442, 272, 11
54, 123, 272, 53
54, 477, 272, 81
54, 256, 273, 55
54, 162, 273, 58
54, 450, 273, 34
54, 424, 273, 97
54, 458, 273, 77
54, 555, 273, 36
54, 473, 273, 6
54, 332, 273, 57
54, 60, 273, 6
54, 595, 273, 71
54, 563, 273, 49
54, 345, 273, 77
54, 538, 273, 72
54, 315, 273, 37
54, 572, 273, 24
54, 317, 273, 89
54, 1, 274, 22
54, 130, 274, 60
54, 322, 274, 3
54, 456, 274, 60
54, 361, 274, 56
54, 522, 274, 36
54, 12, 274, 13
54, 399, 274, 59
54, 529, 274, 62
54, 372, 274, 49
54, 405, 274, 9
54, 246, 274, 89
54, 353, 275, 78
54, 323, 275, 90
54, 134, 275, 44
54, 135, 275, 99
54, 423, 275, 76
54, 333, 275, 8
54, 60, 275, 6
54, 596, 275, 19
54, 116, 275, 58
54, 183, 275, 75
54, 221, 275, 9
54, 121, 275, 91
54, 215, 275, 32
54, 411, 275, 16
54, 188, 275, 33
54, 189, 275, 100
54, 481, 276, 43
54, 363, 276, 25
54, 175, 276, 72
54, 372, 276, 49
54, 597, 276, 21
54, 91, 276, 68
54, 511, 276, 76
54, 1, 277, 22
54, 540, 277, 48
54, 161, 277, 80
54, 169, 277, 12
54, 435, 277, 50
54, 181, 277, 21
54, 61, 277, 90
54, 63, 277, 69
54, 203, 277, 50
54, 589, 277, 91
54, 87, 277, 16
54, 472, 277, 52
54, 218, 277, 50
54, 98, 277, 96
54, 100, 277, 21
54, 101, 277, 5
54, 113, 277, 81
54, 245, 277, 78
54, 377, 277, 19
54, 579, 278, 15
54, 229, 278, 71
54, 230, 278, 13
54, 490, 278, 44
54, 11, 278, 70
54, 237, 278, 11
54, 26, 278, 33
54, 475, 278, 91
54, 540, 278, 48
54, 255, 278, 84
54, 509, 279, 18
54, 69, 279, 30
54, 166, 279, 36
54, 519, 279, 27
54, 249, 279, 61
54, 202, 279, 22
54, 436, 279, 47
54, 405, 279, 9
54, 439, 279, 57
54, 408, 279, 43
54, 217, 279, 7
54, 541, 279, 76
54, 30, 279, 77
54, 128, 280, 13
54, 318, 280, 9
54, 418, 280, 91
54, 388, 280, 5
54, 584, 280, 72
54, 489, 280, 37
54, 523, 280, 24
54, 397, 280, 7
54, 114, 280, 75
54, 19, 280, 90
54, 276, 280, 54
54, 85, 280, 75
54, 566, 280, 3
54, 567, 280, 38
54, 441, 280, 27
54, 572, 280, 24
54, 30, 280, 77
54, 509, 281, 18
54, 392, 281, 65
54, 146, 281, 56
54, 275, 281, 19
54, 25, 281, 87
54, 28, 281, 71
54, 45, 281, 46
54, 89, 281, 92
54, 483, 281, 8
54, 486, 281, 68
54, 102, 281, 32
54, 360, 281, 68
54, 362, 281, 83
54, 243, 281, 14
54, 372, 281, 49
54, 374, 281, 41
54, 507, 281, 67
54, 379, 281, 26
54, 508, 281, 18
54, 253, 281, 28
54, 3, 282, 15
54, 232, 282, 9
54, 43, 282, 15
54, 332, 282, 57
54, 560, 282, 99
54, 247, 282, 98
54, 249, 282, 61
54, 446, 282, 30
54, 512, 283, 68
54, 144, 283, 7
54, 146, 283, 56
54, 408, 283, 43
54, 542, 283, 86
54, 31, 283, 41
54, 554, 283, 19
54, 175, 283, 72
54, 53, 283, 36
54, 184, 283, 94
54, 441, 283, 27
54, 189, 283, 100
54, 193, 283, 61
54, 205, 283, 36
54, 85, 283, 75
54, 216, 283, 75
54, 224, 283, 18
54, 481, 283, 43
54, 363, 283, 25
54, 497, 283, 11
54, 118, 283, 16
54, 352, 284, 76
54, 34, 284, 6
54, 291, 284, 82
54, 228, 284, 32
54, 198, 284, 17
54, 300, 284, 69
54, 346, 284, 75
54, 334, 284, 70
54, 410, 284, 13
54, 561, 284, 92
54, 381, 284, 83
54, 149, 284, 43
54, 375, 284, 92
54, 215, 284, 32
54, 477, 284, 81
54, 254, 284, 86
54, 447, 284, 53
54, 130, 285, 60
54, 135, 285, 99
54, 136, 285, 64
54, 547, 285, 7
54, 163, 285, 62
54, 552, 285, 19
54, 564, 285, 83
54, 313, 285, 2
54, 189, 285, 100
54, 191, 285, 27
54, 64, 285, 5
54, 193, 285, 61
54, 196, 285, 95
54, 71, 285, 87
54, 72, 285, 18
54, 329, 285, 98
54, 200, 285, 57
54, 75, 285, 80
54, 93, 285, 100
54, 364, 285, 93
54, 496, 285, 16
54, 369, 285, 47
54, 373, 285, 47
54, 118, 285, 16
54, 508, 285, 18
54, 129, 286, 88
54, 138, 286, 67
54, 274, 286, 45
54, 148, 286, 65
54, 405, 286, 9
54, 411, 286, 16
54, 158, 286, 80
54, 165, 286, 58
54, 38, 286, 6
54, 430, 286, 21
54, 435, 286, 50
54, 440, 286, 51
54, 578, 286, 67
54, 329, 286, 98
54, 207, 286, 92
54, 336, 286, 6
54, 494, 286, 20
54, 244, 286, 51
54, 122, 286, 12
54, 127, 286, 32
54, 512, 287, 68
54, 13, 287, 17
54, 275, 287, 19
54, 22, 287, 44
54, 282, 287, 75
54, 552, 287, 19
54, 41, 287, 93
54, 43, 287, 15
54, 555, 287, 36
54, 303, 287, 16
54, 74, 287, 87
54, 336, 287, 6
54, 598, 287, 4
54, 470, 287, 93
54, 346, 287, 75
54, 479, 287, 79
54, 97, 287, 52
54, 234, 287, 39
54, 367, 287, 38
54, 240, 287, 58
54, 376, 287, 75
54, 124, 287, 35
54, 230, 288, 13
54, 6, 288, 86
54, 8, 288, 90
54, 204, 288, 64
54, 45, 288, 46
54, 429, 288, 72
54, 399, 288, 59
54, 559, 288, 89
54, 497, 288, 11
54, 370, 288, 98
54, 591, 288, 33
54, 181, 288, 21
54, 150, 288, 73
54, 566, 288, 3
54, 315, 288, 37
54, 414, 288, 5
54, 514, 289, 40
54, 204, 289, 64
54, 205, 289, 36
54, 144, 289, 7
54, 474, 289, 67
54, 381, 289, 83
54, 224, 290, 18
54, 448, 290, 80
54, 100, 290, 21
54, 567, 290, 38
54, 554, 290, 19
54, 140, 290, 92
54, 429, 290, 72
54, 463, 290, 63
54, 146, 290, 56
54, 339, 290, 98
54, 246, 290, 89
54, 23, 290, 58
54, 218, 290, 50
54, 574, 290, 32
54, 132, 291, 71
54, 230, 291, 13
54, 6, 291, 86
54, 200, 291, 57
54, 460, 291, 91
54, 206, 291, 24
54, 562, 291, 60
54, 403, 291, 25
54, 93, 291, 100
54, 277, 291, 51
54, 214, 291, 87
54, 538, 291, 72
54, 189, 291, 100
54, 62, 291, 59
54, 383, 291, 17
54, 512, 292, 68
54, 388, 292, 5
54, 525, 292, 93
54, 282, 292, 75
54, 159, 292, 52
54, 291, 292, 82
54, 38, 292, 6
54, 304, 292, 27
54, 192, 292, 83
54, 329, 292, 98
54, 460, 292, 91
54, 84, 292, 33
54, 343, 292, 14
54, 474, 292, 67
54, 92, 292, 86
54, 108, 292, 83
54, 493, 292, 31
54, 109, 292, 44
54, 239, 292, 83
54, 243, 292, 14
54, 506, 292, 25
54, 123, 292, 53
54, 546, 293, 3
54, 581, 293, 72
54, 102, 293, 32
54, 231, 293, 58
54, 390, 293, 96
54, 553, 293, 24
54, 330, 293, 59
54, 237, 293, 11
54, 493, 293, 31
54, 335, 293, 39
54, 558, 293, 85
54, 434, 293, 19
54, 313, 293, 2
54, 476, 293, 57
54, 350, 293, 9
54, 546, 294, 3
54, 233, 294, 90
54, 534, 294, 90
54, 317, 294, 89
54, 575, 294, 97
54, 414, 295, 5
54, 454, 295, 56
54, 458, 295, 77
54, 395, 295, 43
54, 178, 295, 28
54, 246, 295, 89
54, 599, 295, 96
54, 27, 295, 81
54, 125, 295, 81
54, 62, 295, 59
54, 519, 296, 27
54, 393, 296, 99
54, 149, 296, 43
54, 30, 296, 77
54, 32, 296, 67
54, 551, 296, 21
54, 169, 296, 12
54, 297, 296, 6
54, 50, 296, 85
54, 208, 296, 95
54, 83, 296, 34
54, 225, 296, 13
54, 354, 296, 28
54, 104, 296, 30
54, 105, 296, 74
54, 236, 296, 11
54, 108, 296, 83
54, 498, 296, 97
54, 244, 296, 51
54, 250, 296, 64
54, 254, 296, 86
54, 264, 297, 18
54, 8, 297, 90
54, 492, 297, 59
54, 493, 297, 31
54, 271, 297, 8
54, 562, 297, 60
54, 149, 297, 43
54, 567, 297, 38
54, 570, 297, 67
54, 478, 297, 39
54, 223, 297, 99
54, 384, 298, 28
54, 516, 298, 34
54, 8, 298, 90
54, 525, 298, 93
54, 528, 298, 99
54, 405, 298, 9
54, 279, 298, 55
54, 152, 298, 34
54, 418, 298, 91
54, 553, 298, 24
54, 433, 298, 82
54, 179, 298, 37
54, 54, 298, 32
54, 443, 298, 69
54, 445, 298, 76
54, 318, 298, 9
54, 70, 298, 84
54, 199, 298, 9
54, 598, 298, 4
54, 88, 298, 17
54, 99, 298, 93
54, 227, 298, 22
54, 229, 298, 71
54, 106, 298, 99
54, 252, 298, 10
54, 2, 299, 1
54, 133, 299, 82
54, 529, 299, 62
54, 401, 299, 26
54, 531, 299, 70
54, 19, 299, 90
54, 151, 299, 8
54, 40, 299, 56
54, 46, 299, 37
54, 561, 299, 92
54, 179, 299, 37
54, 187, 299, 75
54, 575, 299, 97
54, 461, 299, 58
54, 80, 299, 75
54, 344, 299, 6
54, 220, 299, 15
54, 349, 299, 19
54, 352, 299, 76
54, 228, 299, 32
54, 366, 299, 76
54, 115, 299, 70
54, 376, 299, 75
54, 124, 299, 35
