300, 600, 30
19, 320, 0, 61
19, 385, 0, 84
19, 0, 0, 11
19, 69, 0, 91
19, 582, 0, 14
19, 70, 0, 94
19, 123, 0, 29
19, 373, 0, 56
19, 438, 0, 61
19, 248, 0, 63
19, 217, 0, 2
19, 59, 0, 52
19, 93, 0, 9
19, 230, 1, 5
19, 71, 1, 89
19, 264, 1, 99
19, 427, 1, 42
19, 364, 1, 47
19, 12, 1, 52
19, 282, 1, 98
19, 493, 1, 89
19, 208, 1, 64
19, 271, 1, 64
19, 339, 1, 35
19, 373, 1, 56
19, 120, 1, 82
19, 313, 1, 89
19, 122, 1, 98
19, 572, 1, 4
19, 416, 2, 60
19, 377, 2, 63
19, 105, 2, 2
19, 497, 2, 34
19, 275, 2, 71
19, 308, 2, 4
19, 51, 2, 46
19, 374, 2, 57
19, 119, 2, 100
19, 184, 2, 86
19, 441, 2, 91
19, 442, 2, 48
19, 188, 2, 55
19, 95, 2, 40
19, 0, 3, 11
19, 132, 3, 4
19, 391, 3, 47
19, 275, 3, 71
19, 531, 3, 13
19, 277, 3, 61
19, 164, 3, 31
19, 295, 3, 63
19, 40, 3, 53
19, 302, 3, 29
19, 561, 3, 37
19, 52, 3, 86
19, 181, 3, 23
19, 572, 3, 4
19, 580, 3, 65
19, 199, 3, 18
19, 336, 3, 17
19, 466, 3, 70
19, 107, 3, 43
19, 496, 3, 80
19, 370, 3, 39
19, 243, 3, 25
19, 502, 3, 100
19, 377, 3, 63
19, 253, 3, 22
19, 128, 4, 85
19, 4, 4, 84
19, 15, 4, 92
19, 22, 4, 82
19, 280, 4, 35
19, 29, 4, 38
19, 293, 4, 24
19, 63, 4, 56
19, 67, 4, 15
19, 451, 4, 12
19, 467, 4, 96
19, 472, 4, 47
19, 345, 4, 45
19, 479, 4, 47
19, 100, 4, 49
19, 232, 4, 58
19, 363, 4, 12
19, 491, 4, 45
19, 110, 4, 7
19, 511, 4, 73
19, 6, 5, 99
19, 19, 5, 37
19, 151, 5, 93
19, 281, 5, 16
19, 411, 5, 42
19, 547, 5, 38
19, 428, 5, 60
19, 48, 5, 59
19, 178, 5, 53
19, 307, 5, 16
19, 51, 5, 46
19, 564, 5, 21
19, 442, 5, 48
19, 59, 5, 52
19, 61, 5, 89
19, 66, 5, 28
19, 587, 5, 79
19, 83, 5, 3
19, 97, 5, 47
19, 496, 5, 80
19, 240, 5, 25
19, 379, 5, 37
19, 452, 6, 70
19, 584, 6, 3
19, 76, 6, 4
19, 591, 6, 47
19, 243, 6, 25
19, 596, 6, 1
19, 447, 6, 39
19, 292, 7, 28
19, 294, 7, 38
19, 265, 7, 94
19, 398, 7, 80
19, 208, 7, 64
19, 276, 7, 82
19, 91, 7, 20
19, 153, 8, 36
19, 387, 8, 39
19, 547, 8, 38
19, 37, 8, 36
19, 554, 8, 89
19, 473, 8, 9
19, 205, 8, 55
19, 463, 8, 40
19, 304, 8, 46
19, 536, 8, 70
19, 121, 8, 70
19, 378, 8, 47
19, 285, 8, 15
19, 350, 8, 8
19, 5, 9, 91
19, 393, 9, 80
19, 270, 9, 30
19, 151, 9, 93
19, 539, 9, 9
19, 42, 9, 17
19, 55, 9, 87
19, 569, 9, 97
19, 57, 9, 91
19, 60, 9, 36
19, 572, 9, 4
19, 449, 9, 21
19, 200, 9, 47
19, 459, 9, 68
19, 461, 9, 97
19, 591, 9, 47
19, 467, 9, 96
19, 597, 9, 87
19, 350, 9, 8
19, 227, 9, 81
19, 100, 9, 49
19, 231, 9, 59
19, 373, 9, 56
19, 511, 9, 73
19, 321, 10, 12
19, 323, 10, 53
19, 430, 10, 10
19, 78, 10, 43
19, 16, 10, 53
19, 531, 10, 13
19, 564, 10, 21
19, 341, 10, 33
19, 542, 10, 42
19, 517, 11, 7
19, 395, 11, 68
19, 14, 11, 6
19, 146, 11, 51
19, 535, 11, 9
19, 279, 11, 70
19, 283, 11, 96
19, 422, 11, 98
19, 58, 11, 92
19, 68, 11, 94
19, 70, 11, 94
19, 200, 11, 47
19, 204, 11, 80
19, 79, 11, 61
19, 476, 11, 76
19, 478, 11, 61
19, 99, 11, 10
19, 228, 11, 11
19, 367, 11, 81
19, 372, 11, 86
19, 258, 12, 22
19, 521, 12, 100
19, 11, 12, 38
19, 271, 12, 64
19, 156, 12, 26
19, 288, 12, 29
19, 548, 12, 72
19, 298, 12, 66
19, 556, 12, 71
19, 182, 12, 1
19, 313, 12, 89
19, 60, 12, 36
19, 190, 12, 68
19, 447, 12, 39
19, 450, 12, 44
19, 591, 12, 47
19, 79, 12, 61
19, 466, 12, 70
19, 212, 12, 68
19, 500, 12, 85
19, 36, 13, 1
19, 37, 13, 36
19, 328, 13, 88
19, 426, 13, 99
19, 592, 13, 2
19, 53, 13, 46
19, 405, 13, 10
19, 407, 13, 57
19, 440, 13, 61
19, 347, 13, 26
19, 413, 13, 1
19, 2, 14, 77
19, 559, 14, 20
19, 114, 14, 68
19, 436, 14, 75
19, 374, 14, 57
19, 448, 15, 88
19, 480, 15, 15
19, 1, 15, 4
19, 228, 15, 11
19, 165, 15, 48
19, 326, 15, 42
19, 390, 15, 3
19, 297, 15, 14
19, 78, 15, 43
19, 49, 15, 87
19, 404, 15, 61
19, 86, 15, 62
19, 28, 15, 17
19, 386, 16, 56
19, 3, 16, 55
19, 260, 16, 51
19, 521, 16, 100
19, 18, 16, 98
19, 276, 16, 82
19, 20, 16, 20
19, 538, 16, 89
19, 412, 16, 23
19, 304, 16, 46
19, 435, 16, 41
19, 183, 16, 38
19, 583, 16, 24
19, 598, 16, 98
19, 471, 16, 57
19, 221, 16, 74
19, 226, 16, 38
19, 228, 16, 11
19, 127, 16, 72
19, 515, 17, 96
19, 292, 17, 28
19, 71, 17, 89
19, 520, 17, 13
19, 232, 17, 58
19, 586, 17, 37
19, 556, 17, 71
19, 557, 17, 80
19, 14, 17, 6
19, 400, 17, 51
19, 402, 17, 71
19, 19, 17, 37
19, 599, 17, 48
19, 506, 17, 41
19, 28, 17, 17
19, 222, 17, 41
19, 62, 17, 75
19, 394, 18, 62
19, 277, 18, 61
19, 21, 18, 88
19, 34, 18, 79
19, 546, 18, 56
19, 171, 18, 90
19, 44, 18, 79
19, 306, 18, 27
19, 180, 18, 26
19, 183, 18, 38
19, 570, 18, 17
19, 317, 18, 40
19, 323, 18, 53
19, 453, 18, 90
19, 78, 18, 43
19, 80, 18, 4
19, 593, 18, 72
19, 470, 18, 30
19, 482, 18, 14
19, 111, 18, 61
19, 249, 18, 89
19, 254, 18, 79
19, 545, 19, 59
19, 546, 19, 56
19, 550, 19, 28
19, 248, 19, 63
19, 382, 19, 15
19, 447, 19, 39
19, 1, 20, 4
19, 515, 20, 96
19, 4, 20, 84
19, 522, 20, 38
19, 18, 20, 98
19, 22, 20, 82
19, 552, 20, 37
19, 302, 20, 29
19, 432, 20, 24
19, 562, 20, 56
19, 307, 20, 16
19, 56, 20, 24
19, 449, 20, 21
19, 322, 20, 95
19, 326, 20, 42
19, 328, 20, 88
19, 585, 20, 14
19, 76, 20, 4
19, 469, 20, 69
19, 219, 20, 7
19, 488, 20, 89
19, 234, 20, 41
19, 362, 20, 64
19, 111, 20, 61
19, 369, 20, 38
19, 581, 21, 15
19, 294, 21, 38
19, 326, 21, 42
19, 138, 21, 81
19, 555, 21, 34
19, 461, 21, 97
19, 209, 21, 81
19, 595, 21, 6
19, 564, 21, 21
19, 563, 21, 44
19, 343, 21, 42
19, 314, 21, 3
19, 219, 21, 7
19, 279, 21, 70
19, 125, 21, 73
19, 132, 22, 4
19, 261, 22, 36
19, 409, 22, 29
19, 459, 22, 68
19, 557, 22, 80
19, 78, 22, 43
19, 13, 22, 60
19, 208, 22, 64
19, 496, 22, 80
19, 593, 22, 72
19, 404, 22, 61
19, 372, 22, 86
19, 151, 22, 93
19, 88, 22, 32
19, 153, 22, 36
19, 314, 22, 3
19, 283, 22, 96
19, 57, 22, 91
19, 202, 23, 99
19, 138, 23, 81
19, 597, 23, 87
19, 469, 23, 69
19, 535, 23, 9
19, 417, 24, 66
19, 37, 24, 36
19, 297, 24, 14
19, 235, 24, 47
19, 505, 24, 93
19, 48, 24, 59
19, 403, 24, 58
19, 308, 24, 4
19, 565, 24, 50
19, 501, 24, 32
19, 440, 24, 61
19, 57, 24, 91
19, 282, 24, 98
19, 187, 24, 47
19, 188, 24, 55
19, 254, 24, 79
19, 298, 25, 66
19, 203, 25, 10
19, 314, 25, 3
19, 172, 25, 65
19, 399, 25, 29
19, 117, 25, 97
19, 377, 25, 63
19, 26, 25, 5
19, 319, 25, 92
19, 387, 26, 39
19, 36, 26, 1
19, 131, 26, 42
19, 549, 26, 48
19, 567, 26, 93
19, 104, 26, 56
19, 9, 26, 50
19, 3, 26, 55
19, 592, 26, 2
19, 178, 26, 53
19, 210, 26, 16
19, 181, 26, 23
19, 117, 26, 97
19, 598, 26, 98
19, 25, 26, 11
19, 124, 26, 57
19, 349, 26, 39
19, 574, 26, 34
19, 525, 27, 82
19, 144, 27, 19
19, 16, 27, 53
19, 273, 27, 56
19, 26, 27, 5
19, 163, 27, 27
19, 47, 27, 74
19, 560, 27, 3
19, 563, 27, 44
19, 566, 27, 42
19, 447, 27, 39
19, 455, 27, 41
19, 458, 27, 4
19, 207, 27, 59
19, 211, 27, 8
19, 340, 27, 76
19, 597, 27, 87
19, 96, 27, 28
19, 380, 27, 94
19, 3, 28, 55
19, 6, 28, 99
19, 9, 28, 50
19, 412, 28, 23
19, 29, 28, 38
19, 289, 28, 9
19, 292, 28, 28
19, 37, 28, 36
19, 424, 28, 1
19, 298, 28, 66
19, 432, 28, 24
19, 561, 28, 37
19, 566, 28, 42
19, 460, 28, 10
19, 333, 28, 32
19, 78, 28, 43
19, 467, 28, 96
19, 488, 28, 89
19, 254, 28, 79
19, 256, 29, 7
19, 514, 29, 64
19, 19, 29, 37
19, 147, 29, 20
19, 534, 29, 52
19, 23, 29, 99
19, 43, 29, 33
19, 44, 29, 79
19, 302, 29, 29
19, 309, 29, 71
19, 576, 29, 63
19, 449, 29, 21
19, 208, 29, 64
19, 211, 29, 8
19, 351, 29, 9
19, 96, 29, 28
19, 353, 29, 61
19, 228, 29, 11
19, 251, 29, 99
19, 382, 29, 15
19, 513, 30, 18
19, 518, 30, 59
19, 266, 30, 78
19, 526, 30, 9
19, 270, 30, 30
19, 406, 30, 58
19, 299, 30, 4
19, 555, 30, 34
19, 302, 30, 29
19, 561, 30, 37
19, 178, 30, 53
19, 52, 30, 86
19, 441, 30, 91
19, 196, 30, 87
19, 199, 30, 18
19, 458, 30, 4
19, 590, 30, 7
19, 476, 30, 76
19, 354, 30, 52
19, 361, 30, 82
19, 233, 30, 40
19, 113, 30, 51
19, 371, 30, 44
19, 508, 30, 6
19, 125, 30, 73
19, 519, 31, 47
19, 271, 31, 64
19, 146, 31, 51
19, 538, 31, 89
19, 283, 31, 96
19, 296, 31, 58
19, 176, 31, 73
19, 562, 31, 56
19, 182, 31, 1
19, 62, 31, 75
19, 69, 31, 91
19, 457, 31, 7
19, 461, 31, 97
19, 79, 31, 61
19, 209, 31, 81
19, 93, 31, 9
19, 94, 31, 56
19, 110, 31, 7
19, 501, 31, 32
19, 249, 31, 89
19, 324, 32, 69
19, 553, 32, 99
19, 203, 32, 10
19, 398, 32, 80
19, 438, 32, 61
19, 184, 32, 86
19, 411, 32, 42
19, 384, 33, 57
19, 136, 33, 68
19, 10, 33, 58
19, 402, 33, 71
19, 23, 33, 99
19, 152, 33, 39
19, 153, 33, 36
19, 154, 33, 43
19, 419, 33, 9
19, 428, 33, 60
19, 563, 33, 44
19, 455, 33, 41
19, 201, 33, 12
19, 464, 33, 34
19, 82, 33, 91
19, 211, 33, 8
19, 212, 33, 68
19, 215, 33, 50
19, 507, 33, 7
19, 1, 34, 4
19, 389, 34, 64
19, 518, 34, 59
19, 265, 34, 94
19, 140, 34, 43
19, 23, 34, 99
19, 153, 34, 36
19, 28, 34, 17
19, 417, 34, 66
19, 161, 34, 11
19, 422, 34, 98
19, 168, 34, 91
19, 439, 34, 50
19, 568, 34, 86
19, 577, 34, 83
19, 196, 34, 87
19, 325, 34, 76
19, 462, 34, 53
19, 343, 34, 42
19, 93, 34, 9
19, 353, 34, 61
19, 98, 34, 6
19, 507, 34, 7
19, 126, 34, 64
19, 127, 34, 72
19, 318, 35, 9
19, 65, 35, 1
19, 293, 35, 24
19, 454, 35, 87
19, 295, 35, 63
19, 328, 35, 88
19, 200, 35, 47
19, 491, 35, 45
19, 205, 35, 55
19, 495, 35, 7
19, 82, 35, 91
19, 179, 35, 8
19, 597, 35, 87
19, 345, 35, 45
19, 158, 35, 20
19, 480, 36, 15
19, 547, 36, 38
19, 361, 36, 82
19, 493, 36, 89
19, 237, 36, 55
19, 175, 36, 51
19, 557, 36, 80
19, 53, 36, 46
19, 217, 36, 2
19, 26, 36, 5
19, 391, 37, 47
19, 266, 37, 78
19, 522, 37, 38
19, 267, 37, 85
19, 269, 37, 53
19, 25, 37, 11
19, 29, 37, 38
19, 548, 37, 72
19, 298, 37, 66
19, 435, 37, 41
19, 443, 37, 45
19, 574, 37, 34
19, 66, 37, 28
19, 582, 37, 14
19, 456, 37, 17
19, 468, 37, 5
19, 88, 37, 32
19, 222, 37, 41
19, 103, 37, 24
19, 360, 37, 98
19, 367, 37, 81
19, 501, 37, 32
19, 251, 37, 99
19, 257, 38, 10
19, 226, 38, 38
19, 547, 38, 38
19, 390, 38, 3
19, 393, 38, 80
19, 554, 38, 89
19, 459, 38, 68
19, 236, 38, 6
19, 460, 38, 10
19, 82, 38, 91
19, 210, 38, 16
19, 21, 38, 88
19, 280, 38, 35
19, 314, 38, 3
19, 91, 38, 20
19, 157, 38, 24
19, 382, 38, 15
19, 321, 39, 12
19, 129, 39, 19
19, 166, 39, 94
19, 73, 39, 95
19, 298, 39, 66
19, 41, 39, 3
19, 270, 39, 30
19, 335, 39, 12
19, 303, 39, 85
19, 50, 39, 89
19, 180, 39, 26
19, 565, 39, 50
19, 213, 39, 6
19, 157, 39, 24
19, 512, 40, 21
19, 513, 40, 18
19, 266, 40, 78
19, 267, 40, 85
19, 20, 40, 20
19, 283, 40, 96
19, 416, 40, 60
19, 168, 40, 91
19, 44, 40, 79
19, 557, 40, 80
19, 310, 40, 11
19, 590, 40, 7
19, 97, 40, 47
19, 226, 40, 38
19, 492, 40, 30
19, 494, 40, 52
19, 371, 40, 44
19, 244, 40, 89
19, 243, 40, 25
19, 380, 40, 94
19, 578, 41, 9
19, 455, 41, 41
19, 459, 41, 68
19, 396, 41, 33
19, 204, 41, 80
19, 432, 41, 24
19, 469, 41, 69
19, 89, 41, 82
19, 287, 41, 82
19, 581, 42, 15
19, 102, 42, 80
19, 10, 42, 58
19, 44, 42, 79
19, 301, 42, 40
19, 76, 42, 4
19, 335, 42, 12
19, 307, 42, 16
19, 213, 42, 6
19, 281, 42, 16
19, 60, 42, 36
19, 129, 43, 19
19, 517, 43, 7
19, 9, 43, 50
19, 270, 43, 30
19, 275, 43, 71
19, 405, 43, 10
19, 534, 43, 52
19, 24, 43, 29
19, 422, 43, 98
19, 551, 43, 8
19, 427, 43, 42
19, 53, 43, 46
19, 186, 43, 76
19, 326, 43, 42
19, 456, 43, 17
19, 209, 43, 81
19, 82, 43, 91
19, 478, 43, 61
19, 485, 43, 99
19, 230, 43, 5
19, 366, 43, 74
19, 249, 43, 89
19, 255, 43, 72
19, 257, 44, 10
19, 225, 44, 72
19, 547, 44, 38
19, 452, 44, 70
19, 294, 44, 38
19, 424, 44, 1
19, 136, 44, 68
19, 522, 44, 38
19, 495, 44, 7
19, 528, 44, 48
19, 82, 44, 91
19, 243, 44, 25
19, 306, 44, 27
19, 185, 44, 64
19, 346, 44, 96
19, 571, 44, 46
19, 93, 44, 9
19, 350, 44, 8
19, 417, 45, 66
19, 66, 45, 28
19, 387, 45, 39
19, 35, 45, 6
19, 549, 45, 48
19, 276, 45, 82
19, 182, 45, 1
19, 380, 45, 94
19, 217, 45, 2
19, 378, 45, 47
19, 508, 45, 6
19, 227, 46, 81
19, 99, 46, 10
19, 102, 46, 80
19, 550, 46, 28
19, 392, 46, 47
19, 423, 46, 1
19, 12, 46, 52
19, 368, 46, 87
19, 593, 46, 72
19, 594, 46, 19
19, 112, 46, 90
19, 371, 46, 44
19, 274, 46, 17
19, 443, 46, 45
19, 471, 46, 57
19, 377, 46, 63
19, 442, 46, 48
19, 219, 46, 7
19, 391, 47, 47
19, 404, 47, 61
19, 153, 47, 36
19, 155, 47, 68
19, 287, 47, 82
19, 33, 47, 82
19, 419, 47, 9
19, 553, 47, 99
19, 304, 47, 46
19, 563, 47, 44
19, 310, 47, 11
19, 440, 47, 61
19, 185, 47, 64
19, 63, 47, 56
19, 578, 47, 9
19, 207, 47, 59
19, 215, 47, 50
19, 343, 47, 42
19, 92, 47, 80
19, 230, 47, 5
19, 364, 47, 47
19, 493, 47, 89
19, 193, 48, 65
19, 396, 48, 33
19, 461, 48, 97
19, 209, 48, 81
19, 502, 48, 100
19, 534, 48, 52
19, 504, 48, 22
19, 5, 49, 91
19, 390, 49, 3
19, 421, 49, 81
19, 458, 49, 4
19, 173, 49, 73
19, 596, 49, 1
19, 376, 49, 79
19, 383, 49, 89
19, 129, 50, 19
19, 130, 50, 38
19, 75, 50, 47
19, 365, 50, 12
19, 207, 50, 59
19, 243, 50, 25
19, 53, 50, 46
19, 184, 50, 86
19, 315, 50, 8
19, 260, 51, 51
19, 133, 51, 59
19, 519, 51, 47
19, 521, 51, 100
19, 144, 51, 19
19, 283, 51, 96
19, 553, 51, 99
19, 43, 51, 33
19, 46, 51, 90
19, 75, 51, 47
19, 207, 51, 59
19, 472, 51, 47
19, 94, 51, 56
19, 226, 51, 38
19, 489, 51, 41
19, 233, 51, 40
19, 367, 51, 81
19, 373, 51, 56
19, 247, 51, 77
19, 380, 51, 94
19, 513, 52, 18
19, 193, 52, 65
19, 70, 52, 94
19, 235, 52, 47
19, 300, 52, 13
19, 13, 52, 60
19, 46, 52, 90
19, 560, 52, 3
19, 535, 52, 9
19, 346, 52, 96
19, 380, 52, 94
19, 93, 52, 9
19, 478, 52, 61
19, 519, 53, 47
19, 269, 53, 53
19, 409, 53, 29
19, 284, 53, 98
19, 289, 53, 9
19, 161, 53, 11
19, 293, 53, 24
19, 173, 53, 73
19, 560, 53, 3
19, 177, 53, 14
19, 579, 53, 37
19, 327, 53, 71
19, 456, 53, 17
19, 328, 53, 88
19, 335, 53, 12
19, 466, 53, 70
19, 85, 53, 25
19, 346, 53, 96
19, 103, 53, 24
19, 368, 53, 87
19, 255, 53, 72
19, 420, 54, 53
19, 453, 54, 90
19, 326, 54, 42
19, 202, 54, 99
19, 398, 54, 80
19, 239, 54, 79
19, 244, 54, 89
19, 436, 54, 75
19, 280, 54, 35
19, 571, 54, 46
19, 284, 54, 98
19, 121, 55, 70
19, 421, 55, 81
19, 361, 55, 82
19, 395, 55, 68
19, 209, 55, 81
19, 22, 55, 82
19, 571, 55, 46
19, 378, 55, 47
19, 91, 55, 20
19, 252, 55, 53
19, 200, 56, 47
19, 106, 56, 13
19, 428, 56, 60
19, 302, 56, 29
19, 568, 56, 86
19, 28, 56, 17
19, 255, 56, 72
19, 258, 57, 22
19, 227, 57, 81
19, 195, 57, 54
19, 453, 57, 90
19, 71, 57, 89
19, 40, 57, 53
19, 526, 57, 9
19, 335, 57, 12
19, 469, 57, 69
19, 341, 57, 33
19, 56, 57, 24
19, 409, 57, 29
19, 250, 57, 17
19, 508, 57, 6
19, 29, 57, 38
19, 350, 57, 8
19, 128, 58, 85
19, 197, 58, 33
19, 489, 58, 41
19, 394, 58, 62
19, 107, 58, 43
19, 10, 58, 58
19, 460, 58, 10
19, 238, 58, 53
19, 591, 58, 47
19, 176, 58, 73
19, 240, 58, 25
19, 278, 58, 51
19, 246, 58, 30
19, 120, 58, 82
19, 441, 58, 91
19, 446, 58, 88
19, 383, 58, 89
19, 151, 59, 93
19, 416, 59, 60
19, 551, 59, 8
19, 39, 59, 13
19, 172, 59, 65
19, 45, 59, 48
19, 557, 59, 80
19, 437, 59, 18
19, 569, 59, 97
19, 314, 59, 3
19, 76, 59, 4
19, 209, 59, 81
19, 338, 59, 24
19, 473, 59, 9
19, 474, 59, 44
19, 480, 59, 15
19, 103, 59, 24
19, 249, 59, 89
19, 510, 59, 93
19, 582, 60, 14
19, 199, 60, 18
19, 557, 60, 80
19, 14, 60, 6
19, 335, 60, 12
19, 80, 60, 4
19, 403, 60, 58
19, 501, 60, 32
19, 341, 60, 33
19, 376, 60, 79
19, 474, 60, 44
19, 509, 60, 73
19, 418, 61, 80
19, 266, 61, 78
19, 13, 61, 60
19, 143, 61, 77
19, 15, 61, 92
19, 367, 61, 81
19, 210, 61, 16
19, 372, 61, 86
19, 28, 61, 17
19, 512, 62, 21
19, 147, 62, 20
19, 20, 62, 20
19, 280, 62, 35
19, 153, 62, 36
19, 543, 62, 91
19, 288, 62, 29
19, 291, 62, 4
19, 168, 62, 91
19, 428, 62, 60
19, 557, 62, 80
19, 436, 62, 75
19, 565, 62, 50
19, 193, 62, 65
19, 201, 62, 12
19, 459, 62, 68
19, 78, 62, 43
19, 206, 62, 11
19, 88, 62, 32
19, 95, 62, 40
19, 224, 62, 33
19, 249, 62, 89
19, 384, 63, 57
19, 354, 63, 52
19, 452, 63, 70
19, 164, 63, 31
19, 46, 63, 90
19, 144, 63, 19
19, 368, 63, 87
19, 531, 63, 13
19, 597, 63, 87
19, 153, 63, 36
19, 509, 63, 73
19, 415, 63, 96
19, 160, 64, 17
19, 224, 64, 33
19, 131, 64, 42
19, 198, 64, 83
19, 584, 64, 3
19, 73, 64, 95
19, 76, 64, 4
19, 45, 64, 48
19, 239, 64, 79
19, 207, 64, 59
19, 177, 64, 14
19, 531, 64, 13
19, 84, 64, 58
19, 282, 64, 98
19, 507, 64, 7
19, 316, 64, 85
19, 159, 64, 69
19, 385, 65, 84
19, 12, 65, 52
19, 536, 65, 70
19, 560, 65, 3
19, 51, 65, 46
19, 437, 65, 18
19, 576, 65, 63
19, 320, 65, 61
19, 582, 65, 14
19, 203, 65, 10
19, 590, 65, 7
19, 213, 65, 6
19, 221, 65, 74
19, 95, 65, 40
19, 375, 65, 67
19, 112, 65, 90
19, 503, 65, 5
19, 381, 65, 93
19, 255, 65, 72
19, 160, 66, 17
19, 33, 66, 82
19, 6, 66, 99
19, 583, 66, 24
19, 363, 66, 12
19, 174, 66, 78
19, 79, 66, 61
19, 516, 67, 56
19, 357, 67, 9
19, 454, 67, 87
19, 228, 67, 11
19, 446, 67, 88
19, 426, 67, 99
19, 13, 67, 60
19, 142, 67, 95
19, 303, 67, 85
19, 306, 67, 27
19, 441, 67, 91
19, 156, 67, 26
19, 412, 67, 23
19, 388, 68, 97
19, 326, 68, 42
19, 364, 68, 47
19, 78, 68, 43
19, 306, 68, 27
19, 502, 68, 100
19, 183, 68, 38
19, 382, 69, 15
19, 69, 69, 91
19, 326, 69, 42
19, 40, 69, 53
19, 202, 69, 99
19, 13, 69, 60
19, 110, 69, 7
19, 240, 69, 25
19, 368, 69, 87
19, 466, 69, 70
19, 304, 69, 46
19, 344, 69, 83
19, 473, 69, 9
19, 506, 69, 41
19, 315, 69, 8
19, 414, 69, 71
19, 192, 70, 77
19, 195, 70, 54
19, 294, 70, 38
19, 599, 70, 48
19, 106, 70, 13
19, 202, 70, 99
19, 332, 70, 5
19, 366, 70, 74
19, 463, 70, 40
19, 528, 70, 48
19, 303, 70, 85
19, 50, 70, 89
19, 183, 70, 38
19, 88, 70, 32
19, 441, 70, 91
19, 572, 70, 4
19, 157, 70, 24
19, 1, 71, 4
19, 67, 71, 15
19, 585, 71, 14
19, 107, 71, 43
19, 347, 71, 26
19, 381, 71, 93
19, 283, 71, 96
19, 413, 71, 1
19, 350, 71, 8
19, 512, 72, 21
19, 324, 72, 69
19, 36, 72, 1
19, 394, 72, 62
19, 400, 72, 51
19, 145, 72, 41
19, 146, 72, 51
19, 244, 72, 89
19, 387, 73, 39
19, 133, 73, 59
19, 15, 73, 92
19, 274, 73, 17
19, 403, 73, 58
19, 283, 73, 96
19, 416, 73, 60
19, 162, 73, 96
19, 291, 73, 4
19, 165, 73, 48
19, 436, 73, 75
19, 55, 73, 87
19, 443, 73, 45
19, 460, 73, 10
19, 481, 73, 38
19, 489, 73, 41
19, 115, 73, 98
19, 373, 73, 56
19, 255, 73, 72
19, 393, 74, 80
19, 460, 74, 10
19, 589, 74, 81
19, 462, 74, 53
19, 300, 74, 13
19, 336, 74, 17
19, 439, 74, 50
19, 474, 74, 44
19, 546, 75, 56
19, 450, 75, 44
19, 232, 75, 58
19, 47, 75, 74
19, 183, 75, 38
19, 505, 75, 93
19, 27, 75, 3
19, 62, 75, 75
19, 67, 76, 15
19, 5, 76, 91
19, 522, 76, 38
19, 491, 76, 45
19, 234, 76, 41
19, 13, 76, 60
19, 14, 76, 6
19, 115, 76, 98
19, 404, 76, 61
19, 437, 76, 18
19, 408, 76, 78
19, 410, 76, 100
19, 349, 76, 39
19, 163, 77, 27
19, 132, 77, 4
19, 358, 77, 24
19, 551, 77, 8
19, 329, 77, 6
19, 76, 77, 4
19, 557, 77, 80
19, 526, 77, 9
19, 497, 77, 34
19, 341, 77, 33
19, 151, 77, 93
19, 570, 77, 17
19, 318, 77, 9
19, 383, 77, 89
19, 449, 78, 21
19, 293, 78, 24
19, 166, 78, 94
19, 73, 78, 95
19, 394, 78, 62
19, 586, 78, 37
19, 429, 78, 90
19, 315, 78, 8
19, 146, 78, 51
19, 116, 78, 42
19, 533, 78, 16
19, 21, 78, 88
19, 537, 78, 30
19, 282, 78, 98
19, 379, 78, 37
19, 348, 78, 12
19, 479, 78, 47
19, 192, 79, 77
19, 576, 79, 63
19, 163, 79, 27
19, 326, 79, 42
19, 70, 79, 94
19, 202, 79, 99
19, 398, 79, 80
19, 277, 79, 61
19, 543, 79, 91
19, 131, 80, 42
19, 548, 80, 72
19, 133, 80, 59
19, 263, 80, 44
19, 456, 80, 17
19, 75, 80, 47
19, 240, 80, 25
19, 401, 80, 79
19, 274, 80, 17
19, 242, 80, 81
19, 435, 80, 41
19, 377, 80, 63
19, 220, 80, 92
19, 381, 80, 93
19, 543, 80, 91
19, 263, 81, 44
19, 140, 81, 43
19, 21, 81, 88
19, 150, 81, 83
19, 427, 81, 42
19, 45, 81, 48
19, 304, 81, 46
19, 439, 81, 50
19, 441, 81, 91
19, 571, 81, 46
19, 190, 81, 68
19, 203, 81, 10
19, 205, 81, 55
19, 206, 81, 11
19, 82, 81, 91
19, 597, 81, 87
19, 482, 81, 14
19, 355, 81, 3
19, 119, 81, 100
19, 266, 82, 78
19, 269, 82, 53
19, 398, 82, 80
19, 147, 82, 20
19, 421, 82, 81
19, 166, 82, 94
19, 296, 82, 58
19, 559, 82, 20
19, 453, 82, 90
19, 327, 82, 71
19, 461, 82, 97
19, 462, 82, 53
19, 466, 82, 70
19, 599, 82, 48
19, 215, 82, 50
19, 482, 82, 14
19, 226, 82, 38
19, 486, 82, 23
19, 490, 82, 60
19, 374, 82, 57
19, 124, 82, 57
19, 381, 82, 93
19, 60, 83, 36
19, 433, 83, 67
19, 19, 83, 37
19, 284, 83, 98
19, 190, 83, 68
19, 286, 83, 10
19, 4, 84, 84
19, 229, 84, 79
19, 171, 84, 90
19, 336, 84, 17
19, 177, 84, 14
19, 370, 84, 39
19, 342, 84, 13
19, 62, 84, 75
19, 353, 85, 61
19, 386, 85, 56
19, 196, 85, 87
19, 133, 85, 59
19, 38, 85, 20
19, 334, 85, 95
19, 86, 85, 62
19, 88, 85, 32
19, 313, 85, 89
19, 378, 85, 47
19, 383, 85, 89
19, 524, 86, 25
19, 15, 86, 92
19, 32, 86, 4
19, 160, 86, 17
19, 421, 86, 81
19, 552, 86, 37
19, 299, 86, 4
19, 427, 86, 42
19, 301, 86, 40
19, 302, 86, 29
19, 180, 86, 26
19, 437, 86, 18
19, 316, 86, 85
19, 68, 86, 94
19, 199, 86, 18
19, 72, 86, 44
19, 468, 86, 5
19, 486, 86, 23
19, 491, 86, 45
19, 494, 86, 52
19, 502, 86, 100
19, 288, 87, 29
19, 417, 87, 66
19, 97, 87, 47
19, 99, 87, 10
19, 70, 87, 94
19, 522, 87, 38
19, 267, 87, 85
19, 397, 87, 17
19, 275, 87, 71
19, 277, 87, 61
19, 569, 87, 97
19, 572, 87, 4
19, 350, 87, 8
19, 217, 88, 2
19, 261, 88, 36
19, 103, 88, 24
19, 206, 88, 11
19, 500, 88, 85
19, 121, 88, 70
19, 4, 89, 84
19, 392, 89, 47
19, 15, 89, 92
19, 273, 89, 56
19, 151, 89, 93
19, 36, 89, 1
19, 421, 89, 81
19, 426, 89, 99
19, 429, 89, 90
19, 307, 89, 16
19, 60, 89, 36
19, 190, 89, 68
19, 578, 89, 9
19, 195, 89, 54
19, 81, 89, 79
19, 83, 89, 3
19, 85, 89, 25
19, 348, 89, 12
19, 483, 89, 46
19, 488, 89, 89
19, 250, 89, 17
19, 193, 90, 65
19, 105, 90, 2
19, 266, 90, 78
19, 364, 90, 47
19, 172, 90, 65
19, 366, 90, 74
19, 113, 90, 51
19, 211, 90, 8
19, 507, 90, 7
19, 343, 90, 42
19, 90, 90, 92
19, 219, 90, 7
19, 284, 90, 98
19, 413, 90, 1
19, 127, 90, 72
19, 416, 91, 60
19, 256, 91, 7
19, 263, 91, 44
19, 392, 91, 47
19, 270, 91, 30
19, 337, 91, 76
19, 530, 91, 98
19, 313, 91, 89
19, 66, 92, 28
19, 131, 92, 42
19, 548, 92, 72
19, 357, 92, 9
19, 199, 92, 18
19, 551, 92, 8
19, 103, 92, 24
19, 587, 92, 79
19, 588, 92, 50
19, 206, 92, 11
19, 240, 92, 25
19, 304, 92, 46
19, 532, 92, 66
19, 245, 92, 15
19, 507, 92, 7
19, 61, 92, 89
19, 350, 92, 8
19, 11, 93, 38
19, 526, 93, 9
19, 273, 93, 56
19, 18, 93, 98
19, 147, 93, 20
19, 21, 93, 88
19, 150, 93, 83
19, 23, 93, 99
19, 28, 93, 17
19, 291, 93, 4
19, 43, 93, 33
19, 178, 93, 53
19, 573, 93, 55
19, 449, 93, 21
19, 73, 93, 95
19, 77, 93, 10
19, 336, 93, 17
19, 599, 93, 48
19, 474, 93, 44
19, 489, 93, 41
19, 499, 93, 31
19, 509, 93, 73
19, 14, 94, 6
19, 403, 94, 58
19, 535, 94, 9
19, 155, 94, 68
19, 418, 94, 80
19, 547, 94, 38
19, 420, 94, 53
19, 36, 94, 1
19, 303, 94, 85
19, 51, 94, 46
19, 188, 94, 55
19, 317, 94, 40
19, 454, 94, 87
19, 199, 94, 18
19, 468, 94, 5
19, 85, 94, 25
19, 228, 94, 11
19, 229, 94, 79
19, 105, 94, 2
19, 505, 94, 93
19, 576, 95, 63
19, 260, 95, 51
19, 11, 95, 38
19, 337, 95, 76
19, 409, 95, 29
19, 222, 95, 41
19, 448, 96, 88
19, 129, 96, 19
19, 514, 96, 64
19, 227, 96, 81
19, 483, 96, 46
19, 325, 96, 76
19, 358, 96, 24
19, 425, 96, 65
19, 51, 96, 46
19, 372, 96, 86
19, 343, 96, 42
19, 120, 96, 82
19, 441, 96, 91
19, 250, 96, 17
19, 221, 96, 74
19, 254, 96, 79
19, 514, 97, 64
19, 387, 97, 39
19, 390, 97, 3
19, 268, 97, 87
19, 528, 97, 48
19, 22, 97, 82
19, 537, 97, 30
19, 412, 97, 23
19, 161, 97, 11
19, 425, 97, 65
19, 562, 97, 56
19, 312, 97, 39
19, 577, 97, 83
19, 72, 97, 44
19, 201, 97, 12
19, 205, 97, 55
19, 595, 97, 6
19, 96, 97, 28
19, 99, 97, 10
19, 502, 97, 100
19, 576, 98, 63
19, 483, 98, 46
19, 581, 98, 15
19, 200, 98, 47
19, 137, 98, 74
19, 105, 98, 2
19, 493, 98, 89
19, 461, 98, 97
19, 246, 98, 30
19, 55, 98, 87
19, 88, 98, 32
19, 183, 98, 38
19, 316, 98, 85
19, 189, 98, 52
19, 320, 99, 61
19, 225, 99, 72
19, 354, 99, 52
19, 195, 99, 54
19, 196, 99, 87
19, 515, 99, 96
19, 258, 99, 22
19, 295, 99, 63
19, 526, 99, 9
19, 113, 99, 51
19, 401, 99, 79
19, 116, 99, 42
19, 149, 99, 2
19, 504, 99, 22
19, 25, 99, 11
19, 156, 99, 26
19, 350, 99, 8
19, 164, 100, 31
19, 293, 100, 24
19, 551, 100, 8
19, 459, 100, 68
19, 11, 100, 38
19, 304, 100, 46
19, 212, 100, 68
19, 279, 100, 70
19, 317, 100, 40
19, 141, 101, 82
19, 275, 101, 71
19, 278, 101, 51
19, 412, 101, 23
19, 29, 101, 38
19, 178, 101, 53
19, 53, 101, 46
19, 310, 101, 11
19, 579, 101, 37
19, 583, 101, 24
19, 205, 101, 55
19, 209, 101, 81
19, 475, 101, 72
19, 348, 101, 12
19, 349, 101, 39
19, 354, 101, 52
19, 107, 101, 43
19, 254, 101, 79
19, 126, 101, 64
19, 128, 102, 85
19, 3, 102, 55
19, 516, 102, 56
19, 146, 102, 51
19, 19, 102, 37
19, 404, 102, 61
19, 153, 102, 36
19, 291, 102, 4
19, 40, 102, 53
19, 169, 102, 71
19, 552, 102, 37
19, 177, 102, 14
19, 52, 102, 86
19, 310, 102, 11
19, 200, 102, 47
19, 75, 102, 47
19, 593, 102, 72
19, 594, 102, 19
19, 344, 102, 83
19, 99, 102, 10
19, 362, 102, 64
19, 115, 102, 98
19, 128, 103, 85
19, 547, 103, 38
19, 344, 103, 83
19, 168, 103, 91
19, 426, 103, 99
19, 302, 103, 29
19, 559, 103, 20
19, 272, 103, 50
19, 241, 103, 38
19, 402, 103, 71
19, 22, 103, 82
19, 408, 103, 78
19, 507, 103, 7
19, 349, 103, 39
19, 446, 103, 88
19, 416, 104, 60
19, 450, 104, 44
19, 514, 104, 64
19, 6, 104, 99
19, 555, 104, 34
19, 235, 104, 47
19, 205, 104, 55
19, 142, 104, 95
19, 367, 104, 81
19, 563, 104, 44
19, 118, 104, 42
19, 568, 104, 86
19, 92, 104, 80
19, 574, 104, 34
19, 486, 105, 23
19, 359, 105, 87
19, 236, 105, 6
19, 268, 105, 87
19, 349, 105, 39
19, 381, 105, 93
19, 575, 105, 57
19, 388, 106, 97
19, 10, 106, 58
19, 400, 106, 51
19, 403, 106, 58
19, 535, 106, 9
19, 429, 106, 90
19, 179, 106, 8
19, 309, 106, 71
19, 183, 106, 38
19, 184, 106, 86
19, 463, 106, 40
19, 597, 106, 87
19, 479, 106, 47
19, 224, 106, 33
19, 492, 106, 30
19, 237, 106, 55
19, 502, 106, 100
19, 121, 106, 70
19, 251, 106, 99
19, 509, 106, 73
19, 132, 107, 4
19, 396, 107, 33
19, 141, 107, 82
19, 527, 107, 19
19, 424, 107, 1
19, 45, 107, 48
19, 431, 107, 12
19, 559, 107, 20
19, 436, 107, 75
19, 61, 107, 89
19, 68, 107, 94
19, 87, 107, 26
19, 215, 107, 50
19, 475, 107, 72
19, 487, 107, 67
19, 233, 107, 40
19, 490, 107, 60
19, 108, 107, 75
19, 238, 107, 53
19, 495, 107, 7
19, 249, 107, 89
19, 2, 108, 77
19, 515, 108, 96
19, 132, 108, 4
19, 5, 108, 91
19, 140, 108, 43
19, 274, 108, 17
19, 409, 108, 29
19, 165, 108, 48
19, 307, 108, 16
19, 564, 108, 21
19, 187, 108, 47
19, 574, 108, 34
19, 447, 108, 39
19, 66, 108, 28
19, 73, 108, 95
19, 333, 108, 32
19, 473, 108, 9
19, 483, 108, 46
19, 104, 108, 56
19, 364, 108, 47
19, 253, 108, 22
19, 549, 109, 48
19, 327, 109, 71
19, 552, 109, 37
19, 568, 109, 86
19, 394, 109, 62
19, 12, 109, 52
19, 13, 109, 60
19, 88, 109, 32
19, 189, 109, 52
19, 126, 109, 64
19, 312, 110, 39
19, 100, 110, 49
19, 549, 110, 48
19, 485, 110, 99
19, 325, 110, 76
19, 427, 110, 42
19, 237, 110, 55
19, 335, 110, 12
19, 49, 110, 87
19, 532, 110, 66
19, 23, 110, 99
19, 440, 110, 61
19, 410, 110, 100
19, 28, 110, 17
19, 324, 111, 69
19, 327, 111, 71
19, 275, 111, 71
19, 20, 111, 20
19, 85, 111, 25
19, 54, 111, 75
19, 278, 111, 51
19, 563, 111, 44
19, 115, 111, 98
19, 119, 111, 100
19, 502, 111, 100
19, 188, 111, 55
19, 447, 111, 39
19, 64, 112, 96
19, 422, 112, 98
19, 135, 112, 35
19, 139, 112, 4
19, 471, 112, 57
19, 69, 113, 91
19, 229, 113, 79
19, 326, 113, 42
19, 73, 113, 95
19, 299, 113, 4
19, 429, 113, 90
19, 334, 113, 95
19, 77, 113, 10
19, 336, 113, 17
19, 220, 113, 92
19, 340, 113, 76
19, 278, 113, 51
19, 507, 113, 7
19, 156, 113, 26
19, 479, 113, 47
19, 225, 114, 72
19, 196, 114, 87
19, 105, 114, 2
19, 233, 114, 40
19, 523, 114, 15
19, 10, 114, 58
19, 175, 114, 51
19, 399, 114, 29
19, 401, 114, 79
19, 116, 114, 42
19, 245, 114, 15
19, 246, 114, 30
19, 23, 114, 99
19, 409, 114, 29
19, 570, 114, 17
19, 315, 114, 8
19, 124, 114, 57
19, 31, 114, 80
19, 515, 115, 96
19, 359, 115, 87
19, 583, 115, 24
19, 586, 115, 37
19, 331, 115, 80
19, 43, 115, 33
19, 398, 115, 80
19, 462, 115, 53
19, 526, 115, 9
19, 211, 115, 8
19, 379, 115, 37
19, 504, 115, 22
19, 91, 115, 20
19, 124, 115, 57
19, 31, 115, 80
19, 256, 116, 7
19, 353, 116, 61
19, 259, 116, 82
19, 579, 116, 37
19, 421, 116, 81
19, 294, 116, 38
19, 262, 116, 91
19, 495, 116, 7
19, 530, 116, 98
19, 83, 116, 3
19, 467, 116, 96
19, 371, 116, 44
19, 307, 116, 16
19, 311, 116, 98
19, 153, 116, 36
19, 220, 116, 92
19, 480, 117, 15
19, 223, 117, 20
19, 290, 117, 11
19, 292, 117, 28
19, 198, 117, 83
19, 553, 117, 99
19, 331, 117, 80
19, 302, 117, 29
19, 174, 117, 78
19, 496, 117, 80
19, 534, 117, 52
19, 344, 117, 83
19, 411, 117, 42
19, 252, 117, 53
19, 445, 117, 60
19, 31, 117, 80
19, 579, 118, 37
19, 303, 118, 85
19, 249, 118, 89
19, 474, 118, 44
19, 25, 118, 11
19, 72, 119, 44
19, 530, 119, 98
19, 84, 119, 58
19, 125, 119, 73
19, 375, 119, 67
19, 349, 119, 39
19, 326, 120, 42
19, 457, 120, 7
19, 336, 120, 17
19, 216, 120, 14
19, 377, 120, 63
19, 576, 121, 63
19, 129, 121, 19
19, 291, 121, 4
19, 356, 121, 47
19, 296, 121, 58
19, 235, 121, 47
19, 463, 121, 40
19, 50, 121, 89
19, 114, 121, 68
19, 149, 121, 2
19, 55, 121, 87
19, 189, 121, 52
19, 312, 122, 39
19, 484, 122, 92
19, 326, 122, 42
19, 472, 122, 47
19, 329, 122, 6
19, 587, 122, 79
19, 523, 122, 15
19, 11, 122, 38
19, 590, 122, 7
19, 492, 122, 30
19, 555, 122, 34
19, 174, 122, 78
19, 19, 122, 37
19, 56, 122, 24
19, 313, 122, 89
19, 381, 122, 93
19, 575, 122, 57
19, 163, 123, 27
19, 134, 123, 50
19, 582, 123, 14
19, 457, 123, 7
19, 575, 123, 57
19, 397, 123, 17
19, 461, 123, 97
19, 16, 123, 53
19, 147, 123, 20
19, 279, 123, 70
19, 539, 123, 9
19, 284, 123, 98
19, 157, 123, 24
19, 159, 123, 69
19, 32, 124, 4
19, 385, 124, 84
19, 417, 124, 66
19, 291, 124, 4
19, 358, 124, 24
19, 551, 124, 8
19, 48, 124, 59
19, 274, 124, 17
19, 211, 124, 8
19, 341, 124, 33
19, 311, 124, 98
19, 474, 124, 44
19, 124, 124, 57
19, 126, 124, 64
19, 575, 124, 57
19, 354, 125, 52
19, 132, 125, 4
19, 326, 125, 42
19, 423, 125, 1
19, 168, 125, 91
19, 425, 125, 65
19, 204, 125, 80
19, 333, 125, 32
19, 148, 125, 8
19, 447, 125, 39
19, 224, 126, 33
19, 547, 126, 38
19, 453, 126, 90
19, 327, 126, 71
19, 489, 126, 41
19, 79, 126, 61
19, 464, 126, 34
19, 506, 126, 41
19, 531, 126, 13
19, 84, 126, 58
19, 278, 126, 51
19, 474, 126, 44
19, 541, 126, 6
19, 511, 126, 73
19, 262, 127, 91
19, 525, 127, 82
19, 400, 127, 51
19, 416, 127, 60
19, 544, 127, 71
19, 38, 127, 20
19, 299, 127, 4
19, 184, 127, 86
19, 186, 127, 76
19, 62, 127, 75
19, 322, 127, 95
19, 196, 127, 87
19, 466, 127, 70
19, 474, 127, 44
19, 478, 127, 61
19, 352, 127, 64
19, 353, 127, 61
19, 494, 127, 52
19, 240, 127, 25
19, 257, 128, 10
19, 3, 128, 55
19, 132, 128, 4
19, 7, 128, 67
19, 25, 128, 11
19, 38, 128, 20
19, 550, 128, 28
19, 427, 128, 42
19, 49, 128, 87
19, 311, 128, 98
19, 184, 128, 86
19, 188, 128, 55
19, 189, 128, 52
19, 68, 128, 94
19, 69, 128, 91
19, 74, 128, 57
19, 331, 128, 80
19, 471, 128, 57
19, 91, 128, 20
19, 242, 128, 81
19, 244, 128, 89
19, 379, 128, 37
19, 124, 128, 57
19, 137, 129, 74
19, 11, 129, 38
19, 13, 129, 60
19, 269, 129, 53
19, 145, 129, 41
19, 280, 129, 35
19, 417, 129, 66
19, 40, 129, 53
19, 428, 129, 60
19, 47, 129, 74
19, 560, 129, 3
19, 200, 129, 47
19, 459, 129, 68
19, 340, 129, 76
19, 220, 129, 92
19, 485, 129, 99
19, 238, 129, 53
19, 118, 129, 42
19, 121, 129, 70
19, 250, 129, 17
19, 255, 129, 72
19, 482, 130, 14
19, 262, 130, 91
19, 201, 130, 12
19, 137, 130, 74
19, 554, 130, 89
19, 79, 130, 61
19, 410, 130, 100
19, 532, 130, 66
19, 506, 130, 41
19, 123, 130, 29
19, 477, 130, 36
19, 167, 131, 52
19, 136, 131, 68
19, 520, 131, 13
19, 10, 131, 58
19, 140, 131, 43
19, 589, 131, 81
19, 335, 131, 12
19, 561, 131, 37
19, 375, 131, 67
19, 30, 131, 88
19, 262, 132, 91
19, 10, 132, 58
19, 511, 132, 73
19, 396, 132, 33
19, 560, 132, 3
19, 307, 132, 16
19, 180, 132, 26
19, 51, 132, 46
19, 444, 132, 30
19, 447, 132, 39
19, 453, 132, 90
19, 469, 132, 69
19, 217, 132, 2
19, 484, 132, 92
19, 101, 132, 97
19, 235, 132, 47
19, 243, 132, 25
19, 506, 132, 41
19, 383, 132, 89
19, 544, 133, 71
19, 257, 133, 10
19, 513, 133, 18
19, 576, 133, 63
19, 584, 133, 3
19, 169, 133, 71
19, 461, 133, 97
19, 430, 133, 10
19, 18, 133, 98
19, 563, 133, 44
19, 339, 133, 35
19, 500, 133, 85
19, 54, 133, 75
19, 409, 133, 29
19, 189, 133, 52
19, 158, 133, 20
19, 577, 134, 83
19, 426, 134, 99
19, 204, 134, 80
19, 17, 134, 88
19, 244, 134, 89
19, 473, 134, 9
19, 380, 134, 94
19, 482, 135, 14
19, 419, 135, 9
19, 510, 135, 93
19, 359, 135, 87
19, 457, 135, 7
19, 298, 135, 66
19, 43, 135, 33
19, 171, 135, 90
19, 77, 135, 10
19, 429, 135, 90
19, 176, 135, 73
19, 273, 135, 56
19, 210, 135, 16
19, 341, 135, 33
19, 278, 135, 51
19, 440, 135, 61
19, 542, 135, 42
19, 479, 135, 47
19, 354, 136, 52
19, 561, 136, 37
19, 273, 136, 56
19, 179, 136, 8
19, 405, 136, 10
19, 118, 136, 42
19, 86, 136, 62
19, 505, 136, 93
19, 283, 136, 96
19, 542, 136, 42
19, 287, 136, 82
19, 541, 137, 6
19, 255, 137, 72
19, 217, 137, 2
19, 485, 137, 99
19, 102, 137, 80
19, 99, 137, 10
19, 231, 137, 59
19, 359, 137, 87
19, 172, 137, 65
19, 397, 137, 17
19, 45, 137, 48
19, 464, 137, 34
19, 342, 137, 13
19, 89, 137, 82
19, 346, 137, 96
19, 349, 137, 39
19, 31, 137, 80
19, 226, 138, 38
19, 453, 138, 90
19, 265, 138, 94
19, 588, 138, 50
19, 429, 138, 90
19, 76, 138, 4
19, 380, 138, 94
19, 313, 138, 89
19, 410, 138, 100
19, 347, 138, 26
19, 316, 138, 85
19, 291, 139, 4
19, 103, 139, 24
19, 301, 139, 40
19, 399, 139, 29
19, 81, 139, 79
19, 177, 139, 14
19, 404, 139, 61
19, 597, 139, 87
19, 22, 139, 82
19, 348, 139, 12
19, 481, 140, 38
19, 356, 140, 47
19, 429, 140, 90
19, 173, 140, 73
19, 248, 140, 63
19, 508, 140, 6
19, 515, 141, 96
19, 261, 141, 36
19, 262, 141, 91
19, 275, 141, 71
19, 19, 141, 37
19, 21, 141, 88
19, 23, 141, 99
19, 408, 141, 78
19, 535, 141, 9
19, 283, 141, 96
19, 286, 141, 10
19, 35, 141, 6
19, 293, 141, 24
19, 553, 141, 99
19, 429, 141, 90
19, 436, 141, 75
19, 183, 141, 38
19, 56, 141, 24
19, 446, 141, 88
19, 74, 141, 57
19, 92, 141, 80
19, 239, 141, 79
19, 126, 141, 64
19, 121, 142, 70
19, 230, 142, 5
19, 392, 142, 47
19, 543, 142, 91
19, 140, 142, 43
19, 238, 142, 53
19, 180, 142, 26
19, 117, 142, 97
19, 183, 142, 38
19, 248, 142, 63
19, 473, 142, 9
19, 282, 142, 98
19, 155, 142, 68
19, 413, 142, 1
19, 510, 142, 93
19, 479, 142, 47
19, 2, 143, 77
19, 11, 143, 38
19, 523, 143, 15
19, 14, 143, 6
19, 404, 143, 61
19, 25, 143, 11
19, 420, 143, 53
19, 294, 143, 38
19, 552, 143, 37
19, 177, 143, 14
19, 183, 143, 38
19, 444, 143, 30
19, 190, 143, 68
19, 339, 143, 35
19, 86, 143, 62
19, 214, 143, 62
19, 342, 143, 13
19, 218, 143, 99
19, 493, 143, 89
19, 509, 143, 73
19, 161, 144, 11
19, 516, 144, 56
19, 199, 144, 18
19, 136, 144, 68
19, 429, 144, 90
19, 208, 144, 64
19, 113, 144, 51
19, 177, 144, 14
19, 244, 144, 89
19, 252, 144, 53
19, 343, 144, 42
19, 184, 144, 86
19, 473, 144, 9
19, 508, 144, 6
19, 415, 144, 96
19, 192, 145, 77
19, 344, 145, 83
19, 390, 145, 3
19, 424, 145, 1
19, 521, 145, 100
19, 138, 145, 81
19, 142, 145, 95
19, 29, 145, 38
19, 278, 145, 51
19, 54, 145, 75
19, 376, 145, 79
19, 346, 145, 96
19, 253, 145, 22
19, 521, 146, 100
19, 553, 146, 99
19, 171, 146, 90
19, 45, 146, 48
19, 365, 146, 12
19, 334, 146, 95
19, 304, 146, 46
19, 110, 146, 7
19, 111, 146, 61
19, 211, 146, 8
19, 189, 146, 52
19, 373, 146, 56
19, 403, 146, 58
19, 375, 146, 67
19, 253, 146, 22
19, 158, 146, 20
19, 287, 146, 82
19, 385, 147, 84
19, 265, 147, 94
19, 394, 147, 62
19, 281, 147, 16
19, 284, 147, 98
19, 543, 147, 91
19, 163, 147, 27
19, 170, 147, 60
19, 430, 147, 10
19, 435, 147, 41
19, 60, 147, 36
19, 572, 147, 4
19, 63, 147, 56
19, 65, 147, 1
19, 580, 147, 65
19, 337, 147, 76
19, 345, 147, 45
19, 89, 147, 82
19, 481, 147, 38
19, 483, 147, 46
19, 102, 147, 80
19, 233, 147, 40
19, 244, 147, 89
19, 378, 147, 47
19, 254, 147, 79
19, 96, 148, 28
19, 450, 148, 44
19, 389, 148, 64
19, 392, 148, 47
19, 458, 148, 4
19, 332, 148, 5
19, 146, 148, 51
19, 403, 148, 58
19, 217, 148, 2
19, 122, 148, 98
19, 59, 148, 52
19, 189, 148, 52
19, 196, 149, 87
19, 360, 149, 98
19, 494, 149, 52
19, 343, 149, 42
19, 120, 149, 82
19, 473, 149, 9
19, 544, 150, 71
19, 485, 150, 99
19, 169, 150, 71
19, 367, 150, 81
19, 251, 150, 99
19, 188, 150, 55
19, 133, 151, 59
19, 391, 151, 47
19, 273, 151, 56
19, 149, 151, 2
19, 281, 151, 16
19, 32, 151, 4
19, 290, 151, 11
19, 291, 151, 4
19, 35, 151, 6
19, 172, 151, 65
19, 315, 151, 8
19, 187, 151, 47
19, 573, 151, 55
19, 64, 151, 96
19, 460, 151, 10
19, 226, 151, 38
19, 108, 151, 75
19, 498, 151, 82
19, 255, 151, 72
19, 324, 152, 69
19, 102, 152, 80
19, 456, 152, 17
19, 239, 152, 79
19, 49, 152, 87
19, 52, 152, 86
19, 503, 152, 5
19, 536, 152, 70
19, 90, 152, 92
19, 349, 152, 39
19, 407, 153, 57
19, 481, 153, 38
19, 225, 153, 72
19, 451, 153, 12
19, 423, 153, 1
19, 266, 153, 78
19, 366, 153, 74
19, 241, 153, 38
19, 82, 153, 91
19, 18, 153, 98
19, 52, 153, 86
19, 245, 153, 15
19, 246, 153, 30
19, 343, 153, 42
19, 405, 153, 10
19, 505, 153, 93
19, 247, 153, 77
19, 386, 154, 56
19, 2, 154, 77
19, 164, 154, 31
19, 535, 154, 9
19, 486, 154, 23
19, 394, 154, 62
19, 235, 154, 47
19, 140, 154, 43
19, 269, 154, 53
19, 112, 154, 90
19, 436, 154, 75
19, 567, 154, 93
19, 57, 154, 91
19, 30, 154, 88
19, 511, 154, 73
19, 548, 155, 72
19, 274, 155, 17
19, 341, 155, 33
19, 599, 155, 48
19, 247, 155, 77
19, 230, 156, 5
19, 425, 156, 65
19, 586, 156, 37
19, 299, 156, 4
19, 11, 156, 38
19, 373, 156, 56
19, 27, 156, 3
19, 349, 156, 39
19, 127, 156, 72
19, 416, 157, 60
19, 359, 157, 87
19, 425, 157, 65
19, 590, 157, 7
19, 335, 157, 12
19, 114, 157, 68
19, 211, 157, 8
19, 20, 157, 20
19, 599, 157, 48
19, 411, 157, 42
19, 390, 158, 3
19, 264, 158, 99
19, 531, 158, 13
19, 155, 158, 68
19, 547, 158, 38
19, 548, 158, 72
19, 433, 158, 67
19, 307, 158, 16
19, 438, 158, 61
19, 183, 158, 38
19, 569, 158, 97
19, 570, 158, 17
19, 572, 158, 4
19, 324, 158, 69
19, 68, 158, 94
19, 199, 158, 18
19, 72, 158, 44
19, 330, 158, 47
19, 216, 158, 14
19, 490, 158, 60
19, 363, 158, 12
19, 366, 158, 74
19, 372, 158, 86
19, 244, 158, 89
19, 512, 159, 21
19, 387, 159, 39
19, 12, 159, 52
19, 527, 159, 19
19, 400, 159, 51
19, 282, 159, 98
19, 410, 159, 100
19, 30, 159, 88
19, 161, 159, 11
19, 44, 159, 79
19, 558, 159, 90
19, 177, 159, 14
19, 184, 159, 86
19, 324, 159, 69
19, 468, 159, 5
19, 85, 159, 25
19, 232, 159, 58
19, 498, 159, 82
19, 243, 159, 25
19, 506, 159, 41
19, 251, 159, 99
19, 147, 160, 20
19, 22, 160, 82
19, 28, 160, 17
19, 163, 160, 27
19, 291, 160, 4
19, 165, 160, 48
19, 429, 160, 90
19, 431, 160, 12
19, 330, 160, 47
19, 78, 160, 43
19, 596, 160, 1
19, 212, 160, 68
19, 213, 160, 6
19, 345, 160, 45
19, 89, 160, 82
19, 486, 160, 23
19, 493, 160, 89
19, 496, 160, 80
19, 245, 160, 15
19, 378, 160, 47
19, 383, 160, 89
19, 384, 161, 57
19, 418, 161, 80
19, 453, 161, 90
19, 391, 161, 47
19, 359, 161, 87
19, 41, 161, 3
19, 460, 161, 10
19, 302, 161, 29
19, 271, 161, 64
19, 462, 161, 53
19, 597, 161, 87
19, 117, 161, 97
19, 311, 161, 98
19, 376, 161, 79
19, 219, 161, 7
19, 385, 162, 84
19, 262, 162, 91
19, 275, 162, 71
19, 532, 162, 66
19, 282, 162, 98
19, 541, 162, 6
19, 290, 162, 11
19, 294, 162, 38
19, 39, 162, 13
19, 427, 162, 42
19, 559, 162, 20
19, 447, 162, 39
19, 196, 162, 87
19, 69, 162, 91
19, 585, 162, 14
19, 461, 162, 97
19, 206, 162, 11
19, 79, 162, 61
19, 352, 162, 64
19, 493, 162, 89
19, 115, 162, 98
19, 505, 162, 93
19, 122, 162, 98
19, 36, 163, 1
19, 307, 163, 16
19, 597, 163, 87
19, 471, 163, 57
19, 347, 163, 26
19, 128, 164, 85
19, 320, 164, 61
19, 578, 164, 9
19, 202, 164, 99
19, 464, 164, 34
19, 86, 164, 62
19, 346, 164, 96
19, 27, 164, 3
19, 160, 165, 17
19, 513, 165, 18
19, 218, 165, 99
19, 329, 165, 6
19, 363, 165, 12
19, 494, 165, 52
19, 464, 165, 34
19, 404, 165, 61
19, 215, 165, 50
19, 186, 165, 76
19, 571, 165, 46
19, 188, 165, 55
19, 157, 165, 24
19, 261, 166, 36
19, 201, 166, 12
19, 363, 166, 12
19, 459, 166, 68
19, 597, 166, 87
19, 282, 166, 98
19, 544, 167, 71
19, 6, 167, 99
19, 134, 167, 50
19, 328, 167, 88
19, 206, 167, 11
19, 465, 167, 51
19, 114, 167, 68
19, 85, 167, 25
19, 280, 167, 35
19, 121, 167, 70
19, 413, 167, 1
19, 2, 168, 77
19, 356, 168, 47
19, 293, 168, 24
19, 4, 168, 84
19, 455, 168, 41
19, 8, 168, 63
19, 265, 168, 94
19, 362, 168, 64
19, 568, 168, 86
19, 524, 168, 25
19, 365, 168, 12
19, 525, 168, 82
19, 139, 168, 4
19, 497, 168, 34
19, 498, 168, 82
19, 340, 168, 76
19, 152, 168, 39
19, 68, 169, 94
19, 549, 169, 48
19, 231, 169, 59
19, 232, 169, 58
19, 265, 169, 94
19, 205, 169, 55
19, 271, 169, 64
19, 591, 169, 47
19, 529, 169, 44
19, 468, 169, 5
19, 564, 169, 21
19, 436, 169, 75
19, 439, 169, 50
19, 437, 169, 18
19, 62, 169, 75
19, 120, 169, 82
19, 349, 169, 39
19, 510, 169, 93
19, 548, 170, 72
19, 552, 170, 37
19, 137, 170, 74
19, 490, 170, 60
19, 425, 170, 65
19, 169, 170, 71
19, 301, 170, 40
19, 142, 170, 95
19, 239, 170, 79
19, 525, 170, 82
19, 54, 170, 75
19, 440, 170, 61
19, 513, 171, 18
19, 66, 171, 28
19, 129, 171, 19
19, 228, 171, 11
19, 485, 171, 99
19, 103, 171, 24
19, 595, 171, 6
19, 151, 171, 93
19, 153, 171, 36
19, 124, 171, 57
19, 445, 171, 60
19, 34, 172, 79
19, 582, 172, 14
19, 104, 172, 56
19, 393, 172, 80
19, 330, 172, 47
19, 558, 172, 90
19, 402, 172, 71
19, 149, 172, 2
19, 153, 172, 36
19, 508, 172, 6
19, 349, 172, 39
19, 127, 172, 72
19, 384, 173, 57
19, 356, 173, 47
19, 294, 173, 38
19, 134, 173, 50
19, 554, 173, 89
19, 11, 173, 38
19, 75, 173, 47
19, 302, 173, 29
19, 468, 173, 5
19, 308, 173, 4
19, 374, 173, 57
19, 183, 173, 38
19, 377, 173, 63
19, 508, 173, 6
19, 160, 174, 17
19, 545, 174, 59
19, 420, 174, 53
19, 327, 174, 71
19, 174, 174, 78
19, 335, 174, 12
19, 144, 174, 19
19, 497, 174, 34
19, 16, 174, 53
19, 83, 174, 3
19, 405, 174, 10
19, 438, 174, 61
19, 246, 174, 30
19, 91, 174, 20
19, 380, 174, 94
19, 387, 175, 39
19, 136, 175, 68
19, 520, 175, 13
19, 268, 175, 87
19, 13, 175, 60
19, 143, 175, 77
19, 15, 175, 92
19, 152, 175, 39
19, 281, 175, 16
19, 290, 175, 11
19, 549, 175, 48
19, 40, 175, 53
19, 564, 175, 21
19, 439, 175, 50
19, 574, 175, 34
19, 70, 175, 94
19, 80, 175, 4
19, 470, 175, 30
19, 215, 175, 50
19, 90, 175, 92
19, 94, 175, 56
19, 351, 175, 9
19, 99, 175, 10
19, 103, 175, 24
19, 118, 175, 42
19, 552, 176, 37
19, 559, 176, 20
19, 593, 176, 72
19, 370, 176, 39
19, 50, 176, 89
19, 468, 176, 5
19, 342, 176, 13
19, 87, 176, 26
19, 539, 176, 9
19, 540, 176, 59
19, 477, 176, 36
19, 576, 177, 63
19, 544, 177, 71
19, 68, 177, 94
19, 358, 177, 24
19, 366, 177, 74
19, 498, 177, 82
19, 148, 177, 8
19, 151, 177, 93
19, 252, 177, 53
19, 95, 177, 40
19, 274, 178, 17
19, 403, 178, 58
19, 148, 178, 8
19, 276, 178, 82
19, 409, 178, 29
19, 284, 178, 98
19, 540, 178, 59
19, 419, 178, 9
19, 292, 178, 28
19, 36, 178, 1
19, 425, 178, 65
19, 436, 178, 75
19, 53, 178, 46
19, 59, 178, 52
19, 322, 178, 95
19, 469, 178, 69
19, 215, 178, 50
19, 90, 178, 92
19, 222, 178, 41
19, 488, 178, 89
19, 250, 178, 17
19, 256, 179, 7
19, 264, 179, 99
19, 400, 179, 51
19, 28, 179, 17
19, 157, 179, 24
19, 414, 179, 71
19, 33, 179, 82
19, 293, 179, 24
19, 556, 179, 71
19, 304, 179, 46
19, 305, 179, 33
19, 312, 179, 39
19, 314, 179, 3
19, 60, 179, 36
19, 64, 179, 96
19, 192, 179, 77
19, 338, 179, 24
19, 470, 179, 30
19, 97, 179, 47
19, 226, 179, 38
19, 359, 179, 87
19, 238, 179, 53
19, 373, 179, 56
19, 249, 179, 89
19, 382, 179, 15
19, 385, 180, 84
19, 353, 180, 61
19, 3, 180, 55
19, 455, 180, 41
19, 487, 180, 67
19, 586, 180, 37
19, 394, 180, 62
19, 498, 180, 82
19, 82, 180, 91
19, 507, 180, 7
19, 309, 180, 71
19, 277, 180, 61
19, 502, 180, 100
19, 539, 180, 9
19, 94, 180, 56
19, 480, 181, 15
19, 296, 181, 58
19, 77, 181, 10
19, 400, 181, 51
19, 593, 181, 72
19, 531, 181, 13
19, 566, 181, 42
19, 250, 181, 17
19, 124, 181, 57
19, 351, 181, 9
19, 576, 182, 63
19, 548, 182, 72
19, 122, 182, 98
19, 104, 182, 56
19, 520, 182, 13
19, 297, 182, 14
19, 424, 182, 1
19, 332, 182, 5
19, 269, 182, 53
19, 272, 182, 50
19, 152, 182, 39
19, 146, 182, 51
19, 244, 182, 89
19, 408, 182, 78
19, 505, 182, 93
19, 282, 182, 98
19, 219, 182, 7
19, 157, 182, 24
19, 225, 183, 72
19, 102, 183, 80
19, 199, 183, 18
19, 362, 183, 64
19, 236, 183, 6
19, 556, 183, 71
19, 366, 183, 74
19, 208, 183, 64
19, 17, 183, 88
19, 338, 183, 24
19, 221, 183, 74
19, 189, 183, 52
19, 257, 184, 10
19, 129, 184, 19
19, 395, 184, 68
19, 46, 184, 90
19, 499, 184, 31
19, 158, 184, 20
19, 576, 185, 63
19, 294, 185, 38
19, 232, 185, 58
19, 584, 185, 3
19, 574, 185, 34
19, 546, 186, 56
19, 36, 186, 1
19, 6, 186, 99
19, 103, 186, 24
19, 519, 186, 47
19, 524, 186, 25
19, 557, 186, 80
19, 77, 186, 10
19, 79, 186, 61
19, 236, 186, 6
19, 337, 186, 76
19, 403, 186, 58
19, 278, 186, 51
19, 376, 186, 79
19, 61, 186, 89
19, 126, 186, 64
19, 96, 187, 28
19, 419, 187, 9
19, 548, 187, 72
19, 132, 187, 4
19, 426, 187, 99
19, 237, 187, 55
19, 87, 187, 26
19, 351, 187, 9
19, 161, 188, 11
19, 227, 188, 81
19, 356, 188, 47
19, 426, 188, 99
19, 267, 188, 85
19, 108, 188, 75
19, 14, 188, 6
19, 368, 188, 87
19, 375, 188, 67
19, 413, 188, 1
19, 96, 189, 28
19, 385, 189, 84
19, 32, 189, 4
19, 2, 189, 77
19, 267, 189, 85
19, 491, 189, 45
19, 237, 189, 55
19, 205, 189, 55
19, 268, 189, 87
19, 180, 189, 26
19, 22, 189, 82
19, 439, 189, 50
19, 449, 190, 21
19, 133, 190, 59
19, 38, 190, 20
19, 7, 190, 67
19, 520, 190, 13
19, 393, 190, 80
19, 524, 190, 25
19, 364, 190, 47
19, 302, 190, 29
19, 276, 190, 82
19, 599, 190, 48
19, 184, 190, 86
19, 441, 190, 91
19, 379, 190, 37
19, 444, 190, 30
19, 126, 190, 64
19, 514, 191, 64
19, 148, 191, 8
19, 405, 191, 10
19, 532, 191, 66
19, 535, 191, 9
19, 151, 191, 93
19, 157, 191, 24
19, 34, 191, 79
19, 37, 191, 36
19, 170, 191, 60
19, 556, 191, 71
19, 442, 191, 48
19, 58, 191, 92
19, 450, 191, 44
19, 596, 191, 1
19, 598, 191, 98
19, 476, 191, 76
19, 354, 191, 52
19, 235, 191, 47
19, 111, 191, 61
19, 253, 191, 22
19, 576, 192, 63
19, 477, 192, 36
19, 33, 192, 82
19, 193, 192, 65
19, 357, 192, 9
19, 105, 192, 2
19, 203, 192, 10
19, 460, 192, 10
19, 589, 192, 81
19, 398, 192, 80
19, 467, 192, 96
19, 189, 192, 52
19, 502, 192, 100
19, 310, 192, 11
19, 472, 192, 47
19, 342, 192, 13
19, 61, 192, 89
19, 7, 193, 67
19, 396, 193, 33
19, 269, 193, 53
19, 271, 193, 64
19, 19, 193, 37
19, 288, 193, 29
19, 36, 193, 1
19, 421, 193, 81
19, 165, 193, 48
19, 556, 193, 71
19, 45, 193, 48
19, 434, 193, 42
19, 444, 193, 30
19, 446, 193, 88
19, 67, 193, 15
19, 71, 193, 89
19, 585, 193, 14
19, 458, 193, 4
19, 462, 193, 53
19, 343, 193, 42
19, 91, 193, 20
19, 358, 193, 24
19, 373, 193, 56
19, 249, 193, 89
19, 448, 194, 88
19, 481, 194, 38
19, 327, 194, 71
19, 456, 194, 17
19, 11, 194, 38
19, 302, 194, 29
19, 306, 194, 27
19, 402, 194, 71
19, 50, 194, 89
19, 53, 194, 46
19, 341, 194, 33
19, 215, 194, 50
19, 476, 194, 76
19, 350, 194, 8
19, 511, 194, 73
19, 386, 195, 56
19, 482, 195, 14
19, 484, 195, 92
19, 325, 195, 76
19, 231, 195, 59
19, 391, 195, 47
19, 43, 195, 33
19, 557, 195, 80
19, 81, 195, 79
19, 145, 195, 41
19, 369, 195, 38
19, 243, 195, 25
19, 21, 195, 88
19, 473, 195, 9
19, 284, 195, 98
19, 483, 196, 46
19, 453, 196, 90
19, 485, 196, 99
19, 456, 196, 17
19, 104, 196, 56
19, 586, 196, 37
19, 335, 196, 12
19, 307, 196, 16
19, 212, 196, 68
19, 373, 196, 56
19, 275, 196, 71
19, 472, 196, 47
19, 570, 196, 17
19, 347, 196, 26
19, 61, 196, 89
19, 262, 197, 91
19, 428, 197, 60
19, 493, 197, 89
19, 12, 197, 52
19, 272, 197, 50
19, 507, 197, 7
19, 132, 198, 4
19, 263, 198, 44
19, 268, 198, 87
19, 18, 198, 98
19, 407, 198, 57
19, 286, 198, 10
19, 288, 198, 29
19, 417, 198, 66
19, 550, 198, 28
19, 174, 198, 78
19, 560, 198, 3
19, 306, 198, 27
19, 584, 198, 3
19, 207, 198, 59
19, 84, 198, 58
19, 342, 198, 13
19, 344, 198, 83
19, 90, 198, 92
19, 96, 198, 28
19, 356, 198, 47
19, 363, 198, 12
19, 498, 198, 82
19, 118, 198, 42
19, 506, 198, 41
19, 381, 198, 93
19, 32, 199, 4
19, 257, 199, 10
19, 194, 199, 78
19, 226, 199, 38
19, 452, 199, 70
19, 391, 199, 47
19, 396, 199, 33
19, 399, 199, 29
19, 177, 199, 14
19, 402, 199, 71
19, 468, 199, 5
19, 565, 199, 50
19, 469, 199, 69
19, 598, 199, 98
19, 57, 199, 91
19, 27, 199, 3
19, 190, 199, 68
19, 580, 200, 65
19, 229, 200, 79
19, 7, 200, 67
19, 490, 200, 60
19, 171, 200, 90
19, 205, 200, 55
19, 336, 200, 17
19, 113, 200, 51
19, 117, 200, 97
19, 481, 201, 38
19, 161, 201, 11
19, 451, 201, 12
19, 36, 201, 1
19, 391, 201, 47
19, 105, 201, 2
19, 459, 201, 68
19, 108, 201, 75
19, 140, 201, 43
19, 430, 201, 10
19, 378, 201, 47
19, 498, 201, 82
19, 564, 201, 21
19, 340, 201, 76
19, 442, 201, 48
19, 348, 201, 12
19, 541, 201, 6
19, 287, 201, 82
19, 225, 202, 72
19, 449, 202, 21
19, 134, 202, 50
19, 263, 202, 44
19, 394, 202, 62
19, 493, 202, 89
19, 78, 202, 43
19, 432, 202, 24
19, 216, 202, 14
19, 441, 202, 91
19, 538, 202, 89
19, 572, 202, 4
19, 542, 202, 42
19, 578, 203, 9
19, 394, 203, 62
19, 473, 203, 9
19, 185, 203, 64
19, 191, 203, 5
19, 579, 204, 37
19, 104, 204, 56
19, 105, 204, 2
19, 554, 204, 89
19, 432, 204, 24
19, 345, 204, 45
19, 32, 205, 4
19, 577, 205, 83
19, 291, 205, 4
19, 580, 205, 65
19, 68, 205, 94
19, 166, 205, 94
19, 199, 205, 18
19, 104, 205, 56
19, 551, 205, 8
19, 131, 205, 42
19, 172, 205, 65
19, 559, 205, 20
19, 152, 205, 39
19, 537, 205, 30
19, 189, 205, 52
19, 129, 206, 19
19, 2, 206, 77
19, 258, 206, 22
19, 264, 206, 99
19, 400, 206, 51
19, 283, 206, 96
19, 32, 206, 4
19, 172, 206, 65
19, 45, 206, 48
19, 46, 206, 90
19, 565, 206, 50
19, 566, 206, 42
19, 315, 206, 8
19, 187, 206, 47
19, 591, 206, 47
19, 208, 206, 64
19, 470, 206, 30
19, 218, 206, 99
19, 355, 206, 3
19, 362, 206, 64
19, 366, 206, 74
19, 368, 206, 87
19, 254, 206, 79
19, 510, 206, 93
19, 544, 207, 71
19, 548, 207, 72
19, 424, 207, 1
19, 49, 207, 87
19, 19, 207, 37
19, 507, 207, 7
19, 509, 207, 73
19, 33, 208, 82
19, 290, 208, 11
19, 354, 208, 52
19, 135, 208, 35
19, 7, 208, 67
19, 359, 208, 87
19, 59, 208, 52
19, 555, 208, 34
19, 551, 208, 8
19, 110, 208, 7
19, 399, 208, 29
19, 244, 208, 89
19, 151, 208, 93
19, 571, 208, 46
19, 220, 208, 92
19, 93, 208, 9
19, 158, 208, 20
19, 226, 209, 38
19, 326, 209, 42
19, 200, 209, 47
19, 554, 209, 89
19, 204, 209, 80
19, 537, 209, 30
19, 303, 209, 85
19, 81, 209, 79
19, 594, 209, 19
19, 531, 209, 13
19, 374, 209, 57
19, 182, 209, 1
19, 539, 209, 9
19, 89, 209, 82
19, 315, 209, 8
19, 391, 210, 47
19, 329, 210, 6
19, 43, 210, 33
19, 588, 210, 50
19, 561, 210, 37
19, 438, 210, 61
19, 582, 211, 14
19, 590, 211, 7
19, 559, 211, 20
19, 144, 211, 19
19, 372, 211, 86
19, 534, 211, 52
19, 343, 211, 42
19, 25, 211, 11
19, 122, 211, 98
19, 412, 211, 23
19, 413, 211, 1
19, 129, 212, 19
19, 483, 212, 46
19, 486, 212, 23
19, 42, 212, 17
19, 426, 212, 99
19, 363, 212, 12
19, 333, 212, 32
19, 493, 212, 89
19, 463, 212, 40
19, 112, 212, 90
19, 399, 212, 29
19, 369, 212, 38
19, 16, 212, 53
19, 180, 212, 26
19, 405, 212, 10
19, 501, 212, 32
19, 574, 212, 34
19, 544, 213, 71
19, 289, 213, 9
19, 547, 213, 38
19, 356, 213, 47
19, 260, 213, 51
19, 234, 213, 41
19, 235, 213, 47
19, 274, 213, 17
19, 51, 213, 46
19, 536, 213, 70
19, 38, 214, 20
19, 327, 214, 71
19, 6, 214, 99
19, 236, 214, 6
19, 493, 214, 89
19, 145, 214, 41
19, 21, 214, 88
19, 312, 214, 39
19, 316, 214, 85
19, 97, 215, 47
19, 293, 215, 24
19, 332, 215, 5
19, 45, 215, 48
19, 143, 215, 77
19, 432, 215, 24
19, 480, 216, 15
19, 196, 216, 87
19, 580, 216, 65
19, 584, 216, 3
19, 46, 216, 90
19, 110, 216, 7
19, 144, 216, 19
19, 465, 216, 51
19, 432, 216, 24
19, 335, 216, 12
19, 372, 216, 86
19, 505, 216, 93
19, 507, 216, 7
19, 577, 217, 83
19, 387, 217, 39
19, 67, 217, 15
19, 165, 217, 48
19, 231, 217, 59
19, 585, 217, 14
19, 361, 217, 82
19, 233, 217, 40
19, 172, 217, 65
19, 303, 217, 85
19, 431, 217, 12
19, 273, 217, 56
19, 279, 217, 70
19, 569, 217, 97
19, 26, 217, 5
19, 30, 217, 88
19, 415, 217, 96
19, 195, 218, 54
19, 517, 218, 7
19, 518, 218, 59
19, 229, 218, 79
19, 393, 218, 80
19, 589, 218, 81
19, 14, 218, 6
19, 466, 218, 70
19, 244, 218, 89
19, 120, 218, 82
19, 25, 218, 11
19, 282, 218, 98
19, 315, 218, 8
19, 540, 218, 59
19, 93, 218, 9
19, 510, 218, 93
19, 256, 219, 7
19, 5, 219, 91
19, 390, 219, 3
19, 262, 219, 91
19, 521, 219, 100
19, 12, 219, 52
19, 525, 219, 82
19, 15, 219, 92
19, 276, 219, 82
19, 540, 219, 59
19, 417, 219, 66
19, 418, 219, 80
19, 38, 219, 20
19, 430, 219, 10
19, 49, 219, 87
19, 77, 219, 10
19, 88, 219, 32
19, 477, 219, 36
19, 95, 219, 40
19, 505, 219, 93
19, 386, 220, 56
19, 3, 220, 55
19, 578, 220, 9
19, 517, 220, 7
19, 34, 220, 79
19, 71, 220, 89
19, 70, 220, 94
19, 170, 220, 60
19, 237, 220, 55
19, 176, 220, 73
19, 144, 220, 19
19, 337, 220, 76
19, 496, 220, 80
19, 469, 220, 69
19, 215, 220, 50
19, 379, 220, 37
19, 156, 220, 26
19, 222, 220, 41
19, 273, 221, 56
19, 402, 221, 71
19, 287, 221, 82
19, 43, 221, 33
19, 449, 221, 21
19, 193, 221, 65
19, 323, 221, 53
19, 325, 221, 76
19, 582, 221, 14
19, 77, 221, 10
19, 463, 221, 40
19, 470, 221, 30
19, 90, 221, 92
19, 99, 221, 10
19, 362, 221, 64
19, 110, 221, 7
19, 238, 221, 53
19, 240, 221, 25
19, 494, 221, 52
19, 377, 221, 63
19, 226, 222, 38
19, 515, 222, 96
19, 312, 222, 39
19, 323, 222, 53
19, 520, 222, 13
19, 424, 222, 1
19, 43, 222, 33
19, 363, 222, 12
19, 208, 222, 64
19, 530, 222, 98
19, 147, 222, 20
19, 54, 222, 75
19, 536, 222, 70
19, 249, 222, 89
19, 381, 222, 93
19, 33, 223, 82
19, 450, 223, 44
19, 292, 223, 28
19, 166, 223, 94
19, 559, 223, 20
19, 465, 223, 51
19, 338, 223, 24
19, 403, 223, 58
19, 438, 223, 61
19, 183, 223, 38
19, 472, 223, 47
19, 91, 223, 20
19, 94, 223, 56
19, 481, 224, 38
19, 482, 224, 14
19, 103, 224, 24
19, 136, 224, 68
19, 553, 224, 99
19, 551, 224, 8
19, 427, 224, 42
19, 460, 224, 10
19, 587, 224, 79
19, 206, 224, 11
19, 7, 224, 67
19, 530, 224, 98
19, 531, 224, 13
19, 381, 224, 93
19, 405, 224, 10
19, 470, 224, 30
19, 54, 224, 75
19, 445, 224, 60
19, 3, 225, 55
19, 516, 225, 56
19, 395, 225, 68
19, 140, 225, 43
19, 271, 225, 64
19, 281, 225, 16
19, 413, 225, 1
19, 30, 225, 88
19, 564, 225, 21
19, 569, 225, 97
19, 573, 225, 55
19, 578, 225, 9
19, 325, 225, 76
19, 582, 225, 14
19, 584, 225, 3
19, 203, 225, 10
19, 590, 225, 7
19, 466, 225, 70
19, 599, 225, 48
19, 91, 225, 20
19, 95, 225, 40
19, 488, 225, 89
19, 119, 225, 100
19, 249, 225, 89
19, 124, 225, 57
19, 549, 226, 48
19, 103, 226, 24
19, 586, 226, 37
19, 330, 226, 47
19, 208, 226, 64
19, 20, 226, 20
19, 597, 226, 87
19, 117, 226, 97
19, 55, 226, 87
19, 56, 226, 24
19, 249, 226, 89
19, 456, 227, 17
19, 171, 227, 90
19, 82, 227, 91
19, 436, 227, 75
19, 30, 227, 88
19, 382, 227, 15
19, 193, 228, 65
19, 578, 228, 9
19, 591, 228, 47
19, 144, 228, 19
19, 502, 228, 100
19, 535, 228, 9
19, 282, 228, 98
19, 411, 228, 42
19, 221, 228, 74
19, 543, 228, 91
19, 5, 229, 91
19, 393, 229, 80
19, 171, 229, 90
19, 491, 229, 45
19, 432, 229, 24
19, 528, 229, 48
19, 375, 229, 67
19, 188, 229, 55
19, 128, 230, 85
19, 385, 230, 84
19, 134, 230, 50
19, 108, 230, 75
19, 460, 230, 10
19, 463, 230, 40
19, 563, 230, 44
19, 569, 230, 97
19, 538, 230, 89
19, 97, 231, 47
19, 68, 231, 94
19, 294, 231, 38
19, 424, 231, 1
19, 521, 231, 100
19, 13, 231, 60
19, 80, 231, 4
19, 401, 231, 79
19, 466, 231, 70
19, 472, 231, 47
19, 160, 232, 17
19, 96, 232, 28
19, 448, 232, 88
19, 33, 232, 82
19, 388, 232, 97
19, 287, 232, 82
19, 135, 232, 35
19, 568, 232, 86
19, 303, 232, 85
19, 273, 232, 56
19, 211, 232, 8
19, 212, 232, 68
19, 56, 232, 24
19, 319, 232, 92
19, 259, 233, 82
19, 133, 233, 59
19, 392, 233, 47
19, 526, 233, 9
19, 279, 233, 70
19, 409, 233, 29
19, 547, 233, 38
19, 420, 233, 53
19, 43, 233, 33
19, 48, 233, 59
19, 50, 233, 89
19, 566, 233, 42
19, 439, 233, 50
19, 442, 233, 48
19, 596, 233, 1
19, 96, 233, 28
19, 234, 233, 41
19, 496, 233, 80
19, 241, 233, 38
19, 370, 233, 39
19, 375, 233, 67
19, 507, 233, 7
19, 386, 234, 56
19, 520, 234, 13
19, 12, 234, 52
19, 244, 234, 89
19, 345, 234, 45
19, 443, 234, 45
19, 390, 235, 3
19, 522, 235, 38
19, 12, 235, 52
19, 144, 235, 19
19, 532, 235, 66
19, 410, 235, 100
19, 290, 235, 11
19, 162, 235, 96
19, 300, 235, 13
19, 430, 235, 10
19, 431, 235, 12
19, 185, 235, 64
19, 314, 235, 3
19, 316, 235, 85
19, 318, 235, 9
19, 324, 235, 69
19, 581, 235, 15
19, 206, 235, 11
19, 336, 235, 17
19, 224, 235, 33
19, 228, 235, 11
19, 237, 235, 55
19, 544, 236, 71
19, 257, 236, 10
19, 35, 236, 6
19, 195, 236, 54
19, 549, 236, 48
19, 36, 236, 1
19, 490, 236, 60
19, 171, 236, 90
19, 366, 236, 74
19, 48, 236, 59
19, 347, 236, 26
19, 595, 236, 6
19, 89, 236, 82
19, 283, 236, 96
19, 31, 236, 80
19, 416, 237, 60
19, 225, 237, 72
19, 417, 237, 66
19, 419, 237, 9
19, 418, 237, 80
19, 131, 237, 42
19, 391, 237, 47
19, 233, 237, 40
19, 9, 237, 50
19, 511, 237, 73
19, 367, 237, 81
19, 533, 237, 16
19, 471, 237, 57
19, 410, 237, 100
19, 444, 237, 30
19, 93, 237, 9
19, 382, 237, 15
19, 191, 237, 5
19, 536, 238, 70
19, 538, 238, 89
19, 410, 238, 100
19, 420, 238, 53
19, 555, 238, 34
19, 174, 238, 78
19, 188, 238, 55
19, 322, 238, 95
19, 328, 238, 88
19, 460, 238, 10
19, 334, 238, 95
19, 467, 238, 96
19, 345, 238, 45
19, 217, 238, 2
19, 221, 238, 74
19, 352, 238, 64
19, 102, 238, 80
19, 488, 238, 89
19, 236, 238, 6
19, 253, 238, 22
19, 545, 239, 59
19, 390, 239, 3
19, 135, 239, 35
19, 552, 239, 37
19, 40, 239, 53
19, 236, 239, 6
19, 494, 239, 52
19, 47, 239, 74
19, 433, 239, 67
19, 49, 239, 87
19, 371, 239, 44
19, 568, 239, 86
19, 349, 239, 39
19, 130, 240, 38
19, 390, 240, 3
19, 263, 240, 44
19, 405, 240, 10
19, 277, 240, 61
19, 279, 240, 70
19, 282, 240, 98
19, 37, 240, 36
19, 552, 240, 37
19, 564, 240, 21
19, 53, 240, 46
19, 453, 240, 90
19, 70, 240, 94
19, 72, 240, 44
19, 205, 240, 55
19, 218, 240, 99
19, 226, 240, 38
19, 248, 240, 63
19, 253, 240, 22
19, 383, 240, 89
19, 424, 241, 1
19, 361, 241, 82
19, 108, 241, 75
19, 269, 241, 53
19, 334, 241, 95
19, 592, 241, 2
19, 277, 241, 61
19, 56, 241, 24
19, 143, 242, 77
19, 17, 242, 88
19, 529, 242, 44
19, 535, 242, 9
19, 421, 242, 81
19, 302, 242, 29
19, 437, 242, 18
19, 571, 242, 46
19, 192, 242, 77
19, 576, 242, 63
19, 578, 242, 9
19, 64, 242, 96
19, 325, 242, 76
19, 200, 242, 47
19, 467, 242, 96
19, 484, 242, 92
19, 102, 242, 80
19, 365, 242, 12
19, 500, 242, 85
19, 34, 243, 79
19, 263, 243, 44
19, 523, 243, 15
19, 396, 243, 33
19, 236, 243, 6
19, 76, 243, 4
19, 16, 243, 53
19, 370, 243, 39
19, 436, 243, 75
19, 533, 243, 16
19, 476, 243, 76
19, 352, 244, 64
19, 193, 244, 65
19, 518, 244, 59
19, 524, 244, 25
19, 438, 244, 61
19, 549, 245, 48
19, 518, 245, 59
19, 362, 245, 64
19, 555, 245, 34
19, 45, 245, 48
19, 142, 245, 95
19, 113, 245, 51
19, 22, 245, 82
19, 407, 245, 57
19, 216, 245, 14
19, 135, 246, 35
19, 521, 246, 100
19, 522, 246, 38
19, 15, 246, 92
19, 414, 246, 71
19, 161, 246, 11
19, 418, 246, 80
19, 37, 246, 36
19, 44, 246, 79
19, 51, 246, 46
19, 570, 246, 17
19, 443, 246, 45
19, 448, 246, 88
19, 67, 246, 15
19, 587, 246, 79
19, 460, 246, 10
19, 589, 246, 81
19, 81, 246, 79
19, 596, 246, 1
19, 490, 246, 60
19, 372, 246, 86
19, 120, 246, 82
19, 252, 246, 53
19, 226, 247, 38
19, 515, 247, 96
19, 567, 247, 93
19, 294, 247, 38
19, 264, 247, 99
19, 59, 247, 52
19, 426, 247, 99
19, 91, 247, 20
19, 458, 247, 4
19, 107, 247, 43
19, 305, 247, 33
19, 406, 247, 58
19, 311, 247, 98
19, 27, 247, 3
19, 264, 248, 99
19, 136, 248, 68
19, 138, 248, 81
19, 268, 248, 87
19, 536, 248, 70
19, 294, 248, 38
19, 38, 248, 20
19, 176, 248, 73
19, 50, 248, 89
19, 434, 248, 42
19, 182, 248, 1
19, 69, 248, 91
19, 594, 248, 19
19, 345, 248, 45
19, 361, 248, 82
19, 241, 248, 38
19, 117, 248, 97
19, 119, 248, 100
19, 510, 248, 93
19, 160, 249, 17
19, 130, 249, 38
19, 291, 249, 4
19, 331, 249, 80
19, 76, 249, 4
19, 301, 249, 40
19, 144, 249, 19
19, 384, 250, 57
19, 132, 250, 4
19, 260, 250, 51
19, 395, 250, 68
19, 531, 250, 13
19, 147, 250, 20
19, 411, 250, 42
19, 29, 250, 38
19, 158, 250, 20
19, 289, 250, 9
19, 546, 250, 56
19, 171, 250, 90
19, 577, 250, 83
19, 195, 250, 54
19, 451, 250, 12
19, 197, 250, 33
19, 196, 250, 87
19, 71, 250, 89
19, 328, 250, 88
19, 349, 250, 39
19, 97, 250, 47
19, 232, 250, 58
19, 379, 250, 37
19, 381, 250, 93
19, 127, 250, 72
19, 384, 251, 57
19, 135, 251, 35
19, 522, 251, 38
19, 14, 251, 6
19, 405, 251, 10
19, 279, 251, 70
19, 153, 251, 36
19, 33, 251, 82
19, 289, 251, 9
19, 167, 251, 52
19, 426, 251, 99
19, 443, 251, 45
19, 195, 251, 54
19, 455, 251, 41
19, 207, 251, 59
19, 593, 251, 72
19, 348, 251, 12
19, 228, 251, 11
19, 487, 251, 67
19, 361, 251, 82
19, 117, 251, 97
19, 377, 251, 63
19, 511, 251, 73
19, 515, 252, 96
19, 396, 252, 33
19, 536, 252, 70
19, 297, 252, 14
19, 561, 252, 37
19, 183, 252, 38
19, 61, 252, 89
19, 317, 252, 40
19, 579, 252, 37
19, 69, 252, 91
19, 584, 252, 3
19, 73, 252, 95
19, 201, 252, 12
19, 203, 252, 10
19, 459, 252, 68
19, 458, 252, 4
19, 334, 252, 95
19, 342, 252, 13
19, 87, 252, 26
19, 104, 252, 56
19, 493, 252, 89
19, 368, 252, 87
19, 482, 253, 14
19, 453, 253, 90
19, 166, 253, 94
19, 553, 253, 99
19, 396, 253, 33
19, 141, 253, 82
19, 15, 253, 92
19, 82, 253, 91
19, 308, 253, 4
19, 502, 253, 100
19, 247, 253, 77
19, 3, 254, 55
19, 71, 254, 89
19, 73, 254, 95
19, 266, 254, 78
19, 171, 254, 90
19, 108, 254, 75
19, 525, 254, 82
19, 233, 254, 40
19, 593, 254, 72
19, 467, 254, 96
19, 499, 254, 31
19, 147, 254, 20
19, 315, 254, 8
19, 541, 254, 6
19, 574, 254, 34
19, 262, 255, 91
19, 278, 255, 51
19, 283, 255, 96
19, 284, 255, 98
19, 162, 255, 96
19, 41, 255, 3
19, 553, 255, 99
19, 430, 255, 10
19, 317, 255, 40
19, 322, 255, 95
19, 72, 255, 44
19, 584, 255, 3
19, 85, 255, 25
19, 474, 255, 44
19, 221, 255, 74
19, 350, 255, 8
19, 96, 255, 28
19, 102, 255, 80
19, 112, 255, 90
19, 502, 255, 100
19, 120, 255, 82
19, 252, 255, 53
19, 127, 255, 72
19, 384, 256, 57
19, 292, 256, 28
19, 551, 256, 8
19, 176, 256, 73
19, 342, 256, 13
19, 249, 256, 89
19, 29, 256, 38
19, 191, 256, 5
19, 473, 257, 9
19, 238, 257, 53
19, 270, 257, 30
19, 176, 257, 73
19, 273, 257, 56
19, 18, 257, 98
19, 214, 257, 62
19, 311, 257, 98
19, 152, 257, 39
19, 25, 257, 11
19, 90, 257, 92
19, 94, 257, 56
19, 407, 258, 57
19, 538, 258, 89
19, 545, 258, 59
19, 43, 258, 33
19, 308, 258, 4
19, 182, 258, 1
19, 64, 258, 96
19, 456, 258, 17
19, 584, 258, 3
19, 332, 258, 5
19, 339, 258, 35
19, 343, 258, 42
19, 219, 258, 7
19, 348, 258, 12
19, 221, 258, 74
19, 224, 258, 33
19, 98, 258, 6
19, 500, 258, 85
19, 510, 258, 93
19, 5, 259, 91
19, 389, 259, 64
19, 532, 259, 66
19, 278, 259, 51
19, 23, 259, 99
19, 410, 259, 100
19, 160, 259, 17
19, 545, 259, 59
19, 48, 259, 59
19, 308, 259, 4
19, 52, 259, 86
19, 186, 259, 76
19, 452, 259, 70
19, 585, 259, 14
19, 207, 259, 59
19, 341, 259, 33
19, 471, 259, 57
19, 96, 259, 28
19, 252, 259, 53
19, 509, 259, 73
19, 255, 259, 72
19, 385, 260, 84
19, 322, 260, 95
19, 15, 260, 92
19, 528, 260, 48
19, 49, 260, 87
19, 114, 260, 68
19, 531, 260, 13
19, 495, 260, 7
19, 185, 260, 64
19, 444, 260, 30
19, 124, 260, 57
19, 2, 261, 77
19, 390, 261, 3
19, 395, 261, 68
19, 537, 261, 30
19, 425, 261, 65
19, 297, 261, 14
19, 443, 261, 45
19, 572, 261, 4
19, 62, 261, 75
19, 576, 261, 63
19, 577, 261, 83
19, 450, 261, 44
19, 453, 261, 90
19, 463, 261, 40
19, 337, 261, 76
19, 468, 261, 5
19, 598, 261, 98
19, 218, 261, 99
19, 227, 261, 81
19, 376, 261, 79
19, 507, 261, 7
19, 519, 262, 47
19, 10, 262, 58
19, 525, 262, 82
19, 540, 262, 59
19, 413, 262, 1
19, 30, 262, 88
19, 32, 262, 4
19, 423, 262, 1
19, 170, 262, 60
19, 49, 262, 87
19, 52, 262, 86
19, 183, 262, 38
19, 315, 262, 8
19, 61, 262, 89
19, 586, 262, 37
19, 592, 262, 2
19, 339, 262, 35
19, 342, 262, 13
19, 93, 262, 9
19, 257, 263, 10
19, 130, 263, 38
19, 391, 263, 47
19, 138, 263, 81
19, 526, 263, 9
19, 23, 263, 99
19, 292, 263, 28
19, 430, 263, 10
19, 51, 263, 46
19, 312, 263, 39
19, 184, 263, 86
19, 444, 263, 30
19, 199, 263, 18
19, 73, 263, 95
19, 201, 263, 12
19, 205, 263, 55
19, 598, 263, 98
19, 98, 263, 6
19, 230, 263, 5
19, 105, 263, 2
19, 362, 263, 64
19, 236, 263, 6
19, 367, 263, 81
19, 193, 264, 65
19, 164, 264, 31
19, 261, 264, 36
19, 392, 264, 47
19, 328, 264, 88
19, 236, 264, 6
19, 301, 264, 40
19, 367, 264, 81
19, 143, 264, 77
19, 180, 264, 26
19, 373, 264, 56
19, 157, 264, 24
19, 189, 264, 52
19, 568, 264, 86
19, 565, 264, 50
19, 52, 264, 86
19, 123, 264, 29
19, 93, 264, 9
19, 354, 265, 52
19, 580, 265, 65
19, 207, 265, 59
19, 433, 265, 67
19, 84, 265, 58
19, 373, 265, 56
19, 247, 265, 77
19, 412, 265, 23
19, 508, 265, 6
19, 61, 265, 89
19, 416, 266, 60
19, 289, 266, 9
19, 454, 266, 87
19, 10, 266, 58
19, 556, 266, 71
19, 269, 266, 53
19, 494, 266, 52
19, 15, 266, 92
19, 332, 266, 5
19, 204, 266, 80
19, 307, 266, 16
19, 148, 266, 8
19, 346, 266, 96
19, 123, 266, 29
19, 518, 267, 59
19, 26, 267, 5
19, 289, 267, 9
19, 291, 267, 4
19, 549, 267, 48
19, 421, 267, 81
19, 39, 267, 13
19, 555, 267, 34
19, 178, 267, 53
19, 571, 267, 46
19, 68, 267, 94
19, 464, 267, 34
19, 344, 267, 83
19, 88, 267, 32
19, 220, 267, 92
19, 222, 267, 41
19, 230, 267, 5
19, 232, 267, 58
19, 233, 267, 40
19, 492, 267, 30
19, 243, 267, 25
19, 245, 267, 15
19, 509, 267, 73
19, 514, 268, 64
19, 138, 268, 81
19, 267, 268, 85
19, 275, 268, 71
19, 406, 268, 58
19, 540, 268, 59
19, 29, 268, 38
19, 164, 268, 31
19, 423, 268, 1
19, 168, 268, 91
19, 41, 268, 3
19, 298, 268, 66
19, 562, 268, 56
19, 50, 268, 89
19, 186, 268, 76
19, 443, 268, 45
19, 455, 268, 41
19, 468, 268, 5
19, 213, 268, 6
19, 88, 268, 32
19, 499, 268, 31
19, 244, 268, 89
19, 320, 269, 61
19, 261, 269, 36
19, 262, 269, 91
19, 359, 269, 87
19, 597, 269, 87
19, 311, 269, 98
19, 130, 270, 38
19, 263, 270, 44
19, 393, 270, 80
19, 394, 270, 62
19, 140, 270, 43
19, 13, 270, 60
19, 20, 270, 20
19, 542, 270, 42
19, 163, 270, 27
19, 175, 270, 51
19, 52, 270, 86
19, 181, 270, 23
19, 317, 270, 40
19, 323, 270, 53
19, 203, 270, 10
19, 477, 270, 36
19, 350, 270, 8
19, 106, 270, 13
19, 241, 270, 38
19, 113, 270, 51
19, 535, 271, 9
19, 325, 271, 76
19, 197, 271, 33
19, 555, 271, 34
19, 271, 271, 64
19, 337, 271, 76
19, 341, 271, 33
19, 342, 271, 13
19, 149, 271, 2
19, 441, 271, 91
19, 347, 271, 26
19, 28, 271, 17
19, 386, 272, 56
19, 263, 272, 44
19, 18, 272, 98
19, 151, 272, 93
19, 167, 272, 52
19, 297, 272, 14
19, 303, 272, 85
19, 439, 272, 50
19, 199, 272, 18
19, 328, 272, 88
19, 332, 272, 5
19, 208, 272, 64
19, 473, 272, 9
19, 217, 272, 2
19, 95, 272, 40
19, 100, 272, 49
19, 489, 272, 41
19, 246, 272, 30
19, 503, 272, 5
19, 34, 273, 79
19, 35, 273, 6
19, 547, 273, 38
19, 517, 273, 7
19, 166, 273, 94
19, 503, 273, 5
19, 457, 273, 7
19, 429, 273, 90
19, 141, 273, 82
19, 48, 273, 59
19, 213, 273, 6
19, 55, 273, 87
19, 536, 273, 70
19, 538, 273, 89
19, 540, 273, 59
19, 509, 273, 73
19, 515, 274, 96
19, 521, 274, 100
19, 275, 274, 71
19, 533, 274, 16
19, 534, 274, 52
19, 537, 274, 30
19, 282, 274, 98
19, 410, 274, 100
19, 35, 274, 6
19, 424, 274, 1
19, 552, 274, 37
19, 572, 274, 4
19, 573, 274, 55
19, 198, 274, 83
19, 455, 274, 41
19, 477, 274, 36
19, 101, 274, 97
19, 490, 274, 60
19, 498, 274, 82
19, 115, 274, 98
19, 521, 275, 100
19, 269, 275, 53
19, 419, 275, 9
19, 292, 275, 28
19, 549, 275, 48
19, 422, 275, 98
19, 550, 275, 28
19, 426, 275, 99
19, 180, 275, 26
19, 182, 275, 1
19, 438, 275, 61
19, 314, 275, 3
19, 316, 275, 85
19, 444, 275, 30
19, 453, 275, 90
19, 332, 275, 5
19, 595, 275, 6
19, 212, 275, 68
19, 218, 275, 99
19, 219, 275, 7
19, 99, 275, 10
19, 234, 275, 41
19, 113, 275, 51
19, 507, 275, 7
19, 589, 276, 81
19, 498, 276, 82
19, 212, 276, 68
19, 214, 276, 62
19, 472, 276, 47
19, 30, 276, 88
19, 527, 277, 19
19, 16, 277, 53
19, 272, 277, 50
19, 151, 277, 93
19, 24, 277, 29
19, 29, 277, 38
19, 168, 277, 91
19, 553, 277, 99
19, 175, 277, 51
19, 432, 277, 24
19, 314, 277, 3
19, 62, 277, 75
19, 64, 277, 96
19, 448, 277, 88
19, 581, 277, 15
19, 350, 277, 8
19, 94, 277, 56
19, 479, 277, 47
19, 99, 277, 10
19, 234, 277, 41
19, 371, 277, 44
19, 252, 277, 53
19, 117, 277, 97
19, 372, 277, 86
19, 380, 277, 94
19, 96, 278, 28
19, 225, 278, 72
19, 450, 278, 44
19, 392, 278, 47
19, 553, 278, 99
19, 552, 278, 37
19, 505, 278, 93
19, 474, 278, 44
19, 114, 278, 68
19, 83, 278, 3
19, 244, 278, 89
19, 149, 278, 2
19, 342, 278, 13
19, 153, 278, 36
19, 250, 278, 17
19, 221, 278, 74
19, 57, 278, 91
19, 263, 279, 44
19, 41, 279, 3
19, 554, 279, 89
19, 282, 279, 98
19, 265, 279, 94
19, 332, 279, 5
19, 467, 279, 96
19, 118, 279, 42
19, 218, 279, 99
19, 386, 280, 56
19, 132, 280, 4
19, 261, 280, 36
19, 517, 280, 7
19, 10, 280, 58
19, 19, 280, 37
19, 278, 280, 51
19, 285, 280, 15
19, 33, 280, 82
19, 34, 280, 79
19, 36, 280, 1
19, 301, 280, 40
19, 58, 280, 92
19, 315, 280, 8
19, 316, 280, 85
19, 61, 280, 89
19, 192, 280, 77
19, 322, 280, 95
19, 350, 280, 8
19, 95, 280, 40
19, 98, 280, 6
19, 499, 280, 31
19, 503, 280, 5
19, 255, 280, 72
19, 32, 281, 4
19, 455, 281, 41
19, 458, 281, 4
19, 208, 281, 64
19, 560, 281, 3
19, 254, 281, 79
19, 514, 282, 64
19, 11, 282, 38
19, 401, 282, 79
19, 533, 282, 16
19, 159, 282, 69
19, 164, 282, 31
19, 421, 282, 81
19, 166, 282, 94
19, 557, 282, 80
19, 177, 282, 14
19, 441, 282, 91
19, 60, 282, 36
19, 64, 282, 96
19, 66, 282, 28
19, 453, 282, 90
19, 70, 282, 94
19, 474, 282, 44
19, 350, 282, 8
19, 233, 282, 40
19, 458, 283, 4
19, 400, 283, 51
19, 177, 283, 14
19, 214, 283, 62
19, 218, 283, 99
19, 347, 283, 26
19, 285, 283, 15
19, 451, 284, 12
19, 356, 284, 47
19, 4, 284, 84
19, 425, 284, 65
19, 554, 284, 89
19, 282, 284, 98
19, 331, 284, 80
19, 205, 284, 55
19, 31, 284, 80
19, 401, 284, 79
19, 210, 284, 16
19, 56, 284, 24
19, 505, 284, 93
19, 250, 284, 17
19, 188, 284, 55
19, 95, 284, 40
19, 256, 285, 7
19, 2, 285, 77
19, 517, 285, 7
19, 399, 285, 29
19, 281, 285, 16
19, 538, 285, 89
19, 28, 285, 17
19, 542, 285, 42
19, 439, 285, 50
19, 312, 285, 39
19, 572, 285, 4
19, 448, 285, 88
19, 577, 285, 83
19, 452, 285, 70
19, 70, 285, 94
19, 328, 285, 88
19, 460, 285, 10
19, 336, 285, 17
19, 474, 285, 44
19, 477, 285, 36
19, 93, 285, 9
19, 225, 285, 72
19, 120, 285, 82
19, 511, 285, 73
19, 386, 286, 56
19, 419, 286, 9
19, 66, 286, 28
19, 165, 286, 48
19, 524, 286, 25
19, 525, 286, 82
19, 304, 286, 46
19, 498, 286, 82
19, 179, 286, 8
19, 541, 286, 6
19, 511, 286, 73
19, 15, 287, 92
19, 527, 287, 19
19, 17, 287, 88
19, 147, 287, 20
19, 24, 287, 29
19, 543, 287, 91
19, 32, 287, 4
19, 544, 287, 71
19, 36, 287, 1
19, 428, 287, 60
19, 46, 287, 90
19, 561, 287, 37
19, 177, 287, 14
19, 568, 287, 86
19, 64, 287, 96
19, 68, 287, 94
19, 581, 287, 15
19, 85, 287, 25
19, 472, 287, 47
19, 367, 287, 81
19, 113, 287, 51
19, 499, 287, 31
19, 372, 287, 86
19, 375, 287, 67
19, 385, 288, 84
19, 163, 288, 27
19, 5, 288, 91
19, 358, 288, 24
19, 454, 288, 87
19, 552, 288, 37
19, 295, 288, 63
19, 146, 288, 51
19, 564, 288, 21
19, 279, 288, 70
19, 215, 288, 50
19, 191, 288, 5
19, 416, 289, 60
19, 512, 289, 21
19, 2, 289, 77
19, 578, 289, 9
19, 290, 289, 11
19, 70, 289, 94
19, 392, 289, 47
19, 41, 289, 3
19, 170, 289, 60
19, 73, 289, 95
19, 366, 289, 74
19, 177, 289, 14
19, 562, 289, 56
19, 83, 289, 3
19, 276, 289, 82
19, 183, 289, 38
19, 94, 289, 56
19, 414, 289, 71
19, 0, 290, 11
19, 258, 290, 22
19, 526, 290, 9
19, 411, 290, 42
19, 157, 290, 24
19, 289, 290, 9
19, 169, 290, 71
19, 44, 290, 79
19, 49, 290, 87
19, 182, 290, 1
19, 65, 290, 1
19, 458, 290, 4
19, 215, 290, 50
19, 216, 290, 14
19, 357, 290, 9
19, 233, 290, 40
19, 367, 290, 81
19, 498, 290, 82
19, 117, 290, 97
19, 119, 290, 100
19, 250, 290, 17
19, 382, 290, 15
19, 131, 291, 42
19, 195, 291, 54
19, 69, 291, 91
19, 550, 291, 28
19, 44, 291, 79
19, 561, 291, 37
19, 497, 291, 34
19, 114, 291, 68
19, 378, 291, 47
19, 478, 291, 61
19, 575, 291, 57
19, 162, 292, 96
19, 292, 292, 28
19, 396, 292, 33
19, 429, 292, 90
19, 558, 292, 90
19, 17, 292, 88
19, 435, 292, 41
19, 310, 292, 11
19, 374, 292, 57
19, 313, 292, 89
19, 476, 292, 76
19, 508, 292, 6
19, 129, 293, 19
19, 35, 293, 6
19, 36, 293, 1
19, 327, 293, 71
19, 296, 293, 58
19, 9, 293, 50
19, 399, 293, 29
19, 464, 293, 34
19, 368, 293, 87
19, 531, 293, 13
19, 310, 293, 11
19, 505, 293, 93
19, 543, 293, 91
19, 192, 294, 77
19, 323, 294, 53
19, 269, 294, 53
19, 277, 294, 61
19, 570, 294, 17
19, 128, 295, 85
19, 289, 295, 9
19, 407, 295, 57
19, 547, 295, 38
19, 420, 295, 53
19, 73, 295, 95
19, 204, 295, 80
19, 211, 295, 8
19, 181, 295, 23
19, 213, 295, 6
19, 151, 295, 93
19, 186, 295, 76
19, 59, 295, 52
19, 61, 295, 89
19, 62, 295, 75
19, 375, 295, 67
19, 481, 296, 38
19, 319, 296, 92
19, 264, 296, 99
19, 297, 296, 14
19, 363, 296, 12
19, 364, 296, 47
19, 108, 296, 75
19, 558, 296, 90
19, 114, 296, 68
19, 214, 296, 62
19, 567, 296, 93
19, 219, 296, 7
19, 189, 296, 52
19, 383, 296, 89
19, 384, 297, 57
19, 400, 297, 51
19, 403, 297, 58
19, 149, 297, 2
19, 278, 297, 51
19, 24, 297, 29
19, 288, 297, 29
19, 547, 297, 38
19, 299, 297, 4
19, 312, 297, 39
19, 192, 297, 77
19, 580, 297, 65
19, 459, 297, 68
19, 334, 297, 95
19, 336, 297, 17
19, 466, 297, 70
19, 338, 297, 24
19, 341, 297, 33
19, 342, 297, 13
19, 221, 297, 74
19, 255, 297, 72
19, 488, 298, 89
19, 361, 298, 82
19, 426, 298, 99
19, 555, 298, 34
19, 138, 298, 81
19, 142, 298, 95
19, 14, 298, 6
19, 530, 298, 98
19, 307, 298, 16
19, 538, 298, 89
19, 498, 298, 82
19, 564, 298, 21
19, 503, 298, 5
19, 186, 298, 76
19, 414, 298, 71
19, 255, 298, 72
19, 264, 299, 99
19, 269, 299, 53
19, 13, 299, 60
19, 399, 299, 29
19, 146, 299, 51
19, 150, 299, 83
19, 29, 299, 38
19, 159, 299, 69
19, 551, 299, 8
19, 171, 299, 90
19, 560, 299, 3
19, 56, 299, 24
19, 572, 299, 4
19, 324, 299, 69
19, 202, 299, 99
19, 213, 299, 6
19, 347, 299, 26
19, 226, 299, 38
19, 362, 299, 64
19, 496, 299, 80
19, 506, 299, 41
