300, 600, 30
70, 516, 0, 48
70, 528, 0, 3
70, 404, 0, 57
70, 534, 0, 27
70, 537, 0, 77
70, 158, 0, 39
70, 41, 0, 41
70, 306, 0, 49
70, 309, 0, 11
70, 184, 0, 92
70, 445, 0, 72
70, 446, 0, 54
70, 195, 0, 24
70, 211, 0, 26
70, 213, 0, 57
70, 470, 0, 14
70, 101, 0, 59
70, 359, 0, 76
70, 366, 0, 32
70, 369, 0, 80
70, 243, 0, 1
70, 372, 0, 81
70, 254, 0, 12
70, 449, 1, 62
70, 67, 1, 22
70, 197, 1, 2
70, 422, 1, 84
70, 263, 1, 74
70, 333, 1, 7
70, 589, 1, 36
70, 271, 1, 82
70, 175, 1, 89
70, 432, 1, 63
70, 18, 1, 74
70, 187, 1, 92
70, 33, 2, 58
70, 376, 2, 85
70, 7, 2, 19
70, 586, 2, 56
70, 301, 2, 81
70, 461, 2, 56
70, 15, 2, 90
70, 273, 2, 37
70, 50, 2, 62
70, 470, 2, 14
70, 374, 2, 38
70, 312, 2, 27
70, 33, 3, 58
70, 482, 3, 3
70, 515, 3, 79
70, 292, 3, 4
70, 37, 3, 54
70, 42, 3, 21
70, 173, 3, 26
70, 45, 3, 23
70, 114, 3, 100
70, 88, 3, 51
70, 25, 3, 28
70, 250, 3, 64
70, 184, 3, 92
70, 257, 4, 21
70, 549, 4, 64
70, 425, 4, 9
70, 203, 4, 94
70, 596, 4, 45
70, 309, 4, 11
70, 597, 4, 47
70, 122, 4, 92
70, 131, 5, 1
70, 259, 5, 43
70, 389, 5, 79
70, 521, 5, 15
70, 16, 5, 27
70, 534, 5, 27
70, 407, 5, 6
70, 536, 5, 11
70, 408, 5, 22
70, 25, 5, 28
70, 22, 5, 77
70, 178, 5, 29
70, 443, 5, 64
70, 192, 5, 93
70, 193, 5, 48
70, 323, 5, 14
70, 339, 5, 47
70, 471, 5, 32
70, 90, 5, 42
70, 221, 5, 82
70, 229, 5, 90
70, 103, 5, 5
70, 235, 5, 27
70, 112, 5, 23
70, 376, 5, 85
70, 544, 6, 14
70, 416, 6, 78
70, 354, 6, 21
70, 580, 6, 17
70, 549, 6, 64
70, 389, 6, 79
70, 135, 6, 34
70, 525, 6, 52
70, 48, 6, 52
70, 532, 6, 73
70, 116, 6, 97
70, 567, 6, 10
70, 570, 6, 85
70, 192, 7, 93
70, 550, 7, 31
70, 137, 7, 77
70, 588, 7, 38
70, 367, 7, 48
70, 466, 7, 21
70, 434, 7, 87
70, 278, 7, 33
70, 471, 7, 32
70, 410, 7, 8
70, 251, 7, 23
70, 317, 7, 93
70, 351, 7, 21
70, 257, 8, 21
70, 225, 8, 67
70, 289, 8, 48
70, 484, 8, 1
70, 165, 8, 86
70, 363, 8, 51
70, 204, 8, 62
70, 588, 8, 38
70, 434, 8, 87
70, 403, 8, 91
70, 212, 8, 79
70, 501, 8, 79
70, 317, 8, 93
70, 380, 8, 91
70, 93, 8, 2
70, 354, 9, 21
70, 134, 9, 72
70, 359, 9, 76
70, 170, 9, 69
70, 140, 9, 7
70, 460, 9, 74
70, 332, 9, 57
70, 368, 9, 61
70, 561, 9, 34
70, 19, 9, 34
70, 344, 9, 25
70, 57, 9, 56
70, 186, 9, 74
70, 476, 9, 27
70, 387, 10, 18
70, 8, 10, 14
70, 395, 10, 29
70, 526, 10, 22
70, 402, 10, 38
70, 146, 10, 91
70, 22, 10, 77
70, 279, 10, 17
70, 409, 10, 63
70, 416, 10, 78
70, 546, 10, 16
70, 167, 10, 72
70, 438, 10, 37
70, 189, 10, 100
70, 192, 10, 93
70, 578, 10, 21
70, 209, 10, 54
70, 214, 10, 41
70, 346, 10, 2
70, 220, 10, 4
70, 481, 10, 76
70, 102, 10, 90
70, 242, 10, 4
70, 381, 10, 44
70, 254, 10, 12
70, 138, 11, 77
70, 140, 11, 7
70, 21, 11, 2
70, 415, 11, 19
70, 159, 11, 79
70, 419, 11, 37
70, 294, 11, 31
70, 176, 11, 64
70, 566, 11, 5
70, 186, 11, 74
70, 318, 11, 82
70, 323, 11, 14
70, 71, 11, 36
70, 73, 11, 43
70, 76, 11, 40
70, 205, 11, 92
70, 596, 11, 45
70, 358, 11, 48
70, 232, 11, 99
70, 233, 11, 61
70, 362, 11, 57
70, 244, 11, 12
70, 227, 12, 15
70, 365, 12, 19
70, 52, 12, 96
70, 249, 12, 12
70, 411, 12, 60
70, 32, 13, 94
70, 541, 13, 93
70, 165, 13, 86
70, 415, 13, 19
70, 457, 13, 51
70, 458, 13, 17
70, 301, 13, 81
70, 493, 13, 62
70, 270, 13, 61
70, 47, 13, 26
70, 563, 13, 57
70, 505, 13, 49
70, 125, 13, 70
70, 31, 13, 15
70, 0, 14, 46
70, 256, 14, 13
70, 399, 14, 60
70, 539, 14, 61
70, 285, 14, 82
70, 287, 14, 91
70, 418, 14, 39
70, 38, 14, 69
70, 429, 14, 97
70, 46, 14, 11
70, 432, 14, 63
70, 183, 14, 1
70, 582, 14, 48
70, 461, 14, 56
70, 594, 14, 43
70, 340, 14, 77
70, 214, 14, 41
70, 476, 14, 27
70, 107, 14, 82
70, 373, 14, 96
70, 257, 15, 21
70, 452, 15, 66
70, 135, 15, 34
70, 591, 15, 75
70, 567, 15, 10
70, 475, 15, 94
70, 285, 15, 82
70, 196, 16, 89
70, 295, 16, 34
70, 298, 16, 16
70, 171, 16, 19
70, 307, 16, 22
70, 64, 17, 29
70, 387, 17, 18
70, 485, 17, 42
70, 583, 17, 88
70, 266, 17, 41
70, 314, 17, 64
70, 283, 17, 77
70, 306, 17, 49
70, 506, 17, 51
70, 405, 17, 96
70, 437, 17, 23
70, 533, 17, 85
70, 504, 17, 45
70, 569, 17, 22
70, 250, 17, 64
70, 315, 17, 33
70, 414, 17, 68
70, 579, 18, 6
70, 56, 18, 55
70, 229, 18, 90
70, 391, 18, 8
70, 552, 18, 99
70, 327, 18, 65
70, 106, 18, 39
70, 44, 18, 31
70, 82, 18, 4
70, 598, 18, 5
70, 507, 18, 52
70, 246, 18, 52
70, 215, 18, 14
70, 27, 18, 7
70, 157, 18, 52
70, 386, 19, 21
70, 263, 19, 74
70, 8, 19, 14
70, 265, 19, 62
70, 12, 19, 68
70, 270, 19, 61
70, 145, 19, 68
70, 549, 19, 64
70, 299, 19, 50
70, 44, 19, 31
70, 177, 19, 53
70, 568, 19, 66
70, 443, 19, 64
70, 587, 19, 30
70, 204, 19, 62
70, 339, 19, 47
70, 482, 19, 3
70, 231, 19, 2
70, 487, 19, 95
70, 111, 19, 85
70, 115, 19, 45
70, 254, 19, 12
70, 168, 20, 47
70, 136, 20, 53
70, 202, 20, 60
70, 488, 20, 85
70, 493, 20, 62
70, 560, 20, 15
70, 113, 20, 79
70, 149, 20, 85
70, 250, 20, 64
70, 349, 20, 20
70, 95, 20, 30
70, 445, 20, 72
70, 130, 21, 93
70, 11, 21, 48
70, 13, 21, 55
70, 14, 21, 87
70, 143, 21, 56
70, 272, 21, 65
70, 282, 21, 22
70, 40, 21, 97
70, 560, 21, 15
70, 176, 21, 64
70, 48, 21, 52
70, 52, 21, 96
70, 184, 21, 92
70, 576, 21, 3
70, 71, 21, 36
70, 330, 21, 42
70, 81, 21, 39
70, 364, 21, 85
70, 375, 21, 81
70, 252, 21, 93
70, 254, 21, 12
70, 454, 22, 47
70, 362, 22, 57
70, 173, 22, 26
70, 124, 22, 44
70, 563, 22, 57
70, 52, 22, 96
70, 211, 22, 26
70, 19, 22, 34
70, 309, 22, 11
70, 411, 22, 60
70, 572, 22, 27
70, 540, 22, 25
70, 222, 22, 70
70, 2, 23, 63
70, 392, 23, 14
70, 425, 23, 9
70, 488, 23, 85
70, 331, 23, 54
70, 401, 23, 12
70, 529, 23, 41
70, 499, 23, 82
70, 180, 23, 24
70, 147, 23, 34
70, 342, 23, 37
70, 21, 23, 2
70, 85, 23, 74
70, 121, 23, 74
70, 436, 23, 6
70, 293, 24, 23
70, 424, 24, 92
70, 491, 24, 70
70, 331, 24, 54
70, 472, 24, 79
70, 569, 24, 22
70, 254, 24, 12
70, 262, 25, 66
70, 135, 25, 34
70, 520, 25, 31
70, 15, 25, 90
70, 274, 25, 23
70, 402, 25, 38
70, 280, 25, 62
70, 541, 25, 93
70, 415, 25, 19
70, 37, 25, 54
70, 172, 25, 3
70, 59, 25, 16
70, 65, 25, 80
70, 70, 25, 81
70, 330, 25, 42
70, 499, 25, 82
70, 244, 25, 12
70, 506, 25, 51
70, 127, 25, 96
70, 385, 26, 76
70, 523, 26, 42
70, 272, 26, 65
70, 31, 26, 15
70, 163, 26, 90
70, 427, 26, 53
70, 308, 26, 90
70, 315, 26, 33
70, 192, 26, 93
70, 581, 26, 69
70, 71, 26, 36
70, 72, 26, 92
70, 211, 26, 26
70, 473, 26, 68
70, 218, 26, 35
70, 350, 26, 53
70, 351, 26, 21
70, 228, 26, 33
70, 489, 26, 85
70, 492, 26, 17
70, 121, 27, 74
70, 290, 27, 81
70, 133, 27, 1
70, 168, 27, 47
70, 328, 27, 73
70, 200, 27, 63
70, 170, 27, 69
70, 299, 27, 50
70, 300, 27, 53
70, 117, 27, 92
70, 120, 27, 25
70, 89, 27, 65
70, 444, 28, 70
70, 4, 28, 7
70, 101, 28, 59
70, 132, 28, 34
70, 264, 28, 34
70, 299, 28, 50
70, 267, 28, 96
70, 211, 28, 26
70, 87, 28, 35
70, 185, 28, 11
70, 58, 28, 28
70, 284, 28, 32
70, 311, 28, 10
70, 320, 29, 62
70, 195, 29, 24
70, 390, 29, 58
70, 201, 29, 84
70, 13, 29, 55
70, 14, 29, 87
70, 338, 29, 59
70, 339, 29, 47
70, 213, 29, 57
70, 94, 29, 40
70, 189, 29, 100
70, 126, 29, 9
70, 448, 30, 5
70, 224, 30, 14
70, 541, 30, 93
70, 580, 30, 17
70, 549, 30, 64
70, 106, 30, 39
70, 236, 30, 49
70, 272, 30, 65
70, 528, 30, 3
70, 114, 30, 100
70, 347, 30, 42
70, 62, 30, 10
70, 57, 30, 56
70, 443, 30, 64
70, 509, 30, 85
70, 158, 30, 39
70, 545, 31, 80
70, 34, 31, 53
70, 193, 31, 48
70, 36, 31, 65
70, 517, 31, 69
70, 436, 31, 6
70, 261, 32, 12
70, 522, 32, 42
70, 458, 32, 17
70, 366, 32, 32
70, 432, 32, 63
70, 593, 32, 4
70, 51, 32, 94
70, 408, 32, 22
70, 289, 33, 48
70, 194, 33, 80
70, 581, 33, 69
70, 103, 33, 5
70, 331, 33, 54
70, 204, 33, 62
70, 346, 33, 2
70, 524, 33, 19
70, 55, 33, 41
70, 122, 33, 92
70, 574, 33, 81
70, 1, 34, 98
70, 2, 34, 63
70, 393, 34, 3
70, 398, 34, 42
70, 27, 34, 7
70, 32, 34, 94
70, 167, 34, 72
70, 299, 34, 50
70, 436, 34, 6
70, 590, 34, 65
70, 463, 34, 76
70, 596, 34, 45
70, 228, 34, 33
70, 357, 34, 59
70, 496, 34, 75
70, 369, 34, 80
70, 118, 34, 62
70, 377, 34, 75
70, 382, 34, 7
70, 512, 35, 43
70, 1, 35, 98
70, 482, 35, 3
70, 3, 35, 68
70, 74, 35, 60
70, 587, 35, 30
70, 106, 35, 39
70, 109, 35, 50
70, 48, 35, 52
70, 338, 35, 59
70, 244, 35, 12
70, 279, 35, 17
70, 216, 35, 69
70, 220, 35, 4
70, 3, 36, 68
70, 260, 36, 89
70, 588, 36, 38
70, 557, 36, 74
70, 537, 36, 77
70, 175, 36, 89
70, 156, 36, 8
70, 146, 36, 91
70, 284, 36, 32
70, 153, 36, 76
70, 154, 36, 64
70, 188, 36, 37
70, 158, 36, 39
70, 33, 37, 58
70, 229, 37, 90
70, 556, 37, 29
70, 174, 37, 90
70, 110, 37, 16
70, 379, 37, 78
70, 116, 37, 97
70, 568, 37, 66
70, 313, 37, 15
70, 570, 37, 85
70, 411, 37, 60
70, 60, 37, 58
70, 33, 38, 58
70, 34, 38, 53
70, 419, 38, 37
70, 68, 38, 93
70, 293, 38, 23
70, 164, 38, 17
70, 238, 38, 63
70, 338, 38, 59
70, 434, 38, 87
70, 404, 38, 57
70, 562, 38, 34
70, 534, 38, 27
70, 122, 38, 92
70, 156, 38, 8
70, 383, 39, 69
70, 528, 39, 3
70, 23, 39, 61
70, 27, 39, 7
70, 36, 39, 65
70, 40, 39, 97
70, 304, 39, 45
70, 436, 39, 6
70, 582, 39, 48
70, 584, 39, 4
70, 456, 39, 100
70, 77, 39, 99
70, 80, 39, 76
70, 86, 39, 27
70, 215, 39, 14
70, 474, 39, 61
70, 91, 39, 66
70, 495, 39, 96
70, 244, 39, 12
70, 505, 39, 49
70, 255, 39, 32
70, 576, 40, 3
70, 485, 40, 42
70, 293, 40, 23
70, 73, 40, 43
70, 41, 40, 41
70, 378, 40, 36
70, 334, 40, 20
70, 338, 40, 59
70, 499, 40, 82
70, 182, 40, 69
70, 87, 40, 35
70, 58, 40, 28
70, 317, 40, 93
70, 542, 40, 88
70, 351, 40, 21
70, 517, 41, 69
70, 363, 41, 51
70, 114, 41, 100
70, 146, 41, 91
70, 597, 41, 47
70, 154, 41, 64
70, 125, 41, 70
70, 132, 42, 34
70, 521, 42, 15
70, 528, 42, 3
70, 535, 42, 45
70, 23, 42, 61
70, 414, 42, 68
70, 37, 42, 54
70, 39, 42, 85
70, 51, 42, 94
70, 179, 42, 56
70, 311, 42, 10
70, 200, 42, 63
70, 75, 42, 14
70, 336, 42, 57
70, 81, 42, 39
70, 465, 42, 40
70, 93, 42, 2
70, 227, 42, 15
70, 107, 42, 82
70, 237, 42, 91
70, 494, 42, 74
70, 378, 42, 36
70, 248, 42, 75
70, 506, 42, 51
70, 258, 43, 82
70, 390, 43, 58
70, 328, 43, 73
70, 553, 43, 28
70, 555, 43, 50
70, 171, 43, 19
70, 173, 43, 26
70, 366, 43, 32
70, 75, 43, 14
70, 396, 43, 7
70, 209, 43, 54
70, 565, 43, 93
70, 505, 43, 49
70, 510, 43, 57
70, 484, 44, 1
70, 102, 44, 90
70, 105, 44, 89
70, 138, 44, 77
70, 12, 44, 68
70, 557, 44, 74
70, 558, 44, 43
70, 207, 44, 44
70, 592, 44, 75
70, 238, 44, 63
70, 435, 44, 96
70, 411, 44, 60
70, 183, 44, 1
70, 539, 44, 61
70, 551, 45, 21
70, 362, 45, 57
70, 53, 45, 8
70, 376, 45, 85
70, 159, 45, 79
70, 228, 46, 33
70, 145, 46, 68
70, 372, 46, 81
70, 501, 46, 79
70, 247, 46, 99
70, 568, 46, 66
70, 422, 47, 84
70, 396, 47, 7
70, 238, 47, 63
70, 47, 47, 26
70, 279, 47, 17
70, 25, 47, 28
70, 570, 47, 85
70, 375, 47, 81
70, 459, 48, 65
70, 275, 48, 2
70, 180, 48, 24
70, 566, 48, 5
70, 153, 48, 76
70, 131, 49, 1
70, 236, 49, 49
70, 497, 49, 82
70, 373, 49, 96
70, 87, 49, 35
70, 248, 49, 75
70, 166, 50, 59
70, 455, 50, 53
70, 38, 50, 69
70, 428, 50, 21
70, 335, 50, 80
70, 181, 50, 37
70, 278, 50, 33
70, 571, 50, 93
70, 572, 50, 27
70, 450, 51, 64
70, 514, 51, 90
70, 290, 51, 81
70, 546, 51, 16
70, 264, 51, 34
70, 585, 51, 14
70, 42, 51, 21
70, 14, 51, 87
70, 335, 51, 80
70, 469, 51, 95
70, 374, 51, 38
70, 57, 51, 56
70, 414, 51, 68
70, 351, 51, 21
70, 132, 52, 34
70, 408, 52, 22
70, 356, 52, 2
70, 551, 52, 21
70, 554, 52, 3
70, 491, 52, 70
70, 557, 52, 74
70, 111, 52, 85
70, 272, 52, 65
70, 560, 52, 15
70, 115, 52, 45
70, 149, 52, 85
70, 21, 52, 2
70, 471, 52, 32
70, 504, 52, 45
70, 219, 52, 60
70, 60, 52, 58
70, 440, 53, 42
70, 423, 53, 47
70, 124, 53, 44
70, 304, 53, 45
70, 344, 53, 25
70, 537, 53, 77
70, 60, 53, 58
70, 223, 53, 72
70, 513, 54, 17
70, 153, 54, 76
70, 155, 54, 26
70, 288, 54, 78
70, 162, 54, 20
70, 169, 54, 88
70, 176, 54, 64
70, 311, 54, 10
70, 315, 54, 33
70, 444, 54, 70
70, 60, 54, 58
70, 571, 54, 93
70, 578, 54, 21
70, 198, 54, 67
70, 80, 54, 76
70, 91, 54, 66
70, 349, 54, 20
70, 481, 54, 76
70, 495, 54, 96
70, 19, 55, 34
70, 412, 55, 66
70, 33, 55, 58
70, 293, 55, 23
70, 171, 55, 19
70, 558, 55, 43
70, 178, 55, 29
70, 308, 55, 90
70, 440, 55, 42
70, 451, 55, 58
70, 453, 55, 94
70, 582, 55, 48
70, 584, 55, 4
70, 457, 55, 51
70, 464, 55, 28
70, 336, 55, 57
70, 595, 55, 33
70, 340, 55, 77
70, 89, 55, 65
70, 226, 55, 30
70, 227, 55, 15
70, 483, 55, 24
70, 490, 55, 28
70, 369, 55, 80
70, 251, 55, 23
70, 64, 56, 29
70, 259, 56, 43
70, 388, 56, 3
70, 453, 56, 94
70, 201, 56, 84
70, 586, 56, 56
70, 43, 56, 6
70, 364, 56, 85
70, 527, 56, 30
70, 16, 56, 27
70, 381, 56, 44
70, 211, 56, 26
70, 147, 56, 34
70, 573, 56, 42
70, 257, 57, 21
70, 265, 57, 62
70, 401, 57, 12
70, 403, 57, 91
70, 22, 57, 77
70, 535, 57, 45
70, 411, 57, 60
70, 415, 57, 19
70, 288, 57, 78
70, 180, 57, 24
70, 564, 57, 86
70, 54, 57, 55
70, 317, 57, 93
70, 583, 57, 88
70, 585, 57, 14
70, 458, 57, 17
70, 73, 57, 43
70, 589, 57, 36
70, 208, 57, 15
70, 96, 57, 11
70, 232, 57, 99
70, 489, 57, 85
70, 362, 57, 57
70, 239, 57, 44
70, 245, 57, 49
70, 259, 58, 43
70, 132, 58, 34
70, 142, 58, 62
70, 552, 58, 99
70, 169, 58, 88
70, 42, 58, 21
70, 432, 58, 63
70, 60, 58, 58
70, 578, 58, 21
70, 69, 58, 29
70, 201, 58, 84
70, 74, 58, 60
70, 86, 58, 27
70, 599, 58, 16
70, 87, 58, 35
70, 598, 58, 5
70, 220, 58, 4
70, 480, 58, 27
70, 245, 58, 49
70, 514, 59, 90
70, 258, 59, 82
70, 518, 59, 57
70, 403, 59, 91
70, 278, 59, 33
70, 282, 59, 22
70, 284, 59, 32
70, 415, 59, 19
70, 550, 59, 31
70, 167, 59, 72
70, 553, 59, 28
70, 60, 59, 58
70, 445, 59, 72
70, 64, 59, 29
70, 456, 59, 100
70, 588, 59, 38
70, 470, 59, 14
70, 232, 59, 99
70, 114, 59, 100
70, 373, 59, 96
70, 262, 60, 66
70, 394, 60, 15
70, 397, 60, 95
70, 401, 60, 12
70, 279, 60, 17
70, 537, 60, 77
70, 282, 60, 22
70, 33, 60, 58
70, 417, 60, 8
70, 166, 60, 59
70, 39, 60, 85
70, 168, 60, 47
70, 557, 60, 74
70, 568, 60, 66
70, 319, 60, 40
70, 462, 60, 78
70, 468, 60, 41
70, 360, 60, 38
70, 492, 60, 17
70, 114, 60, 100
70, 373, 60, 96
70, 123, 60, 88
70, 252, 60, 93
70, 420, 61, 44
70, 454, 61, 47
70, 462, 61, 78
70, 559, 61, 99
70, 115, 61, 45
70, 5, 62, 78
70, 389, 62, 79
70, 520, 62, 31
70, 585, 62, 14
70, 268, 62, 30
70, 462, 62, 78
70, 398, 62, 42
70, 177, 62, 53
70, 402, 62, 38
70, 277, 62, 13
70, 375, 62, 81
70, 280, 62, 62
70, 28, 62, 87
70, 93, 62, 2
70, 511, 62, 62
70, 512, 63, 43
70, 518, 63, 57
70, 14, 63, 87
70, 527, 63, 30
70, 281, 63, 1
70, 283, 63, 77
70, 30, 63, 32
70, 38, 63, 69
70, 170, 63, 69
70, 43, 63, 6
70, 561, 63, 34
70, 437, 63, 23
70, 316, 63, 79
70, 191, 63, 2
70, 65, 63, 80
70, 194, 63, 80
70, 321, 63, 82
70, 456, 63, 100
70, 334, 63, 20
70, 336, 63, 57
70, 337, 63, 2
70, 594, 63, 43
70, 225, 63, 67
70, 261, 64, 12
70, 518, 64, 57
70, 269, 64, 87
70, 275, 64, 2
70, 282, 64, 22
70, 283, 64, 77
70, 424, 64, 92
70, 299, 64, 50
70, 559, 64, 99
70, 176, 64, 64
70, 310, 64, 81
70, 184, 64, 92
70, 185, 64, 11
70, 582, 64, 48
70, 596, 64, 45
70, 476, 64, 27
70, 353, 64, 45
70, 375, 64, 81
70, 250, 64, 64
70, 144, 65, 47
70, 272, 65, 65
70, 533, 65, 85
70, 152, 65, 25
70, 281, 65, 1
70, 409, 65, 63
70, 155, 65, 26
70, 291, 65, 82
70, 164, 65, 17
70, 293, 65, 23
70, 423, 65, 47
70, 169, 65, 88
70, 306, 65, 49
70, 178, 65, 29
70, 61, 65, 95
70, 332, 65, 57
70, 82, 65, 4
70, 219, 65, 60
70, 366, 65, 32
70, 501, 65, 79
70, 246, 65, 52
70, 505, 65, 49
70, 545, 66, 80
70, 451, 66, 58
70, 229, 66, 90
70, 173, 66, 26
70, 374, 66, 38
70, 598, 66, 5
70, 152, 66, 25
70, 57, 66, 56
70, 157, 66, 52
70, 349, 66, 20
70, 93, 66, 2
70, 514, 67, 90
70, 302, 67, 32
70, 51, 67, 94
70, 213, 67, 57
70, 380, 67, 91
70, 89, 68, 65
70, 352, 68, 68
70, 5, 68, 78
70, 367, 68, 48
70, 83, 68, 99
70, 149, 68, 85
70, 470, 68, 14
70, 120, 68, 25
70, 409, 68, 63
70, 539, 68, 61
70, 0, 69, 46
70, 547, 69, 27
70, 484, 69, 1
70, 196, 69, 89
70, 389, 69, 79
70, 444, 69, 70
70, 552, 69, 99
70, 329, 69, 79
70, 522, 69, 42
70, 334, 69, 20
70, 17, 69, 75
70, 341, 69, 96
70, 438, 69, 37
70, 342, 69, 37
70, 409, 69, 63
70, 282, 69, 22
70, 508, 69, 28
70, 254, 69, 12
70, 64, 70, 29
70, 545, 70, 80
70, 454, 70, 47
70, 313, 70, 15
70, 395, 70, 29
70, 335, 70, 80
70, 48, 70, 52
70, 465, 70, 40
70, 540, 70, 25
70, 51, 70, 94
70, 83, 70, 99
70, 217, 70, 14
70, 122, 70, 92
70, 283, 70, 77
70, 220, 70, 4
70, 381, 70, 44
70, 62, 70, 10
70, 223, 70, 72
70, 192, 71, 93
70, 195, 71, 24
70, 580, 71, 17
70, 230, 71, 36
70, 8, 71, 14
70, 558, 71, 43
70, 563, 71, 57
70, 180, 71, 24
70, 185, 71, 11
70, 256, 72, 13
70, 129, 72, 51
70, 481, 72, 76
70, 259, 72, 43
70, 487, 72, 95
70, 583, 72, 88
70, 106, 72, 39
70, 362, 72, 57
70, 77, 72, 99
70, 432, 72, 63
70, 117, 72, 92
70, 538, 72, 36
70, 349, 72, 20
70, 445, 72, 72
70, 386, 73, 21
70, 396, 73, 7
70, 23, 73, 61
70, 165, 73, 86
70, 168, 73, 47
70, 304, 73, 45
70, 436, 73, 6
70, 184, 73, 92
70, 441, 73, 81
70, 577, 73, 93
70, 66, 73, 23
70, 323, 73, 14
70, 204, 73, 62
70, 338, 73, 59
70, 218, 73, 35
70, 92, 73, 42
70, 222, 73, 70
70, 95, 73, 30
70, 479, 73, 6
70, 98, 73, 21
70, 111, 73, 85
70, 125, 73, 70
70, 249, 73, 12
70, 251, 73, 23
70, 381, 73, 44
70, 578, 74, 21
70, 451, 74, 58
70, 420, 74, 44
70, 519, 74, 44
70, 584, 74, 4
70, 297, 74, 39
70, 521, 74, 15
70, 363, 74, 51
70, 491, 74, 70
70, 271, 74, 82
70, 144, 74, 47
70, 594, 74, 43
70, 19, 74, 34
70, 52, 74, 96
70, 83, 74, 99
70, 90, 74, 42
70, 574, 74, 81
70, 136, 75, 53
70, 531, 75, 89
70, 403, 75, 91
70, 22, 75, 77
70, 284, 75, 32
70, 285, 75, 82
70, 163, 75, 90
70, 549, 75, 64
70, 565, 75, 93
70, 59, 75, 16
70, 61, 75, 95
70, 317, 75, 93
70, 63, 75, 88
70, 449, 75, 62
70, 453, 75, 94
70, 70, 75, 81
70, 584, 75, 4
70, 588, 75, 38
70, 341, 75, 96
70, 470, 75, 14
70, 105, 75, 89
70, 109, 75, 50
70, 113, 75, 79
70, 497, 75, 82
70, 373, 75, 96
70, 66, 76, 23
70, 451, 76, 58
70, 131, 76, 1
70, 100, 76, 17
70, 75, 76, 14
70, 12, 76, 68
70, 236, 76, 49
70, 78, 76, 81
70, 496, 76, 75
70, 401, 76, 12
70, 564, 76, 86
70, 533, 76, 85
70, 503, 76, 61
70, 92, 76, 42
70, 286, 76, 5
70, 63, 76, 88
70, 385, 77, 76
70, 559, 77, 99
70, 208, 77, 15
70, 307, 77, 22
70, 474, 77, 61
70, 475, 77, 94
70, 186, 78, 74
70, 233, 78, 61
70, 10, 78, 8
70, 11, 78, 48
70, 589, 78, 36
70, 305, 78, 79
70, 212, 78, 79
70, 598, 78, 5
70, 154, 78, 64
70, 190, 78, 28
70, 159, 78, 79
70, 418, 79, 39
70, 197, 79, 2
70, 582, 79, 48
70, 421, 79, 52
70, 77, 79, 99
70, 466, 79, 21
70, 148, 79, 95
70, 469, 79, 95
70, 570, 79, 85
70, 219, 79, 60
70, 480, 80, 27
70, 322, 80, 66
70, 329, 80, 79
70, 170, 80, 69
70, 239, 80, 44
70, 593, 80, 4
70, 211, 80, 26
70, 23, 80, 61
70, 246, 80, 52
70, 535, 80, 45
70, 315, 80, 33
70, 61, 80, 95
70, 453, 81, 94
70, 165, 81, 86
70, 199, 81, 94
70, 229, 81, 90
70, 231, 81, 2
70, 266, 81, 41
70, 267, 81, 96
70, 108, 81, 35
70, 396, 81, 7
70, 370, 81, 65
70, 210, 81, 65
70, 244, 81, 12
70, 309, 81, 11
70, 152, 81, 25
70, 388, 82, 3
70, 522, 82, 42
70, 274, 82, 23
70, 147, 82, 34
70, 534, 82, 27
70, 278, 82, 33
70, 154, 82, 64
70, 419, 82, 37
70, 429, 82, 97
70, 580, 82, 17
70, 329, 82, 79
70, 331, 82, 54
70, 76, 82, 40
70, 213, 82, 57
70, 90, 82, 42
70, 346, 82, 2
70, 492, 82, 17
70, 241, 82, 69
70, 498, 82, 46
70, 118, 82, 62
70, 249, 82, 12
70, 127, 82, 96
70, 516, 83, 48
70, 166, 83, 59
70, 361, 83, 1
70, 266, 83, 41
70, 459, 83, 65
70, 85, 83, 74
70, 536, 83, 11
70, 475, 83, 94
70, 61, 83, 95
70, 319, 83, 40
70, 389, 84, 79
70, 136, 84, 53
70, 139, 84, 23
70, 401, 84, 12
70, 407, 84, 6
70, 154, 84, 64
70, 155, 84, 26
70, 32, 84, 94
70, 551, 84, 21
70, 46, 84, 11
70, 433, 84, 33
70, 184, 84, 92
70, 191, 84, 2
70, 193, 84, 48
70, 449, 84, 62
70, 203, 84, 94
70, 206, 84, 29
70, 337, 84, 2
70, 479, 84, 6
70, 358, 84, 48
70, 491, 84, 70
70, 363, 84, 51
70, 379, 84, 78
70, 133, 85, 1
70, 138, 85, 77
70, 396, 85, 7
70, 415, 85, 19
70, 418, 85, 39
70, 548, 85, 47
70, 295, 85, 34
70, 426, 85, 94
70, 172, 85, 3
70, 178, 85, 29
70, 307, 85, 22
70, 437, 85, 23
70, 444, 85, 70
70, 317, 85, 93
70, 446, 85, 54
70, 448, 85, 5
70, 451, 85, 58
70, 203, 85, 94
70, 589, 85, 36
70, 98, 85, 21
70, 513, 86, 17
70, 276, 86, 81
70, 148, 86, 95
70, 281, 86, 1
70, 288, 86, 78
70, 164, 86, 17
70, 561, 86, 34
70, 180, 86, 24
70, 458, 86, 17
70, 334, 86, 20
70, 592, 86, 75
70, 82, 86, 4
70, 470, 86, 14
70, 90, 86, 42
70, 92, 86, 42
70, 486, 86, 65
70, 362, 86, 57
70, 119, 86, 22
70, 508, 86, 28
70, 255, 86, 32
70, 514, 87, 90
70, 133, 87, 1
70, 520, 87, 31
70, 396, 87, 7
70, 536, 87, 11
70, 547, 87, 27
70, 45, 87, 23
70, 557, 87, 74
70, 310, 87, 81
70, 571, 87, 93
70, 573, 87, 42
70, 73, 87, 43
70, 81, 87, 39
70, 211, 87, 26
70, 214, 87, 41
70, 353, 87, 45
70, 483, 87, 24
70, 103, 87, 5
70, 242, 87, 4
70, 372, 87, 81
70, 118, 87, 62
70, 377, 87, 75
70, 506, 87, 51
70, 254, 87, 12
70, 589, 88, 36
70, 401, 88, 12
70, 403, 88, 91
70, 504, 88, 45
70, 58, 88, 28
70, 225, 89, 67
70, 131, 89, 1
70, 6, 89, 55
70, 104, 89, 32
70, 298, 89, 16
70, 139, 89, 23
70, 365, 89, 19
70, 271, 89, 82
70, 468, 89, 41
70, 284, 89, 32
70, 474, 89, 61
70, 92, 89, 42
70, 189, 89, 100
70, 2, 90, 63
70, 194, 90, 80
70, 518, 90, 57
70, 472, 90, 79
70, 361, 90, 1
70, 107, 90, 82
70, 363, 90, 51
70, 309, 90, 11
70, 437, 90, 23
70, 120, 90, 25
70, 125, 90, 70
70, 286, 90, 5
70, 63, 90, 88
70, 513, 91, 17
70, 453, 91, 94
70, 395, 91, 29
70, 11, 91, 48
70, 240, 91, 93
70, 401, 91, 12
70, 177, 91, 53
70, 180, 91, 24
70, 437, 91, 23
70, 310, 91, 81
70, 469, 91, 95
70, 57, 91, 56
70, 510, 91, 57
70, 159, 91, 79
70, 289, 92, 48
70, 419, 92, 37
70, 396, 92, 7
70, 398, 92, 42
70, 336, 92, 57
70, 401, 92, 12
70, 279, 92, 17
70, 256, 93, 13
70, 544, 93, 14
70, 547, 93, 27
70, 358, 93, 48
70, 427, 93, 53
70, 204, 93, 62
70, 203, 93, 94
70, 430, 93, 86
70, 399, 93, 60
70, 174, 93, 90
70, 147, 93, 34
70, 407, 93, 6
70, 184, 93, 92
70, 60, 93, 58
70, 254, 93, 12
70, 134, 94, 72
70, 76, 94, 40
70, 178, 94, 29
70, 308, 94, 90
70, 187, 94, 92
70, 125, 94, 70
70, 289, 95, 48
70, 449, 95, 62
70, 257, 95, 21
70, 36, 95, 65
70, 517, 95, 69
70, 104, 95, 32
70, 459, 95, 65
70, 492, 95, 17
70, 398, 95, 42
70, 16, 95, 27
70, 209, 95, 54
70, 145, 95, 68
70, 211, 95, 26
70, 468, 95, 41
70, 149, 95, 85
70, 506, 95, 51
70, 255, 95, 32
70, 512, 96, 43
70, 131, 96, 1
70, 388, 96, 3
70, 267, 96, 96
70, 12, 96, 68
70, 23, 96, 61
70, 152, 96, 25
70, 540, 96, 25
70, 30, 96, 32
70, 37, 96, 54
70, 425, 96, 9
70, 310, 96, 81
70, 313, 96, 15
70, 314, 96, 64
70, 444, 96, 70
70, 588, 96, 38
70, 333, 96, 7
70, 337, 96, 2
70, 83, 96, 99
70, 340, 96, 77
70, 481, 96, 76
70, 491, 96, 70
70, 255, 96, 32
70, 321, 97, 82
70, 546, 97, 16
70, 486, 97, 65
70, 521, 97, 15
70, 368, 97, 61
70, 213, 97, 57
70, 150, 97, 67
70, 342, 97, 37
70, 350, 97, 53
70, 258, 98, 82
70, 269, 98, 87
70, 399, 98, 60
70, 22, 98, 77
70, 421, 98, 52
70, 46, 98, 11
70, 437, 98, 23
70, 190, 98, 28
70, 64, 98, 29
70, 579, 98, 6
70, 456, 98, 100
70, 585, 98, 14
70, 203, 98, 94
70, 207, 98, 44
70, 211, 98, 26
70, 214, 98, 41
70, 473, 98, 68
70, 485, 98, 42
70, 486, 98, 65
70, 232, 98, 99
70, 114, 98, 100
70, 116, 98, 97
70, 252, 98, 93
70, 127, 98, 96
70, 257, 99, 21
70, 2, 99, 63
70, 388, 99, 3
70, 518, 99, 57
70, 138, 99, 77
70, 291, 99, 82
70, 163, 99, 90
70, 422, 99, 84
70, 431, 99, 13
70, 311, 99, 10
70, 189, 99, 100
70, 321, 99, 82
70, 326, 99, 78
70, 584, 99, 4
70, 592, 99, 75
70, 594, 99, 43
70, 88, 99, 51
70, 474, 99, 61
70, 92, 99, 42
70, 235, 99, 27
70, 365, 99, 19
70, 117, 99, 92
70, 253, 99, 50
70, 127, 99, 96
70, 576, 100, 3
70, 65, 100, 80
70, 227, 100, 15
70, 131, 100, 1
70, 197, 100, 2
70, 551, 100, 21
70, 424, 100, 92
70, 586, 100, 56
70, 556, 100, 29
70, 428, 100, 21
70, 531, 100, 89
70, 504, 100, 45
70, 217, 100, 14
70, 484, 101, 1
70, 356, 101, 2
70, 196, 101, 89
70, 72, 101, 92
70, 521, 101, 15
70, 491, 101, 70
70, 173, 101, 26
70, 559, 101, 99
70, 537, 101, 77
70, 134, 102, 72
70, 148, 102, 95
70, 279, 102, 17
70, 286, 102, 5
70, 291, 102, 82
70, 550, 102, 31
70, 555, 102, 50
70, 301, 102, 81
70, 47, 102, 26
70, 311, 102, 10
70, 186, 102, 74
70, 71, 102, 36
70, 586, 102, 56
70, 335, 102, 80
70, 339, 102, 47
70, 228, 102, 33
70, 104, 102, 32
70, 362, 102, 57
70, 363, 102, 51
70, 250, 102, 64
70, 238, 102, 63
70, 495, 102, 96
70, 371, 102, 33
70, 378, 102, 36
70, 254, 102, 12
70, 320, 103, 62
70, 126, 103, 9
70, 357, 103, 59
70, 102, 103, 90
70, 38, 103, 69
70, 328, 103, 73
70, 521, 103, 15
70, 557, 103, 74
70, 560, 103, 15
70, 177, 103, 53
70, 371, 103, 33
70, 149, 103, 85
70, 437, 103, 23
70, 570, 103, 85
70, 510, 103, 57
70, 63, 103, 88
70, 0, 104, 46
70, 260, 104, 89
70, 535, 104, 45
70, 151, 104, 43
70, 409, 104, 63
70, 412, 104, 66
70, 156, 104, 8
70, 284, 104, 32
70, 304, 104, 45
70, 309, 104, 11
70, 567, 104, 10
70, 61, 104, 95
70, 66, 104, 23
70, 597, 104, 47
70, 349, 104, 20
70, 480, 104, 27
70, 224, 104, 14
70, 484, 104, 1
70, 504, 104, 45
70, 123, 104, 88
70, 126, 104, 9
70, 482, 105, 3
70, 483, 105, 24
70, 291, 105, 82
70, 229, 105, 90
70, 9, 105, 28
70, 265, 105, 62
70, 202, 105, 60
70, 461, 105, 56
70, 173, 105, 26
70, 431, 105, 13
70, 530, 105, 73
70, 531, 105, 89
70, 115, 105, 45
70, 342, 105, 37
70, 24, 105, 99
70, 61, 105, 95
70, 414, 105, 68
70, 31, 105, 15
70, 160, 106, 5
70, 417, 106, 8
70, 376, 106, 85
70, 134, 106, 72
70, 76, 106, 40
70, 402, 106, 38
70, 471, 106, 32
70, 88, 106, 51
70, 569, 106, 22
70, 97, 107, 9
70, 360, 107, 38
70, 394, 107, 15
70, 511, 107, 62
70, 176, 107, 64
70, 497, 107, 82
70, 560, 107, 15
70, 211, 107, 26
70, 213, 107, 57
70, 470, 107, 14
70, 119, 107, 22
70, 312, 107, 27
70, 217, 107, 14
70, 123, 107, 88
70, 479, 107, 6
70, 256, 108, 13
70, 8, 108, 14
70, 396, 108, 7
70, 526, 108, 22
70, 416, 108, 78
70, 36, 108, 65
70, 297, 108, 39
70, 173, 108, 26
70, 179, 108, 56
70, 314, 108, 64
70, 323, 108, 14
70, 586, 108, 56
70, 461, 108, 56
70, 94, 108, 40
70, 479, 108, 6
70, 358, 108, 48
70, 103, 108, 5
70, 495, 108, 96
70, 496, 108, 75
70, 125, 108, 70
70, 0, 109, 46
70, 456, 109, 100
70, 495, 109, 96
70, 17, 109, 75
70, 380, 109, 91
70, 541, 109, 93
70, 572, 109, 27
70, 138, 110, 77
70, 523, 110, 42
70, 267, 110, 96
70, 399, 110, 60
70, 401, 110, 12
70, 531, 110, 89
70, 24, 110, 99
70, 283, 110, 77
70, 288, 110, 78
70, 420, 110, 44
70, 165, 110, 86
70, 41, 110, 41
70, 306, 110, 49
70, 442, 110, 39
70, 316, 110, 79
70, 76, 110, 40
70, 78, 110, 81
70, 335, 110, 80
70, 80, 110, 76
70, 79, 110, 11
70, 362, 110, 57
70, 240, 110, 93
70, 372, 110, 81
70, 505, 110, 49
70, 97, 111, 9
70, 358, 111, 48
70, 242, 111, 4
70, 179, 111, 56
70, 274, 111, 23
70, 149, 111, 85
70, 532, 111, 73
70, 50, 111, 62
70, 63, 111, 88
70, 293, 112, 23
70, 296, 112, 72
70, 393, 112, 3
70, 591, 112, 75
70, 335, 112, 80
70, 178, 112, 29
70, 307, 112, 22
70, 247, 112, 99
70, 314, 112, 64
70, 31, 112, 15
70, 159, 112, 79
70, 256, 113, 13
70, 1, 113, 98
70, 387, 113, 18
70, 549, 113, 64
70, 588, 113, 38
70, 431, 113, 13
70, 148, 113, 95
70, 252, 113, 93
70, 406, 113, 8
70, 374, 113, 38
70, 88, 113, 51
70, 154, 113, 64
70, 507, 113, 52
70, 508, 113, 28
70, 285, 113, 82
70, 254, 113, 12
70, 10, 114, 8
70, 271, 114, 82
70, 145, 114, 68
70, 537, 114, 77
70, 25, 114, 28
70, 28, 114, 87
70, 548, 114, 47
70, 303, 114, 34
70, 564, 114, 86
70, 436, 114, 6
70, 438, 114, 37
70, 57, 114, 56
70, 322, 114, 66
70, 464, 114, 28
70, 213, 114, 57
70, 475, 114, 94
70, 483, 114, 24
70, 361, 114, 1
70, 234, 114, 37
70, 381, 114, 44
70, 502, 114, 50
70, 253, 114, 50
70, 289, 115, 48
70, 295, 115, 34
70, 42, 115, 21
70, 364, 115, 85
70, 270, 115, 61
70, 82, 115, 4
70, 211, 115, 26
70, 568, 115, 66
70, 251, 115, 23
70, 156, 115, 8
70, 573, 115, 42
70, 222, 115, 70
70, 409, 116, 63
70, 539, 116, 61
70, 412, 116, 66
70, 32, 116, 94
70, 545, 116, 80
70, 556, 116, 29
70, 304, 116, 45
70, 432, 116, 63
70, 50, 116, 62
70, 563, 116, 57
70, 440, 116, 42
70, 324, 116, 27
70, 69, 116, 29
70, 584, 116, 4
70, 458, 116, 17
70, 586, 116, 56
70, 215, 116, 14
70, 356, 116, 2
70, 486, 116, 65
70, 366, 116, 32
70, 240, 116, 93
70, 245, 116, 49
70, 502, 116, 50
70, 249, 116, 12
70, 64, 117, 29
70, 577, 117, 93
70, 129, 117, 51
70, 583, 117, 88
70, 328, 117, 73
70, 298, 117, 16
70, 330, 117, 42
70, 434, 117, 87
70, 597, 117, 47
70, 534, 117, 27
70, 121, 117, 74
70, 190, 117, 28
70, 286, 117, 5
70, 159, 117, 79
70, 138, 118, 77
70, 11, 118, 48
70, 145, 118, 68
70, 21, 118, 2
70, 153, 118, 76
70, 540, 118, 25
70, 286, 118, 5
70, 291, 118, 82
70, 36, 118, 65
70, 295, 118, 34
70, 297, 118, 39
70, 300, 118, 53
70, 557, 118, 74
70, 79, 118, 11
70, 80, 118, 76
70, 209, 118, 54
70, 466, 118, 21
70, 87, 118, 35
70, 100, 118, 17
70, 108, 118, 35
70, 386, 119, 21
70, 518, 119, 57
70, 283, 119, 77
70, 285, 119, 82
70, 542, 119, 88
70, 162, 119, 20
70, 547, 119, 27
70, 45, 119, 23
70, 302, 119, 32
70, 51, 119, 94
70, 575, 119, 84
70, 580, 119, 17
70, 204, 119, 62
70, 460, 119, 74
70, 80, 119, 76
70, 212, 119, 79
70, 218, 119, 35
70, 358, 119, 48
70, 490, 119, 28
70, 110, 119, 16
70, 250, 119, 64
70, 252, 119, 93
70, 1, 120, 98
70, 579, 120, 6
70, 73, 120, 43
70, 10, 120, 8
70, 299, 120, 50
70, 334, 120, 20
70, 468, 120, 41
70, 386, 121, 21
70, 515, 121, 79
70, 3, 121, 68
70, 6, 121, 55
70, 137, 121, 77
70, 394, 121, 15
70, 10, 121, 8
70, 409, 121, 63
70, 27, 121, 7
70, 169, 121, 88
70, 70, 121, 81
70, 221, 121, 82
70, 227, 121, 15
70, 228, 121, 33
70, 109, 121, 50
70, 505, 121, 49
70, 496, 121, 75
70, 498, 121, 46
70, 370, 121, 65
70, 247, 121, 99
70, 121, 121, 74
70, 508, 121, 28
70, 524, 122, 19
70, 270, 122, 61
70, 527, 122, 30
70, 16, 122, 27
70, 276, 122, 81
70, 534, 122, 27
70, 157, 122, 52
70, 165, 122, 86
70, 297, 122, 39
70, 558, 122, 43
70, 438, 122, 37
70, 58, 122, 28
70, 317, 122, 93
70, 579, 122, 6
70, 195, 122, 24
70, 213, 122, 57
70, 229, 122, 90
70, 358, 122, 48
70, 364, 122, 85
70, 238, 122, 63
70, 254, 122, 12
70, 132, 123, 34
70, 143, 123, 56
70, 532, 123, 73
70, 280, 123, 62
70, 152, 123, 25
70, 410, 123, 8
70, 156, 123, 8
70, 286, 123, 5
70, 167, 123, 72
70, 552, 123, 99
70, 298, 123, 16
70, 43, 123, 6
70, 573, 123, 42
70, 201, 123, 84
70, 209, 123, 54
70, 476, 123, 27
70, 480, 123, 27
70, 483, 123, 24
70, 101, 123, 59
70, 104, 123, 32
70, 360, 123, 38
70, 235, 123, 27
70, 493, 123, 62
70, 495, 123, 96
70, 373, 123, 96
70, 193, 124, 48
70, 378, 124, 36
70, 592, 124, 75
70, 209, 124, 54
70, 244, 124, 12
70, 215, 124, 14
70, 538, 124, 36
70, 251, 124, 23
70, 258, 125, 82
70, 452, 125, 66
70, 5, 125, 78
70, 76, 125, 40
70, 77, 125, 99
70, 239, 125, 44
70, 49, 125, 42
70, 146, 125, 91
70, 247, 125, 99
70, 216, 125, 69
70, 577, 126, 93
70, 515, 126, 79
70, 388, 126, 3
70, 421, 126, 52
70, 520, 126, 31
70, 366, 126, 32
70, 48, 126, 52
70, 433, 126, 33
70, 179, 126, 56
70, 276, 126, 81
70, 574, 126, 81
70, 64, 127, 29
70, 544, 127, 14
70, 231, 127, 2
70, 200, 127, 63
70, 556, 127, 29
70, 396, 127, 7
70, 431, 127, 13
70, 465, 127, 40
70, 499, 127, 82
70, 501, 127, 79
70, 185, 127, 11
70, 31, 127, 15
70, 541, 127, 93
70, 63, 127, 88
70, 547, 128, 27
70, 263, 128, 74
70, 554, 128, 3
70, 45, 128, 23
70, 243, 128, 1
70, 404, 128, 57
70, 435, 128, 96
70, 218, 128, 35
70, 33, 129, 58
70, 484, 129, 1
70, 4, 129, 7
70, 461, 129, 56
70, 273, 129, 37
70, 117, 129, 92
70, 95, 129, 30
70, 65, 130, 80
70, 198, 130, 67
70, 232, 130, 99
70, 553, 130, 28
70, 176, 130, 64
70, 574, 130, 81
70, 130, 131, 93
70, 134, 131, 72
70, 7, 131, 19
70, 526, 131, 22
70, 282, 131, 22
70, 155, 131, 26
70, 37, 131, 54
70, 171, 131, 19
70, 178, 131, 29
70, 307, 131, 22
70, 53, 131, 8
70, 570, 131, 85
70, 579, 131, 6
70, 331, 131, 54
70, 460, 131, 74
70, 593, 131, 4
70, 484, 131, 1
70, 229, 131, 90
70, 489, 131, 85
70, 238, 131, 63
70, 368, 131, 61
70, 127, 131, 96
70, 198, 132, 67
70, 7, 132, 19
70, 464, 132, 28
70, 497, 132, 82
70, 20, 132, 30
70, 373, 132, 96
70, 574, 132, 81
70, 7, 133, 19
70, 138, 133, 77
70, 142, 133, 62
70, 148, 133, 95
70, 286, 133, 5
70, 160, 133, 5
70, 164, 133, 17
70, 171, 133, 19
70, 177, 133, 53
70, 437, 133, 23
70, 183, 133, 1
70, 455, 133, 53
70, 329, 133, 79
70, 75, 133, 14
70, 334, 133, 20
70, 210, 133, 65
70, 86, 133, 27
70, 225, 133, 67
70, 99, 133, 83
70, 358, 133, 48
70, 487, 133, 95
70, 361, 133, 1
70, 108, 133, 35
70, 375, 133, 81
70, 511, 133, 62
70, 257, 134, 21
70, 131, 134, 1
70, 524, 134, 19
70, 270, 134, 61
70, 409, 134, 63
70, 26, 134, 75
70, 552, 134, 99
70, 168, 134, 47
70, 170, 134, 69
70, 554, 134, 3
70, 304, 134, 45
70, 569, 134, 22
70, 444, 134, 70
70, 189, 134, 100
70, 446, 134, 54
70, 581, 134, 69
70, 83, 134, 99
70, 212, 134, 79
70, 94, 134, 40
70, 482, 134, 3
70, 483, 134, 24
70, 228, 134, 33
70, 233, 134, 61
70, 108, 134, 35
70, 243, 134, 1
70, 264, 135, 34
70, 37, 135, 54
70, 168, 135, 47
70, 561, 135, 34
70, 307, 135, 22
70, 576, 135, 3
70, 64, 135, 29
70, 322, 135, 66
70, 580, 135, 17
70, 455, 135, 53
70, 583, 135, 88
70, 334, 135, 20
70, 472, 135, 79
70, 90, 135, 42
70, 476, 135, 27
70, 221, 135, 82
70, 225, 135, 67
70, 481, 135, 76
70, 483, 135, 24
70, 487, 135, 95
70, 500, 135, 36
70, 247, 135, 99
70, 248, 135, 75
70, 129, 136, 51
70, 439, 136, 16
70, 451, 136, 58
70, 453, 136, 94
70, 267, 136, 96
70, 78, 136, 81
70, 593, 136, 4
70, 372, 136, 81
70, 118, 136, 62
70, 535, 136, 45
70, 441, 136, 81
70, 253, 136, 50
70, 513, 137, 17
70, 290, 137, 81
70, 354, 137, 21
70, 261, 137, 12
70, 167, 137, 72
70, 551, 137, 21
70, 543, 137, 71
70, 109, 137, 50
70, 239, 137, 44
70, 81, 137, 39
70, 121, 137, 74
70, 474, 137, 61
70, 411, 137, 60
70, 412, 137, 66
70, 318, 137, 82
70, 127, 137, 96
70, 129, 138, 51
70, 130, 138, 93
70, 263, 138, 74
70, 144, 138, 47
70, 532, 138, 73
70, 281, 138, 1
70, 544, 138, 14
70, 289, 138, 48
70, 548, 138, 47
70, 38, 138, 69
70, 424, 138, 92
70, 428, 138, 21
70, 556, 138, 29
70, 326, 138, 78
70, 201, 138, 84
70, 586, 138, 56
70, 334, 138, 20
70, 467, 138, 26
70, 478, 138, 39
70, 228, 138, 33
70, 370, 138, 65
70, 119, 138, 22
70, 378, 138, 36
70, 192, 139, 93
70, 97, 139, 9
70, 359, 139, 76
70, 585, 139, 14
70, 11, 139, 48
70, 558, 139, 43
70, 431, 139, 13
70, 495, 139, 96
70, 16, 139, 27
70, 305, 139, 79
70, 339, 139, 47
70, 538, 139, 36
70, 590, 139, 65
70, 463, 139, 76
70, 55, 139, 41
70, 442, 139, 39
70, 354, 140, 21
70, 102, 140, 90
70, 558, 140, 43
70, 529, 140, 41
70, 502, 140, 50
70, 321, 141, 82
70, 98, 141, 21
70, 419, 141, 37
70, 164, 141, 17
70, 355, 141, 18
70, 294, 141, 31
70, 72, 141, 92
70, 200, 141, 63
70, 362, 141, 57
70, 396, 141, 7
70, 367, 141, 48
70, 52, 141, 96
70, 341, 141, 96
70, 442, 141, 39
70, 253, 141, 50
70, 264, 142, 34
70, 297, 142, 39
70, 204, 142, 62
70, 524, 142, 19
70, 397, 142, 95
70, 369, 142, 80
70, 499, 142, 82
70, 471, 142, 32
70, 0, 143, 46
70, 6, 143, 55
70, 264, 143, 34
70, 15, 143, 90
70, 19, 143, 34
70, 407, 143, 6
70, 24, 143, 99
70, 29, 143, 34
70, 161, 143, 96
70, 291, 143, 82
70, 170, 143, 69
70, 559, 143, 99
70, 432, 143, 63
70, 185, 143, 11
70, 457, 143, 51
70, 81, 143, 39
70, 222, 143, 70
70, 121, 143, 74
70, 355, 143, 18
70, 231, 143, 2
70, 366, 143, 32
70, 374, 143, 38
70, 249, 143, 12
70, 126, 143, 9
70, 1, 144, 98
70, 257, 144, 21
70, 516, 144, 48
70, 518, 144, 57
70, 392, 144, 14
70, 272, 144, 65
70, 27, 144, 7
70, 28, 144, 87
70, 289, 144, 48
70, 293, 144, 23
70, 41, 144, 41
70, 431, 144, 13
70, 438, 144, 37
70, 573, 144, 42
70, 574, 144, 81
70, 87, 144, 35
70, 90, 144, 42
70, 220, 144, 4
70, 103, 144, 5
70, 232, 144, 99
70, 111, 144, 85
70, 117, 144, 92
70, 245, 144, 49
70, 1, 145, 98
70, 2, 145, 63
70, 391, 145, 8
70, 269, 145, 87
70, 529, 145, 41
70, 535, 145, 45
70, 152, 145, 25
70, 544, 145, 14
70, 289, 145, 48
70, 163, 145, 90
70, 164, 145, 17
70, 176, 145, 64
70, 570, 145, 85
70, 62, 145, 10
70, 318, 145, 82
70, 577, 145, 93
70, 69, 145, 29
70, 475, 145, 94
70, 485, 145, 42
70, 105, 145, 89
70, 364, 145, 85
70, 370, 145, 65
70, 379, 145, 78
70, 4, 146, 7
70, 397, 146, 95
70, 24, 146, 99
70, 282, 146, 22
70, 412, 146, 66
70, 33, 146, 58
70, 545, 146, 80
70, 420, 146, 44
70, 438, 146, 37
70, 440, 146, 42
70, 196, 146, 89
70, 465, 146, 40
70, 81, 146, 39
70, 344, 146, 25
70, 101, 146, 59
70, 489, 146, 85
70, 493, 146, 62
70, 112, 146, 23
70, 116, 146, 97
70, 118, 146, 62
70, 197, 147, 2
70, 207, 147, 44
70, 402, 147, 38
70, 181, 147, 37
70, 407, 147, 6
70, 91, 147, 66
70, 513, 148, 17
70, 257, 148, 21
70, 100, 148, 17
70, 517, 148, 69
70, 358, 148, 48
70, 548, 148, 47
70, 265, 148, 62
70, 50, 148, 62
70, 403, 148, 91
70, 277, 148, 13
70, 55, 148, 41
70, 220, 148, 4
70, 541, 148, 93
70, 419, 149, 37
70, 100, 149, 17
70, 37, 149, 54
70, 523, 149, 42
70, 588, 149, 38
70, 79, 149, 11
70, 208, 149, 15
70, 465, 149, 40
70, 61, 149, 95
70, 570, 149, 85
70, 221, 149, 82
70, 130, 150, 93
70, 196, 150, 89
70, 287, 150, 91
70, 454, 150, 47
70, 267, 150, 96
70, 558, 150, 43
70, 47, 150, 26
70, 176, 150, 64
70, 210, 150, 65
70, 63, 150, 88
70, 244, 150, 12
70, 215, 150, 14
70, 123, 150, 88
70, 93, 150, 2
70, 511, 150, 62
70, 96, 151, 11
70, 1, 151, 98
70, 490, 151, 28
70, 139, 151, 23
70, 12, 151, 68
70, 141, 151, 97
70, 460, 151, 74
70, 494, 151, 74
70, 491, 151, 70
70, 401, 151, 12
70, 594, 151, 43
70, 82, 151, 4
70, 306, 151, 49
70, 53, 151, 8
70, 282, 151, 22
70, 509, 151, 85
70, 70, 152, 81
70, 134, 152, 72
70, 201, 152, 84
70, 427, 152, 53
70, 589, 152, 36
70, 304, 152, 45
70, 20, 152, 30
70, 534, 152, 27
70, 471, 152, 32
70, 440, 152, 42
70, 575, 152, 84
70, 129, 153, 51
70, 577, 153, 93
70, 33, 153, 58
70, 228, 153, 33
70, 249, 153, 12
70, 454, 153, 47
70, 135, 153, 34
70, 583, 153, 88
70, 393, 153, 3
70, 161, 153, 96
70, 156, 153, 8
70, 211, 153, 26
70, 505, 153, 49
70, 126, 153, 9
70, 316, 153, 79
70, 381, 153, 44
70, 318, 153, 82
70, 512, 154, 43
70, 389, 154, 79
70, 70, 154, 81
70, 423, 154, 47
70, 6, 154, 55
70, 169, 154, 88
70, 13, 154, 55
70, 378, 154, 36
70, 243, 154, 1
70, 502, 154, 50
70, 535, 154, 45
70, 152, 154, 25
70, 410, 154, 8
70, 92, 154, 42
70, 541, 154, 93
70, 510, 154, 57
70, 519, 155, 44
70, 263, 155, 74
70, 394, 155, 15
70, 295, 155, 34
70, 553, 155, 28
70, 48, 155, 52
70, 307, 155, 22
70, 52, 155, 96
70, 309, 155, 11
70, 311, 155, 10
70, 312, 155, 27
70, 572, 155, 27
70, 448, 155, 5
70, 68, 155, 93
70, 70, 155, 81
70, 582, 155, 48
70, 461, 155, 56
70, 211, 155, 26
70, 84, 155, 68
70, 343, 155, 64
70, 363, 155, 51
70, 236, 155, 49
70, 366, 155, 32
70, 375, 155, 81
70, 120, 155, 25
70, 0, 156, 46
70, 386, 156, 21
70, 389, 156, 79
70, 517, 156, 69
70, 273, 156, 37
70, 145, 156, 68
70, 404, 156, 57
70, 151, 156, 43
70, 536, 156, 11
70, 547, 156, 27
70, 548, 156, 47
70, 304, 156, 45
70, 446, 156, 54
70, 78, 156, 81
70, 465, 156, 40
70, 212, 156, 79
70, 214, 156, 41
70, 215, 156, 14
70, 90, 156, 42
70, 478, 156, 39
70, 489, 156, 85
70, 238, 156, 63
70, 503, 156, 61
70, 483, 157, 24
70, 227, 157, 15
70, 134, 157, 72
70, 167, 157, 72
70, 426, 157, 94
70, 529, 157, 41
70, 306, 157, 49
70, 150, 157, 67
70, 190, 157, 28
70, 5, 158, 78
70, 262, 158, 66
70, 8, 158, 14
70, 393, 158, 3
70, 15, 158, 90
70, 534, 158, 27
70, 278, 158, 33
70, 412, 158, 66
70, 161, 158, 96
70, 559, 158, 99
70, 449, 158, 62
70, 450, 158, 64
70, 323, 158, 14
70, 585, 158, 14
70, 588, 158, 38
70, 460, 158, 74
70, 343, 158, 64
70, 353, 158, 45
70, 363, 158, 51
70, 498, 158, 46
70, 114, 158, 100
70, 375, 158, 81
70, 0, 159, 46
70, 129, 159, 51
70, 387, 159, 18
70, 391, 159, 8
70, 9, 159, 28
70, 523, 159, 42
70, 536, 159, 11
70, 411, 159, 60
70, 36, 159, 65
70, 420, 159, 44
70, 432, 159, 63
70, 434, 159, 87
70, 185, 159, 11
70, 62, 159, 10
70, 193, 159, 48
70, 459, 159, 65
70, 588, 159, 38
70, 336, 159, 57
70, 594, 159, 43
70, 212, 159, 79
70, 106, 159, 39
70, 364, 159, 85
70, 498, 159, 46
70, 244, 159, 12
70, 97, 160, 9
70, 259, 160, 43
70, 4, 160, 7
70, 197, 160, 2
70, 486, 160, 65
70, 71, 160, 36
70, 294, 160, 31
70, 170, 160, 69
70, 427, 160, 53
70, 176, 160, 64
70, 566, 160, 5
70, 535, 160, 45
70, 217, 160, 14
70, 506, 160, 51
70, 477, 160, 12
70, 2, 161, 63
70, 263, 161, 74
70, 270, 161, 61
70, 272, 161, 65
70, 538, 161, 36
70, 34, 161, 53
70, 163, 161, 90
70, 551, 161, 21
70, 168, 161, 47
70, 179, 161, 56
70, 307, 161, 22
70, 563, 161, 57
70, 310, 161, 81
70, 194, 161, 80
70, 453, 161, 94
70, 202, 161, 60
70, 330, 161, 42
70, 339, 161, 47
70, 104, 161, 32
70, 363, 161, 51
70, 240, 161, 93
70, 500, 161, 36
70, 373, 161, 96
70, 352, 162, 68
70, 98, 162, 21
70, 420, 162, 44
70, 196, 162, 89
70, 327, 162, 65
70, 393, 162, 3
70, 555, 162, 50
70, 140, 162, 7
70, 434, 162, 87
70, 115, 162, 45
70, 370, 162, 65
70, 567, 162, 10
70, 504, 162, 45
70, 345, 162, 58
70, 155, 162, 26
70, 28, 162, 87
70, 574, 162, 81
70, 256, 163, 13
70, 133, 163, 1
70, 527, 163, 30
70, 400, 163, 55
70, 273, 163, 37
70, 275, 163, 2
70, 531, 163, 89
70, 279, 163, 17
70, 537, 163, 77
70, 545, 163, 80
70, 426, 163, 94
70, 433, 163, 33
70, 323, 163, 14
70, 582, 163, 48
70, 595, 163, 33
70, 476, 163, 27
70, 97, 163, 9
70, 492, 163, 17
70, 379, 163, 78
70, 126, 163, 9
70, 511, 163, 62
70, 129, 164, 51
70, 5, 164, 78
70, 138, 164, 77
70, 140, 164, 7
70, 403, 164, 91
70, 404, 164, 57
70, 167, 164, 72
70, 298, 164, 16
70, 42, 164, 21
70, 180, 164, 24
70, 565, 164, 93
70, 185, 164, 11
70, 574, 164, 81
70, 329, 164, 79
70, 467, 164, 26
70, 213, 164, 57
70, 87, 164, 35
70, 349, 164, 20
70, 223, 164, 72
70, 232, 164, 99
70, 489, 164, 85
70, 235, 164, 27
70, 246, 164, 52
70, 250, 164, 64
70, 292, 165, 4
70, 486, 165, 65
70, 299, 165, 50
70, 332, 165, 57
70, 109, 165, 50
70, 590, 165, 65
70, 112, 165, 23
70, 178, 165, 29
70, 153, 165, 76
70, 220, 165, 4
70, 415, 165, 19
70, 385, 166, 76
70, 8, 166, 14
70, 398, 166, 42
70, 538, 166, 36
70, 158, 166, 39
70, 301, 166, 81
70, 431, 166, 13
70, 435, 166, 96
70, 59, 166, 16
70, 81, 166, 39
70, 218, 166, 35
70, 475, 166, 94
70, 355, 166, 18
70, 486, 166, 65
70, 488, 166, 85
70, 362, 166, 57
70, 237, 166, 91
70, 114, 166, 100
70, 116, 166, 97
70, 246, 166, 52
70, 119, 166, 22
70, 578, 167, 21
70, 319, 167, 40
70, 168, 167, 47
70, 554, 167, 3
70, 367, 167, 48
70, 183, 167, 1
70, 216, 167, 69
70, 122, 167, 92
70, 94, 167, 40
70, 447, 167, 94
70, 352, 168, 68
70, 68, 168, 93
70, 102, 168, 90
70, 169, 168, 88
70, 334, 168, 20
70, 275, 168, 2
70, 404, 168, 57
70, 20, 168, 30
70, 471, 168, 32
70, 218, 168, 35
70, 448, 169, 5
70, 34, 169, 53
70, 516, 169, 48
70, 72, 169, 92
70, 553, 169, 28
70, 460, 169, 74
70, 493, 169, 62
70, 271, 169, 82
70, 175, 169, 89
70, 529, 169, 41
70, 338, 169, 59
70, 468, 169, 41
70, 252, 169, 93
70, 342, 169, 37
70, 119, 169, 22
70, 378, 169, 36
70, 187, 169, 92
70, 380, 169, 91
70, 577, 170, 93
70, 66, 170, 23
70, 355, 170, 18
70, 291, 170, 82
70, 515, 170, 79
70, 130, 170, 93
70, 517, 170, 69
70, 231, 170, 2
70, 489, 170, 85
70, 522, 170, 42
70, 427, 170, 53
70, 107, 170, 82
70, 47, 170, 26
70, 593, 170, 4
70, 86, 170, 27
70, 471, 170, 32
70, 218, 170, 35
70, 125, 170, 70
70, 384, 171, 3
70, 0, 171, 46
70, 98, 171, 21
70, 344, 171, 25
70, 388, 171, 3
70, 409, 171, 63
70, 556, 171, 29
70, 312, 171, 27
70, 473, 171, 68
70, 514, 172, 90
70, 526, 172, 22
70, 530, 172, 73
70, 280, 172, 62
70, 25, 172, 28
70, 164, 172, 17
70, 45, 172, 23
70, 174, 172, 90
70, 57, 172, 56
70, 186, 172, 74
70, 575, 172, 84
70, 323, 172, 14
70, 580, 172, 17
70, 326, 172, 78
70, 331, 172, 54
70, 76, 172, 40
70, 595, 172, 33
70, 347, 172, 42
70, 94, 172, 40
70, 224, 172, 14
70, 228, 172, 33
70, 486, 172, 65
70, 103, 172, 5
70, 489, 172, 85
70, 124, 172, 44
70, 354, 173, 21
70, 573, 173, 42
70, 420, 173, 44
70, 517, 173, 69
70, 423, 173, 47
70, 268, 173, 30
70, 300, 173, 53
70, 590, 173, 65
70, 237, 173, 91
70, 400, 173, 55
70, 372, 173, 81
70, 341, 173, 96
70, 213, 173, 57
70, 149, 173, 85
70, 381, 173, 44
70, 70, 174, 81
70, 71, 174, 36
70, 262, 174, 66
70, 267, 174, 96
70, 140, 174, 7
70, 109, 174, 50
70, 16, 174, 27
70, 432, 174, 63
70, 306, 174, 49
70, 179, 174, 56
70, 403, 174, 91
70, 150, 174, 67
70, 278, 174, 33
70, 450, 175, 64
70, 75, 175, 14
70, 81, 175, 39
70, 596, 175, 45
70, 149, 175, 85
70, 310, 175, 81
70, 599, 175, 16
70, 405, 175, 96
70, 442, 175, 39
70, 415, 175, 19
70, 64, 176, 29
70, 482, 176, 3
70, 261, 176, 12
70, 422, 176, 84
70, 7, 176, 19
70, 390, 176, 58
70, 106, 176, 39
70, 172, 176, 3
70, 76, 176, 40
70, 14, 176, 87
70, 336, 176, 57
70, 82, 176, 4
70, 307, 176, 22
70, 408, 176, 22
70, 186, 176, 74
70, 575, 176, 84
70, 101, 177, 59
70, 455, 177, 53
70, 466, 177, 21
70, 434, 177, 87
70, 180, 177, 24
70, 565, 177, 93
70, 566, 177, 5
70, 448, 178, 5
70, 192, 178, 93
70, 382, 178, 7
70, 388, 178, 3
70, 555, 178, 50
70, 300, 178, 53
70, 15, 178, 90
70, 49, 178, 42
70, 305, 178, 79
70, 372, 178, 81
70, 405, 178, 96
70, 30, 178, 32
70, 290, 179, 81
70, 515, 179, 79
70, 261, 179, 12
70, 39, 179, 85
70, 234, 179, 37
70, 12, 179, 68
70, 271, 179, 82
70, 176, 179, 64
70, 241, 179, 69
70, 242, 179, 4
70, 339, 179, 47
70, 55, 179, 41
70, 24, 179, 99
70, 250, 179, 64
70, 251, 179, 23
70, 29, 179, 34
70, 446, 179, 54
70, 287, 179, 91
70, 0, 180, 46
70, 135, 180, 34
70, 555, 180, 50
70, 173, 180, 26
70, 339, 180, 47
70, 597, 180, 47
70, 91, 180, 66
70, 258, 181, 82
70, 4, 181, 7
70, 390, 181, 58
70, 10, 181, 8
70, 139, 181, 23
70, 398, 181, 42
70, 540, 181, 25
70, 165, 181, 86
70, 293, 181, 23
70, 306, 181, 49
70, 308, 181, 90
70, 184, 181, 92
70, 60, 181, 58
70, 189, 181, 100
70, 198, 181, 67
70, 200, 181, 63
70, 329, 181, 79
70, 332, 181, 57
70, 598, 181, 5
70, 219, 181, 60
70, 351, 181, 21
70, 355, 181, 18
70, 254, 181, 12
70, 255, 181, 32
70, 13, 182, 55
70, 15, 182, 90
70, 527, 182, 30
70, 530, 182, 73
70, 282, 182, 22
70, 543, 182, 71
70, 288, 182, 78
70, 289, 182, 48
70, 553, 182, 28
70, 425, 182, 9
70, 320, 182, 62
70, 67, 182, 22
70, 70, 182, 81
70, 71, 182, 36
70, 584, 182, 4
70, 79, 182, 11
70, 474, 182, 61
70, 95, 182, 30
70, 353, 182, 45
70, 99, 182, 83
70, 229, 182, 90
70, 506, 182, 51
70, 124, 182, 44
70, 254, 182, 12
70, 388, 183, 3
70, 133, 183, 1
70, 137, 183, 77
70, 142, 183, 62
70, 403, 183, 91
70, 405, 183, 96
70, 152, 183, 25
70, 547, 183, 27
70, 420, 183, 44
70, 166, 183, 59
70, 169, 183, 88
70, 42, 183, 21
70, 49, 183, 42
70, 440, 183, 42
70, 56, 183, 55
70, 62, 183, 10
70, 72, 183, 92
70, 592, 183, 75
70, 344, 183, 25
70, 221, 183, 82
70, 236, 183, 49
70, 255, 183, 32
70, 235, 184, 27
70, 301, 184, 81
70, 305, 184, 79
70, 306, 184, 49
70, 154, 184, 64
70, 128, 185, 8
70, 194, 185, 80
70, 99, 185, 83
70, 388, 185, 3
70, 296, 185, 72
70, 59, 185, 16
70, 43, 185, 6
70, 110, 185, 16
70, 591, 185, 75
70, 156, 185, 8
70, 49, 185, 42
70, 467, 185, 26
70, 500, 185, 36
70, 340, 185, 77
70, 347, 185, 42
70, 380, 185, 91
70, 193, 186, 48
70, 386, 186, 21
70, 99, 186, 83
70, 455, 186, 53
70, 12, 186, 68
70, 81, 186, 39
70, 145, 186, 68
70, 403, 186, 91
70, 438, 186, 37
70, 572, 186, 27
70, 448, 187, 5
70, 97, 187, 9
70, 396, 187, 7
70, 465, 187, 40
70, 81, 187, 39
70, 21, 187, 2
70, 440, 187, 42
70, 122, 187, 92
70, 91, 187, 66
70, 125, 187, 70
70, 191, 188, 2
70, 514, 188, 90
70, 68, 188, 93
70, 326, 188, 78
70, 328, 188, 73
70, 393, 188, 3
70, 136, 188, 53
70, 557, 188, 74
70, 206, 188, 29
70, 112, 188, 23
70, 369, 188, 80
70, 274, 188, 23
70, 60, 188, 58
70, 541, 188, 93
70, 350, 188, 53
70, 383, 188, 69
70, 192, 189, 93
70, 580, 189, 17
70, 198, 189, 67
70, 102, 189, 90
70, 423, 189, 47
70, 447, 189, 94
70, 301, 189, 81
70, 505, 189, 49
70, 47, 189, 26
70, 431, 189, 13
70, 343, 189, 64
70, 405, 189, 96
70, 279, 189, 17
70, 249, 189, 12
70, 283, 189, 77
70, 30, 189, 32
70, 511, 189, 62
70, 471, 190, 32
70, 392, 190, 14
70, 362, 190, 57
70, 140, 190, 7
70, 464, 190, 28
70, 116, 190, 97
70, 407, 190, 6
70, 408, 190, 22
70, 126, 190, 9
70, 33, 191, 58
70, 228, 191, 33
70, 454, 191, 47
70, 551, 191, 21
70, 297, 191, 39
70, 106, 191, 39
70, 75, 191, 14
70, 206, 191, 29
70, 590, 191, 65
70, 500, 191, 36
70, 469, 191, 95
70, 566, 191, 5
70, 376, 191, 85
70, 90, 191, 42
70, 98, 192, 21
70, 68, 192, 93
70, 69, 192, 29
70, 230, 192, 36
70, 76, 192, 40
70, 146, 192, 91
70, 599, 192, 16
70, 152, 192, 25
70, 571, 192, 93
70, 507, 192, 52
70, 28, 192, 87
70, 100, 193, 17
70, 239, 193, 44
70, 433, 193, 33
70, 340, 193, 77
70, 538, 193, 36
70, 124, 193, 44
70, 319, 193, 40
70, 259, 194, 43
70, 527, 194, 30
70, 21, 194, 2
70, 23, 194, 61
70, 151, 194, 43
70, 290, 194, 81
70, 35, 194, 77
70, 428, 194, 21
70, 310, 194, 81
70, 441, 194, 81
70, 314, 194, 64
70, 446, 194, 54
70, 318, 194, 82
70, 328, 194, 73
70, 331, 194, 54
70, 589, 194, 36
70, 590, 194, 65
70, 592, 194, 75
70, 464, 194, 28
70, 87, 194, 35
70, 350, 194, 53
70, 479, 194, 6
70, 357, 194, 59
70, 109, 194, 50
70, 369, 194, 80
70, 0, 195, 46
70, 44, 195, 31
70, 464, 195, 28
70, 212, 195, 79
70, 407, 195, 6
70, 155, 195, 26
70, 92, 195, 42
70, 541, 195, 93
70, 447, 195, 94
70, 483, 196, 24
70, 362, 196, 57
70, 494, 196, 74
70, 431, 196, 13
70, 53, 196, 8
70, 352, 197, 68
70, 292, 197, 4
70, 133, 197, 1
70, 68, 197, 93
70, 69, 197, 29
70, 206, 197, 29
70, 498, 197, 46
70, 473, 197, 68
70, 218, 197, 35
70, 542, 197, 88
70, 529, 198, 41
70, 279, 198, 17
70, 27, 198, 7
70, 284, 198, 32
70, 546, 198, 16
70, 291, 198, 82
70, 165, 198, 86
70, 166, 198, 59
70, 298, 198, 16
70, 440, 198, 42
70, 186, 198, 74
70, 65, 198, 80
70, 74, 198, 60
70, 203, 198, 94
70, 204, 198, 62
70, 476, 198, 27
70, 361, 198, 1
70, 241, 198, 69
70, 120, 198, 25
70, 379, 198, 78
70, 517, 199, 69
70, 268, 199, 30
70, 23, 199, 61
70, 280, 199, 62
70, 27, 199, 7
70, 288, 199, 78
70, 425, 199, 9
70, 564, 199, 86
70, 565, 199, 93
70, 185, 199, 11
70, 570, 199, 85
70, 315, 199, 33
70, 194, 199, 80
70, 588, 199, 38
70, 91, 199, 66
70, 347, 199, 42
70, 233, 199, 61
70, 234, 199, 37
70, 126, 199, 9
70, 255, 199, 32
70, 517, 200, 69
70, 518, 200, 57
70, 7, 200, 19
70, 391, 200, 8
70, 149, 200, 85
70, 154, 200, 64
70, 27, 200, 7
70, 538, 200, 36
70, 413, 200, 13
70, 160, 200, 5
70, 555, 200, 50
70, 432, 200, 63
70, 63, 200, 88
70, 203, 200, 94
70, 204, 200, 62
70, 205, 200, 92
70, 592, 200, 75
70, 470, 200, 14
70, 345, 200, 58
70, 95, 200, 30
70, 235, 200, 27
70, 113, 200, 79
70, 192, 201, 93
70, 354, 201, 21
70, 357, 201, 59
70, 233, 201, 61
70, 202, 201, 60
70, 267, 201, 96
70, 9, 201, 28
70, 427, 201, 53
70, 242, 201, 4
70, 466, 201, 21
70, 308, 201, 90
70, 84, 201, 68
70, 310, 201, 81
70, 184, 201, 92
70, 537, 201, 77
70, 125, 201, 70
70, 95, 201, 30
70, 386, 202, 21
70, 100, 202, 17
70, 200, 202, 63
70, 274, 202, 23
70, 253, 202, 50
70, 255, 202, 32
70, 384, 203, 3
70, 387, 203, 18
70, 259, 203, 43
70, 486, 203, 65
70, 198, 203, 67
70, 455, 203, 53
70, 13, 203, 55
70, 173, 203, 26
70, 175, 203, 89
70, 465, 203, 40
70, 402, 203, 38
70, 54, 203, 55
70, 281, 203, 1
70, 158, 203, 39
70, 62, 203, 10
70, 513, 204, 17
70, 230, 204, 36
70, 584, 204, 4
70, 329, 204, 79
70, 586, 204, 56
70, 425, 204, 9
70, 269, 204, 87
70, 124, 204, 44
70, 562, 204, 34
70, 403, 204, 91
70, 435, 204, 96
70, 532, 204, 73
70, 183, 204, 1
70, 347, 204, 42
70, 572, 204, 27
70, 351, 204, 21
70, 385, 205, 76
70, 7, 205, 19
70, 429, 205, 97
70, 154, 205, 64
70, 478, 205, 39
70, 232, 206, 99
70, 269, 206, 87
70, 175, 206, 89
70, 48, 206, 52
70, 597, 206, 47
70, 438, 206, 37
70, 576, 207, 3
70, 196, 207, 89
70, 293, 207, 23
70, 362, 207, 57
70, 589, 207, 36
70, 527, 207, 30
70, 561, 207, 34
70, 307, 207, 22
70, 508, 207, 28
70, 31, 207, 15
70, 134, 208, 72
70, 8, 208, 14
70, 533, 208, 85
70, 23, 208, 61
70, 27, 208, 7
70, 33, 208, 58
70, 553, 208, 28
70, 43, 208, 6
70, 171, 208, 19
70, 49, 208, 42
70, 53, 208, 8
70, 464, 208, 28
70, 340, 208, 77
70, 598, 208, 5
70, 350, 208, 53
70, 230, 208, 36
70, 360, 208, 38
70, 236, 208, 49
70, 241, 208, 69
70, 242, 208, 4
70, 500, 208, 36
70, 480, 209, 27
70, 195, 209, 24
70, 580, 209, 17
70, 164, 209, 17
70, 425, 209, 9
70, 396, 209, 7
70, 589, 209, 36
70, 143, 209, 56
70, 272, 209, 65
70, 211, 209, 26
70, 374, 209, 38
70, 346, 209, 2
70, 391, 210, 8
70, 395, 210, 29
70, 494, 210, 74
70, 495, 210, 96
70, 176, 210, 64
70, 342, 210, 37
70, 80, 211, 76
70, 307, 211, 22
70, 310, 211, 81
70, 119, 211, 22
70, 216, 211, 69
70, 98, 212, 21
70, 547, 212, 27
70, 360, 212, 38
70, 209, 212, 54
70, 87, 212, 35
70, 572, 212, 27
70, 384, 213, 3
70, 135, 213, 34
70, 520, 213, 31
70, 142, 213, 62
70, 527, 213, 30
70, 407, 213, 6
70, 38, 213, 69
70, 428, 213, 21
70, 178, 213, 29
70, 51, 213, 94
70, 571, 213, 93
70, 190, 213, 28
70, 62, 213, 10
70, 77, 213, 99
70, 85, 213, 74
70, 480, 213, 27
70, 486, 213, 65
70, 363, 213, 51
70, 370, 213, 65
70, 500, 213, 36
70, 380, 213, 91
70, 385, 214, 76
70, 258, 214, 82
70, 420, 214, 44
70, 456, 214, 100
70, 123, 214, 88
70, 140, 214, 7
70, 300, 214, 53
70, 17, 214, 75
70, 21, 214, 2
70, 373, 214, 96
70, 378, 214, 36
70, 443, 214, 64
70, 381, 214, 44
70, 542, 214, 88
70, 513, 215, 17
70, 362, 215, 57
70, 493, 215, 62
70, 55, 215, 41
70, 539, 215, 61
70, 98, 216, 21
70, 162, 216, 20
70, 194, 216, 80
70, 133, 216, 1
70, 453, 216, 94
70, 361, 216, 1
70, 207, 216, 44
70, 304, 216, 45
70, 83, 216, 99
70, 310, 216, 81
70, 539, 216, 61
70, 571, 216, 93
70, 156, 216, 8
70, 478, 216, 39
70, 255, 216, 32
70, 512, 217, 43
70, 449, 217, 62
70, 97, 217, 9
70, 264, 217, 34
70, 47, 217, 26
70, 274, 217, 23
70, 166, 218, 59
70, 423, 218, 47
70, 456, 218, 100
70, 235, 218, 27
70, 141, 218, 97
70, 397, 218, 95
70, 527, 218, 30
70, 145, 218, 68
70, 535, 218, 45
70, 376, 218, 85
70, 354, 219, 21
70, 165, 219, 86
70, 294, 219, 31
70, 7, 219, 19
70, 454, 219, 47
70, 198, 219, 67
70, 523, 219, 42
70, 171, 219, 19
70, 405, 219, 96
70, 478, 219, 39
70, 451, 220, 58
70, 358, 220, 48
70, 425, 220, 9
70, 137, 220, 77
70, 147, 220, 34
70, 375, 220, 81
70, 203, 221, 94
70, 174, 221, 90
70, 495, 221, 96
70, 48, 221, 52
70, 112, 221, 23
70, 115, 221, 45
70, 502, 221, 50
70, 185, 221, 11
70, 59, 221, 16
70, 253, 221, 50
70, 414, 221, 68
70, 263, 222, 74
70, 398, 222, 42
70, 399, 222, 60
70, 542, 222, 88
70, 158, 222, 39
70, 49, 222, 42
70, 51, 222, 94
70, 438, 222, 37
70, 317, 222, 93
70, 323, 222, 14
70, 328, 222, 73
70, 338, 222, 59
70, 213, 222, 57
70, 90, 222, 42
70, 360, 222, 38
70, 104, 222, 32
70, 490, 222, 28
70, 112, 222, 23
70, 118, 222, 62
70, 378, 222, 36
70, 251, 222, 23
70, 256, 223, 13
70, 481, 223, 76
70, 324, 223, 27
70, 461, 223, 56
70, 528, 223, 3
70, 245, 223, 49
70, 57, 223, 56
70, 92, 223, 42
70, 447, 223, 94
70, 102, 224, 90
70, 230, 224, 36
70, 262, 224, 66
70, 42, 224, 21
70, 152, 224, 25
70, 284, 224, 32
70, 63, 224, 88
70, 512, 225, 43
70, 392, 225, 14
70, 13, 225, 55
70, 528, 225, 3
70, 400, 225, 55
70, 16, 225, 27
70, 538, 225, 36
70, 31, 225, 15
70, 555, 225, 50
70, 307, 225, 22
70, 308, 225, 90
70, 437, 225, 23
70, 312, 225, 27
70, 572, 225, 27
70, 332, 225, 57
70, 209, 225, 54
70, 470, 225, 14
70, 91, 225, 66
70, 352, 225, 68
70, 356, 225, 2
70, 360, 225, 38
70, 368, 225, 61
70, 241, 225, 69
70, 371, 225, 33
70, 380, 225, 91
70, 517, 226, 69
70, 518, 226, 57
70, 392, 226, 14
70, 139, 226, 23
70, 17, 226, 75
70, 284, 226, 32
70, 292, 226, 4
70, 43, 226, 6
70, 172, 226, 3
70, 436, 226, 6
70, 567, 226, 10
70, 183, 226, 1
70, 577, 226, 93
70, 201, 226, 84
70, 79, 226, 11
70, 464, 226, 28
70, 478, 226, 39
70, 239, 226, 44
70, 116, 226, 97
70, 374, 226, 38
70, 252, 226, 93
70, 261, 227, 12
70, 397, 227, 95
70, 273, 227, 37
70, 279, 227, 17
70, 305, 227, 79
70, 50, 227, 62
70, 314, 227, 64
70, 64, 227, 29
70, 66, 227, 23
70, 452, 227, 66
70, 198, 227, 67
70, 326, 227, 78
70, 200, 227, 63
70, 201, 227, 84
70, 460, 227, 74
70, 594, 227, 43
70, 346, 227, 2
70, 350, 227, 53
70, 231, 227, 2
70, 576, 228, 3
70, 161, 228, 96
70, 451, 228, 58
70, 580, 228, 17
70, 460, 228, 74
70, 367, 228, 48
70, 83, 228, 99
70, 148, 228, 95
70, 499, 228, 82
70, 184, 228, 92
70, 410, 228, 8
70, 539, 228, 61
70, 572, 228, 27
70, 445, 228, 72
70, 582, 229, 48
70, 108, 229, 35
70, 531, 229, 89
70, 379, 229, 78
70, 378, 229, 36
70, 539, 229, 61
70, 254, 229, 12
70, 417, 230, 8
70, 354, 230, 21
70, 34, 230, 53
70, 4, 230, 7
70, 491, 230, 70
70, 13, 230, 55
70, 111, 230, 85
70, 239, 230, 44
70, 83, 230, 99
70, 535, 230, 45
70, 217, 230, 14
70, 506, 230, 51
70, 573, 230, 42
70, 163, 231, 90
70, 580, 231, 17
70, 542, 231, 88
70, 167, 231, 72
70, 459, 231, 65
70, 460, 231, 74
70, 77, 231, 99
70, 141, 231, 97
70, 109, 231, 50
70, 527, 231, 30
70, 560, 231, 15
70, 114, 231, 100
70, 435, 231, 96
70, 113, 231, 79
70, 245, 231, 49
70, 45, 231, 23
70, 251, 231, 23
70, 190, 231, 28
70, 385, 232, 76
70, 391, 232, 8
70, 136, 232, 53
70, 8, 232, 14
70, 270, 232, 61
70, 531, 232, 89
70, 411, 232, 60
70, 155, 232, 26
70, 161, 232, 96
70, 546, 232, 16
70, 549, 232, 64
70, 552, 232, 99
70, 43, 232, 6
70, 556, 232, 29
70, 49, 232, 42
70, 307, 232, 22
70, 58, 232, 28
70, 59, 232, 16
70, 328, 232, 73
70, 341, 232, 96
70, 102, 232, 90
70, 489, 232, 85
70, 110, 232, 16
70, 244, 232, 12
70, 503, 232, 61
70, 320, 233, 62
70, 416, 233, 78
70, 322, 233, 66
70, 35, 233, 77
70, 331, 233, 54
70, 493, 233, 62
70, 143, 233, 56
70, 175, 233, 89
70, 51, 233, 94
70, 531, 233, 89
70, 121, 233, 74
70, 446, 233, 54
70, 423, 234, 47
70, 330, 234, 42
70, 461, 234, 56
70, 335, 234, 80
70, 343, 234, 64
70, 314, 234, 64
70, 190, 234, 28
70, 321, 235, 82
70, 515, 235, 79
70, 484, 235, 1
70, 392, 235, 14
70, 585, 235, 14
70, 173, 235, 26
70, 558, 235, 43
70, 338, 235, 59
70, 179, 235, 56
70, 372, 235, 81
70, 115, 235, 45
70, 311, 235, 10
70, 476, 235, 27
70, 95, 235, 30
70, 579, 236, 6
70, 517, 236, 69
70, 522, 236, 42
70, 433, 236, 33
70, 499, 236, 82
70, 342, 236, 37
70, 535, 236, 45
70, 56, 236, 55
70, 90, 236, 42
70, 515, 237, 79
70, 535, 237, 45
70, 421, 237, 52
70, 47, 237, 26
70, 48, 237, 52
70, 179, 237, 56
70, 438, 237, 37
70, 78, 237, 81
70, 209, 237, 54
70, 598, 237, 5
70, 349, 237, 20
70, 353, 237, 45
70, 103, 237, 5
70, 231, 237, 2
70, 106, 237, 39
70, 107, 237, 82
70, 496, 237, 75
70, 246, 237, 52
70, 383, 237, 69
70, 528, 238, 3
70, 147, 238, 34
70, 150, 238, 67
70, 156, 238, 8
70, 284, 238, 32
70, 540, 238, 25
70, 294, 238, 31
70, 424, 238, 92
70, 42, 238, 21
70, 558, 238, 43
70, 176, 238, 64
70, 53, 238, 8
70, 310, 238, 81
70, 315, 238, 33
70, 60, 238, 58
70, 578, 238, 21
70, 593, 238, 4
70, 92, 238, 42
70, 226, 238, 30
70, 111, 238, 85
70, 497, 238, 82
70, 195, 239, 24
70, 230, 239, 36
70, 262, 239, 66
70, 458, 239, 17
70, 235, 239, 27
70, 212, 239, 79
70, 437, 239, 23
70, 152, 239, 25
70, 250, 239, 64
70, 571, 239, 93
70, 61, 239, 95
70, 259, 240, 43
70, 70, 240, 81
70, 41, 240, 41
70, 587, 240, 30
70, 268, 240, 30
70, 203, 240, 94
70, 244, 240, 12
70, 116, 240, 97
70, 510, 240, 57
70, 287, 240, 91
70, 320, 241, 62
70, 32, 241, 94
70, 162, 241, 20
70, 451, 241, 58
70, 36, 241, 65
70, 134, 241, 72
70, 488, 241, 85
70, 360, 241, 38
70, 170, 241, 69
70, 330, 241, 42
70, 401, 241, 12
70, 403, 241, 91
70, 180, 241, 24
70, 348, 241, 84
70, 353, 242, 45
70, 452, 242, 66
70, 519, 242, 44
70, 142, 242, 62
70, 220, 242, 4
70, 128, 243, 8
70, 448, 243, 5
70, 304, 243, 45
70, 245, 243, 49
70, 56, 243, 55
70, 316, 243, 79
70, 193, 244, 48
70, 194, 244, 80
70, 387, 244, 18
70, 196, 244, 89
70, 324, 244, 27
70, 70, 244, 81
70, 265, 244, 62
70, 74, 244, 60
70, 12, 244, 68
70, 526, 244, 22
70, 372, 244, 81
70, 87, 244, 35
70, 320, 245, 62
70, 33, 245, 58
70, 130, 245, 93
70, 471, 245, 32
70, 36, 245, 65
70, 313, 245, 15
70, 587, 245, 30
70, 459, 245, 65
70, 175, 245, 89
70, 434, 245, 87
70, 348, 245, 84
70, 277, 245, 13
70, 23, 245, 61
70, 121, 245, 74
70, 380, 245, 91
70, 257, 246, 21
70, 386, 246, 21
70, 388, 246, 3
70, 8, 246, 14
70, 267, 246, 96
70, 533, 246, 85
70, 417, 246, 8
70, 422, 246, 84
70, 49, 246, 42
70, 571, 246, 93
70, 573, 246, 42
70, 75, 246, 14
70, 79, 246, 11
70, 83, 246, 99
70, 341, 246, 96
70, 375, 246, 81
70, 351, 246, 21
70, 229, 246, 90
70, 103, 246, 5
70, 110, 246, 16
70, 241, 246, 69
70, 119, 246, 22
70, 378, 246, 36
70, 508, 246, 28
70, 258, 247, 82
70, 226, 247, 30
70, 100, 247, 17
70, 261, 247, 12
70, 422, 247, 84
70, 295, 247, 34
70, 137, 247, 77
70, 364, 247, 85
70, 13, 247, 55
70, 493, 247, 62
70, 148, 247, 95
70, 309, 247, 11
70, 87, 247, 35
70, 535, 247, 45
70, 152, 247, 25
70, 191, 247, 2
70, 449, 248, 62
70, 419, 248, 37
70, 485, 248, 42
70, 488, 248, 85
70, 45, 248, 23
70, 119, 248, 22
70, 184, 248, 92
70, 311, 248, 10
70, 225, 249, 67
70, 322, 249, 66
70, 355, 249, 18
70, 324, 249, 27
70, 549, 249, 64
70, 486, 249, 65
70, 137, 249, 77
70, 555, 249, 50
70, 557, 249, 74
70, 177, 249, 53
70, 498, 249, 46
70, 61, 249, 95
70, 513, 250, 17
70, 484, 250, 1
70, 422, 250, 84
70, 265, 250, 62
70, 174, 250, 90
70, 92, 250, 42
70, 177, 250, 53
70, 533, 250, 85
70, 214, 250, 41
70, 380, 250, 91
70, 249, 250, 12
70, 571, 250, 93
70, 348, 250, 84
70, 573, 250, 42
70, 262, 251, 66
70, 237, 251, 91
70, 14, 251, 87
70, 239, 251, 44
70, 110, 251, 16
70, 29, 251, 34
70, 513, 252, 17
70, 217, 252, 14
70, 293, 252, 23
70, 486, 252, 65
70, 265, 252, 62
70, 587, 252, 30
70, 47, 252, 26
70, 149, 252, 85
70, 120, 252, 25
70, 281, 252, 1
70, 219, 252, 60
70, 444, 252, 70
70, 157, 252, 52
70, 94, 252, 40
70, 415, 252, 19
70, 448, 253, 5
70, 128, 253, 8
70, 36, 253, 65
70, 549, 253, 64
70, 202, 253, 60
70, 203, 253, 94
70, 109, 253, 50
70, 110, 253, 16
70, 399, 253, 60
70, 238, 253, 63
70, 239, 253, 44
70, 468, 253, 41
70, 22, 253, 77
70, 504, 253, 45
70, 90, 253, 42
70, 351, 254, 21
70, 135, 254, 34
70, 233, 254, 61
70, 522, 254, 42
70, 492, 254, 17
70, 398, 254, 42
70, 271, 254, 82
70, 594, 254, 43
70, 51, 254, 94
70, 179, 254, 56
70, 403, 254, 91
70, 570, 254, 85
70, 538, 254, 36
70, 447, 254, 94
70, 544, 255, 14
70, 291, 255, 82
70, 8, 255, 14
70, 464, 255, 28
70, 179, 255, 56
70, 219, 255, 60
70, 63, 255, 88
70, 449, 256, 62
70, 290, 256, 81
70, 579, 256, 6
70, 515, 256, 79
70, 97, 256, 9
70, 585, 256, 14
70, 170, 256, 69
70, 234, 256, 37
70, 206, 256, 29
70, 432, 256, 63
70, 562, 256, 34
70, 437, 256, 23
70, 346, 256, 2
70, 219, 256, 60
70, 253, 256, 50
70, 415, 256, 19
70, 577, 257, 93
70, 516, 257, 48
70, 4, 257, 7
70, 582, 257, 48
70, 230, 257, 36
70, 198, 257, 67
70, 390, 257, 58
70, 10, 257, 8
70, 262, 257, 66
70, 463, 257, 76
70, 84, 257, 68
70, 453, 258, 94
70, 173, 258, 26
70, 558, 258, 43
70, 303, 258, 34
70, 208, 258, 15
70, 592, 258, 75
70, 370, 258, 65
70, 51, 258, 94
70, 245, 258, 49
70, 181, 258, 37
70, 118, 258, 62
70, 91, 258, 66
70, 30, 258, 32
70, 483, 259, 24
70, 596, 259, 45
70, 346, 259, 2
70, 509, 259, 85
70, 126, 259, 9
70, 159, 259, 79
70, 258, 260, 82
70, 525, 260, 52
70, 287, 260, 91
70, 53, 260, 8
70, 183, 260, 1
70, 184, 260, 92
70, 61, 260, 95
70, 318, 260, 82
70, 577, 260, 93
70, 455, 260, 53
70, 457, 260, 51
70, 458, 260, 17
70, 74, 260, 60
70, 465, 260, 40
70, 471, 260, 32
70, 474, 260, 61
70, 95, 260, 30
70, 97, 260, 9
70, 482, 260, 3
70, 106, 260, 39
70, 512, 261, 43
70, 392, 261, 14
70, 8, 261, 14
70, 16, 261, 27
70, 273, 261, 37
70, 531, 261, 89
70, 161, 261, 96
70, 164, 261, 17
70, 319, 261, 40
70, 70, 261, 81
70, 587, 261, 30
70, 589, 261, 36
70, 78, 261, 81
70, 91, 261, 66
70, 348, 261, 84
70, 95, 261, 30
70, 109, 261, 50
70, 118, 261, 62
70, 255, 261, 32
70, 225, 262, 67
70, 231, 262, 2
70, 487, 262, 95
70, 490, 262, 28
70, 397, 262, 95
70, 142, 262, 62
70, 431, 262, 13
70, 46, 262, 11
70, 465, 262, 40
70, 218, 262, 35
70, 443, 262, 64
70, 542, 262, 88
70, 577, 263, 93
70, 73, 263, 43
70, 107, 263, 82
70, 566, 263, 5
70, 511, 263, 62
70, 397, 264, 95
70, 150, 264, 67
70, 536, 264, 11
70, 542, 264, 88
70, 45, 264, 23
70, 302, 264, 32
70, 47, 264, 26
70, 53, 264, 8
70, 566, 264, 5
70, 183, 264, 1
70, 313, 264, 15
70, 194, 264, 80
70, 328, 264, 73
70, 74, 264, 60
70, 589, 264, 36
70, 597, 264, 47
70, 87, 264, 35
70, 94, 264, 40
70, 225, 264, 67
70, 367, 264, 48
70, 244, 264, 12
70, 123, 264, 88
70, 125, 264, 70
70, 514, 265, 90
70, 131, 265, 1
70, 150, 265, 67
70, 427, 265, 53
70, 441, 265, 81
70, 315, 265, 33
70, 62, 265, 10
70, 576, 265, 3
70, 326, 265, 78
70, 457, 265, 51
70, 209, 265, 54
70, 595, 265, 33
70, 211, 265, 26
70, 216, 265, 69
70, 345, 265, 58
70, 475, 265, 94
70, 93, 265, 2
70, 508, 265, 28
70, 503, 265, 61
70, 252, 265, 93
70, 511, 265, 62
70, 258, 266, 82
70, 520, 266, 31
70, 522, 266, 42
70, 269, 266, 87
70, 146, 266, 91
70, 408, 266, 22
70, 156, 266, 8
70, 551, 266, 21
70, 427, 266, 53
70, 173, 266, 26
70, 180, 266, 24
70, 570, 266, 85
70, 65, 266, 80
70, 587, 266, 30
70, 85, 266, 74
70, 597, 266, 47
70, 219, 266, 60
70, 102, 266, 90
70, 230, 266, 36
70, 504, 266, 45
70, 234, 266, 37
70, 244, 266, 12
70, 248, 266, 75
70, 132, 267, 34
70, 520, 267, 31
70, 15, 267, 90
70, 151, 267, 43
70, 282, 267, 22
70, 157, 267, 52
70, 546, 267, 16
70, 559, 267, 99
70, 306, 267, 49
70, 571, 267, 93
70, 446, 267, 54
70, 68, 267, 93
70, 70, 267, 81
70, 455, 267, 53
70, 78, 267, 81
70, 213, 267, 57
70, 214, 267, 41
70, 477, 267, 12
70, 225, 267, 67
70, 378, 267, 36
70, 383, 267, 69
70, 2, 268, 63
70, 290, 268, 81
70, 162, 268, 20
70, 295, 268, 34
70, 178, 268, 29
70, 306, 268, 49
70, 318, 268, 82
70, 321, 268, 82
70, 197, 268, 2
70, 200, 268, 63
70, 584, 268, 4
70, 586, 268, 56
70, 335, 268, 80
70, 595, 268, 33
70, 88, 268, 51
70, 90, 268, 42
70, 221, 268, 82
70, 350, 268, 53
70, 494, 268, 74
70, 115, 268, 45
70, 246, 268, 52
70, 382, 268, 7
70, 329, 269, 79
70, 107, 269, 82
70, 588, 269, 38
70, 44, 269, 31
70, 81, 269, 39
70, 242, 269, 4
70, 85, 269, 74
70, 438, 269, 37
70, 54, 269, 55
70, 215, 269, 14
70, 131, 270, 1
70, 37, 270, 54
70, 141, 270, 97
70, 18, 270, 74
70, 19, 270, 34
70, 244, 270, 12
70, 189, 270, 100
70, 516, 271, 48
70, 5, 271, 78
70, 393, 271, 3
70, 14, 271, 87
70, 406, 271, 8
70, 279, 271, 17
70, 171, 271, 19
70, 45, 271, 23
70, 323, 271, 14
70, 196, 271, 89
70, 72, 271, 92
70, 330, 271, 42
70, 80, 271, 76
70, 468, 271, 41
70, 84, 271, 68
70, 224, 271, 14
70, 100, 271, 17
70, 101, 271, 59
70, 103, 271, 5
70, 374, 271, 38
70, 289, 272, 48
70, 385, 272, 76
70, 260, 272, 89
70, 103, 272, 5
70, 7, 272, 19
70, 394, 272, 15
70, 461, 272, 56
70, 110, 272, 16
70, 591, 272, 75
70, 365, 272, 19
70, 371, 272, 33
70, 405, 272, 96
70, 185, 272, 11
70, 90, 272, 42
70, 381, 272, 44
70, 413, 272, 13
70, 191, 272, 2
70, 419, 273, 37
70, 451, 273, 58
70, 196, 273, 89
70, 389, 273, 79
70, 465, 273, 40
70, 213, 273, 57
70, 218, 273, 35
70, 65, 274, 80
70, 353, 274, 45
70, 227, 274, 15
70, 16, 274, 27
70, 440, 274, 42
70, 26, 274, 75
70, 444, 274, 70
70, 479, 274, 6
70, 458, 275, 17
70, 462, 275, 78
70, 463, 275, 76
70, 340, 275, 77
70, 148, 275, 95
70, 249, 275, 12
70, 410, 275, 8
70, 539, 275, 61
70, 93, 275, 2
70, 126, 275, 9
70, 224, 276, 14
70, 257, 276, 21
70, 418, 276, 39
70, 482, 276, 3
70, 161, 276, 96
70, 256, 276, 13
70, 102, 276, 90
70, 103, 276, 5
70, 230, 276, 36
70, 107, 276, 82
70, 43, 276, 6
70, 140, 276, 7
70, 494, 276, 74
70, 495, 276, 96
70, 432, 276, 63
70, 530, 276, 73
70, 536, 276, 11
70, 56, 276, 55
70, 384, 277, 3
70, 1, 277, 98
70, 4, 277, 7
70, 134, 277, 72
70, 14, 277, 87
70, 412, 277, 66
70, 544, 277, 14
70, 169, 277, 88
70, 430, 277, 86
70, 438, 277, 37
70, 208, 277, 15
70, 465, 277, 40
70, 344, 277, 25
70, 481, 277, 76
70, 483, 277, 24
70, 356, 277, 2
70, 487, 277, 95
70, 103, 277, 5
70, 111, 277, 85
70, 250, 277, 64
70, 379, 277, 78
70, 253, 277, 50
70, 386, 278, 21
70, 172, 278, 3
70, 92, 278, 42
70, 339, 278, 47
70, 20, 278, 30
70, 219, 278, 60
70, 380, 278, 91
70, 158, 278, 39
70, 31, 278, 15
70, 3, 279, 68
70, 134, 279, 72
70, 137, 279, 77
70, 399, 279, 60
70, 144, 279, 47
70, 273, 279, 37
70, 546, 279, 16
70, 177, 279, 53
70, 181, 279, 37
70, 446, 279, 54
70, 63, 279, 88
70, 323, 279, 14
70, 326, 279, 78
70, 456, 279, 100
70, 592, 279, 75
70, 86, 279, 27
70, 598, 279, 5
70, 234, 279, 37
70, 491, 279, 70
70, 119, 279, 22
70, 320, 280, 62
70, 579, 280, 6
70, 122, 280, 92
70, 424, 280, 92
70, 553, 280, 28
70, 269, 280, 87
70, 430, 280, 86
70, 366, 280, 32
70, 181, 280, 37
70, 23, 280, 61
70, 26, 280, 75
70, 59, 280, 16
70, 62, 280, 10
70, 103, 281, 5
70, 232, 281, 99
70, 59, 281, 16
70, 43, 281, 6
70, 47, 281, 26
70, 144, 281, 47
70, 538, 281, 36
70, 376, 281, 85
70, 506, 281, 51
70, 219, 281, 60
70, 60, 281, 58
70, 386, 282, 21
70, 133, 282, 1
70, 139, 282, 23
70, 523, 282, 42
70, 13, 282, 55
70, 525, 282, 52
70, 269, 282, 87
70, 528, 282, 3
70, 18, 282, 74
70, 23, 282, 61
70, 25, 282, 28
70, 159, 282, 79
70, 416, 282, 78
70, 168, 282, 47
70, 428, 282, 21
70, 60, 282, 58
70, 318, 282, 82
70, 322, 282, 66
70, 331, 282, 54
70, 206, 282, 29
70, 112, 282, 23
70, 385, 283, 76
70, 516, 283, 48
70, 260, 283, 89
70, 5, 283, 78
70, 390, 283, 58
70, 522, 283, 42
70, 138, 283, 77
70, 396, 283, 7
70, 16, 283, 27
70, 401, 283, 12
70, 534, 283, 27
70, 156, 283, 8
70, 550, 283, 31
70, 555, 283, 50
70, 437, 283, 23
70, 565, 283, 93
70, 311, 283, 10
70, 440, 283, 42
70, 186, 283, 74
70, 580, 283, 17
70, 458, 283, 17
70, 363, 283, 51
70, 245, 283, 49
70, 374, 283, 38
70, 121, 283, 74
70, 257, 284, 21
70, 2, 284, 63
70, 514, 284, 90
70, 515, 284, 79
70, 140, 284, 7
70, 527, 284, 30
70, 532, 284, 73
70, 285, 284, 82
70, 30, 284, 32
70, 165, 284, 86
70, 294, 284, 31
70, 176, 284, 64
70, 433, 284, 33
70, 562, 284, 34
70, 183, 284, 1
70, 574, 284, 81
70, 322, 284, 66
70, 323, 284, 14
70, 196, 284, 89
70, 69, 284, 29
70, 481, 284, 76
70, 357, 284, 59
70, 106, 284, 39
70, 491, 284, 70
70, 496, 284, 75
70, 487, 285, 95
70, 137, 285, 77
70, 169, 285, 88
70, 363, 285, 51
70, 587, 285, 30
70, 334, 285, 20
70, 530, 285, 73
70, 151, 285, 43
70, 248, 285, 75
70, 25, 285, 28
70, 410, 285, 8
70, 476, 285, 27
70, 137, 286, 77
70, 9, 286, 28
70, 141, 286, 97
70, 403, 286, 91
70, 148, 286, 95
70, 160, 286, 5
70, 420, 286, 44
70, 164, 286, 17
70, 38, 286, 69
70, 294, 286, 31
70, 41, 286, 41
70, 173, 286, 26
70, 303, 286, 34
70, 567, 286, 10
70, 574, 286, 81
70, 449, 286, 62
70, 200, 286, 63
70, 457, 286, 51
70, 204, 286, 62
70, 234, 286, 37
70, 492, 286, 17
70, 496, 286, 75
70, 373, 286, 96
70, 504, 286, 45
70, 381, 286, 44
70, 387, 287, 18
70, 262, 287, 66
70, 10, 287, 8
70, 12, 287, 68
70, 525, 287, 52
70, 401, 287, 12
70, 531, 287, 89
70, 34, 287, 53
70, 39, 287, 85
70, 42, 287, 21
70, 556, 287, 29
70, 563, 287, 57
70, 54, 287, 55
70, 57, 287, 56
70, 570, 287, 85
70, 574, 287, 81
70, 455, 287, 53
70, 76, 287, 40
70, 106, 287, 39
70, 365, 287, 19
70, 238, 287, 63
70, 371, 287, 33
70, 522, 288, 42
70, 396, 288, 7
70, 150, 288, 67
70, 152, 288, 25
70, 539, 288, 61
70, 287, 288, 91
70, 548, 288, 47
70, 564, 288, 86
70, 440, 288, 42
70, 188, 288, 37
70, 319, 288, 40
70, 197, 288, 2
70, 73, 288, 43
70, 458, 288, 17
70, 467, 288, 26
70, 470, 288, 14
70, 102, 288, 90
70, 232, 288, 99
70, 370, 288, 65
70, 242, 288, 4
70, 123, 288, 88
70, 383, 288, 69
70, 547, 289, 27
70, 67, 289, 22
70, 523, 289, 42
70, 500, 289, 36
70, 373, 289, 96
70, 439, 289, 16
70, 316, 289, 79
70, 514, 290, 90
70, 2, 290, 63
70, 393, 290, 3
70, 24, 290, 99
70, 291, 290, 82
70, 294, 290, 31
70, 167, 290, 72
70, 424, 290, 92
70, 306, 290, 49
70, 310, 290, 81
70, 58, 290, 28
70, 317, 290, 93
70, 577, 290, 93
70, 323, 290, 14
70, 463, 290, 76
70, 336, 290, 57
70, 83, 290, 99
70, 356, 290, 2
70, 490, 290, 28
70, 500, 290, 36
70, 248, 290, 75
70, 505, 290, 49
70, 128, 291, 8
70, 2, 291, 63
70, 514, 291, 90
70, 517, 291, 69
70, 11, 291, 48
70, 531, 291, 89
70, 23, 291, 61
70, 422, 291, 84
70, 427, 291, 53
70, 557, 291, 74
70, 560, 291, 15
70, 180, 291, 24
70, 82, 291, 4
70, 212, 291, 79
70, 221, 291, 82
70, 479, 291, 6
70, 96, 291, 11
70, 106, 291, 39
70, 236, 291, 49
70, 365, 291, 19
70, 238, 291, 63
70, 240, 291, 93
70, 509, 291, 85
70, 127, 291, 96
70, 577, 292, 93
70, 98, 292, 21
70, 387, 292, 18
70, 377, 292, 75
70, 12, 292, 68
70, 271, 292, 82
70, 569, 292, 22
70, 527, 292, 30
70, 498, 292, 46
70, 115, 292, 45
70, 148, 292, 95
70, 149, 292, 85
70, 343, 292, 64
70, 184, 292, 92
70, 537, 292, 77
70, 221, 292, 82
70, 531, 293, 89
70, 532, 293, 73
70, 534, 293, 27
70, 24, 293, 99
70, 550, 293, 31
70, 422, 293, 84
70, 45, 293, 23
70, 46, 293, 11
70, 49, 293, 42
70, 562, 293, 34
70, 182, 293, 69
70, 583, 293, 88
70, 219, 293, 60
70, 220, 293, 4
70, 354, 293, 21
70, 482, 293, 3
70, 233, 293, 61
70, 113, 293, 79
70, 500, 293, 36
70, 117, 293, 92
70, 35, 294, 77
70, 227, 294, 15
70, 232, 294, 99
70, 75, 294, 14
70, 346, 294, 2
70, 495, 294, 96
70, 208, 294, 15
70, 467, 294, 26
70, 499, 294, 82
70, 503, 294, 61
70, 250, 294, 64
70, 123, 294, 88
70, 349, 294, 20
70, 447, 294, 94
70, 389, 295, 79
70, 274, 295, 23
70, 21, 295, 2
70, 289, 295, 48
70, 42, 295, 21
70, 172, 295, 3
70, 175, 295, 89
70, 432, 295, 63
70, 437, 295, 23
70, 60, 295, 58
70, 446, 295, 54
70, 62, 295, 10
70, 447, 295, 94
70, 326, 295, 78
70, 585, 295, 14
70, 202, 295, 60
70, 82, 295, 4
70, 212, 295, 79
70, 597, 295, 47
70, 473, 295, 68
70, 478, 295, 39
70, 238, 295, 63
70, 246, 295, 52
70, 248, 295, 75
70, 507, 295, 52
70, 544, 296, 14
70, 68, 296, 93
70, 37, 296, 54
70, 5, 296, 78
70, 522, 296, 42
70, 397, 296, 95
70, 367, 296, 48
70, 272, 296, 65
70, 336, 296, 57
70, 465, 296, 40
70, 243, 296, 1
70, 506, 296, 51
70, 379, 296, 78
70, 509, 296, 85
70, 133, 297, 1
70, 521, 297, 15
70, 532, 297, 73
70, 150, 297, 67
70, 152, 297, 25
70, 409, 297, 63
70, 294, 297, 31
70, 554, 297, 3
70, 173, 297, 26
70, 65, 297, 80
70, 451, 297, 58
70, 196, 297, 89
70, 326, 297, 78
70, 455, 297, 53
70, 333, 297, 7
70, 223, 297, 72
70, 106, 297, 39
70, 108, 297, 35
70, 365, 297, 19
70, 33, 298, 58
70, 197, 298, 2
70, 70, 298, 81
70, 295, 298, 34
70, 552, 298, 99
70, 74, 298, 60
70, 426, 298, 94
70, 205, 298, 92
70, 206, 298, 29
70, 430, 298, 86
70, 46, 298, 11
70, 340, 298, 77
70, 343, 298, 64
70, 408, 298, 22
70, 219, 298, 60
70, 255, 298, 32
70, 128, 299, 8
70, 260, 299, 89
70, 275, 299, 2
70, 404, 299, 57
70, 165, 299, 86
70, 556, 299, 29
70, 435, 299, 96
70, 574, 299, 81
70, 63, 299, 88
70, 66, 299, 23
70, 579, 299, 6
70, 459, 299, 65
70, 204, 299, 62
70, 333, 299, 7
70, 206, 299, 29
70, 331, 299, 54
70, 210, 299, 65
70, 467, 299, 26
70, 340, 299, 77
70, 350, 299, 53
70, 227, 299, 15
70, 234, 299, 37
70, 111, 299, 85
70, 114, 299, 100
