300, 600, 30
38, 261, 0, 7
38, 166, 0, 74
38, 281, 0, 57
38, 11, 0, 60
38, 590, 0, 29
38, 175, 0, 10
38, 148, 0, 5
38, 53, 0, 58
38, 278, 0, 15
38, 472, 0, 93
38, 505, 0, 42
38, 189, 0, 25
38, 256, 1, 57
38, 194, 1, 80
38, 586, 1, 17
38, 76, 1, 23
38, 46, 1, 86
38, 366, 1, 71
38, 595, 1, 55
38, 308, 1, 59
38, 440, 1, 54
38, 349, 1, 68
38, 487, 2, 13
38, 327, 2, 56
38, 367, 2, 21
38, 81, 2, 68
38, 533, 2, 75
38, 79, 3, 58
38, 337, 3, 19
38, 535, 3, 68
38, 505, 3, 42
38, 219, 3, 54
38, 415, 3, 67
38, 514, 4, 76
38, 143, 4, 28
38, 145, 4, 74
38, 155, 4, 4
38, 28, 4, 41
38, 429, 4, 85
38, 56, 4, 77
38, 571, 4, 64
38, 321, 4, 51
38, 577, 4, 87
38, 69, 4, 11
38, 202, 4, 82
38, 76, 4, 23
38, 595, 4, 55
38, 221, 4, 73
38, 486, 4, 30
38, 106, 4, 90
38, 235, 4, 49
38, 250, 4, 46
38, 119, 4, 70
38, 506, 4, 80
38, 256, 5, 57
38, 134, 5, 27
38, 262, 5, 76
38, 401, 5, 25
38, 404, 5, 2
38, 22, 5, 13
38, 24, 5, 32
38, 156, 5, 76
38, 288, 5, 80
38, 545, 5, 89
38, 32, 5, 22
38, 422, 5, 48
38, 43, 5, 91
38, 55, 5, 13
38, 572, 5, 78
38, 70, 5, 2
38, 205, 5, 17
38, 217, 5, 20
38, 474, 5, 53
38, 347, 5, 39
38, 93, 5, 13
38, 481, 5, 19
38, 364, 5, 15
38, 109, 5, 49
38, 123, 5, 78
38, 8, 6, 23
38, 367, 6, 21
38, 149, 6, 86
38, 406, 6, 39
38, 22, 6, 13
38, 373, 6, 13
38, 511, 6, 4
38, 513, 7, 48
38, 5, 7, 83
38, 13, 7, 14
38, 273, 7, 42
38, 19, 7, 99
38, 147, 7, 51
38, 25, 7, 74
38, 411, 7, 81
38, 413, 7, 56
38, 30, 7, 75
38, 424, 7, 16
38, 309, 7, 99
38, 182, 7, 21
38, 66, 7, 6
38, 325, 7, 21
38, 84, 7, 3
38, 476, 7, 94
38, 486, 7, 30
38, 489, 7, 14
38, 246, 7, 38
38, 417, 8, 10
38, 516, 8, 65
38, 490, 8, 38
38, 431, 8, 32
38, 48, 8, 23
38, 241, 8, 68
38, 404, 8, 2
38, 85, 8, 89
38, 313, 8, 91
38, 155, 8, 4
38, 221, 8, 73
38, 518, 9, 9
38, 12, 9, 92
38, 13, 9, 14
38, 411, 9, 81
38, 31, 9, 15
38, 547, 9, 5
38, 553, 9, 74
38, 45, 9, 73
38, 559, 9, 60
38, 309, 9, 99
38, 60, 9, 36
38, 573, 9, 51
38, 65, 9, 28
38, 71, 9, 99
38, 352, 9, 85
38, 353, 9, 3
38, 101, 9, 29
38, 366, 9, 71
38, 494, 9, 30
38, 247, 9, 82
38, 250, 9, 46
38, 507, 9, 75
38, 380, 9, 40
38, 511, 9, 4
38, 521, 10, 17
38, 138, 10, 65
38, 147, 10, 51
38, 22, 10, 13
38, 539, 10, 47
38, 415, 10, 67
38, 295, 10, 23
38, 51, 10, 19
38, 85, 10, 89
38, 86, 10, 75
38, 93, 10, 13
38, 229, 10, 61
38, 360, 10, 77
38, 105, 10, 90
38, 366, 10, 71
38, 367, 10, 21
38, 494, 10, 30
38, 505, 10, 42
38, 123, 10, 78
38, 253, 10, 26
38, 5, 11, 83
38, 270, 11, 34
38, 400, 11, 62
38, 537, 11, 73
38, 284, 11, 89
38, 163, 11, 79
38, 423, 11, 28
38, 305, 11, 9
38, 436, 11, 24
38, 309, 11, 99
38, 441, 11, 69
38, 443, 11, 7
38, 325, 11, 21
38, 584, 11, 28
38, 202, 11, 82
38, 341, 11, 2
38, 344, 11, 2
38, 351, 11, 62
38, 98, 11, 29
38, 358, 11, 77
38, 366, 11, 71
38, 249, 11, 5
38, 418, 12, 66
38, 290, 12, 19
38, 388, 12, 22
38, 420, 12, 89
38, 515, 12, 86
38, 423, 12, 28
38, 459, 12, 6
38, 434, 12, 73
38, 53, 12, 58
38, 407, 12, 64
38, 344, 12, 2
38, 97, 13, 51
38, 350, 13, 70
38, 421, 13, 25
38, 38, 13, 38
38, 327, 13, 56
38, 231, 13, 94
38, 73, 13, 57
38, 167, 13, 79
38, 395, 13, 44
38, 44, 13, 59
38, 269, 13, 48
38, 453, 13, 65
38, 371, 13, 61
38, 438, 13, 87
38, 282, 13, 18
38, 318, 13, 73
38, 259, 14, 76
38, 388, 14, 22
38, 392, 14, 72
38, 265, 14, 73
38, 266, 14, 46
38, 524, 14, 98
38, 12, 14, 92
38, 526, 14, 96
38, 42, 14, 71
38, 48, 14, 23
38, 564, 14, 21
38, 442, 14, 68
38, 447, 14, 8
38, 68, 14, 5
38, 588, 14, 70
38, 77, 14, 22
38, 594, 14, 37
38, 474, 14, 53
38, 96, 14, 38
38, 480, 14, 37
38, 238, 14, 99
38, 375, 14, 51
38, 121, 14, 56
38, 379, 14, 4
38, 248, 15, 58
38, 548, 15, 55
38, 408, 15, 47
38, 169, 15, 28
38, 585, 15, 43
38, 300, 15, 52
38, 155, 15, 4
38, 271, 15, 43
38, 529, 15, 62
38, 276, 15, 92
38, 53, 15, 58
38, 504, 15, 59
38, 187, 15, 50
38, 382, 15, 39
38, 415, 15, 67
38, 129, 16, 54
38, 2, 16, 74
38, 6, 16, 32
38, 139, 16, 77
38, 406, 16, 39
38, 409, 16, 48
38, 29, 16, 86
38, 423, 16, 28
38, 560, 16, 80
38, 58, 16, 87
38, 61, 16, 75
38, 462, 16, 9
38, 208, 16, 41
38, 468, 16, 82
38, 214, 16, 98
38, 222, 16, 30
38, 484, 16, 67
38, 488, 16, 76
38, 105, 16, 90
38, 360, 16, 77
38, 497, 16, 21
38, 242, 16, 67
38, 501, 16, 34
38, 507, 16, 75
38, 225, 17, 30
38, 226, 17, 90
38, 166, 17, 74
38, 294, 17, 4
38, 363, 17, 56
38, 172, 17, 22
38, 411, 17, 81
38, 28, 17, 41
38, 190, 17, 79
38, 63, 17, 67
38, 318, 18, 73
38, 483, 18, 78
38, 126, 18, 41
38, 549, 18, 1
38, 329, 18, 8
38, 298, 18, 32
38, 300, 18, 52
38, 173, 18, 77
38, 465, 18, 28
38, 23, 18, 78
38, 312, 18, 99
38, 506, 18, 80
38, 92, 18, 82
38, 189, 18, 25
38, 510, 18, 79
38, 513, 19, 48
38, 6, 19, 32
38, 522, 19, 21
38, 397, 19, 3
38, 18, 19, 23
38, 535, 19, 68
38, 24, 19, 32
38, 160, 19, 59
38, 163, 19, 79
38, 39, 19, 67
38, 47, 19, 47
38, 179, 19, 39
38, 311, 19, 15
38, 185, 19, 68
38, 571, 19, 64
38, 318, 19, 73
38, 90, 19, 98
38, 376, 19, 73
38, 111, 19, 50
38, 248, 19, 58
38, 129, 20, 54
38, 131, 20, 86
38, 400, 20, 62
38, 533, 20, 75
38, 160, 20, 59
38, 37, 20, 62
38, 427, 20, 29
38, 303, 20, 56
38, 304, 20, 66
38, 439, 20, 2
38, 443, 20, 7
38, 319, 20, 89
38, 192, 20, 23
38, 209, 20, 86
38, 599, 20, 98
38, 472, 20, 93
38, 351, 20, 62
38, 223, 20, 40
38, 481, 20, 19
38, 359, 20, 87
38, 117, 20, 37
38, 247, 20, 82
38, 120, 20, 31
38, 257, 21, 10
38, 131, 21, 86
38, 422, 21, 48
38, 296, 21, 44
38, 553, 21, 74
38, 565, 21, 49
38, 311, 21, 15
38, 61, 21, 75
38, 322, 21, 10
38, 197, 21, 69
38, 461, 21, 44
38, 591, 21, 27
38, 467, 21, 69
38, 471, 21, 85
38, 474, 21, 53
38, 224, 21, 66
38, 352, 21, 85
38, 238, 21, 99
38, 251, 21, 3
38, 382, 21, 39
38, 384, 22, 23
38, 512, 22, 71
38, 388, 22, 22
38, 132, 22, 49
38, 264, 22, 35
38, 531, 22, 9
38, 417, 22, 10
38, 34, 22, 63
38, 420, 22, 89
38, 165, 22, 13
38, 167, 22, 79
38, 552, 22, 22
38, 428, 22, 90
38, 175, 22, 10
38, 439, 22, 2
38, 440, 22, 54
38, 469, 22, 90
38, 342, 22, 88
38, 103, 22, 90
38, 510, 22, 79
38, 480, 23, 37
38, 223, 23, 40
38, 550, 23, 94
38, 11, 23, 60
38, 398, 23, 29
38, 559, 23, 60
38, 180, 23, 19
38, 500, 23, 39
38, 191, 23, 56
38, 129, 24, 54
38, 8, 24, 23
38, 393, 24, 47
38, 272, 24, 75
38, 18, 24, 23
38, 534, 24, 68
38, 160, 24, 59
38, 289, 24, 64
38, 171, 24, 81
38, 46, 24, 86
38, 442, 24, 68
38, 192, 24, 23
38, 322, 24, 10
38, 579, 24, 72
38, 202, 24, 82
38, 462, 24, 9
38, 337, 24, 19
38, 210, 24, 43
38, 219, 24, 54
38, 350, 24, 70
38, 116, 24, 83
38, 132, 25, 49
38, 388, 25, 22
38, 264, 25, 35
38, 393, 25, 47
38, 396, 25, 48
38, 19, 25, 99
38, 403, 25, 3
38, 541, 25, 40
38, 162, 25, 13
38, 293, 25, 77
38, 186, 25, 86
38, 443, 25, 7
38, 189, 25, 25
38, 328, 25, 93
38, 586, 25, 17
38, 330, 25, 26
38, 336, 25, 94
38, 220, 25, 62
38, 352, 25, 85
38, 229, 25, 61
38, 361, 25, 45
38, 448, 26, 100
38, 417, 26, 10
38, 256, 26, 57
38, 483, 26, 78
38, 140, 26, 39
38, 13, 26, 14
38, 242, 26, 67
38, 20, 26, 39
38, 148, 26, 5
38, 407, 26, 64
38, 282, 26, 18
38, 475, 26, 4
38, 124, 26, 40
38, 573, 26, 51
38, 288, 27, 80
38, 344, 27, 2
38, 516, 27, 65
38, 133, 27, 36
38, 102, 27, 67
38, 173, 27, 77
38, 206, 27, 19
38, 431, 27, 32
38, 592, 27, 23
38, 240, 27, 23
38, 372, 27, 77
38, 212, 27, 12
38, 566, 27, 53
38, 375, 27, 51
38, 86, 27, 75
38, 310, 27, 83
38, 283, 27, 4
38, 291, 28, 17
38, 387, 28, 56
38, 519, 28, 57
38, 218, 28, 31
38, 496, 28, 62
38, 467, 28, 69
38, 538, 28, 33
38, 571, 28, 64
38, 263, 29, 82
38, 269, 29, 48
38, 531, 29, 9
38, 151, 29, 35
38, 34, 29, 63
38, 173, 29, 77
38, 58, 29, 87
38, 319, 29, 89
38, 63, 29, 67
38, 70, 29, 2
38, 200, 29, 63
38, 76, 29, 23
38, 206, 29, 19
38, 335, 29, 55
38, 208, 29, 41
38, 337, 29, 19
38, 469, 29, 90
38, 87, 29, 97
38, 345, 29, 76
38, 346, 29, 90
38, 354, 29, 9
38, 227, 29, 32
38, 366, 29, 71
38, 249, 29, 5
38, 254, 29, 96
38, 17, 30, 8
38, 403, 30, 3
38, 415, 30, 67
38, 421, 30, 25
38, 313, 30, 91
38, 443, 30, 7
38, 318, 30, 73
38, 446, 30, 32
38, 191, 30, 56
38, 66, 30, 6
38, 69, 30, 11
38, 585, 30, 43
38, 334, 30, 3
38, 463, 30, 48
38, 210, 30, 43
38, 87, 30, 97
38, 479, 30, 83
38, 489, 30, 14
38, 110, 30, 90
38, 112, 30, 78
38, 252, 30, 45
38, 32, 31, 22
38, 577, 31, 87
38, 68, 31, 5
38, 198, 31, 29
38, 295, 31, 23
38, 40, 31, 59
38, 330, 31, 26
38, 492, 31, 66
38, 16, 31, 70
38, 180, 31, 19
38, 436, 31, 24
38, 502, 31, 9
38, 380, 31, 40
38, 62, 31, 61
38, 526, 32, 96
38, 160, 32, 59
38, 548, 32, 55
38, 552, 32, 22
38, 425, 32, 89
38, 296, 32, 44
38, 173, 32, 77
38, 434, 32, 73
38, 580, 32, 86
38, 330, 32, 26
38, 458, 32, 13
38, 464, 32, 19
38, 592, 32, 23
38, 211, 32, 39
38, 356, 32, 100
38, 100, 32, 29
38, 359, 32, 87
38, 490, 32, 38
38, 112, 32, 78
38, 496, 32, 62
38, 121, 32, 56
38, 7, 33, 23
38, 394, 33, 38
38, 411, 33, 81
38, 539, 33, 47
38, 420, 33, 89
38, 172, 33, 22
38, 429, 33, 85
38, 173, 33, 77
38, 175, 33, 10
38, 435, 33, 86
38, 314, 33, 40
38, 189, 33, 25
38, 66, 33, 6
38, 579, 33, 72
38, 333, 33, 8
38, 338, 33, 54
38, 214, 33, 98
38, 474, 33, 53
38, 350, 33, 70
38, 238, 33, 99
38, 368, 33, 63
38, 133, 34, 36
38, 518, 34, 9
38, 538, 34, 33
38, 412, 34, 5
38, 290, 34, 19
38, 547, 34, 5
38, 35, 34, 87
38, 41, 34, 54
38, 45, 34, 73
38, 431, 34, 32
38, 50, 34, 1
38, 312, 34, 99
38, 573, 34, 51
38, 194, 34, 80
38, 583, 34, 99
38, 330, 34, 26
38, 340, 34, 82
38, 219, 34, 54
38, 478, 34, 71
38, 352, 34, 85
38, 365, 34, 36
38, 499, 34, 43
38, 503, 34, 33
38, 120, 34, 31
38, 131, 35, 86
38, 294, 35, 4
38, 307, 35, 57
38, 532, 35, 97
38, 149, 35, 86
38, 281, 35, 57
38, 538, 35, 33
38, 257, 36, 10
38, 138, 36, 65
38, 534, 36, 68
38, 407, 36, 64
38, 279, 36, 99
38, 44, 36, 59
38, 177, 36, 76
38, 445, 36, 81
38, 322, 36, 10
38, 450, 36, 51
38, 578, 36, 69
38, 464, 36, 19
38, 214, 36, 98
38, 226, 36, 90
38, 99, 36, 63
38, 483, 36, 78
38, 485, 36, 77
38, 107, 36, 100
38, 113, 36, 45
38, 369, 36, 54
38, 506, 36, 80
38, 380, 36, 40
38, 253, 36, 26
38, 280, 37, 88
38, 44, 37, 59
38, 430, 37, 43
38, 304, 37, 66
38, 561, 37, 16
38, 50, 37, 1
38, 564, 37, 21
38, 315, 37, 64
38, 574, 37, 87
38, 579, 37, 72
38, 458, 37, 13
38, 78, 37, 32
38, 591, 37, 27
38, 471, 37, 85
38, 344, 37, 2
38, 349, 37, 68
38, 93, 37, 13
38, 358, 37, 77
38, 104, 37, 6
38, 234, 37, 83
38, 111, 37, 50
38, 368, 37, 63
38, 260, 38, 18
38, 518, 38, 9
38, 525, 38, 10
38, 536, 38, 6
38, 156, 38, 76
38, 33, 38, 1
38, 292, 38, 79
38, 552, 38, 22
38, 300, 38, 52
38, 71, 38, 99
38, 332, 38, 97
38, 205, 38, 17
38, 473, 38, 89
38, 474, 38, 53
38, 358, 38, 77
38, 359, 38, 87
38, 104, 38, 6
38, 491, 38, 38
38, 492, 38, 66
38, 366, 38, 71
38, 245, 38, 18
38, 124, 38, 40
38, 1, 39, 55
38, 231, 39, 94
38, 472, 39, 93
38, 490, 39, 38
38, 428, 39, 90
38, 271, 39, 43
38, 467, 39, 69
38, 244, 39, 98
38, 21, 39, 97
38, 406, 39, 39
38, 30, 39, 75
38, 344, 39, 2
38, 218, 39, 31
38, 574, 39, 87
38, 352, 40, 85
38, 185, 40, 68
38, 421, 40, 25
38, 168, 40, 55
38, 298, 40, 32
38, 107, 40, 100
38, 140, 40, 39
38, 308, 40, 59
38, 216, 40, 67
38, 25, 40, 74
38, 507, 40, 75
38, 13, 41, 14
38, 402, 41, 55
38, 285, 41, 62
38, 29, 41, 86
38, 542, 41, 27
38, 31, 41, 15
38, 286, 41, 3
38, 170, 41, 8
38, 175, 41, 10
38, 306, 41, 2
38, 437, 41, 16
38, 62, 41, 61
38, 65, 41, 28
38, 577, 41, 87
38, 194, 41, 80
38, 79, 41, 58
38, 335, 41, 55
38, 339, 41, 82
38, 87, 41, 97
38, 488, 41, 76
38, 373, 41, 13
38, 197, 42, 69
38, 122, 42, 44
38, 551, 42, 24
38, 586, 42, 17
38, 204, 42, 42
38, 589, 42, 31
38, 591, 42, 27
38, 207, 42, 27
38, 467, 42, 69
38, 372, 42, 77
38, 595, 42, 55
38, 119, 42, 70
38, 504, 42, 59
38, 570, 42, 81
38, 156, 42, 76
38, 381, 42, 46
38, 414, 42, 83
38, 256, 43, 57
38, 515, 43, 86
38, 152, 43, 36
38, 32, 43, 22
38, 417, 43, 10
38, 38, 43, 38
38, 553, 43, 74
38, 427, 43, 29
38, 301, 43, 99
38, 560, 43, 80
38, 183, 43, 19
38, 442, 43, 68
38, 196, 43, 95
38, 457, 43, 80
38, 460, 43, 62
38, 332, 43, 97
38, 592, 43, 23
38, 214, 43, 98
38, 86, 43, 75
38, 475, 43, 4
38, 98, 43, 29
38, 240, 43, 23
38, 249, 43, 5
38, 511, 43, 4
38, 225, 44, 30
38, 451, 44, 72
38, 580, 44, 86
38, 291, 44, 17
38, 390, 44, 74
38, 90, 44, 98
38, 232, 44, 87
38, 361, 44, 45
38, 10, 44, 22
38, 166, 44, 74
38, 460, 44, 62
38, 556, 44, 52
38, 490, 44, 38
38, 468, 44, 82
38, 344, 44, 2
38, 346, 44, 90
38, 315, 44, 64
38, 542, 44, 27
38, 1, 45, 55
38, 386, 45, 80
38, 257, 45, 10
38, 260, 45, 18
38, 385, 45, 41
38, 404, 45, 2
38, 280, 45, 88
38, 288, 45, 80
38, 167, 45, 79
38, 433, 45, 50
38, 310, 45, 83
38, 313, 45, 91
38, 335, 45, 55
38, 89, 45, 38
38, 225, 45, 30
38, 232, 45, 87
38, 362, 45, 66
38, 367, 45, 21
38, 241, 45, 68
38, 498, 45, 15
38, 417, 46, 10
38, 223, 46, 40
38, 450, 46, 51
38, 583, 46, 99
38, 263, 46, 82
38, 425, 46, 89
38, 41, 46, 54
38, 330, 46, 26
38, 39, 46, 67
38, 362, 46, 66
38, 251, 46, 3
38, 88, 46, 76
38, 249, 46, 5
38, 379, 46, 4
38, 184, 46, 5
38, 415, 46, 67
38, 419, 47, 51
38, 324, 47, 2
38, 166, 47, 74
38, 472, 47, 93
38, 168, 47, 55
38, 155, 47, 4
38, 79, 47, 58
38, 114, 47, 68
38, 407, 47, 64
38, 504, 47, 59
38, 151, 47, 35
38, 251, 47, 3
38, 288, 48, 80
38, 545, 48, 89
38, 226, 48, 90
38, 73, 48, 57
38, 394, 48, 38
38, 425, 48, 89
38, 396, 48, 48
38, 145, 48, 74
38, 529, 48, 62
38, 531, 48, 9
38, 279, 48, 99
38, 128, 49, 90
38, 391, 49, 67
38, 136, 49, 8
38, 394, 49, 38
38, 270, 49, 34
38, 528, 49, 4
38, 283, 49, 4
38, 32, 49, 22
38, 418, 49, 66
38, 35, 49, 87
38, 166, 49, 74
38, 172, 49, 22
38, 449, 49, 38
38, 580, 49, 86
38, 327, 49, 56
38, 209, 49, 86
38, 221, 49, 73
38, 485, 49, 77
38, 499, 49, 43
38, 505, 49, 42
38, 379, 49, 4
38, 128, 50, 90
38, 391, 50, 67
38, 392, 50, 72
38, 13, 50, 14
38, 270, 50, 34
38, 141, 50, 100
38, 272, 50, 75
38, 21, 50, 97
38, 151, 50, 35
38, 25, 50, 74
38, 29, 50, 86
38, 159, 50, 78
38, 160, 50, 59
38, 291, 50, 17
38, 58, 50, 87
38, 589, 50, 31
38, 105, 50, 90
38, 490, 50, 38
38, 363, 50, 56
38, 364, 50, 15
38, 111, 50, 50
38, 500, 50, 39
38, 504, 50, 59
38, 512, 51, 71
38, 7, 51, 23
38, 17, 51, 8
38, 280, 51, 88
38, 281, 51, 57
38, 425, 51, 89
38, 41, 51, 54
38, 173, 51, 77
38, 181, 51, 32
38, 309, 51, 99
38, 575, 51, 52
38, 328, 51, 93
38, 77, 51, 22
38, 465, 51, 28
38, 341, 51, 2
38, 96, 51, 38
38, 102, 51, 67
38, 122, 51, 44
38, 365, 51, 36
38, 244, 51, 98
38, 506, 51, 80
38, 252, 51, 45
38, 387, 52, 56
38, 517, 52, 94
38, 150, 52, 38
38, 25, 52, 74
38, 33, 52, 1
38, 168, 52, 55
38, 562, 52, 89
38, 309, 52, 99
38, 189, 52, 25
38, 195, 52, 90
38, 73, 52, 57
38, 82, 52, 18
38, 468, 52, 82
38, 89, 52, 38
38, 488, 52, 76
38, 489, 52, 14
38, 363, 52, 56
38, 236, 52, 38
38, 383, 52, 93
38, 68, 53, 5
38, 104, 53, 6
38, 172, 53, 22
38, 269, 53, 48
38, 400, 53, 62
38, 311, 53, 15
38, 477, 53, 7
38, 578, 54, 69
38, 132, 54, 49
38, 580, 54, 86
38, 422, 54, 48
38, 314, 54, 40
38, 527, 54, 5
38, 83, 54, 61
38, 599, 54, 98
38, 88, 54, 76
38, 218, 54, 31
38, 347, 54, 39
38, 574, 54, 87
38, 260, 55, 18
38, 10, 55, 22
38, 523, 55, 34
38, 18, 55, 23
38, 419, 55, 51
38, 555, 55, 55
38, 299, 55, 57
38, 46, 55, 86
38, 305, 55, 9
38, 566, 55, 53
38, 184, 55, 5
38, 186, 55, 86
38, 443, 55, 7
38, 69, 55, 11
38, 326, 55, 50
38, 460, 55, 62
38, 333, 55, 8
38, 341, 55, 2
38, 93, 55, 13
38, 351, 55, 62
38, 224, 55, 66
38, 238, 55, 99
38, 250, 55, 46
38, 121, 56, 56
38, 130, 56, 34
38, 56, 56, 77
38, 292, 56, 79
38, 69, 56, 11
38, 581, 56, 57
38, 72, 56, 74
38, 104, 56, 6
38, 301, 56, 99
38, 494, 56, 30
38, 305, 56, 9
38, 498, 56, 15
38, 82, 56, 18
38, 594, 56, 37
38, 536, 56, 6
38, 57, 56, 32
38, 90, 56, 98
38, 59, 56, 63
38, 289, 57, 64
38, 290, 57, 19
38, 68, 57, 5
38, 167, 57, 79
38, 297, 57, 28
38, 431, 57, 32
38, 273, 57, 42
38, 210, 57, 43
38, 340, 57, 82
38, 413, 57, 56
38, 574, 57, 87
38, 544, 58, 18
38, 226, 58, 90
38, 291, 58, 17
38, 420, 58, 89
38, 525, 58, 10
38, 49, 58, 79
38, 443, 58, 7
38, 22, 58, 13
38, 55, 58, 13
38, 373, 58, 13
38, 345, 58, 76
38, 379, 58, 4
38, 221, 58, 73
38, 484, 59, 67
38, 228, 59, 89
38, 326, 59, 50
38, 423, 59, 28
38, 135, 59, 4
38, 329, 59, 8
38, 583, 59, 99
38, 505, 59, 42
38, 466, 59, 34
38, 89, 59, 38
38, 129, 60, 54
38, 2, 60, 74
38, 264, 60, 35
38, 396, 60, 48
38, 408, 60, 47
38, 550, 60, 94
38, 424, 60, 16
38, 433, 60, 50
38, 179, 60, 39
38, 51, 60, 19
38, 54, 60, 95
38, 439, 60, 2
38, 451, 60, 72
38, 211, 60, 39
38, 88, 60, 76
38, 217, 60, 20
38, 89, 60, 38
38, 486, 60, 30
38, 492, 60, 66
38, 376, 60, 73
38, 224, 61, 66
38, 228, 61, 89
38, 104, 61, 6
38, 361, 61, 45
38, 459, 61, 6
38, 141, 61, 100
38, 527, 61, 5
38, 80, 61, 27
38, 342, 61, 88
38, 375, 61, 51
38, 379, 61, 4
38, 156, 61, 76
38, 381, 61, 46
38, 480, 62, 37
38, 331, 62, 93
38, 270, 62, 34
38, 272, 62, 75
38, 283, 62, 4
38, 512, 63, 71
38, 384, 63, 23
38, 423, 63, 28
38, 72, 63, 74
38, 135, 63, 4
38, 33, 64, 1
38, 386, 64, 80
38, 291, 64, 17
38, 325, 64, 21
38, 134, 64, 27
38, 296, 64, 44
38, 394, 64, 38
38, 526, 64, 96
38, 309, 64, 99
38, 375, 64, 51
38, 442, 64, 68
38, 317, 64, 62
38, 30, 64, 75
38, 176, 65, 15
38, 337, 65, 19
38, 529, 65, 62
38, 211, 65, 39
38, 88, 65, 76
38, 328, 66, 93
38, 11, 66, 60
38, 268, 66, 100
38, 427, 66, 29
38, 110, 66, 90
38, 474, 66, 53
38, 526, 67, 96
38, 147, 67, 51
38, 277, 67, 39
38, 158, 67, 32
38, 545, 67, 89
38, 35, 67, 87
38, 191, 67, 56
38, 199, 67, 62
38, 331, 67, 93
38, 339, 67, 82
38, 468, 67, 82
38, 472, 67, 93
38, 92, 67, 82
38, 349, 67, 68
38, 101, 67, 29
38, 104, 67, 6
38, 366, 67, 71
38, 116, 67, 83
38, 377, 67, 11
38, 577, 68, 87
38, 354, 68, 9
38, 389, 68, 41
38, 326, 68, 50
38, 520, 68, 75
38, 460, 68, 62
38, 49, 68, 79
38, 596, 68, 3
38, 310, 68, 83
38, 444, 68, 3
38, 256, 69, 57
38, 0, 69, 8
38, 137, 69, 52
38, 14, 69, 57
38, 407, 69, 64
38, 535, 69, 68
38, 26, 69, 34
38, 296, 69, 44
38, 438, 69, 87
38, 184, 69, 5
38, 57, 69, 32
38, 60, 69, 36
38, 195, 69, 90
38, 456, 69, 20
38, 587, 69, 86
38, 332, 69, 97
38, 591, 69, 27
38, 464, 69, 19
38, 483, 69, 78
38, 358, 69, 77
38, 119, 69, 70
38, 381, 69, 46
38, 353, 70, 3
38, 42, 70, 71
38, 110, 70, 90
38, 112, 70, 78
38, 304, 70, 66
38, 145, 70, 74
38, 468, 70, 82
38, 212, 70, 12
38, 280, 70, 88
38, 188, 70, 100
38, 317, 70, 62
38, 2, 71, 74
38, 520, 71, 75
38, 397, 71, 3
38, 525, 71, 10
38, 532, 71, 97
38, 276, 71, 92
38, 283, 71, 4
38, 413, 71, 56
38, 33, 71, 1
38, 420, 71, 89
38, 170, 71, 8
38, 556, 71, 52
38, 310, 71, 83
38, 317, 71, 62
38, 456, 71, 20
38, 459, 71, 6
38, 596, 71, 3
38, 88, 71, 76
38, 495, 71, 13
38, 112, 71, 78
38, 507, 71, 75
38, 123, 71, 78
38, 511, 71, 4
38, 578, 72, 69
38, 292, 72, 79
38, 490, 72, 38
38, 77, 72, 22
38, 46, 72, 86
38, 174, 72, 24
38, 531, 72, 9
38, 404, 72, 2
38, 278, 72, 15
38, 25, 72, 74
38, 315, 72, 64
38, 29, 72, 86
38, 32, 73, 22
38, 289, 73, 64
38, 100, 73, 29
38, 581, 73, 57
38, 486, 73, 30
38, 427, 73, 29
38, 364, 73, 15
38, 429, 73, 85
38, 461, 73, 44
38, 524, 73, 98
38, 12, 73, 92
38, 241, 73, 68
38, 373, 73, 13
38, 278, 73, 15
38, 570, 73, 81
38, 187, 73, 50
38, 540, 73, 14
38, 417, 74, 10
38, 98, 74, 29
38, 35, 74, 87
38, 547, 74, 5
38, 225, 74, 30
38, 487, 74, 13
38, 144, 74, 37
38, 595, 74, 55
38, 467, 74, 69
38, 407, 75, 64
38, 550, 75, 94
38, 198, 75, 29
38, 561, 75, 16
38, 466, 75, 34
38, 180, 75, 19
38, 375, 75, 51
38, 311, 75, 15
38, 130, 76, 34
38, 515, 76, 86
38, 517, 76, 94
38, 134, 76, 27
38, 391, 76, 67
38, 144, 76, 37
38, 417, 76, 10
38, 162, 76, 13
38, 419, 76, 51
38, 164, 76, 74
38, 550, 76, 94
38, 555, 76, 55
38, 557, 76, 15
38, 179, 76, 39
38, 308, 76, 59
38, 565, 76, 49
38, 310, 76, 83
38, 440, 76, 54
38, 57, 76, 32
38, 59, 76, 63
38, 450, 76, 51
38, 461, 76, 44
38, 484, 76, 67
38, 119, 76, 70
38, 124, 76, 40
38, 482, 77, 79
38, 471, 77, 85
38, 357, 77, 24
38, 297, 77, 28
38, 334, 77, 3
38, 434, 77, 73
38, 183, 77, 19
38, 216, 77, 67
38, 262, 78, 76
38, 526, 78, 96
38, 528, 78, 4
38, 152, 78, 36
38, 541, 78, 40
38, 420, 78, 89
38, 165, 78, 13
38, 39, 78, 67
38, 556, 78, 52
38, 432, 78, 67
38, 185, 78, 68
38, 186, 78, 86
38, 314, 78, 40
38, 196, 78, 95
38, 583, 78, 99
38, 208, 78, 41
38, 338, 78, 54
38, 594, 78, 37
38, 480, 78, 37
38, 225, 78, 30
38, 244, 78, 98
38, 374, 78, 47
38, 121, 78, 56
38, 322, 79, 10
38, 328, 79, 93
38, 336, 79, 94
38, 49, 79, 79
38, 339, 79, 82
38, 405, 79, 13
38, 284, 79, 89
38, 190, 79, 79
38, 287, 79, 53
38, 136, 80, 8
38, 297, 80, 28
38, 590, 80, 29
38, 270, 80, 34
38, 286, 80, 3
38, 289, 81, 64
38, 294, 81, 4
38, 392, 81, 72
38, 426, 81, 6
38, 554, 81, 58
38, 467, 81, 69
38, 564, 81, 21
38, 377, 81, 11
38, 218, 81, 31
38, 519, 82, 57
38, 288, 82, 80
38, 416, 82, 33
38, 165, 82, 13
38, 39, 82, 67
38, 168, 82, 55
38, 171, 82, 81
38, 50, 82, 1
38, 316, 82, 90
38, 318, 82, 73
38, 449, 82, 38
38, 66, 82, 6
38, 330, 82, 26
38, 202, 82, 82
38, 207, 82, 27
38, 599, 82, 98
38, 477, 82, 7
38, 229, 82, 61
38, 108, 82, 30
38, 124, 82, 40
38, 193, 83, 67
38, 165, 83, 13
38, 582, 83, 75
38, 264, 83, 35
38, 491, 83, 38
38, 108, 83, 30
38, 524, 83, 98
38, 77, 83, 22
38, 238, 83, 99
38, 528, 83, 4
38, 588, 83, 70
38, 461, 83, 44
38, 531, 83, 9
38, 468, 83, 82
38, 50, 83, 1
38, 566, 83, 53
38, 311, 83, 15
38, 444, 83, 3
38, 223, 84, 40
38, 195, 84, 90
38, 516, 84, 65
38, 581, 84, 57
38, 579, 84, 72
38, 401, 84, 25
38, 180, 84, 19
38, 117, 84, 37
38, 566, 84, 53
38, 247, 84, 82
38, 344, 84, 2
38, 23, 84, 78
38, 154, 84, 76
38, 283, 84, 4
38, 61, 84, 75
38, 127, 84, 72
38, 4, 85, 87
38, 262, 85, 76
38, 9, 85, 70
38, 394, 85, 38
38, 141, 85, 100
38, 401, 85, 25
38, 404, 85, 2
38, 407, 85, 64
38, 25, 85, 74
38, 157, 85, 45
38, 34, 85, 63
38, 421, 85, 25
38, 295, 85, 23
38, 431, 85, 32
38, 183, 85, 19
38, 317, 85, 62
38, 191, 85, 56
38, 576, 85, 28
38, 195, 85, 90
38, 338, 85, 54
38, 492, 85, 66
38, 118, 85, 16
38, 225, 86, 30
38, 547, 86, 5
38, 390, 86, 74
38, 393, 86, 47
38, 524, 86, 98
38, 205, 86, 17
38, 399, 86, 2
38, 210, 86, 43
38, 467, 86, 69
38, 244, 86, 98
38, 533, 86, 75
38, 474, 86, 53
38, 124, 86, 40
38, 161, 87, 24
38, 290, 87, 19
38, 191, 87, 56
38, 423, 87, 28
38, 329, 87, 8
38, 267, 87, 34
38, 461, 87, 44
38, 173, 87, 77
38, 398, 87, 29
38, 16, 87, 70
38, 497, 87, 21
38, 210, 87, 43
38, 243, 87, 21
38, 113, 87, 45
38, 368, 87, 63
38, 22, 87, 13
38, 248, 87, 58
38, 383, 87, 93
38, 96, 88, 38
38, 449, 88, 38
38, 549, 88, 1
38, 305, 88, 9
38, 276, 88, 92
38, 405, 88, 13
38, 376, 88, 73
38, 91, 88, 62
38, 545, 89, 89
38, 321, 89, 51
38, 67, 89, 10
38, 535, 89, 68
38, 421, 89, 25
38, 519, 89, 57
38, 263, 89, 82
38, 265, 89, 73
38, 231, 89, 94
38, 396, 89, 48
38, 594, 89, 37
38, 19, 89, 99
38, 247, 89, 82
38, 198, 90, 29
38, 552, 90, 22
38, 269, 90, 48
38, 528, 90, 4
38, 186, 90, 86
38, 97, 91, 51
38, 258, 91, 30
38, 421, 91, 25
38, 263, 91, 82
38, 425, 91, 89
38, 137, 91, 52
38, 75, 91, 50
38, 44, 91, 59
38, 333, 91, 8
38, 525, 91, 10
38, 303, 91, 56
38, 180, 91, 19
38, 565, 91, 49
38, 281, 91, 57
38, 443, 91, 7
38, 444, 91, 3
38, 159, 91, 78
38, 545, 92, 89
38, 131, 92, 86
38, 452, 92, 28
38, 69, 92, 11
38, 171, 92, 81
38, 365, 92, 36
38, 431, 92, 32
38, 208, 92, 41
38, 591, 92, 27
38, 240, 92, 23
38, 20, 92, 39
38, 372, 92, 77
38, 246, 92, 38
38, 153, 92, 35
38, 506, 92, 80
38, 67, 93, 10
38, 549, 93, 1
38, 485, 93, 77
38, 592, 93, 23
38, 241, 93, 68
38, 180, 93, 19
38, 85, 93, 89
38, 311, 93, 15
38, 319, 93, 89
38, 66, 94, 6
38, 68, 94, 5
38, 421, 94, 25
38, 510, 94, 79
38, 523, 94, 34
38, 398, 94, 29
38, 335, 94, 55
38, 210, 94, 43
38, 500, 94, 39
38, 180, 94, 19
38, 502, 94, 9
38, 376, 94, 73
38, 446, 94, 32
38, 386, 95, 80
38, 7, 95, 23
38, 142, 95, 79
38, 400, 95, 62
38, 277, 95, 39
38, 279, 95, 99
38, 167, 95, 79
38, 424, 95, 16
38, 296, 95, 44
38, 171, 95, 81
38, 564, 95, 21
38, 312, 95, 99
38, 184, 95, 5
38, 570, 95, 81
38, 323, 95, 87
38, 457, 95, 80
38, 202, 95, 82
38, 477, 95, 7
38, 349, 95, 68
38, 224, 95, 66
38, 354, 95, 9
38, 114, 95, 68
38, 500, 95, 39
38, 505, 95, 42
38, 353, 96, 3
38, 100, 96, 29
38, 389, 96, 41
38, 589, 96, 31
38, 369, 96, 54
38, 307, 96, 57
38, 5, 97, 83
38, 523, 97, 34
38, 142, 97, 79
38, 155, 97, 4
38, 417, 97, 10
38, 42, 97, 71
38, 556, 97, 52
38, 558, 97, 8
38, 437, 97, 16
38, 439, 97, 2
38, 184, 97, 5
38, 574, 97, 87
38, 453, 97, 65
38, 455, 97, 22
38, 338, 97, 54
38, 85, 97, 89
38, 354, 97, 9
38, 363, 97, 56
38, 366, 97, 71
38, 383, 97, 93
38, 418, 98, 66
38, 131, 98, 86
38, 516, 98, 65
38, 233, 98, 72
38, 589, 98, 31
38, 557, 98, 15
38, 47, 98, 47
38, 368, 98, 63
38, 144, 98, 37
38, 274, 98, 39
38, 51, 98, 19
38, 150, 98, 38
38, 88, 98, 76
38, 346, 98, 90
38, 28, 98, 41
38, 127, 98, 72
38, 6, 99, 32
38, 458, 99, 13
38, 394, 99, 38
38, 237, 99, 67
38, 52, 99, 23
38, 282, 99, 18
38, 514, 100, 76
38, 99, 100, 63
38, 578, 100, 69
38, 546, 100, 42
38, 102, 100, 67
38, 167, 100, 79
38, 40, 100, 59
38, 338, 100, 54
38, 248, 100, 58
38, 56, 100, 77
38, 321, 101, 51
38, 578, 101, 69
38, 552, 101, 22
38, 200, 101, 63
38, 203, 101, 20
38, 140, 101, 39
38, 305, 101, 9
38, 306, 101, 2
38, 433, 101, 50
38, 374, 101, 47
38, 92, 101, 82
38, 482, 102, 79
38, 196, 102, 95
38, 4, 102, 87
38, 388, 102, 22
38, 228, 102, 89
38, 264, 102, 35
38, 105, 102, 90
38, 520, 102, 75
38, 393, 102, 47
38, 268, 102, 100
38, 173, 102, 77
38, 439, 102, 2
38, 574, 102, 87
38, 256, 103, 57
38, 161, 103, 24
38, 353, 103, 3
38, 97, 103, 51
38, 261, 103, 7
38, 232, 103, 87
38, 297, 103, 28
38, 48, 103, 23
38, 273, 103, 42
38, 53, 103, 58
38, 247, 103, 82
38, 568, 103, 46
38, 218, 103, 31
38, 187, 103, 50
38, 524, 104, 98
38, 236, 104, 38
38, 25, 104, 74
38, 475, 104, 4
38, 317, 104, 62
38, 226, 105, 90
38, 515, 105, 86
38, 453, 105, 65
38, 486, 105, 30
38, 294, 105, 4
38, 536, 105, 6
38, 459, 105, 6
38, 276, 105, 92
38, 500, 105, 39
38, 535, 105, 68
38, 344, 105, 2
38, 412, 105, 5
38, 132, 106, 49
38, 6, 106, 32
38, 148, 106, 5
38, 25, 106, 74
38, 155, 106, 4
38, 412, 106, 5
38, 37, 106, 62
38, 38, 106, 38
38, 573, 106, 51
38, 451, 106, 72
38, 582, 106, 75
38, 76, 106, 23
38, 590, 106, 29
38, 96, 106, 38
38, 482, 106, 79
38, 490, 106, 38
38, 241, 106, 68
38, 247, 106, 82
38, 126, 106, 41
38, 522, 107, 21
38, 172, 107, 22
38, 557, 107, 15
38, 111, 107, 50
38, 16, 107, 70
38, 211, 107, 39
38, 535, 107, 68
38, 572, 107, 78
38, 290, 108, 19
38, 98, 108, 29
38, 294, 108, 4
38, 103, 108, 90
38, 169, 108, 28
38, 587, 108, 86
38, 301, 108, 99
38, 271, 108, 43
38, 146, 108, 48
38, 338, 108, 54
38, 307, 108, 57
38, 342, 108, 88
38, 279, 108, 99
38, 251, 108, 3
38, 444, 108, 3
38, 478, 108, 71
38, 576, 109, 28
38, 480, 109, 37
38, 196, 109, 95
38, 39, 109, 67
38, 296, 109, 44
38, 521, 109, 17
38, 585, 109, 43
38, 530, 109, 27
38, 403, 109, 3
38, 182, 109, 21
38, 412, 109, 5
38, 31, 109, 15
38, 67, 110, 10
38, 70, 110, 2
38, 332, 110, 97
38, 494, 110, 30
38, 368, 110, 63
38, 241, 110, 68
38, 145, 110, 74
38, 211, 110, 39
38, 213, 110, 7
38, 315, 110, 64
38, 287, 110, 53
38, 257, 111, 10
38, 2, 111, 74
38, 265, 111, 73
38, 143, 111, 28
38, 527, 111, 5
38, 285, 111, 62
38, 309, 111, 99
38, 53, 111, 58
38, 570, 111, 81
38, 186, 111, 86
38, 572, 111, 78
38, 196, 111, 95
38, 453, 111, 65
38, 71, 111, 99
38, 76, 111, 23
38, 597, 111, 14
38, 481, 111, 19
38, 226, 111, 90
38, 483, 111, 78
38, 497, 111, 21
38, 245, 111, 18
38, 507, 111, 75
38, 354, 112, 9
38, 228, 112, 89
38, 36, 112, 20
38, 167, 112, 79
38, 264, 112, 35
38, 40, 112, 59
38, 103, 112, 90
38, 205, 112, 17
38, 46, 112, 86
38, 368, 112, 63
38, 213, 112, 7
38, 565, 112, 49
38, 535, 112, 68
38, 472, 112, 93
38, 598, 112, 69
38, 123, 112, 78
38, 30, 112, 75
38, 129, 113, 54
38, 395, 113, 44
38, 272, 113, 75
38, 144, 113, 37
38, 402, 113, 55
38, 409, 113, 48
38, 29, 113, 86
38, 287, 113, 53
38, 416, 113, 33
38, 162, 113, 13
38, 422, 113, 48
38, 296, 113, 44
38, 54, 113, 95
38, 438, 113, 87
38, 327, 113, 56
38, 76, 113, 23
38, 590, 113, 29
38, 339, 113, 82
38, 85, 113, 89
38, 483, 113, 78
38, 100, 113, 29
38, 112, 113, 78
38, 369, 113, 54
38, 497, 113, 21
38, 375, 113, 51
38, 259, 114, 76
38, 135, 114, 4
38, 139, 114, 77
38, 269, 114, 48
38, 418, 114, 66
38, 163, 114, 79
38, 45, 114, 73
38, 177, 114, 76
38, 564, 114, 21
38, 181, 114, 32
38, 314, 114, 40
38, 75, 114, 50
38, 333, 114, 8
38, 77, 114, 22
38, 339, 114, 82
38, 470, 114, 94
38, 220, 114, 62
38, 485, 114, 77
38, 126, 114, 41
38, 382, 114, 39
38, 129, 115, 54
38, 136, 115, 8
38, 392, 115, 72
38, 527, 115, 5
38, 15, 115, 4
38, 287, 115, 53
38, 554, 115, 58
38, 172, 115, 22
38, 556, 115, 52
38, 51, 115, 19
38, 59, 115, 63
38, 446, 115, 32
38, 582, 115, 75
38, 455, 115, 22
38, 86, 115, 75
38, 348, 115, 60
38, 487, 115, 13
38, 494, 115, 30
38, 240, 115, 23
38, 116, 115, 83
38, 246, 115, 38
38, 225, 116, 30
38, 517, 116, 94
38, 40, 116, 59
38, 106, 116, 90
38, 76, 116, 23
38, 207, 116, 27
38, 594, 116, 37
38, 89, 116, 38
38, 315, 116, 64
38, 129, 117, 54
38, 535, 117, 68
38, 542, 117, 27
38, 287, 117, 53
38, 43, 117, 91
38, 51, 117, 19
38, 54, 117, 95
38, 313, 117, 91
38, 57, 117, 32
38, 580, 117, 86
38, 72, 117, 74
38, 201, 117, 41
38, 588, 117, 70
38, 465, 117, 28
38, 350, 117, 70
38, 479, 117, 83
38, 96, 117, 38
38, 478, 117, 71
38, 494, 117, 30
38, 367, 117, 21
38, 376, 117, 73
38, 382, 117, 39
38, 265, 118, 73
38, 522, 118, 21
38, 205, 118, 17
38, 561, 118, 16
38, 275, 118, 38
38, 598, 118, 69
38, 354, 119, 9
38, 521, 119, 17
38, 459, 119, 6
38, 268, 119, 100
38, 333, 119, 8
38, 492, 119, 66
38, 332, 119, 97
38, 528, 119, 4
38, 363, 119, 56
38, 24, 119, 32
38, 185, 119, 68
38, 379, 119, 4
38, 260, 120, 18
38, 263, 120, 82
38, 393, 120, 47
38, 15, 120, 4
38, 18, 120, 23
38, 152, 120, 36
38, 28, 120, 41
38, 414, 120, 83
38, 542, 120, 27
38, 419, 120, 51
38, 167, 120, 79
38, 553, 120, 74
38, 173, 120, 77
38, 188, 120, 100
38, 194, 120, 80
38, 347, 120, 39
38, 100, 120, 29
38, 358, 120, 77
38, 490, 120, 38
38, 122, 120, 44
38, 387, 121, 56
38, 137, 121, 52
38, 408, 121, 47
38, 26, 121, 34
38, 157, 121, 45
38, 545, 121, 89
38, 41, 121, 54
38, 557, 121, 15
38, 46, 121, 86
38, 48, 121, 23
38, 185, 121, 68
38, 446, 121, 32
38, 190, 121, 79
38, 579, 121, 72
38, 203, 121, 20
38, 205, 121, 17
38, 464, 121, 19
38, 209, 121, 86
38, 111, 121, 50
38, 112, 121, 78
38, 505, 121, 42
38, 127, 121, 72
38, 269, 122, 48
38, 272, 122, 75
38, 285, 122, 62
38, 297, 122, 28
38, 561, 122, 16
38, 562, 122, 89
38, 62, 122, 61
38, 192, 122, 23
38, 194, 122, 80
38, 457, 122, 80
38, 463, 122, 48
38, 81, 122, 68
38, 84, 122, 3
38, 357, 122, 24
38, 358, 122, 77
38, 108, 122, 30
38, 370, 122, 22
38, 376, 122, 73
38, 508, 122, 26
38, 513, 123, 48
38, 515, 123, 86
38, 99, 123, 63
38, 7, 123, 23
38, 556, 123, 52
38, 333, 123, 8
38, 498, 123, 15
38, 18, 123, 23
38, 499, 123, 43
38, 437, 123, 16
38, 120, 123, 31
38, 163, 124, 79
38, 455, 124, 22
38, 391, 124, 67
38, 300, 124, 52
38, 109, 124, 49
38, 559, 124, 60
38, 561, 124, 16
38, 371, 124, 61
38, 183, 124, 19
38, 284, 124, 89
38, 518, 125, 9
38, 265, 125, 73
38, 521, 125, 17
38, 334, 125, 3
38, 432, 125, 67
38, 180, 125, 19
38, 439, 125, 2
38, 473, 125, 89
38, 283, 125, 4
38, 414, 125, 83
38, 159, 125, 78
38, 256, 126, 57
38, 257, 126, 10
38, 98, 126, 29
38, 583, 126, 99
38, 200, 126, 63
38, 264, 126, 35
38, 168, 126, 55
38, 172, 126, 22
38, 237, 126, 67
38, 241, 126, 68
38, 17, 126, 8
38, 53, 126, 58
38, 475, 126, 4
38, 248, 126, 58
38, 539, 126, 47
38, 124, 126, 40
38, 478, 126, 71
38, 131, 127, 86
38, 233, 127, 72
38, 270, 127, 34
38, 151, 127, 35
38, 506, 127, 80
38, 257, 128, 10
38, 228, 128, 89
38, 292, 128, 79
38, 393, 128, 47
38, 269, 128, 48
38, 573, 128, 51
38, 512, 129, 71
38, 513, 129, 48
38, 390, 129, 74
38, 296, 129, 44
38, 431, 129, 32
38, 80, 129, 27
38, 339, 129, 82
38, 250, 129, 46
38, 8, 130, 23
38, 393, 130, 47
38, 265, 130, 73
38, 14, 130, 57
38, 399, 130, 2
38, 19, 130, 99
38, 544, 130, 18
38, 416, 130, 33
38, 551, 130, 24
38, 47, 130, 47
38, 563, 130, 30
38, 191, 130, 56
38, 65, 130, 28
38, 589, 130, 31
38, 221, 130, 73
38, 230, 130, 33
38, 237, 130, 67
38, 240, 130, 23
38, 241, 130, 68
38, 118, 130, 16
38, 255, 130, 21
38, 421, 131, 25
38, 391, 131, 67
38, 233, 131, 72
38, 398, 131, 29
38, 527, 131, 5
38, 432, 131, 67
38, 569, 131, 77
38, 315, 131, 64
38, 479, 131, 83
38, 321, 132, 51
38, 393, 132, 47
38, 11, 132, 60
38, 346, 132, 90
38, 540, 132, 14
38, 98, 133, 29
38, 131, 133, 86
38, 324, 133, 2
38, 166, 133, 74
38, 393, 133, 47
38, 234, 133, 83
38, 268, 133, 100
38, 271, 133, 43
38, 211, 133, 39
38, 184, 133, 5
38, 186, 133, 86
38, 155, 133, 4
38, 547, 134, 5
38, 261, 134, 7
38, 490, 134, 38
38, 299, 134, 57
38, 250, 134, 46
38, 560, 134, 80
38, 466, 134, 34
38, 506, 134, 80
38, 341, 134, 2
38, 54, 134, 95
38, 216, 134, 67
38, 186, 134, 86
38, 223, 134, 40
38, 228, 135, 89
38, 422, 135, 48
38, 313, 135, 91
38, 136, 135, 8
38, 553, 135, 74
38, 23, 135, 78
38, 439, 135, 2
38, 377, 135, 11
38, 412, 135, 5
38, 221, 135, 73
38, 390, 136, 74
38, 20, 136, 39
38, 404, 136, 2
38, 410, 136, 72
38, 293, 136, 77
38, 424, 136, 16
38, 432, 136, 67
38, 64, 136, 11
38, 72, 136, 74
38, 75, 136, 50
38, 336, 136, 94
38, 467, 136, 69
38, 468, 136, 82
38, 213, 136, 7
38, 480, 136, 37
38, 226, 136, 90
38, 104, 136, 6
38, 108, 136, 30
38, 497, 136, 21
38, 64, 137, 11
38, 576, 137, 28
38, 353, 137, 3
38, 421, 137, 25
38, 264, 137, 35
38, 329, 137, 8
38, 200, 137, 63
38, 491, 137, 38
38, 428, 137, 90
38, 306, 137, 2
38, 178, 137, 12
38, 82, 137, 18
38, 179, 137, 39
38, 376, 137, 73
38, 127, 137, 72
38, 63, 137, 67
38, 483, 138, 78
38, 231, 138, 94
38, 584, 138, 28
38, 586, 138, 17
38, 523, 138, 34
38, 74, 138, 14
38, 397, 138, 3
38, 171, 138, 81
38, 53, 138, 58
38, 439, 138, 2
38, 93, 138, 13
38, 286, 138, 3
38, 383, 139, 93
38, 265, 139, 73
38, 404, 139, 2
38, 279, 139, 99
38, 419, 139, 51
38, 547, 139, 5
38, 172, 139, 22
38, 559, 139, 60
38, 437, 139, 16
38, 567, 139, 92
38, 570, 139, 81
38, 191, 139, 56
38, 447, 139, 8
38, 451, 139, 72
38, 330, 139, 26
38, 333, 139, 8
38, 592, 139, 23
38, 464, 139, 19
38, 82, 139, 18
38, 92, 139, 82
38, 116, 139, 83
38, 502, 139, 9
38, 127, 139, 72
38, 104, 140, 6
38, 588, 140, 70
38, 313, 140, 91
38, 442, 140, 68
38, 382, 140, 39
38, 96, 141, 38
38, 256, 141, 57
38, 594, 141, 37
38, 564, 141, 21
38, 22, 141, 13
38, 378, 141, 58
38, 477, 141, 7
38, 386, 142, 80
38, 265, 142, 73
38, 12, 142, 92
38, 269, 142, 48
38, 158, 142, 32
38, 286, 142, 3
38, 43, 142, 91
38, 181, 142, 32
38, 184, 142, 5
38, 312, 142, 99
38, 319, 142, 89
38, 457, 142, 80
38, 587, 142, 86
38, 79, 142, 58
38, 211, 142, 39
38, 356, 142, 100
38, 106, 142, 90
38, 236, 142, 38
38, 376, 142, 73
38, 381, 142, 46
38, 389, 143, 41
38, 363, 143, 56
38, 77, 143, 22
38, 432, 143, 67
38, 209, 143, 86
38, 598, 143, 69
38, 439, 143, 2
38, 280, 143, 88
38, 520, 144, 75
38, 12, 144, 92
38, 400, 144, 62
38, 27, 144, 45
38, 547, 144, 5
38, 551, 144, 24
38, 42, 144, 71
38, 310, 144, 83
38, 57, 144, 32
38, 575, 144, 52
38, 577, 144, 87
38, 582, 144, 75
38, 203, 144, 20
38, 337, 144, 19
38, 84, 144, 3
38, 89, 144, 38
38, 217, 144, 20
38, 238, 144, 99
38, 113, 144, 45
38, 380, 144, 40
38, 3, 145, 41
38, 260, 145, 18
38, 231, 145, 94
38, 556, 145, 52
38, 461, 145, 44
38, 50, 145, 1
38, 435, 145, 86
38, 532, 145, 97
38, 566, 145, 53
38, 412, 145, 5
38, 63, 145, 67
38, 386, 146, 80
38, 259, 146, 76
38, 132, 146, 49
38, 390, 146, 74
38, 395, 146, 44
38, 403, 146, 3
38, 532, 146, 97
38, 535, 146, 68
38, 536, 146, 6
38, 30, 146, 75
38, 546, 146, 42
38, 549, 146, 1
38, 174, 146, 24
38, 49, 146, 79
38, 318, 146, 73
38, 575, 146, 52
38, 324, 146, 2
38, 581, 146, 57
38, 333, 146, 8
38, 206, 146, 19
38, 80, 146, 27
38, 466, 146, 34
38, 223, 146, 40
38, 249, 146, 5
38, 507, 146, 75
38, 141, 147, 100
38, 494, 147, 30
38, 501, 147, 34
38, 118, 147, 16
38, 127, 147, 72
38, 64, 148, 11
38, 98, 148, 29
38, 195, 148, 90
38, 516, 148, 65
38, 162, 148, 13
38, 39, 148, 67
38, 169, 148, 28
38, 202, 148, 82
38, 112, 148, 78
38, 432, 148, 67
38, 498, 148, 15
38, 594, 148, 37
38, 286, 148, 3
38, 479, 148, 83
38, 514, 149, 76
38, 322, 149, 10
38, 452, 149, 28
38, 326, 149, 50
38, 360, 149, 77
38, 504, 149, 59
38, 12, 149, 92
38, 141, 149, 100
38, 177, 149, 76
38, 402, 149, 55
38, 371, 149, 61
38, 216, 149, 67
38, 539, 149, 47
38, 128, 150, 90
38, 12, 150, 92
38, 110, 150, 90
38, 144, 150, 37
38, 87, 150, 97
38, 183, 150, 19
38, 120, 150, 31
38, 315, 150, 64
38, 189, 150, 25
38, 413, 150, 56
38, 323, 151, 87
38, 168, 151, 55
38, 552, 151, 22
38, 556, 151, 52
38, 526, 151, 96
38, 495, 151, 13
38, 49, 151, 79
38, 86, 151, 75
38, 598, 151, 69
38, 441, 151, 69
38, 477, 151, 7
38, 158, 151, 32
38, 287, 151, 53
38, 248, 152, 58
38, 65, 152, 28
38, 515, 152, 86
38, 548, 152, 55
38, 5, 152, 83
38, 422, 152, 48
38, 395, 152, 44
38, 267, 152, 34
38, 463, 152, 48
38, 597, 152, 14
38, 152, 152, 36
38, 154, 152, 76
38, 286, 152, 3
38, 351, 152, 62
38, 384, 153, 23
38, 540, 153, 14
38, 413, 153, 56
38, 30, 153, 75
38, 545, 153, 89
38, 162, 153, 13
38, 167, 153, 79
38, 173, 153, 77
38, 563, 153, 30
38, 57, 153, 32
38, 188, 153, 100
38, 62, 153, 61
38, 193, 153, 67
38, 199, 153, 62
38, 331, 153, 93
38, 212, 153, 12
38, 475, 153, 4
38, 477, 153, 7
38, 486, 153, 30
38, 496, 153, 62
38, 499, 153, 43
38, 379, 153, 4
38, 255, 153, 21
38, 387, 154, 56
38, 518, 154, 9
38, 266, 154, 46
38, 139, 154, 77
38, 396, 154, 48
38, 294, 154, 4
38, 551, 154, 24
38, 425, 154, 89
38, 176, 154, 15
38, 311, 154, 15
38, 184, 154, 5
38, 571, 154, 64
38, 584, 154, 28
38, 586, 154, 17
38, 204, 154, 42
38, 80, 154, 27
38, 474, 154, 53
38, 487, 154, 13
38, 376, 154, 73
38, 379, 154, 4
38, 124, 154, 40
38, 321, 155, 51
38, 292, 155, 79
38, 158, 155, 32
38, 234, 155, 83
38, 462, 155, 9
38, 592, 155, 23
38, 80, 155, 27
38, 242, 155, 67
38, 93, 155, 13
38, 475, 155, 4
38, 472, 155, 93
38, 539, 155, 47
38, 122, 155, 44
38, 315, 155, 64
38, 125, 155, 79
38, 222, 155, 30
38, 528, 156, 4
38, 530, 156, 27
38, 416, 156, 33
38, 35, 156, 87
38, 42, 156, 71
38, 556, 156, 52
38, 304, 156, 66
38, 177, 156, 76
38, 49, 156, 79
38, 54, 156, 95
38, 183, 156, 19
38, 574, 156, 87
38, 323, 156, 87
38, 196, 156, 95
38, 72, 156, 74
38, 457, 156, 80
38, 336, 156, 94
38, 217, 156, 20
38, 223, 156, 40
38, 234, 156, 83
38, 494, 156, 30
38, 448, 157, 100
38, 541, 157, 40
38, 484, 157, 67
38, 164, 157, 74
38, 8, 157, 23
38, 489, 157, 14
38, 333, 157, 8
38, 560, 157, 80
38, 16, 157, 70
38, 498, 157, 15
38, 275, 157, 38
38, 499, 157, 43
38, 568, 157, 46
38, 475, 157, 4
38, 573, 157, 51
38, 543, 157, 16
38, 36, 158, 20
38, 325, 158, 21
38, 361, 158, 45
38, 460, 158, 62
38, 109, 158, 49
38, 268, 158, 100
38, 590, 158, 29
38, 16, 158, 70
38, 176, 158, 15
38, 216, 158, 67
38, 347, 158, 39
38, 318, 158, 73
38, 482, 159, 79
38, 163, 159, 79
38, 355, 159, 77
38, 133, 159, 36
38, 262, 159, 76
38, 41, 159, 54
38, 171, 159, 81
38, 493, 159, 10
38, 430, 159, 43
38, 174, 159, 24
38, 433, 159, 50
38, 341, 159, 2
38, 86, 159, 75
38, 254, 159, 96
38, 62, 159, 61
38, 409, 159, 48
38, 350, 159, 70
38, 526, 160, 96
38, 527, 160, 5
38, 400, 160, 62
38, 532, 160, 97
38, 416, 160, 33
38, 294, 160, 4
38, 299, 160, 57
38, 570, 160, 81
38, 453, 160, 65
38, 328, 160, 93
38, 203, 160, 20
38, 462, 160, 9
38, 591, 160, 27
38, 229, 160, 61
38, 234, 160, 83
38, 117, 160, 37
38, 374, 160, 47
38, 379, 160, 4
38, 252, 160, 45
38, 321, 161, 51
38, 386, 161, 80
38, 193, 161, 67
38, 289, 161, 64
38, 265, 161, 73
38, 364, 161, 15
38, 431, 161, 32
38, 437, 161, 16
38, 185, 161, 68
38, 35, 162, 87
38, 486, 162, 30
38, 40, 162, 59
38, 425, 162, 89
38, 105, 162, 90
38, 11, 162, 60
38, 43, 162, 91
38, 589, 162, 31
38, 591, 162, 27
38, 464, 162, 19
38, 465, 162, 28
38, 284, 162, 89
38, 8, 163, 23
38, 264, 163, 35
38, 205, 163, 17
38, 270, 163, 34
38, 370, 163, 22
38, 148, 163, 5
38, 532, 163, 97
38, 182, 163, 21
38, 215, 163, 95
38, 290, 164, 19
38, 229, 164, 61
38, 105, 164, 90
38, 75, 164, 50
38, 572, 164, 78
38, 351, 164, 62
38, 38, 165, 38
38, 231, 165, 94
38, 591, 165, 27
38, 48, 165, 23
38, 433, 165, 50
38, 386, 166, 80
38, 4, 166, 87
38, 393, 166, 47
38, 11, 166, 60
38, 139, 166, 77
38, 14, 166, 57
38, 156, 166, 76
38, 418, 166, 66
38, 291, 166, 17
38, 290, 166, 19
38, 304, 166, 66
38, 446, 166, 32
38, 67, 166, 10
38, 71, 166, 99
38, 589, 166, 31
38, 598, 166, 69
38, 103, 166, 90
38, 231, 166, 94
38, 105, 166, 90
38, 361, 166, 45
38, 370, 166, 22
38, 122, 166, 44
38, 252, 166, 45
38, 321, 167, 51
38, 418, 167, 66
38, 99, 167, 63
38, 70, 167, 2
38, 542, 167, 27
38, 333, 167, 8
38, 206, 167, 19
38, 15, 167, 4
38, 335, 167, 55
38, 305, 167, 9
38, 50, 167, 1
38, 14, 167, 57
38, 213, 167, 7
38, 254, 167, 96
38, 26, 167, 34
38, 574, 167, 87
38, 576, 168, 28
38, 33, 168, 1
38, 546, 168, 42
38, 291, 168, 17
38, 388, 168, 22
38, 293, 168, 77
38, 356, 168, 100
38, 196, 168, 95
38, 72, 168, 74
38, 583, 168, 99
38, 460, 168, 62
38, 557, 168, 15
38, 590, 168, 29
38, 301, 168, 99
38, 334, 168, 3
38, 25, 168, 74
38, 477, 168, 7
38, 98, 169, 29
38, 354, 169, 9
38, 38, 169, 38
38, 235, 169, 49
38, 45, 169, 73
38, 241, 169, 68
38, 82, 169, 18
38, 253, 169, 26
38, 223, 169, 40
38, 288, 170, 80
38, 544, 170, 18
38, 512, 170, 71
38, 579, 170, 72
38, 192, 170, 23
38, 104, 170, 6
38, 489, 170, 14
38, 459, 170, 6
38, 428, 170, 90
38, 238, 170, 99
38, 466, 170, 34
38, 178, 170, 12
38, 438, 170, 87
38, 573, 170, 51
38, 11, 171, 60
38, 117, 171, 37
38, 182, 171, 21
38, 56, 171, 77
38, 473, 171, 89
38, 384, 172, 23
38, 1, 172, 55
38, 482, 172, 79
38, 133, 172, 36
38, 391, 172, 67
38, 360, 172, 77
38, 72, 172, 74
38, 169, 172, 28
38, 587, 172, 86
38, 202, 172, 82
38, 424, 172, 16
38, 144, 172, 37
38, 593, 172, 82
38, 58, 172, 87
38, 27, 172, 45
38, 28, 172, 41
38, 127, 172, 72
38, 389, 173, 41
38, 264, 173, 35
38, 265, 173, 73
38, 141, 173, 100
38, 175, 173, 10
38, 561, 173, 16
38, 179, 173, 39
38, 52, 173, 23
38, 437, 173, 16
38, 564, 173, 21
38, 57, 173, 32
38, 442, 173, 68
38, 318, 173, 73
38, 196, 173, 95
38, 586, 173, 17
38, 593, 173, 82
38, 468, 173, 82
38, 477, 173, 7
38, 100, 173, 29
38, 488, 173, 76
38, 244, 173, 98
38, 127, 173, 72
38, 511, 173, 4
38, 385, 174, 41
38, 193, 174, 67
38, 291, 174, 17
38, 292, 174, 79
38, 581, 174, 57
38, 425, 174, 89
38, 110, 174, 90
38, 496, 174, 62
38, 208, 174, 41
38, 274, 174, 39
38, 115, 174, 29
38, 52, 174, 23
38, 309, 174, 99
38, 566, 174, 53
38, 468, 174, 82
38, 315, 174, 64
38, 131, 175, 86
38, 5, 175, 83
38, 517, 175, 94
38, 263, 175, 82
38, 135, 175, 4
38, 14, 175, 57
38, 399, 175, 2
38, 149, 175, 86
38, 160, 175, 59
38, 161, 175, 24
38, 296, 175, 44
38, 553, 175, 74
38, 554, 175, 58
38, 300, 175, 52
38, 439, 175, 2
38, 441, 175, 69
38, 451, 175, 72
38, 582, 175, 75
38, 78, 175, 32
38, 209, 175, 86
38, 494, 175, 30
38, 370, 175, 22
38, 70, 176, 2
38, 198, 176, 29
38, 456, 176, 20
38, 234, 176, 83
38, 364, 176, 15
38, 237, 176, 67
38, 494, 176, 30
38, 205, 176, 17
38, 48, 176, 23
38, 81, 176, 68
38, 178, 176, 12
38, 173, 176, 77
38, 20, 176, 39
38, 245, 176, 18
38, 566, 176, 53
38, 472, 176, 93
38, 187, 176, 50
38, 128, 177, 90
38, 386, 177, 80
38, 265, 177, 73
38, 10, 177, 22
38, 11, 177, 60
38, 402, 177, 55
38, 296, 177, 44
38, 168, 177, 55
38, 563, 177, 30
38, 564, 177, 21
38, 183, 177, 19
38, 568, 177, 46
38, 570, 177, 81
38, 67, 177, 10
38, 76, 177, 23
38, 474, 177, 53
38, 348, 177, 60
38, 355, 177, 77
38, 103, 177, 90
38, 488, 177, 76
38, 364, 177, 15
38, 371, 177, 61
38, 122, 177, 44
38, 5, 178, 83
38, 392, 178, 72
38, 139, 178, 77
38, 396, 178, 48
38, 277, 178, 39
38, 149, 178, 86
38, 538, 178, 33
38, 412, 178, 5
38, 544, 178, 18
38, 62, 178, 61
38, 577, 178, 87
38, 66, 178, 6
38, 450, 178, 51
38, 79, 178, 58
38, 466, 178, 34
38, 595, 178, 55
38, 82, 178, 18
38, 115, 178, 29
38, 375, 178, 51
38, 128, 179, 90
38, 546, 179, 42
38, 547, 179, 5
38, 324, 179, 2
38, 423, 179, 28
38, 41, 179, 54
38, 458, 179, 13
38, 395, 179, 44
38, 431, 179, 32
38, 402, 179, 55
38, 403, 179, 3
38, 180, 179, 19
38, 373, 179, 13
38, 308, 179, 59
38, 26, 179, 34
38, 28, 179, 41
38, 542, 179, 27
38, 576, 180, 28
38, 161, 180, 24
38, 354, 180, 9
38, 324, 180, 2
38, 166, 180, 74
38, 13, 180, 14
38, 558, 180, 8
38, 210, 180, 43
38, 307, 180, 57
38, 279, 180, 99
38, 346, 180, 90
38, 507, 180, 75
38, 318, 180, 73
38, 479, 180, 83
38, 34, 181, 63
38, 136, 181, 8
38, 203, 181, 20
38, 527, 181, 5
38, 599, 181, 98
38, 32, 182, 22
38, 323, 182, 87
38, 421, 182, 25
38, 101, 182, 29
38, 9, 182, 70
38, 171, 182, 81
38, 590, 182, 29
38, 592, 182, 23
38, 18, 182, 23
38, 243, 182, 21
38, 595, 182, 55
38, 307, 182, 57
38, 501, 182, 34
38, 568, 182, 46
38, 250, 182, 46
38, 379, 182, 4
38, 416, 183, 33
38, 357, 183, 24
38, 230, 183, 33
38, 423, 183, 28
38, 455, 183, 22
38, 168, 183, 55
38, 331, 183, 93
38, 237, 183, 67
38, 430, 183, 43
38, 47, 183, 47
38, 560, 183, 80
38, 529, 183, 62
38, 146, 183, 48
38, 144, 183, 37
38, 180, 183, 19
38, 472, 183, 93
38, 507, 183, 75
38, 188, 183, 100
38, 512, 184, 71
38, 65, 184, 28
38, 97, 184, 51
38, 163, 184, 79
38, 196, 184, 95
38, 391, 184, 67
38, 136, 184, 8
38, 457, 184, 80
38, 234, 184, 83
38, 75, 184, 50
38, 559, 184, 60
38, 371, 184, 61
38, 118, 184, 16
38, 375, 184, 51
38, 56, 184, 77
38, 249, 184, 5
38, 288, 185, 80
38, 454, 185, 93
38, 171, 185, 81
38, 555, 185, 55
38, 300, 185, 52
38, 141, 185, 100
38, 207, 185, 27
38, 85, 185, 89
38, 374, 185, 47
38, 409, 185, 48
38, 265, 186, 73
38, 25, 186, 74
38, 285, 186, 62
38, 544, 186, 18
38, 170, 186, 8
38, 427, 186, 29
38, 55, 186, 13
38, 61, 186, 75
38, 62, 186, 61
38, 450, 186, 51
38, 67, 186, 10
38, 585, 186, 43
38, 73, 186, 57
38, 463, 186, 48
38, 336, 186, 94
38, 337, 186, 19
38, 475, 186, 4
38, 352, 186, 85
38, 239, 186, 76
38, 370, 186, 22
38, 255, 186, 21
38, 65, 187, 28
38, 6, 187, 32
38, 9, 187, 70
38, 491, 187, 38
38, 123, 187, 78
38, 97, 188, 51
38, 580, 188, 86
38, 199, 188, 62
38, 270, 188, 34
38, 411, 188, 81
38, 573, 188, 51
38, 383, 188, 93
38, 547, 189, 5
38, 68, 189, 5
38, 229, 189, 61
38, 228, 189, 89
38, 583, 189, 99
38, 269, 189, 48
38, 531, 189, 9
38, 569, 189, 77
38, 410, 189, 72
38, 254, 189, 96
38, 25, 190, 74
38, 417, 190, 10
38, 37, 190, 62
38, 312, 190, 99
38, 570, 190, 81
38, 59, 190, 63
38, 66, 190, 6
38, 325, 190, 21
38, 69, 190, 11
38, 332, 190, 97
38, 218, 190, 31
38, 90, 190, 98
38, 228, 190, 89
38, 484, 190, 67
38, 487, 190, 13
38, 107, 190, 100
38, 364, 190, 15
38, 505, 190, 42
38, 495, 190, 13
38, 370, 190, 22
38, 377, 190, 11
38, 253, 190, 26
38, 354, 191, 9
38, 484, 191, 67
38, 552, 191, 22
38, 11, 191, 60
38, 526, 191, 96
38, 47, 191, 47
38, 272, 191, 75
38, 275, 191, 38
38, 500, 191, 39
38, 117, 191, 37
38, 439, 191, 2
38, 124, 191, 40
38, 189, 191, 25
38, 160, 192, 59
38, 131, 192, 86
38, 195, 192, 90
38, 263, 192, 82
38, 456, 192, 20
38, 104, 192, 6
38, 519, 192, 57
38, 587, 192, 86
38, 333, 192, 8
38, 433, 192, 50
38, 242, 192, 67
38, 18, 192, 23
38, 117, 192, 37
38, 439, 192, 2
38, 280, 192, 88
38, 506, 192, 80
38, 91, 192, 62
38, 480, 193, 37
38, 65, 193, 28
38, 416, 193, 33
38, 3, 193, 41
38, 484, 193, 67
38, 133, 193, 36
38, 102, 193, 67
38, 391, 193, 67
38, 553, 193, 74
38, 46, 193, 86
38, 399, 193, 2
38, 560, 193, 80
38, 465, 193, 28
38, 338, 193, 54
38, 340, 193, 82
38, 214, 193, 98
38, 417, 194, 10
38, 258, 194, 30
38, 419, 194, 51
38, 37, 194, 62
38, 422, 194, 48
38, 115, 194, 29
38, 442, 194, 68
38, 411, 194, 81
38, 574, 194, 87
38, 277, 195, 39
38, 288, 195, 80
38, 162, 195, 13
38, 166, 195, 74
38, 308, 195, 59
38, 58, 195, 87
38, 574, 195, 87
38, 192, 195, 23
38, 322, 195, 10
38, 200, 195, 63
38, 73, 195, 57
38, 81, 195, 68
38, 83, 195, 61
38, 596, 195, 3
38, 342, 195, 88
38, 216, 195, 67
38, 475, 195, 4
38, 352, 195, 85
38, 360, 195, 77
38, 376, 195, 73
38, 384, 196, 23
38, 516, 196, 65
38, 324, 196, 2
38, 390, 196, 74
38, 359, 196, 87
38, 39, 196, 67
38, 136, 196, 8
38, 548, 196, 55
38, 524, 196, 98
38, 493, 196, 10
38, 373, 196, 13
38, 597, 196, 14
38, 279, 196, 99
38, 313, 196, 91
38, 253, 196, 26
38, 183, 196, 19
38, 32, 197, 22
38, 327, 197, 56
38, 204, 197, 42
38, 47, 197, 47
38, 336, 197, 94
38, 560, 197, 80
38, 146, 197, 48
38, 51, 197, 19
38, 371, 197, 61
38, 345, 197, 76
38, 541, 197, 40
38, 417, 198, 10
38, 581, 198, 57
38, 102, 198, 67
38, 389, 198, 41
38, 490, 198, 38
38, 301, 198, 99
38, 333, 198, 8
38, 111, 198, 50
38, 403, 198, 3
38, 308, 198, 59
38, 409, 198, 48
38, 218, 198, 31
38, 126, 198, 41
38, 552, 199, 22
38, 520, 199, 75
38, 106, 199, 90
38, 430, 199, 43
38, 175, 199, 10
38, 246, 199, 38
38, 183, 199, 19
38, 440, 199, 54
38, 345, 199, 76
38, 154, 199, 76
38, 61, 199, 75
38, 385, 200, 41
38, 395, 200, 44
38, 403, 200, 3
38, 405, 200, 13
38, 24, 200, 32
38, 156, 200, 76
38, 415, 200, 67
38, 172, 200, 22
38, 173, 200, 77
38, 429, 200, 85
38, 179, 200, 39
38, 181, 200, 32
38, 440, 200, 54
38, 571, 200, 64
38, 449, 200, 38
38, 78, 200, 32
38, 594, 200, 37
38, 88, 200, 76
38, 504, 200, 59
38, 452, 201, 28
38, 580, 201, 86
38, 198, 201, 29
38, 263, 201, 82
38, 112, 201, 78
38, 465, 201, 28
38, 375, 201, 51
38, 411, 201, 81
38, 253, 201, 26
38, 418, 202, 66
38, 100, 202, 29
38, 423, 202, 28
38, 71, 202, 99
38, 74, 202, 14
38, 171, 202, 81
38, 428, 202, 90
38, 141, 202, 100
38, 558, 202, 8
38, 309, 202, 99
38, 538, 202, 33
38, 283, 202, 4
38, 129, 203, 54
38, 1, 203, 55
38, 265, 203, 73
38, 25, 203, 74
38, 410, 203, 72
38, 289, 203, 64
38, 40, 203, 59
38, 299, 203, 57
38, 557, 203, 15
38, 558, 203, 8
38, 563, 203, 30
38, 180, 203, 19
38, 313, 203, 91
38, 446, 203, 32
38, 63, 203, 67
38, 327, 203, 56
38, 222, 203, 30
38, 496, 203, 62
38, 252, 203, 45
38, 125, 203, 79
38, 511, 203, 4
38, 321, 204, 51
38, 368, 204, 63
38, 528, 204, 4
38, 113, 204, 45
38, 402, 204, 55
38, 436, 204, 24
38, 407, 204, 64
38, 252, 204, 45
38, 479, 204, 83
38, 96, 205, 38
38, 129, 205, 54
38, 355, 205, 77
38, 262, 205, 76
38, 455, 205, 22
38, 300, 205, 52
38, 301, 205, 99
38, 430, 205, 43
38, 304, 205, 66
38, 121, 205, 56
38, 220, 205, 62
38, 132, 206, 49
38, 5, 206, 83
38, 134, 206, 27
38, 522, 206, 21
38, 17, 206, 8
38, 22, 206, 13
38, 24, 206, 32
38, 168, 206, 55
38, 174, 206, 24
38, 558, 206, 8
38, 304, 206, 66
38, 318, 206, 73
38, 457, 206, 80
38, 206, 206, 19
38, 82, 206, 18
38, 83, 206, 61
38, 213, 206, 7
38, 90, 206, 98
38, 370, 206, 22
38, 377, 206, 11
38, 420, 207, 89
38, 390, 207, 74
38, 427, 207, 29
38, 85, 207, 89
38, 29, 207, 86
38, 67, 208, 10
38, 7, 208, 23
38, 71, 208, 99
38, 234, 208, 83
38, 203, 208, 20
38, 301, 208, 99
38, 336, 208, 94
38, 465, 208, 28
38, 50, 208, 1
38, 52, 208, 23
38, 503, 208, 33
38, 569, 208, 77
38, 250, 208, 46
38, 540, 208, 14
38, 320, 209, 97
38, 354, 209, 9
38, 35, 209, 87
38, 583, 209, 99
38, 71, 209, 99
38, 489, 209, 14
38, 14, 209, 57
38, 177, 209, 76
38, 433, 209, 50
38, 246, 209, 38
38, 126, 209, 41
38, 34, 210, 63
38, 446, 210, 32
38, 135, 210, 4
38, 456, 210, 20
38, 522, 210, 21
38, 364, 210, 15
38, 526, 210, 96
38, 499, 210, 43
38, 341, 210, 2
38, 501, 210, 34
38, 598, 210, 69
38, 248, 210, 58
38, 126, 210, 41
38, 444, 210, 3
38, 286, 210, 3
38, 163, 211, 79
38, 484, 211, 67
38, 519, 211, 57
38, 520, 211, 75
38, 523, 211, 34
38, 48, 211, 23
38, 337, 211, 19
38, 563, 211, 30
38, 244, 211, 98
38, 409, 211, 48
38, 219, 211, 54
38, 132, 212, 49
38, 5, 212, 83
38, 141, 212, 100
38, 402, 212, 55
38, 159, 212, 78
38, 421, 212, 25
38, 552, 212, 22
38, 309, 212, 99
38, 313, 212, 91
38, 571, 212, 64
38, 452, 212, 28
38, 332, 212, 97
38, 334, 212, 3
38, 592, 212, 23
38, 336, 212, 94
38, 221, 212, 73
38, 478, 212, 71
38, 481, 212, 19
38, 494, 212, 30
38, 503, 212, 33
38, 161, 213, 24
38, 98, 213, 29
38, 4, 213, 87
38, 488, 213, 76
38, 265, 213, 73
38, 396, 213, 48
38, 114, 213, 68
38, 277, 213, 39
38, 534, 213, 68
38, 60, 213, 36
38, 64, 214, 11
38, 129, 214, 54
38, 361, 214, 45
38, 171, 214, 81
38, 589, 214, 31
38, 526, 214, 96
38, 400, 214, 62
38, 241, 214, 68
38, 258, 215, 30
38, 36, 215, 20
38, 522, 215, 21
38, 554, 215, 58
38, 13, 215, 14
38, 465, 215, 28
38, 211, 215, 39
38, 310, 215, 83
38, 97, 216, 51
38, 195, 216, 90
38, 440, 216, 54
38, 423, 216, 28
38, 8, 216, 23
38, 472, 216, 93
38, 202, 216, 82
38, 39, 216, 67
38, 568, 216, 46
38, 135, 216, 4
38, 106, 216, 90
38, 271, 216, 43
38, 114, 216, 68
38, 466, 216, 34
38, 564, 216, 21
38, 597, 216, 14
38, 536, 216, 6
38, 507, 216, 75
38, 263, 217, 82
38, 139, 217, 77
38, 588, 217, 70
38, 143, 217, 28
38, 240, 217, 23
38, 595, 217, 55
38, 441, 217, 69
38, 26, 217, 34
38, 347, 217, 39
38, 128, 218, 90
38, 35, 218, 87
38, 550, 218, 94
38, 551, 218, 24
38, 166, 218, 74
38, 200, 218, 63
38, 525, 218, 10
38, 173, 218, 77
38, 274, 218, 39
38, 211, 218, 39
38, 379, 218, 4
38, 119, 218, 70
38, 251, 218, 3
38, 252, 218, 45
38, 254, 218, 96
38, 320, 219, 97
38, 481, 219, 19
38, 386, 219, 80
38, 164, 219, 74
38, 485, 219, 77
38, 137, 219, 52
38, 123, 219, 78
38, 77, 219, 22
38, 557, 219, 15
38, 237, 219, 67
38, 86, 219, 75
38, 183, 219, 19
38, 282, 219, 18
38, 158, 219, 32
38, 542, 219, 27
38, 101, 220, 29
38, 432, 220, 67
38, 241, 220, 68
38, 155, 220, 4
38, 124, 220, 40
38, 2, 221, 74
38, 388, 221, 22
38, 19, 221, 99
38, 279, 221, 99
38, 152, 221, 36
38, 537, 221, 73
38, 550, 221, 94
38, 298, 221, 32
38, 183, 221, 19
38, 65, 221, 28
38, 581, 221, 57
38, 327, 221, 56
38, 72, 221, 74
38, 473, 221, 89
38, 90, 221, 98
38, 92, 221, 82
38, 248, 221, 58
38, 354, 221, 9
38, 483, 221, 78
38, 364, 221, 15
38, 493, 221, 10
38, 496, 221, 62
38, 118, 221, 16
38, 504, 221, 59
38, 450, 222, 51
38, 3, 222, 41
38, 446, 222, 32
38, 66, 222, 6
38, 425, 222, 89
38, 429, 222, 85
38, 365, 222, 36
38, 399, 222, 2
38, 270, 222, 34
38, 465, 222, 28
38, 271, 222, 43
38, 305, 222, 9
38, 463, 222, 48
38, 150, 222, 38
38, 407, 222, 64
38, 222, 222, 30
38, 375, 222, 51
38, 318, 223, 73
38, 548, 223, 55
38, 232, 223, 87
38, 499, 223, 43
38, 471, 223, 85
38, 474, 223, 53
38, 27, 223, 45
38, 156, 223, 76
38, 446, 223, 32
38, 32, 224, 22
38, 293, 224, 77
38, 134, 224, 27
38, 476, 224, 94
38, 105, 224, 90
38, 45, 224, 73
38, 207, 224, 27
38, 143, 224, 28
38, 17, 224, 8
38, 433, 224, 50
38, 528, 224, 4
38, 52, 224, 23
38, 502, 224, 9
38, 311, 224, 15
38, 570, 224, 81
38, 91, 224, 62
38, 156, 224, 76
38, 159, 224, 78
38, 0, 225, 8
38, 321, 225, 51
38, 248, 225, 58
38, 452, 225, 28
38, 351, 225, 62
38, 299, 225, 57
38, 270, 225, 34
38, 369, 225, 54
38, 402, 225, 55
38, 242, 225, 67
38, 24, 225, 32
38, 60, 225, 36
38, 349, 225, 68
38, 413, 225, 56
38, 159, 225, 78
38, 70, 226, 2
38, 268, 226, 100
38, 273, 226, 42
38, 152, 226, 36
38, 377, 226, 11
38, 508, 226, 26
38, 471, 227, 85
38, 35, 227, 87
38, 419, 227, 51
38, 67, 227, 10
38, 166, 227, 74
38, 472, 227, 93
38, 200, 227, 63
38, 520, 227, 75
38, 490, 227, 38
38, 197, 227, 69
38, 595, 227, 55
38, 371, 227, 61
38, 179, 227, 39
38, 215, 227, 95
38, 280, 227, 88
38, 27, 227, 45
38, 28, 227, 41
38, 479, 227, 83
38, 385, 228, 41
38, 131, 228, 86
38, 138, 228, 65
38, 275, 228, 38
38, 285, 228, 62
38, 163, 228, 79
38, 560, 228, 80
38, 178, 228, 12
38, 565, 228, 49
38, 575, 228, 52
38, 578, 228, 69
38, 456, 228, 20
38, 207, 228, 27
38, 336, 228, 94
38, 103, 228, 90
38, 112, 228, 78
38, 371, 228, 61
38, 119, 228, 70
38, 121, 228, 56
38, 388, 229, 22
38, 390, 229, 74
38, 402, 229, 55
38, 149, 229, 86
38, 408, 229, 47
38, 537, 229, 73
38, 157, 229, 45
38, 165, 229, 13
38, 426, 229, 6
38, 428, 229, 90
38, 440, 229, 54
38, 192, 229, 23
38, 454, 229, 93
38, 338, 229, 54
38, 494, 229, 30
38, 371, 229, 61
38, 507, 229, 75
38, 380, 229, 40
38, 125, 229, 79
38, 576, 230, 28
38, 1, 230, 55
38, 418, 230, 66
38, 361, 230, 45
38, 14, 230, 57
38, 495, 230, 13
38, 466, 230, 34
38, 212, 230, 12
38, 119, 230, 70
38, 439, 230, 2
38, 56, 230, 77
38, 542, 230, 27
38, 255, 230, 21
38, 130, 231, 34
38, 39, 231, 67
38, 525, 231, 10
38, 399, 231, 2
38, 464, 231, 19
38, 21, 231, 97
38, 28, 231, 41
38, 349, 231, 68
38, 254, 231, 96
38, 257, 232, 10
38, 382, 232, 39
38, 357, 232, 24
38, 70, 232, 2
38, 550, 232, 94
38, 72, 232, 74
38, 361, 232, 45
38, 424, 232, 16
38, 458, 232, 13
38, 537, 232, 73
38, 15, 232, 4
38, 495, 232, 13
38, 181, 232, 32
38, 88, 232, 76
38, 505, 232, 42
38, 476, 232, 94
38, 542, 232, 27
38, 127, 232, 72
38, 4, 233, 87
38, 132, 233, 49
38, 407, 233, 64
38, 410, 233, 72
38, 177, 233, 76
38, 56, 233, 77
38, 313, 233, 91
38, 185, 233, 68
38, 445, 233, 81
38, 191, 233, 56
38, 192, 233, 23
38, 72, 233, 74
38, 202, 233, 82
38, 75, 233, 50
38, 592, 233, 23
38, 594, 233, 37
38, 468, 233, 82
38, 347, 233, 39
38, 222, 233, 30
38, 227, 233, 32
38, 102, 233, 67
38, 230, 233, 33
38, 361, 233, 45
38, 499, 233, 43
38, 159, 234, 78
38, 33, 234, 1
38, 431, 234, 32
38, 209, 234, 86
38, 338, 234, 54
38, 593, 234, 82
38, 372, 234, 77
38, 318, 234, 73
38, 415, 234, 67
38, 359, 235, 87
38, 552, 235, 22
38, 300, 235, 52
38, 173, 235, 77
38, 242, 235, 67
38, 184, 235, 5
38, 570, 235, 81
38, 315, 235, 64
38, 476, 235, 94
38, 159, 235, 78
38, 256, 236, 57
38, 129, 236, 54
38, 391, 236, 67
38, 266, 236, 46
38, 530, 236, 27
38, 148, 236, 5
38, 409, 236, 48
38, 544, 236, 18
38, 430, 236, 43
38, 182, 236, 21
38, 310, 236, 83
38, 188, 236, 100
38, 317, 236, 62
38, 63, 236, 67
38, 66, 236, 6
38, 594, 236, 37
38, 223, 236, 40
38, 479, 236, 83
38, 356, 236, 100
38, 489, 236, 14
38, 255, 236, 21
38, 32, 237, 22
38, 226, 237, 90
38, 262, 237, 76
38, 454, 237, 93
38, 8, 237, 23
38, 426, 237, 6
38, 28, 237, 41
38, 302, 237, 40
38, 431, 237, 32
38, 589, 237, 31
38, 561, 237, 16
38, 19, 237, 99
38, 282, 237, 18
38, 252, 237, 45
38, 71, 238, 99
38, 424, 238, 16
38, 395, 238, 44
38, 13, 238, 14
38, 141, 238, 100
38, 109, 238, 49
38, 80, 238, 27
38, 144, 238, 37
38, 501, 238, 34
38, 474, 238, 53
38, 61, 238, 75
38, 142, 239, 79
38, 530, 239, 27
38, 24, 239, 32
38, 285, 239, 62
38, 416, 239, 33
38, 161, 239, 24
38, 547, 239, 5
38, 164, 239, 74
38, 304, 239, 66
38, 452, 239, 28
38, 72, 239, 74
38, 458, 239, 13
38, 590, 239, 29
38, 217, 239, 20
38, 99, 239, 63
38, 357, 239, 24
38, 230, 239, 33
38, 491, 239, 38
38, 508, 239, 26
38, 261, 240, 7
38, 137, 240, 52
38, 267, 240, 34
38, 19, 240, 99
38, 534, 240, 68
38, 407, 240, 64
38, 285, 240, 62
38, 29, 240, 86
38, 560, 240, 80
38, 440, 240, 54
38, 444, 240, 3
38, 327, 240, 56
38, 584, 240, 28
38, 72, 240, 74
38, 347, 240, 39
38, 478, 240, 71
38, 352, 240, 85
38, 225, 240, 30
38, 357, 240, 24
38, 364, 240, 15
38, 246, 240, 38
38, 119, 240, 70
38, 378, 240, 58
38, 511, 240, 4
38, 453, 241, 65
38, 229, 241, 61
38, 104, 241, 6
38, 562, 241, 89
38, 52, 241, 23
38, 535, 241, 68
38, 345, 241, 76
38, 133, 242, 36
38, 7, 242, 23
38, 526, 242, 96
38, 410, 242, 72
38, 172, 242, 22
38, 46, 242, 86
38, 51, 242, 19
38, 436, 242, 24
38, 314, 242, 40
38, 444, 242, 3
38, 327, 242, 56
38, 204, 242, 42
38, 79, 242, 58
38, 595, 242, 55
38, 340, 242, 82
38, 343, 242, 99
38, 472, 242, 93
38, 486, 242, 30
38, 365, 242, 36
38, 376, 242, 73
38, 506, 242, 80
38, 381, 242, 46
38, 259, 243, 76
38, 5, 243, 83
38, 135, 243, 4
38, 345, 243, 76
38, 329, 243, 8
38, 235, 243, 49
38, 13, 243, 14
38, 366, 243, 71
38, 335, 243, 55
38, 249, 243, 5
38, 570, 243, 81
38, 411, 243, 81
38, 25, 243, 74
38, 131, 244, 86
38, 260, 244, 18
38, 517, 244, 94
38, 398, 244, 29
38, 410, 244, 72
38, 286, 244, 3
38, 42, 244, 71
38, 429, 244, 85
38, 566, 244, 53
38, 183, 244, 19
38, 56, 244, 77
38, 581, 244, 57
38, 332, 244, 97
38, 474, 244, 53
38, 487, 244, 13
38, 362, 244, 66
38, 363, 244, 56
38, 236, 244, 38
38, 370, 244, 22
38, 253, 244, 26
38, 129, 245, 54
38, 2, 245, 74
38, 8, 245, 23
38, 139, 245, 77
38, 142, 245, 79
38, 146, 245, 48
38, 532, 245, 97
38, 288, 245, 80
38, 173, 245, 77
38, 177, 245, 76
38, 433, 245, 50
38, 565, 245, 49
38, 567, 245, 92
38, 319, 245, 89
38, 576, 245, 28
38, 577, 245, 87
38, 206, 245, 19
38, 472, 245, 93
38, 217, 245, 20
38, 92, 245, 82
38, 227, 245, 32
38, 494, 245, 30
38, 248, 245, 58
38, 507, 245, 75
38, 511, 245, 4
38, 64, 246, 11
38, 193, 246, 67
38, 481, 246, 19
38, 553, 246, 74
38, 270, 246, 34
38, 78, 246, 32
38, 181, 246, 32
38, 53, 246, 58
38, 183, 246, 19
38, 185, 246, 68
38, 218, 246, 31
38, 255, 246, 21
38, 577, 247, 87
38, 226, 247, 90
38, 579, 247, 72
38, 198, 247, 29
38, 504, 247, 59
38, 297, 247, 28
38, 588, 247, 70
38, 460, 247, 62
38, 311, 247, 15
38, 88, 247, 76
38, 315, 247, 64
38, 31, 247, 15
38, 389, 248, 41
38, 70, 248, 2
38, 488, 248, 76
38, 406, 248, 39
38, 408, 248, 47
38, 188, 248, 100
38, 129, 249, 54
38, 66, 249, 6
38, 356, 249, 100
38, 38, 249, 38
38, 390, 249, 74
38, 423, 249, 28
38, 393, 249, 47
38, 556, 249, 52
38, 45, 249, 73
38, 558, 249, 8
38, 47, 249, 47
38, 304, 249, 66
38, 402, 249, 55
38, 152, 249, 36
38, 92, 249, 82
38, 541, 249, 40
38, 30, 249, 75
38, 63, 249, 67
38, 512, 250, 71
38, 523, 250, 34
38, 526, 250, 96
38, 398, 250, 29
38, 401, 250, 25
38, 278, 250, 15
38, 288, 250, 80
38, 547, 250, 5
38, 36, 250, 20
38, 549, 250, 1
38, 426, 250, 6
38, 42, 250, 71
38, 58, 250, 87
38, 443, 250, 7
38, 447, 250, 8
38, 580, 250, 86
38, 584, 250, 28
38, 231, 250, 94
38, 104, 250, 6
38, 105, 250, 90
38, 367, 250, 21
38, 227, 251, 32
38, 356, 251, 100
38, 453, 251, 65
38, 198, 251, 29
38, 389, 251, 41
38, 69, 251, 11
38, 265, 251, 73
38, 362, 251, 66
38, 170, 251, 8
38, 43, 251, 91
38, 378, 251, 58
38, 372, 251, 77
38, 308, 251, 59
38, 184, 251, 5
38, 569, 251, 77
38, 282, 251, 18
38, 572, 251, 78
38, 254, 251, 96
38, 321, 252, 51
38, 513, 252, 48
38, 387, 252, 56
38, 414, 252, 83
38, 392, 252, 72
38, 555, 252, 55
38, 15, 252, 4
38, 368, 252, 63
38, 411, 252, 81
38, 284, 252, 89
38, 318, 252, 73
38, 1, 253, 55
38, 196, 253, 95
38, 420, 253, 89
38, 510, 253, 79
38, 263, 253, 82
38, 456, 253, 20
38, 39, 253, 67
38, 10, 253, 22
38, 139, 253, 77
38, 560, 253, 80
38, 530, 253, 27
38, 84, 253, 3
38, 55, 253, 13
38, 54, 253, 95
38, 599, 253, 98
38, 412, 253, 5
38, 574, 253, 87
38, 63, 253, 67
38, 395, 254, 44
38, 526, 254, 96
38, 143, 254, 28
38, 145, 254, 74
38, 17, 254, 8
38, 151, 254, 35
38, 29, 254, 86
38, 299, 254, 57
38, 429, 254, 85
38, 305, 254, 9
38, 309, 254, 99
38, 60, 254, 36
38, 198, 254, 29
38, 454, 254, 93
38, 461, 254, 44
38, 463, 254, 48
38, 95, 254, 96
38, 96, 254, 38
38, 226, 254, 90
38, 484, 254, 67
38, 385, 255, 41
38, 356, 255, 100
38, 452, 255, 28
38, 7, 255, 23
38, 504, 255, 59
38, 39, 255, 67
38, 106, 255, 90
38, 300, 255, 52
38, 495, 255, 13
38, 309, 255, 99
38, 246, 255, 38
38, 376, 255, 73
38, 505, 255, 42
38, 124, 255, 40
38, 414, 255, 83
38, 160, 256, 59
38, 33, 256, 1
38, 134, 256, 27
38, 104, 256, 6
38, 396, 256, 48
38, 111, 256, 50
38, 336, 256, 94
38, 465, 256, 28
38, 466, 256, 34
38, 283, 256, 4
38, 2, 257, 74
38, 236, 257, 38
38, 142, 257, 79
38, 242, 257, 67
38, 83, 257, 61
38, 181, 257, 32
38, 571, 257, 64
38, 576, 258, 28
38, 196, 258, 95
38, 517, 258, 94
38, 38, 258, 38
38, 236, 258, 38
38, 314, 258, 40
38, 76, 258, 23
38, 16, 258, 70
38, 529, 258, 62
38, 306, 258, 2
38, 368, 258, 63
38, 248, 258, 58
38, 154, 258, 76
38, 545, 259, 89
38, 33, 259, 1
38, 485, 259, 77
38, 69, 259, 11
38, 487, 259, 13
38, 165, 259, 13
38, 108, 259, 30
38, 110, 259, 90
38, 434, 259, 73
38, 436, 259, 24
38, 129, 260, 54
38, 66, 260, 6
38, 323, 260, 87
38, 520, 260, 75
38, 511, 260, 4
38, 172, 260, 22
38, 207, 260, 27
38, 569, 260, 77
38, 538, 260, 33
38, 411, 260, 81
38, 63, 260, 67
38, 7, 261, 23
38, 234, 261, 83
38, 395, 261, 44
38, 459, 261, 6
38, 462, 261, 9
38, 79, 261, 58
38, 304, 261, 66
38, 147, 261, 51
38, 538, 261, 33
38, 156, 261, 76
38, 70, 262, 2
38, 102, 262, 67
38, 434, 262, 73
38, 279, 262, 99
38, 217, 262, 20
38, 348, 262, 60
38, 261, 263, 7
38, 527, 263, 5
38, 400, 263, 62
38, 275, 263, 38
38, 537, 263, 73
38, 411, 263, 81
38, 416, 263, 33
38, 166, 263, 74
38, 176, 263, 15
38, 178, 263, 12
38, 56, 263, 77
38, 314, 263, 40
38, 68, 263, 5
38, 325, 263, 21
38, 588, 263, 70
38, 594, 263, 37
38, 597, 263, 14
38, 221, 263, 73
38, 99, 263, 63
38, 494, 263, 30
38, 250, 263, 46
38, 232, 264, 87
38, 497, 264, 21
38, 567, 264, 92
38, 541, 264, 40
38, 190, 264, 79
38, 512, 265, 71
38, 33, 265, 1
38, 259, 265, 76
38, 580, 265, 86
38, 295, 265, 23
38, 43, 265, 91
38, 492, 265, 66
38, 45, 265, 73
38, 17, 265, 8
38, 468, 265, 82
38, 340, 265, 82
38, 310, 265, 83
38, 152, 265, 36
38, 505, 265, 42
38, 30, 265, 75
38, 415, 265, 67
38, 389, 266, 41
38, 47, 266, 47
38, 499, 266, 43
38, 598, 266, 69
38, 155, 266, 4
38, 223, 266, 40
38, 259, 267, 76
38, 132, 267, 49
38, 262, 267, 76
38, 272, 267, 75
38, 530, 267, 27
38, 147, 267, 51
38, 23, 267, 78
38, 176, 267, 15
38, 309, 267, 99
38, 55, 267, 13
38, 60, 267, 36
38, 582, 267, 75
38, 337, 267, 19
38, 471, 267, 85
38, 344, 267, 2
38, 102, 267, 67
38, 489, 267, 14
38, 368, 267, 63
38, 241, 267, 68
38, 498, 267, 15
38, 370, 267, 22
38, 376, 267, 73
38, 517, 268, 94
38, 389, 268, 41
38, 267, 268, 34
38, 400, 268, 62
38, 27, 268, 45
38, 423, 268, 28
38, 44, 268, 59
38, 180, 268, 19
38, 436, 268, 24
38, 568, 268, 46
38, 60, 268, 36
38, 64, 268, 11
38, 324, 268, 2
38, 325, 268, 21
38, 454, 268, 93
38, 458, 268, 13
38, 223, 268, 40
38, 227, 268, 32
38, 229, 268, 61
38, 236, 268, 38
38, 225, 269, 30
38, 327, 269, 56
38, 461, 269, 44
38, 463, 269, 48
38, 185, 269, 68
38, 347, 269, 39
38, 414, 269, 83
38, 549, 270, 1
38, 262, 270, 76
38, 425, 270, 89
38, 11, 270, 60
38, 369, 270, 54
38, 274, 270, 39
38, 21, 270, 97
38, 278, 270, 15
38, 344, 270, 2
38, 0, 271, 8
38, 389, 271, 41
38, 133, 271, 36
38, 31, 271, 15
38, 163, 271, 79
38, 420, 271, 89
38, 49, 271, 79
38, 436, 271, 24
38, 181, 271, 32
38, 56, 271, 77
38, 571, 271, 64
38, 586, 271, 17
38, 345, 271, 76
38, 349, 271, 68
38, 485, 271, 77
38, 504, 271, 59
38, 232, 271, 87
38, 235, 271, 49
38, 248, 271, 58
38, 381, 271, 46
38, 126, 271, 41
38, 320, 272, 97
38, 224, 272, 66
38, 451, 272, 72
38, 260, 272, 18
38, 326, 272, 50
38, 8, 272, 23
38, 211, 272, 39
38, 286, 272, 3
38, 159, 272, 78
38, 160, 273, 59
38, 225, 273, 30
38, 388, 273, 22
38, 165, 273, 13
38, 169, 273, 28
38, 137, 273, 52
38, 206, 273, 19
38, 239, 273, 76
38, 494, 273, 30
38, 528, 273, 4
38, 498, 273, 15
38, 83, 273, 61
38, 468, 273, 82
38, 501, 273, 34
38, 124, 273, 40
38, 126, 273, 41
38, 260, 274, 18
38, 328, 274, 93
38, 426, 274, 6
38, 203, 274, 20
38, 172, 274, 22
38, 554, 274, 58
38, 19, 274, 99
38, 599, 274, 98
38, 217, 274, 20
38, 475, 274, 4
38, 316, 274, 90
38, 349, 274, 68
38, 318, 274, 73
38, 34, 275, 63
38, 514, 275, 76
38, 134, 275, 27
38, 231, 275, 94
38, 103, 275, 90
38, 265, 275, 73
38, 330, 275, 26
38, 329, 275, 8
38, 560, 275, 80
38, 181, 275, 32
38, 438, 275, 87
38, 375, 275, 51
38, 56, 275, 77
38, 124, 275, 40
38, 478, 275, 71
38, 262, 276, 76
38, 522, 276, 21
38, 399, 276, 2
38, 147, 276, 51
38, 22, 276, 13
38, 280, 276, 88
38, 30, 276, 75
38, 163, 276, 79
38, 165, 276, 13
38, 174, 276, 24
38, 47, 276, 47
38, 177, 276, 76
38, 441, 276, 69
38, 570, 276, 81
38, 194, 276, 80
38, 68, 276, 5
38, 460, 276, 62
38, 485, 276, 77
38, 487, 276, 13
38, 249, 276, 5
38, 252, 276, 45
38, 65, 277, 28
38, 98, 277, 29
38, 549, 277, 1
38, 582, 277, 75
38, 306, 277, 2
38, 149, 277, 86
38, 56, 277, 77
38, 347, 277, 39
38, 285, 277, 62
38, 479, 277, 83
38, 11, 278, 60
38, 12, 278, 92
38, 405, 278, 13
38, 415, 278, 67
38, 163, 278, 79
38, 551, 278, 24
38, 558, 278, 8
38, 571, 278, 64
38, 316, 278, 90
38, 191, 278, 56
38, 451, 278, 72
38, 581, 278, 57
38, 69, 278, 11
38, 461, 278, 44
38, 80, 278, 27
38, 337, 278, 19
38, 211, 278, 39
38, 84, 278, 3
38, 597, 278, 14
38, 95, 278, 96
38, 488, 278, 76
38, 501, 278, 34
38, 0, 279, 8
38, 39, 279, 67
38, 44, 279, 59
38, 13, 279, 14
38, 211, 279, 39
38, 503, 279, 33
38, 282, 279, 18
38, 126, 279, 41
38, 257, 280, 10
38, 514, 280, 76
38, 291, 280, 17
38, 519, 280, 57
38, 428, 280, 90
38, 429, 280, 85
38, 495, 280, 13
38, 240, 280, 23
38, 20, 280, 39
38, 119, 280, 70
38, 478, 280, 71
38, 255, 280, 21
38, 132, 281, 49
38, 230, 281, 33
38, 331, 281, 93
38, 127, 281, 72
38, 242, 281, 67
38, 147, 281, 51
38, 151, 281, 35
38, 184, 281, 5
38, 378, 281, 58
38, 379, 281, 4
38, 476, 281, 94
38, 479, 281, 83
38, 514, 282, 76
38, 516, 282, 65
38, 4, 282, 87
38, 21, 282, 97
38, 411, 282, 81
38, 540, 282, 14
38, 285, 282, 62
38, 424, 282, 16
38, 54, 282, 95
38, 315, 282, 64
38, 575, 282, 52
38, 195, 282, 90
38, 594, 282, 37
38, 597, 282, 14
38, 91, 282, 62
38, 348, 282, 60
38, 479, 282, 83
38, 495, 282, 13
38, 497, 282, 21
38, 502, 282, 9
38, 381, 282, 46
38, 577, 283, 87
38, 43, 283, 91
38, 83, 283, 61
38, 374, 283, 47
38, 443, 283, 7
38, 192, 284, 23
38, 193, 284, 67
38, 514, 284, 76
38, 163, 284, 79
38, 451, 284, 72
38, 548, 284, 55
38, 440, 284, 54
38, 39, 284, 67
38, 484, 284, 67
38, 172, 284, 22
38, 113, 284, 45
38, 247, 284, 82
38, 88, 284, 76
38, 508, 284, 26
38, 393, 285, 47
38, 522, 285, 21
38, 18, 285, 23
38, 278, 285, 15
38, 153, 285, 35
38, 541, 285, 40
38, 414, 285, 83
38, 415, 285, 67
38, 37, 285, 62
38, 38, 285, 38
38, 170, 285, 8
38, 427, 285, 29
38, 577, 285, 87
38, 200, 285, 63
38, 463, 285, 48
38, 339, 285, 82
38, 212, 285, 12
38, 598, 285, 69
38, 342, 285, 88
38, 473, 285, 89
38, 348, 285, 60
38, 481, 285, 19
38, 101, 285, 29
38, 498, 285, 15
38, 194, 286, 80
38, 323, 286, 87
38, 131, 286, 86
38, 383, 286, 93
38, 112, 286, 78
38, 563, 286, 30
38, 499, 286, 43
38, 405, 286, 13
38, 310, 286, 83
38, 372, 286, 77
38, 376, 286, 73
38, 473, 286, 89
38, 287, 286, 53
38, 394, 287, 38
38, 108, 287, 30
38, 401, 287, 25
38, 434, 287, 73
38, 189, 287, 25
38, 313, 287, 91
38, 539, 287, 47
38, 413, 287, 56
38, 385, 288, 41
38, 515, 288, 86
38, 136, 288, 8
38, 9, 288, 70
38, 266, 288, 46
38, 520, 288, 75
38, 14, 288, 57
38, 160, 288, 59
38, 187, 288, 50
38, 317, 288, 62
38, 211, 288, 39
38, 85, 288, 89
38, 218, 288, 31
38, 353, 288, 3
38, 101, 288, 29
38, 103, 288, 90
38, 488, 288, 76
38, 105, 288, 90
38, 234, 288, 83
38, 487, 288, 13
38, 231, 288, 94
38, 122, 288, 44
38, 508, 288, 26
38, 139, 289, 77
38, 395, 289, 44
38, 414, 289, 83
38, 160, 289, 59
38, 32, 289, 22
38, 38, 289, 38
38, 551, 289, 24
38, 296, 289, 44
38, 555, 289, 55
38, 567, 289, 92
38, 322, 289, 10
38, 455, 289, 22
38, 458, 289, 13
38, 588, 289, 70
38, 339, 289, 82
38, 87, 289, 97
38, 217, 289, 20
38, 218, 289, 31
38, 95, 289, 96
38, 364, 289, 15
38, 493, 289, 10
38, 244, 289, 98
38, 373, 289, 13
38, 118, 289, 16
38, 129, 290, 54
38, 577, 290, 87
38, 581, 290, 57
38, 549, 290, 1
38, 139, 290, 77
38, 588, 290, 70
38, 110, 290, 90
38, 465, 290, 28
38, 498, 290, 15
38, 114, 290, 68
38, 436, 290, 24
38, 502, 290, 9
38, 346, 290, 90
38, 123, 290, 78
38, 284, 290, 89
38, 253, 290, 26
38, 33, 291, 1
38, 35, 291, 87
38, 420, 291, 89
38, 451, 291, 72
38, 456, 291, 20
38, 105, 291, 90
38, 585, 291, 43
38, 587, 291, 86
38, 504, 291, 59
38, 200, 291, 63
38, 170, 291, 8
38, 559, 291, 60
38, 242, 291, 67
38, 61, 291, 75
38, 276, 291, 92
38, 216, 291, 67
38, 473, 291, 89
38, 189, 291, 25
38, 129, 292, 54
38, 515, 292, 86
38, 530, 292, 27
38, 539, 292, 47
38, 31, 292, 15
38, 39, 292, 67
38, 40, 292, 59
38, 425, 292, 89
38, 314, 292, 40
38, 454, 292, 93
38, 590, 292, 29
38, 339, 292, 82
38, 342, 292, 88
38, 215, 292, 95
38, 223, 292, 40
38, 353, 292, 3
38, 355, 292, 77
38, 242, 292, 67
38, 123, 292, 78
38, 380, 292, 40
38, 253, 292, 26
38, 254, 292, 96
38, 456, 293, 20
38, 171, 293, 81
38, 304, 293, 66
38, 531, 293, 9
38, 500, 293, 39
38, 151, 293, 35
38, 25, 293, 74
38, 257, 294, 10
38, 131, 294, 86
38, 260, 294, 18
38, 391, 294, 67
38, 265, 294, 73
38, 412, 294, 5
38, 542, 294, 27
38, 286, 294, 3
38, 292, 294, 79
38, 170, 294, 8
38, 427, 294, 29
38, 436, 294, 24
38, 58, 294, 87
38, 315, 294, 64
38, 60, 294, 36
38, 598, 294, 69
38, 475, 294, 4
38, 350, 294, 70
38, 236, 294, 38
38, 377, 294, 11
38, 506, 294, 80
38, 353, 295, 3
38, 161, 295, 24
38, 99, 295, 63
38, 7, 295, 23
38, 583, 295, 99
38, 457, 295, 80
38, 488, 295, 76
38, 553, 295, 74
38, 522, 295, 21
38, 80, 295, 27
38, 274, 295, 39
38, 211, 295, 39
38, 29, 295, 86
38, 31, 295, 15
38, 11, 296, 60
38, 395, 296, 44
38, 408, 296, 47
38, 280, 296, 88
38, 412, 296, 5
38, 286, 296, 3
38, 543, 296, 16
38, 33, 296, 1
38, 172, 296, 22
38, 179, 296, 39
38, 52, 296, 23
38, 565, 296, 49
38, 56, 296, 77
38, 441, 296, 69
38, 440, 296, 54
38, 195, 296, 90
38, 200, 296, 63
38, 465, 296, 28
38, 467, 296, 69
38, 469, 296, 90
38, 215, 296, 95
38, 346, 296, 90
38, 485, 296, 77
38, 494, 296, 30
38, 120, 296, 31
38, 192, 297, 23
38, 312, 297, 99
38, 281, 297, 57
38, 8, 297, 23
38, 169, 297, 28
38, 397, 297, 3
38, 525, 297, 10
38, 177, 297, 76
38, 434, 297, 73
38, 339, 297, 82
38, 179, 297, 39
38, 181, 297, 32
38, 56, 297, 77
38, 217, 297, 20
38, 538, 297, 33
38, 91, 297, 62
38, 63, 297, 67
38, 550, 298, 94
38, 17, 298, 8
38, 565, 298, 49
38, 470, 298, 94
38, 568, 298, 46
38, 351, 298, 62
38, 512, 299, 71
38, 2, 299, 74
38, 227, 299, 32
38, 195, 299, 90
38, 547, 299, 5
38, 200, 299, 63
38, 297, 299, 28
38, 203, 299, 20
38, 587, 299, 86
38, 205, 299, 17
38, 44, 299, 59
38, 144, 299, 37
38, 529, 299, 62
38, 534, 299, 68
38, 184, 299, 5
38, 249, 299, 5
38, 411, 299, 81
