300, 600, 30
51, 515, 0, 16
51, 389, 0, 44
51, 395, 0, 86
51, 526, 0, 35
51, 528, 0, 45
51, 153, 0, 94
51, 281, 0, 97
51, 60, 0, 17
51, 574, 0, 34
51, 191, 0, 22
51, 581, 0, 65
51, 327, 0, 98
51, 456, 0, 84
51, 336, 0, 29
51, 473, 0, 82
51, 345, 0, 64
51, 228, 0, 93
51, 368, 0, 24
51, 123, 0, 30
51, 354, 1, 32
51, 324, 1, 17
51, 292, 1, 22
51, 296, 1, 4
51, 77, 1, 39
51, 367, 1, 23
51, 15, 1, 46
51, 305, 1, 65
51, 119, 1, 26
51, 247, 1, 15
51, 575, 1, 91
51, 257, 2, 2
51, 418, 2, 88
51, 98, 2, 76
51, 290, 2, 78
51, 357, 2, 92
51, 102, 2, 12
51, 295, 2, 32
51, 303, 2, 86
51, 16, 2, 22
51, 80, 2, 98
51, 212, 2, 20
51, 86, 2, 76
51, 94, 2, 38
51, 383, 2, 42
51, 1, 3, 57
51, 197, 3, 61
51, 230, 3, 50
51, 166, 3, 42
51, 200, 3, 75
51, 394, 3, 15
51, 332, 3, 72
51, 278, 3, 28
51, 438, 3, 58
51, 538, 3, 11
51, 573, 3, 51
51, 263, 4, 60
51, 392, 4, 95
51, 12, 4, 7
51, 15, 4, 46
51, 277, 4, 67
51, 535, 4, 9
51, 291, 4, 98
51, 174, 4, 66
51, 303, 4, 86
51, 177, 4, 52
51, 53, 4, 21
51, 569, 4, 71
51, 330, 4, 99
51, 589, 4, 25
51, 209, 4, 77
51, 470, 4, 65
51, 472, 4, 56
51, 474, 4, 78
51, 96, 4, 85
51, 360, 4, 45
51, 365, 4, 73
51, 109, 4, 95
51, 129, 5, 72
51, 2, 5, 77
51, 261, 5, 61
51, 267, 5, 28
51, 32, 5, 79
51, 162, 5, 16
51, 547, 5, 15
51, 292, 5, 22
51, 38, 5, 53
51, 169, 5, 72
51, 297, 5, 42
51, 43, 5, 80
51, 428, 5, 25
51, 61, 5, 17
51, 580, 5, 86
51, 584, 5, 36
51, 330, 5, 99
51, 77, 5, 39
51, 349, 5, 78
51, 228, 5, 93
51, 241, 5, 26
51, 242, 5, 39
51, 499, 5, 5
51, 502, 5, 36
51, 507, 5, 80
51, 388, 6, 70
51, 523, 6, 15
51, 524, 6, 54
51, 18, 6, 29
51, 19, 6, 81
51, 417, 6, 23
51, 168, 6, 13
51, 299, 6, 54
51, 177, 6, 52
51, 53, 6, 21
51, 187, 6, 92
51, 445, 6, 55
51, 62, 6, 28
51, 335, 6, 88
51, 215, 6, 28
51, 346, 6, 80
51, 350, 6, 67
51, 114, 6, 17
51, 508, 6, 50
51, 127, 6, 10
51, 384, 7, 76
51, 6, 7, 73
51, 523, 7, 15
51, 18, 7, 29
51, 27, 7, 71
51, 412, 7, 29
51, 284, 7, 85
51, 545, 7, 53
51, 548, 7, 44
51, 294, 7, 5
51, 42, 7, 93
51, 560, 7, 11
51, 177, 7, 52
51, 561, 7, 33
51, 438, 7, 58
51, 320, 7, 65
51, 589, 7, 25
51, 336, 7, 29
51, 215, 7, 28
51, 484, 7, 10
51, 485, 7, 53
51, 229, 7, 21
51, 102, 7, 12
51, 375, 7, 64
51, 418, 8, 88
51, 516, 8, 8
51, 357, 8, 92
51, 389, 8, 44
51, 486, 8, 72
51, 197, 8, 61
51, 234, 8, 70
51, 267, 8, 28
51, 589, 8, 25
51, 47, 8, 24
51, 49, 8, 16
51, 562, 8, 53
51, 145, 8, 48
51, 471, 8, 72
51, 154, 8, 10
51, 159, 8, 63
51, 260, 9, 94
51, 392, 9, 95
51, 143, 9, 35
51, 273, 9, 33
51, 405, 9, 15
51, 280, 9, 97
51, 281, 9, 97
51, 538, 9, 11
51, 292, 9, 22
51, 425, 9, 98
51, 170, 9, 33
51, 182, 9, 64
51, 189, 9, 69
51, 477, 9, 31
51, 225, 9, 52
51, 484, 9, 10
51, 228, 9, 93
51, 495, 9, 41
51, 250, 9, 22
51, 416, 10, 65
51, 194, 10, 41
51, 451, 10, 82
51, 201, 10, 34
51, 525, 10, 93
51, 302, 10, 73
51, 335, 10, 88
51, 464, 10, 61
51, 49, 10, 16
51, 494, 10, 14
51, 80, 10, 98
51, 93, 10, 73
51, 376, 10, 73
51, 218, 10, 94
51, 27, 10, 71
51, 317, 10, 75
51, 62, 10, 28
51, 391, 11, 89
51, 138, 11, 89
51, 141, 11, 13
51, 526, 11, 35
51, 527, 11, 39
51, 398, 11, 72
51, 404, 11, 44
51, 278, 11, 28
51, 161, 11, 74
51, 43, 11, 80
51, 173, 11, 85
51, 429, 11, 99
51, 560, 11, 11
51, 453, 11, 34
51, 585, 11, 51
51, 331, 11, 17
51, 218, 11, 94
51, 474, 11, 78
51, 92, 11, 78
51, 355, 11, 16
51, 118, 11, 64
51, 119, 11, 26
51, 504, 11, 94
51, 418, 12, 88
51, 3, 12, 91
51, 452, 12, 49
51, 67, 12, 8
51, 391, 12, 89
51, 39, 12, 81
51, 362, 12, 79
51, 204, 12, 37
51, 274, 12, 35
51, 531, 12, 77
51, 280, 12, 97
51, 381, 12, 77
51, 269, 13, 75
51, 146, 13, 11
51, 405, 13, 15
51, 155, 13, 78
51, 29, 13, 89
51, 413, 13, 22
51, 163, 13, 98
51, 295, 13, 32
51, 44, 13, 25
51, 429, 13, 99
51, 558, 13, 10
51, 562, 13, 53
51, 307, 13, 42
51, 56, 13, 76
51, 328, 13, 83
51, 332, 13, 72
51, 82, 13, 38
51, 211, 13, 54
51, 216, 13, 90
51, 486, 13, 72
51, 362, 13, 79
51, 113, 13, 59
51, 120, 13, 34
51, 0, 14, 43
51, 128, 14, 85
51, 11, 14, 96
51, 21, 14, 45
51, 25, 14, 24
51, 544, 14, 80
51, 424, 14, 8
51, 558, 14, 10
51, 564, 14, 30
51, 443, 14, 40
51, 445, 14, 55
51, 322, 14, 33
51, 79, 14, 18
51, 212, 14, 20
51, 92, 14, 78
51, 350, 14, 67
51, 491, 14, 92
51, 117, 14, 87
51, 121, 14, 56
51, 4, 15, 60
51, 526, 15, 35
51, 542, 15, 100
51, 545, 15, 53
51, 553, 15, 3
51, 42, 15, 93
51, 46, 15, 68
51, 57, 15, 32
51, 314, 15, 38
51, 452, 15, 49
51, 73, 15, 59
51, 208, 15, 2
51, 464, 15, 61
51, 212, 15, 20
51, 478, 15, 29
51, 495, 15, 41
51, 369, 15, 19
51, 502, 15, 36
51, 383, 15, 42
51, 510, 16, 86
51, 264, 16, 12
51, 394, 16, 15
51, 395, 16, 86
51, 155, 16, 78
51, 554, 16, 49
51, 431, 16, 71
51, 47, 16, 24
51, 432, 16, 74
51, 189, 16, 69
51, 319, 16, 62
51, 576, 16, 100
51, 334, 16, 16
51, 590, 16, 16
51, 208, 16, 2
51, 599, 16, 31
51, 218, 16, 94
51, 90, 16, 83
51, 100, 16, 60
51, 488, 16, 23
51, 108, 16, 58
51, 365, 16, 73
51, 247, 16, 15
51, 126, 16, 96
51, 0, 17, 43
51, 517, 17, 7
51, 139, 17, 75
51, 526, 17, 35
51, 405, 17, 15
51, 411, 17, 49
51, 416, 17, 65
51, 548, 17, 44
51, 442, 17, 32
51, 572, 17, 93
51, 575, 17, 91
51, 70, 17, 82
51, 331, 17, 17
51, 595, 17, 70
51, 474, 17, 78
51, 97, 17, 39
51, 99, 17, 60
51, 490, 17, 38
51, 491, 17, 92
51, 237, 17, 55
51, 115, 17, 8
51, 245, 17, 26
51, 246, 17, 8
51, 373, 17, 56
51, 581, 18, 65
51, 519, 18, 35
51, 295, 18, 32
51, 10, 18, 16
51, 459, 18, 74
51, 493, 18, 5
51, 341, 18, 35
51, 576, 19, 100
51, 226, 19, 13
51, 579, 19, 5
51, 581, 19, 65
51, 177, 19, 52
51, 372, 19, 33
51, 568, 19, 13
51, 346, 19, 80
51, 30, 19, 37
51, 257, 20, 2
51, 1, 20, 57
51, 449, 20, 3
51, 390, 20, 38
51, 583, 20, 54
51, 6, 20, 73
51, 553, 20, 3
51, 559, 20, 62
51, 404, 20, 44
51, 277, 20, 67
51, 89, 20, 72
51, 379, 20, 82
51, 223, 20, 66
51, 226, 21, 13
51, 580, 21, 86
51, 133, 21, 71
51, 168, 21, 13
51, 490, 21, 38
51, 554, 21, 49
51, 106, 21, 59
51, 47, 21, 24
51, 176, 21, 4
51, 241, 21, 26
51, 566, 21, 70
51, 569, 21, 71
51, 221, 21, 62
51, 350, 21, 67
51, 71, 22, 53
51, 7, 22, 87
51, 297, 22, 42
51, 494, 22, 14
51, 590, 22, 16
51, 111, 22, 73
51, 401, 22, 37
51, 373, 22, 56
51, 155, 22, 78
51, 478, 22, 29
51, 452, 23, 49
51, 490, 23, 38
51, 203, 23, 87
51, 13, 23, 53
51, 270, 23, 63
51, 591, 23, 47
51, 45, 23, 44
51, 506, 23, 44
51, 370, 23, 22
51, 503, 23, 55
51, 537, 23, 84
51, 186, 23, 84
51, 516, 24, 8
51, 264, 24, 12
51, 456, 24, 84
51, 12, 24, 7
51, 84, 24, 59
51, 572, 24, 93
51, 33, 25, 33
51, 547, 25, 15
51, 421, 25, 74
51, 7, 25, 87
51, 9, 25, 69
51, 235, 25, 9
51, 268, 25, 19
51, 588, 25, 84
51, 144, 25, 40
51, 87, 25, 83
51, 89, 25, 72
51, 187, 25, 92
51, 415, 25, 14
51, 480, 26, 41
51, 544, 26, 80
51, 194, 26, 41
51, 195, 26, 83
51, 263, 26, 60
51, 9, 26, 69
51, 267, 26, 28
51, 211, 26, 54
51, 502, 26, 36
51, 56, 26, 76
51, 91, 26, 54
51, 157, 26, 24
51, 516, 27, 8
51, 393, 27, 60
51, 138, 27, 89
51, 140, 27, 15
51, 528, 27, 45
51, 21, 27, 45
51, 540, 27, 84
51, 430, 27, 70
51, 434, 27, 21
51, 437, 27, 3
51, 309, 27, 42
51, 320, 27, 65
51, 449, 27, 3
51, 323, 27, 51
51, 453, 27, 34
51, 200, 27, 75
51, 204, 27, 37
51, 206, 27, 5
51, 335, 27, 88
51, 340, 27, 69
51, 477, 27, 31
51, 228, 27, 93
51, 369, 27, 19
51, 121, 27, 56
51, 383, 27, 42
51, 64, 28, 96
51, 72, 28, 93
51, 377, 28, 43
51, 137, 28, 23
51, 586, 28, 18
51, 428, 28, 25
51, 241, 28, 26
51, 402, 28, 52
51, 244, 28, 60
51, 437, 28, 3
51, 246, 28, 8
51, 215, 28, 28
51, 344, 28, 57
51, 217, 28, 3
51, 597, 28, 97
51, 57, 28, 32
51, 191, 28, 22
51, 420, 29, 85
51, 232, 29, 93
51, 467, 29, 33
51, 87, 29, 83
51, 124, 29, 49
51, 125, 29, 90
51, 575, 29, 91
51, 391, 30, 89
51, 520, 30, 26
51, 532, 30, 78
51, 25, 30, 24
51, 164, 30, 23
51, 425, 30, 98
51, 169, 30, 72
51, 304, 30, 34
51, 177, 30, 52
51, 54, 30, 89
51, 577, 30, 90
51, 580, 30, 86
51, 333, 30, 60
51, 80, 30, 98
51, 464, 30, 61
51, 337, 30, 4
51, 359, 30, 81
51, 107, 30, 33
51, 499, 30, 5
51, 500, 30, 76
51, 118, 30, 64
51, 384, 31, 76
51, 321, 31, 8
51, 224, 31, 6
51, 573, 31, 51
51, 132, 31, 86
51, 482, 31, 3
51, 266, 31, 18
51, 461, 31, 98
51, 269, 31, 75
51, 111, 31, 73
51, 530, 31, 47
51, 20, 31, 52
51, 309, 31, 42
51, 310, 31, 49
51, 119, 31, 26
51, 181, 31, 73
51, 445, 31, 55
51, 32, 32, 79
51, 131, 32, 7
51, 584, 32, 36
51, 41, 32, 49
51, 521, 32, 83
51, 170, 32, 33
51, 269, 32, 75
51, 174, 32, 66
51, 46, 32, 68
51, 81, 32, 61
51, 114, 32, 17
51, 499, 32, 5
51, 437, 32, 3
51, 470, 32, 65
51, 533, 32, 25
51, 408, 32, 47
51, 377, 32, 43
51, 349, 32, 78
51, 323, 33, 51
51, 99, 33, 60
51, 446, 33, 10
51, 548, 33, 44
51, 35, 33, 84
51, 240, 33, 66
51, 562, 33, 53
51, 403, 33, 47
51, 250, 33, 22
51, 539, 33, 58
51, 222, 33, 18
51, 131, 34, 7
51, 518, 34, 85
51, 531, 34, 77
51, 285, 34, 57
51, 167, 34, 85
51, 298, 34, 96
51, 171, 34, 89
51, 561, 34, 33
51, 305, 34, 65
51, 183, 34, 33
51, 444, 34, 3
51, 191, 34, 22
51, 192, 34, 59
51, 576, 34, 100
51, 458, 34, 86
51, 331, 34, 17
51, 333, 34, 60
51, 216, 34, 90
51, 89, 34, 72
51, 91, 34, 54
51, 482, 34, 3
51, 358, 34, 51
51, 363, 34, 14
51, 237, 34, 55
51, 132, 35, 86
51, 6, 35, 73
51, 8, 35, 99
51, 270, 35, 63
51, 405, 35, 15
51, 415, 35, 14
51, 544, 35, 80
51, 429, 35, 99
51, 305, 35, 65
51, 178, 35, 75
51, 306, 35, 21
51, 52, 35, 5
51, 307, 35, 42
51, 184, 35, 15
51, 570, 35, 83
51, 59, 35, 23
51, 317, 35, 75
51, 211, 35, 54
51, 85, 35, 79
51, 228, 35, 93
51, 357, 35, 92
51, 102, 35, 12
51, 242, 35, 39
51, 117, 35, 87
51, 255, 35, 7
51, 161, 36, 74
51, 2, 36, 77
51, 70, 36, 82
51, 45, 36, 44
51, 402, 36, 52
51, 499, 36, 5
51, 149, 36, 52
51, 313, 36, 4
51, 508, 36, 50
51, 414, 36, 83
51, 513, 37, 66
51, 2, 37, 77
51, 129, 37, 72
51, 325, 37, 68
51, 557, 37, 83
51, 45, 37, 44
51, 46, 37, 68
51, 143, 37, 35
51, 402, 37, 52
51, 115, 37, 8
51, 244, 37, 60
51, 148, 37, 94
51, 599, 37, 31
51, 254, 37, 93
51, 449, 38, 3
51, 321, 38, 8
51, 579, 38, 5
51, 451, 38, 82
51, 261, 38, 61
51, 585, 38, 51
51, 524, 38, 54
51, 588, 38, 84
51, 560, 38, 11
51, 82, 38, 38
51, 20, 38, 52
51, 84, 38, 59
51, 502, 38, 36
51, 380, 38, 74
51, 455, 39, 41
51, 232, 39, 93
51, 41, 39, 49
51, 460, 39, 64
51, 172, 39, 82
51, 337, 39, 4
51, 209, 39, 77
51, 58, 39, 56
51, 571, 39, 80
51, 191, 39, 22
51, 2, 40, 77
51, 263, 40, 60
51, 143, 40, 35
51, 402, 40, 52
51, 280, 40, 97
51, 28, 40, 26
51, 160, 40, 23
51, 35, 40, 84
51, 294, 40, 5
51, 43, 40, 80
51, 67, 40, 8
51, 78, 40, 69
51, 596, 40, 12
51, 470, 40, 65
51, 346, 40, 80
51, 488, 40, 23
51, 498, 40, 33
51, 500, 40, 76
51, 124, 40, 49
51, 383, 40, 42
51, 353, 41, 64
51, 396, 41, 11
51, 332, 41, 72
51, 78, 41, 69
51, 146, 41, 11
51, 275, 41, 2
51, 214, 41, 59
51, 376, 41, 73
51, 540, 41, 84
51, 159, 41, 63
51, 292, 42, 22
51, 102, 42, 12
51, 232, 42, 93
51, 247, 42, 15
51, 554, 42, 49
51, 8, 42, 99
51, 494, 42, 14
51, 147, 42, 50
51, 116, 42, 39
51, 87, 42, 83
51, 57, 42, 32
51, 347, 42, 40
51, 476, 42, 54
51, 413, 42, 22
51, 66, 43, 73
51, 420, 43, 85
51, 265, 43, 100
51, 171, 43, 89
51, 429, 43, 99
51, 77, 43, 39
51, 251, 43, 67
51, 496, 43, 100
51, 433, 43, 20
51, 113, 43, 59
51, 499, 43, 5
51, 180, 43, 76
51, 443, 43, 40
51, 150, 43, 80
51, 21, 43, 45
51, 281, 43, 97
51, 315, 43, 36
51, 318, 43, 46
51, 257, 44, 2
51, 2, 44, 77
51, 389, 44, 44
51, 520, 44, 26
51, 392, 44, 95
51, 13, 44, 53
51, 529, 44, 73
51, 401, 44, 37
51, 535, 44, 9
51, 23, 44, 16
51, 415, 44, 14
51, 51, 44, 32
51, 192, 44, 59
51, 70, 44, 82
51, 582, 44, 45
51, 588, 44, 84
51, 333, 44, 60
51, 224, 44, 6
51, 227, 44, 12
51, 355, 44, 16
51, 488, 44, 23
51, 362, 44, 79
51, 366, 44, 94
51, 126, 44, 96
51, 267, 45, 28
51, 143, 45, 35
51, 24, 45, 34
51, 154, 45, 10
51, 155, 45, 78
51, 418, 45, 88
51, 424, 45, 8
51, 552, 45, 90
51, 171, 45, 89
51, 555, 45, 17
51, 191, 45, 22
51, 71, 45, 53
51, 328, 45, 83
51, 75, 45, 38
51, 204, 45, 37
51, 342, 45, 16
51, 599, 45, 31
51, 102, 45, 12
51, 105, 45, 80
51, 123, 45, 30
51, 449, 46, 3
51, 2, 46, 77
51, 99, 46, 60
51, 136, 46, 36
51, 201, 46, 34
51, 393, 46, 60
51, 268, 46, 19
51, 494, 46, 14
51, 335, 46, 88
51, 142, 46, 36
51, 207, 46, 31
51, 594, 46, 90
51, 212, 46, 20
51, 538, 46, 11
51, 571, 46, 80
51, 96, 47, 85
51, 545, 47, 53
51, 66, 47, 73
51, 0, 47, 43
51, 359, 47, 81
51, 201, 47, 34
51, 329, 47, 55
51, 394, 47, 15
51, 588, 47, 84
51, 365, 47, 73
51, 397, 47, 60
51, 559, 47, 62
51, 242, 47, 39
51, 150, 47, 80
51, 189, 47, 69
51, 8, 48, 99
51, 169, 48, 72
51, 552, 48, 90
51, 428, 48, 25
51, 269, 48, 75
51, 17, 48, 8
51, 114, 48, 17
51, 275, 48, 2
51, 595, 48, 70
51, 373, 48, 56
51, 307, 48, 42
51, 472, 48, 56
51, 59, 48, 23
51, 125, 48, 90
51, 126, 48, 96
51, 543, 48, 84
51, 522, 49, 45
51, 541, 49, 83
51, 157, 49, 24
51, 32, 49, 79
51, 577, 49, 90
51, 194, 49, 41
51, 331, 49, 17
51, 75, 49, 38
51, 205, 49, 5
51, 80, 49, 98
51, 253, 49, 26
51, 479, 49, 49
51, 100, 49, 60
51, 230, 49, 50
51, 361, 49, 80
51, 505, 49, 37
51, 501, 49, 96
51, 249, 49, 34
51, 125, 49, 90
51, 420, 50, 85
51, 389, 50, 44
51, 40, 50, 73
51, 584, 50, 36
51, 72, 50, 93
51, 555, 50, 17
51, 333, 50, 60
51, 557, 50, 83
51, 251, 50, 67
51, 114, 50, 17
51, 244, 50, 60
51, 533, 50, 25
51, 248, 50, 45
51, 315, 50, 36
51, 92, 50, 78
51, 542, 50, 100
51, 543, 50, 84
51, 260, 51, 94
51, 9, 51, 69
51, 14, 51, 94
51, 401, 51, 37
51, 22, 51, 60
51, 158, 51, 16
51, 36, 51, 33
51, 427, 51, 88
51, 428, 51, 25
51, 566, 51, 70
51, 184, 51, 15
51, 441, 51, 1
51, 57, 51, 32
51, 70, 51, 82
51, 464, 51, 61
51, 597, 51, 97
51, 87, 51, 83
51, 101, 51, 46
51, 235, 51, 9
51, 363, 51, 14
51, 508, 51, 50
51, 125, 51, 90
51, 134, 52, 51
51, 400, 52, 32
51, 530, 52, 47
51, 29, 52, 89
51, 415, 52, 14
51, 416, 52, 65
51, 417, 52, 23
51, 430, 52, 70
51, 439, 52, 26
51, 65, 52, 36
51, 593, 52, 59
51, 212, 52, 20
51, 473, 52, 82
51, 484, 52, 10
51, 103, 52, 66
51, 378, 52, 19
51, 506, 52, 44
51, 252, 52, 62
51, 125, 52, 90
51, 577, 53, 90
51, 354, 53, 32
51, 418, 53, 88
51, 454, 53, 63
51, 327, 53, 98
51, 104, 53, 18
51, 230, 53, 50
51, 330, 53, 99
51, 12, 53, 7
51, 493, 53, 5
51, 591, 53, 47
51, 381, 53, 77
51, 219, 53, 55
51, 317, 53, 75
51, 94, 53, 38
51, 161, 54, 74
51, 98, 54, 76
51, 439, 54, 26
51, 324, 54, 17
51, 452, 54, 49
51, 262, 54, 46
51, 104, 54, 18
51, 457, 54, 32
51, 268, 54, 19
51, 558, 54, 10
51, 114, 54, 17
51, 341, 54, 35
51, 375, 54, 64
51, 536, 54, 84
51, 345, 54, 64
51, 60, 54, 17
51, 349, 54, 78
51, 158, 54, 16
51, 384, 55, 76
51, 132, 55, 86
51, 391, 55, 89
51, 11, 55, 96
51, 533, 55, 25
51, 159, 55, 63
51, 168, 55, 13
51, 430, 55, 70
51, 306, 55, 21
51, 195, 55, 83
51, 70, 55, 82
51, 585, 55, 51
51, 458, 55, 86
51, 332, 55, 72
51, 78, 55, 69
51, 208, 55, 2
51, 345, 55, 64
51, 217, 55, 3
51, 107, 55, 33
51, 372, 55, 33
51, 253, 55, 26
51, 256, 56, 27
51, 514, 56, 39
51, 524, 56, 54
51, 15, 56, 46
51, 149, 56, 52
51, 406, 56, 50
51, 298, 56, 96
51, 556, 56, 96
51, 432, 56, 74
51, 561, 56, 33
51, 189, 56, 69
51, 319, 56, 62
51, 590, 56, 16
51, 464, 56, 61
51, 214, 56, 59
51, 219, 56, 55
51, 362, 56, 79
51, 492, 56, 77
51, 370, 56, 22
51, 377, 56, 43
51, 507, 56, 80
51, 509, 56, 55
51, 322, 57, 33
51, 266, 57, 18
51, 458, 57, 86
51, 558, 57, 10
51, 559, 57, 62
51, 175, 57, 86
51, 176, 57, 4
51, 339, 57, 47
51, 405, 57, 15
51, 567, 57, 84
51, 215, 57, 28
51, 123, 57, 30
51, 573, 57, 51
51, 128, 58, 85
51, 554, 58, 49
51, 78, 58, 69
51, 533, 58, 25
51, 311, 58, 95
51, 410, 58, 93
51, 92, 58, 78
51, 285, 58, 57
51, 257, 59, 2
51, 426, 59, 32
51, 298, 59, 96
51, 554, 59, 49
51, 149, 59, 52
51, 28, 59, 26
51, 36, 60, 33
51, 426, 60, 32
51, 140, 60, 15
51, 366, 60, 94
51, 496, 60, 100
51, 113, 60, 59
51, 340, 60, 69
51, 347, 60, 40
51, 444, 60, 3
51, 159, 60, 63
51, 450, 61, 28
51, 18, 61, 29
51, 500, 61, 76
51, 534, 61, 59
51, 571, 61, 80
51, 315, 61, 36
51, 128, 62, 85
51, 257, 62, 2
51, 264, 62, 12
51, 394, 62, 15
51, 400, 62, 32
51, 276, 62, 36
51, 277, 62, 67
51, 534, 62, 59
51, 404, 62, 44
51, 408, 62, 47
51, 286, 62, 90
51, 31, 62, 48
51, 560, 62, 11
51, 563, 62, 48
51, 578, 62, 89
51, 81, 62, 61
51, 92, 62, 78
51, 355, 62, 16
51, 357, 62, 92
51, 102, 62, 12
51, 487, 62, 17
51, 360, 62, 45
51, 368, 62, 24
51, 497, 62, 81
51, 121, 62, 56
51, 1, 63, 57
51, 529, 63, 73
51, 418, 63, 88
51, 547, 63, 15
51, 42, 63, 93
51, 435, 63, 96
51, 566, 63, 70
51, 54, 63, 89
51, 313, 63, 4
51, 572, 63, 93
51, 190, 63, 11
51, 448, 63, 60
51, 64, 63, 96
51, 324, 63, 17
51, 73, 63, 59
51, 592, 63, 42
51, 341, 63, 35
51, 342, 63, 16
51, 227, 63, 12
51, 111, 63, 73
51, 118, 63, 64
51, 374, 63, 63
51, 125, 63, 90
51, 544, 64, 80
51, 420, 64, 85
51, 90, 64, 83
51, 520, 64, 26
51, 170, 64, 33
51, 524, 64, 54
51, 45, 64, 44
51, 506, 64, 44
51, 531, 64, 77
51, 250, 64, 22
51, 27, 64, 71
51, 95, 64, 85
51, 579, 65, 5
51, 197, 65, 61
51, 199, 65, 85
51, 264, 65, 12
51, 392, 65, 95
51, 330, 65, 99
51, 463, 65, 29
51, 251, 65, 67
51, 82, 65, 38
51, 178, 65, 75
51, 473, 65, 82
51, 123, 65, 30
51, 349, 65, 78
51, 93, 65, 73
51, 327, 66, 98
51, 9, 66, 69
51, 75, 66, 38
51, 302, 66, 73
51, 433, 66, 20
51, 402, 66, 52
51, 281, 66, 97
51, 250, 66, 22
51, 125, 66, 90
51, 258, 67, 62
51, 396, 67, 11
51, 524, 67, 54
51, 142, 67, 36
51, 26, 67, 48
51, 29, 67, 89
51, 45, 67, 44
51, 174, 67, 66
51, 175, 67, 86
51, 558, 67, 10
51, 439, 67, 26
51, 56, 67, 76
51, 586, 67, 18
51, 83, 67, 83
51, 348, 67, 63
51, 102, 67, 12
51, 232, 67, 93
51, 233, 67, 11
51, 237, 67, 55
51, 503, 67, 55
51, 254, 67, 93
51, 136, 68, 36
51, 396, 68, 11
51, 554, 68, 49
51, 171, 68, 89
51, 175, 68, 86
51, 560, 68, 11
51, 435, 68, 96
51, 186, 68, 84
51, 188, 68, 24
51, 445, 68, 55
51, 209, 68, 77
51, 82, 68, 38
51, 214, 68, 59
51, 91, 68, 54
51, 234, 68, 70
51, 251, 68, 67
51, 502, 68, 36
51, 250, 68, 22
51, 379, 68, 82
51, 513, 69, 66
51, 526, 69, 35
51, 400, 69, 32
51, 283, 69, 23
51, 287, 69, 10
51, 159, 69, 63
51, 161, 69, 74
51, 290, 69, 78
51, 420, 69, 85
51, 48, 69, 42
51, 448, 69, 60
51, 461, 69, 98
51, 464, 69, 61
51, 225, 69, 52
51, 226, 69, 13
51, 490, 69, 38
51, 495, 69, 41
51, 112, 69, 66
51, 498, 69, 33
51, 119, 69, 26
51, 380, 69, 74
51, 66, 70, 73
51, 361, 70, 80
51, 216, 70, 90
51, 24, 70, 34
51, 508, 70, 50
51, 223, 70, 66
51, 133, 71, 71
51, 519, 71, 35
51, 19, 71, 81
51, 278, 71, 28
51, 427, 71, 88
51, 176, 71, 4
51, 185, 71, 29
51, 61, 71, 17
51, 65, 71, 36
51, 72, 71, 93
51, 74, 71, 21
51, 465, 71, 29
51, 209, 71, 77
51, 214, 71, 59
51, 223, 71, 66
51, 479, 71, 49
51, 97, 71, 39
51, 354, 71, 32
51, 481, 71, 99
51, 360, 71, 45
51, 237, 71, 55
51, 503, 71, 55
51, 0, 72, 43
51, 322, 72, 33
51, 580, 72, 86
51, 326, 72, 59
51, 391, 72, 89
51, 526, 72, 35
51, 305, 72, 65
51, 26, 72, 48
51, 511, 72, 92
51, 131, 73, 7
51, 396, 73, 11
51, 13, 73, 53
51, 273, 73, 33
51, 540, 73, 84
51, 561, 73, 33
51, 439, 73, 26
51, 441, 73, 1
51, 570, 73, 83
51, 319, 73, 62
51, 450, 73, 28
51, 325, 73, 68
51, 456, 73, 84
51, 210, 73, 57
51, 82, 73, 38
51, 338, 73, 59
51, 342, 73, 16
51, 352, 73, 50
51, 100, 73, 60
51, 104, 73, 18
51, 495, 73, 41
51, 375, 73, 64
51, 504, 73, 94
51, 256, 74, 27
51, 10, 74, 16
51, 267, 74, 28
51, 269, 74, 75
51, 527, 74, 39
51, 149, 74, 52
51, 541, 74, 83
51, 162, 74, 16
51, 291, 74, 98
51, 552, 74, 90
51, 424, 74, 8
51, 556, 74, 96
51, 562, 74, 53
51, 565, 74, 54
51, 186, 74, 84
51, 323, 74, 51
51, 73, 74, 59
51, 214, 74, 59
51, 217, 74, 3
51, 97, 74, 39
51, 486, 74, 72
51, 104, 74, 18
51, 233, 74, 11
51, 368, 74, 24
51, 376, 74, 73
51, 65, 75, 36
51, 484, 75, 10
51, 124, 75, 49
51, 337, 75, 4
51, 571, 75, 80
51, 380, 75, 74
51, 139, 76, 75
51, 526, 76, 35
51, 403, 76, 47
51, 20, 76, 52
51, 405, 76, 15
51, 278, 76, 28
51, 275, 76, 2
51, 28, 76, 26
51, 34, 76, 23
51, 296, 76, 4
51, 305, 76, 65
51, 562, 76, 53
51, 455, 76, 41
51, 206, 76, 5
51, 209, 76, 77
51, 342, 76, 16
51, 226, 76, 13
51, 370, 76, 22
51, 248, 76, 45
51, 507, 76, 80
51, 252, 76, 62
51, 381, 76, 77
51, 388, 77, 70
51, 532, 77, 78
51, 27, 77, 71
51, 288, 77, 24
51, 420, 77, 85
51, 40, 77, 73
51, 171, 77, 89
51, 432, 77, 74
51, 178, 77, 75
51, 441, 77, 1
51, 185, 77, 29
51, 320, 77, 65
51, 455, 77, 41
51, 329, 77, 55
51, 588, 77, 84
51, 334, 77, 16
51, 79, 77, 18
51, 105, 77, 80
51, 492, 77, 77
51, 121, 77, 56
51, 577, 78, 90
51, 163, 78, 98
51, 291, 78, 98
51, 39, 78, 81
51, 232, 78, 93
51, 424, 78, 8
51, 11, 78, 96
51, 524, 78, 54
51, 436, 78, 100
51, 248, 78, 45
51, 572, 78, 93
51, 516, 79, 8
51, 525, 79, 93
51, 526, 79, 35
51, 273, 79, 33
51, 275, 79, 2
51, 408, 79, 47
51, 413, 79, 22
51, 164, 79, 23
51, 292, 79, 22
51, 169, 79, 72
51, 562, 79, 53
51, 564, 79, 30
51, 315, 79, 36
51, 189, 79, 69
51, 451, 79, 82
51, 198, 79, 92
51, 199, 79, 85
51, 71, 79, 53
51, 206, 79, 5
51, 485, 79, 53
51, 358, 79, 51
51, 255, 79, 7
51, 2, 80, 77
51, 326, 80, 59
51, 366, 80, 94
51, 283, 80, 23
51, 213, 80, 13
51, 475, 80, 91
51, 575, 80, 91
51, 269, 81, 75
51, 399, 81, 61
51, 271, 81, 92
51, 276, 81, 36
51, 148, 81, 94
51, 406, 81, 50
51, 539, 81, 58
51, 413, 81, 22
51, 29, 81, 89
51, 543, 81, 84
51, 433, 81, 20
51, 320, 81, 65
51, 194, 81, 41
51, 455, 81, 41
51, 584, 81, 36
51, 201, 81, 34
51, 462, 81, 88
51, 85, 81, 79
51, 349, 81, 78
51, 350, 81, 67
51, 96, 81, 85
51, 488, 81, 23
51, 235, 81, 9
51, 247, 81, 15
51, 254, 81, 93
51, 265, 82, 100
51, 397, 82, 60
51, 17, 82, 8
51, 20, 82, 52
51, 413, 82, 22
51, 160, 82, 23
51, 557, 82, 83
51, 305, 82, 65
51, 577, 82, 90
51, 587, 82, 94
51, 119, 82, 26
51, 347, 82, 40
51, 221, 82, 62
51, 96, 82, 85
51, 494, 82, 14
51, 495, 82, 41
51, 247, 82, 15
51, 248, 82, 45
51, 124, 82, 49
51, 160, 83, 23
51, 66, 83, 73
51, 35, 83, 84
51, 199, 83, 85
51, 73, 83, 59
51, 585, 83, 51
51, 266, 83, 18
51, 558, 83, 10
51, 78, 83, 69
51, 369, 83, 19
51, 529, 83, 73
51, 148, 83, 94
51, 149, 83, 52
51, 245, 83, 26
51, 216, 83, 90
51, 147, 84, 50
51, 404, 84, 44
51, 545, 84, 53
51, 546, 84, 100
51, 290, 84, 78
51, 426, 84, 32
51, 44, 84, 25
51, 62, 84, 28
51, 321, 84, 8
51, 193, 84, 84
51, 581, 84, 65
51, 588, 84, 84
51, 204, 84, 37
51, 95, 84, 85
51, 356, 84, 53
51, 102, 84, 12
51, 234, 84, 70
51, 496, 84, 100
51, 245, 84, 26
51, 161, 85, 74
51, 65, 85, 36
51, 291, 85, 98
51, 103, 85, 66
51, 551, 85, 56
51, 263, 85, 60
51, 74, 85, 21
51, 139, 85, 75
51, 460, 85, 64
51, 403, 85, 47
51, 52, 85, 5
51, 340, 85, 69
51, 216, 85, 90
51, 122, 85, 19
51, 546, 86, 100
51, 556, 86, 96
51, 431, 86, 71
51, 22, 86, 60
51, 446, 86, 10
51, 519, 87, 35
51, 136, 87, 36
51, 392, 87, 95
51, 525, 87, 93
51, 270, 87, 63
51, 399, 87, 61
51, 144, 87, 40
51, 402, 87, 52
51, 281, 87, 97
51, 414, 87, 83
51, 287, 87, 10
51, 557, 87, 83
51, 45, 87, 44
51, 569, 87, 71
51, 63, 87, 67
51, 197, 87, 61
51, 462, 87, 88
51, 596, 87, 12
51, 473, 87, 82
51, 485, 87, 53
51, 364, 87, 18
51, 504, 87, 94
51, 125, 87, 90
51, 512, 88, 41
51, 129, 88, 72
51, 143, 88, 35
51, 531, 88, 77
51, 23, 88, 16
51, 31, 88, 48
51, 288, 88, 24
51, 162, 88, 16
51, 298, 88, 96
51, 428, 88, 25
51, 181, 88, 73
51, 188, 88, 24
51, 320, 88, 65
51, 195, 88, 83
51, 346, 88, 80
51, 347, 88, 40
51, 348, 88, 63
51, 222, 88, 18
51, 226, 88, 13
51, 228, 88, 93
51, 101, 88, 46
51, 113, 88, 59
51, 128, 89, 85
51, 513, 89, 66
51, 6, 89, 73
51, 17, 89, 8
51, 534, 89, 59
51, 535, 89, 9
51, 155, 89, 78
51, 29, 89, 89
51, 544, 89, 80
51, 167, 89, 85
51, 168, 89, 13
51, 561, 89, 33
51, 569, 89, 71
51, 332, 89, 72
51, 206, 89, 5
51, 91, 89, 54
51, 93, 89, 73
51, 95, 89, 85
51, 98, 89, 76
51, 231, 89, 66
51, 241, 89, 26
51, 380, 89, 74
51, 0, 90, 43
51, 513, 90, 66
51, 418, 90, 88
51, 359, 90, 81
51, 11, 90, 96
51, 203, 90, 87
51, 556, 90, 96
51, 371, 90, 50
51, 537, 90, 84
51, 443, 90, 40
51, 156, 90, 98
51, 547, 91, 15
51, 542, 91, 100
51, 233, 91, 11
51, 522, 91, 45
51, 169, 91, 72
51, 268, 91, 19
51, 492, 91, 77
51, 13, 91, 53
51, 300, 91, 64
51, 18, 91, 29
51, 434, 91, 21
51, 19, 91, 81
51, 510, 91, 86
51, 479, 91, 49
51, 2, 92, 77
51, 3, 92, 91
51, 134, 92, 51
51, 144, 92, 40
51, 291, 92, 98
51, 293, 92, 72
51, 169, 92, 72
51, 47, 92, 24
51, 561, 92, 33
51, 323, 92, 51
51, 197, 92, 61
51, 78, 92, 69
51, 335, 92, 88
51, 340, 92, 69
51, 474, 92, 78
51, 91, 92, 54
51, 221, 92, 62
51, 101, 92, 46
51, 239, 92, 44
51, 502, 92, 36
51, 504, 92, 94
51, 122, 92, 19
51, 253, 92, 26
51, 353, 93, 64
51, 131, 93, 7
51, 298, 93, 96
51, 395, 93, 86
51, 438, 93, 58
51, 377, 93, 43
51, 126, 93, 96
51, 0, 94, 43
51, 517, 94, 7
51, 391, 94, 89
51, 533, 94, 25
51, 540, 94, 84
51, 415, 94, 14
51, 164, 94, 23
51, 304, 94, 34
51, 183, 94, 33
51, 61, 94, 17
51, 582, 94, 45
51, 454, 94, 63
51, 332, 94, 72
51, 206, 94, 5
51, 83, 94, 83
51, 224, 94, 6
51, 97, 94, 39
51, 483, 94, 74
51, 231, 94, 66
51, 237, 94, 55
51, 370, 94, 22
51, 124, 94, 49
51, 383, 94, 42
51, 544, 95, 80
51, 34, 95, 23
51, 259, 95, 71
51, 197, 95, 61
51, 551, 95, 56
51, 296, 95, 4
51, 299, 95, 54
51, 588, 95, 84
51, 428, 95, 25
51, 206, 95, 5
51, 303, 95, 86
51, 176, 95, 4
51, 500, 95, 76
51, 567, 95, 84
51, 281, 95, 97
51, 443, 95, 40
51, 156, 95, 98
51, 574, 95, 34
51, 259, 96, 71
51, 391, 96, 89
51, 11, 96, 96
51, 396, 96, 11
51, 276, 96, 36
51, 427, 96, 88
51, 429, 96, 99
51, 55, 96, 48
51, 187, 96, 92
51, 189, 96, 69
51, 445, 96, 55
51, 193, 96, 84
51, 454, 96, 63
51, 458, 96, 86
51, 331, 96, 17
51, 464, 96, 61
51, 467, 96, 33
51, 223, 96, 66
51, 495, 96, 41
51, 243, 96, 37
51, 121, 96, 56
51, 381, 96, 77
51, 37, 97, 41
51, 588, 97, 84
51, 525, 97, 93
51, 141, 97, 13
51, 594, 97, 90
51, 379, 97, 82
51, 117, 97, 87
51, 405, 97, 15
51, 375, 97, 64
51, 57, 97, 32
51, 475, 97, 91
51, 478, 97, 29
51, 0, 98, 43
51, 128, 98, 85
51, 391, 98, 89
51, 138, 98, 89
51, 525, 98, 93
51, 270, 98, 63
51, 528, 98, 45
51, 412, 98, 29
51, 540, 98, 84
51, 286, 98, 90
51, 416, 98, 65
51, 33, 98, 33
51, 289, 98, 59
51, 167, 98, 85
51, 304, 98, 34
51, 306, 98, 21
51, 327, 98, 98
51, 82, 98, 38
51, 85, 98, 79
51, 474, 98, 78
51, 480, 98, 41
51, 482, 98, 3
51, 485, 98, 53
51, 102, 98, 12
51, 0, 99, 43
51, 258, 99, 62
51, 7, 99, 87
51, 276, 99, 36
51, 536, 99, 84
51, 418, 99, 88
51, 420, 99, 85
51, 39, 99, 81
51, 557, 99, 83
51, 45, 99, 44
51, 451, 99, 82
51, 583, 99, 54
51, 199, 99, 85
51, 586, 99, 18
51, 459, 99, 74
51, 466, 99, 56
51, 216, 99, 90
51, 376, 99, 73
51, 358, 99, 51
51, 240, 99, 66
51, 118, 99, 64
51, 248, 99, 45
51, 384, 100, 76
51, 133, 100, 71
51, 390, 100, 38
51, 391, 100, 89
51, 265, 100, 100
51, 12, 100, 7
51, 526, 100, 35
51, 148, 100, 94
51, 29, 100, 89
51, 550, 100, 66
51, 424, 100, 8
51, 47, 100, 24
51, 53, 100, 21
51, 574, 100, 34
51, 582, 100, 45
51, 202, 100, 62
51, 595, 100, 70
51, 341, 100, 35
51, 217, 100, 3
51, 473, 100, 82
51, 90, 100, 83
51, 476, 100, 54
51, 239, 100, 44
51, 245, 100, 26
51, 385, 101, 95
51, 130, 101, 16
51, 391, 101, 89
51, 7, 101, 87
51, 26, 101, 48
51, 282, 101, 42
51, 544, 101, 80
51, 167, 101, 85
51, 308, 101, 29
51, 53, 101, 21
51, 444, 101, 3
51, 450, 101, 28
51, 334, 101, 16
51, 79, 101, 18
51, 462, 101, 88
51, 209, 101, 77
51, 346, 101, 80
51, 477, 101, 31
51, 105, 101, 80
51, 236, 101, 12
51, 288, 102, 24
51, 325, 102, 68
51, 391, 102, 89
51, 232, 102, 93
51, 74, 102, 21
51, 46, 102, 68
51, 444, 102, 3
51, 517, 103, 7
51, 270, 103, 63
51, 529, 103, 73
51, 531, 103, 77
51, 532, 103, 78
51, 408, 103, 47
51, 25, 103, 24
51, 542, 103, 100
51, 415, 103, 14
51, 547, 103, 15
51, 420, 103, 85
51, 549, 103, 43
51, 298, 103, 96
51, 427, 103, 88
51, 555, 103, 17
51, 181, 103, 73
51, 191, 103, 22
51, 455, 103, 41
51, 596, 103, 12
51, 215, 103, 28
51, 220, 103, 51
51, 478, 103, 29
51, 378, 103, 19
51, 576, 104, 100
51, 484, 104, 10
51, 517, 104, 7
51, 297, 104, 42
51, 395, 104, 86
51, 493, 104, 5
51, 373, 104, 56
51, 22, 104, 60
51, 377, 104, 43
51, 573, 104, 51
51, 191, 104, 22
51, 256, 105, 27
51, 225, 105, 52
51, 129, 105, 72
51, 451, 105, 82
51, 289, 105, 59
51, 554, 105, 49
51, 409, 105, 88
51, 146, 105, 11
51, 114, 105, 17
51, 20, 105, 52
51, 536, 105, 84
51, 153, 105, 94
51, 348, 105, 63
51, 317, 105, 75
51, 254, 105, 93
51, 257, 106, 2
51, 387, 106, 23
51, 393, 106, 60
51, 281, 106, 97
51, 427, 106, 88
51, 568, 106, 13
51, 318, 106, 46
51, 195, 106, 83
51, 196, 106, 48
51, 72, 106, 93
51, 74, 106, 21
51, 587, 106, 94
51, 345, 106, 64
51, 347, 106, 40
51, 96, 106, 85
51, 106, 106, 59
51, 493, 106, 5
51, 509, 106, 55
51, 510, 106, 86
51, 35, 107, 84
51, 581, 107, 65
51, 518, 107, 85
51, 551, 107, 56
51, 423, 107, 32
51, 102, 107, 12
51, 69, 107, 20
51, 44, 107, 25
51, 269, 107, 75
51, 48, 107, 42
51, 560, 107, 11
51, 53, 107, 21
51, 117, 107, 87
51, 247, 107, 15
51, 441, 107, 1
51, 574, 107, 34
51, 256, 108, 27
51, 449, 108, 3
51, 67, 108, 8
51, 141, 108, 13
51, 334, 108, 16
51, 398, 108, 72
51, 561, 108, 33
51, 512, 109, 41
51, 449, 109, 3
51, 99, 109, 60
51, 296, 109, 4
51, 282, 109, 42
51, 332, 109, 72
51, 589, 109, 25
51, 81, 109, 61
51, 538, 109, 11
51, 564, 109, 30
51, 85, 109, 79
51, 118, 109, 64
51, 215, 109, 28
51, 216, 109, 90
51, 569, 109, 71
51, 26, 109, 48
51, 123, 109, 30
51, 575, 109, 91
51, 576, 110, 100
51, 481, 110, 99
51, 550, 110, 66
51, 574, 110, 34
51, 586, 110, 18
51, 298, 110, 96
51, 300, 110, 64
51, 473, 110, 82
51, 462, 110, 88
51, 433, 110, 20
51, 498, 110, 33
51, 500, 110, 76
51, 85, 110, 79
51, 408, 110, 47
51, 185, 110, 29
51, 58, 110, 56
51, 285, 110, 57
51, 446, 110, 10
51, 191, 111, 22
51, 97, 111, 39
51, 388, 111, 70
51, 201, 111, 34
51, 43, 111, 80
51, 174, 111, 66
51, 302, 111, 73
51, 562, 111, 53
51, 179, 111, 95
51, 564, 111, 30
51, 438, 111, 58
51, 184, 111, 15
51, 543, 111, 84
51, 7, 112, 87
51, 136, 112, 36
51, 265, 112, 100
51, 15, 112, 46
51, 543, 112, 84
51, 549, 112, 43
51, 316, 112, 20
51, 579, 112, 5
51, 324, 112, 17
51, 197, 112, 61
51, 72, 112, 93
51, 74, 112, 21
51, 338, 112, 59
51, 214, 112, 59
51, 476, 112, 54
51, 349, 112, 78
51, 487, 112, 17
51, 490, 112, 38
51, 504, 112, 94
51, 121, 112, 56
51, 259, 113, 71
51, 518, 113, 85
51, 9, 113, 69
51, 538, 113, 11
51, 155, 113, 78
51, 419, 113, 79
51, 166, 113, 42
51, 171, 113, 89
51, 431, 113, 71
51, 437, 113, 3
51, 54, 113, 89
51, 321, 113, 8
51, 459, 113, 74
51, 86, 113, 76
51, 214, 113, 59
51, 346, 113, 80
51, 475, 113, 91
51, 100, 113, 60
51, 488, 113, 23
51, 361, 113, 80
51, 108, 113, 58
51, 497, 113, 81
51, 516, 114, 8
51, 389, 114, 44
51, 134, 114, 51
51, 263, 114, 60
51, 394, 114, 15
51, 269, 114, 75
51, 19, 114, 81
51, 534, 114, 59
51, 535, 114, 9
51, 281, 114, 97
51, 282, 114, 42
51, 412, 114, 29
51, 543, 114, 84
51, 295, 114, 32
51, 42, 114, 93
51, 182, 114, 64
51, 442, 114, 32
51, 446, 114, 10
51, 324, 114, 17
51, 332, 114, 72
51, 334, 114, 16
51, 463, 114, 29
51, 344, 114, 57
51, 345, 114, 64
51, 484, 114, 10
51, 0, 115, 43
51, 289, 115, 59
51, 194, 115, 41
51, 547, 115, 15
51, 516, 115, 8
51, 326, 115, 59
51, 263, 115, 60
51, 167, 115, 85
51, 328, 115, 83
51, 555, 115, 17
51, 174, 115, 66
51, 46, 115, 68
51, 16, 115, 22
51, 306, 115, 21
51, 243, 115, 37
51, 567, 115, 84
51, 504, 115, 94
51, 574, 115, 34
51, 36, 116, 33
51, 324, 116, 17
51, 100, 116, 60
51, 360, 116, 45
51, 142, 116, 36
51, 240, 116, 66
51, 177, 116, 52
51, 433, 116, 20
51, 595, 116, 70
51, 309, 116, 42
51, 598, 116, 73
51, 62, 116, 28
51, 94, 116, 38
51, 60, 116, 17
51, 414, 116, 83
51, 127, 116, 10
51, 385, 117, 95
51, 16, 117, 22
51, 145, 117, 48
51, 402, 117, 52
51, 26, 117, 48
51, 288, 117, 24
51, 33, 117, 33
51, 164, 117, 23
51, 557, 117, 83
51, 49, 117, 16
51, 319, 117, 62
51, 469, 117, 77
51, 470, 117, 65
51, 599, 117, 31
51, 227, 117, 12
51, 104, 117, 18
51, 109, 117, 95
51, 114, 117, 17
51, 371, 117, 50
51, 125, 117, 90
51, 518, 118, 85
51, 111, 118, 73
51, 89, 118, 72
51, 29, 118, 89
51, 94, 118, 38
51, 524, 119, 54
51, 206, 119, 5
51, 112, 119, 66
51, 437, 119, 3
51, 445, 119, 55
51, 544, 120, 80
51, 260, 120, 94
51, 453, 120, 34
51, 165, 120, 5
51, 199, 120, 85
51, 392, 120, 95
51, 27, 120, 71
51, 234, 120, 70
51, 299, 120, 54
51, 334, 120, 16
51, 238, 120, 37
51, 78, 120, 69
51, 401, 120, 37
51, 501, 120, 96
51, 469, 120, 77
51, 279, 120, 65
51, 408, 120, 47
51, 91, 120, 54
51, 417, 121, 23
51, 34, 121, 23
51, 260, 121, 94
51, 550, 121, 66
51, 586, 121, 18
51, 240, 121, 66
51, 145, 121, 48
51, 241, 121, 26
51, 84, 121, 59
51, 596, 121, 12
51, 471, 121, 72
51, 281, 121, 97
51, 91, 121, 54
51, 476, 121, 54
51, 253, 121, 26
51, 382, 121, 64
51, 0, 122, 43
51, 128, 122, 85
51, 386, 122, 81
51, 385, 122, 95
51, 265, 122, 100
51, 398, 122, 72
51, 143, 122, 35
51, 19, 122, 81
51, 36, 122, 33
51, 175, 122, 86
51, 50, 122, 31
51, 316, 122, 20
51, 189, 122, 69
51, 67, 122, 8
51, 198, 122, 92
51, 461, 122, 98
51, 80, 122, 98
51, 471, 122, 72
51, 222, 122, 18
51, 490, 122, 38
51, 235, 122, 9
51, 115, 122, 8
51, 249, 122, 34
51, 508, 122, 50
51, 509, 122, 55
51, 98, 123, 76
51, 131, 123, 7
51, 420, 123, 85
51, 293, 123, 72
51, 295, 123, 32
51, 330, 123, 99
51, 43, 123, 80
51, 172, 123, 82
51, 46, 123, 68
51, 401, 123, 37
51, 500, 123, 76
51, 117, 123, 87
51, 56, 123, 76
51, 443, 123, 40
51, 316, 123, 20
51, 96, 124, 85
51, 130, 124, 16
51, 420, 124, 85
51, 580, 124, 86
51, 165, 124, 5
51, 552, 124, 90
51, 425, 124, 98
51, 138, 124, 89
51, 490, 124, 38
51, 332, 124, 72
51, 589, 124, 25
51, 13, 124, 53
51, 241, 124, 26
51, 146, 124, 11
51, 210, 124, 57
51, 129, 125, 72
51, 388, 125, 70
51, 261, 125, 61
51, 393, 125, 60
51, 534, 125, 59
51, 28, 125, 26
51, 161, 125, 74
51, 551, 125, 56
51, 174, 125, 66
51, 52, 125, 5
51, 311, 125, 95
51, 442, 125, 32
51, 318, 125, 46
51, 196, 125, 48
51, 74, 125, 21
51, 588, 125, 84
51, 207, 125, 31
51, 81, 125, 61
51, 595, 125, 70
51, 596, 125, 12
51, 469, 125, 77
51, 358, 125, 51
51, 359, 125, 81
51, 498, 125, 33
51, 245, 125, 26
51, 192, 126, 59
51, 580, 126, 86
51, 485, 126, 53
51, 516, 126, 8
51, 107, 126, 33
51, 15, 126, 46
51, 209, 126, 77
51, 274, 126, 35
51, 339, 126, 47
51, 594, 126, 90
51, 469, 126, 77
51, 534, 126, 59
51, 437, 126, 3
51, 217, 126, 3
51, 131, 127, 7
51, 519, 127, 35
51, 263, 127, 60
51, 524, 127, 54
51, 536, 127, 84
51, 153, 127, 94
51, 282, 127, 42
51, 159, 127, 63
51, 162, 127, 16
51, 38, 127, 53
51, 166, 127, 42
51, 41, 127, 49
51, 432, 127, 74
51, 436, 127, 100
51, 54, 127, 89
51, 189, 127, 69
51, 577, 127, 90
51, 449, 127, 3
51, 588, 127, 84
51, 85, 127, 79
51, 346, 127, 80
51, 475, 127, 91
51, 489, 127, 5
51, 237, 127, 55
51, 481, 128, 99
51, 389, 128, 44
51, 231, 128, 66
51, 459, 128, 74
51, 11, 128, 96
51, 50, 128, 31
51, 55, 128, 48
51, 507, 128, 80
51, 93, 128, 73
51, 543, 128, 84
51, 192, 129, 59
51, 102, 129, 12
51, 236, 129, 12
51, 367, 129, 23
51, 115, 129, 8
51, 85, 129, 79
51, 565, 129, 54
51, 247, 129, 15
51, 312, 129, 94
51, 90, 129, 83
51, 284, 129, 85
51, 389, 130, 44
51, 393, 130, 60
51, 144, 130, 40
51, 21, 130, 45
51, 279, 130, 65
51, 286, 130, 90
51, 287, 130, 10
51, 417, 130, 23
51, 294, 130, 5
51, 170, 130, 33
51, 42, 130, 93
51, 323, 130, 51
51, 328, 130, 83
51, 205, 130, 5
51, 79, 130, 18
51, 208, 130, 2
51, 342, 130, 16
51, 216, 130, 90
51, 356, 130, 53
51, 389, 131, 44
51, 134, 131, 51
51, 8, 131, 99
51, 280, 131, 97
51, 412, 131, 29
51, 291, 131, 98
51, 420, 131, 85
51, 167, 131, 85
51, 423, 131, 32
51, 553, 131, 3
51, 557, 131, 83
51, 305, 131, 65
51, 311, 131, 95
51, 61, 131, 17
51, 193, 131, 84
51, 326, 131, 59
51, 459, 131, 74
51, 593, 131, 59
51, 344, 131, 57
51, 90, 131, 83
51, 349, 131, 78
51, 237, 131, 55
51, 370, 131, 22
51, 504, 131, 94
51, 265, 132, 100
51, 267, 132, 28
51, 269, 132, 75
51, 535, 132, 9
51, 282, 132, 42
51, 159, 132, 63
51, 298, 132, 96
51, 44, 132, 25
51, 559, 132, 62
51, 176, 132, 4
51, 560, 132, 11
51, 181, 132, 73
51, 315, 132, 36
51, 329, 132, 55
51, 464, 132, 61
51, 595, 132, 70
51, 213, 132, 13
51, 102, 132, 12
51, 117, 132, 87
51, 119, 132, 26
51, 97, 133, 39
51, 483, 133, 74
51, 26, 133, 48
51, 424, 133, 8
51, 330, 133, 99
51, 556, 133, 96
51, 560, 133, 11
51, 498, 133, 33
51, 179, 133, 95
51, 434, 133, 21
51, 373, 133, 56
51, 214, 133, 59
51, 469, 133, 77
51, 316, 133, 20
51, 346, 133, 80
51, 539, 133, 58
51, 252, 133, 62
51, 158, 133, 16
51, 64, 134, 96
51, 389, 134, 44
51, 231, 134, 66
51, 73, 134, 59
51, 362, 134, 79
51, 338, 134, 59
51, 52, 134, 5
51, 309, 134, 42
51, 244, 134, 60
51, 598, 134, 73
51, 504, 134, 94
51, 94, 134, 38
51, 357, 135, 92
51, 358, 135, 51
51, 294, 135, 5
51, 10, 135, 16
51, 75, 135, 38
51, 332, 135, 72
51, 459, 135, 74
51, 142, 135, 36
51, 367, 135, 23
51, 558, 135, 10
51, 470, 135, 65
51, 251, 135, 67
51, 253, 135, 26
51, 318, 135, 46
51, 289, 136, 59
51, 420, 136, 85
51, 4, 136, 60
51, 6, 136, 73
51, 71, 136, 53
51, 104, 136, 18
51, 203, 136, 87
51, 365, 136, 73
51, 15, 136, 46
51, 49, 136, 16
51, 114, 136, 17
51, 50, 136, 31
51, 276, 136, 36
51, 245, 136, 26
51, 53, 136, 21
51, 150, 136, 80
51, 120, 136, 34
51, 445, 136, 55
51, 34, 137, 23
51, 3, 137, 91
51, 387, 137, 23
51, 4, 137, 60
51, 457, 137, 32
51, 393, 137, 60
51, 559, 137, 62
51, 466, 137, 56
51, 242, 137, 39
51, 254, 137, 93
51, 213, 137, 13
51, 279, 137, 65
51, 280, 137, 97
51, 219, 137, 55
51, 380, 137, 74
51, 510, 137, 86
51, 223, 137, 66
51, 258, 138, 62
51, 291, 138, 98
51, 388, 138, 70
51, 423, 138, 32
51, 44, 138, 25
51, 431, 138, 71
51, 207, 138, 31
51, 211, 138, 54
51, 441, 138, 1
51, 314, 138, 38
51, 263, 139, 60
51, 264, 139, 12
51, 137, 139, 23
51, 270, 139, 63
51, 146, 139, 11
51, 149, 139, 52
51, 280, 139, 97
51, 35, 139, 84
51, 294, 139, 5
51, 296, 139, 4
51, 425, 139, 98
51, 430, 139, 70
51, 558, 139, 10
51, 52, 139, 5
51, 182, 139, 64
51, 580, 139, 86
51, 208, 139, 2
51, 87, 139, 83
51, 223, 139, 66
51, 117, 139, 87
51, 508, 139, 50
51, 127, 139, 10
51, 160, 140, 23
51, 503, 140, 55
51, 196, 140, 48
51, 134, 140, 51
51, 8, 140, 99
51, 73, 140, 59
51, 457, 140, 32
51, 396, 140, 11
51, 209, 140, 77
51, 369, 140, 19
51, 531, 140, 77
51, 23, 140, 16
51, 277, 140, 67
51, 179, 140, 95
51, 407, 140, 25
51, 536, 140, 84
51, 348, 140, 63
51, 29, 140, 89
51, 131, 141, 7
51, 268, 141, 19
51, 153, 141, 94
51, 540, 141, 84
51, 420, 141, 85
51, 164, 141, 23
51, 175, 141, 86
51, 562, 141, 53
51, 570, 141, 83
51, 60, 141, 17
51, 584, 141, 36
51, 457, 141, 32
51, 458, 141, 86
51, 589, 141, 25
51, 590, 141, 16
51, 598, 141, 73
51, 96, 141, 85
51, 98, 141, 76
51, 101, 141, 46
51, 107, 141, 33
51, 111, 141, 73
51, 243, 141, 37
51, 377, 141, 43
51, 508, 141, 50
51, 148, 142, 94
51, 532, 142, 78
51, 278, 142, 28
51, 535, 142, 9
51, 21, 142, 45
51, 413, 142, 22
51, 39, 142, 81
51, 40, 142, 73
51, 297, 142, 42
51, 181, 142, 73
51, 54, 142, 89
51, 466, 142, 56
51, 467, 142, 33
51, 344, 142, 57
51, 473, 142, 82
51, 222, 142, 18
51, 478, 142, 29
51, 480, 142, 41
51, 108, 142, 58
51, 366, 142, 94
51, 240, 142, 66
51, 255, 142, 7
51, 256, 143, 27
51, 385, 143, 95
51, 131, 143, 7
51, 135, 143, 75
51, 393, 143, 60
51, 143, 143, 35
51, 399, 143, 61
51, 159, 143, 63
51, 165, 143, 5
51, 297, 143, 42
51, 559, 143, 62
51, 186, 143, 84
51, 325, 143, 68
51, 199, 143, 85
51, 465, 143, 29
51, 471, 143, 72
51, 89, 143, 72
51, 97, 143, 39
51, 494, 143, 14
51, 248, 143, 45
51, 121, 143, 56
51, 123, 143, 30
51, 261, 144, 61
51, 133, 144, 71
51, 525, 144, 93
51, 529, 144, 73
51, 276, 144, 36
51, 27, 144, 71
51, 413, 144, 22
51, 290, 144, 78
51, 420, 144, 85
51, 549, 144, 43
51, 47, 144, 24
51, 561, 144, 33
51, 442, 144, 32
51, 59, 144, 23
51, 319, 144, 62
51, 87, 144, 83
51, 97, 144, 39
51, 489, 144, 5
51, 363, 144, 14
51, 237, 144, 55
51, 115, 144, 8
51, 503, 144, 55
51, 254, 144, 93
51, 517, 145, 7
51, 390, 145, 38
51, 552, 145, 90
51, 75, 145, 38
51, 28, 145, 26
51, 462, 145, 88
51, 110, 145, 21
51, 561, 145, 33
51, 532, 145, 78
51, 86, 145, 76
51, 406, 145, 50
51, 476, 145, 54
51, 542, 145, 100
51, 256, 146, 27
51, 200, 146, 75
51, 396, 146, 11
51, 558, 146, 10
51, 92, 146, 78
51, 49, 146, 16
51, 242, 146, 39
51, 50, 146, 31
51, 369, 146, 19
51, 152, 146, 39
51, 217, 146, 3
51, 412, 146, 29
51, 413, 146, 22
51, 575, 146, 91
51, 2, 147, 77
51, 515, 147, 16
51, 514, 147, 39
51, 197, 147, 61
51, 423, 147, 32
51, 584, 147, 36
51, 554, 147, 49
51, 47, 147, 24
51, 442, 147, 32
51, 385, 148, 95
51, 2, 148, 77
51, 145, 148, 48
51, 276, 148, 36
51, 279, 148, 65
51, 542, 148, 100
51, 38, 148, 53
51, 431, 148, 71
51, 435, 148, 96
51, 439, 148, 26
51, 319, 148, 62
51, 327, 148, 98
51, 203, 148, 87
51, 85, 148, 79
51, 344, 148, 57
51, 353, 148, 64
51, 228, 148, 93
51, 486, 148, 72
51, 247, 148, 15
51, 248, 148, 45
51, 250, 148, 22
51, 127, 148, 10
51, 129, 149, 72
51, 417, 149, 23
51, 516, 149, 8
51, 327, 149, 98
51, 552, 149, 90
51, 366, 149, 94
51, 336, 149, 29
51, 563, 149, 48
51, 404, 149, 44
51, 311, 149, 95
51, 313, 149, 4
51, 187, 149, 92
51, 226, 150, 13
51, 535, 150, 9
51, 582, 150, 45
51, 168, 150, 13
51, 335, 150, 88
51, 80, 150, 98
51, 308, 150, 29
51, 85, 150, 79
51, 87, 150, 83
51, 446, 150, 10
51, 95, 150, 85
51, 384, 151, 76
51, 35, 151, 84
51, 36, 151, 33
51, 228, 151, 93
51, 389, 151, 44
51, 235, 151, 9
51, 397, 151, 60
51, 341, 151, 35
51, 182, 151, 64
51, 35, 152, 84
51, 135, 152, 75
51, 427, 152, 88
51, 462, 152, 88
51, 594, 152, 90
51, 386, 153, 81
51, 9, 153, 69
51, 143, 153, 35
51, 145, 153, 48
51, 19, 153, 81
51, 404, 153, 44
51, 155, 153, 78
51, 35, 153, 84
51, 164, 153, 23
51, 294, 153, 5
51, 306, 153, 21
51, 313, 153, 4
51, 327, 153, 98
51, 457, 153, 32
51, 330, 153, 99
51, 592, 153, 42
51, 212, 153, 20
51, 84, 153, 59
51, 343, 153, 24
51, 473, 153, 82
51, 360, 153, 45
51, 375, 153, 64
51, 507, 153, 80
51, 32, 154, 79
51, 67, 154, 8
51, 485, 154, 53
51, 586, 154, 18
51, 303, 154, 86
51, 240, 154, 66
51, 143, 154, 35
51, 210, 154, 57
51, 595, 154, 70
51, 337, 154, 4
51, 149, 154, 52
51, 157, 154, 24
51, 87, 154, 83
51, 399, 154, 61
51, 380, 154, 74
51, 93, 154, 73
51, 319, 154, 62
51, 99, 155, 60
51, 326, 155, 59
51, 10, 155, 16
51, 106, 155, 59
51, 301, 155, 44
51, 430, 155, 70
51, 431, 155, 71
51, 336, 155, 29
51, 48, 155, 42
51, 598, 155, 73
51, 27, 155, 71
51, 30, 155, 37
51, 522, 156, 45
51, 143, 156, 35
51, 17, 156, 8
51, 529, 156, 73
51, 416, 156, 65
51, 161, 156, 74
51, 176, 156, 4
51, 436, 156, 100
51, 566, 156, 70
51, 574, 156, 34
51, 575, 156, 91
51, 320, 156, 65
51, 321, 156, 8
51, 452, 156, 49
51, 200, 156, 75
51, 457, 156, 32
51, 592, 156, 42
51, 211, 156, 54
51, 84, 156, 59
51, 471, 156, 72
51, 345, 156, 64
51, 225, 156, 52
51, 358, 156, 51
51, 235, 156, 9
51, 108, 156, 58
51, 519, 157, 35
51, 151, 157, 98
51, 31, 157, 48
51, 291, 157, 98
51, 422, 157, 20
51, 176, 157, 4
51, 560, 157, 11
51, 562, 157, 53
51, 59, 157, 23
51, 443, 157, 40
51, 315, 157, 36
51, 62, 157, 28
51, 326, 157, 59
51, 329, 157, 55
51, 203, 157, 87
51, 587, 157, 94
51, 337, 157, 4
51, 91, 157, 54
51, 126, 157, 96
51, 106, 158, 59
51, 523, 158, 15
51, 531, 158, 77
51, 435, 158, 96
51, 406, 158, 50
51, 162, 159, 16
51, 297, 159, 42
51, 109, 159, 95
51, 205, 159, 5
51, 269, 159, 75
51, 593, 159, 59
51, 338, 159, 59
51, 182, 159, 64
51, 472, 159, 56
51, 26, 160, 48
51, 319, 160, 62
51, 76, 160, 68
51, 148, 160, 94
51, 89, 160, 72
51, 442, 160, 32
51, 287, 160, 10
51, 577, 161, 90
51, 72, 161, 93
51, 394, 161, 15
51, 302, 161, 73
51, 114, 161, 17
51, 52, 161, 5
51, 148, 161, 94
51, 57, 161, 32
51, 29, 161, 89
51, 287, 161, 10
51, 384, 162, 76
51, 525, 162, 93
51, 272, 162, 32
51, 403, 162, 47
51, 415, 162, 14
51, 544, 162, 80
51, 176, 162, 4
51, 304, 162, 34
51, 434, 162, 21
51, 435, 162, 96
51, 185, 162, 29
51, 57, 162, 32
51, 445, 162, 55
51, 451, 162, 82
51, 582, 162, 45
51, 73, 162, 59
51, 205, 162, 5
51, 80, 162, 98
51, 493, 162, 5
51, 242, 162, 39
51, 581, 163, 65
51, 423, 163, 32
51, 174, 163, 66
51, 85, 163, 79
51, 281, 163, 97
51, 444, 163, 3
51, 255, 163, 7
51, 537, 164, 84
51, 414, 164, 83
51, 158, 164, 16
51, 566, 164, 70
51, 310, 164, 49
51, 188, 164, 24
51, 446, 164, 10
51, 586, 164, 18
51, 203, 164, 87
51, 593, 164, 59
51, 88, 164, 48
51, 97, 164, 39
51, 353, 164, 64
51, 360, 164, 45
51, 488, 164, 23
51, 492, 164, 77
51, 364, 164, 18
51, 114, 164, 17
51, 371, 164, 50
51, 244, 164, 60
51, 501, 164, 96
51, 242, 164, 39
51, 255, 164, 7
51, 64, 165, 96
51, 417, 165, 23
51, 546, 165, 100
51, 487, 165, 17
51, 328, 165, 83
51, 523, 165, 15
51, 460, 165, 64
51, 397, 165, 60
51, 365, 165, 73
51, 111, 165, 73
51, 124, 165, 49
51, 85, 165, 79
51, 470, 165, 65
51, 407, 165, 25
51, 345, 165, 64
51, 60, 165, 17
51, 189, 165, 69
51, 511, 165, 92
51, 161, 166, 74
51, 70, 166, 82
51, 135, 166, 75
51, 520, 166, 26
51, 14, 166, 94
51, 283, 166, 23
51, 339, 166, 47
51, 21, 166, 45
51, 565, 166, 54
51, 312, 166, 94
51, 539, 166, 58
51, 34, 167, 23
51, 325, 167, 68
51, 38, 167, 53
51, 230, 167, 50
51, 581, 167, 65
51, 329, 167, 55
51, 138, 167, 89
51, 107, 167, 33
51, 331, 167, 17
51, 555, 167, 17
51, 361, 167, 80
51, 147, 167, 50
51, 153, 167, 94
51, 218, 167, 94
51, 123, 167, 30
51, 257, 168, 2
51, 481, 168, 99
51, 453, 168, 34
51, 326, 168, 59
51, 136, 168, 36
51, 170, 168, 33
51, 491, 168, 92
51, 11, 168, 96
51, 461, 168, 98
51, 107, 168, 33
51, 566, 168, 70
51, 540, 168, 84
51, 576, 169, 100
51, 353, 169, 64
51, 546, 169, 100
51, 260, 169, 94
51, 389, 169, 44
51, 421, 169, 74
51, 422, 169, 20
51, 330, 169, 99
51, 48, 169, 42
51, 305, 169, 65
51, 246, 169, 8
51, 155, 169, 78
51, 124, 169, 49
51, 3, 170, 91
51, 132, 170, 86
51, 41, 170, 49
51, 362, 170, 79
51, 490, 170, 38
51, 395, 170, 86
51, 528, 170, 45
51, 338, 170, 59
51, 119, 170, 26
51, 149, 170, 52
51, 118, 170, 64
51, 55, 170, 48
51, 53, 170, 21
51, 127, 170, 10
51, 2, 171, 77
51, 38, 171, 53
51, 520, 171, 26
51, 267, 171, 28
51, 43, 171, 80
51, 365, 171, 73
51, 208, 171, 2
51, 84, 171, 59
51, 244, 171, 60
51, 378, 171, 19
51, 379, 171, 82
51, 124, 171, 49
51, 98, 172, 76
51, 291, 172, 98
51, 452, 172, 49
51, 453, 172, 34
51, 67, 172, 8
51, 201, 172, 34
51, 362, 172, 79
51, 490, 172, 38
51, 432, 172, 74
51, 402, 172, 52
51, 594, 172, 90
51, 565, 172, 54
51, 316, 172, 20
51, 572, 172, 93
51, 135, 173, 75
51, 265, 173, 100
51, 266, 173, 18
51, 143, 173, 35
51, 151, 173, 98
51, 537, 173, 84
51, 31, 173, 48
51, 294, 173, 5
51, 553, 173, 3
51, 42, 173, 93
51, 563, 173, 48
51, 437, 173, 3
51, 187, 173, 92
51, 579, 173, 5
51, 582, 173, 45
51, 350, 173, 67
51, 352, 173, 50
51, 360, 173, 45
51, 361, 173, 80
51, 106, 173, 59
51, 108, 173, 58
51, 249, 173, 34
51, 2, 174, 77
51, 195, 174, 83
51, 322, 174, 33
51, 197, 174, 61
51, 38, 174, 53
51, 518, 174, 85
51, 260, 174, 94
51, 262, 174, 46
51, 556, 174, 96
51, 268, 174, 19
51, 495, 174, 41
51, 432, 174, 74
51, 337, 174, 4
51, 497, 174, 81
51, 570, 174, 83
51, 103, 175, 66
51, 105, 175, 80
51, 496, 175, 100
51, 594, 175, 90
51, 83, 175, 83
51, 183, 175, 33
51, 151, 175, 98
51, 58, 175, 56
51, 127, 175, 10
51, 261, 176, 61
51, 403, 176, 47
51, 533, 176, 25
51, 281, 176, 97
51, 538, 176, 11
51, 552, 176, 90
51, 297, 176, 42
51, 564, 176, 30
51, 449, 176, 3
51, 323, 176, 51
51, 324, 176, 17
51, 198, 176, 92
51, 584, 176, 36
51, 329, 176, 55
51, 593, 176, 59
51, 480, 176, 41
51, 375, 176, 64
51, 505, 176, 37
51, 254, 176, 93
51, 260, 177, 94
51, 485, 177, 53
51, 71, 177, 53
51, 331, 177, 17
51, 523, 177, 15
51, 395, 177, 86
51, 110, 177, 21
51, 114, 177, 17
51, 474, 177, 78
51, 347, 177, 40
51, 380, 177, 74
51, 510, 177, 86
51, 543, 177, 84
51, 477, 178, 31
51, 196, 178, 48
51, 454, 178, 63
51, 134, 178, 51
51, 40, 178, 73
51, 393, 178, 60
51, 238, 178, 37
51, 401, 178, 37
51, 307, 178, 42
51, 151, 178, 98
51, 89, 178, 72
51, 221, 178, 62
51, 542, 178, 100
51, 161, 179, 74
51, 10, 179, 16
51, 47, 179, 24
51, 343, 179, 24
51, 185, 179, 29
51, 127, 179, 10
51, 390, 180, 38
51, 107, 180, 33
51, 431, 180, 71
51, 80, 180, 98
51, 371, 180, 50
51, 351, 180, 95
51, 261, 181, 61
51, 511, 181, 92
51, 403, 181, 47
51, 154, 181, 10
51, 410, 181, 93
51, 549, 181, 43
51, 41, 181, 49
51, 554, 181, 49
51, 47, 181, 24
51, 566, 181, 70
51, 311, 181, 95
51, 55, 181, 48
51, 56, 181, 76
51, 57, 181, 32
51, 313, 181, 4
51, 317, 181, 75
51, 319, 181, 62
51, 591, 181, 47
51, 593, 181, 59
51, 98, 181, 76
51, 228, 181, 93
51, 103, 181, 66
51, 114, 181, 17
51, 255, 181, 7
51, 518, 182, 85
51, 441, 182, 1
51, 559, 182, 62
51, 16, 182, 22
51, 404, 182, 44
51, 89, 182, 72
51, 134, 183, 51
51, 428, 183, 25
51, 527, 183, 39
51, 16, 183, 22
51, 17, 183, 8
51, 243, 183, 37
51, 313, 183, 4
51, 320, 184, 65
51, 97, 184, 39
51, 324, 184, 17
51, 426, 184, 32
51, 479, 184, 49
51, 170, 184, 33
51, 494, 184, 14
51, 21, 184, 45
51, 24, 184, 34
51, 575, 184, 91
51, 352, 185, 50
51, 353, 185, 64
51, 515, 185, 16
51, 355, 185, 16
51, 293, 185, 72
51, 486, 185, 72
51, 329, 185, 55
51, 409, 185, 88
51, 457, 185, 32
51, 106, 185, 59
51, 366, 185, 94
51, 431, 185, 71
51, 211, 185, 54
51, 276, 185, 36
51, 469, 185, 77
51, 246, 185, 8
51, 25, 185, 24
51, 320, 186, 65
51, 3, 186, 91
51, 255, 186, 7
51, 99, 186, 60
51, 483, 186, 74
51, 580, 186, 86
51, 301, 186, 44
51, 398, 186, 72
51, 496, 186, 100
51, 19, 186, 81
51, 117, 186, 87
51, 54, 186, 89
51, 342, 186, 16
51, 376, 186, 73
51, 218, 186, 94
51, 539, 186, 58
51, 127, 186, 10
51, 575, 186, 91
51, 512, 187, 41
51, 289, 187, 59
51, 66, 187, 73
51, 135, 187, 75
51, 72, 187, 93
51, 10, 187, 16
51, 138, 187, 89
51, 204, 187, 37
51, 175, 187, 86
51, 368, 187, 24
51, 401, 187, 37
51, 594, 187, 90
51, 274, 187, 35
51, 402, 187, 52
51, 118, 187, 64
51, 502, 187, 36
51, 89, 187, 72
51, 126, 187, 96
51, 512, 188, 41
51, 135, 188, 75
51, 8, 188, 99
51, 139, 188, 75
51, 398, 188, 72
51, 21, 188, 45
51, 155, 188, 78
51, 290, 188, 78
51, 172, 188, 82
51, 50, 188, 31
51, 441, 188, 1
51, 318, 188, 46
51, 586, 188, 18
51, 338, 188, 59
51, 339, 188, 47
51, 84, 188, 59
51, 343, 188, 24
51, 345, 188, 64
51, 347, 188, 40
51, 222, 188, 18
51, 352, 188, 50
51, 101, 188, 46
51, 498, 188, 33
51, 372, 188, 33
51, 249, 188, 34
51, 32, 189, 79
51, 448, 189, 60
51, 192, 189, 59
51, 323, 189, 51
51, 582, 189, 45
51, 522, 189, 45
51, 140, 189, 15
51, 367, 189, 23
51, 467, 189, 33
51, 403, 189, 47
51, 598, 189, 73
51, 413, 189, 22
51, 472, 189, 56
51, 539, 189, 58
51, 283, 189, 23
51, 381, 189, 77
51, 542, 189, 100
51, 546, 190, 100
51, 356, 190, 53
51, 133, 190, 71
51, 136, 190, 36
51, 265, 190, 100
51, 170, 190, 33
51, 424, 190, 8
51, 332, 190, 72
51, 396, 190, 11
51, 521, 190, 83
51, 346, 190, 80
51, 210, 190, 57
51, 116, 190, 39
51, 407, 190, 25
51, 184, 190, 15
51, 474, 190, 78
51, 571, 190, 80
51, 280, 191, 97
51, 67, 191, 8
51, 262, 191, 46
51, 200, 191, 75
51, 472, 191, 56
51, 56, 191, 76
51, 509, 191, 55
51, 548, 192, 44
51, 592, 192, 42
51, 497, 192, 81
51, 467, 192, 33
51, 596, 192, 12
51, 130, 193, 16
51, 273, 193, 33
51, 281, 193, 97
51, 27, 193, 71
51, 412, 193, 29
51, 167, 193, 85
51, 52, 193, 5
51, 567, 193, 84
51, 572, 193, 93
51, 318, 193, 46
51, 446, 193, 10
51, 331, 193, 17
51, 588, 193, 84
51, 333, 193, 60
51, 463, 193, 29
51, 466, 193, 56
51, 342, 193, 16
51, 227, 193, 12
51, 246, 193, 8
51, 98, 194, 76
51, 163, 194, 98
51, 197, 194, 61
51, 74, 194, 21
51, 398, 194, 72
51, 494, 194, 14
51, 484, 195, 10
51, 199, 195, 85
51, 429, 195, 99
51, 499, 195, 5
51, 404, 195, 44
51, 512, 196, 41
51, 140, 196, 15
51, 271, 196, 92
51, 531, 196, 77
51, 158, 196, 16
51, 35, 196, 84
51, 292, 196, 22
51, 310, 196, 49
51, 55, 196, 48
51, 312, 196, 94
51, 572, 196, 93
51, 68, 196, 8
51, 204, 196, 37
51, 595, 196, 70
51, 469, 196, 77
51, 472, 196, 56
51, 92, 196, 78
51, 225, 196, 52
51, 356, 196, 53
51, 365, 196, 73
51, 239, 196, 44
51, 500, 196, 76
51, 375, 196, 64
51, 264, 197, 12
51, 203, 197, 87
51, 45, 197, 44
51, 208, 197, 2
51, 179, 197, 95
51, 410, 197, 93
51, 508, 197, 50
51, 191, 197, 22
51, 389, 198, 44
51, 12, 198, 7
51, 144, 198, 40
51, 274, 198, 35
51, 405, 198, 15
51, 278, 198, 28
51, 412, 198, 29
51, 32, 198, 79
51, 172, 198, 82
51, 178, 198, 75
51, 199, 198, 85
51, 462, 198, 88
51, 207, 198, 31
51, 81, 198, 61
51, 122, 198, 19
51, 108, 198, 58
51, 237, 198, 55
51, 120, 198, 34
51, 506, 198, 44
51, 514, 199, 39
51, 138, 199, 89
51, 394, 199, 15
51, 280, 199, 97
51, 31, 199, 48
51, 287, 199, 10
51, 543, 199, 84
51, 165, 199, 5
51, 38, 199, 53
51, 296, 199, 4
51, 426, 199, 32
51, 46, 199, 68
51, 566, 199, 70
51, 584, 199, 36
51, 202, 199, 62
51, 587, 199, 94
51, 338, 199, 59
51, 83, 199, 83
51, 471, 199, 72
51, 222, 199, 18
51, 100, 199, 60
51, 101, 199, 46
51, 105, 199, 80
51, 106, 199, 59
51, 119, 199, 26
51, 192, 200, 59
51, 128, 200, 85
51, 418, 200, 88
51, 195, 200, 83
51, 204, 200, 37
51, 502, 200, 36
51, 313, 200, 4
51, 347, 200, 40
51, 514, 201, 39
51, 232, 201, 93
51, 42, 201, 93
51, 555, 201, 17
51, 526, 201, 35
51, 595, 201, 70
51, 20, 201, 52
51, 568, 201, 13
51, 345, 201, 64
51, 92, 201, 78
51, 447, 201, 66
51, 1, 202, 57
51, 418, 202, 88
51, 487, 202, 17
51, 424, 202, 8
51, 555, 202, 17
51, 76, 202, 68
51, 590, 202, 16
51, 144, 202, 40
51, 565, 202, 54
51, 183, 202, 33
51, 158, 202, 16
51, 418, 203, 88
51, 194, 203, 41
51, 197, 203, 61
51, 392, 203, 95
51, 105, 203, 80
51, 202, 203, 62
51, 44, 203, 25
51, 557, 203, 83
51, 463, 203, 29
51, 272, 203, 32
51, 80, 203, 98
51, 306, 203, 21
51, 597, 203, 97
51, 184, 203, 15
51, 412, 203, 29
51, 573, 203, 51
51, 65, 204, 36
51, 545, 204, 53
51, 582, 204, 45
51, 39, 204, 81
51, 395, 204, 86
51, 528, 204, 45
51, 561, 204, 33
51, 144, 204, 40
51, 275, 204, 2
51, 436, 204, 100
51, 311, 204, 95
51, 153, 204, 94
51, 570, 204, 83
51, 574, 204, 34
51, 485, 205, 53
51, 74, 205, 21
51, 236, 205, 12
51, 590, 205, 16
51, 559, 205, 62
51, 335, 205, 88
51, 372, 205, 33
51, 572, 205, 93
51, 125, 205, 90
51, 158, 205, 16
51, 258, 206, 62
51, 392, 206, 95
51, 12, 206, 7
51, 269, 206, 75
51, 402, 206, 52
51, 147, 206, 50
51, 279, 206, 65
51, 413, 206, 22
51, 417, 206, 23
51, 297, 206, 42
51, 307, 206, 42
51, 312, 206, 94
51, 60, 206, 17
51, 192, 206, 59
51, 66, 206, 73
51, 208, 206, 2
51, 464, 206, 61
51, 341, 206, 35
51, 342, 206, 16
51, 346, 206, 80
51, 236, 206, 12
51, 497, 206, 81
51, 244, 206, 60
51, 502, 206, 36
51, 121, 206, 56
51, 352, 207, 50
51, 33, 207, 33
51, 393, 207, 60
51, 42, 207, 93
51, 85, 207, 79
51, 107, 208, 33
51, 17, 208, 8
51, 278, 208, 28
51, 380, 208, 74
51, 188, 208, 24
51, 286, 208, 90
51, 2, 209, 77
51, 451, 209, 82
51, 454, 209, 63
51, 102, 209, 12
51, 521, 209, 83
51, 305, 209, 65
51, 502, 209, 36
51, 189, 209, 69
51, 511, 209, 92
51, 33, 210, 33
51, 153, 210, 94
51, 422, 210, 20
51, 72, 210, 93
51, 393, 210, 60
51, 74, 210, 21
51, 264, 210, 12
51, 142, 210, 36
51, 176, 210, 4
51, 112, 210, 66
51, 370, 210, 22
51, 404, 210, 44
51, 407, 210, 25
51, 151, 210, 98
51, 57, 210, 32
51, 349, 210, 78
51, 477, 210, 31
51, 3, 211, 91
51, 388, 211, 70
51, 144, 211, 40
51, 163, 211, 98
51, 166, 211, 42
51, 551, 211, 56
51, 425, 211, 98
51, 170, 211, 33
51, 175, 211, 86
51, 49, 211, 16
51, 64, 211, 96
51, 65, 211, 36
51, 195, 211, 83
51, 580, 211, 86
51, 77, 211, 39
51, 215, 211, 28
51, 352, 211, 50
51, 491, 211, 92
51, 365, 211, 73
51, 123, 211, 30
51, 4, 212, 60
51, 582, 212, 45
51, 167, 212, 85
51, 586, 212, 18
51, 554, 212, 49
51, 555, 212, 17
51, 441, 212, 1
51, 593, 212, 59
51, 274, 212, 35
51, 436, 212, 100
51, 118, 212, 64
51, 439, 212, 26
51, 313, 212, 4
51, 509, 212, 55
51, 416, 213, 65
51, 579, 213, 5
51, 357, 213, 92
51, 453, 213, 34
51, 71, 213, 53
51, 135, 213, 75
51, 265, 213, 100
51, 394, 213, 15
51, 233, 213, 11
51, 326, 213, 59
51, 589, 213, 25
51, 47, 213, 24
51, 275, 213, 2
51, 22, 213, 60
51, 253, 213, 26
51, 29, 213, 89
51, 413, 213, 22
51, 192, 214, 59
51, 578, 214, 89
51, 260, 214, 94
51, 101, 214, 46
51, 518, 214, 85
51, 203, 214, 87
51, 459, 214, 74
51, 75, 214, 38
51, 331, 214, 17
51, 335, 214, 88
51, 537, 214, 84
51, 594, 214, 90
51, 402, 214, 52
51, 341, 214, 35
51, 53, 214, 21
51, 185, 214, 29
51, 506, 214, 44
51, 59, 214, 23
51, 512, 215, 41
51, 6, 215, 73
51, 262, 215, 46
51, 267, 215, 28
51, 18, 215, 29
51, 541, 215, 83
51, 419, 215, 79
51, 165, 215, 5
51, 550, 215, 66
51, 42, 215, 93
51, 171, 215, 89
51, 299, 215, 54
51, 445, 215, 55
51, 458, 215, 86
51, 586, 215, 18
51, 332, 215, 72
51, 589, 215, 25
51, 355, 215, 16
51, 366, 215, 94
51, 370, 215, 22
51, 501, 215, 96
51, 248, 215, 45
51, 271, 216, 92
51, 15, 216, 46
51, 534, 216, 59
51, 540, 216, 84
51, 547, 216, 15
51, 292, 216, 22
51, 421, 216, 74
51, 555, 216, 17
51, 429, 216, 99
51, 303, 216, 86
51, 432, 216, 74
51, 436, 216, 100
51, 565, 216, 54
51, 187, 216, 92
51, 578, 216, 89
51, 582, 216, 45
51, 462, 216, 88
51, 339, 216, 47
51, 497, 216, 81
51, 117, 216, 87
51, 122, 216, 19
51, 123, 216, 30
51, 357, 217, 92
51, 490, 217, 38
51, 344, 217, 57
51, 314, 217, 38
51, 155, 217, 78
51, 28, 217, 26
51, 478, 217, 29
51, 32, 218, 79
51, 323, 218, 51
51, 71, 218, 53
51, 489, 218, 5
51, 41, 218, 49
51, 203, 218, 87
51, 427, 218, 88
51, 589, 218, 25
51, 396, 218, 11
51, 175, 218, 86
51, 305, 218, 65
51, 146, 218, 11
51, 83, 218, 83
51, 120, 218, 34
51, 314, 218, 38
51, 347, 218, 40
51, 385, 219, 95
51, 357, 219, 92
51, 199, 219, 85
51, 392, 219, 95
51, 39, 219, 81
51, 135, 219, 75
51, 366, 219, 94
51, 175, 219, 86
51, 304, 219, 34
51, 561, 219, 33
51, 271, 219, 92
51, 278, 219, 28
51, 187, 219, 92
51, 190, 219, 11
51, 479, 219, 49
51, 0, 220, 43
51, 449, 220, 3
51, 99, 220, 60
51, 330, 220, 99
51, 208, 220, 2
51, 85, 220, 79
51, 151, 220, 98
51, 508, 220, 50
51, 3, 221, 91
51, 516, 221, 8
51, 11, 221, 96
51, 396, 221, 11
51, 144, 221, 40
51, 150, 221, 80
51, 27, 221, 71
51, 156, 221, 98
51, 164, 221, 23
51, 424, 221, 8
51, 297, 221, 42
51, 170, 221, 33
51, 49, 221, 16
51, 52, 221, 5
51, 572, 221, 93
51, 62, 221, 28
51, 462, 221, 88
51, 593, 221, 59
51, 468, 221, 86
51, 343, 221, 24
51, 231, 221, 66
51, 234, 221, 70
51, 252, 221, 62
51, 64, 222, 96
51, 548, 222, 44
51, 166, 222, 42
51, 518, 222, 85
51, 425, 222, 98
51, 333, 222, 60
51, 433, 222, 20
51, 562, 222, 53
51, 599, 222, 31
51, 59, 222, 23
51, 528, 223, 45
51, 146, 223, 11
51, 23, 223, 16
51, 153, 223, 94
51, 542, 223, 100
51, 544, 223, 80
51, 160, 223, 23
51, 161, 223, 74
51, 425, 223, 98
51, 560, 223, 11
51, 317, 223, 75
51, 190, 223, 11
51, 192, 223, 59
51, 205, 223, 5
51, 88, 223, 48
51, 348, 223, 63
51, 225, 223, 52
51, 492, 223, 77
51, 367, 223, 23
51, 495, 223, 41
51, 250, 223, 22
51, 127, 223, 10
51, 312, 224, 94
51, 164, 224, 23
51, 581, 224, 65
51, 70, 224, 82
51, 134, 224, 51
51, 138, 224, 89
51, 555, 224, 17
51, 106, 224, 59
51, 429, 224, 99
51, 114, 224, 17
51, 146, 224, 11
51, 532, 224, 78
51, 277, 224, 67
51, 310, 224, 49
51, 242, 224, 39
51, 380, 224, 74
51, 411, 224, 49
51, 252, 224, 62
51, 417, 225, 23
51, 131, 225, 7
51, 484, 225, 10
51, 7, 225, 87
51, 523, 225, 15
51, 143, 225, 35
51, 529, 225, 73
51, 381, 225, 77
51, 316, 225, 20
51, 311, 225, 95
51, 347, 225, 40
51, 60, 225, 17
51, 317, 225, 75
51, 256, 226, 27
51, 146, 226, 11
51, 404, 226, 44
51, 213, 226, 13
51, 56, 226, 76
51, 538, 226, 11
51, 261, 227, 61
51, 267, 227, 28
51, 530, 227, 47
51, 21, 227, 45
51, 278, 227, 28
51, 420, 227, 85
51, 298, 227, 96
51, 557, 227, 83
51, 175, 227, 86
51, 311, 227, 95
51, 183, 227, 33
51, 571, 227, 80
51, 192, 227, 59
51, 86, 227, 76
51, 476, 227, 54
51, 480, 227, 41
51, 482, 227, 3
51, 484, 227, 10
51, 361, 227, 80
51, 489, 227, 5
51, 253, 227, 26
51, 0, 228, 43
51, 96, 228, 85
51, 37, 228, 41
51, 440, 228, 45
51, 487, 228, 17
51, 296, 228, 4
51, 203, 228, 87
51, 113, 228, 59
51, 312, 228, 94
51, 185, 228, 29
51, 132, 229, 86
51, 5, 229, 7
51, 390, 229, 38
51, 263, 229, 60
51, 400, 229, 32
51, 21, 229, 45
51, 534, 229, 59
51, 150, 229, 80
51, 25, 229, 24
51, 417, 229, 23
51, 291, 229, 98
51, 426, 229, 32
51, 170, 229, 33
51, 566, 229, 70
51, 61, 229, 17
51, 446, 229, 10
51, 205, 229, 5
51, 226, 229, 13
51, 482, 229, 3
51, 356, 229, 53
51, 113, 229, 59
51, 372, 229, 33
51, 251, 229, 67
51, 353, 230, 64
51, 583, 230, 54
51, 205, 230, 5
51, 273, 230, 33
51, 181, 230, 73
51, 245, 230, 26
51, 409, 230, 88
51, 510, 230, 86
51, 121, 231, 56
51, 98, 231, 76
51, 354, 231, 32
51, 45, 231, 44
51, 342, 231, 16
51, 153, 231, 94
51, 129, 232, 72
51, 259, 232, 71
51, 528, 232, 45
51, 418, 232, 88
51, 549, 232, 43
51, 168, 232, 13
51, 41, 232, 49
51, 310, 232, 49
51, 439, 232, 26
51, 185, 232, 29
51, 443, 232, 40
51, 319, 232, 62
51, 588, 232, 84
51, 467, 232, 33
51, 84, 232, 59
51, 472, 232, 56
51, 221, 232, 62
51, 224, 232, 6
51, 356, 232, 53
51, 229, 232, 21
51, 359, 232, 81
51, 367, 232, 23
51, 288, 233, 24
51, 134, 233, 51
51, 455, 233, 41
51, 584, 233, 36
51, 233, 233, 11
51, 394, 233, 15
51, 231, 233, 66
51, 336, 233, 29
51, 440, 233, 45
51, 441, 233, 1
51, 442, 233, 32
51, 189, 233, 69
51, 158, 233, 16
51, 419, 234, 79
51, 164, 234, 23
51, 319, 234, 62
51, 231, 234, 66
51, 104, 234, 18
51, 169, 234, 72
51, 555, 234, 17
51, 492, 234, 77
51, 560, 234, 11
51, 412, 234, 29
51, 95, 234, 85
51, 67, 235, 8
51, 451, 235, 82
51, 582, 235, 45
51, 391, 235, 89
51, 105, 235, 80
51, 556, 235, 96
51, 428, 235, 25
51, 17, 235, 8
51, 115, 235, 8
51, 244, 235, 60
51, 275, 235, 2
51, 153, 235, 94
51, 28, 235, 26
51, 134, 236, 51
51, 12, 236, 7
51, 272, 236, 32
51, 18, 236, 29
51, 408, 236, 47
51, 284, 236, 85
51, 551, 236, 56
51, 171, 236, 89
51, 561, 236, 33
51, 435, 236, 96
51, 565, 236, 54
51, 191, 236, 22
51, 323, 236, 51
51, 584, 236, 36
51, 77, 236, 39
51, 464, 236, 61
51, 594, 236, 90
51, 211, 236, 54
51, 89, 236, 72
51, 488, 236, 23
51, 367, 236, 23
51, 388, 237, 70
51, 264, 237, 12
51, 267, 237, 28
51, 23, 237, 16
51, 151, 237, 98
51, 419, 237, 79
51, 553, 237, 3
51, 170, 237, 33
51, 47, 237, 24
51, 304, 237, 34
51, 305, 237, 65
51, 49, 237, 16
51, 182, 237, 64
51, 312, 237, 94
51, 321, 237, 8
51, 200, 237, 75
51, 586, 237, 18
51, 338, 237, 59
51, 469, 237, 77
51, 88, 237, 48
51, 95, 237, 85
51, 482, 237, 3
51, 367, 237, 23
51, 248, 237, 45
51, 125, 237, 90
51, 128, 238, 85
51, 6, 238, 73
51, 275, 238, 2
51, 406, 238, 50
51, 159, 238, 63
51, 288, 238, 24
51, 418, 238, 88
51, 166, 238, 42
51, 427, 238, 88
51, 304, 238, 34
51, 305, 238, 65
51, 564, 238, 30
51, 53, 238, 21
51, 442, 238, 32
51, 189, 238, 69
51, 446, 238, 10
51, 70, 238, 82
51, 209, 238, 77
51, 472, 238, 56
51, 348, 238, 63
51, 243, 238, 37
51, 247, 238, 15
51, 120, 238, 34
51, 505, 238, 37
51, 193, 239, 84
51, 355, 239, 16
51, 431, 239, 71
51, 464, 239, 61
51, 17, 239, 8
51, 50, 239, 31
51, 55, 239, 48
51, 184, 239, 15
51, 377, 239, 43
51, 412, 239, 29
51, 449, 240, 3
51, 471, 240, 72
51, 100, 240, 60
51, 202, 240, 62
51, 75, 240, 38
51, 557, 240, 83
51, 436, 240, 100
51, 215, 240, 28
51, 186, 240, 84
51, 92, 240, 78
51, 413, 240, 22
51, 190, 240, 11
51, 69, 241, 20
51, 122, 241, 19
51, 105, 241, 80
51, 170, 241, 33
51, 397, 241, 60
51, 77, 241, 39
51, 496, 241, 100
51, 561, 241, 33
51, 16, 241, 22
51, 347, 241, 40
51, 507, 241, 80
51, 210, 241, 57
51, 375, 241, 64
51, 312, 241, 94
51, 346, 241, 80
51, 91, 241, 54
51, 415, 241, 14
51, 514, 242, 39
51, 515, 242, 16
51, 260, 242, 94
51, 147, 242, 50
51, 407, 242, 25
51, 285, 242, 57
51, 37, 242, 41
51, 44, 242, 25
51, 49, 242, 16
51, 52, 242, 5
51, 564, 242, 30
51, 180, 242, 76
51, 570, 242, 83
51, 60, 242, 17
51, 318, 242, 46
51, 75, 242, 38
51, 590, 242, 16
51, 474, 242, 78
51, 91, 242, 54
51, 229, 242, 21
51, 370, 242, 22
51, 371, 242, 50
51, 249, 242, 34
51, 65, 243, 36
51, 258, 243, 62
51, 99, 243, 60
51, 486, 243, 72
51, 202, 243, 62
51, 555, 243, 17
51, 203, 243, 87
51, 77, 243, 39
51, 505, 243, 37
51, 563, 243, 48
51, 52, 243, 5
51, 21, 243, 45
51, 499, 243, 5
51, 438, 243, 58
51, 88, 243, 48
51, 441, 243, 1
51, 378, 243, 19
51, 541, 243, 83
51, 225, 244, 52
51, 418, 244, 88
51, 357, 244, 92
51, 198, 244, 92
51, 425, 244, 98
51, 491, 244, 92
51, 12, 244, 7
51, 537, 244, 84
51, 433, 244, 20
51, 146, 244, 11
51, 405, 244, 15
51, 566, 244, 70
51, 120, 244, 34
51, 57, 244, 32
51, 509, 245, 55
51, 9, 245, 69
51, 73, 245, 59
51, 44, 245, 25
51, 428, 245, 25
51, 462, 245, 88
51, 272, 245, 32
51, 594, 245, 90
51, 534, 245, 59
51, 345, 245, 64
51, 251, 245, 67
51, 349, 245, 78
51, 387, 246, 23
51, 4, 246, 60
51, 134, 246, 51
51, 12, 246, 7
51, 17, 246, 8
51, 27, 246, 71
51, 412, 246, 29
51, 544, 246, 80
51, 163, 246, 98
51, 550, 246, 66
51, 296, 246, 4
51, 556, 246, 96
51, 564, 246, 30
51, 180, 246, 76
51, 571, 246, 80
51, 326, 246, 59
51, 85, 246, 79
51, 223, 246, 66
51, 351, 246, 95
51, 481, 246, 99
51, 226, 246, 13
51, 101, 246, 46
51, 122, 246, 19
51, 379, 246, 82
51, 129, 247, 72
51, 513, 247, 66
51, 131, 247, 7
51, 263, 247, 60
51, 397, 247, 60
51, 525, 247, 93
51, 33, 247, 33
51, 319, 247, 62
51, 575, 247, 91
51, 322, 247, 33
51, 452, 247, 49
51, 455, 247, 41
51, 328, 247, 83
51, 74, 247, 21
51, 77, 247, 39
51, 466, 247, 56
51, 468, 247, 86
51, 477, 247, 31
51, 481, 247, 99
51, 483, 247, 74
51, 100, 247, 60
51, 232, 247, 93
51, 366, 247, 94
51, 2, 248, 77
51, 394, 248, 15
51, 286, 248, 90
51, 543, 248, 84
51, 549, 248, 43
51, 40, 248, 73
51, 301, 248, 44
51, 558, 248, 10
51, 49, 248, 16
51, 561, 248, 33
51, 187, 248, 92
51, 318, 248, 46
51, 574, 248, 34
51, 329, 248, 55
51, 589, 248, 25
51, 461, 248, 98
51, 206, 248, 5
51, 219, 248, 55
51, 347, 248, 40
51, 222, 248, 18
51, 235, 248, 9
51, 127, 248, 10
51, 353, 249, 64
51, 547, 249, 15
51, 355, 249, 16
51, 164, 249, 23
51, 298, 249, 96
51, 11, 249, 96
51, 505, 249, 37
51, 14, 249, 94
51, 494, 249, 14
51, 563, 249, 48
51, 244, 249, 60
51, 147, 249, 50
51, 342, 249, 16
51, 407, 249, 25
51, 182, 249, 64
51, 217, 249, 3
51, 190, 249, 11
51, 511, 249, 92
51, 352, 250, 50
51, 69, 250, 20
51, 424, 250, 8
51, 593, 250, 59
51, 530, 250, 47
51, 498, 250, 33
51, 25, 250, 24
51, 351, 250, 95
51, 397, 251, 60
51, 15, 251, 46
51, 403, 251, 47
51, 19, 251, 81
51, 154, 251, 10
51, 27, 251, 71
51, 539, 251, 58
51, 414, 251, 83
51, 176, 251, 4
51, 304, 251, 34
51, 180, 251, 76
51, 53, 251, 21
51, 308, 251, 29
51, 52, 251, 5
51, 455, 251, 41
51, 81, 251, 61
51, 349, 251, 78
51, 223, 251, 66
51, 99, 251, 60
51, 358, 251, 51
51, 242, 251, 39
51, 119, 251, 26
51, 124, 251, 49
51, 258, 252, 62
51, 3, 252, 91
51, 292, 252, 22
51, 200, 252, 75
51, 424, 252, 8
51, 490, 252, 38
51, 456, 252, 84
51, 393, 252, 60
51, 559, 252, 62
51, 209, 252, 77
51, 83, 252, 83
51, 122, 252, 19
51, 507, 252, 80
51, 508, 252, 50
51, 222, 252, 18
51, 322, 253, 33
51, 4, 253, 60
51, 165, 253, 5
51, 550, 253, 66
51, 27, 253, 71
51, 447, 253, 66
51, 202, 253, 62
51, 395, 253, 86
51, 41, 253, 49
51, 304, 253, 34
51, 433, 253, 20
51, 81, 253, 61
51, 149, 253, 52
51, 117, 253, 87
51, 503, 253, 55
51, 89, 253, 72
51, 251, 253, 67
51, 191, 253, 22
51, 387, 254, 23
51, 451, 254, 82
51, 265, 254, 100
51, 299, 254, 54
51, 556, 254, 96
51, 141, 254, 13
51, 46, 254, 68
51, 494, 254, 14
51, 368, 254, 24
51, 401, 254, 37
51, 302, 254, 73
51, 428, 254, 25
51, 534, 254, 59
51, 535, 254, 9
51, 22, 254, 60
51, 154, 254, 10
51, 477, 254, 31
51, 353, 255, 64
51, 37, 255, 41
51, 327, 255, 98
51, 73, 255, 59
51, 369, 255, 19
51, 32, 256, 79
51, 354, 256, 32
51, 195, 256, 83
51, 261, 256, 61
51, 393, 256, 60
51, 234, 256, 70
51, 588, 256, 84
51, 124, 256, 49
51, 596, 256, 12
51, 437, 256, 3
51, 406, 256, 50
51, 280, 256, 97
51, 89, 256, 72
51, 284, 256, 85
51, 414, 256, 83
51, 287, 256, 10
51, 160, 257, 23
51, 545, 257, 53
51, 521, 257, 83
51, 460, 257, 64
51, 209, 257, 77
51, 151, 257, 98
51, 507, 257, 80
51, 574, 257, 34
51, 223, 257, 66
51, 321, 258, 8
51, 353, 258, 64
51, 483, 258, 74
51, 260, 258, 94
51, 520, 258, 26
51, 491, 258, 92
51, 111, 258, 73
51, 209, 258, 77
51, 370, 258, 22
51, 433, 258, 20
51, 537, 258, 84
51, 450, 259, 28
51, 258, 259, 62
51, 312, 259, 94
51, 567, 259, 84
51, 358, 259, 51
51, 584, 259, 36
51, 586, 259, 18
51, 522, 259, 45
51, 426, 259, 32
51, 396, 259, 11
51, 431, 259, 71
51, 241, 259, 26
51, 306, 259, 21
51, 469, 259, 77
51, 405, 259, 15
51, 407, 259, 25
51, 373, 259, 56
51, 25, 259, 24
51, 1, 260, 57
51, 516, 260, 8
51, 268, 260, 19
51, 270, 260, 63
51, 274, 260, 35
51, 530, 260, 47
51, 405, 260, 15
51, 154, 260, 10
51, 36, 260, 33
51, 560, 260, 11
51, 307, 260, 42
51, 188, 260, 24
51, 448, 260, 60
51, 65, 260, 36
51, 78, 260, 69
51, 466, 260, 56
51, 467, 260, 33
51, 87, 260, 83
51, 92, 260, 78
51, 356, 260, 53
51, 365, 260, 73
51, 243, 260, 37
51, 378, 260, 19
51, 546, 261, 100
51, 485, 261, 53
51, 330, 261, 99
51, 334, 261, 16
51, 368, 261, 24
51, 369, 261, 19
51, 50, 261, 31
51, 497, 261, 81
51, 474, 261, 78
51, 220, 261, 51
51, 391, 262, 89
51, 137, 262, 23
51, 528, 262, 45
51, 147, 262, 50
51, 21, 262, 45
51, 534, 262, 59
51, 29, 262, 89
51, 288, 262, 24
51, 547, 262, 15
51, 293, 262, 72
51, 60, 262, 17
51, 454, 262, 63
51, 333, 262, 60
51, 216, 262, 90
51, 89, 262, 72
51, 97, 262, 39
51, 483, 262, 74
51, 232, 262, 93
51, 368, 262, 24
51, 120, 262, 34
51, 527, 263, 39
51, 531, 263, 77
51, 150, 263, 80
51, 157, 263, 24
51, 166, 263, 42
51, 563, 263, 48
51, 179, 263, 95
51, 313, 263, 4
51, 319, 263, 62
51, 447, 263, 66
51, 193, 263, 84
51, 344, 263, 57
51, 475, 263, 91
51, 225, 263, 52
51, 236, 263, 12
51, 365, 263, 73
51, 498, 263, 33
51, 119, 263, 26
51, 255, 263, 7
51, 1, 264, 57
51, 131, 264, 7
51, 488, 264, 23
51, 40, 264, 73
51, 266, 264, 18
51, 522, 264, 45
51, 138, 264, 89
51, 298, 264, 96
51, 399, 264, 61
51, 271, 264, 92
51, 371, 264, 50
51, 148, 264, 94
51, 373, 264, 56
51, 24, 264, 34
51, 254, 264, 93
51, 204, 265, 37
51, 398, 265, 72
51, 594, 265, 90
51, 542, 265, 100
51, 95, 265, 85
51, 1, 266, 57
51, 354, 266, 32
51, 417, 266, 23
51, 453, 266, 34
51, 552, 266, 90
51, 393, 266, 60
51, 424, 266, 8
51, 397, 266, 60
51, 119, 266, 26
51, 30, 266, 37
51, 261, 267, 61
51, 71, 267, 53
51, 202, 267, 62
51, 269, 267, 75
51, 238, 267, 37
51, 241, 267, 26
51, 209, 267, 77
51, 21, 267, 45
51, 182, 267, 64
51, 127, 267, 10
51, 10, 268, 16
51, 525, 268, 93
51, 270, 268, 63
51, 400, 268, 32
51, 538, 268, 11
51, 28, 268, 26
51, 29, 268, 89
51, 419, 268, 79
51, 422, 268, 20
51, 167, 268, 85
51, 294, 268, 5
51, 173, 268, 85
51, 438, 268, 58
51, 444, 268, 3
51, 579, 268, 5
51, 68, 268, 8
51, 452, 268, 49
51, 451, 268, 82
51, 73, 268, 59
51, 466, 268, 56
51, 86, 268, 76
51, 96, 268, 85
51, 356, 268, 53
51, 254, 268, 93
51, 2, 269, 77
51, 323, 269, 51
51, 38, 269, 53
51, 199, 269, 85
51, 346, 269, 80
51, 414, 269, 83
51, 267, 270, 28
51, 173, 270, 85
51, 174, 270, 66
51, 240, 270, 66
51, 411, 270, 49
51, 309, 270, 42
51, 376, 270, 73
51, 442, 270, 32
51, 475, 270, 91
51, 447, 270, 66
51, 259, 271, 71
51, 260, 271, 94
51, 133, 271, 71
51, 521, 271, 83
51, 14, 271, 94
51, 528, 271, 45
51, 287, 271, 10
51, 306, 271, 21
51, 563, 271, 48
51, 437, 271, 3
51, 190, 271, 11
51, 198, 271, 92
51, 71, 271, 53
51, 458, 271, 86
51, 342, 271, 16
51, 90, 271, 83
51, 347, 271, 40
51, 361, 271, 80
51, 105, 271, 80
51, 239, 271, 44
51, 370, 271, 22
51, 124, 271, 49
51, 254, 271, 93
51, 352, 272, 50
51, 384, 272, 76
51, 4, 272, 60
51, 454, 272, 63
51, 170, 272, 33
51, 16, 272, 22
51, 85, 272, 79
51, 150, 272, 80
51, 124, 272, 49
51, 256, 273, 27
51, 395, 273, 86
51, 402, 273, 52
51, 34, 273, 23
51, 418, 273, 88
51, 552, 273, 90
51, 557, 273, 83
51, 175, 273, 86
51, 560, 273, 11
51, 178, 273, 75
51, 55, 273, 48
51, 569, 273, 71
51, 187, 273, 92
51, 195, 273, 83
51, 580, 273, 86
51, 342, 273, 16
51, 90, 273, 83
51, 347, 273, 40
51, 92, 273, 78
51, 239, 273, 44
51, 369, 273, 19
51, 256, 274, 27
51, 3, 274, 91
51, 6, 274, 73
51, 533, 274, 25
51, 287, 274, 10
51, 36, 274, 33
51, 296, 274, 4
51, 556, 274, 96
51, 180, 274, 76
51, 565, 274, 54
51, 441, 274, 1
51, 186, 274, 84
51, 462, 274, 88
51, 206, 274, 5
51, 466, 274, 56
51, 84, 274, 59
51, 341, 274, 35
51, 598, 274, 73
51, 343, 274, 24
51, 345, 274, 64
51, 226, 274, 13
51, 238, 274, 37
51, 381, 274, 77
51, 481, 275, 99
51, 323, 275, 51
51, 295, 275, 32
51, 585, 275, 51
51, 394, 275, 15
51, 75, 275, 38
51, 123, 275, 30
51, 398, 275, 72
51, 241, 275, 26
51, 18, 275, 29
51, 438, 275, 58
51, 475, 275, 91
51, 578, 276, 89
51, 420, 276, 85
51, 583, 276, 54
51, 135, 276, 75
51, 107, 276, 33
51, 48, 276, 42
51, 402, 276, 52
51, 243, 276, 37
51, 54, 276, 89
51, 566, 276, 70
51, 27, 276, 71
51, 508, 276, 50
51, 222, 276, 18
51, 351, 276, 95
51, 354, 277, 32
51, 76, 277, 68
51, 560, 277, 11
51, 274, 277, 35
51, 566, 277, 70
51, 248, 277, 45
51, 292, 278, 22
51, 101, 278, 46
51, 294, 278, 5
51, 7, 278, 87
51, 295, 278, 32
51, 456, 278, 84
51, 500, 278, 76
51, 280, 278, 97
51, 125, 278, 90
51, 445, 278, 55
51, 262, 279, 46
51, 198, 279, 92
51, 200, 279, 75
51, 424, 279, 8
51, 42, 279, 93
51, 409, 279, 88
51, 105, 279, 80
51, 401, 279, 37
51, 247, 279, 15
51, 568, 279, 13
51, 377, 279, 43
51, 287, 279, 10
51, 418, 280, 88
51, 387, 280, 23
51, 132, 280, 86
51, 229, 280, 21
51, 390, 280, 38
51, 377, 280, 43
51, 426, 280, 32
51, 138, 280, 89
51, 170, 280, 33
51, 333, 280, 60
51, 304, 280, 34
51, 369, 280, 19
51, 339, 280, 47
51, 214, 280, 59
51, 503, 280, 55
51, 246, 280, 8
51, 278, 280, 28
51, 92, 280, 78
51, 162, 281, 16
51, 67, 281, 8
51, 163, 281, 98
51, 578, 281, 89
51, 297, 281, 42
51, 522, 281, 45
51, 334, 281, 16
51, 48, 281, 42
51, 272, 281, 32
51, 275, 281, 2
51, 20, 281, 52
51, 502, 281, 36
51, 151, 281, 98
51, 219, 281, 55
51, 478, 281, 29
51, 449, 282, 3
51, 1, 282, 57
51, 194, 282, 41
51, 38, 282, 53
51, 271, 282, 92
51, 16, 282, 22
51, 472, 282, 56
51, 251, 282, 67
51, 30, 282, 37
51, 448, 283, 60
51, 323, 283, 51
51, 483, 283, 74
51, 421, 283, 74
51, 259, 283, 71
51, 41, 283, 49
51, 362, 283, 79
51, 394, 283, 15
51, 396, 283, 11
51, 530, 283, 47
51, 275, 283, 2
51, 436, 283, 100
51, 466, 283, 56
51, 22, 283, 60
51, 320, 284, 65
51, 33, 284, 33
51, 482, 284, 3
51, 420, 284, 85
51, 366, 284, 94
51, 115, 284, 8
51, 505, 284, 37
51, 381, 284, 77
51, 1, 285, 57
51, 35, 285, 84
51, 484, 285, 10
51, 581, 285, 65
51, 197, 285, 61
51, 136, 285, 36
51, 105, 285, 80
51, 266, 285, 18
51, 557, 285, 83
51, 110, 285, 21
51, 79, 285, 18
51, 29, 285, 89
51, 114, 285, 17
51, 564, 285, 30
51, 119, 285, 26
51, 124, 285, 49
51, 157, 285, 24
51, 385, 286, 95
51, 3, 286, 91
51, 392, 286, 95
51, 267, 286, 28
51, 142, 286, 36
51, 143, 286, 35
51, 40, 286, 73
51, 435, 286, 96
51, 66, 286, 73
51, 323, 286, 51
51, 462, 286, 88
51, 472, 286, 56
51, 482, 286, 3
51, 226, 286, 13
51, 357, 286, 92
51, 358, 286, 51
51, 487, 286, 17
51, 485, 286, 53
51, 108, 286, 58
51, 496, 286, 100
51, 499, 286, 5
51, 119, 286, 26
51, 122, 286, 19
51, 288, 287, 24
51, 172, 287, 82
51, 557, 287, 83
51, 340, 287, 69
51, 119, 287, 26
51, 252, 287, 62
51, 513, 288, 66
51, 312, 288, 94
51, 388, 288, 70
51, 549, 288, 43
51, 197, 288, 61
51, 101, 288, 46
51, 456, 288, 84
51, 297, 288, 42
51, 460, 288, 64
51, 438, 288, 58
51, 408, 288, 47
51, 527, 289, 39
51, 405, 289, 15
51, 407, 289, 25
51, 156, 289, 98
51, 544, 289, 80
51, 545, 289, 53
51, 548, 289, 44
51, 421, 289, 74
51, 38, 289, 53
51, 555, 289, 17
51, 177, 289, 52
51, 315, 289, 36
51, 320, 289, 65
51, 332, 289, 72
51, 214, 289, 59
51, 349, 289, 78
51, 222, 289, 18
51, 351, 289, 95
51, 97, 289, 39
51, 356, 289, 53
51, 100, 289, 60
51, 488, 289, 23
51, 111, 289, 73
51, 500, 289, 76
51, 125, 289, 90
51, 453, 290, 34
51, 393, 290, 60
51, 140, 290, 15
51, 560, 290, 11
51, 19, 290, 81
51, 532, 290, 78
51, 21, 290, 45
51, 406, 290, 50
51, 87, 290, 83
51, 268, 291, 19
51, 46, 291, 68
51, 494, 291, 14
51, 239, 291, 44
51, 497, 291, 81
51, 592, 291, 42
51, 339, 291, 47
51, 565, 291, 54
51, 54, 291, 89
51, 188, 291, 24
51, 93, 291, 73
51, 548, 292, 44
51, 585, 292, 51
51, 12, 292, 7
51, 494, 292, 14
51, 17, 292, 8
51, 51, 292, 32
51, 355, 293, 16
51, 5, 293, 7
51, 519, 293, 35
51, 76, 293, 68
51, 274, 293, 35
51, 243, 293, 37
51, 184, 293, 15
51, 483, 294, 74
51, 229, 294, 21
51, 201, 294, 34
51, 270, 294, 63
51, 249, 294, 34
51, 134, 295, 51
51, 7, 295, 87
51, 523, 295, 15
51, 530, 295, 47
51, 285, 295, 57
51, 287, 295, 10
51, 288, 295, 24
51, 35, 295, 84
51, 174, 295, 66
51, 176, 295, 4
51, 435, 295, 96
51, 187, 295, 92
51, 448, 295, 60
51, 64, 295, 96
51, 196, 295, 48
51, 587, 295, 94
51, 206, 295, 5
51, 339, 295, 47
51, 86, 295, 76
51, 471, 295, 72
51, 90, 295, 83
51, 229, 295, 21
51, 232, 295, 93
51, 376, 295, 73
51, 225, 296, 52
51, 321, 296, 8
51, 421, 296, 74
51, 489, 296, 5
51, 268, 296, 19
51, 473, 296, 82
51, 207, 296, 31
51, 496, 296, 100
51, 305, 296, 65
51, 243, 296, 37
51, 21, 296, 45
51, 151, 296, 98
51, 56, 296, 76
51, 249, 296, 34
51, 222, 296, 18
51, 449, 297, 3
51, 130, 297, 16
51, 195, 297, 83
51, 394, 297, 15
51, 556, 297, 96
51, 364, 297, 18
51, 179, 297, 95
51, 467, 297, 33
51, 341, 297, 35
51, 534, 297, 59
51, 439, 297, 26
51, 60, 297, 17
51, 349, 297, 78
51, 1, 298, 57
51, 195, 298, 83
51, 231, 298, 66
51, 76, 298, 68
51, 493, 298, 5
51, 78, 298, 69
51, 271, 298, 92
51, 434, 298, 21
51, 87, 298, 83
51, 247, 298, 15
51, 504, 298, 94
51, 443, 298, 40
51, 32, 299, 79
51, 35, 299, 84
51, 263, 299, 60
51, 552, 299, 90
51, 11, 299, 96
51, 12, 299, 7
51, 334, 299, 16
51, 595, 299, 70
51, 181, 299, 73
51, 506, 299, 44
51, 476, 299, 54
51, 508, 299, 50
51, 94, 299, 38
51, 223, 299, 66
