300, 600, 30
61, 578, 0, 90
61, 37, 0, 17
61, 101, 0, 30
61, 518, 0, 78
61, 266, 0, 27
61, 298, 0, 58
61, 10, 0, 86
61, 80, 0, 17
61, 506, 0, 95
61, 53, 0, 10
61, 278, 0, 44
61, 471, 0, 68
61, 344, 0, 4
61, 22, 0, 33
61, 442, 0, 88
61, 380, 0, 72
61, 541, 0, 53
61, 447, 0, 77
61, 522, 1, 96
61, 18, 1, 27
61, 403, 1, 20
61, 551, 1, 53
61, 429, 1, 42
61, 46, 1, 35
61, 435, 1, 91
61, 441, 1, 25
61, 185, 1, 3
61, 326, 1, 79
61, 587, 1, 73
61, 461, 1, 46
61, 334, 1, 58
61, 463, 1, 72
61, 467, 1, 74
61, 212, 1, 3
61, 342, 1, 91
61, 471, 1, 68
61, 221, 1, 84
61, 223, 1, 76
61, 224, 1, 48
61, 97, 1, 82
61, 365, 1, 43
61, 497, 1, 21
61, 123, 1, 16
61, 354, 2, 82
61, 322, 2, 26
61, 579, 2, 5
61, 336, 2, 78
61, 369, 2, 22
61, 181, 2, 26
61, 597, 2, 81
61, 277, 2, 45
61, 409, 2, 13
61, 218, 2, 85
61, 475, 2, 63
61, 284, 2, 81
61, 259, 3, 35
61, 383, 3, 1
61, 396, 3, 36
61, 273, 3, 92
61, 424, 3, 63
61, 429, 3, 42
61, 48, 3, 46
61, 307, 3, 51
61, 188, 3, 1
61, 193, 3, 65
61, 325, 3, 13
61, 584, 3, 51
61, 459, 3, 65
61, 477, 3, 58
61, 99, 3, 22
61, 486, 3, 2
61, 489, 3, 19
61, 235, 3, 68
61, 110, 3, 1
61, 251, 3, 91
61, 127, 3, 85
61, 417, 4, 72
61, 161, 4, 21
61, 104, 4, 86
61, 22, 4, 33
61, 23, 4, 56
61, 280, 4, 21
61, 57, 4, 44
61, 415, 4, 53
61, 257, 5, 99
61, 387, 5, 92
61, 138, 5, 8
61, 147, 5, 87
61, 275, 5, 54
61, 33, 5, 8
61, 162, 5, 70
61, 168, 5, 34
61, 562, 5, 53
61, 320, 5, 82
61, 194, 5, 4
61, 451, 5, 2
61, 210, 5, 62
61, 596, 5, 4
61, 470, 5, 26
61, 349, 5, 83
61, 95, 5, 25
61, 494, 5, 36
61, 238, 5, 90
61, 240, 5, 47
61, 245, 5, 98
61, 9, 6, 17
61, 532, 6, 22
61, 152, 6, 31
61, 27, 6, 41
61, 28, 6, 69
61, 565, 6, 86
61, 438, 6, 48
61, 316, 6, 77
61, 193, 6, 65
61, 326, 6, 79
61, 72, 6, 30
61, 595, 6, 77
61, 470, 6, 26
61, 214, 6, 44
61, 224, 6, 48
61, 96, 6, 54
61, 358, 6, 43
61, 489, 6, 19
61, 490, 6, 92
61, 491, 6, 25
61, 498, 6, 33
61, 246, 6, 67
61, 506, 6, 95
61, 510, 6, 73
61, 162, 7, 70
61, 328, 7, 97
61, 75, 7, 76
61, 459, 7, 65
61, 410, 7, 32
61, 124, 7, 11
61, 452, 8, 89
61, 287, 8, 30
61, 583, 8, 10
61, 296, 8, 45
61, 138, 8, 8
61, 524, 8, 62
61, 31, 8, 69
61, 205, 8, 18
61, 430, 8, 41
61, 48, 8, 46
61, 51, 8, 28
61, 62, 8, 67
61, 248, 8, 28
61, 345, 8, 41
61, 380, 8, 72
61, 95, 8, 25
61, 575, 8, 85
61, 523, 9, 68
61, 267, 9, 40
61, 146, 9, 24
61, 25, 9, 20
61, 538, 9, 93
61, 155, 9, 97
61, 295, 9, 13
61, 298, 9, 58
61, 43, 9, 85
61, 556, 9, 81
61, 557, 9, 86
61, 50, 9, 92
61, 60, 9, 79
61, 322, 9, 26
61, 330, 9, 25
61, 460, 9, 69
61, 218, 9, 85
61, 101, 9, 30
61, 485, 9, 5
61, 363, 9, 22
61, 366, 9, 47
61, 374, 9, 37
61, 506, 9, 95
61, 126, 9, 31
61, 260, 10, 7
61, 392, 10, 50
61, 521, 10, 21
61, 275, 10, 54
61, 151, 10, 72
61, 545, 10, 39
61, 554, 10, 11
61, 42, 10, 68
61, 438, 10, 48
61, 55, 10, 46
61, 60, 10, 79
61, 582, 10, 8
61, 77, 10, 32
61, 465, 10, 78
61, 217, 10, 8
61, 348, 10, 93
61, 93, 10, 83
61, 484, 10, 47
61, 104, 10, 86
61, 239, 10, 60
61, 111, 10, 18
61, 116, 10, 93
61, 253, 10, 55
61, 65, 11, 43
61, 515, 11, 28
61, 484, 11, 47
61, 357, 11, 67
61, 488, 11, 14
61, 426, 11, 67
61, 557, 11, 86
61, 493, 11, 33
61, 464, 11, 32
61, 113, 11, 81
61, 497, 11, 21
61, 82, 11, 75
61, 118, 11, 4
61, 504, 11, 88
61, 249, 11, 60
61, 572, 11, 85
61, 447, 11, 77
61, 453, 12, 80
61, 517, 12, 87
61, 42, 12, 68
61, 112, 12, 91
61, 530, 12, 89
61, 505, 12, 19
61, 188, 12, 1
61, 551, 13, 53
61, 40, 13, 97
61, 564, 13, 11
61, 439, 13, 24
61, 449, 13, 25
61, 195, 13, 36
61, 326, 13, 79
61, 587, 13, 73
61, 464, 13, 32
61, 465, 13, 78
61, 596, 13, 4
61, 349, 13, 83
61, 98, 13, 83
61, 356, 13, 68
61, 357, 13, 67
61, 238, 13, 90
61, 113, 13, 81
61, 376, 13, 85
61, 379, 13, 12
61, 471, 14, 68
61, 259, 14, 35
61, 43, 14, 85
61, 268, 14, 14
61, 494, 14, 36
61, 210, 14, 62
61, 147, 14, 87
61, 212, 14, 3
61, 403, 14, 20
61, 599, 14, 6
61, 504, 14, 88
61, 186, 14, 63
61, 413, 14, 38
61, 127, 14, 85
61, 322, 15, 26
61, 67, 15, 26
61, 228, 15, 86
61, 584, 15, 51
61, 203, 15, 57
61, 525, 15, 24
61, 13, 15, 13
61, 270, 15, 20
61, 558, 15, 47
61, 437, 15, 18
61, 21, 15, 97
61, 568, 15, 32
61, 25, 15, 20
61, 93, 15, 83
61, 0, 16, 48
61, 258, 16, 72
61, 268, 16, 14
61, 15, 16, 11
61, 155, 16, 97
61, 36, 16, 4
61, 166, 16, 74
61, 299, 16, 83
61, 47, 16, 63
61, 48, 16, 46
61, 180, 16, 44
61, 309, 16, 3
61, 317, 16, 2
61, 326, 16, 79
61, 218, 16, 85
61, 474, 16, 99
61, 97, 16, 82
61, 359, 16, 40
61, 107, 16, 58
61, 238, 16, 90
61, 111, 16, 18
61, 376, 16, 85
61, 505, 16, 19
61, 64, 17, 12
61, 129, 17, 61
61, 323, 17, 45
61, 260, 17, 7
61, 328, 17, 97
61, 394, 17, 38
61, 556, 17, 81
61, 205, 17, 18
61, 592, 17, 85
61, 17, 17, 10
61, 468, 17, 49
61, 374, 17, 37
61, 450, 18, 47
61, 319, 18, 19
61, 201, 18, 39
61, 182, 18, 86
61, 407, 18, 21
61, 125, 18, 56
61, 95, 18, 25
61, 31, 18, 69
61, 509, 19, 92
61, 578, 19, 90
61, 198, 19, 71
61, 364, 19, 61
61, 493, 19, 33
61, 497, 19, 21
61, 222, 19, 66
61, 189, 19, 65
61, 533, 19, 19
61, 341, 19, 74
61, 23, 19, 56
61, 154, 19, 2
61, 507, 19, 84
61, 349, 19, 83
61, 190, 19, 46
61, 1, 20, 68
61, 388, 20, 12
61, 5, 20, 71
61, 133, 20, 58
61, 359, 20, 40
61, 586, 20, 29
61, 240, 20, 47
61, 80, 20, 17
61, 179, 20, 78
61, 468, 20, 49
61, 322, 21, 26
61, 167, 21, 25
61, 136, 21, 52
61, 105, 21, 67
61, 266, 21, 27
61, 396, 21, 36
61, 562, 21, 53
61, 370, 21, 85
61, 275, 21, 54
61, 289, 22, 14
61, 34, 22, 94
61, 327, 22, 14
61, 200, 22, 51
61, 105, 22, 67
61, 362, 22, 100
61, 458, 22, 78
61, 45, 22, 53
61, 17, 22, 10
61, 19, 22, 80
61, 285, 22, 68
61, 319, 22, 19
61, 16, 23, 33
61, 530, 23, 89
61, 537, 23, 19
61, 26, 23, 8
61, 284, 23, 81
61, 413, 23, 38
61, 550, 23, 32
61, 298, 23, 58
61, 172, 23, 100
61, 557, 23, 86
61, 430, 23, 41
61, 47, 23, 63
61, 51, 23, 28
61, 313, 23, 17
61, 188, 23, 1
61, 61, 23, 58
61, 63, 23, 40
61, 578, 23, 90
61, 458, 23, 78
61, 89, 23, 31
61, 97, 23, 82
61, 355, 23, 76
61, 358, 23, 43
61, 488, 23, 14
61, 262, 24, 6
61, 12, 24, 95
61, 406, 24, 53
61, 285, 24, 68
61, 164, 24, 91
61, 293, 24, 67
61, 424, 24, 63
61, 425, 24, 71
61, 42, 24, 68
61, 428, 24, 100
61, 176, 24, 29
61, 52, 24, 53
61, 439, 24, 24
61, 568, 24, 32
61, 190, 24, 46
61, 319, 24, 19
61, 451, 24, 2
61, 585, 24, 79
61, 82, 24, 75
61, 340, 24, 37
61, 214, 24, 44
61, 119, 24, 4
61, 93, 24, 83
61, 244, 24, 9
61, 375, 24, 31
61, 32, 25, 76
61, 77, 25, 32
61, 470, 25, 26
61, 503, 25, 60
61, 280, 25, 21
61, 0, 26, 48
61, 258, 26, 72
61, 143, 26, 97
61, 145, 26, 19
61, 275, 26, 54
61, 532, 26, 22
61, 26, 26, 8
61, 422, 26, 30
61, 167, 26, 25
61, 177, 26, 44
61, 307, 26, 51
61, 318, 26, 41
61, 450, 26, 47
61, 454, 26, 78
61, 583, 26, 10
61, 90, 26, 10
61, 349, 26, 83
61, 360, 26, 48
61, 489, 26, 19
61, 379, 26, 12
61, 375, 26, 31
61, 251, 26, 91
61, 252, 26, 100
61, 513, 27, 17
61, 354, 27, 82
61, 226, 27, 75
61, 100, 27, 49
61, 102, 27, 8
61, 263, 27, 48
61, 427, 27, 93
61, 524, 27, 62
61, 331, 27, 99
61, 431, 27, 22
61, 565, 27, 86
61, 85, 27, 36
61, 122, 27, 3
61, 155, 27, 97
61, 258, 28, 72
61, 3, 28, 6
61, 260, 28, 7
61, 270, 28, 20
61, 535, 28, 17
61, 27, 28, 41
61, 156, 28, 96
61, 157, 28, 57
61, 34, 28, 94
61, 419, 28, 5
61, 47, 28, 63
61, 560, 28, 6
61, 447, 28, 77
61, 66, 28, 90
61, 332, 28, 52
61, 80, 28, 17
61, 464, 28, 32
61, 485, 28, 5
61, 370, 28, 85
61, 353, 29, 8
61, 485, 29, 5
61, 133, 29, 58
61, 235, 29, 68
61, 333, 29, 56
61, 461, 29, 46
61, 239, 29, 60
61, 305, 29, 21
61, 242, 29, 30
61, 402, 29, 1
61, 308, 29, 71
61, 245, 29, 98
61, 277, 29, 45
61, 411, 29, 35
61, 444, 29, 14
61, 157, 29, 57
61, 479, 29, 64
61, 384, 30, 8
61, 398, 30, 42
61, 399, 30, 86
61, 400, 30, 42
61, 401, 30, 16
61, 145, 30, 19
61, 532, 30, 22
61, 165, 30, 19
61, 170, 30, 31
61, 172, 30, 100
61, 302, 30, 15
61, 47, 30, 63
61, 434, 30, 47
61, 54, 30, 83
61, 56, 30, 93
61, 569, 30, 19
61, 195, 30, 36
61, 455, 30, 85
61, 583, 30, 10
61, 595, 30, 77
61, 598, 30, 22
61, 485, 30, 5
61, 114, 30, 95
61, 124, 30, 11
61, 514, 31, 77
61, 515, 31, 28
61, 132, 31, 43
61, 525, 31, 24
61, 540, 31, 45
61, 547, 31, 47
61, 548, 31, 100
61, 431, 31, 22
61, 50, 31, 92
61, 567, 31, 9
61, 322, 31, 26
61, 200, 31, 51
61, 73, 31, 31
61, 201, 31, 39
61, 585, 31, 79
61, 76, 31, 44
61, 214, 31, 44
61, 474, 31, 99
61, 94, 31, 8
61, 232, 31, 68
61, 236, 31, 98
61, 365, 31, 43
61, 112, 31, 91
61, 511, 31, 3
61, 32, 32, 76
61, 260, 32, 7
61, 228, 32, 86
61, 199, 32, 78
61, 552, 32, 9
61, 40, 32, 97
61, 394, 32, 38
61, 44, 32, 33
61, 368, 32, 51
61, 178, 32, 32
61, 469, 32, 64
61, 535, 32, 17
61, 314, 32, 26
61, 225, 33, 20
61, 259, 33, 35
61, 100, 33, 49
61, 551, 33, 53
61, 103, 33, 51
61, 327, 33, 14
61, 204, 33, 56
61, 13, 33, 13
61, 590, 33, 29
61, 433, 33, 100
61, 146, 33, 24
61, 150, 33, 32
61, 221, 33, 84
61, 537, 33, 19
61, 349, 33, 83
61, 128, 34, 25
61, 577, 34, 42
61, 193, 34, 65
61, 549, 34, 5
61, 582, 34, 8
61, 552, 34, 9
61, 362, 34, 100
61, 139, 34, 74
61, 346, 34, 63
61, 47, 34, 63
61, 49, 34, 15
61, 598, 34, 22
61, 122, 34, 3
61, 527, 35, 61
61, 536, 35, 40
61, 154, 35, 2
61, 555, 35, 44
61, 437, 35, 18
61, 56, 35, 93
61, 59, 35, 90
61, 443, 35, 59
61, 444, 35, 14
61, 446, 35, 3
61, 457, 35, 10
61, 467, 35, 74
61, 84, 35, 12
61, 214, 35, 44
61, 89, 35, 31
61, 348, 35, 93
61, 355, 35, 76
61, 105, 35, 67
61, 362, 35, 100
61, 491, 35, 25
61, 364, 35, 61
61, 116, 35, 93
61, 382, 35, 26
61, 450, 36, 47
61, 102, 36, 8
61, 520, 36, 71
61, 74, 36, 72
61, 235, 36, 68
61, 398, 36, 42
61, 528, 36, 89
61, 348, 36, 93
61, 25, 36, 20
61, 379, 36, 12
61, 284, 36, 81
61, 351, 36, 16
61, 416, 37, 73
61, 193, 37, 65
61, 259, 37, 35
61, 106, 37, 18
61, 306, 37, 83
61, 212, 37, 3
61, 244, 37, 9
61, 160, 38, 2
61, 456, 38, 71
61, 574, 38, 54
61, 267, 38, 40
61, 588, 38, 59
61, 175, 38, 23
61, 498, 38, 33
61, 84, 38, 12
61, 52, 38, 53
61, 118, 38, 4
61, 213, 38, 45
61, 376, 38, 85
61, 53, 38, 10
61, 276, 38, 21
61, 411, 38, 35
61, 92, 38, 72
61, 125, 38, 56
61, 254, 38, 37
61, 516, 39, 53
61, 518, 39, 78
61, 401, 39, 16
61, 402, 39, 1
61, 20, 39, 69
61, 539, 39, 22
61, 414, 39, 4
61, 160, 39, 2
61, 48, 39, 46
61, 306, 39, 83
61, 443, 39, 59
61, 574, 39, 54
61, 326, 39, 79
61, 204, 39, 56
61, 593, 39, 94
61, 471, 39, 68
61, 599, 39, 6
61, 478, 39, 18
61, 352, 39, 37
61, 487, 39, 91
61, 490, 39, 92
61, 109, 39, 46
61, 500, 39, 41
61, 248, 39, 28
61, 510, 39, 73
61, 512, 40, 91
61, 480, 40, 13
61, 426, 40, 67
61, 54, 40, 83
61, 477, 40, 58
61, 128, 41, 25
61, 394, 41, 38
61, 138, 41, 8
61, 16, 41, 33
61, 498, 41, 33
61, 50, 41, 92
61, 244, 41, 9
61, 342, 41, 91
61, 512, 42, 91
61, 387, 42, 92
61, 388, 42, 12
61, 262, 42, 6
61, 140, 42, 59
61, 19, 42, 80
61, 403, 42, 20
61, 536, 42, 40
61, 409, 42, 13
61, 28, 42, 69
61, 543, 42, 65
61, 418, 42, 37
61, 305, 42, 21
61, 187, 42, 36
61, 454, 42, 78
61, 199, 42, 78
61, 584, 42, 51
61, 73, 42, 31
61, 462, 42, 78
61, 464, 42, 32
61, 488, 42, 14
61, 232, 42, 68
61, 242, 42, 30
61, 386, 43, 65
61, 269, 43, 52
61, 531, 43, 27
61, 413, 43, 38
61, 160, 43, 2
61, 417, 43, 72
61, 544, 43, 68
61, 163, 43, 69
61, 40, 43, 97
61, 298, 43, 58
61, 303, 43, 32
61, 180, 43, 44
61, 578, 43, 90
61, 198, 43, 71
61, 74, 43, 72
61, 586, 43, 29
61, 78, 43, 12
61, 590, 43, 29
61, 351, 43, 16
61, 106, 43, 18
61, 110, 43, 1
61, 503, 43, 60
61, 250, 43, 31
61, 102, 44, 8
61, 336, 44, 78
61, 118, 44, 4
61, 507, 44, 84
61, 158, 44, 11
61, 289, 45, 14
61, 290, 45, 84
61, 387, 45, 92
61, 557, 45, 86
61, 462, 45, 78
61, 303, 45, 32
61, 591, 45, 55
61, 594, 45, 22
61, 507, 45, 84
61, 56, 45, 93
61, 250, 45, 31
61, 91, 45, 69
61, 256, 46, 51
61, 262, 46, 6
61, 143, 46, 97
61, 403, 46, 20
61, 21, 46, 97
61, 150, 46, 32
61, 547, 46, 47
61, 423, 46, 98
61, 42, 46, 68
61, 54, 46, 83
61, 311, 46, 67
61, 61, 46, 58
61, 452, 46, 89
61, 582, 46, 8
61, 330, 46, 25
61, 352, 46, 37
61, 484, 46, 47
61, 496, 46, 24
61, 369, 46, 22
61, 505, 46, 19
61, 511, 46, 3
61, 136, 47, 52
61, 265, 47, 85
61, 399, 47, 86
61, 18, 47, 27
61, 275, 47, 54
61, 404, 47, 19
61, 530, 47, 89
61, 27, 47, 41
61, 428, 47, 100
61, 559, 47, 1
61, 49, 47, 15
61, 309, 47, 3
61, 181, 47, 26
61, 589, 47, 88
61, 211, 47, 1
61, 213, 47, 45
61, 88, 47, 63
61, 473, 47, 66
61, 109, 47, 46
61, 366, 47, 47
61, 247, 47, 40
61, 508, 47, 6
61, 381, 47, 74
61, 450, 48, 47
61, 98, 48, 83
61, 199, 48, 78
61, 457, 48, 10
61, 175, 48, 23
61, 506, 48, 95
61, 97, 49, 82
61, 267, 49, 40
61, 334, 49, 58
61, 252, 49, 100
61, 255, 49, 92
61, 516, 50, 53
61, 293, 50, 67
61, 73, 50, 31
61, 299, 50, 83
61, 595, 50, 77
61, 374, 50, 37
61, 535, 50, 17
61, 25, 50, 20
61, 544, 51, 68
61, 224, 51, 48
61, 579, 51, 5
61, 35, 51, 40
61, 581, 51, 41
61, 102, 51, 8
61, 167, 51, 25
61, 515, 51, 28
61, 364, 51, 61
61, 461, 51, 46
61, 334, 51, 58
61, 14, 51, 10
61, 402, 51, 1
61, 440, 51, 64
61, 91, 51, 69
61, 188, 51, 1
61, 543, 51, 65
61, 261, 52, 70
61, 400, 52, 42
61, 148, 52, 82
61, 533, 52, 19
61, 284, 52, 81
61, 416, 52, 73
61, 164, 52, 91
61, 549, 52, 5
61, 553, 52, 25
61, 437, 52, 18
61, 569, 52, 19
61, 321, 52, 21
61, 452, 52, 89
61, 71, 52, 66
61, 74, 52, 72
61, 467, 52, 74
61, 92, 52, 72
61, 111, 52, 18
61, 371, 52, 12
61, 8, 53, 55
61, 489, 53, 19
61, 537, 53, 19
61, 249, 53, 60
61, 346, 53, 63
61, 59, 53, 90
61, 424, 54, 63
61, 10, 54, 86
61, 491, 54, 25
61, 298, 54, 58
61, 271, 54, 38
61, 463, 54, 72
61, 20, 54, 69
61, 596, 54, 4
61, 22, 54, 33
61, 535, 54, 17
61, 151, 54, 72
61, 410, 54, 32
61, 476, 54, 73
61, 222, 54, 66
61, 287, 54, 30
61, 257, 55, 99
61, 260, 55, 7
61, 391, 55, 4
61, 15, 55, 11
61, 155, 55, 97
61, 32, 55, 76
61, 35, 55, 40
61, 551, 55, 53
61, 425, 55, 71
61, 560, 55, 6
61, 51, 55, 28
61, 311, 55, 67
61, 196, 55, 92
61, 203, 55, 57
61, 471, 55, 68
61, 354, 55, 82
61, 482, 55, 73
61, 238, 55, 90
61, 241, 55, 68
61, 113, 55, 81
61, 160, 56, 2
61, 439, 56, 24
61, 4, 56, 66
61, 453, 56, 80
61, 132, 56, 43
61, 555, 56, 44
61, 43, 56, 85
61, 331, 56, 99
61, 271, 56, 38
61, 47, 56, 63
61, 241, 56, 68
61, 115, 56, 44
61, 85, 56, 36
61, 503, 56, 60
61, 376, 56, 85
61, 123, 56, 16
61, 449, 57, 25
61, 419, 57, 5
61, 356, 57, 68
61, 197, 57, 29
61, 550, 57, 32
61, 266, 57, 27
61, 396, 57, 36
61, 112, 57, 91
61, 145, 57, 19
61, 178, 57, 32
61, 594, 57, 22
61, 535, 57, 17
61, 60, 57, 79
61, 381, 57, 74
61, 134, 58, 12
61, 391, 58, 4
61, 10, 58, 86
61, 394, 58, 38
61, 272, 58, 94
61, 273, 58, 92
61, 402, 58, 1
61, 21, 58, 97
61, 153, 58, 68
61, 41, 58, 70
61, 202, 58, 25
61, 207, 58, 77
61, 344, 58, 4
61, 350, 58, 67
61, 484, 58, 47
61, 500, 58, 41
61, 373, 58, 47
61, 252, 58, 100
61, 382, 58, 26
61, 255, 58, 92
61, 64, 59, 12
61, 515, 59, 28
61, 204, 59, 56
61, 364, 59, 61
61, 174, 59, 64
61, 13, 59, 13
61, 496, 59, 24
61, 369, 59, 22
61, 281, 59, 21
61, 544, 60, 68
61, 399, 60, 86
61, 467, 60, 74
61, 565, 60, 86
61, 502, 60, 64
61, 21, 60, 97
61, 378, 60, 5
61, 520, 61, 71
61, 522, 61, 96
61, 400, 61, 42
61, 274, 61, 55
61, 213, 61, 45
61, 346, 61, 63
61, 475, 61, 63
61, 446, 62, 3
61, 134, 62, 12
61, 584, 62, 51
61, 41, 62, 70
61, 147, 62, 87
61, 315, 62, 71
61, 414, 62, 4
61, 415, 62, 53
61, 4, 63, 66
61, 166, 63, 74
61, 358, 63, 43
61, 345, 63, 41
61, 587, 63, 73
61, 239, 63, 60
61, 560, 63, 6
61, 338, 63, 90
61, 82, 63, 75
61, 95, 63, 25
61, 407, 63, 21
61, 121, 63, 81
61, 62, 63, 67
61, 31, 63, 69
61, 261, 64, 70
61, 8, 64, 55
61, 264, 64, 80
61, 139, 64, 74
61, 399, 64, 86
61, 156, 64, 96
61, 556, 64, 81
61, 46, 64, 35
61, 53, 64, 10
61, 442, 64, 88
61, 190, 64, 46
61, 67, 64, 26
61, 592, 64, 85
61, 210, 64, 62
61, 219, 64, 58
61, 355, 64, 76
61, 361, 64, 33
61, 233, 64, 57
61, 112, 64, 91
61, 114, 64, 95
61, 372, 64, 8
61, 503, 64, 60
61, 123, 64, 16
61, 96, 65, 54
61, 161, 65, 21
61, 390, 65, 47
61, 295, 65, 13
61, 296, 65, 45
61, 394, 65, 38
61, 492, 65, 2
61, 557, 65, 86
61, 272, 65, 94
61, 593, 65, 94
61, 49, 65, 15
61, 274, 65, 55
61, 565, 65, 86
61, 470, 65, 26
61, 87, 65, 46
61, 157, 65, 57
61, 382, 65, 26
61, 579, 66, 5
61, 228, 66, 86
61, 583, 66, 10
61, 458, 66, 78
61, 523, 66, 68
61, 204, 66, 56
61, 369, 66, 22
61, 498, 66, 33
61, 188, 66, 1
61, 438, 66, 48
61, 86, 66, 95
61, 408, 66, 60
61, 217, 66, 8
61, 314, 66, 26
61, 60, 66, 79
61, 482, 67, 73
61, 579, 67, 5
61, 580, 67, 15
61, 197, 67, 29
61, 198, 67, 71
61, 164, 67, 91
61, 259, 67, 35
61, 361, 67, 33
61, 329, 67, 90
61, 587, 67, 73
61, 204, 67, 56
61, 332, 67, 52
61, 207, 67, 77
61, 117, 67, 46
61, 247, 67, 40
61, 121, 67, 81
61, 507, 67, 84
61, 11, 68, 66
61, 395, 68, 53
61, 525, 68, 24
61, 400, 68, 42
61, 274, 68, 55
61, 152, 68, 31
61, 546, 68, 70
61, 549, 68, 5
61, 421, 68, 71
61, 300, 68, 70
61, 303, 68, 32
61, 176, 68, 29
61, 50, 68, 92
61, 566, 68, 81
61, 314, 68, 26
61, 442, 68, 88
61, 89, 68, 31
61, 94, 68, 8
61, 223, 68, 76
61, 357, 68, 67
61, 377, 68, 75
61, 64, 69, 12
61, 65, 69, 43
61, 417, 69, 72
61, 554, 69, 11
61, 268, 69, 14
61, 558, 69, 47
61, 238, 69, 90
61, 400, 69, 42
61, 368, 69, 51
61, 212, 69, 3
61, 86, 69, 95
61, 439, 69, 24
61, 26, 69, 8
61, 352, 70, 37
61, 512, 70, 91
61, 134, 70, 12
61, 103, 70, 51
61, 140, 70, 59
61, 13, 70, 13
61, 526, 70, 56
61, 111, 70, 18
61, 240, 70, 47
61, 530, 70, 89
61, 275, 70, 54
61, 570, 70, 56
61, 122, 70, 3
61, 124, 70, 11
61, 574, 70, 54
61, 297, 71, 96
61, 586, 71, 29
61, 205, 71, 18
61, 463, 71, 72
61, 304, 71, 41
61, 370, 71, 85
61, 242, 71, 30
61, 436, 71, 44
61, 468, 71, 49
61, 147, 71, 87
61, 122, 71, 3
61, 123, 71, 16
61, 127, 71, 85
61, 191, 71, 34
61, 194, 72, 4
61, 344, 72, 4
61, 389, 72, 86
61, 455, 72, 85
61, 106, 72, 18
61, 558, 72, 47
61, 463, 72, 72
61, 440, 72, 64
61, 346, 72, 63
61, 255, 72, 92
61, 530, 73, 89
61, 281, 73, 21
61, 28, 73, 69
61, 416, 73, 73
61, 546, 73, 70
61, 292, 73, 31
61, 165, 73, 19
61, 568, 73, 32
61, 56, 73, 93
61, 456, 73, 71
61, 202, 73, 25
61, 591, 73, 55
61, 336, 73, 78
61, 82, 73, 75
61, 83, 73, 72
61, 468, 73, 49
61, 222, 73, 66
61, 480, 73, 13
61, 100, 73, 49
61, 235, 73, 68
61, 499, 73, 50
61, 504, 73, 88
61, 388, 74, 12
61, 133, 74, 58
61, 395, 74, 53
61, 141, 74, 46
61, 412, 74, 76
61, 30, 74, 8
61, 420, 74, 13
61, 170, 74, 31
61, 559, 74, 1
61, 56, 74, 93
61, 314, 74, 26
61, 443, 74, 59
61, 61, 74, 58
61, 63, 74, 40
61, 580, 74, 15
61, 78, 74, 12
61, 79, 74, 71
61, 590, 74, 29
61, 89, 74, 31
61, 360, 74, 48
61, 234, 74, 87
61, 372, 74, 8
61, 375, 74, 31
61, 249, 74, 60
61, 387, 75, 92
61, 265, 75, 85
61, 522, 75, 96
61, 280, 75, 21
61, 33, 75, 8
61, 290, 75, 84
61, 291, 75, 41
61, 178, 75, 32
61, 564, 75, 11
61, 437, 75, 18
61, 438, 75, 48
61, 311, 75, 67
61, 52, 75, 53
61, 442, 75, 88
61, 453, 75, 80
61, 200, 75, 51
61, 460, 75, 69
61, 468, 75, 49
61, 470, 75, 26
61, 342, 75, 91
61, 219, 75, 58
61, 224, 75, 48
61, 481, 75, 29
61, 358, 75, 43
61, 494, 75, 36
61, 577, 76, 42
61, 226, 76, 75
61, 134, 76, 12
61, 147, 76, 87
61, 244, 76, 9
61, 472, 76, 99
61, 262, 77, 6
61, 553, 77, 25
61, 14, 77, 10
61, 241, 77, 68
61, 405, 77, 70
61, 27, 77, 41
61, 157, 77, 57
61, 286, 77, 15
61, 351, 77, 16
61, 194, 78, 4
61, 515, 78, 28
61, 223, 78, 76
61, 517, 78, 87
61, 327, 78, 14
61, 105, 78, 67
61, 11, 78, 66
61, 205, 78, 18
61, 45, 78, 53
61, 16, 78, 33
61, 369, 78, 22
61, 52, 78, 53
61, 534, 78, 82
61, 540, 78, 45
61, 477, 78, 58
61, 511, 78, 3
61, 456, 79, 71
61, 332, 79, 52
61, 145, 79, 19
61, 241, 79, 68
61, 566, 79, 81
61, 408, 79, 60
61, 218, 79, 85
61, 475, 79, 63
61, 544, 80, 68
61, 320, 80, 82
61, 356, 80, 68
61, 297, 80, 96
61, 178, 80, 32
61, 280, 80, 21
61, 58, 80, 79
61, 155, 80, 97
61, 1, 81, 68
61, 259, 81, 35
61, 356, 81, 68
61, 452, 81, 89
61, 554, 81, 11
61, 333, 81, 56
61, 435, 81, 91
61, 61, 81, 58
61, 20, 81, 69
61, 22, 81, 33
61, 187, 81, 36
61, 509, 81, 92
61, 519, 82, 63
61, 136, 82, 52
61, 527, 82, 61
61, 146, 82, 24
61, 404, 82, 19
61, 418, 82, 37
61, 35, 82, 40
61, 38, 82, 52
61, 294, 82, 86
61, 48, 82, 46
61, 49, 82, 15
61, 453, 82, 80
61, 456, 82, 71
61, 204, 82, 56
61, 464, 82, 32
61, 598, 82, 22
61, 355, 82, 76
61, 376, 82, 85
61, 249, 82, 60
61, 545, 83, 39
61, 294, 83, 86
61, 108, 83, 63
61, 249, 83, 60
61, 126, 83, 31
61, 479, 83, 64
61, 160, 84, 2
61, 10, 84, 86
61, 434, 84, 47
61, 403, 84, 20
61, 20, 84, 69
61, 441, 84, 25
61, 354, 85, 82
61, 163, 85, 69
61, 228, 85, 86
61, 276, 85, 21
61, 405, 85, 70
61, 24, 85, 59
61, 217, 85, 8
61, 506, 85, 95
61, 411, 85, 35
61, 95, 85, 25
61, 512, 86, 91
61, 544, 86, 68
61, 290, 86, 84
61, 579, 86, 5
61, 420, 86, 13
61, 105, 86, 67
61, 585, 86, 79
61, 334, 86, 58
61, 238, 86, 90
61, 17, 86, 10
61, 529, 86, 77
61, 563, 86, 28
61, 305, 86, 21
61, 182, 86, 86
61, 120, 86, 17
61, 508, 86, 6
61, 450, 87, 47
61, 386, 87, 65
61, 548, 87, 100
61, 58, 87, 79
61, 580, 87, 15
61, 71, 87, 66
61, 271, 87, 38
61, 17, 87, 10
61, 244, 87, 9
61, 117, 87, 46
61, 534, 87, 82
61, 311, 87, 67
61, 538, 87, 93
61, 123, 87, 16
61, 413, 87, 38
61, 254, 87, 37
61, 104, 88, 86
61, 552, 88, 9
61, 139, 88, 74
61, 84, 88, 12
61, 28, 88, 69
61, 256, 89, 51
61, 38, 89, 52
61, 360, 89, 48
61, 298, 89, 58
61, 588, 89, 59
61, 525, 89, 24
61, 14, 89, 10
61, 496, 89, 24
61, 433, 89, 100
61, 211, 89, 1
61, 566, 89, 81
61, 598, 89, 22
61, 157, 89, 57
61, 350, 89, 67
61, 256, 90, 51
61, 5, 90, 71
61, 523, 90, 68
61, 409, 90, 13
61, 154, 90, 2
61, 289, 90, 14
61, 39, 90, 4
61, 555, 90, 44
61, 432, 90, 65
61, 564, 90, 11
61, 568, 90, 32
61, 577, 90, 42
61, 578, 90, 90
61, 328, 90, 97
61, 201, 90, 39
61, 589, 90, 88
61, 77, 90, 32
61, 466, 90, 74
61, 485, 90, 5
61, 357, 90, 67
61, 488, 90, 14
61, 233, 90, 57
61, 113, 90, 81
61, 253, 90, 55
61, 320, 91, 82
61, 128, 91, 25
61, 293, 91, 67
61, 459, 91, 65
61, 365, 91, 43
61, 398, 91, 42
61, 269, 91, 52
61, 561, 91, 18
61, 306, 91, 83
61, 371, 91, 12
61, 147, 91, 87
61, 276, 91, 21
61, 248, 91, 28
61, 570, 91, 56
61, 507, 91, 84
61, 316, 91, 77
61, 29, 91, 57
61, 96, 92, 54
61, 100, 92, 49
61, 72, 92, 30
61, 559, 92, 1
61, 496, 92, 24
61, 367, 92, 1
61, 278, 92, 44
61, 346, 92, 63
61, 156, 92, 96
61, 190, 92, 46
61, 140, 93, 59
61, 142, 93, 98
61, 276, 93, 21
61, 409, 93, 13
61, 538, 93, 93
61, 288, 93, 91
61, 34, 93, 94
61, 164, 93, 91
61, 296, 93, 45
61, 177, 93, 44
61, 319, 93, 19
61, 450, 93, 47
61, 582, 93, 8
61, 73, 93, 31
61, 589, 93, 88
61, 334, 93, 58
61, 209, 93, 19
61, 597, 93, 81
61, 472, 93, 99
61, 122, 93, 3
61, 394, 94, 38
61, 529, 94, 77
61, 31, 94, 69
61, 32, 94, 76
61, 418, 94, 37
61, 419, 94, 5
61, 163, 94, 69
61, 306, 94, 83
61, 441, 94, 25
61, 60, 94, 79
61, 62, 94, 67
61, 320, 94, 82
61, 325, 94, 13
61, 71, 94, 66
61, 586, 94, 29
61, 591, 94, 55
61, 598, 94, 22
61, 221, 94, 84
61, 242, 94, 30
61, 431, 95, 22
61, 111, 95, 18
61, 113, 95, 81
61, 310, 95, 14
61, 408, 95, 60
61, 570, 95, 56
61, 129, 96, 61
61, 386, 96, 65
61, 4, 96, 66
61, 518, 96, 78
61, 391, 96, 4
61, 400, 96, 42
61, 147, 96, 87
61, 151, 96, 72
61, 281, 96, 21
61, 284, 96, 81
61, 30, 96, 8
61, 38, 96, 52
61, 556, 96, 81
61, 45, 96, 53
61, 564, 96, 11
61, 315, 96, 71
61, 317, 96, 2
61, 474, 96, 99
61, 105, 96, 67
61, 239, 96, 60
61, 113, 96, 81
61, 250, 96, 31
61, 16, 97, 33
61, 531, 97, 27
61, 277, 97, 45
61, 286, 97, 15
61, 31, 97, 69
61, 543, 97, 65
61, 420, 97, 13
61, 37, 97, 17
61, 554, 97, 11
61, 432, 97, 65
61, 51, 97, 28
61, 450, 97, 47
61, 75, 97, 76
61, 204, 97, 56
61, 209, 97, 19
61, 232, 97, 68
61, 115, 97, 44
61, 118, 97, 4
61, 381, 97, 74
61, 259, 98, 35
61, 5, 98, 71
61, 135, 98, 73
61, 7, 98, 59
61, 531, 98, 27
61, 23, 98, 56
61, 26, 98, 8
61, 538, 98, 93
61, 28, 98, 69
61, 290, 98, 84
61, 162, 98, 70
61, 550, 98, 32
61, 40, 98, 97
61, 597, 98, 81
61, 344, 98, 4
61, 476, 98, 73
61, 97, 98, 82
61, 234, 98, 87
61, 491, 98, 25
61, 123, 98, 16
61, 521, 99, 21
61, 144, 99, 26
61, 402, 99, 1
61, 546, 99, 70
61, 43, 99, 85
61, 300, 99, 70
61, 51, 99, 28
61, 566, 99, 81
61, 441, 99, 25
61, 570, 99, 56
61, 57, 99, 44
61, 578, 99, 90
61, 196, 99, 92
61, 74, 99, 72
61, 458, 99, 78
61, 481, 99, 29
61, 487, 99, 91
61, 493, 99, 33
61, 495, 99, 89
61, 163, 100, 69
61, 67, 100, 26
61, 200, 100, 51
61, 585, 100, 79
61, 203, 100, 57
61, 11, 100, 66
61, 146, 100, 24
61, 50, 100, 92
61, 563, 100, 28
61, 437, 100, 18
61, 310, 100, 14
61, 278, 100, 44
61, 506, 100, 95
61, 27, 100, 41
61, 574, 100, 54
61, 98, 101, 83
61, 456, 101, 71
61, 479, 101, 64
61, 458, 101, 78
61, 46, 101, 35
61, 526, 101, 56
61, 176, 101, 29
61, 337, 101, 47
61, 494, 101, 36
61, 403, 101, 20
61, 253, 101, 55
61, 191, 101, 34
61, 121, 102, 81
61, 195, 102, 36
61, 5, 102, 71
61, 496, 102, 24
61, 466, 102, 74
61, 276, 102, 21
61, 310, 102, 14
61, 23, 102, 56
61, 54, 102, 83
61, 505, 102, 19
61, 540, 102, 45
61, 94, 102, 8
61, 2, 103, 50
61, 99, 103, 22
61, 165, 103, 19
61, 583, 103, 10
61, 476, 103, 73
61, 203, 103, 57
61, 528, 103, 89
61, 337, 103, 47
61, 156, 103, 96
61, 532, 103, 22
61, 214, 103, 44
61, 315, 103, 71
61, 28, 103, 69
61, 62, 103, 67
61, 63, 103, 40
61, 262, 104, 6
61, 136, 104, 52
61, 139, 104, 74
61, 524, 104, 62
61, 21, 104, 97
61, 406, 104, 53
61, 280, 104, 21
61, 541, 104, 53
61, 160, 104, 2
61, 292, 104, 31
61, 296, 104, 45
61, 555, 104, 44
61, 176, 104, 29
61, 52, 104, 53
61, 566, 104, 81
61, 194, 104, 4
61, 590, 104, 29
61, 358, 104, 43
61, 234, 104, 87
61, 107, 104, 58
61, 242, 104, 30
61, 3, 105, 6
61, 516, 105, 53
61, 581, 105, 41
61, 440, 105, 64
61, 327, 105, 14
61, 168, 105, 34
61, 424, 105, 63
61, 261, 105, 70
61, 68, 105, 86
61, 330, 105, 25
61, 180, 105, 44
61, 469, 105, 64
61, 214, 105, 44
61, 348, 105, 93
61, 504, 105, 88
61, 122, 105, 3
61, 507, 105, 84
61, 572, 105, 85
61, 171, 106, 20
61, 51, 106, 28
61, 24, 106, 59
61, 217, 106, 8
61, 127, 106, 85
61, 396, 107, 36
61, 271, 107, 38
61, 143, 107, 97
61, 405, 107, 70
61, 288, 107, 91
61, 293, 107, 67
61, 553, 107, 25
61, 50, 107, 92
61, 435, 107, 91
61, 570, 107, 56
61, 444, 107, 14
61, 61, 107, 58
61, 64, 107, 12
61, 328, 107, 97
61, 79, 107, 71
61, 593, 107, 94
61, 354, 107, 82
61, 491, 107, 25
61, 246, 107, 67
61, 379, 107, 12
61, 577, 108, 42
61, 386, 108, 65
61, 453, 108, 80
61, 432, 108, 65
61, 435, 108, 91
61, 32, 109, 76
61, 129, 109, 61
61, 229, 109, 52
61, 212, 109, 3
61, 345, 109, 41
61, 60, 109, 79
61, 128, 110, 25
61, 390, 110, 47
61, 520, 110, 71
61, 532, 110, 22
61, 278, 110, 44
61, 27, 110, 41
61, 543, 110, 65
61, 422, 110, 30
61, 307, 110, 51
61, 52, 110, 53
61, 318, 110, 41
61, 193, 110, 65
61, 66, 110, 90
61, 328, 110, 97
61, 78, 110, 12
61, 335, 110, 23
61, 337, 110, 47
61, 341, 110, 74
61, 478, 110, 18
61, 485, 110, 5
61, 1, 111, 68
61, 514, 111, 77
61, 328, 111, 97
61, 40, 111, 97
61, 266, 111, 27
61, 172, 111, 100
61, 189, 111, 65
61, 468, 111, 49
61, 310, 111, 14
61, 599, 111, 6
61, 314, 111, 26
61, 381, 111, 74
61, 94, 111, 8
61, 513, 112, 17
61, 6, 112, 35
61, 12, 112, 95
61, 146, 112, 24
61, 283, 112, 23
61, 158, 112, 11
61, 164, 112, 91
61, 295, 112, 13
61, 42, 112, 68
61, 179, 112, 78
61, 181, 112, 26
61, 313, 112, 17
61, 449, 112, 25
61, 580, 112, 15
61, 456, 112, 71
61, 205, 112, 18
61, 90, 112, 10
61, 96, 112, 54
61, 360, 112, 48
61, 495, 112, 89
61, 386, 113, 65
61, 524, 113, 62
61, 154, 113, 2
61, 547, 113, 47
61, 165, 113, 19
61, 424, 113, 63
61, 42, 113, 68
61, 172, 113, 100
61, 564, 113, 11
61, 60, 113, 79
61, 446, 113, 3
61, 450, 113, 47
61, 69, 113, 65
61, 453, 113, 80
61, 203, 113, 57
61, 206, 113, 62
61, 80, 113, 17
61, 211, 113, 1
61, 472, 113, 99
61, 102, 113, 8
61, 113, 113, 81
61, 253, 113, 55
61, 256, 114, 51
61, 388, 114, 12
61, 392, 114, 50
61, 396, 114, 36
61, 404, 114, 19
61, 149, 114, 21
61, 412, 114, 76
61, 166, 114, 74
61, 430, 114, 41
61, 46, 114, 35
61, 434, 114, 47
61, 179, 114, 78
61, 565, 114, 86
61, 315, 114, 71
61, 317, 114, 2
61, 69, 114, 65
61, 206, 114, 62
61, 593, 114, 94
61, 93, 114, 83
61, 99, 114, 22
61, 356, 114, 68
61, 361, 114, 33
61, 109, 114, 46
61, 504, 114, 88
61, 378, 114, 5
61, 224, 115, 48
61, 225, 115, 20
61, 162, 115, 70
61, 480, 115, 13
61, 169, 115, 32
61, 272, 115, 94
61, 83, 115, 72
61, 245, 115, 98
61, 217, 115, 8
61, 284, 115, 81
61, 579, 116, 5
61, 518, 116, 78
61, 71, 116, 66
61, 297, 116, 96
61, 13, 116, 13
61, 304, 116, 41
61, 435, 116, 91
61, 279, 116, 68
61, 280, 116, 21
61, 378, 116, 5
61, 221, 116, 84
61, 222, 116, 66
61, 0, 117, 48
61, 384, 117, 8
61, 263, 117, 48
61, 137, 117, 1
61, 265, 117, 85
61, 523, 117, 68
61, 17, 117, 10
61, 147, 117, 87
61, 277, 117, 45
61, 278, 117, 44
61, 281, 117, 21
61, 45, 117, 53
61, 433, 117, 100
61, 452, 117, 89
61, 333, 117, 56
61, 462, 117, 78
61, 211, 117, 1
61, 468, 117, 49
61, 476, 117, 73
61, 98, 117, 83
61, 496, 117, 24
61, 368, 117, 51
61, 371, 117, 12
61, 251, 117, 91
61, 383, 117, 1
61, 288, 118, 91
61, 429, 118, 42
61, 336, 118, 78
61, 51, 118, 28
61, 404, 118, 19
61, 21, 118, 97
61, 512, 119, 91
61, 144, 119, 26
61, 149, 119, 21
61, 286, 119, 15
61, 164, 119, 91
61, 551, 119, 53
61, 43, 119, 85
61, 308, 119, 71
61, 59, 119, 90
61, 457, 119, 10
61, 330, 119, 25
61, 203, 119, 57
61, 208, 119, 51
61, 216, 119, 33
61, 350, 119, 67
61, 229, 119, 52
61, 102, 119, 8
61, 487, 119, 91
61, 236, 119, 98
61, 367, 119, 1
61, 505, 119, 19
61, 6, 120, 35
61, 527, 120, 61
61, 273, 120, 92
61, 28, 120, 69
61, 544, 120, 68
61, 417, 120, 72
61, 423, 120, 98
61, 303, 120, 32
61, 48, 120, 46
61, 49, 120, 15
61, 440, 120, 64
61, 320, 120, 82
61, 65, 120, 43
61, 64, 120, 12
61, 451, 120, 2
61, 580, 120, 15
61, 74, 120, 72
61, 75, 120, 76
61, 203, 120, 57
61, 591, 120, 55
61, 104, 120, 86
61, 362, 120, 100
61, 11, 121, 66
61, 110, 121, 1
61, 212, 121, 3
61, 503, 121, 60
61, 347, 121, 48
61, 189, 121, 65
61, 64, 122, 12
61, 481, 122, 29
61, 420, 122, 13
61, 37, 122, 17
61, 132, 122, 43
61, 200, 122, 51
61, 9, 122, 17
61, 575, 122, 85
61, 464, 122, 32
61, 432, 122, 65
61, 273, 122, 92
61, 275, 122, 54
61, 597, 122, 81
61, 54, 122, 83
61, 22, 122, 33
61, 285, 122, 68
61, 254, 122, 37
61, 415, 122, 53
61, 576, 123, 13
61, 166, 123, 74
61, 584, 123, 51
61, 328, 123, 97
61, 395, 123, 53
61, 460, 123, 69
61, 367, 123, 1
61, 176, 123, 29
61, 113, 123, 81
61, 82, 123, 75
61, 243, 123, 84
61, 374, 123, 37
61, 538, 123, 93
61, 379, 123, 12
61, 508, 123, 6
61, 447, 123, 77
61, 354, 124, 82
61, 319, 124, 19
61, 582, 124, 8
61, 447, 124, 77
61, 234, 124, 87
61, 272, 124, 94
61, 567, 124, 9
61, 95, 124, 25
61, 386, 125, 65
61, 135, 125, 73
61, 143, 125, 97
61, 536, 125, 40
61, 34, 125, 94
61, 419, 125, 5
61, 42, 125, 68
61, 177, 125, 44
61, 435, 125, 91
61, 316, 125, 77
61, 317, 125, 2
61, 188, 125, 1
61, 450, 125, 47
61, 580, 125, 15
61, 588, 125, 59
61, 463, 125, 72
61, 471, 125, 68
61, 221, 125, 84
61, 99, 125, 22
61, 490, 125, 92
61, 112, 125, 91
61, 116, 125, 93
61, 266, 126, 27
61, 14, 126, 10
61, 399, 126, 86
61, 398, 126, 42
61, 19, 126, 80
61, 20, 126, 69
61, 278, 126, 44
61, 281, 126, 21
61, 546, 126, 70
61, 310, 126, 14
61, 57, 126, 44
61, 445, 126, 56
61, 64, 126, 12
61, 454, 126, 78
61, 334, 126, 58
61, 464, 126, 32
61, 92, 126, 72
61, 482, 126, 73
61, 238, 126, 90
61, 495, 126, 89
61, 496, 126, 24
61, 117, 126, 46
61, 118, 126, 4
61, 376, 126, 85
61, 382, 126, 26
61, 417, 127, 72
61, 359, 127, 40
61, 139, 127, 74
61, 140, 127, 59
61, 80, 127, 17
61, 177, 127, 44
61, 498, 127, 33
61, 22, 127, 33
61, 318, 127, 41
61, 3, 128, 6
61, 134, 128, 12
61, 45, 128, 53
61, 242, 128, 30
61, 310, 128, 14
61, 120, 128, 17
61, 27, 128, 41
61, 353, 129, 8
61, 484, 129, 47
61, 168, 129, 34
61, 397, 129, 3
61, 591, 129, 55
61, 370, 129, 85
61, 597, 129, 81
61, 117, 129, 46
61, 567, 129, 9
61, 259, 130, 35
61, 4, 130, 66
61, 12, 130, 95
61, 532, 130, 22
61, 549, 130, 5
61, 38, 130, 52
61, 554, 130, 11
61, 181, 130, 26
61, 569, 130, 19
61, 570, 130, 56
61, 189, 130, 65
61, 458, 130, 78
61, 75, 130, 76
61, 76, 130, 44
61, 85, 130, 36
61, 598, 130, 22
61, 479, 130, 64
61, 486, 130, 2
61, 490, 130, 92
61, 495, 130, 89
61, 226, 131, 75
61, 227, 131, 26
61, 133, 131, 58
61, 135, 131, 73
61, 234, 131, 87
61, 11, 131, 66
61, 75, 131, 76
61, 490, 131, 92
61, 591, 131, 55
61, 176, 131, 29
61, 177, 131, 44
61, 147, 131, 87
61, 564, 131, 11
61, 23, 131, 56
61, 151, 131, 72
61, 216, 131, 33
61, 443, 131, 59
61, 447, 131, 77
61, 384, 132, 8
61, 193, 132, 65
61, 32, 132, 76
61, 4, 132, 66
61, 197, 132, 29
61, 517, 132, 87
61, 425, 132, 71
61, 74, 132, 72
61, 207, 132, 77
61, 336, 132, 78
61, 83, 132, 72
61, 211, 132, 1
61, 406, 132, 53
61, 155, 132, 97
61, 252, 132, 100
61, 446, 132, 3
61, 479, 132, 64
61, 289, 133, 14
61, 450, 133, 47
61, 131, 133, 1
61, 520, 133, 71
61, 169, 133, 32
61, 363, 133, 22
61, 144, 133, 26
61, 272, 133, 94
61, 337, 133, 47
61, 180, 133, 44
61, 404, 133, 19
61, 244, 133, 9
61, 440, 133, 64
61, 383, 133, 1
61, 128, 134, 25
61, 4, 134, 66
61, 527, 134, 61
61, 25, 134, 20
61, 26, 134, 8
61, 541, 134, 53
61, 158, 134, 11
61, 416, 134, 73
61, 164, 134, 91
61, 166, 134, 74
61, 427, 134, 93
61, 308, 134, 71
61, 196, 134, 92
61, 591, 134, 55
61, 470, 134, 26
61, 479, 134, 64
61, 353, 134, 8
61, 365, 134, 43
61, 109, 134, 46
61, 113, 134, 81
61, 241, 134, 68
61, 248, 134, 28
61, 382, 134, 26
61, 1, 135, 68
61, 258, 135, 72
61, 10, 135, 86
61, 145, 135, 19
61, 531, 135, 27
61, 24, 135, 59
61, 412, 135, 76
61, 32, 135, 76
61, 166, 135, 74
61, 174, 135, 64
61, 439, 135, 24
61, 194, 135, 4
61, 76, 135, 44
61, 332, 135, 52
61, 462, 135, 78
61, 207, 135, 77
61, 594, 135, 22
61, 473, 135, 66
61, 352, 135, 37
61, 227, 135, 26
61, 485, 135, 5
61, 374, 135, 37
61, 558, 136, 47
61, 111, 136, 18
61, 372, 136, 8
61, 23, 136, 56
61, 349, 136, 83
61, 549, 137, 5
61, 390, 137, 47
61, 73, 137, 31
61, 394, 137, 38
61, 398, 137, 42
61, 312, 137, 38
61, 25, 137, 20
61, 442, 137, 88
61, 27, 137, 41
61, 192, 138, 60
61, 161, 138, 21
61, 483, 138, 42
61, 9, 138, 17
61, 361, 138, 33
61, 44, 138, 33
61, 151, 138, 72
61, 90, 138, 10
61, 125, 138, 56
61, 1, 139, 68
61, 513, 139, 17
61, 417, 139, 72
61, 162, 139, 70
61, 134, 139, 12
61, 231, 139, 83
61, 363, 139, 22
61, 173, 139, 23
61, 272, 139, 94
61, 467, 139, 74
61, 341, 139, 74
61, 22, 139, 33
61, 599, 139, 6
61, 569, 139, 19
61, 314, 139, 26
61, 315, 139, 71
61, 220, 139, 18
61, 479, 139, 64
61, 424, 140, 63
61, 73, 140, 31
61, 491, 140, 25
61, 428, 140, 100
61, 557, 140, 86
61, 142, 140, 98
61, 156, 140, 96
61, 506, 140, 95
61, 252, 140, 100
61, 189, 140, 65
61, 1, 141, 68
61, 386, 141, 65
61, 264, 141, 80
61, 528, 141, 89
61, 148, 141, 82
61, 149, 141, 21
61, 551, 141, 53
61, 299, 141, 83
61, 300, 141, 70
61, 174, 141, 64
61, 443, 141, 59
61, 455, 141, 85
61, 201, 141, 39
61, 462, 141, 78
61, 468, 141, 49
61, 471, 141, 68
61, 220, 141, 18
61, 488, 141, 14
61, 236, 141, 98
61, 493, 141, 33
61, 241, 141, 68
61, 373, 141, 47
61, 253, 141, 55
61, 0, 142, 48
61, 129, 142, 61
61, 387, 142, 92
61, 273, 142, 92
61, 19, 142, 80
61, 403, 142, 20
61, 147, 142, 87
61, 279, 142, 68
61, 32, 142, 76
61, 302, 142, 15
61, 569, 142, 19
61, 573, 142, 70
61, 193, 142, 65
61, 66, 142, 90
61, 581, 142, 41
61, 582, 142, 8
61, 76, 142, 44
61, 80, 142, 17
61, 476, 142, 73
61, 477, 142, 58
61, 221, 142, 84
61, 225, 142, 20
61, 227, 142, 26
61, 499, 142, 50
61, 384, 143, 8
61, 322, 143, 26
61, 171, 143, 20
61, 332, 143, 52
61, 141, 143, 46
61, 398, 143, 42
61, 217, 143, 8
61, 90, 143, 10
61, 254, 143, 37
61, 57, 143, 44
61, 390, 144, 47
61, 403, 144, 20
61, 279, 144, 68
61, 283, 144, 23
61, 45, 144, 53
61, 46, 144, 35
61, 303, 144, 32
61, 433, 144, 100
61, 309, 144, 3
61, 53, 144, 10
61, 570, 144, 56
61, 574, 144, 54
61, 576, 144, 13
61, 195, 144, 36
61, 590, 144, 29
61, 209, 144, 19
61, 212, 144, 3
61, 219, 144, 58
61, 481, 144, 29
61, 368, 144, 51
61, 508, 144, 6
61, 383, 144, 1
61, 448, 145, 15
61, 577, 145, 42
61, 385, 145, 90
61, 421, 145, 71
61, 262, 145, 6
61, 166, 145, 74
61, 456, 145, 71
61, 330, 145, 25
61, 170, 145, 31
61, 268, 145, 14
61, 302, 145, 15
61, 79, 145, 71
61, 411, 145, 35
61, 443, 145, 59
61, 124, 145, 11
61, 479, 145, 64
61, 259, 146, 35
61, 388, 146, 12
61, 264, 146, 80
61, 11, 146, 66
61, 539, 146, 22
61, 412, 146, 76
61, 440, 146, 64
61, 324, 146, 40
61, 454, 146, 78
61, 584, 146, 51
61, 73, 146, 31
61, 200, 146, 51
61, 214, 146, 44
61, 92, 146, 72
61, 352, 146, 37
61, 490, 146, 92
61, 236, 146, 98
61, 120, 146, 17
61, 250, 146, 31
61, 253, 146, 55
61, 510, 146, 73
61, 260, 147, 7
61, 134, 147, 12
61, 267, 147, 40
61, 272, 147, 94
61, 149, 147, 21
61, 413, 147, 38
61, 558, 147, 47
61, 431, 147, 22
61, 318, 147, 41
61, 66, 147, 90
61, 327, 147, 14
61, 71, 147, 66
61, 585, 147, 79
61, 590, 147, 29
61, 80, 147, 17
61, 337, 147, 47
61, 352, 147, 37
61, 97, 147, 82
61, 231, 147, 83
61, 115, 147, 44
61, 374, 147, 37
61, 252, 147, 100
61, 193, 148, 65
61, 450, 148, 47
61, 452, 148, 89
61, 197, 148, 29
61, 6, 148, 35
61, 132, 148, 43
61, 170, 148, 31
61, 300, 148, 70
61, 45, 148, 53
61, 334, 148, 58
61, 146, 148, 24
61, 372, 148, 8
61, 440, 148, 64
61, 507, 148, 84
61, 349, 148, 83
61, 126, 148, 31
61, 481, 149, 29
61, 5, 149, 71
61, 264, 149, 80
61, 425, 149, 71
61, 138, 149, 8
61, 525, 149, 24
61, 117, 149, 46
61, 182, 149, 86
61, 378, 149, 5
61, 477, 149, 58
61, 288, 150, 91
61, 257, 150, 99
61, 490, 150, 92
61, 587, 150, 73
61, 204, 150, 56
61, 576, 151, 13
61, 477, 151, 58
61, 584, 151, 51
61, 367, 151, 1
61, 592, 151, 85
61, 378, 151, 5
61, 124, 151, 11
61, 445, 151, 56
61, 513, 152, 17
61, 520, 152, 71
61, 523, 152, 68
61, 526, 152, 56
61, 527, 152, 61
61, 540, 152, 45
61, 162, 152, 70
61, 424, 152, 63
61, 51, 152, 28
61, 56, 152, 93
61, 187, 152, 36
61, 322, 152, 26
61, 200, 152, 51
61, 460, 152, 69
61, 204, 152, 56
61, 210, 152, 62
61, 88, 152, 63
61, 232, 152, 68
61, 234, 152, 87
61, 490, 152, 92
61, 239, 152, 60
61, 372, 152, 8
61, 511, 152, 3
61, 256, 153, 51
61, 6, 153, 35
61, 10, 153, 86
61, 525, 153, 24
61, 534, 153, 82
61, 160, 153, 2
61, 549, 153, 5
61, 171, 153, 20
61, 52, 153, 53
61, 54, 153, 83
61, 441, 153, 25
61, 575, 153, 85
61, 447, 153, 77
61, 73, 153, 31
61, 83, 153, 72
61, 215, 153, 5
61, 221, 153, 84
61, 224, 153, 48
61, 229, 153, 52
61, 382, 153, 26
61, 107, 154, 58
61, 173, 154, 23
61, 334, 154, 58
61, 495, 154, 89
61, 466, 154, 74
61, 468, 154, 49
61, 566, 154, 81
61, 153, 154, 68
61, 410, 154, 32
61, 220, 154, 18
61, 225, 155, 20
61, 198, 155, 71
61, 589, 155, 88
61, 493, 155, 33
61, 175, 155, 23
61, 1, 156, 68
61, 13, 156, 13
61, 16, 156, 33
61, 404, 156, 19
61, 284, 156, 81
61, 37, 156, 17
61, 426, 156, 67
61, 175, 156, 23
61, 54, 156, 83
61, 439, 156, 24
61, 186, 156, 63
61, 571, 156, 39
61, 574, 156, 54
61, 446, 156, 3
61, 206, 156, 62
61, 81, 156, 40
61, 346, 156, 63
61, 361, 156, 33
61, 499, 156, 50
61, 510, 156, 73
61, 321, 157, 21
61, 450, 157, 47
61, 40, 157, 97
61, 329, 157, 90
61, 587, 157, 73
61, 588, 157, 59
61, 43, 157, 85
61, 110, 157, 1
61, 495, 157, 89
61, 368, 157, 51
61, 433, 157, 100
61, 15, 157, 11
61, 595, 157, 77
61, 115, 157, 44
61, 60, 157, 79
61, 351, 157, 16
61, 225, 158, 20
61, 385, 158, 90
61, 418, 158, 37
61, 68, 158, 86
61, 453, 158, 80
61, 550, 158, 32
61, 580, 158, 15
61, 322, 158, 26
61, 74, 158, 72
61, 139, 158, 74
61, 214, 158, 44
61, 23, 158, 56
61, 446, 158, 3
61, 39, 159, 4
61, 295, 159, 13
61, 106, 159, 18
61, 333, 159, 56
61, 109, 159, 46
61, 241, 159, 68
61, 145, 159, 19
61, 467, 159, 74
61, 278, 159, 44
61, 214, 159, 44
61, 537, 159, 19
61, 284, 159, 81
61, 137, 160, 1
61, 393, 160, 24
61, 142, 160, 98
61, 28, 160, 69
61, 171, 160, 20
61, 45, 160, 53
61, 305, 160, 21
61, 562, 160, 53
61, 187, 160, 36
61, 191, 160, 34
61, 70, 160, 14
61, 456, 160, 71
61, 207, 160, 77
61, 79, 160, 71
61, 475, 160, 63
61, 223, 160, 76
61, 100, 160, 49
61, 365, 160, 43
61, 366, 160, 47
61, 482, 161, 73
61, 387, 161, 92
61, 261, 161, 70
61, 421, 161, 71
61, 390, 161, 47
61, 296, 161, 45
61, 554, 161, 11
61, 363, 161, 22
61, 333, 161, 56
61, 337, 161, 47
61, 18, 161, 27
61, 563, 161, 28
61, 468, 161, 49
61, 566, 161, 81
61, 248, 161, 28
61, 32, 162, 76
61, 545, 162, 39
61, 356, 162, 68
61, 326, 162, 79
61, 263, 162, 48
61, 262, 162, 6
61, 365, 162, 43
61, 302, 162, 15
61, 367, 162, 1
61, 89, 162, 31
61, 58, 162, 79
61, 125, 162, 56
61, 32, 163, 76
61, 450, 163, 47
61, 99, 163, 22
61, 581, 163, 41
61, 549, 163, 5
61, 522, 163, 96
61, 587, 163, 73
61, 268, 163, 14
61, 332, 163, 52
61, 142, 163, 98
61, 273, 163, 92
61, 345, 163, 41
61, 348, 163, 93
61, 253, 163, 55
61, 575, 163, 85
61, 129, 164, 61
61, 396, 164, 36
61, 536, 164, 40
61, 538, 164, 93
61, 410, 164, 32
61, 416, 164, 73
61, 36, 164, 4
61, 424, 164, 63
61, 436, 164, 44
61, 309, 164, 3
61, 439, 164, 24
61, 186, 164, 63
61, 187, 164, 36
61, 573, 164, 70
61, 445, 164, 56
61, 450, 164, 47
61, 220, 164, 18
61, 349, 164, 83
61, 476, 164, 73
61, 225, 164, 20
61, 361, 164, 33
61, 237, 164, 16
61, 113, 164, 81
61, 245, 164, 98
61, 549, 165, 5
61, 27, 165, 41
61, 393, 165, 24
61, 553, 165, 25
61, 555, 165, 44
61, 594, 165, 22
61, 339, 165, 45
61, 309, 165, 3
61, 469, 165, 64
61, 408, 165, 60
61, 507, 165, 84
61, 252, 165, 100
61, 125, 165, 56
61, 544, 166, 68
61, 191, 166, 34
61, 3, 166, 6
61, 451, 166, 2
61, 357, 166, 67
61, 584, 166, 51
61, 425, 166, 71
61, 139, 166, 74
61, 77, 166, 32
61, 366, 166, 47
61, 207, 166, 77
61, 464, 166, 32
61, 405, 166, 70
61, 150, 166, 32
61, 477, 166, 58
61, 63, 166, 40
61, 449, 167, 25
61, 34, 167, 94
61, 515, 167, 28
61, 294, 167, 86
61, 396, 167, 36
61, 304, 167, 41
61, 18, 167, 27
61, 156, 167, 96
61, 2, 168, 50
61, 391, 168, 4
61, 265, 168, 85
61, 11, 168, 66
61, 401, 168, 16
61, 273, 168, 92
61, 404, 168, 19
61, 150, 168, 32
61, 534, 168, 82
61, 33, 168, 8
61, 34, 168, 94
61, 423, 168, 98
61, 425, 168, 71
61, 170, 168, 31
61, 54, 168, 83
61, 183, 168, 4
61, 59, 168, 90
61, 190, 168, 46
61, 78, 168, 12
61, 462, 168, 78
61, 354, 168, 82
61, 486, 168, 2
61, 499, 168, 50
61, 505, 168, 19
61, 256, 169, 51
61, 259, 169, 35
61, 355, 169, 76
61, 136, 169, 52
61, 585, 169, 79
61, 394, 169, 38
61, 522, 169, 96
61, 45, 169, 53
61, 496, 169, 24
61, 307, 169, 51
61, 342, 169, 91
61, 151, 169, 72
61, 440, 169, 64
61, 89, 169, 31
61, 288, 170, 91
61, 129, 170, 61
61, 515, 170, 28
61, 488, 170, 14
61, 298, 170, 58
61, 505, 170, 19
61, 15, 170, 11
61, 81, 170, 40
61, 18, 170, 27
61, 245, 170, 98
61, 280, 170, 21
61, 57, 170, 44
61, 27, 170, 41
61, 221, 170, 84
61, 382, 170, 26
61, 223, 170, 76
61, 64, 171, 12
61, 578, 171, 90
61, 453, 171, 80
61, 104, 171, 86
61, 8, 171, 55
61, 298, 171, 58
61, 235, 171, 68
61, 239, 171, 60
61, 177, 171, 44
61, 115, 171, 44
61, 244, 171, 9
61, 471, 171, 68
61, 183, 171, 4
61, 28, 171, 69
61, 253, 171, 55
61, 254, 171, 37
61, 511, 171, 3
61, 224, 172, 48
61, 97, 172, 82
61, 401, 172, 16
61, 498, 172, 33
61, 373, 172, 47
61, 567, 172, 9
61, 217, 172, 8
61, 512, 173, 91
61, 580, 173, 15
61, 73, 173, 31
61, 591, 173, 55
61, 434, 173, 47
61, 252, 173, 100
61, 543, 173, 65
61, 481, 174, 29
61, 553, 174, 25
61, 586, 174, 29
61, 370, 174, 85
61, 274, 174, 55
61, 180, 174, 44
61, 475, 174, 63
61, 161, 175, 21
61, 523, 175, 68
61, 111, 175, 18
61, 48, 175, 46
61, 271, 175, 38
61, 563, 175, 28
61, 147, 175, 87
61, 212, 175, 3
61, 504, 175, 88
61, 315, 175, 71
61, 572, 175, 85
61, 383, 175, 1
61, 387, 176, 92
61, 75, 176, 76
61, 575, 176, 85
61, 467, 176, 74
61, 597, 176, 81
61, 285, 176, 68
61, 383, 176, 1
61, 260, 177, 7
61, 141, 177, 46
61, 335, 177, 23
61, 17, 177, 10
61, 373, 177, 47
61, 252, 177, 100
61, 254, 177, 37
61, 501, 178, 34
61, 54, 178, 83
61, 534, 178, 82
61, 437, 178, 18
61, 124, 178, 11
61, 96, 179, 54
61, 353, 179, 8
61, 135, 179, 73
61, 105, 179, 67
61, 490, 179, 92
61, 493, 179, 33
61, 174, 179, 64
61, 111, 179, 18
61, 50, 179, 92
61, 149, 179, 21
61, 183, 179, 4
61, 474, 179, 99
61, 220, 179, 18
61, 97, 180, 82
61, 453, 180, 80
61, 326, 180, 79
61, 325, 180, 13
61, 360, 180, 48
61, 588, 180, 59
61, 172, 180, 100
61, 141, 180, 46
61, 368, 180, 51
61, 315, 180, 71
61, 178, 180, 32
61, 61, 180, 58
61, 403, 180, 20
61, 153, 180, 68
61, 506, 180, 95
61, 155, 180, 97
61, 476, 180, 73
61, 253, 180, 55
61, 385, 181, 90
61, 509, 181, 92
61, 519, 181, 63
61, 407, 181, 21
61, 153, 181, 68
61, 30, 181, 8
61, 434, 181, 47
61, 563, 181, 28
61, 565, 181, 86
61, 182, 181, 86
61, 183, 181, 4
61, 71, 181, 66
61, 333, 181, 56
61, 341, 181, 74
61, 219, 181, 58
61, 110, 181, 1
61, 112, 181, 91
61, 376, 181, 85
61, 378, 181, 5
61, 251, 181, 91
61, 381, 181, 74
61, 224, 182, 48
61, 353, 182, 8
61, 357, 182, 67
61, 249, 182, 60
61, 457, 182, 10
61, 13, 182, 13
61, 366, 182, 47
61, 47, 182, 63
61, 142, 182, 98
61, 561, 182, 18
61, 50, 182, 92
61, 51, 182, 28
61, 116, 182, 93
61, 183, 182, 4
61, 153, 182, 68
61, 218, 182, 85
61, 411, 182, 35
61, 124, 182, 11
61, 1, 183, 68
61, 5, 183, 71
61, 423, 183, 98
61, 457, 183, 10
61, 526, 183, 56
61, 405, 183, 70
61, 152, 183, 31
61, 249, 183, 60
61, 388, 184, 12
61, 260, 184, 7
61, 138, 184, 8
61, 396, 184, 36
61, 141, 184, 46
61, 531, 184, 27
61, 409, 184, 13
61, 287, 184, 30
61, 31, 184, 69
61, 167, 184, 25
61, 43, 184, 85
61, 176, 184, 29
61, 443, 184, 59
61, 575, 184, 85
61, 193, 184, 65
61, 68, 184, 86
61, 455, 184, 85
61, 345, 184, 41
61, 355, 184, 76
61, 485, 184, 5
61, 109, 184, 46
61, 115, 184, 44
61, 119, 184, 4
61, 401, 185, 16
61, 19, 185, 80
61, 408, 185, 60
61, 538, 185, 93
61, 421, 185, 71
61, 555, 185, 44
61, 430, 185, 41
61, 49, 185, 15
61, 308, 185, 71
61, 437, 185, 18
61, 458, 185, 78
61, 333, 185, 56
61, 462, 185, 78
61, 334, 185, 58
61, 590, 185, 29
61, 340, 185, 37
61, 345, 185, 41
61, 487, 185, 91
61, 233, 185, 57
61, 121, 185, 81
61, 126, 185, 31
61, 387, 186, 92
61, 420, 186, 13
61, 325, 186, 13
61, 102, 186, 8
61, 196, 186, 92
61, 365, 186, 43
61, 589, 186, 88
61, 399, 186, 86
61, 367, 186, 1
61, 273, 186, 92
61, 464, 186, 32
61, 438, 186, 48
61, 22, 186, 33
61, 248, 186, 28
61, 183, 186, 4
61, 120, 186, 17
61, 317, 186, 2
61, 286, 186, 15
61, 546, 187, 70
61, 194, 187, 4
61, 483, 187, 42
61, 390, 187, 47
61, 43, 187, 85
61, 333, 187, 56
61, 174, 187, 64
61, 336, 187, 78
61, 113, 187, 81
61, 529, 187, 77
61, 531, 187, 27
61, 180, 187, 44
61, 307, 187, 51
61, 87, 187, 46
61, 535, 187, 17
61, 181, 187, 26
61, 505, 187, 19
61, 55, 187, 46
61, 224, 188, 48
61, 288, 188, 91
61, 448, 188, 15
61, 357, 188, 67
61, 390, 188, 47
61, 71, 188, 66
61, 589, 188, 88
61, 493, 188, 33
61, 143, 188, 97
61, 243, 188, 84
61, 19, 188, 80
61, 277, 188, 45
61, 472, 188, 99
61, 250, 188, 31
61, 552, 189, 9
61, 169, 189, 32
61, 397, 189, 3
61, 466, 189, 74
61, 503, 189, 60
61, 282, 189, 14
61, 219, 189, 58
61, 4, 190, 66
61, 18, 190, 27
61, 532, 190, 22
61, 540, 190, 45
61, 162, 190, 70
61, 302, 190, 15
61, 306, 190, 83
61, 435, 190, 91
61, 314, 190, 26
61, 186, 190, 63
61, 65, 190, 43
61, 196, 190, 92
61, 197, 190, 29
61, 70, 190, 14
61, 481, 190, 29
61, 230, 190, 5
61, 492, 190, 2
61, 114, 190, 95
61, 117, 190, 46
61, 288, 191, 91
61, 130, 191, 23
61, 223, 191, 76
61, 290, 191, 84
61, 487, 191, 91
61, 554, 191, 11
61, 591, 191, 55
61, 497, 191, 21
61, 347, 191, 48
61, 467, 191, 74
61, 562, 191, 53
61, 184, 191, 87
61, 378, 191, 5
61, 251, 191, 91
61, 573, 191, 70
61, 287, 191, 30
61, 0, 192, 48
61, 129, 192, 61
61, 264, 192, 80
61, 11, 192, 66
61, 31, 192, 69
61, 292, 192, 31
61, 171, 192, 20
61, 433, 192, 100
61, 178, 192, 32
61, 181, 192, 26
61, 448, 192, 15
61, 577, 192, 42
61, 205, 192, 18
61, 84, 192, 12
61, 473, 192, 66
61, 483, 192, 42
61, 230, 192, 5
61, 488, 192, 14
61, 364, 192, 61
61, 112, 192, 91
61, 132, 193, 43
61, 8, 193, 55
61, 396, 193, 36
61, 524, 193, 62
61, 14, 193, 10
61, 159, 193, 74
61, 547, 193, 47
61, 165, 193, 19
61, 168, 193, 34
61, 169, 193, 32
61, 299, 193, 83
61, 301, 193, 96
61, 179, 193, 78
61, 63, 193, 40
61, 330, 193, 25
61, 337, 193, 47
61, 466, 193, 74
61, 596, 193, 4
61, 345, 193, 41
61, 346, 193, 63
61, 481, 193, 29
61, 106, 193, 18
61, 497, 193, 21
61, 503, 193, 60
61, 196, 194, 92
61, 6, 194, 35
61, 238, 194, 90
61, 432, 194, 65
61, 92, 194, 72
61, 381, 194, 74
61, 1, 195, 68
61, 131, 195, 1
61, 263, 195, 48
61, 265, 195, 85
61, 16, 195, 33
61, 417, 195, 72
61, 33, 195, 8
61, 419, 195, 5
61, 443, 195, 59
61, 61, 195, 58
61, 450, 195, 47
61, 195, 195, 36
61, 324, 195, 40
61, 200, 195, 51
61, 78, 195, 12
61, 81, 195, 40
61, 599, 195, 6
61, 478, 195, 18
61, 229, 195, 52
61, 489, 195, 19
61, 241, 195, 68
61, 114, 195, 95
61, 504, 195, 88
61, 125, 195, 56
61, 255, 195, 92
61, 324, 196, 40
61, 5, 196, 71
61, 351, 196, 16
61, 11, 196, 66
61, 429, 196, 42
61, 270, 196, 20
61, 237, 196, 16
61, 208, 196, 51
61, 17, 196, 10
61, 14, 196, 10
61, 145, 196, 19
61, 309, 196, 3
61, 150, 196, 32
61, 152, 196, 31
61, 412, 196, 76
61, 127, 196, 85
61, 29, 196, 57
61, 159, 196, 74
61, 195, 197, 36
61, 260, 197, 7
61, 102, 197, 8
61, 168, 197, 34
61, 361, 197, 33
61, 250, 197, 31
61, 267, 197, 40
61, 46, 197, 35
61, 303, 197, 32
61, 561, 197, 18
61, 84, 197, 12
61, 54, 197, 83
61, 151, 197, 72
61, 56, 197, 93
61, 410, 197, 32
61, 123, 197, 16
61, 418, 198, 37
61, 515, 198, 28
61, 287, 198, 30
61, 478, 198, 18
61, 510, 198, 73
61, 199, 198, 78
61, 260, 198, 7
61, 495, 198, 89
61, 118, 198, 4
61, 30, 198, 8
61, 92, 198, 72
61, 189, 198, 65
61, 190, 198, 46
61, 511, 198, 3
61, 198, 199, 71
61, 551, 199, 53
61, 168, 199, 34
61, 203, 199, 57
61, 397, 199, 3
61, 49, 199, 15
61, 0, 200, 48
61, 163, 200, 69
61, 453, 200, 80
61, 586, 200, 29
61, 592, 200, 85
61, 369, 200, 22
61, 443, 200, 59
61, 159, 200, 74
61, 578, 201, 90
61, 360, 201, 48
61, 41, 201, 70
61, 106, 201, 18
61, 555, 201, 44
61, 492, 201, 2
61, 50, 201, 92
61, 531, 201, 27
61, 310, 201, 14
61, 316, 201, 77
61, 153, 201, 68
61, 123, 201, 16
61, 124, 201, 11
61, 163, 202, 69
61, 583, 202, 10
61, 330, 202, 25
61, 171, 202, 20
61, 332, 202, 52
61, 209, 202, 19
61, 595, 202, 77
61, 116, 202, 93
61, 565, 202, 86
61, 278, 202, 44
61, 569, 202, 19
61, 219, 202, 58
61, 508, 202, 6
61, 94, 202, 8
61, 2, 203, 50
61, 358, 203, 43
61, 108, 203, 63
61, 120, 203, 17
61, 348, 203, 93
61, 320, 204, 82
61, 289, 204, 14
61, 135, 204, 73
61, 169, 204, 32
61, 297, 204, 96
61, 362, 204, 100
61, 490, 204, 92
61, 173, 204, 23
61, 433, 204, 100
61, 498, 204, 33
61, 245, 204, 98
61, 86, 204, 95
61, 246, 204, 67
61, 441, 204, 25
61, 30, 204, 8
61, 351, 204, 16
61, 386, 205, 65
61, 131, 205, 1
61, 4, 205, 66
61, 260, 205, 7
61, 10, 205, 86
61, 268, 205, 14
61, 150, 205, 32
61, 288, 205, 91
61, 417, 205, 72
61, 291, 205, 41
61, 165, 205, 19
61, 169, 205, 32
61, 559, 205, 1
61, 48, 205, 46
61, 571, 205, 39
61, 459, 205, 65
61, 589, 205, 88
61, 211, 205, 1
61, 83, 205, 72
61, 467, 205, 74
61, 356, 205, 68
61, 118, 205, 4
61, 507, 205, 84
61, 257, 206, 99
61, 129, 206, 61
61, 155, 206, 97
61, 161, 206, 21
61, 162, 206, 70
61, 164, 206, 91
61, 39, 206, 4
61, 301, 206, 96
61, 448, 206, 15
61, 578, 206, 90
61, 580, 206, 15
61, 452, 206, 89
61, 83, 206, 72
61, 213, 206, 45
61, 95, 206, 25
61, 480, 206, 13
61, 376, 206, 85
61, 234, 206, 87
61, 107, 206, 58
61, 246, 206, 67
61, 248, 206, 28
61, 507, 206, 84
61, 253, 206, 55
61, 226, 207, 75
61, 163, 207, 69
61, 453, 207, 80
61, 202, 207, 25
61, 108, 207, 63
61, 365, 207, 43
61, 332, 207, 52
61, 14, 207, 10
61, 110, 207, 1
61, 241, 207, 68
61, 530, 207, 89
61, 433, 207, 100
61, 180, 207, 44
61, 311, 207, 67
61, 536, 207, 40
61, 349, 207, 83
61, 191, 207, 34
61, 519, 208, 63
61, 526, 208, 56
61, 405, 208, 70
61, 413, 208, 38
61, 546, 208, 70
61, 423, 208, 98
61, 43, 208, 85
61, 446, 208, 3
61, 66, 208, 90
61, 195, 208, 36
61, 67, 208, 26
61, 199, 208, 78
61, 206, 208, 62
61, 209, 208, 19
61, 338, 208, 90
61, 359, 208, 40
61, 231, 208, 83
61, 364, 208, 61
61, 499, 208, 50
61, 503, 208, 60
61, 545, 209, 39
61, 584, 209, 51
61, 232, 209, 68
61, 462, 209, 78
61, 144, 209, 26
61, 20, 209, 69
61, 248, 209, 28
61, 416, 210, 73
61, 96, 210, 54
61, 165, 210, 19
61, 6, 210, 35
61, 425, 210, 71
61, 12, 210, 95
61, 140, 210, 59
61, 238, 210, 90
61, 239, 210, 60
61, 367, 210, 1
61, 592, 210, 85
61, 402, 210, 1
61, 210, 210, 62
61, 564, 210, 11
61, 340, 210, 37
61, 429, 210, 42
61, 572, 210, 85
61, 349, 210, 83
61, 64, 211, 12
61, 280, 211, 21
61, 159, 211, 74
61, 66, 211, 90
61, 129, 211, 61
61, 230, 211, 5
61, 106, 211, 18
61, 10, 211, 86
61, 334, 211, 58
61, 47, 211, 63
61, 175, 211, 23
61, 113, 211, 81
61, 367, 211, 1
61, 376, 211, 85
61, 185, 211, 3
61, 250, 211, 31
61, 62, 211, 67
61, 543, 211, 65
61, 0, 212, 48
61, 522, 212, 96
61, 269, 212, 52
61, 403, 212, 20
61, 533, 212, 19
61, 154, 212, 2
61, 412, 212, 76
61, 415, 212, 53
61, 34, 212, 94
61, 36, 212, 4
61, 550, 212, 32
61, 298, 212, 58
61, 175, 212, 23
61, 563, 212, 28
61, 189, 212, 65
61, 62, 212, 67
61, 190, 212, 46
61, 581, 212, 41
61, 205, 212, 18
61, 483, 212, 42
61, 228, 212, 86
61, 229, 212, 52
61, 107, 212, 58
61, 241, 212, 68
61, 394, 213, 38
61, 13, 213, 13
61, 272, 213, 94
61, 532, 213, 22
61, 277, 213, 45
61, 535, 213, 17
61, 281, 213, 21
61, 413, 213, 38
61, 414, 213, 4
61, 554, 213, 11
61, 45, 213, 53
61, 305, 213, 21
61, 51, 213, 28
61, 308, 213, 71
61, 188, 213, 1
61, 448, 213, 15
61, 581, 213, 41
61, 71, 213, 66
61, 599, 213, 6
61, 218, 213, 85
61, 104, 213, 86
61, 493, 213, 33
61, 494, 213, 36
61, 289, 214, 14
61, 471, 214, 68
61, 451, 214, 2
61, 135, 214, 73
61, 490, 214, 92
61, 235, 214, 68
61, 208, 214, 51
61, 561, 214, 18
61, 244, 214, 9
61, 279, 214, 68
61, 152, 214, 31
61, 123, 214, 16
61, 414, 214, 4
61, 353, 215, 8
61, 421, 215, 71
61, 526, 215, 56
61, 592, 215, 85
61, 445, 215, 56
61, 163, 216, 69
61, 101, 216, 30
61, 330, 216, 25
61, 394, 216, 38
61, 555, 216, 44
61, 336, 216, 78
61, 151, 216, 72
61, 23, 217, 56
61, 282, 217, 14
61, 283, 217, 23
61, 413, 217, 38
61, 32, 217, 76
61, 293, 217, 67
61, 307, 217, 51
61, 441, 217, 25
61, 572, 217, 85
61, 194, 217, 4
61, 327, 217, 14
61, 200, 217, 51
61, 462, 217, 78
61, 337, 217, 47
61, 338, 217, 90
61, 220, 217, 18
61, 481, 217, 29
61, 97, 217, 82
61, 225, 217, 20
61, 360, 217, 48
61, 116, 217, 93
61, 374, 217, 37
61, 118, 217, 4
61, 376, 217, 85
61, 254, 217, 37
61, 385, 218, 90
61, 519, 218, 63
61, 491, 218, 25
61, 76, 218, 44
61, 22, 218, 33
61, 193, 219, 65
61, 516, 219, 53
61, 249, 219, 60
61, 582, 219, 8
61, 281, 219, 21
61, 489, 219, 19
61, 45, 219, 53
61, 243, 219, 84
61, 501, 219, 34
61, 54, 219, 83
61, 568, 219, 32
61, 569, 219, 19
61, 514, 220, 77
61, 517, 220, 87
61, 519, 220, 63
61, 526, 220, 56
61, 274, 220, 55
61, 282, 220, 14
61, 158, 220, 11
61, 543, 220, 65
61, 39, 220, 4
61, 296, 220, 45
61, 172, 220, 100
61, 302, 220, 15
61, 432, 220, 65
61, 578, 220, 90
61, 200, 220, 51
61, 589, 220, 88
61, 219, 220, 58
61, 94, 220, 8
61, 103, 220, 51
61, 232, 220, 68
61, 489, 220, 19
61, 497, 220, 21
61, 371, 220, 12
61, 503, 220, 60
61, 377, 220, 75
61, 0, 221, 48
61, 397, 221, 3
61, 15, 221, 11
61, 143, 221, 97
61, 533, 221, 19
61, 152, 221, 31
61, 27, 221, 41
61, 28, 221, 69
61, 289, 221, 14
61, 34, 221, 94
61, 557, 221, 86
61, 46, 221, 35
61, 564, 221, 11
61, 445, 221, 56
61, 579, 221, 5
61, 453, 221, 80
61, 582, 221, 8
61, 336, 221, 78
61, 344, 221, 4
61, 226, 221, 75
61, 98, 221, 83
61, 105, 221, 67
61, 500, 221, 41
61, 122, 221, 3
61, 511, 221, 3
61, 320, 222, 82
61, 321, 222, 21
61, 196, 222, 92
61, 37, 222, 17
61, 200, 222, 51
61, 105, 222, 67
61, 521, 222, 21
61, 137, 222, 1
61, 45, 222, 53
61, 590, 222, 29
61, 141, 222, 46
61, 113, 222, 81
61, 306, 222, 83
61, 212, 222, 3
61, 246, 222, 67
61, 88, 222, 63
61, 377, 222, 75
61, 190, 222, 46
61, 416, 223, 73
61, 325, 223, 13
61, 296, 223, 45
61, 299, 223, 83
61, 332, 223, 52
61, 589, 223, 88
61, 337, 223, 47
61, 438, 223, 48
61, 571, 223, 39
61, 512, 224, 91
61, 195, 224, 36
61, 196, 224, 92
61, 297, 224, 96
61, 203, 224, 57
61, 461, 224, 46
61, 206, 224, 62
61, 207, 224, 77
61, 528, 224, 89
61, 305, 224, 21
61, 466, 224, 74
61, 147, 224, 87
61, 244, 224, 9
61, 212, 224, 3
61, 316, 224, 77
61, 339, 224, 45
61, 345, 224, 41
61, 92, 224, 72
61, 480, 225, 13
61, 64, 225, 12
61, 384, 225, 8
61, 358, 225, 43
61, 424, 225, 63
61, 202, 225, 25
61, 363, 225, 22
61, 236, 225, 98
61, 555, 225, 44
61, 505, 225, 19
61, 595, 225, 77
61, 404, 225, 19
61, 89, 225, 31
61, 252, 225, 100
61, 131, 226, 1
61, 4, 226, 66
61, 143, 226, 97
61, 403, 226, 20
61, 276, 226, 21
61, 533, 226, 19
61, 409, 226, 13
61, 539, 226, 22
61, 540, 226, 45
61, 289, 226, 14
61, 418, 226, 37
61, 546, 226, 70
61, 168, 226, 34
61, 182, 226, 86
61, 568, 226, 32
61, 61, 226, 58
61, 76, 226, 44
61, 210, 226, 62
61, 243, 226, 84
61, 374, 226, 37
61, 131, 227, 1
61, 4, 227, 66
61, 137, 227, 1
61, 394, 227, 38
61, 395, 227, 53
61, 17, 227, 10
61, 147, 227, 87
61, 19, 227, 80
61, 20, 227, 69
61, 280, 227, 21
61, 281, 227, 21
61, 40, 227, 97
61, 561, 227, 18
61, 205, 227, 18
61, 218, 227, 85
61, 225, 227, 20
61, 363, 227, 22
61, 111, 227, 18
61, 113, 227, 81
61, 498, 227, 33
61, 369, 227, 22
61, 370, 227, 85
61, 505, 227, 19
61, 252, 227, 100
61, 321, 228, 21
61, 102, 228, 8
61, 459, 228, 65
61, 12, 228, 95
61, 537, 228, 19
61, 32, 229, 76
61, 384, 229, 8
61, 4, 229, 66
61, 584, 229, 51
61, 202, 229, 25
61, 11, 229, 66
61, 515, 230, 28
61, 136, 230, 52
61, 13, 230, 13
61, 143, 230, 97
61, 147, 230, 87
61, 404, 230, 19
61, 408, 230, 60
61, 152, 230, 31
61, 284, 230, 81
61, 165, 230, 19
61, 37, 230, 17
61, 555, 230, 44
61, 559, 230, 1
61, 435, 230, 91
61, 73, 230, 31
61, 87, 230, 46
61, 96, 230, 54
61, 228, 230, 86
61, 358, 230, 43
61, 361, 230, 33
61, 109, 230, 46
61, 123, 230, 16
61, 513, 231, 17
61, 258, 231, 72
61, 132, 231, 43
61, 390, 231, 47
61, 16, 231, 33
61, 280, 231, 21
61, 35, 231, 40
61, 304, 231, 41
61, 564, 231, 11
61, 55, 231, 46
61, 61, 231, 58
61, 577, 231, 42
61, 453, 231, 80
61, 581, 231, 41
61, 456, 231, 71
61, 350, 231, 67
61, 100, 231, 49
61, 496, 231, 24
61, 242, 231, 30
61, 116, 231, 93
61, 118, 231, 4
61, 505, 231, 19
61, 416, 232, 73
61, 161, 232, 21
61, 226, 232, 75
61, 321, 232, 21
61, 263, 232, 48
61, 584, 232, 51
61, 476, 232, 73
61, 554, 232, 11
61, 522, 232, 96
61, 556, 232, 81
61, 48, 232, 46
61, 177, 232, 44
61, 210, 232, 62
61, 499, 232, 50
61, 536, 232, 40
61, 411, 232, 35
61, 31, 232, 69
61, 575, 232, 85
61, 322, 233, 26
61, 325, 233, 13
61, 12, 233, 95
61, 24, 233, 59
61, 410, 233, 32
61, 480, 234, 13
61, 389, 234, 86
61, 262, 234, 6
61, 167, 234, 25
61, 345, 234, 41
61, 333, 234, 56
61, 591, 234, 55
61, 92, 234, 72
61, 211, 234, 1
61, 564, 234, 11
61, 307, 234, 51
61, 343, 234, 27
61, 253, 234, 55
61, 570, 234, 56
61, 476, 234, 73
61, 221, 234, 84
61, 287, 234, 30
61, 514, 235, 77
61, 264, 235, 80
61, 520, 235, 71
61, 138, 235, 8
61, 139, 235, 74
61, 399, 235, 86
61, 144, 235, 26
61, 415, 235, 53
61, 164, 235, 91
61, 166, 235, 74
61, 298, 235, 58
61, 177, 235, 44
61, 55, 235, 46
61, 194, 235, 4
61, 455, 235, 85
61, 72, 235, 30
61, 586, 235, 29
61, 594, 235, 22
61, 86, 235, 95
61, 478, 235, 18
61, 350, 235, 67
61, 95, 235, 25
61, 481, 235, 29
61, 224, 236, 48
61, 509, 236, 92
61, 122, 236, 3
61, 12, 236, 95
61, 493, 236, 33
61, 397, 236, 3
61, 46, 236, 35
61, 369, 236, 22
61, 146, 236, 24
61, 214, 236, 44
61, 282, 236, 14
61, 285, 236, 68
61, 519, 237, 63
61, 527, 237, 61
61, 529, 237, 77
61, 407, 237, 21
61, 162, 237, 70
61, 425, 237, 71
61, 300, 237, 70
61, 173, 237, 23
61, 50, 237, 92
61, 67, 237, 26
61, 587, 237, 73
61, 78, 237, 12
61, 592, 237, 85
61, 471, 237, 68
61, 223, 237, 76
61, 351, 237, 16
61, 99, 237, 22
61, 101, 237, 30
61, 487, 237, 91
61, 105, 237, 67
61, 362, 237, 100
61, 493, 237, 33
61, 242, 237, 30
61, 252, 237, 100
61, 162, 238, 70
61, 515, 238, 28
61, 131, 238, 1
61, 229, 238, 52
61, 107, 238, 58
61, 460, 238, 69
61, 493, 238, 33
61, 177, 238, 44
61, 465, 238, 78
61, 282, 238, 14
61, 6, 239, 35
61, 524, 239, 62
61, 399, 239, 86
61, 274, 239, 55
61, 533, 239, 19
61, 406, 239, 53
61, 279, 239, 68
61, 151, 239, 72
61, 32, 239, 76
61, 544, 239, 68
61, 297, 239, 96
61, 566, 239, 81
61, 447, 239, 77
61, 202, 239, 25
61, 78, 239, 12
61, 594, 239, 22
61, 215, 239, 5
61, 355, 239, 76
61, 365, 239, 43
61, 508, 239, 6
61, 321, 240, 21
61, 456, 240, 71
61, 361, 240, 33
61, 205, 240, 18
61, 493, 240, 33
61, 53, 240, 10
61, 140, 241, 59
61, 15, 241, 11
61, 17, 241, 10
61, 148, 241, 82
61, 294, 241, 86
61, 303, 241, 32
61, 178, 241, 32
61, 319, 241, 19
61, 65, 241, 43
61, 194, 241, 4
61, 453, 241, 80
61, 72, 241, 30
61, 461, 241, 46
61, 78, 241, 12
61, 333, 241, 56
61, 82, 241, 75
61, 91, 241, 69
61, 96, 241, 54
61, 357, 241, 67
61, 233, 241, 57
61, 106, 241, 18
61, 235, 241, 68
61, 238, 241, 90
61, 380, 241, 72
61, 381, 241, 74
61, 2, 242, 50
61, 132, 242, 43
61, 516, 242, 53
61, 531, 242, 27
61, 25, 242, 20
61, 26, 242, 8
61, 422, 242, 30
61, 49, 242, 15
61, 306, 242, 83
61, 562, 242, 53
61, 307, 242, 51
61, 181, 242, 26
61, 188, 242, 1
61, 320, 242, 82
61, 66, 242, 90
61, 578, 242, 90
61, 340, 242, 37
61, 469, 242, 64
61, 226, 242, 75
61, 98, 242, 83
61, 355, 242, 76
61, 236, 242, 98
61, 244, 242, 9
61, 372, 242, 8
61, 248, 242, 28
61, 515, 243, 28
61, 233, 243, 57
61, 586, 243, 29
61, 461, 243, 46
61, 434, 243, 47
61, 509, 243, 92
61, 169, 244, 32
61, 174, 244, 64
61, 175, 244, 23
61, 240, 244, 47
61, 563, 244, 28
61, 309, 244, 3
61, 598, 244, 22
61, 22, 244, 33
61, 186, 244, 63
61, 382, 244, 26
61, 544, 245, 68
61, 483, 245, 42
61, 517, 245, 87
61, 296, 245, 45
61, 361, 245, 33
61, 298, 245, 58
61, 462, 245, 78
61, 143, 245, 97
61, 595, 245, 77
61, 278, 245, 44
61, 312, 245, 38
61, 409, 245, 13
61, 90, 245, 10
61, 219, 245, 58
61, 188, 245, 1
61, 513, 246, 17
61, 122, 246, 3
61, 359, 246, 40
61, 362, 246, 100
61, 587, 246, 73
61, 372, 246, 8
61, 468, 246, 49
61, 87, 246, 46
61, 346, 246, 63
61, 286, 246, 15
61, 418, 247, 37
61, 387, 247, 92
61, 131, 247, 1
61, 37, 247, 17
61, 130, 247, 23
61, 39, 247, 4
61, 227, 247, 26
61, 562, 247, 53
61, 306, 247, 83
61, 565, 247, 86
61, 215, 247, 5
61, 376, 247, 85
61, 28, 247, 69
61, 415, 247, 53
61, 256, 248, 51
61, 515, 248, 28
61, 551, 248, 53
61, 528, 248, 89
61, 566, 248, 81
61, 343, 248, 27
61, 314, 248, 26
61, 477, 248, 58
61, 0, 249, 48
61, 522, 249, 96
61, 396, 249, 36
61, 148, 249, 82
61, 563, 249, 28
61, 569, 249, 19
61, 190, 249, 46
61, 447, 249, 77
61, 65, 249, 43
61, 194, 249, 4
61, 197, 249, 29
61, 327, 249, 14
61, 75, 249, 76
61, 80, 249, 17
61, 337, 249, 47
61, 470, 249, 26
61, 89, 249, 31
61, 475, 249, 63
61, 488, 249, 14
61, 362, 249, 100
61, 234, 249, 87
61, 366, 249, 47
61, 495, 249, 89
61, 239, 249, 60
61, 449, 250, 25
61, 578, 250, 90
61, 549, 250, 5
61, 325, 250, 13
61, 234, 250, 87
61, 460, 250, 69
61, 431, 250, 22
61, 497, 250, 21
61, 306, 250, 83
61, 468, 250, 49
61, 500, 250, 41
61, 374, 250, 37
61, 311, 250, 67
61, 53, 250, 10
61, 89, 250, 31
61, 181, 250, 26
61, 190, 250, 46
61, 256, 251, 51
61, 519, 251, 63
61, 520, 251, 71
61, 146, 251, 24
61, 284, 251, 81
61, 288, 251, 91
61, 546, 251, 70
61, 167, 251, 25
61, 553, 251, 25
61, 558, 251, 47
61, 55, 251, 46
61, 442, 251, 88
61, 320, 251, 82
61, 67, 251, 26
61, 195, 251, 36
61, 328, 251, 97
61, 90, 251, 10
61, 351, 251, 16
61, 237, 251, 16
61, 225, 252, 20
61, 68, 252, 86
61, 359, 252, 40
61, 203, 252, 57
61, 333, 252, 56
61, 525, 252, 24
61, 537, 252, 19
61, 144, 252, 26
61, 341, 252, 74
61, 438, 252, 48
61, 247, 252, 40
61, 568, 252, 32
61, 313, 252, 17
61, 253, 252, 55
61, 416, 253, 73
61, 387, 253, 92
61, 329, 253, 90
61, 13, 253, 13
61, 206, 253, 62
61, 496, 253, 24
61, 184, 253, 87
61, 185, 253, 3
61, 24, 253, 59
61, 227, 254, 26
61, 139, 254, 74
61, 302, 254, 15
61, 462, 254, 78
61, 208, 254, 51
61, 336, 254, 78
61, 20, 254, 69
61, 182, 254, 86
61, 1, 255, 68
61, 65, 255, 43
61, 100, 255, 49
61, 328, 255, 97
61, 398, 255, 42
61, 440, 255, 64
61, 200, 256, 51
61, 297, 256, 96
61, 274, 256, 55
61, 83, 256, 72
61, 380, 256, 72
61, 352, 257, 37
61, 516, 257, 53
61, 585, 257, 79
61, 470, 257, 26
61, 440, 257, 64
61, 508, 257, 6
61, 317, 257, 2
61, 64, 258, 12
61, 550, 258, 32
61, 6, 258, 35
61, 440, 258, 64
61, 20, 258, 69
61, 152, 258, 31
61, 379, 258, 12
61, 577, 259, 42
61, 226, 259, 75
61, 518, 259, 78
61, 359, 259, 40
61, 360, 259, 48
61, 134, 259, 12
61, 281, 259, 21
61, 187, 259, 36
61, 207, 259, 77
61, 272, 259, 94
61, 559, 259, 1
61, 498, 259, 33
61, 563, 259, 28
61, 375, 259, 31
61, 440, 259, 64
61, 313, 259, 17
61, 155, 259, 97
61, 414, 259, 4
61, 130, 260, 23
61, 393, 260, 24
61, 138, 260, 8
61, 268, 260, 14
61, 396, 260, 36
61, 152, 260, 31
61, 25, 260, 20
61, 31, 260, 69
61, 551, 260, 53
61, 307, 260, 51
61, 180, 260, 44
61, 198, 260, 71
61, 332, 260, 52
61, 467, 260, 74
61, 597, 260, 81
61, 348, 260, 93
61, 100, 260, 49
61, 231, 260, 83
61, 104, 260, 86
61, 493, 260, 33
61, 241, 260, 68
61, 374, 260, 37
61, 123, 260, 16
61, 382, 260, 26
61, 96, 261, 54
61, 33, 261, 8
61, 579, 261, 5
61, 299, 261, 83
61, 591, 261, 55
61, 159, 261, 74
61, 32, 262, 76
61, 161, 262, 21
61, 482, 262, 73
61, 162, 262, 70
61, 248, 262, 28
61, 263, 262, 48
61, 200, 262, 51
61, 236, 262, 98
61, 399, 262, 86
61, 367, 262, 1
61, 112, 262, 91
61, 113, 262, 81
61, 271, 262, 38
61, 310, 262, 14
61, 120, 262, 17
61, 414, 262, 4
61, 131, 263, 1
61, 529, 263, 77
61, 408, 263, 60
61, 412, 263, 76
61, 418, 263, 37
61, 166, 263, 74
61, 59, 263, 90
61, 445, 263, 56
61, 66, 263, 90
61, 586, 263, 29
61, 331, 263, 99
61, 481, 263, 29
61, 354, 263, 82
61, 233, 263, 57
61, 364, 263, 61
61, 494, 263, 36
61, 126, 263, 31
61, 251, 263, 91
61, 510, 263, 73
61, 511, 263, 3
61, 323, 264, 45
61, 200, 264, 51
61, 142, 264, 98
61, 270, 264, 20
61, 376, 264, 85
61, 377, 264, 75
61, 91, 264, 69
61, 450, 265, 47
61, 163, 265, 69
61, 549, 265, 5
61, 558, 265, 47
61, 366, 265, 47
61, 82, 265, 75
61, 508, 265, 6
61, 29, 265, 57
61, 260, 266, 7
61, 263, 266, 48
61, 395, 266, 53
61, 399, 266, 86
61, 535, 266, 17
61, 411, 266, 35
61, 155, 266, 97
61, 159, 266, 74
61, 566, 266, 81
61, 184, 266, 87
61, 322, 266, 26
61, 341, 266, 74
61, 87, 266, 46
61, 474, 266, 99
61, 219, 266, 58
61, 95, 266, 25
61, 358, 266, 43
61, 504, 266, 88
61, 127, 266, 85
61, 386, 267, 65
61, 139, 267, 74
61, 398, 267, 42
61, 150, 267, 32
61, 30, 267, 8
61, 416, 267, 73
61, 34, 267, 94
61, 421, 267, 71
61, 554, 267, 11
61, 304, 267, 41
61, 562, 267, 53
61, 448, 267, 15
61, 67, 267, 26
61, 220, 267, 18
61, 476, 267, 73
61, 96, 267, 54
61, 486, 267, 2
61, 488, 267, 14
61, 106, 267, 18
61, 112, 267, 91
61, 496, 267, 24
61, 374, 267, 37
61, 480, 268, 13
61, 580, 268, 15
61, 485, 268, 5
61, 361, 268, 33
61, 489, 268, 19
61, 107, 268, 58
61, 556, 268, 81
61, 266, 268, 27
61, 108, 268, 63
61, 205, 268, 18
61, 401, 268, 16
61, 113, 268, 81
61, 436, 268, 44
61, 316, 268, 77
61, 313, 268, 17
61, 508, 268, 6
61, 478, 268, 18
61, 415, 268, 53
61, 102, 269, 8
61, 425, 269, 71
61, 587, 269, 73
61, 365, 269, 43
61, 410, 269, 32
61, 111, 269, 18
61, 23, 269, 56
61, 538, 269, 93
61, 415, 269, 53
61, 518, 270, 78
61, 263, 270, 48
61, 267, 270, 40
61, 141, 270, 46
61, 398, 270, 42
61, 402, 270, 1
61, 531, 270, 27
61, 534, 270, 82
61, 543, 270, 65
61, 162, 270, 70
61, 165, 270, 19
61, 422, 270, 30
61, 175, 270, 23
61, 564, 270, 11
61, 52, 270, 53
61, 191, 270, 34
61, 580, 270, 15
61, 201, 270, 39
61, 338, 270, 90
61, 345, 270, 41
61, 222, 270, 66
61, 355, 270, 76
61, 229, 270, 52
61, 365, 270, 43
61, 249, 270, 60
61, 416, 271, 73
61, 422, 271, 30
61, 294, 271, 86
61, 360, 271, 48
61, 489, 271, 19
61, 42, 271, 68
61, 270, 271, 20
61, 207, 271, 77
61, 113, 271, 81
61, 276, 271, 21
61, 534, 271, 82
61, 344, 271, 4
61, 377, 271, 75
61, 250, 271, 31
61, 27, 271, 41
61, 284, 271, 81
61, 412, 271, 76
61, 263, 272, 48
61, 410, 272, 32
61, 161, 272, 21
61, 34, 272, 94
61, 292, 272, 31
61, 550, 272, 32
61, 295, 272, 13
61, 298, 272, 58
61, 428, 272, 100
61, 177, 272, 44
61, 433, 272, 100
61, 180, 272, 44
61, 581, 272, 41
61, 76, 272, 44
61, 599, 272, 6
61, 97, 272, 82
61, 487, 272, 91
61, 103, 272, 51
61, 232, 272, 68
61, 497, 272, 21
61, 374, 272, 37
61, 375, 272, 31
61, 511, 272, 3
61, 98, 273, 83
61, 584, 273, 51
61, 330, 273, 25
61, 500, 273, 41
61, 502, 273, 64
61, 376, 273, 85
61, 91, 273, 69
61, 94, 273, 8
61, 517, 274, 87
61, 395, 274, 53
61, 396, 274, 36
61, 13, 274, 13
61, 273, 274, 92
61, 18, 274, 27
61, 541, 274, 53
61, 547, 274, 47
61, 294, 274, 86
61, 301, 274, 96
61, 431, 274, 22
61, 311, 274, 67
61, 185, 274, 3
61, 191, 274, 34
61, 579, 274, 5
61, 327, 274, 14
61, 591, 274, 55
61, 595, 274, 77
61, 212, 274, 3
61, 86, 274, 95
61, 92, 274, 72
61, 222, 274, 66
61, 226, 274, 75
61, 358, 274, 43
61, 245, 274, 98
61, 64, 275, 12
61, 97, 275, 82
61, 133, 275, 58
61, 523, 275, 68
61, 251, 275, 91
61, 466, 275, 74
61, 211, 275, 1
61, 307, 275, 51
61, 310, 275, 14
61, 119, 275, 4
61, 152, 275, 31
61, 539, 275, 22
61, 155, 275, 97
61, 29, 275, 57
61, 385, 276, 90
61, 68, 276, 86
61, 549, 276, 5
61, 264, 276, 80
61, 200, 276, 51
61, 77, 276, 32
61, 596, 276, 4
61, 377, 276, 75
61, 352, 277, 37
61, 255, 277, 92
61, 452, 277, 89
61, 131, 277, 1
61, 134, 277, 12
61, 7, 277, 59
61, 234, 277, 87
61, 331, 277, 99
61, 466, 277, 74
61, 404, 277, 19
61, 213, 277, 45
61, 342, 277, 91
61, 502, 277, 64
61, 475, 277, 63
61, 446, 277, 3
61, 575, 277, 85
61, 32, 278, 76
61, 192, 278, 60
61, 518, 278, 78
61, 456, 278, 71
61, 73, 278, 31
61, 488, 278, 14
61, 521, 278, 21
61, 116, 278, 93
61, 535, 278, 17
61, 569, 278, 19
61, 574, 278, 54
61, 319, 278, 19
61, 515, 279, 28
61, 355, 279, 76
61, 70, 279, 14
61, 103, 279, 51
61, 265, 279, 85
61, 41, 279, 70
61, 556, 279, 81
61, 557, 279, 86
61, 219, 279, 58
61, 463, 279, 72
61, 243, 279, 84
61, 507, 279, 84
61, 572, 279, 85
61, 383, 279, 1
61, 263, 280, 48
61, 268, 280, 14
61, 524, 280, 62
61, 12, 280, 95
61, 271, 280, 38
61, 20, 280, 69
61, 532, 280, 22
61, 150, 280, 32
61, 277, 280, 45
61, 416, 280, 73
61, 34, 280, 94
61, 38, 280, 52
61, 423, 280, 98
61, 52, 280, 53
61, 203, 280, 57
61, 472, 280, 99
61, 95, 280, 25
61, 360, 280, 48
61, 110, 280, 1
61, 376, 280, 85
61, 505, 280, 19
61, 250, 280, 31
61, 384, 281, 8
61, 513, 281, 17
61, 455, 281, 85
61, 203, 281, 57
61, 428, 281, 100
61, 496, 281, 24
61, 405, 281, 70
61, 247, 281, 40
61, 280, 281, 21
61, 154, 281, 2
61, 444, 281, 14
61, 509, 281, 92
61, 286, 281, 15
61, 128, 282, 25
61, 388, 282, 12
61, 391, 282, 4
61, 10, 282, 86
61, 278, 282, 44
61, 153, 282, 68
61, 157, 282, 57
61, 31, 282, 69
61, 296, 282, 45
61, 299, 282, 83
61, 309, 282, 3
61, 59, 282, 90
61, 337, 282, 47
61, 467, 282, 74
61, 89, 282, 31
61, 350, 282, 67
61, 104, 282, 86
61, 506, 282, 95
61, 124, 282, 11
61, 448, 283, 15
61, 385, 283, 90
61, 567, 283, 9
61, 476, 283, 73
61, 329, 283, 90
61, 331, 283, 99
61, 139, 283, 74
61, 334, 283, 58
61, 112, 283, 91
61, 565, 283, 86
61, 118, 283, 4
61, 213, 283, 45
61, 310, 283, 14
61, 250, 283, 31
61, 283, 283, 23
61, 156, 283, 96
61, 382, 283, 26
61, 543, 283, 65
61, 576, 284, 13
61, 417, 284, 72
61, 578, 284, 90
61, 37, 284, 17
61, 269, 284, 52
61, 493, 284, 33
61, 466, 284, 74
61, 244, 284, 9
61, 534, 284, 82
61, 87, 284, 46
61, 312, 284, 38
61, 542, 284, 6
61, 513, 285, 17
61, 195, 285, 36
61, 4, 285, 66
61, 72, 285, 30
61, 139, 285, 74
61, 172, 285, 100
61, 16, 285, 33
61, 84, 285, 12
61, 440, 285, 64
61, 447, 285, 77
61, 353, 286, 8
61, 325, 286, 13
61, 593, 286, 94
61, 402, 286, 1
61, 20, 286, 69
61, 500, 286, 41
61, 214, 286, 44
61, 535, 286, 17
61, 568, 286, 32
61, 347, 286, 48
61, 383, 286, 1
61, 128, 287, 25
61, 129, 287, 61
61, 515, 287, 28
61, 3, 287, 6
61, 262, 287, 6
61, 142, 287, 98
61, 143, 287, 97
61, 528, 287, 89
61, 29, 287, 57
61, 58, 287, 79
61, 447, 287, 77
61, 65, 287, 43
61, 450, 287, 47
61, 69, 287, 65
61, 329, 287, 90
61, 81, 287, 40
61, 338, 287, 90
61, 467, 287, 74
61, 87, 287, 46
61, 217, 287, 8
61, 477, 287, 58
61, 355, 287, 76
61, 496, 287, 24
61, 117, 287, 46
61, 253, 287, 55
61, 196, 288, 92
61, 520, 288, 71
61, 426, 288, 67
61, 176, 288, 29
61, 51, 288, 28
61, 24, 288, 59
61, 539, 288, 22
61, 160, 289, 2
61, 452, 289, 89
61, 4, 289, 66
61, 42, 289, 68
61, 234, 289, 87
61, 592, 289, 85
61, 241, 289, 68
61, 119, 289, 4
61, 192, 290, 60
61, 135, 290, 73
61, 167, 290, 25
61, 19, 290, 80
61, 279, 290, 68
61, 28, 290, 69
61, 450, 291, 47
61, 196, 291, 92
61, 197, 291, 29
61, 377, 291, 75
61, 271, 291, 38
61, 114, 291, 95
61, 308, 291, 71
61, 153, 291, 68
61, 189, 291, 65
61, 35, 292, 40
61, 442, 292, 88
61, 403, 292, 20
61, 21, 292, 97
61, 373, 292, 47
61, 182, 292, 86
61, 280, 292, 21
61, 538, 292, 93
61, 540, 292, 45
61, 512, 293, 91
61, 133, 293, 58
61, 265, 293, 85
61, 112, 293, 91
61, 147, 293, 87
61, 532, 293, 22
61, 181, 293, 26
61, 505, 293, 19
61, 381, 293, 74
61, 8, 294, 55
61, 394, 294, 38
61, 525, 294, 24
61, 23, 294, 56
61, 153, 294, 68
61, 548, 294, 100
61, 171, 294, 20
61, 46, 294, 35
61, 564, 294, 11
61, 565, 294, 86
61, 312, 294, 38
61, 184, 294, 87
61, 188, 294, 1
61, 63, 294, 40
61, 203, 294, 57
61, 468, 294, 49
61, 215, 294, 5
61, 478, 294, 18
61, 96, 294, 54
61, 101, 294, 30
61, 486, 294, 2
61, 232, 294, 68
61, 374, 294, 37
61, 121, 294, 81
61, 250, 294, 31
61, 513, 295, 17
61, 101, 295, 30
61, 136, 295, 52
61, 488, 295, 14
61, 277, 295, 45
61, 219, 295, 58
61, 224, 296, 48
61, 356, 296, 68
61, 487, 296, 91
61, 425, 296, 71
61, 524, 296, 62
61, 397, 296, 3
61, 590, 296, 29
61, 562, 296, 53
61, 531, 296, 27
61, 212, 296, 3
61, 150, 296, 32
61, 508, 296, 6
61, 223, 296, 76
61, 159, 297, 74
61, 481, 297, 29
61, 418, 297, 37
61, 514, 297, 77
61, 261, 297, 70
61, 518, 297, 78
61, 295, 297, 13
61, 46, 297, 35
61, 494, 297, 36
61, 305, 297, 21
61, 562, 297, 53
61, 148, 297, 82
61, 277, 297, 45
61, 346, 297, 63
61, 415, 297, 53
61, 514, 298, 77
61, 396, 298, 36
61, 526, 298, 56
61, 143, 298, 97
61, 158, 298, 11
61, 33, 298, 8
61, 34, 298, 94
61, 420, 298, 13
61, 39, 298, 4
61, 168, 298, 34
61, 555, 298, 44
61, 571, 298, 39
61, 60, 298, 79
61, 447, 298, 77
61, 320, 298, 82
61, 580, 298, 15
61, 196, 298, 92
61, 80, 298, 17
61, 337, 298, 47
61, 92, 298, 72
61, 226, 298, 75
61, 122, 298, 3
61, 492, 298, 2
61, 110, 298, 1
61, 250, 298, 31
61, 517, 299, 87
61, 139, 299, 74
61, 17, 299, 10
61, 149, 299, 21
61, 285, 299, 68
61, 542, 299, 6
61, 288, 299, 91
61, 553, 299, 25
61, 432, 299, 65
61, 180, 299, 44
61, 439, 299, 24
61, 568, 299, 32
61, 442, 299, 88
61, 187, 299, 36
61, 209, 299, 19
61, 470, 299, 26
61, 88, 299, 63
61, 347, 299, 48
61, 221, 299, 84
61, 355, 299, 76
61, 486, 299, 2
61, 246, 299, 67
61, 121, 299, 81
61, 251, 299, 91
